1606485405.87	40000	1.000999	0.019	334476	7	-3.039999999999999
1606485406.41	160000	1.848675	0.0	14912671	358	40.0
1606485407.13	160000	2.149177	0.0	24265636	502	160.0
1606485407.69	160000	2.600766	0.0	22711544	427	160.0
1606485408.15	160000	3.169986	0.0	19639705	345	160.0
1606485408.63	160000	3.716349	0.0	20946809	350	160.0
1606485408.86	160000	4.482043	0.0	11895609	161	160.0
1606485409.01	160000	5.354112	0.0	7597636	101	160.0
1606485410.64	160000	4.819927	0.0	56067905	1151	160.0
1606485422.94	160000	1.253634	7.739	2863079	70	-1078.24
1606485422.95	160000	1.243716	0.0	2863079	70	160.0
1606485424.44	160000	1.388967	0.639	54798068	1218	57.760000000000005
1606485427.04	160000	1.387889	1.591	69464107	2189	-94.56
1606485428.13	160000	1.401931	0.105	50637608	810	143.2
1606485428.52	160000	2.01536	0.0	19559369	261	160.0
1606485428.95	160000	2.589464	0.0	22224402	287	160.0
1606485429.32	160000	3.209396	0.0	22578365	246	160.0
1606485429.47	160000	4.064945	0.0	8346702	90	160.0
1606485429.74	160000	4.798233	0.0	15775481	172	160.0
1606485429.91	160000	5.629331	0.0	9163235	112	160.0
1606485430.66	160000	5.877922	0.0	41307095	526	160.0
1606485433.21	160000	4.322395	0.0	28763893	2381	160.0
1606485434.87	160000	3.669347	0.0	21266416	1534	160.0
1606485435.72	160000	3.826887	0.0	23702229	691	160.0
1606485436.47	160000	4.069912	0.0	27580394	588	160.0
1606485437.01	160000	4.534898	0.0	20329780	401	160.0
1606485437.38	160000	5.16573	0.0	16109183	273	160.0
1606485438.53	160000	5.014804	0.0	58830800	804	160.0
1606485439.62	160000	4.927066	0.0	66935122	720	160.0
1606485439.87	160000	5.673645	0.0	15251076	161	160.0
1606485440.16	160000	6.382348	0.0	16574034	188	160.0
1606485440.39	160000	7.16021	0.0	13009028	148	160.0
1606485440.61	160000	7.936187	0.0	12791674	138	160.0
1606485440.81	160000	8.744008	0.0	11137898	127	160.0
1606485441.01	160000	9.54019	0.0	11485310	136	160.0
1606485441.23	160000	10.323106	0.0	12428518	150	160.0
1606485441.41	160000	11.138786	0.0	9963766	119	160.0
1606485441.63	160000	11.922998	0.0	12189364	146	160.0
1606485441.81	160000	12.741246	0.0	10142396	122	160.0
1606485441.99	160000	13.567623	0.0	10185488	113	160.0
1606485442.23	160000	14.327193	0.0	14061455	150	160.0
1606485442.56	160000	14.992733	0.0	20074099	215	160.0
1606485443.32	160000	15.239253	0.0	46115254	479	160.0
1606485443.97	160000	15.5874	0.0	40906522	407	160.0
1606485444.12	160000	16.443311	0.0	7891151	90	160.0
1606485444.47	160000	17.087584	0.0	21012466	231	160.0
1606485444.86	160000	17.69925	0.0	23519424	259	160.0
1606485445.8	160000	17.766357	0.0	18715420	824	160.0
1606485447.5	160000	17.062478	0.0	17000816	1602	160.0
1606485448.86	160000	16.707352	0.0	14448126	1270	160.0
1606485449.48	160000	17.089805	0.0	6958676	571	160.0
1606485450.26	160000	17.309509	0.0	9088791	725	160.0
1606485450.56	80000	18.007984	0.0	3468038	268	0.0
1606485450.67	80000	18.897509	0.0	1235756	94	80.0
1606485450.76	80000	19.805738	0.0	1010776	77	80.0
1606485451.21	80000	20.3599	0.0	4682485	414	80.0
1606485451.79	80000	20.782287	0.0	5642819	541	80.0
1606485452.3	80000	21.277721	0.0	5815666	465	80.0
1606485452.93	80000	21.647912	0.0	7667415	582	80.0
1606485453.44	80000	22.130811	0.0	6118130	478	80.0
1606485453.88	80000	22.697343	0.0	5098216	398	80.0
1606485454.46	80000	23.11741	0.0	5982646	540	80.0
1606485455.09	80000	23.484573	0.0	6905077	588	80.0
1606485455.63	80000	23.953467	0.0	7258180	485	80.0
1606485456.07	80000	24.505794	0.0	5903236	409	80.0
1606485456.58	80000	24.998563	0.0	5922485	466	80.0
1606485457.13	80000	25.457274	0.0	6487715	497	80.0
1606485457.94	80000	25.645511	0.0	10395993	749	80.0
1606485458.94	80000	25.642997	0.0	12476436	921	80.0
1606485459.84	80000	25.745832	0.0	10883852	832	80.0
1606485460.9	80000	25.691107	0.0	13889966	978	80.0
1606485462.09	80000	25.493389	0.0	12943936	1124	80.0
1606485462.71	80000	25.87832	0.0	8355811	563	80.0
1606485463.33	80000	26.254256	0.0	7699623	575	80.0
1606485464.1	80000	26.48579	0.0	8697196	707	80.0
1606485464.75	80000	26.840546	0.0	8539884	589	80.0
1606485465.61	80000	26.981538	0.0	10111273	800	80.0
1606485468.67	80000	24.92245	0.0	34025057	2881	80.0
1606485469.37	80000	25.225027	0.0	8652970	645	80.0
1606485470.51	80000	25.080929	0.0	12877164	1068	80.0
1606485471.52	80000	25.071929	0.0	11975956	942	80.0
1606485472.02	80000	25.581559	0.0	6280571	448	80.0
1606485472.58	80000	26.021006	0.0	6681274	515	80.0
1606485473.15	80000	26.444942	0.0	7178853	529	80.0
1606485473.58	80000	27.016844	0.0	6803527	384	80.0
1606485474.03	80000	27.570092	0.0	7120614	401	80.0
1606485474.45	110000	28.154618	0.0	10023423	340	80.0
1606485474.8	110000	28.800234	0.0	8908280	301	110.0
1606485474.81	160000	28.791049	0.0	8908280	301	110.0
1606485475.31	160000	29.291375	0.0	13909605	426	160.0
1606485475.75	160000	29.852469	0.0	13301968	364	160.0
1606485476.33	160000	30.281659	0.0	19025846	464	160.0
1606485476.84	160000	30.77017	0.0	19295426	387	160.0
1606485477.31	160000	31.301712	0.0	18261873	365	160.0
1606485477.82	160000	31.786809	0.0	19847604	403	160.0
1606485478.34	160000	32.274107	0.0	18767181	402	160.0
1606485478.99	160000	32.622721	0.0	22420858	527	160.0
1606485479.48	160000	33.134395	0.0	19324333	378	160.0
1606485479.98	160000	33.637415	0.0	20392234	378	160.0
1606485480.16	160000	34.449774	0.0	7671072	139	160.0
1606485480.57	160000	35.049675	0.0	17781906	301	160.0
1606485480.86	160000	35.761436	0.0	12839336	218	160.0
1606485481.1	160000	36.515707	0.0	10779770	182	160.0
1606485481.44	160000	37.176476	0.0	14606687	257	160.0
1606485482.39	160000	37.228952	0.0	41866951	730	160.0
1606485483.19	160000	37.4258	0.0	37238410	596	160.0
1606485483.52	160000	38.103134	0.0	14347759	233	160.0
1606485483.77	160000	38.85217	0.0	11399187	185	160.0
1606485484.0	160000	39.619295	0.0	10358641	168	160.0
1606485484.3	160000	40.326353	0.0	14315696	214	160.0
1606485484.75	160000	40.872119	0.0	23283631	325	160.0
1606485485.49	160000	41.139518	0.0	37521367	514	160.0
1606485485.91	160000	41.712983	0.0	22241104	291	160.0
1606485486.22	160000	42.407578	0.0	15813346	207	160.0
1606485486.58	160000	43.054128	0.0	17116450	253	160.0
1606485486.98	160000	43.653952	0.0	18867054	293	160.0
1606485487.31	160000	44.32172	0.0	17393609	236	160.0
1606485487.74	160000	44.893611	0.0	24759401	291	160.0
1606485488.19	160000	45.448291	0.0	25782433	304	160.0
1606485488.63	160000	46.004956	0.0	25885372	286	160.0
1606485489.07	160000	46.570524	0.0	26242011	289	160.0
1606485489.49	160000	47.149029	0.0	23865378	263	160.0
1606485489.93	160000	47.711896	0.0	25470681	282	160.0
1606485490.39	160000	48.24415	0.0	27258768	304	160.0
1606485490.7	160000	48.938643	0.0	17853711	203	160.0
1606485490.95	160000	49.686915	0.0	14829893	168	160.0
1606485491.45	160000	50.191002	0.0	27779697	331	160.0
1606485491.96	160000	50.681972	0.0	27714923	353	160.0
1606485492.42	160000	51.225758	0.0	25946474	304	160.0
1606485492.73	160000	51.909615	0.0	19596259	197	160.0
1606485493.12	160000	52.528176	0.0	23774167	244	160.0
1606485493.43	160000	53.218704	0.0	19373656	192	160.0
1606485493.8	160000	53.848199	0.0	23977420	242	160.0
1606485494.18	160000	54.467455	0.0	24493733	248	160.0
1606485494.39	160000	55.258575	0.0	14528511	126	160.0
1606485494.64	160000	56.015339	0.0	16841176	146	160.0
1606485494.88	160000	56.773321	0.0	16743604	146	160.0
1606485495.14	160000	57.507612	0.0	17975224	156	160.0
1606485495.46	160000	58.193145	0.0	22329548	190	160.0
1606485495.69	160000	58.966496	0.0	16001583	135	160.0
1606485495.94	160000	59.710805	0.0	18238584	153	160.0
1606485496.76	160000	59.961793	0.0	21308824	178	160.0
1606485498.02	160000	59.712785	0.0	17749058	156	160.0
1606485498.74	160000	59.963771	0.0	14127787	140	160.0
1606485499.99	160000	59.714786	0.0	17525699	149	160.0
1606485500.7	160000	59.965774	0.0	14240042	133	160.0
1606485501.98	160000	59.716781	0.0	20324139	161	160.0
1606485502.8	160000	59.967782	0.0	21993033	191	160.0
1606485504.18	160000	59.718776	0.0	18863108	270	160.0
1606485504.94	160000	59.96977	0.0	15964734	158	160.0
1606485506.08	160000	59.720783	0.0	8284939	90	160.0
1606485506.75	160000	59.971777	0.0	9004706	111	160.0
1606485507.87	160000	59.972783	0.0	6955279	80	160.0
1606485509.07	160000	59.723787	0.0	10701639	130	160.0
1606485509.78	160000	59.974776	0.0	9459459	154	160.0
1606485510.86	160000	59.975776	0.0	3212828	50	160.0
1606485511.94	160000	59.726789	0.0	2509989	58	160.0
1606485512.78	160000	59.977784	0.0	2004927	313	160.0
1606485513.11	40000	1.000999	0.023	337339	3	-3.6799999999999997
1606485514.55	160000	1.366331	0.467	14912671	1316	-34.72
1606485519.09	80000	1.452674	3.6	22644885	4368	-576.0
1606485530.22	60000	59.813317	0.412	1702477	45	-25.92
1606485530.24	160000	59.74274	0.0	1702477	45	60.0
1606485531.27	160000	59.814389	0.0	16546531	425	160.0
1606485532.23	160000	59.815402	0.0	17718949	346	160.0
1606485533.14	160000	59.992166	0.0	17337137	299	160.0
1606485534.6	160000	59.567366	0.0	20008245	336	160.0
1606485536.02	160000	58.961328	0.0	58430914	825	160.0
1606485536.42	160000	59.560342	0.0	16292703	289	160.0
1606485537.41	160000	59.570352	0.0	25587422	349	160.0
1606485538.36	160000	59.821377	0.0	23982306	317	160.0
1606485539.63	160000	59.572357	0.0	13347845	182	160.0
1606485540.41	160000	59.823348	0.0	14337991	194	160.0
1606485541.16	160000	59.824389	0.0	14584990	176	160.0
1606485542.41	160000	59.575395	0.0	13962401	164	160.0
1606485543.19	160000	59.826358	0.0	14393788	195	160.0
1606485544.47	160000	59.577336	0.0	14649457	200	160.0
1606485545.35	160000	59.828364	0.0	13409715	298	160.0
1606485546.19	160000	59.829388	0.0	13909605	254	160.0
1606485547.47	160000	59.580376	0.0	13301968	207	160.0
1606485548.4	160000	59.831354	0.0	19025846	304	160.0
1606485549.32	160000	59.832396	0.0	19295426	316	160.0
1606485550.24	160000	59.833382	0.0	18261873	313	160.0
1606485551.21	160000	59.834371	0.0	19847604	350	160.0
1606485552.65	160000	59.585345	0.0	18767181	321	160.0
1606485570.43	160000	59.60333	0.0	2318501	56	160.0
