1606483443.44	40000	1.000999	0.046	334476	6	-7.359999999999999
1606483443.79	160000	1.947888	0.0	14912671	168	40.0
1606483444.28	160000	2.562477	0.0	24265636	278	160.0
1606483444.64	160000	3.204742	0.0	22711544	212	160.0
1606483444.95	160000	3.90097	0.0	19639705	184	160.0
1606483445.27	160000	4.580994	0.0	20946809	197	160.0
1606483445.64	160000	5.240438	0.0	11895609	295	160.0
1606483445.87	160000	6.006132	0.0	7597636	188	160.0
1606483449.63	160000	3.372095	0.0	56067905	3288	160.0
1606483450.54	160000	3.464312	0.0	45444680	661	160.0
1606483453.64	160000	1.485316	0.125	54798068	2790	140.0
1606483464.21	160000	16.651636	0.717	5198830	80	45.28
1606483464.22	160000	16.641109	0.0	5198830	80	160.0
1606483464.48	160000	17.388059	0.0	12189364	185	160.0
1606483464.7	160000	18.166513	0.0	10142396	157	160.0
1606483464.91	160000	18.951391	0.0	10185488	154	160.0
1606483465.2	160000	19.665533	0.0	14061455	210	160.0
1606483465.61	160000	20.260282	0.0	20074099	289	160.0
1606483466.51	160000	20.363813	0.0	46115254	651	160.0
1606483467.28	160000	20.591539	0.0	40906522	551	160.0
1606483467.43	160000	21.438411	0.0	7891151	106	160.0
1606483467.84	160000	22.027054	0.0	21012466	283	160.0
1606483468.29	160000	22.582872	0.0	23519424	317	160.0
1606483468.65	160000	23.222317	0.0	18715420	251	160.0
1606483468.98	160000	23.897861	0.0	17000816	227	160.0
1606483469.25	160000	24.625949	0.0	14448126	193	160.0
1606483469.39	160000	25.485048	0.0	6958676	93	160.0
1606483469.57	160000	26.307935	0.0	9088791	123	160.0
1606483469.71	160000	27.169856	0.0	7211881	96	160.0
1606483469.77	160000	28.105127	0.0	3063586	41	160.0
1606483469.83	160000	29.044505	0.0	2782179	38	160.0
1606483470.03	160000	29.853307	0.0	9958410	134	160.0
1606483470.26	160000	30.620965	0.0	12158708	163	160.0
1606483470.51	160000	31.377473	0.0	12300216	172	160.0
1606483470.84	160000	32.052973	0.0	15815684	232	160.0
1606483471.12	160000	32.77043	0.0	13526256	197	160.0
1606483471.36	160000	33.522763	0.0	11995130	176	160.0
1606483471.62	160000	34.271394	0.0	13394791	174	160.0
1606483471.88	160000	35.004878	0.0	14135828	184	160.0
1606483472.17	160000	35.7188	0.0	15366126	200	160.0
1606483472.44	160000	36.446655	0.0	14248439	185	160.0
1606483472.71	160000	37.179637	0.0	13843717	190	160.0
1606483473.0	160000	37.891302	0.0	14665119	199	160.0
1606483473.42	160000	38.475786	0.0	21079187	289	160.0
1606483473.9	160000	38.994323	0.0	25480074	337	160.0
1606483474.34	160000	39.553216	0.0	23021754	304	160.0
1606483474.96	160000	39.938132	0.0	27527834	464	160.0
1606483475.54	160000	40.357926	0.0	26155848	434	160.0
1606483475.84	160000	41.061632	0.0	17849379	197	160.0
1606483476.13	160000	41.770402	0.0	16546531	187	160.0
1606483476.43	160000	42.472352	0.0	17718949	195	160.0
1606483476.7	160000	43.21002	0.0	17337137	166	160.0
1606483477.01	160000	43.896684	0.0	20008245	191	160.0
1606483477.92	160000	43.98684	0.0	58430914	533	160.0
1606483478.16	160000	44.742458	0.0	16292703	139	160.0
1606483478.51	160000	45.393538	0.0	25587422	209	160.0
1606483487.84	160000	37.064735	0.0	23982306	9188	160.0
1606483488.97	160000	36.941083	0.0	13347845	1046	160.0
1606483490.05	160000	36.858881	0.0	14337991	999	160.0
1606483491.47	160000	36.439915	0.0	14584990	1339	160.0
1606483492.53	160000	36.379335	0.0	13962401	982	160.0
1606483493.69	160000	36.223044	0.0	14393788	1075	160.0
1606483493.7	80000	36.213394	0.0	14393788	1075	0.0
1606483494.26	80000	36.65517	0.0	7243569	513	80.0
1606483494.77	80000	37.13949	0.0	6378767	473	80.0
1606483495.31	80000	37.602887	0.0	6369153	497	80.0
1606483495.88	80000	38.035982	0.0	6270064	526	80.0
1606483496.8	80000	38.115669	0.0	9600822	863	80.0
1606483497.84	80000	38.079253	0.0	10839240	976	80.0
1606483498.57	80000	38.346115	0.0	8798342	679	80.0
1606483499.36	80000	38.555592	0.0	9413866	734	80.0
1606483500.03	80000	38.889172	0.0	8818409	611	80.0
1606483500.91	80000	39.013132	0.0	10884020	812	80.0
1606483501.8	80000	39.123752	0.0	9684889	830	80.0
1606483502.58	80000	39.341739	0.0	10113016	722	80.0
1606483502.89	80000	40.034751	0.0	3986512	274	80.0
1606483503.55	80000	40.376316	0.0	8761637	605	80.0
1606483504.08	80000	40.847114	0.0	6255843	486	80.0
1606483504.53	80000	41.393047	0.0	5347529	417	80.0
1606483505.07	80000	41.86358	0.0	6979884	487	80.0
1606483506.83	80000	41.096184	0.0	22955881	1638	80.0
1606483508.33	80000	40.600896	0.0	19576633	1385	80.0
1606483508.93	80000	41.001206	0.0	6968696	555	80.0
1606483509.4	80000	41.536891	0.0	4651140	431	80.0
1606483509.77	80000	42.161609	0.0	3942750	344	80.0
1606483510.36	80000	42.572076	0.0	6587403	545	80.0
1606483511.42	80000	42.520648	0.0	12556616	978	80.0
1606483513.28	80000	41.6608	0.0	21334076	1742	80.0
1606483514.27	80000	41.667454	0.0	12161730	924	80.0
1606483514.94	80000	41.996546	0.0	8326048	619	80.0
1606483515.63	80000	42.309863	0.0	8972855	632	80.0
1606483516.52	80000	42.425581	0.0	8446369	830	80.0
1606483517.11	80000	42.835661	0.0	7511410	537	80.0
1606483518.14	80000	42.804224	0.0	12247427	962	80.0
1606483519.29	80000	42.655862	0.0	13038195	1078	80.0
1606483520.35	80000	42.594235	0.0	12229430	991	80.0
1606483521.34	80000	42.606311	0.0	12704190	915	80.0
1606483522.31	80000	42.632916	0.0	12007698	900	80.0
1606483523.52	80000	42.426234	0.0	12501375	1132	80.0
1606483524.62	80000	42.329257	0.0	13457876	1021	80.0
1606483525.35	80000	42.599743	0.0	8587729	677	80.0
1606483525.8	80000	43.149027	0.0	7067075	408	80.0
1606483526.25	80000	43.710856	0.0	13578682	364	80.0
1606483526.83	110000	44.120834	0.0	19028716	471	80.0
1606483526.84	160000	44.111957	0.0	19028716	471	110.0
1606483527.33	160000	44.62657	0.0	25946474	350	160.0
1606483527.7	160000	45.254377	0.0	19596259	265	160.0
1606483528.1	160000	45.85514	0.0	23774167	268	160.0
1606483528.43	160000	46.529402	0.0	19373656	217	160.0
1606483528.82	160000	47.133992	0.0	23977420	269	160.0
1606483529.21	160000	47.748018	0.0	24493733	255	160.0
1606483529.45	160000	48.510747	0.0	14528511	156	160.0
1606483529.72	160000	49.240204	0.0	16841176	176	160.0
1606483531.1	160000	48.86057	0.0	16743604	1280	160.0
1606483542.06	160000	49.913705	0.0	6322575	499	160.0
1606483542.07	80000	49.905025	0.0	6322575	499	0.0
1606483542.84	80000	50.134317	0.0	7562882	726	80.0
1606483543.53	80000	50.441786	0.0	3563377	658	80.0
1606483546.94	80000	48.034289	0.0	4074589	3369	80.0
1606483546.95	60000	48.025802	0.0	4074589	3369	40.0
1606483547.07	40000	48.90558	0.0	1471940	98	20.0
1606483547.23	40000	49.746964	0.0	2079411	140	40.0
1606483547.36	40000	50.61748	0.0	1669374	111	40.0
1606483547.37	60000	50.609891	0.0	1669374	111	40.0
1606483547.37	110000	50.602722	0.0	1669374	111	60.0
1606483547.56	110000	51.421083	0.0	2410559	161	110.0
1606483547.71	110000	52.27163	0.0	1922862	128	110.0
1606483547.8	110000	53.180587	0.0	1128453	75	110.0
1606483547.86	110000	54.126119	0.0	517365	41	110.0
1606483547.86	80000	54.118611	0.0	517365	41	50.0
1606483547.96	80000	55.462286	0.0	803570	75	80.0
