1629493306.68	40000	1.000999	0.037	334476	25	-5.920000000000002
1629493307.7	20000	1.402991	0.144	11007815	895	-23.04
1629493308.36	20000	1.750198	0.0	8849724	606	20.0
1629493308.61	20000	2.52629	0.0	3191121	218	20.0
1629493308.76	20000	3.388265	0.0	1661718	120	20.0
1629493308.88	20000	4.26138	0.0	1315024	96	20.0
1629493309.22	60000	4.944766	0.0	4014386	296	20.0
1629493309.86	160000	5.303234	0.0	7597636	586	60.0
1629493311.43	60000	4.736054	0.0	17832465	1438	-40.0
1629493312.36	60000	4.811503	0.0	9877442	866	60.0
1629493313.28	60000	4.891982	0.0	10988410	855	60.0
1629493313.74	20000	5.427255	0.0	5571764	419	-20.0
1629493314.24	20000	5.929568	0.0	4925652	456	20.0
1629493314.79	60000	6.378683	0.0	5612759	507	20.0
1629493315.4	60000	6.772501	0.0	6789212	561	60.0
1629493315.99	60000	7.182909	0.0	7016601	542	60.0
1629493316.66	160000	7.517099	0.0	8346702	611	60.0
1629493317.89	160000	7.290961	0.0	15775481	1146	160.0
1629493318.61	160000	7.569746	0.0	9163235	666	160.0
1629493319.62	60000	7.554002	0.0	15945082	919	-40.0
1629493320.27	60000	7.912382	0.0	11785554	579	60.0
1629493321.27	160000	7.914242	0.0	21266416	877	60.0
1629493324.54	160000	5.643962	0.0	23702229	3094	160.0
1629493326.64	160000	4.545718	0.0	27580394	1968	160.0
1629493327.35	160000	4.835323	0.0	20329780	593	160.0
1629493327.87	160000	5.318459	0.0	16109183	414	160.0
1629493328.52	60000	5.659591	0.0	27018238	510	-40.0
1629493329.22	60000	5.970789	0.0	29587565	538	60.0
1629493329.59	160000	6.597351	0.0	15251076	276	60.0
1629493330.0	160000	7.190344	0.0	16574034	324	160.0
1629493330.35	160000	7.842891	0.0	13009028	280	160.0
1629493330.68	160000	8.509785	0.0	12791674	264	160.0
1629493330.94	160000	9.246802	0.0	11137898	186	160.0
1629493331.19	160000	10.003385	0.0	11485310	180	160.0
1629493331.45	160000	10.738195	0.0	12428518	194	160.0
1629493331.67	160000	11.527969	0.0	9963766	156	160.0
1629493332.12	160000	12.069734	0.0	12189364	395	160.0
1629493332.62	160000	12.580836	0.0	10142396	422	160.0
1629493336.63	160000	9.568435	0.0	10185488	3942	160.0
1629493337.74	160000	9.45948	0.0	14061455	1033	160.0
1629493339.23	160000	8.970362	0.0	20074099	1376	160.0
1629493343.1	160000	6.099992	0.0	46115254	3532	160.0
1629493346.21	160000	3.990169	0.0	40906522	2891	160.0
1629493346.92	160000	4.277822	0.0	7891151	663	160.0
1629493348.5	160000	3.704069	0.0	21012466	1450	160.0
1629493350.67	160000	2.538467	0.0	23519424	2020	160.0
1629493351.41	160000	2.799349	0.0	18715420	630	160.0
1629493351.94	160000	3.261053	0.0	17000816	445	160.0
1629493352.23	160000	3.98017	0.0	14448126	199	160.0
1629493352.37	160000	4.838832	0.0	6958676	93	160.0
1629493352.55	160000	5.661721	0.0	9088791	122	160.0
1629493352.69	160000	6.516268	0.0	7211881	97	160.0
1629493352.77	160000	7.443472	0.0	3063586	41	160.0
1629493352.83	160000	8.38052	0.0	2782179	38	160.0
1629493353.02	160000	9.195251	0.0	9958410	126	160.0
1629493353.24	160000	9.974016	0.0	12158708	154	160.0
1629493353.47	160000	10.748932	0.0	12300216	156	160.0
1629493353.76	160000	11.454275	0.0	15815684	207	160.0
1629493354.04	160000	12.17717	0.0	13526256	206	160.0
1629493354.31	160000	12.903449	0.0	11995130	206	160.0
1629493354.62	160000	13.593612	0.0	13394791	230	160.0
1629493354.98	160000	14.241289	0.0	14135828	277	160.0
1629493355.68	160000	14.541378	0.0	15366126	619	160.0
1629493356.34	160000	14.893656	0.0	14248439	569	160.0
1629493356.96	160000	15.260811	0.0	13843717	544	160.0
1629493357.58	160000	15.639972	0.0	14665119	547	160.0
1629493358.77	160000	15.458806	0.0	21079187	1050	160.0
1629493360.78	160000	14.442765	0.0	25480074	1866	160.0
1629493363.03	160000	13.196828	0.0	23021754	2131	160.0
1629493363.74	160000	13.484007	0.0	27527834	587	160.0
1629493364.17	160000	14.0571	0.0	26155848	306	160.0
1629493364.42	160000	14.811111	0.0	17849379	148	160.0
1629493364.65	160000	15.586763	0.0	16546531	138	160.0
1629493364.9	160000	16.331573	0.0	17718949	147	160.0
1629493365.17	160000	17.060955	0.0	17337137	171	160.0
1629493365.49	160000	17.743693	0.0	20008245	197	160.0
1629493366.4	160000	17.836223	0.0	58430914	569	160.0
1629493366.66	160000	18.579086	0.0	16292703	153	160.0
1629493367.02	160000	19.218992	0.0	25587422	240	160.0
1629493367.34	160000	19.899553	0.0	23982306	209	160.0
1629493367.54	160000	20.703389	0.0	13347845	117	160.0
1629493367.75	160000	21.499938	0.0	14337991	126	160.0
1629493367.95	160000	22.292466	0.0	14584990	127	160.0
1629493368.15	160000	23.089967	0.0	13962401	125	160.0
1629493368.36	160000	23.880512	0.0	14393788	132	160.0
1629493368.57	160000	24.672581	0.0	14649457	132	160.0
1629493368.76	160000	25.481956	0.0	13409715	121	160.0
1629493368.96	160000	26.283406	0.0	13909605	125	160.0
1629493369.17	160000	27.072158	0.0	13301968	138	160.0
1629493369.49	160000	27.755491	0.0	19025846	206	160.0
1629493369.8	160000	28.454687	0.0	19295426	200	160.0
1629493370.12	160000	29.124635	0.0	18261873	233	160.0
1629493370.58	160000	29.674922	0.0	19847604	340	160.0
1629493371.01	160000	30.242349	0.0	18767181	324	160.0
1629493371.36	160000	30.89129	0.0	22420858	233	160.0
1629493371.68	160000	31.57684	0.0	19324333	200	160.0
1629493371.99	160000	32.265233	0.0	20392234	213	160.0
1629493372.1	160000	33.152939	0.0	7671072	67	160.0
1629493372.36	160000	33.90109	0.0	17781906	151	160.0
1629493372.54	160000	34.717642	0.0	12839336	112	160.0
1629493372.7	160000	35.56045	0.0	10779770	94	160.0
1629493372.9	160000	36.354603	0.0	14606687	126	160.0
1629493373.48	160000	36.779553	0.0	41866951	376	160.0
1629493374.05	160000	37.21601	0.0	37238410	335	160.0
1629493374.24	160000	38.020508	0.0	14347759	114	160.0
1629493374.4	160000	38.868388	0.0	11399187	91	160.0
1629493374.54	160000	39.721348	0.0	10358641	83	160.0
1629493374.74	160000	40.526029	0.0	14315696	114	160.0
1629493375.07	160000	41.194917	0.0	23283631	186	160.0
1629493375.59	160000	41.673687	0.0	37521367	304	160.0
1629493375.88	160000	42.386197	0.0	22241104	181	160.0
1629493376.11	160000	43.155799	0.0	15813346	141	160.0
1629493376.35	160000	43.923594	0.0	17116450	139	160.0
1629493376.61	160000	44.662013	0.0	18867054	153	160.0
1629493376.84	160000	45.430093	0.0	17393609	141	160.0
1629493377.18	160000	46.093728	0.0	24759401	202	160.0
1629493377.55	160000	46.731218	0.0	25782433	221	160.0
1629493377.93	160000	47.347536	0.0	25885372	211	160.0
1629493378.31	160000	47.966521	0.0	26242011	235	160.0
1629493378.65	160000	48.625821	0.0	23865378	216	160.0
1629493378.99	160000	49.291666	0.0	25470681	219	160.0
1629493379.36	160000	49.918196	0.0	27258768	237	160.0
1629493379.61	160000	50.674745	0.0	17853711	155	160.0
1629493379.81	160000	51.473697	0.0	14829893	129	160.0
1629493380.46	160000	51.819577	0.0	27779697	507	160.0
1629493383.35	160000	49.935763	0.0	27714923	2727	160.0
1629493384.63	160000	49.651715	0.0	25946474	1129	160.0
1629493385.26	160000	50.025758	0.0	19596259	516	160.0
1629493385.73	160000	50.552411	0.0	23774167	349	160.0
1629493386.54	160000	50.751498	0.0	19373656	690	160.0
1629493389.73	160000	48.56067	0.0	23977420	3058	160.0
1629493391.28	160000	48.003814	0.0	24493733	1438	160.0
1629493391.54	160000	48.750203	0.0	14528511	177	160.0
1629493391.84	160000	49.454393	0.0	16841176	206	160.0
1629493392.13	160000	50.164806	0.0	16743604	199	160.0
1629493392.4	160000	50.89606	0.0	17975224	176	160.0
1629493392.74	160000	51.551381	0.0	22329548	209	160.0
1629493392.98	160000	52.311786	0.0	16001583	150	160.0
1629493393.26	160000	53.037629	0.0	18238584	168	160.0
1629493393.59	160000	53.706453	0.0	21308824	196	160.0
1629493393.85	160000	54.444724	0.0	17749058	163	160.0
1629493394.06	160000	55.237687	0.0	14127787	130	160.0
1629493394.32	160000	55.984119	0.0	17525699	157	160.0
1629493394.52	160000	56.779665	0.0	14240042	127	160.0
1629493394.81	160000	57.488628	0.0	20324139	181	160.0
1629493395.12	160000	58.18025	0.0	21993033	196	160.0
1629493395.39	160000	58.912905	0.0	18863108	174	160.0
1629493395.62	160000	59.688209	0.0	15964734	145	160.0
1629493396.74	160000	59.64498	0.0	8284939	75	160.0
1629493397.88	160000	59.645947	0.0	9004706	80	160.0
1629493398.48	160000	59.896952	0.0	6955279	61	160.0
1629493399.63	160000	59.897953	0.0	10701639	89	160.0
1629493400.77	160000	59.649008	0.0	9459459	82	160.0
1629493401.83	160000	59.650013	0.0	3212828	29	160.0
1629493402.88	160000	59.651026	0.0	2509989	21	160.0
1629493403.43	160000	59.901828	0.0	2004927	17	160.0
1629493404.45	160000	59.902943	0.0	591360	4	160.0
1629493406.0	160000	59.837702	0.0	2394426	22	160.0
1629493406.29	40000	1.000999	0.035	336477	1	-5.600000000000001
1629493406.55	160000	2.001999	0.0	14912671	117	40.0
1629493406.96	160000	2.658745	0.0	24265636	194	160.0
1629493407.28	160000	3.337509	0.0	22711544	181	160.0
1629493407.57	160000	4.054723	0.0	19639705	159	160.0
1629493407.85	160000	4.768768	0.0	20946809	171	160.0
1629493408.02	160000	5.608853	0.0	11895609	96	160.0
1629493408.14	160000	6.518296	0.0	7597636	62	160.0
1629493408.96	160000	6.845463	0.0	56067905	410	160.0
1629493409.52	160000	7.308039	0.0	45444680	348	160.0
1629493410.23	160000	7.624775	0.0	54798068	450	160.0
1629493411.26	160000	7.65427	0.0	69464107	604	160.0
1629493411.81	160000	8.10018	0.0	50637608	303	160.0
1629493412.04	160000	8.876594	0.0	19559369	116	160.0
1629493412.29	160000	9.625432	0.0	22224402	127	160.0
1629493412.54	160000	10.37258	0.0	22578365	122	160.0
1629493412.64	160000	11.275015	0.0	8346702	45	160.0
1629493412.82	160000	12.101244	0.0	15775481	85	160.0
1629493412.92	160000	12.99909	0.0	9163235	49	160.0
1629493413.32	160000	13.598369	0.0	41307095	224	160.0
1629493413.64	160000	14.277147	0.0	28763893	160	160.0
1629493413.86	160000	15.059082	0.0	21266416	118	160.0
1629493414.12	160000	15.805063	0.0	23702229	133	160.0
1629493414.43	160000	16.493742	0.0	27580394	174	160.0
1629493414.69	160000	17.238171	0.0	20329780	131	160.0
1629493414.88	160000	18.049608	0.0	16109183	104	160.0
1629493415.51	160000	18.413589	0.0	58830800	373	160.0
1629493416.26	160000	18.67198	0.0	66935122	416	160.0
1629493416.64	160000	19.285259	0.0	15251076	313	160.0
1629493417.07	160000	19.857798	0.0	16574034	339	160.0
1629493418.12	160000	19.808662	0.0	13009028	982	160.0
1629493418.93	160000	20.033829	0.0	12791674	737	160.0
1629493419.71	160000	20.275855	0.0	11137898	715	160.0
1629493420.57	160000	20.417439	0.0	11485310	795	160.0
1629493421.29	160000	20.700639	0.0	12428518	650	160.0
1629493421.5	160000	21.49633	0.0	9963766	145	160.0
1629493421.74	160000	22.253278	0.0	12189364	177	160.0
1629493421.95	160000	23.048284	0.0	10142396	147	160.0
1629493422.16	160000	23.835706	0.0	10185488	153	160.0
1629493422.46	160000	24.538481	0.0	14061455	221	160.0
1629493422.87	160000	25.126537	0.0	20074099	319	160.0
1629493424.17	160000	24.83303	0.0	46115254	1062	160.0
1629493425.06	160000	24.93918	0.0	40906522	700	160.0
1629493425.25	160000	25.745618	0.0	7891151	144	160.0
1629493425.99	160000	26.015792	0.0	21012466	618	160.0
1629493426.68	160000	26.317983	0.0	23519424	574	160.0
1629493427.18	160000	26.820622	0.0	18715420	407	160.0
1629493427.83	160000	27.169643	0.0	17000816	558	160.0
1629493428.45	160000	27.563997	0.0	14448126	523	160.0
1629493428.82	160000	28.188553	0.0	6958676	323	160.0
1629493429.3	160000	28.705236	0.0	9088791	431	160.0
1629493429.84	160000	29.172634	0.0	7211881	486	160.0
1629493430.07	160000	29.941383	0.0	3063586	205	160.0
1629493430.51	160000	30.497852	0.0	2782179	419	160.0
1629493431.68	160000	30.333626	0.0	9958410	1109	160.0
1629493432.65	160000	30.35829	0.0	12158708	909	160.0
1629493433.38	160000	30.638064	0.0	12300216	651	160.0
1629493433.8	160000	31.215376	0.0	15815684	334	160.0
1629493434.16	160000	31.856896	0.0	13526256	287	160.0
1629493434.47	160000	32.544709	0.0	11995130	246	160.0
1629493434.82	160000	33.198035	0.0	13394791	272	160.0
1629493435.18	160000	33.841089	0.0	14135828	287	160.0
1629493435.57	160000	34.446464	0.0	15366126	322	160.0
1629493435.95	160000	35.07558	0.0	14248439	302	160.0
1629493436.31	160000	35.712206	0.0	13843717	292	160.0
1629493436.69	160000	36.335367	0.0	14665119	290	160.0
1629493437.21	160000	36.808876	0.0	21079187	418	160.0
1629493437.87	160000	37.158256	0.0	25480074	514	160.0
1629493438.43	160000	37.592745	0.0	23021754	457	160.0
1629493439.08	160000	37.943446	0.0	27527834	532	160.0
1629493439.73	160000	38.300557	0.0	26155848	519	160.0
1629493440.17	160000	38.856824	0.0	17849379	359	160.0
1629493440.64	160000	39.385862	0.0	16546531	389	160.0
1629493441.18	160000	39.847484	0.0	17718949	437	160.0
1629493441.64	160000	40.391598	0.0	17337137	361	160.0
1629493442.15	160000	40.884401	0.0	20008245	401	160.0
1629493443.47	160000	40.561769	0.0	58430914	1018	160.0
1629493443.83	160000	41.203373	0.0	16292703	265	160.0
1629493444.38	160000	41.658439	0.0	25587422	416	160.0
1629493444.82	160000	42.220269	0.0	23982306	318	160.0
1629493445.07	160000	42.967933	0.0	13347845	177	160.0
1629493445.34	160000	43.701887	0.0	14337991	190	160.0
1629493445.56	160000	44.478628	0.0	14584990	148	160.0
1629493445.78	160000	45.25862	0.0	13962401	142	160.0
1629493446.0	160000	46.036831	0.0	14393788	146	160.0
1629493446.23	160000	46.815932	0.0	14649457	149	160.0
1629493446.42	160000	47.620529	0.0	13409715	125	160.0
1629493446.62	160000	48.423951	0.0	13909605	121	160.0
1629493446.82	160000	49.224451	0.0	13301968	116	160.0
1629493447.08	160000	49.964515	0.0	19025846	166	160.0
1629493447.34	160000	50.703223	0.0	19295426	169	160.0
1629493447.57	160000	51.473617	0.0	18261873	140	160.0
1629493447.83	160000	52.215859	0.0	19847604	155	160.0
1629493448.09	160000	52.965054	0.0	18767181	150	160.0
1629493448.38	160000	53.67573	0.0	22420858	172	160.0
1629493448.61	160000	54.439782	0.0	19324333	126	160.0
1629493448.84	160000	55.209646	0.0	20392234	134	160.0
1629493448.95	160000	56.107528	0.0	7671072	50	160.0
1629493449.15	160000	56.90717	0.0	17781906	116	160.0
1629493449.31	160000	57.749476	0.0	12839336	84	160.0
1629493449.43	160000	58.623976	0.0	10779770	63	160.0
1629493449.59	160000	59.471445	0.0	14606687	85	160.0
1629493450.52	160000	59.607671	0.0	41866951	241	160.0
1629493451.39	160000	59.858822	0.0	37238410	200	160.0
1629493452.55	160000	59.609809	0.0	14347759	80	160.0
1629493453.68	160000	59.610812	0.0	11399187	60	160.0
1629493454.3	160000	59.861819	0.0	10358641	56	160.0
1629493455.46	160000	59.612813	0.0	14315696	80	160.0
1629493456.2	160000	59.863804	0.0	23283631	129	160.0
1629493457.63	160000	59.614819	0.0	37521367	220	160.0
1629493458.37	160000	59.865789	0.0	22241104	121	160.0
1629493459.55	160000	59.616779	0.0	15813346	84	160.0
1629493460.24	160000	59.867709	0.0	17116450	95	160.0
1629493461.43	160000	59.868749	0.0	18867054	104	160.0
1629493462.6	160000	59.619768	0.0	17393609	85	160.0
1629493463.33	160000	59.870785	0.0	24759401	116	160.0
1629493464.6	160000	59.621803	0.0	25782433	128	160.0
1629493465.42	160000	59.872732	0.0	25885372	154	160.0
1629493466.7	160000	59.623811	0.0	26242011	151	160.0
1629493467.54	160000	59.624814	0.0	23865378	204	160.0
1629493469.52	160000	58.556509	0.0	25470681	1864	160.0
1629493469.93	160000	59.15385	0.0	27258768	244	160.0
1629493470.18	160000	59.900868	0.0	17853711	159	160.0
1629493471.39	160000	59.878783	0.0	14829893	133	160.0
1629493472.41	160000	59.879812	0.0	27779697	367	160.0
1629493473.44	160000	59.88078	0.0	27714923	407	160.0
1629493474.54	160000	59.631812	0.0	25946474	455	160.0
1629493476.35	160000	58.733847	0.0	19596259	1703	160.0
1629493478.42	160000	57.662964	0.0	23774167	1949	160.0
1629493479.69	160000	57.401047	0.0	19373656	1147	160.0
1629493480.14	160000	57.94264	0.0	23977420	329	160.0
1629493480.6	160000	58.488578	0.0	24493733	328	160.0
1629493480.83	160000	59.257842	0.0	14528511	153	160.0
1629493481.1	160000	59.990772	0.0	16841176	177	160.0
1629493482.38	160000	59.889713	0.0	16743604	177	160.0
1629493483.68	160000	59.640818	0.0	17975224	206	160.0
1629493484.85	160000	59.24638	0.0	22329548	1043	160.0
1629493485.57	160000	59.521445	0.0	16001583	635	160.0
