1606543817.13	40000	1.000999	0.02	334476	6	-3.200000000000003
1606543817.61	160000	1.859619	0.0	14912671	247	40.0
1606543819.81	160000	1.339621	0.634	24265636	1944	58.56
1606543821.8	160000	1.423769	1.052	22711544	1803	-8.319999999999993
1606543823.59	160000	1.316249	0.663	19639705	1612	53.92
1606543825.45	160000	1.314498	0.832	20946809	1675	26.879999999999995
1606543826.44	160000	1.397555	0.07	11895609	851	148.8
1606543827.15	160000	1.681214	0.0	7597636	599	160.0
1606543828.69	60000	1.469165	0.321	17832465	1349	-91.36
1606543829.53	60000	1.625798	0.0	9877442	711	60.0
1606543830.42	60000	1.740898	0.0	10988410	749	60.0
1606543832.03	80000	1.293523	0.166	20600381	1429	33.44
1606543833.07	80000	1.459981	0.206	17710542	878	47.04
1606543833.4	80000	2.127962	0.0	7412644	214	80.0
1606543834.06	160000	2.47206	0.0	22224402	449	80.0
1606543834.63	160000	2.907273	0.0	22578365	364	160.0
1606543834.85	160000	3.681271	0.0	8346702	104	160.0
1606543835.2	160000	4.332528	0.0	15775481	189	160.0
1606543835.44	160000	5.099054	0.0	9163235	110	160.0
1606543836.36	160000	5.176031	0.0	41307095	523	160.0
1606543836.98	160000	5.561773	0.0	28763893	385	160.0
1606543837.47	160000	6.073949	0.0	21266416	287	160.0
1606543842.82	160000	1.716213	0.0	23702229	5137	160.0
1606543844.16	160000	1.381686	0.0	27580394	1112	160.0
1606543844.67	160000	1.867807	0.0	20329780	318	160.0
1606543845.01	160000	2.531654	0.0	16109183	174	160.0
1606543845.53	60000	3.012102	0.0	27018238	291	-40.0
1606543846.36	110000	3.196074	0.0	49215857	398	60.0
1606543846.63	160000	3.919308	0.0	15251076	107	110.0
1606543846.9	160000	4.646194	0.0	16574034	110	160.0
1606543847.12	160000	5.424891	0.0	13009028	79	160.0
1606543847.35	160000	6.195488	0.0	12791674	71	160.0
1606543847.56	160000	6.995158	0.0	11137898	67	160.0
1606543847.76	160000	7.790768	0.0	11485310	64	160.0
1606543848.05	160000	8.509554	0.0	12428518	141	160.0
1606543848.29	160000	9.260712	0.0	9963766	113	160.0
1606543848.57	160000	9.98388	0.0	12189364	138	160.0
1606543848.82	160000	10.738866	0.0	10142396	115	160.0
1606543849.05	160000	11.510634	0.0	10185488	99	160.0
1606543849.34	160000	12.215769	0.0	14061455	136	160.0
1606543849.73	160000	12.833326	0.0	20074099	194	160.0
1606543850.7	160000	12.856492	0.0	46115254	659	160.0
1606543851.93	160000	12.627276	0.0	40906522	941	160.0
1606543852.26	160000	13.300736	0.0	7891151	209	160.0
1606543853.28	160000	13.278272	0.0	21012466	833	160.0
1606543858.08	160000	9.486427	0.0	23519424	4588	160.0
1606543859.56	160000	8.999648	0.0	18715420	1307	160.0
1606543861.18	160000	8.384753	0.0	17000816	1446	160.0
1606543862.35	160000	8.221182	0.0	14448126	1013	160.0
1606543862.94	160000	8.627686	0.0	6958676	478	160.0
1606543863.97	160000	8.599691	0.0	9088791	899	160.0
1606543864.62	160000	8.945395	0.0	7211881	542	160.0
1606543864.94	160000	9.62937	0.0	3063586	227	160.0
1606543865.23	160000	10.344035	0.0	2782179	196	160.0
1606543866.12	160000	10.462421	0.0	9958410	755	160.0
1606543867.43	160000	10.144839	0.0	12158708	1170	160.0
1606543868.32	160000	10.261128	0.0	12300216	743	160.0
1606543869.06	160000	10.512201	0.0	15815684	583	160.0
1606543869.46	160000	11.116185	0.0	13526256	251	160.0
1606543869.81	160000	11.768915	0.0	11995130	210	160.0
1606543870.14	160000	12.434692	0.0	13394791	191	160.0
1606543870.49	160000	13.094214	0.0	14135828	196	160.0
1606543870.86	160000	13.730858	0.0	15366126	213	160.0
1606543871.2	160000	14.386864	0.0	14248439	183	160.0
1606543871.52	160000	15.065714	0.0	13843717	177	160.0
1606543871.85	160000	15.731013	0.0	14665119	188	160.0
1606543872.5	160000	16.086389	0.0	21079187	451	160.0
1606543873.34	160000	16.247406	0.0	25480074	631	160.0
1606543875.45	160000	15.141401	0.0	23021754	1896	160.0
1606543879.91	160000	11.673664	0.0	27527834	4244	160.0
1606543882.28	160000	10.312356	0.0	26155848	2145	160.0
1606543883.15	160000	10.437953	0.0	17849379	703	160.0
1606543883.73	160000	10.857152	0.0	16546531	403	160.0
1606543884.34	160000	11.24785	0.0	17718949	439	160.0
1606543884.95	160000	11.646667	0.0	17337137	436	160.0
1606543885.59	160000	11.998925	0.0	20008245	466	160.0
1606543887.34	160000	11.252113	0.0	58430914	1301	160.0
1606543887.86	160000	11.739947	0.0	16292703	334	160.0
1606543888.58	160000	12.016883	0.0	25587422	511	160.0
1606543889.25	160000	12.345109	0.0	23982306	467	160.0
1606543889.63	160000	12.973382	0.0	13347845	225	160.0
1606543890.01	160000	13.584924	0.0	14337991	235	160.0
1606543890.37	160000	14.235898	0.0	14584990	200	160.0
1606543890.71	160000	14.900719	0.0	13962401	191	160.0
1606543891.06	160000	15.543127	0.0	14393788	198	160.0
1606543891.39	160000	16.212017	0.0	14649457	181	160.0
1606543891.71	160000	16.891643	0.0	13409715	165	160.0
1606543892.03	160000	17.573543	0.0	13909605	171	160.0
1606543892.34	160000	18.26242	0.0	13301968	170	160.0
1606543892.77	160000	18.840473	0.0	19025846	241	160.0
1606543893.39	160000	19.213983	0.0	19295426	439	160.0
1606543894.91	160000	18.697627	0.0	18261873	1343	160.0
1606543896.97	160000	17.636322	0.0	19847604	1879	160.0
1606543897.64	160000	17.97277	0.0	18767181	482	160.0
1606543898.31	160000	18.298578	0.0	22420858	478	160.0
1606543898.77	160000	18.843628	0.0	19324333	275	160.0
1606543899.24	160000	19.371274	0.0	20392234	288	160.0
1606543899.45	160000	20.167126	0.0	7671072	93	160.0
1606543899.83	160000	20.783843	0.0	17781906	215	160.0
1606543900.13	160000	21.486665	0.0	12839336	155	160.0
1606543900.4	160000	22.219273	0.0	10779770	138	160.0
1606543900.75	160000	22.872548	0.0	14606687	199	160.0
1606543901.66	160000	22.958529	0.0	41866951	592	160.0
1606543902.89	160000	22.733129	0.0	37238410	933	160.0
1606543904.3	160000	22.323518	0.0	14347759	1260	160.0
1606543905.79	160000	21.832996	0.0	11399187	1357	160.0
1606543907.55	160000	21.071735	0.0	10358641	1631	160.0
1606543908.84	160000	20.785961	0.0	14315696	1139	160.0
1606543909.68	160000	20.942929	0.0	23283631	646	160.0
1606543910.62	160000	21.011952	0.0	37521367	647	160.0
1606543911.12	160000	21.504804	0.0	22241104	318	160.0
1606543911.51	160000	22.119884	0.0	15813346	216	160.0
1606543911.91	160000	22.715877	0.0	17116450	237	160.0
1606543912.43	160000	23.204316	0.0	18867054	335	160.0
1606543913.05	160000	23.585769	0.0	17393609	452	160.0
1606543914.54	160000	23.096614	0.0	24759401	1281	160.0
1606543915.24	160000	23.398544	0.0	25782433	488	160.0
1606543915.71	160000	23.928252	0.0	25885372	244	160.0
1606543916.18	160000	24.459297	0.0	26242011	247	160.0
1606543916.67	160000	24.965128	0.0	23865378	269	160.0
1606543917.17	160000	25.469741	0.0	25470681	288	160.0
1606543917.61	160000	26.024896	0.0	27258768	211	160.0
1606543917.93	160000	26.713845	0.0	17853711	138	160.0
1606543918.19	160000	27.447811	0.0	14829893	115	160.0
1606543919.14	160000	27.50729	0.0	27779697	721	160.0
1606543921.55	160000	26.096165	0.0	27714923	2187	160.0
1606543923.84	160000	24.800499	0.0	25946474	2075	160.0
1606543925.39	160000	24.254939	0.0	19596259	1366	160.0
1606543927.55	160000	23.097277	0.0	23774167	1954	160.0
1606543929.18	160000	22.472161	0.0	19373656	1445	160.0
1606543937.01	160000	15.637199	0.0	23977420	7630	160.0
1606543938.13	160000	15.51623	0.0	24493733	914	160.0
1606543938.65	160000	15.999457	0.0	14528511	362	160.0
1606543939.2	160000	16.449667	0.0	16841176	383	160.0
1606543939.76	160000	16.890968	0.0	16743604	395	160.0
1606543940.35	160000	17.304854	0.0	17975224	409	160.0
1606543941.06	160000	17.589877	0.0	22329548	522	160.0
1606543941.6	160000	18.058258	0.0	16001583	368	160.0
1606543942.26	160000	18.394985	0.0	18238584	482	160.0
1606543951.73	160000	9.932326	0.0	21308824	9257	160.0
1606543952.5	160000	10.158407	0.0	17749058	605	160.0
1606543954.6	160000	9.064006	0.0	14127787	1942	160.0
1606543956.08	160000	8.585438	0.0	17525699	1298	160.0
1606543958.56	160000	7.10331	0.0	14240042	2335	160.0
1606543959.82	110000	6.846201	0.0	13845974	1109	60.0
1606543961.61	160000	6.058866	0.0	21993033	1591	110.0
1606543962.59	160000	6.071458	0.0	18863108	813	160.0
1606543963.51	160000	6.158978	0.0	15964734	749	160.0
1606543963.96	160000	6.711361	0.0	8284939	330	160.0
1606543964.44	160000	7.231242	0.0	9004706	358	160.0
1606543964.84	160000	7.828826	0.0	6955279	292	160.0
1606543965.42	160000	8.249281	0.0	10701639	450	160.0
1606543966.18	160000	8.4951	0.0	9459459	630	160.0
1606543966.48	160000	9.188088	0.0	3212828	214	160.0
1606543966.83	160000	9.847076	0.0	2509989	253	160.0
1606543967.1	160000	10.572544	0.0	2004927	202	160.0
1606543967.21	160000	11.463513	0.0	591360	58	160.0
1606543967.5	160000	12.606913	0.0	2394426	243	160.0
1606543967.88	40000	1.000999	0.037	336477	11	-5.920000000000002
1606543968.58	20000	1.630248	0.0	11007815	519	0.0
1606543969.06	20000	2.154432	0.0	8849724	350	20.0
1606543970.24	160000	2.079638	0.0	22711544	902	20.0
1606543973.89	160000	1.292686	1.781	19639705	3471	-124.95999999999998
1606543975.23	160000	1.29351	0.312	20946809	1156	110.08
1606543975.77	160000	1.748715	0.0	11895609	406	160.0
1606543976.1	160000	2.416539	0.0	7597636	215	160.0
1606543977.6	80000	1.918093	0.0	29583867	1176	0.0
1606543978.19	80000	2.332323	0.0	15816325	416	80.0
1606543979.28	110000	2.246473	0.0	26873304	847	80.0
1606543980.23	110000	2.295288	0.0	33588177	686	110.0
1606543983.84	160000	1.341389	1.66	50637608	3168	-155.60000000000002
1606543984.8	160000	1.390643	0.0	19559369	760	160.0
1606543985.4	160000	1.791936	0.0	22224402	405	160.0
1606543985.92	160000	2.26609	0.0	22578365	325	160.0
1606543986.14	160000	3.045996	0.0	8346702	103	160.0
1606543986.5	160000	3.686774	0.0	15775481	196	160.0
1606543986.74	160000	4.448956	0.0	9163235	116	160.0
1606543987.57	160000	4.619142	0.0	41307095	534	160.0
1606543988.16	160000	5.030185	0.0	28763893	353	160.0
1606543988.62	160000	5.577993	0.0	21266416	261	160.0
1606543989.13	160000	6.064012	0.0	23702229	311	160.0
1606543989.72	160000	6.482524	0.0	27580394	363	160.0
1606543990.2	160000	7.008173	0.0	20329780	286	160.0
1606543990.59	160000	7.607997	0.0	16109183	226	160.0
1606543991.92	160000	7.275708	0.0	58830800	849	160.0
1606543994.59	160000	5.613131	0.0	66935122	2212	160.0
