1611119783.31	40000	1.000999	0.018	334476	4	-2.8800000000000026
1611119783.71	60000	1.917346	0.0	14898753	206	40.0
1611119784.15	60000	2.563822	0.0	20421673	286	60.0
1611119784.57	60000	3.148765	0.0	13063186	330	60.0
1611119784.85	60000	3.863454	0.0	8954217	226	60.0
1611119785.08	60000	4.633817	0.0	7325507	184	60.0
1611119785.38	60000	5.359458	0.0	4014386	270	60.0
1611119785.8	80000	5.972818	0.0	5425476	363	60.0
1611119788.17	80000	4.65743	0.0	29583867	2119	80.0
1611119789.52	80000	4.310935	0.0	15816325	1234	80.0
1611119790.69	80000	4.139608	0.0	15275967	1083	80.0
1611119792.49	80000	3.348651	0.0	20600381	1663	80.0
1611119794.1	80000	2.736063	0.0	17710542	1494	80.0
1611119794.69	80000	3.145657	0.0	7412644	542	80.0
1611119795.47	80000	3.368336	0.0	9055732	717	80.0
1611119796.37	80000	3.464777	0.0	9337721	843	80.0
1611119796.67	80000	4.172824	0.0	3201928	263	80.0
1611119797.26	80000	4.581963	0.0	6731501	547	80.0
1611119797.62	80000	5.217921	0.0	4543558	332	80.0
1611119799.22	80000	4.618816	0.0	20277060	1478	80.0
1611119800.36	80000	4.485381	0.0	14877694	1049	80.0
1611119801.08	80000	4.766345	0.0	11453319	651	80.0
1611119801.82	80000	5.032072	0.0	13274781	657	80.0
1611119802.53	80000	5.316386	0.0	14862949	626	80.0
1611119802.97	80000	5.878399	0.0	10513690	377	80.0
1611119803.91	80000	5.935634	0.0	8329186	890	80.0
1611119807.92	80000	2.928958	0.0	34554431	3809	80.0
1611119809.06	60000	2.791522	0.0	29587565	962	40.0
1611119809.25	60000	3.604764	0.0	5395812	148	60.0
1611119809.39	60000	4.45996	0.0	5799553	107	60.0
1611119809.52	60000	5.337068	0.0	4738322	87	60.0
1611119809.65	60000	6.210762	0.0	4764193	88	60.0
1611119809.76	60000	7.095704	0.0	4183888	77	60.0
1611119809.88	60000	7.980151	0.0	4325721	80	60.0
1611119810.0	60000	8.857677	0.0	4668463	85	60.0
1611119810.1	60000	9.753055	0.0	3966453	72	60.0
1611119810.28	80000	10.58307	0.0	6516530	119	60.0
1611119810.4	80000	11.457959	0.0	4960781	89	80.0
1611119810.53	80000	12.335343	0.0	4876023	87	80.0
1611119810.7	80000	13.163665	0.0	7013013	127	80.0
1611119810.95	80000	13.917319	0.0	10250816	187	80.0
1611119811.6	80000	14.267976	0.0	26113743	501	80.0
1611119812.39	110000	14.475767	0.0	29928879	620	80.0
1611119812.52	110000	15.349388	0.0	5545322	87	110.0
1611119812.84	110000	16.030851	0.0	15180886	238	110.0
1611119813.18	110000	16.691344	0.0	16044226	251	110.0
1611119813.67	110000	17.198882	0.0	12394633	408	110.0
1611119814.2	110000	17.668222	0.0	11196580	466	110.0
1611119818.35	110000	14.518632	0.0	9698716	4086	110.0
1611119818.62	80000	15.252896	0.0	3458958	234	50.0
1611119818.87	60000	16.004561	0.0	3233321	219	40.0
1611119819.02	40000	16.860627	0.0	1753721	118	20.0
1611119819.1	60000	17.77287	0.0	911715	61	40.0
1611119819.16	60000	18.710821	0.0	719615	48	60.0
1611119819.43	60000	19.445424	0.0	3496204	238	60.0
1611119819.75	60000	20.130416	0.0	4154630	285	60.0
1611119820.07	60000	20.807835	0.0	4281107	293	60.0
1611119820.5	60000	21.375929	0.0	5707279	391	60.0
1611119820.97	80000	21.907851	0.0	6118130	422	60.0
1611119821.38	80000	22.510812	0.0	5098216	357	80.0
1611119821.91	80000	22.967929	0.0	5982646	494	80.0
1611119822.51	80000	23.373052	0.0	6905077	552	80.0
1611119823.1	80000	23.785621	0.0	7258180	541	80.0
1611119823.59	80000	24.297392	0.0	5903236	448	80.0
1611119824.09	80000	24.796303	0.0	5922485	458	80.0
1611119824.61	80000	25.27463	0.0	6487715	477	80.0
1611119825.41	80000	25.476992	0.0	10395993	734	80.0
1611119826.32	80000	25.572477	0.0	12476436	834	80.0
1611119827.17	80000	25.724041	0.0	10883852	782	80.0
1611119828.42	80000	25.473371	0.0	13889966	1172	80.0
1611119829.36	80000	25.528255	0.0	12943936	865	80.0
1611119830.02	80000	25.871062	0.0	8355811	606	80.0
1611119830.69	80000	26.206793	0.0	7699623	615	80.0
1611119831.53	80000	26.365008	0.0	8697196	783	80.0
1611119832.32	80000	26.57942	0.0	8539884	735	80.0
1611119832.68	80000	27.213364	0.0	10111273	308	80.0
1611119833.69	80000	27.209831	0.0	34025057	808	80.0
1611119833.86	80000	28.036669	0.0	8652970	116	80.0
1611119834.11	80000	28.790473	0.0	12877164	174	80.0
1611119834.34	80000	29.5601	0.0	11975956	161	80.0
1611119834.47	80000	30.434874	0.0	6280571	82	80.0
1611119834.6	80000	31.305514	0.0	6681274	84	80.0
1611119834.75	80000	32.158956	0.0	7178853	88	80.0
1611119834.93	110000	32.976635	0.0	9471489	120	80.0
1611119835.12	110000	33.791629	0.0	9833576	125	110.0
1611119835.3	110000	34.606468	0.0	10023423	127	110.0
1611119835.49	110000	35.422341	0.0	8908280	130	110.0
1611119835.7	110000	36.209116	0.0	9004051	154	110.0
1611119835.91	110000	37.003932	0.0	8764764	151	110.0
1611119836.21	110000	37.703714	0.0	13175394	227	110.0
1611119836.88	160000	38.037253	0.0	19295426	548	110.0
1611119837.73	160000	38.18145	0.0	18261873	734	160.0
1611119838.64	160000	38.273056	0.0	19847604	781	160.0
1611119839.46	160000	38.45467	0.0	18767181	701	160.0
1611119840.97	160000	37.941989	0.0	22420858	1373	160.0
1611119842.05	110000	37.865128	0.0	13365138	990	60.0
1611119843.43	110000	37.49217	0.0	13994870	1288	110.0
1611119843.84	80000	38.082314	0.0	3986512	376	50.0
1611119844.54	80000	38.377622	0.0	8761637	652	80.0
1611119844.72	80000	39.201826	0.0	6255843	133	80.0
1611119844.88	80000	40.047746	0.0	5347529	114	80.0
1611119845.08	80000	40.843596	0.0	6979884	148	80.0
1611119845.61	80000	41.310884	0.0	22955881	403	80.0
1611119845.89	80000	42.032147	0.0	19576633	162	80.0
1611119846.0	80000	42.927802	0.0	6968696	58	80.0
1611119846.07	80000	43.853969	0.0	4651140	38	80.0
1611119846.14	80000	44.791013	0.0	3942750	33	80.0
1611119846.24	80000	45.690877	0.0	6587403	54	80.0
1611119846.49	110000	46.443524	0.0	16742448	140	80.0
1611119846.93	110000	47.006035	0.0	27817780	271	110.0
1611119847.19	110000	47.745971	0.0	16060560	158	110.0
1611119847.37	110000	48.568646	0.0	11168326	109	110.0
1611119847.56	110000	49.3716	0.0	12064050	117	110.0
1611119847.75	110000	50.183586	0.0	12122131	115	110.0
1611119847.92	110000	51.016029	0.0	10969714	103	110.0
1611119848.3	160000	51.636536	0.0	24759401	238	110.0
1611119848.69	160000	52.252995	0.0	25782433	237	160.0
1611119849.07	160000	52.872793	0.0	25885372	227	160.0
1611119849.45	160000	53.491352	0.0	26242011	229	160.0
1611119849.81	160000	54.134128	0.0	23865378	217	160.0
1611119850.18	160000	54.766668	0.0	25470681	229	160.0
1611119850.57	160000	55.373122	0.0	27258768	245	160.0
1611119850.86	160000	56.085745	0.0	17853711	184	160.0
1611119851.1	160000	56.847708	0.0	14829893	153	160.0
1611119851.55	160000	57.397574	0.0	27779697	287	160.0
1611119852.17	160000	57.775794	0.0	27714923	474	160.0
1611119852.71	160000	58.242135	0.0	25946474	392	160.0
1611119853.03	160000	58.919293	0.0	19596259	204	160.0
1611119853.42	160000	59.531313	0.0	23774167	246	160.0
1611119854.23	160000	59.941282	0.0	19373656	179	160.0
1611119855.09	160000	59.942262	0.0	23977420	208	160.0
1611119856.46	160000	59.693271	0.0	24493733	221	160.0
1611119857.16	160000	59.944305	0.0	14528511	119	160.0
1611119858.4	160000	59.6953	0.0	16841176	137	160.0
1611119859.13	160000	59.946362	0.0	16743604	137	160.0
1611119860.38	160000	59.697296	0.0	17975224	145	160.0
1611119861.19	160000	59.948366	0.0	22329548	194	160.0
1611119862.43	160000	59.699288	0.0	16001583	139	160.0
1611119864.94	160000	58.019512	0.0	18238584	2408	160.0
1611119865.71	110000	58.250727	0.0	15340646	681	60.0
1611119866.15	80000	58.809621	0.0	9254020	373	50.0
1611119866.48	80000	59.487384	0.0	6922363	279	80.0
1611119867.22	80000	59.954328	0.0	8494032	188	80.0
1611119868.36	80000	59.70532	0.0	6723557	99	80.0
1611119870.1	80000	58.867762	0.0	9962942	1672	80.0
1611119870.92	60000	59.050332	0.0	8011132	764	40.0
1611119871.25	40000	59.719556	0.0	4026891	296	20.0
1611119872.04	40000	59.959307	0.0	3588599	264	40.0
1611119873.24	40000	59.960338	0.0	1551058	178	40.0
1611119874.28	40000	59.711358	0.0	1792688	22	40.0
1611119875.32	40000	59.712364	0.0	1471940	14	40.0
1611119876.36	40000	59.713289	0.0	2079411	21	40.0
1611119877.41	40000	59.714269	0.0	1669374	19	40.0
1611119878.44	60000	59.715276	0.0	891813	8	40.0
1611119879.46	60000	59.716245	0.0	692632	6	60.0
1611119880.48	60000	59.717289	0.0	235564	3	60.0
1611119881.5	40000	59.718185	0.0	48639	1	20.0
1611119882.52	60000	59.903068	0.0	427098	4	40.0
1611119882.87	40000	1.000999	0.041	334476	2	-6.560000000000002
1611119883.17	60000	2.001999	0.0	14898753	123	40.0
1611119883.43	40000	2.739425	0.0	17616813	149	20.0
1611119883.56	40000	3.612819	0.0	8581118	71	40.0
1611119883.64	40000	4.537987	0.0	4726840	40	40.0
1611119883.69	40000	5.481149	0.0	3421740	29	40.0
1611119883.76	60000	6.410617	0.0	4014386	33	40.0
1611119883.83	60000	7.345655	0.0	3830488	32	60.0
1611119884.1	60000	8.084069	0.0	17832465	149	60.0
1611119884.24	60000	8.934454	0.0	9877442	83	60.0
1611119884.4	60000	9.775819	0.0	10988410	91	60.0
1611119884.74	80000	10.471097	0.0	20600381	172	60.0
1611119885.0	80000	11.254547	0.0	17710542	153	80.0
1611119885.11	80000	12.143666	0.0	7412644	62	80.0
1611119885.24	80000	13.016748	0.0	9055732	77	80.0
1611119885.39	80000	13.925823	0.0	9337721	80	80.0
1611119885.44	80000	14.870969	0.0	3201928	28	80.0
1611119885.59	110000	15.721164	0.0	9838179	83	80.0
1611119885.68	110000	16.629768	0.0	6126794	52	110.0
1611119886.11	110000	17.218467	0.0	26576979	241	110.0
1611119886.41	110000	17.94186	0.0	19285617	174	110.0
1611119886.63	110000	18.722273	0.0	14817542	134	110.0
1611119886.89	110000	19.46307	0.0	17002609	157	110.0
1611119887.2	110000	20.160634	0.0	19316039	187	110.0
1611119887.53	160000	20.832126	0.0	20329780	190	110.0
1611119887.78	160000	21.5809	0.0	16109183	152	160.0
1611119888.8	160000	21.561523	0.0	58830800	464	160.0
1611119889.71	160000	21.65519	0.0	66935122	544	160.0
