1629474344.05	40000	1.000999	0.033	334476	21	-5.280000000000001
1629474344.95	20000	1.502494	0.0	11007815	730	0.0
1629474349.82	20000	1.336872	3.679	8849724	4820	-568.64
1629474351.01	20000	1.270778	0.048	3191121	1151	12.32
1629474351.32	20000	1.969706	0.0	1661718	294	20.0
1629474351.57	20000	2.718435	0.0	1315024	231	20.0
1629474351.71	20000	3.582707	0.0	698359	121	20.0
1629474351.85	20000	4.441667	0.0	730082	127	20.0
1629474352.68	20000	4.612618	0.0	4047415	801	20.0
1629474354.23	20000	4.067408	0.0	2863079	1520	20.0
1629474355.88	20000	3.413767	0.0	4167844	1625	20.0
1629474359.04	20000	1.299097	0.042	5571764	3118	13.280000000000001
1629474359.55	20000	1.791742	0.0	4925652	466	20.0
1629474359.77	20000	2.578272	0.0	2030157	191	20.0
1629474360.0	20000	3.342872	0.0	2240782	211	20.0
1629474360.2	20000	4.149053	0.0	2211169	167	20.0
1629474360.36	60000	4.980391	0.0	1942216	142	20.0
1629474360.74	60000	5.601637	0.0	4718233	349	60.0
1629474361.48	160000	5.866374	0.0	9163235	677	60.0
1629474362.83	60000	5.521509	0.0	15945082	1219	-40.0
1629474364.64	60000	4.714403	0.0	11785554	1732	60.0
1629474365.89	60000	4.459771	0.0	9003718	1194	60.0
1629474367.25	60000	4.106	0.0	10489883	1291	60.0
1629474368.0	20000	4.373627	0.0	4284196	713	-20.0
1629474368.65	20000	4.763663	0.0	3022025	624	20.0
1629474369.17	20000	5.255811	0.0	2248581	501	20.0
1629474370.75	20000	4.671533	0.0	9946363	1526	20.0
1629474371.69	20000	4.741677	0.0	11684632	864	20.0
1629474371.84	20000	5.589873	0.0	1849732	130	20.0
1629474372.31	60000	6.131535	0.0	5799553	428	20.0
1629474372.74	60000	6.720444	0.0	4738322	390	60.0
1629474373.88	160000	6.586495	0.0	12791674	1056	60.0
1629474375.14	160000	6.322253	0.0	11137898	1195	160.0
1629474376.43	160000	6.09642	0.0	11485310	1217	160.0
1629474377.76	160000	5.80853	0.0	12428518	1265	160.0
1629474378.77	160000	5.847444	0.0	9963766	952	160.0
1629474380.59	160000	5.064666	0.0	12189364	1747	160.0
1629474382.04	160000	4.611861	0.0	10142396	1393	160.0
1629474383.16	160000	4.500194	0.0	10185488	1047	160.0
1629474384.75	160000	3.909129	0.0	14061455	1512	160.0
1629474386.87	60000	2.784453	0.0	7686878	2070	-40.0
1629474387.49	20000	3.164066	0.0	4742872	583	-20.0
1629474387.89	20000	3.773132	0.0	4955535	359	20.0
1629474388.16	60000	4.506046	0.0	3174755	228	20.0
1629474388.99	60000	4.674749	0.0	9032460	775	60.0
1629474389.75	60000	4.914764	0.0	8531701	711	60.0
1629474390.3	60000	5.364927	0.0	6264914	512	60.0
1629474390.81	60000	5.87517	0.0	5629782	465	60.0
1629474391.26	60000	6.421182	0.0	5045231	417	60.0
1629474391.93	160000	6.767547	0.0	6958676	624	60.0
1629474392.71	160000	6.992551	0.0	9088791	720	160.0
1629474393.28	160000	7.417502	0.0	7211881	527	160.0
1629474393.59	160000	8.11493	0.0	3063586	274	160.0
1629474393.86	160000	8.840009	0.0	2782179	249	160.0
1629474394.72	160000	9.014809	0.0	9958410	792	160.0
1629474395.64	160000	9.123679	0.0	12158708	856	160.0
1629474396.54	160000	9.224477	0.0	12300216	831	160.0
1629474397.74	160000	9.032048	0.0	15815684	1102	160.0
1629474398.79	160000	8.979165	0.0	13526256	973	160.0
1629474399.68	160000	9.09109	0.0	11995130	821	160.0
1629474400.68	160000	9.092631	0.0	13394791	919	160.0
1629474401.73	160000	9.046104	0.0	14135828	963	160.0
1629474402.97	160000	8.80873	0.0	15366126	1149	160.0
1629474404.2	160000	8.576836	0.0	14248439	1151	160.0
1629474405.29	160000	8.487415	0.0	13843717	1014	160.0
1629474406.72	160000	8.063687	0.0	14665119	1342	160.0
1629474408.5	160000	7.27465	0.0	21079187	1649	160.0
1629474410.61	160000	6.175979	0.0	25480074	1926	160.0
1629474412.5	160000	5.315992	0.0	23021754	1765	160.0
1629474414.91	160000	3.918682	0.0	27527834	2271	160.0
1629474417.17	160000	2.702173	0.0	26155848	2121	160.0
1629474418.85	160000	2.100613	0.0	17849379	1579	160.0
1629474420.47	160000	1.520948	0.0	16546531	1519	160.0
1629474421.79	160000	1.464901	0.234	17718949	1229	122.56
1629474423.39	160000	1.301486	0.409	17337137	1496	94.56
1629474424.94	160000	1.460708	0.712	20008245	1443	46.08
1629474425.72	20000	1.685015	0.0	9620218	712	-120.0
1629474425.92	20000	2.480888	0.0	2561608	179	20.0
1629474426.2	20000	3.198565	0.0	3633991	254	20.0
1629474426.93	60000	3.474349	0.0	9075578	666	20.0
1629474428.09	160000	3.316147	0.0	13347845	1087	60.0
1629474429.25	160000	3.1971	0.0	14337991	1085	160.0
1629474430.38	160000	3.135352	0.0	14584990	1046	160.0
1629474431.58	160000	2.991544	0.0	13962401	1124	160.0
1629474432.89	160000	2.685863	0.0	14393788	1220	160.0
1629474434.24	160000	2.332061	0.0	14649457	1265	160.0
1629474435.52	160000	2.053571	0.0	13409715	1206	160.0
1629474437.35	160000	1.264644	0.033	13909605	1745	154.72
1629474438.37	160000	1.318325	0.073	13301968	945	148.32
1629474439.6	160000	1.392165	0.302	19025846	1126	111.68
1629474441.73	160000	1.445416	1.183	19295426	2023	-29.28
1629474444.45	160000	1.358338	1.636	18261873	2625	-101.75999999999999
1629474447.79	60000	1.302195	2.266	6864434	3292	-402.56
1629474447.96	20000	2.13533	0.0	1842874	144	-20.0
1629474448.16	20000	2.938339	0.0	2235830	175	20.0
1629474448.36	20000	3.75841	0.0	2202171	169	20.0
1629474448.56	20000	4.556633	0.0	2242042	176	20.0
1629474448.83	60000	5.298032	0.0	3037981	249	20.0
1629474449.42	60000	5.739101	0.0	6591562	542	60.0
1629474449.82	60000	6.360602	0.0	4617597	366	60.0
1629474450.75	160000	6.478474	0.0	10779770	864	60.0
1629474452.59	160000	5.672002	0.0	14606687	1760	160.0
1629474455.68	60000	3.578183	0.0	17736300	2995	-40.0
1629474456.36	20000	3.898368	0.0	4578115	636	-20.0
1629474456.63	20000	4.632027	0.0	1783835	246	20.0
1629474457.01	60000	5.256463	0.0	3327042	346	20.0
1629474457.33	60000	5.938422	0.0	2811660	292	60.0
1629474457.86	60000	6.40335	0.0	4702600	497	60.0
1629474458.88	60000	6.405816	0.0	9611993	962	60.0
1629474459.31	20000	6.976845	0.0	5355572	391	-20.0
1629474460.0	60000	7.299308	0.0	9434694	616	20.0
1629474461.06	160000	7.22571	0.0	15813346	970	60.0
1629474462.36	160000	6.933042	0.0	17116450	1191	160.0
1629474463.48	160000	6.806426	0.0	18867054	1022	160.0
1629474465.1	160000	6.192789	0.0	17393609	1509	160.0
1629474468.36	160000	4.047212	0.0	24759401	3114	160.0
1629474470.52	160000	2.880252	0.0	25782433	2020	160.0
1629474472.79	160000	1.661931	0.0	25885372	2123	160.0
1629474473.49	60000	2.048539	0.0	9324884	633	-40.0
1629474473.72	20000	2.835159	0.0	2928342	198	-20.0
1629474474.0	20000	3.586668	0.0	3059979	234	20.0
1629474474.29	20000	4.318228	0.0	3367422	264	20.0
1629474474.83	60000	4.838924	0.0	6285842	490	20.0
1629474475.23	60000	5.467113	0.0	5207162	371	60.0
1629474478.09	60000	3.847604	0.0	9939880	2787	60.0
1629474479.83	20000	3.239051	0.0	2991202	1713	-20.0
1629474481.41	20000	2.674608	0.0	3002106	1558	20.0
1629474482.07	20000	3.067671	0.0	2015412	633	20.0
1629474482.82	20000	3.376524	0.0	2894863	727	20.0
1629474482.98	20000	4.232613	0.0	2185316	134	20.0
1629474483.23	20000	5.021727	0.0	3370605	213	20.0
1629474483.48	20000	5.775274	0.0	3492243	220	20.0
1629474483.83	60000	6.451921	0.0	4915398	310	20.0
1629474483.98	60000	7.303667	0.0	5898498	107	60.0
1629474484.39	160000	7.913966	0.0	16743604	306	60.0
1629474484.83	160000	8.471189	0.0	17975224	327	160.0
1629474485.22	160000	9.080045	0.0	22329548	271	160.0
1629474485.51	160000	9.79742	0.0	16001583	194	160.0
1629474485.84	160000	10.469496	0.0	18238584	222	160.0
1629474486.2	160000	11.102859	0.0	21308824	242	160.0
1629474486.51	160000	11.796572	0.0	17749058	201	160.0
1629474486.75	160000	12.558555	0.0	14127787	161	160.0
1629474487.1	160000	13.208761	0.0	17525699	249	160.0
1629474487.4	160000	13.905371	0.0	14240042	223	160.0
1629474487.83	160000	14.49388	0.0	20324139	318	160.0
1629474488.29	160000	15.077321	0.0	21993033	320	160.0
1629474488.67	160000	15.711427	0.0	18863108	275	160.0
1629474489.02	160000	16.3778	0.0	15964734	264	160.0
1629474489.25	160000	17.169747	0.0	8284939	175	160.0
1629474489.49	160000	17.925934	0.0	9004706	191	160.0
1629474489.68	160000	18.738124	0.0	6955279	147	160.0
1629474490.02	160000	19.397565	0.0	10701639	282	160.0
1629474490.45	160000	19.972554	0.0	9459459	369	160.0
1629474490.6	160000	20.820024	0.0	3212828	125	160.0
1629474490.72	160000	21.698896	0.0	2509989	97	160.0
1629474490.82	160000	22.59836	0.0	2004927	78	160.0
1629474490.86	160000	23.562779	0.0	591360	21	160.0
1629474490.98	160000	24.875317	0.0	2394426	99	160.0
1629474491.37	40000	1.000999	0.029	336477	13	-4.640000000000001
1629474492.37	160000	1.296346	0.0	14912671	855	40.0
1629474496.8	160000	1.380236	3.483	24265636	4232	-397.28
1629474504.07	160000	1.351395	6.168	22711544	7140	-826.88
1629474505.66	160000	1.246912	0.51	19639705	1484	78.4
1629474507.44	160000	1.258909	0.742	20946809	1663	41.28
1629474511.01	160000	1.251792	2.564	11895609	3505	-250.24
1629474513.57	160000	1.316826	1.621	7597636	2511	-99.36000000000001
1629474513.89	20000	1.996098	0.0	4047415	278	-120.0
1629474514.13	20000	2.759385	0.0	2863079	213	20.0
1629474514.49	20000	3.396357	0.0	4167844	334	20.0
1629474514.99	20000	3.901302	0.0	5571764	447	20.0
1629474515.52	20000	4.363791	0.0	4925652	505	20.0
1629474515.75	20000	5.135934	0.0	2030157	208	20.0
1629474516.0	20000	5.886913	0.0	2240782	229	20.0
1629474516.67	60000	6.225635	0.0	7016601	609	20.0
1629474517.43	160000	6.461009	0.0	8346702	699	60.0
1629474518.93	160000	5.964472	0.0	15775481	1399	160.0
1629474519.65	160000	6.243935	0.0	9163235	670	160.0
1629474520.73	60000	6.165473	0.0	15945082	982	-40.0
1629474521.42	60000	6.477032	0.0	11785554	620	60.0
1629474522.81	160000	6.093974	0.0	21266416	1258	60.0
1629474523.89	160000	6.012828	0.0	23702229	949	160.0
