1606505221.38	40000	1.000999	0.041	334476	28	-6.560000000000002
1606505222.86	80000	1.186737	0.252	14912671	1320	-0.3200000000000003
1606505223.53	80000	1.548662	0.0	22644885	510	80.0
1606505223.94	160000	2.143202	0.0	22711544	271	80.0
1606505224.32	160000	2.816425	0.0	19639705	252	160.0
1606505224.85	160000	3.300751	0.0	20946809	404	160.0
1606505225.15	160000	4.00217	0.0	11895609	230	160.0
1606505225.78	160000	4.402413	0.0	7597636	581	160.0
1606505236.58	160000	9.146445	0.473	13274781	226	84.32
1606505236.59	160000	9.136089	0.0	13274781	226	160.0
1606505237.22	160000	9.512139	0.0	27580394	472	160.0
1606505248.38	160000	59.549627	0.0	1739228	77	160.0
1606505248.87	110000	59.926749	0.0	10023423	415	60.0
1606505250.29	110000	59.551701	0.0	8908280	368	110.0
1606505250.3	160000	59.495234	0.0	8908280	368	110.0
1606505251.26	160000	59.552623	0.0	13909605	383	160.0
1606505252.15	160000	59.803625	0.0	13301968	312	160.0
1606505253.22	160000	59.804601	0.0	19025846	462	160.0
1606505253.81	160000	59.98762	0.0	19295426	473	160.0
1606505255.35	160000	59.556675	0.0	18261873	420	160.0
1606505266.21	160000	59.817706	0.0	5664827	56	160.0
1606505266.21	160000	59.594067	0.0	5664827	56	160.0
1606505266.88	160000	59.93244	0.0	37238410	413	160.0
1606505268.15	160000	59.819713	0.0	14347759	182	160.0
1606505269.36	160000	59.570654	0.0	11399187	143	160.0
1606505270.09	160000	59.720073	0.0	10358641	670	160.0
1606505271.22	160000	59.590227	0.0	14315696	1045	160.0
1606505271.83	160000	59.982843	0.0	23283631	475	160.0
1606505273.06	160000	59.824697	0.0	37521367	522	160.0
1606505274.1	160000	59.825686	0.0	22241104	409	160.0
1606505275.38	160000	59.576615	0.0	15813346	189	160.0
1606505276.62	160000	59.197998	0.0	17116450	1136	160.0
1606505278.37	160000	58.450133	0.0	18867054	1640	160.0
1606505279.87	160000	57.953154	0.0	17393609	1395	160.0
1606505280.92	160000	57.900702	0.0	24759401	915	160.0
1606505281.56	160000	58.267869	0.0	25782433	488	160.0
1606505281.97	160000	58.852302	0.0	25885372	262	160.0
1606505282.39	160000	59.431956	0.0	26242011	266	160.0
1606505283.28	160000	59.584725	0.0	23865378	237	160.0
1606505284.19	160000	59.835698	0.0	25470681	251	160.0
1606505285.11	160000	59.83671	0.0	27258768	257	160.0
1606505286.38	160000	59.587668	0.0	17853711	162	160.0
1606505287.09	160000	59.838652	0.0	14829893	124	160.0
1606505287.99	160000	59.839714	0.0	27779697	256	160.0
1606505289.38	160000	59.590727	0.0	27714923	238	160.0
1606505289.91	160000	59.92536	0.0	25946474	374	160.0
1606505291.18	160000	59.842647	0.0	19596259	633	160.0
1606505292.05	160000	59.785745	0.0	23774167	736	160.0
1606505293.06	160000	59.84471	0.0	19373656	393	160.0
1606505294.9	160000	58.939307	0.0	23977420	1702	160.0
1606505296.94	160000	57.902535	0.0	24493733	1900	160.0
1606505298.21	160000	57.631467	0.0	14528511	1191	160.0
1606505299.8	160000	57.040541	0.0	16841176	1492	160.0
1606505299.81	80000	57.03143	0.0	16841176	1492	0.0
1606505300.42	80000	57.429514	0.0	7882490	553	80.0
1606505301.09	80000	57.757522	0.0	8469705	615	80.0
1606505301.97	80000	57.875618	0.0	10869298	819	80.0
1606505302.67	80000	58.177733	0.0	8336931	645	80.0
1606505302.95	80000	58.892225	0.0	9782551	229	80.0
1606505302.96	110000	58.884644	0.0	9782551	229	80.0
1606505302.97	160000	58.879206	0.0	9782551	229	110.0
1606505303.58	160000	59.264926	0.0	21308824	499	160.0
1606505303.96	160000	59.890899	0.0	17749058	273	160.0
1606505305.24	160000	59.606637	0.0	14127787	207	160.0
1606505306.47	160000	59.382395	0.0	17525699	1119	160.0
1606505307.01	160000	59.837227	0.0	14240042	467	160.0
1606505308.14	160000	59.859634	0.0	20324139	510	160.0
1606505309.1	160000	59.860654	0.0	21993033	334	160.0
1606505310.47	160000	59.611658	0.0	18863108	256	160.0
1606505312.16	160000	58.692749	0.0	15964734	1599	160.0
1606505312.79	160000	59.06921	0.0	8284939	572	160.0
1606505313.49	160000	59.371145	0.0	9004706	643	160.0
1606505314.02	160000	59.837421	0.0	6955279	489	160.0
1606505315.33	160000	59.616659	0.0	10701639	743	160.0
1606505315.33	80000	59.522716	0.0	10701639	743	0.0
1606505316.16	80000	59.867706	0.0	4246384	290	80.0
1606505317.31	80000	59.61864	0.0	1491121	123	80.0
1606505318.4	80000	59.619707	0.0	1146202	77	80.0
1606505319.45	80000	59.620704	0.0	447883	30	80.0
1606505319.46	110000	59.406423	0.0	447883	30	80.0
1606505320.01	110000	59.8717	0.0	517365	36	110.0
1606505321.61	110000	59.806461	0.0	1201371	83	110.0
1606505321.62	80000	59.68243	0.0	1201371	83	50.0
