1629304024.08	40000	1.000999	0.018	334476	6	-2.8800000000000026
1629304024.62	160000	1.836975	0.0	14912671	295	40.0
1629304025.33	160000	2.13601	0.0	24265636	485	160.0
1629304025.9	160000	2.571236	0.0	22711544	434	160.0
1629304027.6	160000	1.992396	0.0	19639705	1583	160.0
1629304028.7	160000	1.974881	0.0	20946809	961	160.0
1629304029.15	160000	2.523619	0.0	11895609	373	160.0
1629304029.4	160000	3.280151	0.0	7597636	190	160.0
1629304034.68	160000	1.070404	2.084	56067905	4826	-173.44
1629304038.37	160000	1.29077	2.903	45444680	3460	-304.48
1629304041.87	160000	1.189731	2.403	54798068	3221	-224.48000000000002
1629304042.09	20000	1.970351	0.0	5571764	167	-120.0
1629304042.26	20000	2.808179	0.0	4925652	122	20.0
1629304042.89	160000	3.179636	0.0	19559369	503	20.0
1629304043.7	160000	3.373157	0.0	22224402	684	160.0
1629304048.33	160000	1.412811	1.678	22578365	4510	-108.48000000000002
1629304049.0	160000	1.735793	0.0	8346702	622	160.0
1629304050.39	160000	1.355554	0.0	15775481	1282	160.0
1629304050.9	160000	1.838764	0.0	9163235	455	160.0
1629304052.91	160000	1.345111	0.51	41307095	1796	78.4
1629304054.38	160000	1.356631	0.479	28763893	1326	83.36
1629304055.34	160000	1.390766	0.0	21266416	841	160.0
1629304056.63	160000	1.337547	0.233	23702229	1159	122.72
1629304063.74	160000	1.321513	6.097	27580394	6961	-815.52
1629304065.44	160000	1.4192	0.788	20329780	1578	33.92
1629304066.63	160000	1.458207	0.234	16109183	1112	122.56
1629304067.44	20000	1.647661	0.0	9946363	739	-120.0
1629304068.59	20000	1.505338	0.0	11684632	1065	20.0
1629304069.91	160000	1.436984	0.25	15251076	1235	-20.0
1629304071.28	160000	1.446658	0.383	16574034	1280	98.72
1629304072.31	160000	1.45521	0.033	13009028	943	154.72
1629304073.03	160000	1.729839	0.0	12791674	652	160.0
1629304073.52	160000	2.244241	0.0	11137898	416	160.0
1629304073.96	160000	2.801816	0.0	11485310	373	160.0
1629304074.56	160000	3.200012	0.0	12428518	527	160.0
1629304075.18	160000	3.584998	0.0	9963766	551	160.0
1629304076.08	160000	3.684845	0.0	12189364	830	160.0
1629304076.84	160000	3.924913	0.0	10142396	698	160.0
1629304077.61	160000	4.155933	0.0	10185488	703	160.0
1629304078.67	160000	4.100227	0.0	14061455	970	160.0
1629304080.33	160000	3.439569	0.0	20074099	1544	160.0
1629304080.81	20000	3.961993	0.0	4742872	434	-120.0
1629304081.29	20000	4.479242	0.0	4955535	445	20.0
1629304081.93	160000	4.847856	0.0	7891151	571	20.0
1629304083.78	160000	3.996021	0.0	21012466	1711	160.0
1629304084.64	160000	4.141622	0.0	23519424	726	160.0
1629304085.04	160000	4.734808	0.0	18715420	285	160.0
1629304085.39	160000	5.39179	0.0	17000816	241	160.0
1629304085.63	160000	6.153147	0.0	14448126	153	160.0
1629304085.75	160000	7.030363	0.0	6958676	73	160.0
1629304085.91	160000	7.874806	0.0	9088791	96	160.0
1629304086.03	160000	8.750567	0.0	7211881	76	160.0
1629304086.09	160000	9.690078	0.0	3063586	33	160.0
1629304086.15	160000	10.634589	0.0	2782179	30	160.0
1629304086.32	160000	11.466346	0.0	9958410	105	160.0
1629304086.54	160000	12.249857	0.0	12158708	132	160.0
1629304086.75	160000	13.035353	0.0	12300216	138	160.0
1629304087.02	160000	13.767992	0.0	15815684	177	160.0
1629304087.25	160000	14.541194	0.0	13526256	151	160.0
1629304087.45	160000	15.340292	0.0	11995130	127	160.0
1629304087.68	160000	16.114261	0.0	13394791	142	160.0
1629304087.91	160000	16.882387	0.0	14135828	149	160.0
1629304088.16	160000	17.632568	0.0	15366126	162	160.0
1629304088.4	160000	18.390907	0.0	14248439	148	160.0
1629304088.63	160000	19.168862	0.0	13843717	137	160.0
1629304088.86	160000	19.940332	0.0	14665119	146	160.0
1629304089.19	160000	20.607639	0.0	21079187	210	160.0
1629304089.59	160000	21.203463	0.0	25480074	261	160.0
1629304089.97	160000	21.828346	0.0	23021754	239	160.0
1629304090.43	160000	22.372876	0.0	27527834	286	160.0
1629304090.84	160000	22.959521	0.0	26155848	265	160.0
1629304091.13	160000	23.671256	0.0	17849379	181	160.0
1629304091.4	160000	24.3994	0.0	16546531	167	160.0
1629304091.69	160000	25.1144	0.0	17718949	174	160.0
1629304091.96	160000	25.843493	0.0	17337137	170	160.0
1629304092.29	160000	26.517767	0.0	20008245	202	160.0
1629304093.24	160000	26.569194	0.0	58430914	559	160.0
1629304093.51	160000	27.300942	0.0	16292703	163	160.0
1629304093.92	160000	27.89352	0.0	25587422	261	160.0
1629304094.3	160000	28.509593	0.0	23982306	245	160.0
1629304094.5	160000	29.30772	0.0	13347845	124	160.0
1629304094.72	160000	30.094362	0.0	14337991	132	160.0
1629304094.93	160000	30.879534	0.0	14584990	135	160.0
1629304095.15	160000	31.673736	0.0	13962401	129	160.0
1629304095.37	160000	32.44838	0.0	14393788	130	160.0
1629304095.58	160000	33.238473	0.0	14649457	127	160.0
1629304095.77	160000	34.047491	0.0	13409715	116	160.0
1629304095.97	160000	34.84426	0.0	13909605	122	160.0
1629304096.17	160000	35.648949	0.0	13301968	116	160.0
1629304096.46	160000	36.364244	0.0	19025846	160	160.0
1629304096.72	160000	37.10099	0.0	19295426	149	160.0
1629304096.97	160000	37.849833	0.0	18261873	142	160.0
1629304097.25	160000	38.575152	0.0	19847604	154	160.0
1629304097.51	160000	39.311924	0.0	18767181	155	160.0
1629304097.84	160000	39.989542	0.0	22420858	192	160.0
1629304098.12	160000	40.703896	0.0	19324333	167	160.0
1629304098.42	160000	41.408024	0.0	20392234	171	160.0
1629304098.54	160000	42.286524	0.0	7671072	68	160.0
1629304098.8	160000	43.024161	0.0	17781906	159	160.0
1629304099.0	160000	43.832841	0.0	12839336	115	160.0
1629304099.16	160000	44.670772	0.0	10779770	96	160.0
1629304099.37	160000	45.458286	0.0	14606687	130	160.0
1629304099.98	160000	45.849087	0.0	41866951	367	160.0
1629304100.54	160000	46.30041	0.0	37238410	325	160.0
1629304100.73	160000	47.104715	0.0	14347759	114	160.0
1629304100.89	160000	47.949159	0.0	11399187	89	160.0
1629304101.03	160000	48.804043	0.0	10358641	82	160.0
1629304101.23	160000	49.612247	0.0	14315696	112	160.0
1629304101.53	160000	50.304776	0.0	23283631	175	160.0
1629304102.03	160000	50.811601	0.0	37521367	268	160.0
1629304102.31	160000	51.528963	0.0	22241104	158	160.0
1629304102.81	160000	52.031409	0.0	15813346	397	160.0
1629304103.37	160000	52.475296	0.0	17116450	458	160.0
1629304104.94	160000	51.909269	0.0	18867054	1457	160.0
1629304105.62	160000	52.220472	0.0	17393609	583	160.0
1629304106.11	160000	52.732805	0.0	24759401	346	160.0
1629304107.23	160000	52.620948	0.0	25782433	969	160.0
1629304108.72	160000	52.130964	0.0	25885372	1334	160.0
1629304109.4	160000	52.452271	0.0	26242011	532	160.0
1629304109.91	160000	52.936731	0.0	23865378	362	160.0
1629304110.45	160000	53.400401	0.0	25470681	386	160.0
1629304111.62	160000	53.22712	0.0	27258768	1008	160.0
1629304112.85	160000	53.002385	0.0	17853711	1119	160.0
1629304114.77	160000	52.081335	0.0	14829893	1838	160.0
1629304118.05	160000	49.809684	0.0	27779697	3106	160.0
1629304119.28	160000	49.573942	0.0	27714923	1083	160.0
1629304120.11	160000	49.745437	0.0	25946474	677	160.0
1629304120.72	160000	50.134722	0.0	19596259	499	160.0
1629304121.48	160000	50.380613	0.0	23774167	618	160.0
1629304122.07	160000	50.78934	0.0	19373656	477	160.0
1629304122.78	160000	51.078206	0.0	23977420	570	160.0
1629304123.48	160000	51.379779	0.0	24493733	560	160.0
1629304123.89	160000	51.970027	0.0	14528511	328	160.0
1629304124.37	160000	52.49491	0.0	16841176	379	160.0
1629304124.88	160000	52.989811	0.0	16743604	413	160.0
1629304125.43	160000	53.438758	0.0	17975224	450	160.0
1629304126.06	160000	53.80772	0.0	22329548	502	160.0
1629304126.52	160000	54.351457	0.0	16001583	355	160.0
1629304127.02	160000	54.844288	0.0	18238584	402	160.0
1629304127.63	160000	55.24413	0.0	21308824	469	160.0
1629304128.12	160000	55.74862	0.0	17749058	397	160.0
1629304128.52	160000	56.34803	0.0	14127787	316	160.0
1629304128.98	160000	56.895536	0.0	17525699	355	160.0
1629304129.34	160000	57.530217	0.0	14240042	286	160.0
1629304129.86	160000	58.016485	0.0	20324139	398	160.0
1629304130.4	160000	58.478931	0.0	21993033	417	160.0
1629304130.88	160000	59.000252	0.0	18863108	364	160.0
1629304131.28	160000	59.595055	0.0	15964734	309	160.0
1629304132.0	160000	59.982162	0.0	8284939	160	160.0
1629304133.2	160000	59.733169	0.0	9004706	141	160.0
1629304134.36	160000	59.734173	0.0	6955279	111	160.0
1629304135.06	160000	59.982528	0.0	10701639	130	160.0
1629304136.23	160000	59.736044	0.0	9459459	115	160.0
1629304137.31	160000	59.73718	0.0	3212828	45	160.0
1629304138.37	160000	59.738181	0.0	2509989	30	160.0
1629304138.92	160000	59.989165	0.0	2004927	27	160.0
1629304139.94	160000	59.990181	0.0	591360	4	160.0
1629304141.49	160000	59.924918	0.0	2394426	18	160.0
1629304141.82	40000	1.000999	0.02	336477	2	-3.200000000000003
1629304142.07	160000	2.001999	0.0	14912671	89	40.0
1629304142.47	160000	2.694583	0.0	24265636	146	160.0
1629304142.75	160000	3.407914	0.0	22711544	147	160.0
1629304143.01	160000	4.154118	0.0	19639705	132	160.0
1629304143.28	160000	4.881859	0.0	20946809	141	160.0
1629304143.44	160000	5.727566	0.0	11895609	79	160.0
1629304143.54	160000	6.628234	0.0	7597636	51	160.0
1629304144.44	160000	6.868975	0.0	56067905	404	160.0
1629304144.99	160000	7.342836	0.0	45444680	285	160.0
1629304145.65	160000	7.762535	0.0	54798068	328	160.0
1629304146.78	160000	7.698406	0.0	69464107	629	160.0
1629304147.38	160000	8.094139	0.0	50637608	312	160.0
1629304147.62	160000	8.859488	0.0	19559369	123	160.0
1629304147.97	160000	9.510854	0.0	22224402	228	160.0
1629304148.34	160000	10.135692	0.0	22578365	232	160.0
1629304148.49	160000	10.991698	0.0	8346702	85	160.0
1629304149.85	160000	10.635413	0.0	15775481	1264	160.0
1629304150.56	160000	10.920395	0.0	9163235	647	160.0
1629304151.12	160000	11.368688	0.0	41307095	318	160.0
1629304151.51	160000	11.974705	0.0	28763893	223	160.0
1629304151.79	160000	12.698967	0.0	21266416	146	160.0
1629304152.1	160000	13.386239	0.0	23702229	160	160.0
1629304152.44	160000	14.051053	0.0	27580394	186	160.0
1629304152.73	160000	14.760839	0.0	20329780	147	160.0
1629304152.99	160000	15.495234	0.0	16109183	149	160.0
1629304153.88	160000	15.614243	0.0	58830800	549	160.0
1629304154.68	160000	15.907958	0.0	66935122	406	160.0
1629304154.9	160000	16.678346	0.0	15251076	128	160.0
