1606471631.46	40000	1.000999	0.039	334476	28	-6.240000000000002
1606471632.6	20000	1.397225	0.116	11007815	980	-18.56
1606471633.49	20000	1.53052	0.0	8849724	759	20.0
1606471633.83	20000	2.192297	0.0	3191121	242	20.0
1606471634.72	60000	2.319773	0.0	8954217	761	20.0
1606471636.62	160000	1.42083	0.0	20946809	1643	60.0
1606471637.51	160000	1.529671	0.0	11895609	746	160.0
1606471637.9	160000	2.143049	0.0	7597636	270	160.0
1606471638.42	40000	2.62411	0.0	9295618	385	-80.0
1606471638.9	40000	3.143902	0.0	5971357	372	40.0
1606471639.77	60000	3.276168	0.0	10988410	726	40.0
1606471641.46	80000	2.582365	0.0	20600381	1495	60.0
1606471643.1	80000	1.943127	0.0	17710542	1459	80.0
1606471644.02	110000	2.021486	0.0	10838546	782	80.0
1606471644.77	110000	2.27396	0.0	12783186	603	110.0
1606471645.4	110000	2.650811	0.0	13101938	476	110.0
1606471645.59	110000	3.454508	0.0	5268213	85	110.0
1606471645.9	110000	4.154493	0.0	9838179	171	110.0
1606471646.18	160000	4.876271	0.0	9163235	154	110.0
1606471647.22	160000	4.828662	0.0	41307095	627	160.0
1606471647.85	160000	5.208421	0.0	28763893	382	160.0
1606471648.33	160000	5.724254	0.0	21266416	286	160.0
1606471648.83	160000	6.225235	0.0	23702229	302	160.0
1606471649.41	160000	6.651041	0.0	27580394	346	160.0
1606471649.86	160000	7.207161	0.0	20329780	245	160.0
1606471650.22	160000	7.838056	0.0	16109183	198	160.0
1606471651.52	160000	7.539754	0.0	58830800	772	160.0
1606471655.33	160000	4.727345	0.0	66935122	3376	160.0
1606471656.67	160000	4.394795	0.0	15251076	1179	160.0
1606471657.99	160000	4.076503	0.0	16574034	1152	160.0
1606471659.23	160000	3.832584	0.0	13009028	1100	160.0
1606471660.03	110000	4.034814	0.0	8740660	668	60.0
1606471660.5	80000	4.561725	0.0	5578363	363	50.0
1606471660.89	80000	5.178494	0.0	5739662	276	80.0
1606471661.52	160000	5.55007	0.0	12428518	484	80.0
1606471661.83	160000	6.236273	0.0	9963766	179	160.0
1606471662.19	160000	6.878023	0.0	12189364	219	160.0
1606471662.51	160000	7.558227	0.0	10142396	193	160.0
1606471662.82	160000	8.255087	0.0	10185488	177	160.0
1606471663.21	160000	8.865274	0.0	14061455	244	160.0
1606471663.71	160000	9.360808	0.0	20074099	325	160.0
1606471664.75	160000	9.320171	0.0	46115254	730	160.0
1606471665.73	160000	9.347524	0.0	40906522	689	160.0
1606471665.99	160000	10.084873	0.0	7891151	138	160.0
1606471666.67	160000	10.406607	0.0	21012466	493	160.0
1606471668.84	160000	9.240749	0.0	23519424	1966	160.0
1606471671.4	160000	7.6861	0.0	18715420	2379	160.0
1606471673.01	110000	7.072378	0.0	11196580	1463	60.0
1606471674.19	110000	6.892836	0.0	9698716	1052	110.0
1606471674.73	110000	7.350494	0.0	4738333	439	110.0
1606471675.36	110000	7.7258	0.0	6072231	516	110.0
1606471676.08	110000	8.008608	0.0	4799875	606	110.0
1606471679.33	160000	5.760624	0.0	3063586	3153	110.0
1606471679.43	20000	6.65602	0.0	295687	20	-120.0
1606471679.6	20000	7.483938	0.0	1328674	88	20.0
1606471679.79	20000	8.300138	0.0	1492829	99	20.0
1606471679.97	20000	9.116617	0.0	1484812	99	20.0
1606471680.18	20000	9.905124	0.0	1868314	124	20.0
1606471681.64	160000	9.449166	0.0	13526256	1315	20.0
1606471682.03	160000	10.059807	0.0	11995130	252	160.0
1606471682.46	160000	10.636993	0.0	13394791	280	160.0
1606471682.79	160000	11.306893	0.0	14135828	180	160.0
1606471683.13	160000	11.961746	0.0	15366126	196	160.0
1606471683.46	160000	12.632997	0.0	14248439	182	160.0
1606471683.85	160000	13.24951	0.0	13843717	239	160.0
1606471684.27	160000	13.828591	0.0	14665119	265	160.0
1606471684.77	160000	14.325124	0.0	21079187	319	160.0
1606471685.31	160000	14.785503	0.0	25480074	336	160.0
1606471685.79	160000	15.30864	0.0	23021754	271	160.0
1606471686.3	160000	15.798727	0.0	27527834	294	160.0
1606471686.81	160000	16.290052	0.0	26155848	285	160.0
1606471687.18	160000	16.932778	0.0	17849379	192	160.0
1606471687.52	160000	17.584576	0.0	16546531	178	160.0
1606471687.87	160000	18.238118	0.0	17718949	172	160.0
1606471688.2	160000	18.902909	0.0	17337137	167	160.0
1606471688.58	160000	19.527302	0.0	20008245	194	160.0
1606471689.53	160000	19.58115	0.0	58430914	568	160.0
1606471690.07	160000	20.043413	0.0	16292703	371	160.0
1606471691.25	160000	19.865193	0.0	25587422	969	160.0
1606471693.41	160000	18.69768	0.0	23982306	1970	160.0
1606471695.04	160000	18.073375	0.0	13347845	1482	160.0
1606471698.57	160000	15.54806	0.0	14337991	3367	160.0
1606471699.42	110000	15.698375	0.0	9945160	716	60.0
1606471701.98	110000	14.134512	0.0	9471489	2431	110.0
1606471702.5	60000	14.61815	0.0	5304043	405	10.0
1606471703.0	60000	15.117744	0.0	5390156	385	60.0
1606471703.44	60000	15.675058	0.0	4721651	336	60.0
1606471703.74	60000	16.38285	0.0	4637025	193	60.0
1606471704.01	80000	17.114799	0.0	6270064	154	60.0
1606471704.65	160000	17.469163	0.0	19025846	469	80.0
1606471705.15	160000	17.973266	0.0	19295426	321	160.0
1606471705.63	160000	18.489457	0.0	18261873	317	160.0
1606471706.11	160000	19.013349	0.0	19847604	285	160.0
1606471706.56	160000	19.568646	0.0	18767181	271	160.0
1606471707.08	160000	20.042623	0.0	22420858	334	160.0
1606471707.57	160000	20.555141	0.0	19324333	305	160.0
1606471708.01	160000	21.117887	0.0	20392234	241	160.0
1606471708.22	160000	21.911064	0.0	7671072	90	160.0
1606471708.6	160000	22.531219	0.0	17781906	206	160.0
1606471708.88	160000	23.247542	0.0	12839336	144	160.0
1606471709.14	160000	23.99741	0.0	10779770	121	160.0
1606471709.46	160000	24.683471	0.0	14606687	163	160.0
1606471710.26	160000	24.874539	0.0	41866951	495	160.0
1606471710.98	160000	25.151334	0.0	37238410	444	160.0
1606471711.29	160000	25.850766	0.0	14347759	155	160.0
1606471711.56	160000	26.579426	0.0	11399187	125	160.0
1606471711.8	160000	27.337284	0.0	10358641	112	160.0
1606471712.1	160000	28.038719	0.0	14315696	153	160.0
1606471712.54	160000	28.598321	0.0	23283631	249	160.0
1606471713.18	160000	28.957957	0.0	37521367	352	160.0
1606471713.58	160000	29.564032	0.0	22241104	202	160.0
1606471713.88	160000	30.265839	0.0	15813346	133	160.0
1606471714.19	160000	30.955799	0.0	17116450	145	160.0
1606471714.52	160000	31.626838	0.0	18867054	153	160.0
1606471714.82	160000	32.325957	0.0	17393609	134	160.0
1606471715.19	160000	32.962816	0.0	24759401	149	160.0
1606471715.55	160000	33.599676	0.0	25782433	159	160.0
1606471715.93	160000	34.2205	0.0	25885372	158	160.0
1606471716.3	160000	34.848115	0.0	26242011	155	160.0
1606471716.67	160000	35.486527	0.0	23865378	147	160.0
1606471717.03	160000	36.122583	0.0	25470681	154	160.0
1606471717.43	160000	36.724588	0.0	27258768	165	160.0
1606471717.71	160000	37.447771	0.0	17853711	108	160.0
1606471717.94	160000	38.213834	0.0	14829893	80	160.0
1606471718.31	160000	38.850048	0.0	27779697	134	160.0
1606471718.67	160000	39.491948	0.0	27714923	137	160.0
1606471719.01	160000	40.150397	0.0	25946474	129	160.0
1606471719.28	160000	40.877539	0.0	19596259	97	160.0
1606471719.6	160000	41.561044	0.0	23774167	121	160.0
1606471719.87	160000	42.291738	0.0	19373656	96	160.0
1606471720.19	160000	42.972822	0.0	23977420	118	160.0
1606471720.51	160000	43.656354	0.0	24493733	121	160.0
1606471720.73	160000	44.435531	0.0	14528511	72	160.0
1606471720.99	160000	45.173941	0.0	16841176	82	160.0
1606471721.24	160000	45.925121	0.0	16743604	81	160.0
1606471721.5	160000	46.66642	0.0	17975224	88	160.0
1606471721.81	160000	47.358187	0.0	22329548	112	160.0
1606471722.08	160000	48.093707	0.0	16001583	93	160.0
1606471722.36	160000	48.813442	0.0	18238584	106	160.0
1606471722.67	160000	49.497583	0.0	21308824	124	160.0
1606471722.95	160000	50.227121	0.0	17749058	105	160.0
1606471723.18	160000	50.997666	0.0	14127787	85	160.0
1606471723.45	160000	51.723746	0.0	17525699	105	160.0
1606471723.68	160000	52.491437	0.0	14240042	84	160.0
1606471723.97	160000	53.211855	0.0	20324139	97	160.0
1606471724.27	160000	53.910826	0.0	21993033	98	160.0
1606471724.54	160000	54.641432	0.0	18863108	90	160.0
1606471724.77	160000	55.406405	0.0	15964734	76	160.0
1606471724.93	160000	56.249357	0.0	8284939	40	160.0
1606471725.1	160000	57.083231	0.0	9004706	45	160.0
1606471725.25	160000	57.935363	0.0	6955279	36	160.0
1606471725.43	160000	58.75552	0.0	10701639	51	160.0
1606471725.6	160000	59.581678	0.0	9459459	48	160.0
1606471726.71	160000	59.679669	0.0	3212828	15	160.0
1606471727.31	160000	59.930666	0.0	2509989	13	160.0
1606471728.38	160000	59.931665	0.0	2004927	9	160.0
1606471729.44	160000	59.932687	0.0	591360	3	160.0
1606471731.0	160000	59.867448	0.0	2394426	14	160.0
1606471731.33	40000	1.000999	0.029	336477	4	-4.640000000000001
1606471731.76	160000	1.921309	0.0	14912671	192	40.0
1606471734.01	160000	1.437862	0.736	24265636	1988	42.239999999999995
1606471734.19	20000	2.266305	0.0	3191121	68	-120.0
1606471734.39	40000	3.062736	0.0	4726840	98	20.0
1606471734.56	40000	3.940906	0.0	3421740	71	40.0
1606471734.69	40000	4.810109	0.0	1987360	39	40.0
1606471734.82	40000	5.675717	0.0	2185110	45	40.0
1606471736.09	160000	5.430844	0.0	56067905	710	40.0
1606471737.08	160000	5.439218	0.0	45444680	684	160.0
1606471738.13	160000	5.396215	0.0	54798068	681	160.0
1606471742.4	160000	2.1211	0.0	69464107	3737	160.0
1606471743.21	110000	2.314445	0.0	25684661	579	60.0
1606471743.52	110000	3.011449	0.0	10838546	166	110.0
1606471744.06	160000	3.462932	0.0	22224402	343	110.0
1606471744.64	160000	3.917594	0.0	22578365	370	160.0
1606471744.89	160000	4.668599	0.0	8346702	131	160.0
1606471745.33	160000	5.225964	0.0	15775481	285	160.0
1606471745.64	160000	5.924052	0.0	9163235	165	160.0
1606471746.81	160000	5.756553	0.0	41307095	871	160.0
1606471747.47	160000	6.093521	0.0	28763893	431	160.0
1606471747.98	160000	6.588822	0.0	21266416	312	160.0
1606471748.8	160000	6.766301	0.0	23702229	625	160.0
1606471749.54	160000	7.027209	0.0	27580394	499	160.0
1606471750.06	160000	7.509194	0.0	20329780	332	160.0
1606471750.36	160000	8.211039	0.0	16109183	137	160.0
1606471751.23	160000	8.336801	0.0	58830800	499	160.0
1606471752.2	160000	8.367565	0.0	66935122	544	160.0
1606471752.49	160000	9.079477	0.0	15251076	134	160.0
