1606508853.3	40000	1.000999	0.032	334476	21	-5.119999999999997
1606508854.15	20000	1.513095	0.0	11007815	736	0.0
1606508855.97	80000	1.332947	0.61	22644885	1638	-77.6
1606508857.4	80000	1.430073	0.507	17135714	1342	-1.1200000000000045
1606508858.39	80000	1.49347	0.033	13114792	917	74.72
1606508859.34	80000	1.568777	0.0	11497228	877	80.0
1606508859.91	80000	1.996129	0.0	6232523	531	80.0
1606508860.38	80000	2.529642	0.0	5425476	428	80.0
1606508863.0	80000	1.293471	0.377	29583867	2389	19.68
1606508864.49	80000	1.42711	0.632	15816325	1403	-21.120000000000005
1606508865.76	80000	1.310006	0.146	15275967	1188	56.64
1606508867.36	80000	1.455507	0.752	20600381	1498	-40.31999999999999
1606508868.63	80000	1.43936	0.251	17710542	1171	39.84
1606508869.1	80000	1.969608	0.0	7412644	420	80.0
1606508869.61	80000	2.472603	0.0	9055732	441	80.0
1606508870.31	110000	2.769696	0.0	13101938	612	80.0
1606508870.53	110000	3.545146	0.0	5268213	190	110.0
1606508870.94	110000	4.134609	0.0	9838179	353	110.0
1606508873.24	160000	2.842348	0.0	9163235	2224	110.0
1606508874.23	40000	2.846178	0.0	11199212	926	-80.0
1606508874.97	40000	3.113883	0.0	8376884	680	40.0
1606508875.44	40000	3.643608	0.0	6254528	428	40.0
1606508875.93	40000	4.15115	0.0	7313446	442	40.0
1606508876.33	40000	4.752586	0.0	8054223	349	40.0
1606508876.79	110000	5.292687	0.0	13919609	380	40.0
1606508877.17	110000	5.916705	0.0	11073078	309	110.0
1606508878.77	160000	5.318038	0.0	58830800	1081	110.0
1606508880.46	160000	4.622523	0.0	66935122	1333	160.0
1606508880.79	160000	5.299506	0.0	15251076	239	160.0
1606508881.14	160000	5.943551	0.0	16574034	259	160.0
1606508881.68	160000	6.414045	0.0	13009028	456	160.0
1606508882.34	160000	6.747055	0.0	12791674	596	160.0
1606508886.5	160000	3.594469	0.0	11137898	4081	160.0
1606508886.63	20000	4.46415	0.0	1568649	105	-120.0
1606508886.77	20000	5.33285	0.0	1677618	112	20.0
1606508886.88	20000	6.215575	0.0	1415096	93	20.0
1606508887.04	20000	7.060226	0.0	1894067	128	20.0
1606508887.13	20000	7.962558	0.0	1186604	80	20.0
1606508887.65	110000	8.445329	0.0	6808950	470	20.0
1606508888.37	110000	8.728412	0.0	9608563	659	110.0
1606508889.43	110000	8.668361	0.0	13956444	981	110.0
1606508892.26	110000	6.845353	0.0	33926116	2642	110.0
1606508893.97	80000	6.132143	0.0	22860019	1584	50.0
1606508894.28	80000	6.824887	0.0	4146191	277	80.0
1606508895.18	80000	6.920588	0.0	11601071	836	80.0
1606508896.24	80000	6.86433	0.0	11589115	988	80.0
1606508896.89	80000	7.218394	0.0	8720528	592	80.0
1606508897.47	80000	7.634492	0.0	7852064	535	80.0
1606508898.02	80000	8.086486	0.0	6922163	502	80.0
1606508898.3	80000	8.808771	0.0	3458958	250	80.0
1606508898.74	80000	9.372192	0.0	4351089	393	80.0
1606508899.09	80000	10.023652	0.0	3468038	317	80.0
1606508899.21	80000	10.896205	0.0	1235756	111	80.0
1606508899.32	80000	11.791209	0.0	1010776	89	80.0
1606508899.76	80000	12.353809	0.0	4682485	403	80.0
1606508900.28	80000	12.83113	0.0	5642819	485	80.0
1606508900.5	80000	13.615482	0.0	5815666	177	80.0
1606508900.76	80000	14.354314	0.0	7667415	211	80.0
1606508901.07	110000	15.044687	0.0	8793419	242	80.0
1606508901.33	110000	15.790991	0.0	7475950	206	110.0
1606508901.6	160000	16.523236	0.0	13394791	181	110.0
1606508901.87	160000	17.249804	0.0	14135828	191	160.0
1606508902.16	160000	17.956731	0.0	15366126	208	160.0
1606508902.44	160000	18.684664	0.0	14248439	189	160.0
1606508902.7	160000	19.420102	0.0	13843717	173	160.0
1606508902.97	160000	20.152285	0.0	14665119	186	160.0
1606508903.37	160000	20.76282	0.0	21079187	267	160.0
1606508903.97	160000	21.158335	0.0	25480074	437	160.0
1606508904.54	160000	21.588718	0.0	23021754	443	160.0
1606508905.83	160000	21.302706	0.0	27527834	1109	160.0
1606508906.98	160000	21.153945	0.0	26155848	1007	160.0
1606508907.91	160000	21.222408	0.0	17849379	815	160.0
1606508909.11	160000	21.024769	0.0	16546531	1102	160.0
1606508910.52	160000	20.609452	0.0	17718949	1313	160.0
1606508911.79	110000	20.347259	0.0	11809774	1187	60.0
1606508912.62	110000	20.511212	0.0	13817529	755	110.0
1606508913.7	110000	20.438672	0.0	44222240	833	110.0
1606508913.86	110000	21.273173	0.0	11574285	96	110.0
1606508914.11	110000	22.024501	0.0	17560011	145	110.0
1606508914.35	110000	22.79139	0.0	16439864	136	110.0
1606508914.55	160000	23.591995	0.0	13347845	122	110.0
1606508914.78	160000	24.361356	0.0	14337991	138	160.0
1606508915.01	160000	25.132882	0.0	14584990	144	160.0
1606508915.22	160000	25.918942	0.0	13962401	137	160.0
1606508915.45	160000	26.698291	0.0	14393788	141	160.0
1606508915.67	160000	27.474515	0.0	14649457	138	160.0
1606508915.88	160000	28.266821	0.0	13409715	126	160.0
1606508916.09	160000	29.058616	0.0	13909605	131	160.0
1606508916.29	160000	29.85905	0.0	13301968	125	160.0
1606508916.57	160000	30.574809	0.0	19025846	174	160.0
1606508916.86	160000	31.291464	0.0	19295426	169	160.0
1606508917.13	160000	32.016971	0.0	18261873	160	160.0
1606508917.43	160000	32.728862	0.0	19847604	176	160.0
1606508917.72	160000	33.433834	0.0	18767181	172	160.0
1606508918.05	160000	34.105656	0.0	22420858	201	160.0
1606508918.33	160000	34.821021	0.0	19324333	173	160.0
1606508918.67	160000	35.490783	0.0	20392234	198	160.0
1606508918.8	160000	36.356032	0.0	7671072	79	160.0
1606508919.09	160000	37.067286	0.0	17781906	185	160.0
1606508919.3	160000	37.863549	0.0	12839336	133	160.0
1606508919.47	160000	38.687337	0.0	10779770	111	160.0
1606508919.81	160000	39.353556	0.0	14606687	250	160.0
1606508920.71	160000	39.456536	0.0	41866951	678	160.0
1606508921.29	160000	39.867945	0.0	37238410	387	160.0
1606508921.52	160000	40.640576	0.0	14347759	148	160.0
1606508921.7	160000	41.470296	0.0	11399187	99	160.0
1606508921.86	160000	42.308807	0.0	10358641	90	160.0
1606508922.06	160000	43.103999	0.0	14315696	125	160.0
1606508922.39	160000	43.773009	0.0	23283631	201	160.0
1606508922.96	160000	44.210824	0.0	37521367	344	160.0
1606508923.28	160000	44.885344	0.0	22241104	200	160.0
1606508923.53	160000	45.641101	0.0	15813346	145	160.0
1606508923.77	160000	46.399442	0.0	17116450	137	160.0
1606508924.03	160000	47.141622	0.0	18867054	151	160.0
1606508924.27	160000	47.901236	0.0	17393609	139	160.0
1606508924.61	160000	48.566541	0.0	24759401	198	160.0
1606508924.97	160000	49.210069	0.0	25782433	209	160.0
1606508925.34	160000	49.840546	0.0	25885372	211	160.0
1606508925.7	160000	50.478435	0.0	26242011	214	160.0
1606508926.05	160000	51.131264	0.0	23865378	194	160.0
1606508926.4	160000	51.777906	0.0	25470681	207	160.0
1606508926.8	160000	52.37987	0.0	27258768	219	160.0
1606508927.06	160000	53.123309	0.0	17853711	150	160.0
1606508927.26	160000	53.920042	0.0	14829893	120	160.0
1606508927.65	160000	54.537802	0.0	27779697	226	160.0
1606508928.03	160000	55.152754	0.0	27714923	239	160.0
1606508928.41	160000	55.777235	0.0	25946474	222	160.0
1606508928.69	160000	56.496307	0.0	19596259	169	160.0
1606508929.03	160000	57.15369	0.0	23774167	206	160.0
1606508929.31	160000	57.874087	0.0	19373656	169	160.0
1606508930.07	160000	58.115241	0.0	23977420	620	160.0
1606508932.84	160000	56.353892	0.0	24493733	2625	160.0
1606508933.19	80000	56.996596	0.0	6800911	305	0.0
1606508933.6	80000	57.591167	0.0	8020179	355	80.0
1606508933.97	80000	58.22408	0.0	7882490	318	80.0
1606508934.37	80000	58.828989	0.0	8469705	342	80.0
1606508934.69	80000	59.511182	0.0	10869298	253	80.0
1606508935.53	160000	59.834985	0.0	16001583	241	80.0
1606508938.6	160000	57.593807	0.0	18238584	2964	160.0
1606508939.33	60000	57.86446	0.0	9016602	666	-40.0
1606508940.07	60000	58.128282	0.0	6981592	688	60.0
1606508940.6	60000	58.603107	0.0	5103310	491	60.0
1606508940.72	60000	59.486694	0.0	6244074	75	60.0
1606508941.81	60000	59.590981	0.0	4926138	60	60.0
1606508942.46	80000	59.841983	0.0	9962942	94	60.0
1606508943.64	80000	59.592964	0.0	10840351	101	80.0
1606508944.82	110000	59.593976	0.0	12467336	113	80.0
1606508945.57	160000	59.844983	0.0	15964734	147	110.0
1606508946.69	160000	59.595973	0.0	8284939	72	160.0
1606508947.83	160000	59.596975	0.0	9004706	80	160.0
1606508948.43	160000	59.847994	0.0	6955279	59	160.0
1606508949.59	160000	59.848976	0.0	10701639	89	160.0
1606508950.73	160000	59.599971	0.0	9459459	81	160.0
1606508951.79	160000	59.60097	0.0	3212828	28	160.0
1606508952.84	160000	59.601966	0.0	2509989	22	160.0
1606508953.38	160000	59.852975	0.0	2004927	17	160.0
1606508954.4	160000	59.853976	0.0	591360	4	160.0
1606508955.93	110000	59.788735	0.0	1201371	11	60.0
1606508956.26	40000	1.000999	0.043	377897	3	-6.880000000000003
1606508956.48	20000	2.001999	0.0	11007815	87	0.0
1606508956.79	40000	2.799681	0.0	17616813	142	20.0
1606508957.04	80000	3.544107	0.0	17135714	140	40.0
1606508957.3	110000	4.288383	0.0	17473873	142	80.0
1606508957.63	160000	4.957823	0.0	20946809	171	110.0
1606508957.8	160000	5.79282	0.0	11895609	87	160.0
1606508957.9	160000	6.69053	0.0	7597636	54	160.0
1606508958.83	160000	6.884559	0.0	56067905	400	160.0
1606508959.46	160000	7.273845	0.0	45444680	373	160.0
1606508960.23	160000	7.530156	0.0	54798068	459	160.0
1606508961.25	160000	7.559598	0.0	69464107	546	160.0
1606508961.85	160000	7.970968	0.0	50637608	301	160.0
1606508962.07	160000	8.736484	0.0	19559369	102	160.0
1606508962.32	160000	9.48481	0.0	22224402	120	160.0
1606508962.58	160000	10.232641	0.0	22578365	123	160.0
1606508962.68	160000	11.135635	0.0	8346702	46	160.0
1606508962.86	160000	11.955028	0.0	15775481	88	160.0
1606508962.97	160000	12.849077	0.0	9163235	51	160.0
1606508963.42	160000	13.392477	0.0	41307095	231	160.0
1606508963.74	160000	14.071059	0.0	28763893	161	160.0
1606508964.01	160000	14.810312	0.0	21266416	137	160.0
1606508964.3	160000	15.517451	0.0	23702229	147	160.0
1606508964.63	160000	16.184817	0.0	27580394	178	160.0
1606508964.89	160000	16.9334	0.0	20329780	127	160.0
1606508965.09	160000	17.731477	0.0	16109183	103	160.0
1606508965.79	160000	18.035337	0.0	58830800	362	160.0
1606508968.78	160000	16.075463	0.0	66935122	2578	160.0
1606508969.92	160000	15.957794	0.0	15251076	1046	160.0
