1606464791.0	40000	1.000999	0.036	334476	24	-5.759999999999998
1606464792.23	110000	1.161946	0.0	14912671	1069	40.0
1606464794.01	80000	1.338178	0.921	22644885	1625	-97.36000000000001
1606464795.74	80000	1.429295	0.8	17135714	1642	-48.0
1606464796.76	80000	1.431057	0.0	13114792	944	80.0
1606464797.68	80000	1.555104	0.0	11497228	850	80.0
1606464798.23	80000	2.003286	0.0	6232523	512	80.0
1606464798.73	80000	2.51112	0.0	5425476	457	80.0
1606464801.29	80000	1.219724	0.265	29583867	2324	37.6
1606464802.56	80000	1.296542	0.353	15816325	1186	23.520000000000003
1606464803.69	80000	1.400193	0.224	15275967	1046	44.16
1606464805.43	80000	1.374993	0.724	20600381	1636	-35.84
1606464806.99	80000	1.349542	0.526	17710542	1456	-4.159999999999997
1606464807.57	80000	1.771234	0.0	7412644	529	80.0
1606464808.55	80000	1.791832	0.0	9055732	924	80.0
1606464809.67	80000	1.664444	0.0	9337721	1070	80.0
1606464811.94	80000	1.38028	0.981	3201928	2241	-76.96000000000001
1606464812.31	60000	2.016223	0.0	4718233	325	40.0
1606464812.56	60000	2.765808	0.0	3263003	224	60.0
1606464813.88	60000	2.438911	0.0	15945082	1217	60.0
1606464824.44	60000	26.914122	0.0	1328674	60	60.0
1606464825.07	160000	27.294613	0.0	12158708	548	60.0
1606464825.62	160000	27.742846	0.0	12300216	485	160.0
1606464826.29	160000	28.069918	0.0	15815684	582	160.0
1606464826.83	160000	28.536484	0.0	13526256	458	160.0
1606464827.28	160000	29.083053	0.0	11995130	379	160.0
1606464827.77	160000	29.596401	0.0	13394791	406	160.0
1606464828.25	160000	30.11129	0.0	14135828	403	160.0
1606464828.76	160000	30.603446	0.0	15366126	424	160.0
1606464829.27	160000	31.100931	0.0	14248439	420	160.0
1606464829.79	160000	31.579126	0.0	13843717	444	160.0
1606464830.28	160000	32.09205	0.0	14665119	403	160.0
1606464830.93	160000	32.445957	0.0	21079187	528	160.0
1606464831.44	160000	32.929599	0.0	25480074	375	160.0
1606464831.9	160000	33.469817	0.0	23021754	320	160.0
1606464832.43	160000	33.941448	0.0	27527834	371	160.0
1606464832.93	160000	34.446496	0.0	26155848	348	160.0
1606464833.28	160000	35.100357	0.0	17849379	231	160.0
1606464833.59	160000	35.789858	0.0	16546531	215	160.0
1606464833.92	160000	36.45468	0.0	17718949	232	160.0
1606464834.27	160000	37.107664	0.0	17337137	247	160.0
1606464834.68	160000	37.695135	0.0	20008245	298	160.0
1606464840.71	160000	32.675258	0.0	58430914	5499	160.0
1606464851.67	160000	59.959143	0.0	1455812	101	160.0
1606464851.67	80000	59.743131	0.0	1455812	101	0.0
1606464852.64	80000	59.780137	0.0	12247427	895	80.0
1606464853.61	80000	59.810085	0.0	13038195	897	80.0
1606464854.54	80000	59.87915	0.0	12229430	856	80.0
1606464855.6	80000	59.826318	0.0	12704190	978	80.0
1606464856.58	80000	59.847457	0.0	12007698	908	80.0
1606464857.51	80000	59.915449	0.0	12501375	851	80.0
1606464858.64	80000	59.78192	0.0	13457876	1055	80.0
1606464859.45	80000	59.979778	0.0	8587729	749	80.0
1606464860.47	80000	59.968158	0.0	7067075	471	80.0
1606464861.5	80000	59.925543	0.0	13578682	958	80.0
1606464862.73	80000	59.699713	0.0	13658286	1148	80.0
1606464863.98	80000	59.450614	0.0	13106871	1173	80.0
1606464864.73	80000	59.706438	0.0	9469564	686	80.0
1606464865.8	80000	59.790303	0.0	12216668	840	80.0
1606464866.59	80000	59.838812	0.0	9408461	738	80.0
1606464867.75	80000	59.694196	0.0	12195097	1077	80.0
1606464869.06	80000	59.379664	0.0	12613176	1237	80.0
1606464869.73	80000	59.710433	0.0	6800911	625	80.0
1606464870.45	80000	59.991241	0.0	8020179	670	80.0
1606464871.57	80000	59.979174	0.0	7882490	572	80.0
1606464872.68	80000	59.980158	0.0	8469705	557	80.0
1606464873.57	80000	59.867905	0.0	10869298	827	80.0
1606464874.73	80000	59.732178	0.0	8336931	605	80.0
1606464877.72	80000	57.726627	0.0	9782551	2919	80.0
1606464888.52	80000	59.996168	0.0	947625	123	80.0
1606464888.53	80000	59.925023	0.0	947625	123	80.0
1606464888.54	60000	59.917848	0.0	947625	123	40.0
1606464889.94	60000	59.747066	0.0	2809840	377	60.0
1606464890.59	40000	59.998154	0.0	352526	133	20.0
1606464891.62	40000	59.99916	0.0	267244	18	40.0
1606464891.63	110000	59.82749	0.0	267244	18	40.0
1606464892.72	110000	59.750051	0.0	1128453	74	110.0
1606464892.73	60000	59.729901	0.0	1128453	74	10.0
1606464893.75	60000	59.75101	0.0	124268	7	60.0
1606464893.76	110000	59.700648	0.0	124268	7	60.0
