1629298155.83	40000	1.000999	0.041	334476	28	-6.560000000000002
1629298156.78	20000	1.408781	0.0	11007815	793	0.0
1629298157.71	20000	1.509785	0.0	8849724	859	20.0
1629298161.4	160000	1.253631	2.41	22711544	3497	-365.6
1629298165.16	160000	1.277836	2.723	19639705	3646	-275.68
1629298165.27	20000	2.160637	0.0	1315024	94	-120.0
1629298166.22	160000	2.24225	0.0	11895609	870	20.0
1629298166.84	160000	2.620766	0.0	7597636	565	160.0
1629298167.18	20000	3.289887	0.0	4047415	293	-120.0
1629298167.41	20000	4.052009	0.0	2863079	204	20.0
1629298167.75	20000	4.718158	0.0	4167844	302	20.0
1629298168.26	20000	5.207198	0.0	5571764	470	20.0
1629298168.72	20000	5.75289	0.0	4925652	419	20.0
1629298171.25	160000	4.218921	0.0	19559369	2420	20.0
1629298173.11	160000	3.364977	0.0	22224402	1729	160.0
1629298175.09	160000	2.379525	0.0	22578365	1845	160.0
1629298175.71	160000	2.764697	0.0	8346702	558	160.0
1629298177.34	160000	2.139599	0.0	15775481	1522	160.0
1629298179.23	160000	1.269482	0.027	9163235	1839	155.68
1629298179.78	20000	1.71942	0.0	6357933	500	-120.0
1629298180.2	20000	2.301599	0.0	4814284	374	20.0
1629298181.87	160000	1.63217	0.0	21266416	1542	20.0
1629298184.03	160000	1.316599	0.838	23702229	2007	25.919999999999987
1629298186.28	160000	1.404416	1.339	27580394	2115	-54.24000000000001
1629298187.68	160000	1.494218	0.487	20329780	1296	82.08
1629298188.71	160000	1.463907	0.0	16109183	934	160.0
1629298189.24	20000	1.931335	0.0	9946363	469	-120.0
1629298189.81	20000	2.363132	0.0	11684632	501	20.0
1629298190.77	160000	2.402056	0.0	15251076	875	20.0
1629298195.27	160000	1.452173	2.545	16574034	4401	-247.2
1629298197.49	160000	1.281165	1.049	13009028	2144	-7.840000000000003
1629298198.46	160000	1.313208	0.0	12791674	890	160.0
1629298199.3	160000	1.472093	0.0	11137898	771	160.0
1629298200.19	160000	1.58809	0.0	11485310	810	160.0
1629298201.27	160000	1.505105	0.0	12428518	1007	160.0
1629298202.11	160000	1.666305	0.0	9963766	776	160.0
1629298203.08	160000	1.693719	0.0	12189364	897	160.0
1629298203.96	160000	1.821239	0.0	10142396	805	160.0
1629298205.05	160000	1.737851	0.0	10185488	1019	160.0
1629298206.19	160000	1.593855	0.0	14061455	1057	160.0
1629298207.85	160000	1.320639	0.394	20074099	1561	96.96000000000001
1629298208.32	20000	1.856138	0.0	4742872	423	-120.0
1629298208.83	20000	2.341811	0.0	4955535	476	20.0
1629298209.49	160000	2.688655	0.0	7891151	595	20.0
1629298211.2	160000	1.975836	0.0	21012466	1593	160.0
1629298213.08	160000	1.486591	0.39	23519424	1759	97.6
1629298214.68	160000	1.380174	0.49	18715420	1500	81.6
1629298216.12	160000	1.370332	0.426	17000816	1344	91.84
1629298217.27	160000	1.297545	0.075	14448126	1064	148.0
1629298217.79	160000	1.770404	0.0	6958676	476	160.0
1629298218.53	160000	2.038006	0.0	9088791	671	160.0
1629298219.13	160000	2.436464	0.0	7211881	555	160.0
1629298219.39	160000	3.178689	0.0	3063586	230	160.0
1629298219.62	160000	3.94514	0.0	2782179	209	160.0
1629298220.42	160000	4.146238	0.0	9958410	735	160.0
1629298222.83	160000	2.739504	0.0	12158708	2325	160.0
1629298223.93	160000	2.636839	0.0	12300216	1028	160.0
1629298225.33	160000	2.239038	0.0	15815684	1305	160.0
1629298227.75	160000	1.382309	0.56	13526256	2346	70.4
1629298228.89	160000	1.443309	0.199	11995130	1070	128.16
1629298230.02	160000	1.392679	0.082	13394791	1064	146.88
1629298231.27	160000	1.475198	0.331	14135828	1176	107.03999999999999
1629298232.61	160000	1.307503	0.169	15366126	1249	132.96
1629298233.78	160000	1.476724	0.341	14248439	1091	105.44
1629298235.35	160000	1.31912	0.41	13843717	1495	94.4
1629298236.75	160000	1.480197	0.562	14665119	1328	70.08
1629298240.87	160000	1.293137	2.93	21079187	4003	-308.8
1629298241.12	20000	2.040602	0.0	2587311	221	-120.0
1629298241.3	20000	2.8628	0.0	2178351	155	20.0
1629298241.55	20000	3.613445	0.0	3121089	220	20.0
1629298241.79	20000	4.381558	0.0	2857420	201	20.0
1629298243.07	160000	4.101022	0.0	17849379	1174	20.0
1629298244.17	160000	3.99981	0.0	16546531	993	160.0
1629298245.22	160000	3.94903	0.0	17718949	943	160.0
1629298246.24	160000	3.93337	0.0	17337137	912	160.0
1629298247.29	160000	3.880416	0.0	20008245	917	160.0
1629298247.78	20000	4.394257	0.0	9620218	419	-120.0
1629298248.51	160000	4.662749	0.0	16292703	629	20.0
1629298249.48	160000	4.699367	0.0	25587422	812	160.0
1629298250.31	160000	4.867454	0.0	23982306	687	160.0
1629298250.71	160000	5.461511	0.0	13347845	328	160.0
1629298251.15	160000	6.028004	0.0	14337991	352	160.0
1629298251.55	160000	6.628807	0.0	14584990	316	160.0
1629298251.94	160000	7.243196	0.0	13962401	305	160.0
1629298252.32	160000	7.857405	0.0	14393788	297	160.0
1629298252.65	160000	8.527036	0.0	14649457	245	160.0
1629298252.96	160000	9.2253	0.0	13409715	224	160.0
1629298253.27	160000	9.916519	0.0	13909605	233	160.0
1629298253.53	160000	10.652284	0.0	13301968	186	160.0
1629298253.92	160000	11.26781	0.0	19025846	265	160.0
1629298254.31	160000	11.875334	0.0	19295426	270	160.0
1629298254.69	160000	12.501507	0.0	18261873	263	160.0
1629298255.09	160000	13.09498	0.0	19847604	285	160.0
1629298255.65	160000	13.540537	0.0	18767181	440	160.0
1629298256.5	160000	13.693317	0.0	22420858	712	160.0
1629298257.34	160000	13.856849	0.0	19324333	714	160.0
1629298257.89	160000	14.307618	0.0	20392234	427	160.0
1629298258.11	160000	15.083729	0.0	7671072	158	160.0
1629298258.5	160000	15.697525	0.0	17781906	280	160.0
1629298258.75	160000	16.442753	0.0	12839336	172	160.0
1629298258.97	160000	17.229691	0.0	10779770	144	160.0
1629298259.26	160000	17.948705	0.0	14606687	196	160.0
1629298260.09	160000	18.107785	0.0	41866951	515	160.0
1629298260.75	160000	18.447367	0.0	37238410	464	160.0
1629298261.01	160000	19.189927	0.0	14347759	175	160.0
1629298261.22	160000	19.984734	0.0	11399187	139	160.0
1629298261.41	160000	20.79021	0.0	10358641	115	160.0
1629298261.67	160000	21.531012	0.0	14315696	170	160.0
1629298262.09	160000	22.125052	0.0	23283631	272	160.0
1629298262.75	160000	22.454876	0.0	37521367	459	160.0
1629298263.16	160000	23.048356	0.0	22241104	279	160.0
1629298263.49	160000	23.720948	0.0	15813346	235	160.0
1629298263.88	160000	24.32907	0.0	17116450	290	160.0
1629298264.32	160000	24.888028	0.0	18867054	320	160.0
1629298264.63	160000	25.582321	0.0	17393609	203	160.0
1629298265.05	160000	26.158793	0.0	24759401	288	160.0
1629298265.5	160000	26.715305	0.0	25782433	298	160.0
1629298265.95	160000	27.259749	0.0	25885372	298	160.0
1629298266.43	160000	27.788056	0.0	26242011	301	160.0
1629298266.84	160000	28.372997	0.0	23865378	266	160.0
1629298267.29	160000	28.931065	0.0	25470681	284	160.0
1629298270.73	160000	26.48581	0.0	27258768	3271	160.0
1629298272.23	160000	25.98593	0.0	17853711	1394	160.0
1629298273.35	160000	25.870619	0.0	14829893	1031	160.0
1629298275.55	160000	24.674457	0.0	27779697	2043	160.0
1629298276.22	160000	25.004318	0.0	27714923	516	160.0
1629298276.7	160000	25.526175	0.0	25946474	314	160.0
1629298277.09	160000	26.137189	0.0	19596259	253	160.0
1629298277.48	160000	26.741177	0.0	23774167	253	160.0
1629298277.85	160000	27.3759	0.0	19373656	235	160.0
1629298278.28	160000	27.949135	0.0	23977420	289	160.0
1629298278.66	160000	28.569881	0.0	24493733	244	160.0
1629298278.88	160000	29.349966	0.0	14528511	139	160.0
1629298279.14	160000	30.087992	0.0	16841176	160	160.0
1629298279.4	160000	30.828368	0.0	16743604	161	160.0
1629298279.67	160000	31.563279	0.0	17975224	156	160.0
1629298279.99	160000	32.244907	0.0	22329548	193	160.0
1629298280.22	160000	33.010871	0.0	16001583	139	160.0
1629298280.49	160000	33.748672	0.0	18238584	159	160.0
1629298280.8	160000	34.43329	0.0	21308824	193	160.0
1629298281.07	160000	35.165819	0.0	17749058	164	160.0
1629298281.28	160000	35.959554	0.0	14127787	128	160.0
1629298281.55	160000	36.691996	0.0	17525699	161	160.0
1629298281.77	160000	37.467108	0.0	14240042	132	160.0
1629298282.08	160000	38.165463	0.0	20324139	179	160.0
1629298282.42	160000	38.82629	0.0	21993033	203	160.0
1629298282.74	160000	39.499293	0.0	18863108	208	160.0
1629298283.02	160000	40.220021	0.0	15964734	176	160.0
1629298283.17	160000	41.074483	0.0	8284939	91	160.0
1629298283.33	160000	41.91663	0.0	9004706	99	160.0
1629298283.46	160000	42.788803	0.0	6955279	78	160.0
1629298283.65	160000	43.599543	0.0	10701639	121	160.0
1629298283.82	160000	44.4306	0.0	9459459	107	160.0
1629298283.88	160000	45.365366	0.0	3212828	36	160.0
1629298283.94	160000	46.311136	0.0	2509989	28	160.0
1629298283.98	160000	47.26785	0.0	2004927	22	160.0
1629298284.01	160000	48.244445	0.0	591360	7	160.0
1629298284.06	160000	49.627913	0.0	2394426	27	160.0
1629298284.38	40000	1.000999	0.026	336477	2	-4.159999999999997
1629298284.79	160000	1.933936	0.0	14912671	244	40.0
1629298285.4	160000	2.318023	0.0	24265636	397	160.0
1629298287.07	160000	1.750172	0.0	22711544	1529	160.0
1629298289.14	160000	1.314489	0.576	19639705	1954	67.84
1629298293.39	160000	1.302305	3.219	20946809	4139	-355.03999999999996
1629298294.48	160000	1.273194	0.058	11895609	1016	150.72
1629298295.04	160000	1.717526	0.0	7597636	508	160.0
1629298295.35	20000	2.40919	0.0	4047415	269	-120.0
1629298295.5	20000	3.262014	0.0	2863079	120	20.0
1629298295.65	20000	4.111931	0.0	4167844	115	20.0
1629298295.84	20000	4.916257	0.0	5571764	153	20.0
1629298297.55	160000	4.208997	0.0	50637608	1271	20.0
1629298302.89	160000	1.338059	1.464	19559369	5223	-74.24000000000001
1629298304.8	160000	1.303747	0.873	22224402	1792	20.319999999999993
1629298306.19	160000	1.428532	0.52	22578365	1279	76.8
1629298306.57	160000	2.059037	0.0	8346702	316	160.0
1629298307.14	160000	2.483067	0.0	15775481	478	160.0
1629298307.48	160000	3.149034	0.0	9163235	278	160.0
1629298308.76	160000	2.863075	0.0	41307095	1047	160.0
1629298309.69	160000	2.932969	0.0	28763893	757	160.0
1629298310.35	160000	3.276908	0.0	21266416	530	160.0
1629298311.06	160000	3.574942	0.0	23702229	560	160.0
1629298311.85	160000	3.782148	0.0	27580394	627	160.0
1629298312.42	160000	4.214912	0.0	20329780	439	160.0
1629298312.85	160000	4.78756	0.0	16109183	333	160.0
1629298314.44	160000	4.194998	0.0	58830800	1199	160.0
