1606506230.19	40000	1.000999	0.042	334476	31	-6.719999999999999
1606506231.33	20000	1.282814	0.0	11007815	962	0.0
1606506232.07	20000	1.564112	0.0	8849724	607	20.0
1606506232.4	20000	2.235455	0.0	3191121	233	20.0
1606506232.85	40000	2.821779	0.0	4726840	347	20.0
1606506234.66	160000	2.018607	0.0	20946809	1547	40.0
1606506235.67	160000	2.007839	0.0	11895609	870	160.0
1606506236.32	160000	2.362848	0.0	7597636	525	160.0
1606506237.71	60000	1.974041	0.0	17832465	1212	-40.0
1606506238.58	60000	2.108585	0.0	9877442	735	60.0
1606506239.93	80000	1.750317	0.0	15275967	1188	60.0
1606506241.25	80000	1.481661	0.049	20600381	1127	72.16
1606506241.71	80000	2.017056	0.0	17710542	283	80.0
1606506241.95	80000	2.784401	0.0	7412644	117	80.0
1606506242.58	160000	3.160412	0.0	22224402	415	80.0
1606506243.19	160000	3.540971	0.0	22578365	425	160.0
1606506243.46	160000	4.276351	0.0	8346702	148	160.0
1606506243.9	160000	4.838559	0.0	15775481	279	160.0
1606506246.23	160000	3.5092	0.0	9163235	2192	160.0
1606506247.0	20000	3.741708	0.0	6357933	654	-120.0
1606506247.55	20000	4.187445	0.0	4814284	450	20.0
1606506247.97	20000	4.771768	0.0	3419258	320	20.0
1606506248.36	20000	5.377498	0.0	3944328	294	20.0
1606506248.77	20000	5.968705	0.0	4284196	310	20.0
1606506249.3	40000	6.447475	0.0	5596063	412	20.0
1606506249.72	40000	7.025752	0.0	4316804	324	40.0
1606506251.38	40000	6.367172	0.0	18604040	1489	40.0
1606506253.64	80000	5.108885	0.0	37801487	1864	40.0
1606506254.27	160000	5.48708	0.0	15251076	460	80.0
1606506254.83	160000	5.923835	0.0	16574034	397	160.0
1606506255.26	160000	6.4868	0.0	13009028	302	160.0
1606506255.67	160000	7.078295	0.0	12791674	274	160.0
1606506256.05	160000	7.702839	0.0	11137898	252	160.0
1606506256.41	160000	8.351851	0.0	11485310	225	160.0
1606506256.79	160000	8.964506	0.0	12428518	237	160.0
1606506257.11	160000	9.64963	0.0	9963766	195	160.0
1606506257.46	160000	10.293812	0.0	12189364	223	160.0
1606506257.77	160000	10.984945	0.0	10142396	186	160.0
1606506258.09	160000	11.673501	0.0	10185488	187	160.0
1606506259.17	160000	11.584746	0.0	14061455	937	160.0
1606506265.03	160000	6.734177	0.0	20074099	5668	160.0
1606506265.48	20000	7.285418	0.0	4742872	343	-120.0
1606506265.91	20000	7.84867	0.0	4955535	333	20.0
1606506266.08	20000	8.680237	0.0	1260540	83	20.0
1606506266.44	20000	9.324345	0.0	3605246	260	20.0
1606506266.74	20000	10.025671	0.0	2770338	198	20.0
1606506267.69	160000	10.073871	0.0	18715420	780	20.0
1606506268.32	160000	10.443547	0.0	17000816	465	160.0
1606506268.65	160000	11.120744	0.0	14448126	175	160.0
1606506268.84	160000	11.929206	0.0	6958676	84	160.0
1606506269.07	160000	12.696673	0.0	9088791	110	160.0
1606506269.28	160000	13.493209	0.0	7211881	92	160.0
1606506269.42	160000	14.349593	0.0	3063586	55	160.0
1606506269.55	160000	15.221283	0.0	2782179	39	160.0
1606506269.83	160000	15.948961	0.0	9958410	140	160.0
1606506270.14	160000	16.639183	0.0	12158708	173	160.0
1606506270.42	160000	17.359751	0.0	12300216	144	160.0
1606506270.75	160000	18.022235	0.0	15815684	183	160.0
1606506271.05	160000	18.725288	0.0	13526256	157	160.0
1606506271.32	160000	19.454649	0.0	11995130	139	160.0
1606506271.62	160000	20.162072	0.0	13394791	156	160.0
1606506271.93	160000	20.854143	0.0	14135828	164	160.0
1606506272.26	160000	21.525299	0.0	15366126	179	160.0
1606506272.54	160000	22.2378	0.0	14248439	142	160.0
1606506272.83	160000	22.956484	0.0	13843717	139	160.0
1606506273.12	160000	23.663915	0.0	14665119	147	160.0
1606506273.52	160000	24.267833	0.0	21079187	213	160.0
1606506274.0	160000	24.78748	0.0	25480074	270	160.0
1606506274.47	160000	25.320242	0.0	23021754	261	160.0
1606506275.09	160000	25.698467	0.0	27527834	392	160.0
1606506275.59	160000	26.203498	0.0	26155848	268	160.0
1606506275.92	160000	26.873009	0.0	17849379	165	160.0
1606506276.23	160000	27.56164	0.0	16546531	152	160.0
1606506276.56	160000	28.228073	0.0	17718949	167	160.0
1606506276.9	160000	28.890408	0.0	17337137	159	160.0
1606506277.27	160000	29.52469	0.0	20008245	189	160.0
1606506278.34	160000	29.456201	0.0	58430914	552	160.0
1606506278.66	160000	30.136781	0.0	16292703	142	160.0
1606506279.09	160000	30.707537	0.0	25587422	224	160.0
1606506279.49	160000	31.308266	0.0	23982306	204	160.0
1606506279.75	160000	32.06166	0.0	13347845	108	160.0
1606506280.0	160000	32.797654	0.0	14337991	111	160.0
1606506280.27	160000	33.535919	0.0	14584990	118	160.0
1606506280.53	160000	34.272463	0.0	13962401	126	160.0
1606506280.8	160000	35.002285	0.0	14393788	130	160.0
1606506281.07	160000	35.72989	0.0	14649457	132	160.0
1606506281.33	160000	36.473152	0.0	13409715	121	160.0
1606506281.6	160000	37.212929	0.0	13909605	121	160.0
1606506281.86	160000	37.952651	0.0	13301968	114	160.0
1606506282.2	160000	38.60775	0.0	19025846	166	160.0
1606506282.52	160000	39.294203	0.0	19295426	145	160.0
1606506282.82	160000	39.992726	0.0	18261873	134	160.0
1606506283.14	160000	40.667114	0.0	19847604	146	160.0
1606506283.55	160000	41.26244	0.0	18767181	238	160.0
1606506284.21	160000	41.604609	0.0	22420858	471	160.0
1606506284.57	160000	42.24404	0.0	19324333	187	160.0
1606506284.93	160000	42.88183	0.0	20392234	182	160.0
1606506285.11	160000	43.703609	0.0	7671072	68	160.0
1606506285.44	160000	44.381943	0.0	17781906	159	160.0
1606506285.69	160000	45.131742	0.0	12839336	113	160.0
1606506285.92	160000	45.9011	0.0	10779770	91	160.0
1606506286.21	160000	46.611875	0.0	14606687	144	160.0
1606506287.71	160000	46.113263	0.0	41866951	1190	160.0
1606506289.07	160000	45.754281	0.0	37238410	1077	160.0
1606506290.25	160000	45.577919	0.0	14347759	1031	160.0
1606506291.23	160000	45.59266	0.0	11399187	853	160.0
1606506292.3	160000	45.530007	0.0	10358641	939	160.0
1606506293.49	160000	45.339781	0.0	14315696	1050	160.0
1606506295.62	160000	44.204118	0.0	23283631	1939	160.0
1606506298.85	160000	41.979533	0.0	37521367	2935	160.0
1606506300.68	160000	41.147359	0.0	22241104	1644	160.0
1606506302.06	160000	40.770053	0.0	15813346	1213	160.0
1606506303.82	160000	40.012704	0.0	17116450	1596	160.0
1606506305.64	160000	39.19448	0.0	18867054	1649	160.0
1606506307.08	160000	38.750586	0.0	17393609	1275	160.0
1606506309.3	160000	37.539712	0.0	24759401	2009	160.0
1606506311.46	160000	36.374047	0.0	25782433	1962	160.0
1606506313.6	160000	35.233835	0.0	25885372	1922	160.0
1606506315.72	160000	34.113252	0.0	26242011	1907	160.0
1606506317.97	160000	32.870331	0.0	23865378	2027	160.0
1606506320.03	160000	31.810103	0.0	25470681	1852	160.0
1606506322.18	160000	30.656776	0.0	27258768	1914	160.0
1606506323.61	160000	30.232669	0.0	17853711	1256	160.0
1606506324.87	160000	29.972748	0.0	14829893	1109	160.0
1606506327.15	160000	28.689613	0.0	27779697	2060	160.0
1606506329.56	160000	27.281119	0.0	27714923	2188	160.0
1606506331.85	160000	26.000379	0.0	25946474	2071	160.0
1606506333.11	160000	25.740926	0.0	19596259	1068	160.0
1606506334.23	160000	25.619606	0.0	23774167	908	160.0
1606506335.15	160000	25.700822	0.0	19373656	746	160.0
1606506336.94	160000	24.906698	0.0	23977420	1603	160.0
1606506338.99	160000	23.860254	0.0	24493733	1845	160.0
1606506340.19	160000	23.660949	0.0	14528511	1050	160.0
1606506341.66	160000	23.18883	0.0	16841176	1308	160.0
1606506343.04	160000	22.815284	0.0	16743604	1213	160.0
1606506344.63	160000	22.226205	0.0	17975224	1414	160.0
1606506345.95	160000	21.910345	0.0	22329548	1124	160.0
1606506346.31	160000	22.547967	0.0	16001583	203	160.0
1606506346.72	160000	23.143823	0.0	18238584	232	160.0
1606506347.17	160000	23.689666	0.0	21308824	253	160.0
1606506347.55	160000	24.312553	0.0	17749058	212	160.0
1606506347.86	160000	25.000725	0.0	14127787	168	160.0
1606506348.23	160000	25.632108	0.0	17525699	204	160.0
1606506348.54	160000	26.320477	0.0	14240042	167	160.0
1606506348.97	160000	26.894802	0.0	20324139	246	160.0
1606506349.41	160000	27.451693	0.0	21993033	258	160.0
1606506349.81	160000	28.059173	0.0	18863108	215	160.0
1606506350.47	160000	28.395571	0.0	15964734	501	160.0
1606506350.98	160000	28.889071	0.0	8284939	391	160.0
1606506351.85	160000	29.023017	0.0	9004706	738	160.0
1606506352.6	160000	29.265312	0.0	6955279	649	160.0
1606506353.1	160000	29.768421	0.0	10701639	372	160.0
1606506353.52	160000	30.351119	0.0	9459459	298	160.0
1606506353.71	160000	31.161988	0.0	3212828	100	160.0
1606506353.96	160000	31.915206	0.0	2509989	170	160.0
1606506354.16	160000	32.7153	0.0	2004927	135	160.0
1606506354.25	160000	33.627837	0.0	591360	39	160.0
1606506354.46	160000	34.847079	0.0	2394426	166	160.0
1606506354.88	40000	1.000999	0.052	336477	30	-8.32
1606506356.21	20000	1.367882	0.379	11007815	1162	-60.64
1606506356.94	20000	1.637301	0.0	8849724	605	20.0
1606506357.14	20000	2.466909	0.0	3191121	102	20.0
1606506357.4	40000	3.213926	0.0	4726840	151	20.0
1606506358.56	160000	3.071479	0.0	20946809	904	40.0
1606506359.82	160000	2.818084	0.0	11895609	1117	160.0
1606506360.92	160000	2.718018	0.0	7597636	986	160.0
1606506361.99	40000	2.650982	0.0	9295618	937	-80.0
1606506362.4	40000	3.239158	0.0	5971357	295	40.0
1606506362.71	20000	3.927117	0.0	4167844	208	0.0
1606506363.47	20000	4.171656	0.0	5571764	646	20.0
1606506364.03	20000	4.609705	0.0	4925652	458	20.0
1606506364.91	110000	4.735302	0.0	10838546	741	20.0
1606506365.52	160000	5.120518	0.0	22224402	421	110.0
1606506366.09	160000	5.552359	0.0	22578365	376	160.0
1606506366.32	160000	6.321753	0.0	8346702	119	160.0
1606506366.71	160000	6.935818	0.0	15775481	226	160.0
1606506367.62	160000	7.029506	0.0	9163235	783	160.0
1606506369.31	110000	6.338368	0.0	26576979	1436	60.0
1606506369.89	110000	6.76299	0.0	19285617	396	110.0
1606506370.35	110000	7.304423	0.0	14817542	306	110.0
1606506370.87	110000	7.782217	0.0	17002609	352	110.0
1606506371.4	110000	8.247697	0.0	19316039	352	110.0
1606506371.95	160000	8.705574	0.0	20329780	354	110.0
1606506372.39	160000	9.259282	0.0	16109183	288	160.0
1606506374.66	160000	7.997804	0.0	58830800	1639	160.0
1606506380.37	160000	3.286598	0.0	66935122	5284	160.0
1606506381.18	160000	3.479222	0.0	15251076	657	160.0
1606506381.71	160000	3.94737	0.0	16574034	366	160.0
