1606490588.53	40000	1.000999	0.025	334476	13	-4.0
1606490589.42	160000	1.486522	0.0	14912671	652	40.0
1606490591.21	160000	1.450073	0.723	24265636	1547	44.31999999999999
1606490593.26	160000	1.436342	1.004	22711544	1866	-0.6399999999999864
1606490595.0	160000	1.313319	0.588	19639705	1558	65.92
1606490596.96	160000	1.31364	0.944	20946809	1788	8.960000000000008
1606490598.1	160000	1.258253	0.081	11895609	998	147.04
1606490598.78	160000	1.584612	0.0	7597636	559	160.0
1606490600.44	60000	1.339753	0.418	17832465	1486	-106.88
1606490602.69	60000	1.26107	1.169	9877442	2127	-127.03999999999999
1606490604.1	60000	1.430833	0.583	10988410	1288	-33.28
1606490605.01	40000	1.526699	0.0	10578989	762	20.0
1606490605.82	40000	1.71976	0.0	9449433	680	40.0
1606490606.45	80000	2.088025	0.0	7412644	511	40.0
1606490607.2	80000	2.33646	0.0	9055732	630	80.0
1606490607.91	80000	2.6285	0.0	9337721	583	80.0
1606490608.52	160000	3.017785	0.0	8346702	494	80.0
1606490609.73	160000	2.811097	0.0	15775481	1046	160.0
1606490610.35	160000	3.185729	0.0	9163235	504	160.0
1606490611.95	110000	2.587817	0.0	26576979	1380	60.0
1606490613.13	110000	2.414275	0.0	19285617	997	110.0
1606490614.64	160000	1.909403	0.0	21266416	1304	110.0
1606490621.24	160000	1.275296	4.966	23702229	6398	-634.56
1606490622.63	80000	1.492177	0.612	14862949	1251	-97.92
1606490623.64	80000	1.485743	0.0	10513690	875	80.0
1606490624.25	80000	1.879937	0.0	8329186	490	80.0
1606490624.85	20000	2.280789	0.0	9946363	469	-40.0
1606490625.43	20000	2.700423	0.0	11684632	444	20.0
1606490626.11	160000	3.019801	0.0	15251076	529	20.0
1606490626.83	160000	3.301943	0.0	16574034	553	160.0
1606490627.32	160000	3.813234	0.0	13009028	341	160.0
1606490627.84	160000	4.294231	0.0	12791674	382	160.0
1606490628.36	160000	4.776188	0.0	11137898	388	160.0
1606490629.15	160000	4.984852	0.0	11485310	662	160.0
1606490630.04	160000	5.092136	0.0	12428518	753	160.0
1606490630.66	160000	5.474184	0.0	9963766	495	160.0
1606490631.03	160000	6.10693	0.0	12189364	230	160.0
1606490631.35	160000	6.79142	0.0	10142396	191	160.0
1606490631.67	160000	7.473513	0.0	10185488	192	160.0
1606490632.07	160000	8.068939	0.0	14061455	262	160.0
1606490632.63	160000	8.513796	0.0	20074099	374	160.0
1606490635.19	160000	6.950721	0.0	46115254	2092	160.0
1606490640.43	160000	2.71305	0.0	40906522	4938	160.0
1606490640.87	160000	3.276085	0.0	7891151	322	160.0
1606490641.58	160000	3.565882	0.0	21012466	521	160.0
1606490642.35	160000	3.799215	0.0	23519424	560	160.0
1606490642.99	160000	4.16143	0.0	18715420	456	160.0
1606490643.58	160000	4.565196	0.0	17000816	433	160.0
1606490644.1	160000	5.04923	0.0	14448126	368	160.0
1606490644.39	160000	5.759644	0.0	6958676	178	160.0
1606490644.74	160000	6.409639	0.0	9088791	232	160.0
1606490645.01	160000	7.141549	0.0	7211881	156	160.0
1606490645.17	160000	7.984691	0.0	3063586	66	160.0
1606490645.32	160000	8.837541	0.0	2782179	59	160.0
1606490645.66	160000	9.497741	0.0	9958410	216	160.0
1606490646.12	160000	10.038424	0.0	12158708	324	160.0
1606490646.61	160000	10.552191	0.0	12300216	340	160.0
1606490647.16	160000	10.998566	0.0	15815684	392	160.0
1606490647.63	160000	11.533432	0.0	13526256	327	160.0
1606490648.01	160000	12.147675	0.0	11995130	251	160.0
1606490648.44	160000	12.721526	0.0	13394791	275	160.0
1606490648.87	160000	13.288018	0.0	14135828	291	160.0
1606490649.34	160000	13.822674	0.0	15366126	319	160.0
1606490649.78	160000	14.380416	0.0	14248439	295	160.0
1606490650.16	160000	15.008935	0.0	13843717	232	160.0
1606490650.54	160000	15.624998	0.0	14665119	232	160.0
1606490651.07	160000	16.097535	0.0	21079187	335	160.0
1606490651.67	160000	16.495411	0.0	25480074	401	160.0
1606490652.22	160000	16.944069	0.0	23021754	354	160.0
1606490652.88	160000	17.290366	0.0	27527834	439	160.0
1606490653.49	160000	17.676749	0.0	26155848	395	160.0
1606490653.94	160000	18.227651	0.0	17849379	278	160.0
1606490654.36	160000	18.813993	0.0	16546531	247	160.0
1606490654.79	160000	19.381482	0.0	17718949	264	160.0
1606490655.19	160000	19.989176	0.0	17337137	227	160.0
1606490655.63	160000	20.546735	0.0	20008245	262	160.0
1606490656.79	160000	20.385364	0.0	58430914	710	160.0
1606490657.27	160000	20.905436	0.0	16292703	311	160.0
1606490657.97	160000	21.210337	0.0	25587422	490	160.0
1606490658.53	160000	21.649157	0.0	23982306	363	160.0
1606490658.87	160000	22.3096	0.0	13347845	199	160.0
1606490659.17	160000	23.007237	0.0	14337991	157	160.0
1606490659.48	160000	23.702888	0.0	14584990	160	160.0
1606490659.77	160000	24.409962	0.0	13962401	154	160.0
1606490660.06	160000	25.133373	0.0	14393788	135	160.0
1606490660.34	160000	25.842492	0.0	14649457	137	160.0
1606490660.61	160000	26.579678	0.0	13409715	125	160.0
1606490660.88	160000	27.311019	0.0	13909605	132	160.0
1606490661.15	160000	28.043227	0.0	13301968	128	160.0
1606490661.5	160000	28.687523	0.0	19025846	184	160.0
1606490661.86	160000	29.330045	0.0	19295426	186	160.0
1606490662.22	160000	29.971737	0.0	18261873	193	160.0
1606490662.6	160000	30.593044	0.0	19847604	202	160.0
1606490662.98	160000	31.217396	0.0	18767181	190	160.0
1606490663.4	160000	31.797796	0.0	22420858	225	160.0
1606490663.78	160000	32.419585	0.0	19324333	195	160.0
1606490664.18	160000	33.014335	0.0	20392234	224	160.0
1606490664.38	160000	33.81635	0.0	7671072	84	160.0
1606490664.75	160000	34.452746	0.0	17781906	197	160.0
1606490665.02	160000	35.18104	0.0	12839336	114	160.0
1606490665.24	160000	35.959051	0.0	10779770	94	160.0
1606490665.51	160000	36.688487	0.0	14606687	128	160.0
1606490666.18	160000	37.027216	0.0	41866951	363	160.0
1606490666.77	160000	37.436977	0.0	37238410	313	160.0
1606490667.05	160000	38.149873	0.0	14347759	135	160.0
1606490667.29	160000	38.911932	0.0	11399187	108	160.0
1606490667.52	160000	39.685228	0.0	10358641	98	160.0
1606490667.8	160000	40.406576	0.0	14315696	136	160.0
1606490668.23	160000	40.977853	0.0	23283631	237	160.0
1606490668.85	160000	41.356279	0.0	37521367	338	160.0
1606490669.25	160000	41.960837	0.0	22241104	211	160.0
1606490669.56	160000	42.648437	0.0	15813346	151	160.0
1606490669.89	160000	43.320583	0.0	17116450	163	160.0
1606490670.54	160000	43.668857	0.0	18867054	482	160.0
1606490671.73	160000	43.481554	0.0	17393609	1022	160.0
1606490673.19	160000	43.026389	0.0	24759401	1251	160.0
1606490675.07	160000	42.14279	0.0	25782433	1670	160.0
1606490676.0	160000	42.214744	0.0	25885372	698	160.0
1606490676.69	160000	42.529989	0.0	26242011	463	160.0
1606490677.34	160000	42.881195	0.0	23865378	434	160.0
1606490678.02	160000	43.19589	0.0	25470681	476	160.0
1606490678.74	160000	43.485795	0.0	27258768	474	160.0
1606490679.69	160000	43.530202	0.0	17853711	791	160.0
1606490682.77	160000	41.453274	0.0	14829893	2928	160.0
1606490684.93	160000	40.297042	0.0	27779697	1931	160.0
1606490685.51	160000	40.711697	0.0	27714923	356	160.0
1606490686.06	160000	41.176134	0.0	25946474	331	160.0
1606490686.43	160000	41.797951	0.0	19596259	194	160.0
1606490686.87	160000	42.36724	0.0	23774167	232	160.0
1606490687.22	160000	43.008793	0.0	19373656	173	160.0
1606490687.63	160000	43.604357	0.0	23977420	212	160.0
1606490688.05	160000	44.185048	0.0	24493733	220	160.0
1606490688.3	160000	44.929862	0.0	14528511	108	160.0
1606490688.6	160000	45.63188	0.0	16841176	126	160.0
1606490688.89	160000	46.347707	0.0	16743604	125	160.0
1606490689.18	160000	47.051916	0.0	17975224	129	160.0
1606490689.53	160000	47.70525	0.0	22329548	159	160.0
1606490689.8	160000	48.438693	0.0	16001583	113	160.0
1606490690.09	160000	49.145527	0.0	18238584	129	160.0
1606490690.41	160000	49.828676	0.0	21308824	134	160.0
1606490690.69	160000	50.555301	0.0	17749058	112	160.0
1606490690.92	160000	51.325082	0.0	14127787	89	160.0
1606490691.18	160000	52.061041	0.0	17525699	103	160.0
1606490691.41	160000	52.833982	0.0	14240042	83	160.0
1606490691.7	160000	53.544857	0.0	20324139	119	160.0
1606490692.01	160000	54.232575	0.0	21993033	128	160.0
1606490692.28	160000	54.962201	0.0	18863108	98	160.0
1606490692.52	160000	55.725244	0.0	15964734	84	160.0
1606490692.68	160000	56.56838	0.0	8284939	43	160.0
1606490692.85	160000	57.397161	0.0	9004706	52	160.0
1606490693.0	160000	58.250064	0.0	6955279	37	160.0
1606490693.19	160000	59.064743	0.0	10701639	58	160.0
1606490693.36	160000	59.890631	0.0	9459459	51	160.0
1606490694.47	160000	59.984947	0.0	3212828	18	160.0
1606490695.58	160000	59.735977	0.0	2509989	16	160.0
1606490696.65	160000	59.736931	0.0	2004927	13	160.0
1606490697.71	160000	59.737972	0.0	591360	3	160.0
1606490698.77	160000	59.922724	0.0	2394426	14	160.0
1606490699.09	40000	1.000999	0.029	336477	1	-4.640000000000001
1606490699.4	160000	2.001999	0.0	14912671	85	40.0
1606490699.84	160000	2.629637	0.0	24265636	146	160.0
1606490700.17	160000	3.296923	0.0	22711544	130	160.0
1606490700.48	160000	3.990728	0.0	19639705	127	160.0
1606490700.81	160000	4.666089	0.0	20946809	137	160.0
1606490701.03	160000	5.473652	0.0	11895609	77	160.0
1606490701.19	160000	6.353835	0.0	7597636	36	160.0
1606490702.06	160000	6.530518	0.0	56067905	309	160.0
1606490702.61	160000	7.003348	0.0	45444680	246	160.0
1606490703.27	160000	7.367315	0.0	54798068	301	160.0
1606490704.17	160000	7.549707	0.0	69464107	359	160.0
1606490704.78	160000	7.936757	0.0	50637608	268	160.0
1606490705.07	160000	8.654928	0.0	19559369	103	160.0
1606490705.42	160000	9.307479	0.0	22224402	160	160.0
1606490705.77	160000	9.953584	0.0	22578365	162	160.0
1606490705.95	160000	10.779204	0.0	8346702	60	160.0
1606490706.24	160000	11.484721	0.0	15775481	141	160.0
1606490706.46	160000	12.262804	0.0	9163235	103	160.0
1606490707.22	160000	12.511181	0.0	41307095	465	160.0
1606490707.7	160000	13.024271	0.0	28763893	243	160.0
1606490708.07	160000	13.656286	0.0	21266416	178	160.0
1606490708.46	160000	14.268665	0.0	23702229	171	160.0
1606490708.89	160000	14.839011	0.0	27580394	199	160.0
1606490709.24	160000	15.491473	0.0	20329780	148	160.0
1606490709.55	160000	16.188157	0.0	16109183	135	160.0
1606490710.47	160000	16.270646	0.0	58830800	495	160.0
1606490711.48	160000	16.292641	0.0	66935122	551	160.0
1606490711.73	160000	17.066163	0.0	15251076	105	160.0
