1606526215.26	40000	1.000999	0.036	334476	25	-5.759999999999998
1606526216.56	160000	1.483571	0.432	14912671	1093	-29.120000000000005
1606526217.48	160000	1.566499	0.0	24265636	654	160.0
1606526218.0	160000	2.116837	0.0	22711544	314	160.0
1606526218.41	160000	2.748111	0.0	19639705	229	160.0
1606526218.85	160000	3.327222	0.0	20946809	244	160.0
1606526219.12	160000	4.060015	0.0	11895609	132	160.0
1606526219.31	160000	4.903374	0.0	7597636	72	160.0
1606526220.4	160000	4.878493	0.0	56067905	533	160.0
1606526223.15	160000	3.138003	0.0	45444680	2424	160.0
1606526224.46	160000	2.820138	0.0	54798068	923	160.0
1606526227.73	160000	1.264194	0.708	69464107	2785	46.72
1606526231.71	160000	1.328522	3.098	50637608	3654	-335.68
1606526233.27	160000	1.275298	0.501	19559369	1386	79.84
1606526235.37	160000	1.278481	1.106	22224402	1923	-16.960000000000008
1606526237.32	160000	1.384684	1.056	22578365	1766	-8.960000000000008
1606526238.05	160000	1.655965	0.0	8346702	611	160.0
1606526238.92	160000	1.787652	0.0	15775481	698	160.0
1606526239.33	160000	2.37845	0.0	9163235	284	160.0
1606526240.17	110000	2.541313	0.0	26576979	615	60.0
1606526241.16	160000	2.556705	0.0	28763893	758	110.0
1606526241.83	160000	2.885395	0.0	21266416	476	160.0
1606526242.61	160000	3.114168	0.0	23702229	572	160.0
1606526243.55	160000	3.166365	0.0	27580394	697	160.0
1606526244.22	160000	3.501075	0.0	20329780	477	160.0
1606526245.26	160000	3.461273	0.0	16109183	880	160.0
1606526253.71	160000	1.414083	5.399	58830800	8100	-703.84
1606526255.29	60000	1.3573	0.527	29587565	1361	-124.32
1606526255.96	160000	1.689003	0.0	15251076	512	60.0
1606526256.6	160000	2.053105	0.0	16574034	472	160.0
1606526257.07	160000	2.581388	0.0	13009028	326	160.0
1606526257.49	160000	3.166196	0.0	12791674	274	160.0
1606526257.84	160000	3.817482	0.0	11137898	215	160.0
1606526258.19	160000	4.46375	0.0	11485310	222	160.0
1606526258.5	160000	5.161677	0.0	12428518	166	160.0
1606526258.75	160000	5.904942	0.0	9963766	131	160.0
1606526259.05	160000	6.606909	0.0	12189364	161	160.0
1606526259.32	160000	7.338021	0.0	10142396	135	160.0
1606526259.63	160000	8.035942	0.0	10185488	172	160.0
1606526260.02	160000	8.644706	0.0	14061455	239	160.0
1606526260.53	160000	9.137546	0.0	20074099	328	160.0
1606526261.55	160000	9.11653	0.0	46115254	708	160.0
1606526262.51	160000	9.15235	0.0	40906522	662	160.0
1606526262.73	160000	9.938466	0.0	7891151	100	160.0
1606526263.19	160000	10.478503	0.0	21012466	266	160.0
1606526263.75	160000	10.923897	0.0	23519424	352	160.0
1606526264.2	160000	11.465597	0.0	18715420	286	160.0
1606526264.67	160000	11.997887	0.0	17000816	305	160.0
1606526265.09	160000	12.586588	0.0	14448126	264	160.0
1606526265.33	160000	13.340093	0.0	6958676	127	160.0
1606526265.63	160000	14.043694	0.0	9088791	180	160.0
1606526265.88	160000	14.791414	0.0	7211881	138	160.0
1606526266.03	160000	15.643147	0.0	3063586	60	160.0
1606526266.17	160000	16.502476	0.0	2782179	54	160.0
1606526266.46	160000	17.220129	0.0	9958410	162	160.0
1606526266.76	160000	17.914797	0.0	12158708	174	160.0
1606526267.08	160000	18.604619	0.0	12300216	175	160.0
1606526267.52	160000	19.174469	0.0	15815684	276	160.0
1606526268.05	160000	19.631168	0.0	13526256	391	160.0
1606526274.23	160000	14.45178	0.0	11995130	6037	160.0
1606526276.99	160000	12.696548	0.0	13394791	2612	160.0
1606526278.3	160000	12.387157	0.0	14135828	1163	160.0
1606526279.81	160000	11.872428	0.0	15366126	1363	160.0
1606526281.13	160000	11.558357	0.0	14248439	1168	160.0
1606526282.31	160000	11.37788	0.0	13843717	1038	160.0
1606526283.85	160000	10.83849	0.0	14665119	1385	160.0
1606526285.7	160000	9.993591	0.0	21079187	1663	160.0
1606526287.78	160000	8.910064	0.0	25480074	1873	160.0
1606526289.54	160000	8.154913	0.0	23021754	1557	160.0
1606526291.68	160000	7.01228	0.0	27527834	1925	160.0
1606526292.74	160000	6.958464	0.0	26155848	829	160.0
1606526293.6	160000	7.093324	0.0	17849379	685	160.0
1606526294.53	160000	7.169827	0.0	16546531	760	160.0
1606526295.67	160000	7.025161	0.0	17718949	963	160.0
1606526298.21	160000	5.483232	0.0	17337137	2374	160.0
1606526299.88	160000	4.821763	0.0	20008245	1482	160.0
1606526301.53	160000	4.166268	0.0	58430914	1274	160.0
1606526301.91	160000	4.796872	0.0	16292703	205	160.0
1606526302.43	160000	5.269137	0.0	25587422	322	160.0
1606526302.93	160000	5.780747	0.0	23982306	290	160.0
1606526303.24	160000	6.46149	0.0	13347845	159	160.0
1606526303.56	160000	7.144156	0.0	14337991	172	160.0
1606526303.86	160000	7.846721	0.0	14584990	150	160.0
1606526304.15	160000	8.558581	0.0	13962401	144	160.0
1606526304.45	160000	9.260236	0.0	14393788	148	160.0
1606526304.74	160000	9.971173	0.0	14649457	141	160.0
1606526305.01	160000	10.697305	0.0	13409715	126	160.0
1606526305.29	160000	11.42083	0.0	13909605	131	160.0
1606526305.56	160000	12.154797	0.0	13301968	125	160.0
1606526305.94	160000	12.775948	0.0	19025846	200	160.0
1606526306.32	160000	13.398933	0.0	19295426	203	160.0
1606526306.68	160000	14.038156	0.0	18261873	191	160.0
1606526307.06	160000	14.65708	0.0	19847604	200	160.0
1606526307.42	160000	15.298567	0.0	18767181	190	160.0
1606526308.43	160000	15.291135	0.0	22420858	818	160.0
1606526308.85	160000	15.868923	0.0	19324333	245	160.0
1606526309.23	160000	16.493698	0.0	20392234	188	160.0
1606526309.41	160000	17.308473	0.0	7671072	70	160.0
1606526309.74	160000	17.986097	0.0	17781906	160	160.0
1606526309.99	160000	18.736449	0.0	12839336	109	160.0
1606526310.21	160000	19.516857	0.0	10779770	93	160.0
1606526310.48	160000	20.246681	0.0	14606687	125	160.0
1606526311.14	160000	20.588124	0.0	41866951	346	160.0
1606526311.73	160000	20.994558	0.0	37238410	305	160.0
1606526312.0	160000	21.729616	0.0	14347759	118	160.0
1606526312.23	160000	22.50248	0.0	11399187	95	160.0
1606526312.44	160000	23.287915	0.0	10358641	85	160.0
1606526312.71	160000	24.023657	0.0	14315696	118	160.0
1606526313.1	160000	24.632411	0.0	23283631	190	160.0
1606526313.7	160000	25.028828	0.0	37521367	310	160.0
1606526314.08	160000	25.653146	0.0	22241104	184	160.0
1606526314.38	160000	26.360111	0.0	15813346	131	160.0
1606526314.68	160000	27.055112	0.0	17116450	142	160.0
1606526315.02	160000	27.716468	0.0	18867054	165	160.0
1606526315.35	160000	28.390545	0.0	17393609	153	160.0
1606526315.78	160000	28.961342	0.0	24759401	222	160.0
1606526316.2	160000	29.538967	0.0	25782433	211	160.0
1606526316.64	160000	30.102021	0.0	25885372	214	160.0
1606526317.08	160000	30.664765	0.0	26242011	225	160.0
1606526317.5	160000	31.239784	0.0	23865378	209	160.0
1606526317.94	160000	31.809079	0.0	25470681	216	160.0
1606526318.4	160000	32.347754	0.0	27258768	230	160.0
1606526318.71	160000	33.032548	0.0	17853711	151	160.0
1606526319.0	160000	33.755041	0.0	14829893	131	160.0
1606526319.46	160000	34.28372	0.0	27779697	233	160.0
1606526319.92	160000	34.833219	0.0	27714923	228	160.0
1606526320.34	160000	35.405707	0.0	25946474	211	160.0
1606526320.68	160000	36.069771	0.0	19596259	160	160.0
1606526321.08	160000	36.67232	0.0	23774167	197	160.0
1606526321.42	160000	37.33412	0.0	19373656	160	160.0
1606526321.82	160000	37.931821	0.0	23977420	200	160.0
1606526322.23	160000	38.527774	0.0	24493733	198	160.0
1606526322.49	160000	39.264768	0.0	14528511	118	160.0
1606526322.79	160000	39.968645	0.0	16841176	138	160.0
1606526323.1	160000	40.656472	0.0	16743604	141	160.0
1606526323.42	160000	41.337049	0.0	17975224	151	160.0
1606526323.8	160000	41.955686	0.0	22329548	187	160.0
1606526324.09	160000	42.666774	0.0	16001583	132	160.0
1606526324.41	160000	43.348211	0.0	18238584	151	160.0
1606526324.77	160000	43.988539	0.0	21308824	174	160.0
1606526325.09	160000	44.671101	0.0	17749058	151	160.0
1606526325.36	160000	45.408682	0.0	14127787	120	160.0
1606526325.66	160000	46.103683	0.0	17525699	149	160.0
1606526325.93	160000	46.833676	0.0	14240042	122	160.0
1606526326.28	160000	47.484171	0.0	20324139	174	160.0
1606526326.66	160000	48.112851	0.0	21993033	189	160.0
1606526326.98	160000	48.787255	0.0	18863108	153	160.0
1606526327.27	160000	49.496673	0.0	15964734	130	160.0
1606526327.46	160000	50.313447	0.0	8284939	67	160.0
1606526327.65	160000	51.122161	0.0	9004706	74	160.0
1606526327.82	160000	51.956428	0.0	6955279	56	160.0
1606526328.04	160000	52.73978	0.0	10701639	87	160.0
1606526328.24	160000	53.539312	0.0	9459459	77	160.0
1606526328.36	160000	54.420791	0.0	3212828	26	160.0
1606526328.46	160000	55.316829	0.0	2509989	21	160.0
1606526328.54	160000	56.235368	0.0	2004927	16	160.0
1606526328.6	160000	57.182645	0.0	591360	4	160.0
1606526328.66	160000	58.55033	0.0	2394426	19	160.0
1606526328.98	40000	1.000999	0.023	336477	3	-3.6799999999999997
1606526329.35	160000	2.001999	0.0	14912671	127	40.0
1606526329.84	160000	2.553851	0.0	24265636	206	160.0
1606526330.25	160000	3.149304	0.0	22711544	186	160.0
1606526330.59	160000	3.807979	0.0	19639705	160	160.0
1606526330.96	160000	4.469204	0.0	20946809	168	160.0
1606526331.19	160000	5.271413	0.0	11895609	95	160.0
1606526331.37	160000	6.096301	0.0	7597636	61	160.0
1606526332.38	160000	6.158928	0.0	56067905	453	160.0
1606526333.08	160000	6.488687	0.0	45444680	378	160.0
1606526333.91	160000	6.702733	0.0	54798068	476	160.0
1606526335.03	160000	6.58458	0.0	69464107	590	160.0
1606526335.79	160000	6.830349	0.0	50637608	424	160.0
1606526336.14	160000	7.479328	0.0	19559369	178	160.0
1606526336.53	160000	8.085882	0.0	22224402	202	160.0
1606526336.92	160000	8.694727	0.0	22578365	199	160.0
1606526337.11	160000	9.511528	0.0	8346702	68	160.0
1606526337.4	160000	10.219848	0.0	15775481	129	160.0
1606526337.6	160000	11.020551	0.0	9163235	72	160.0
1606526338.25	160000	11.371492	0.0	41307095	356	160.0
1606526338.75	160000	11.871414	0.0	28763893	248	160.0
1606526339.14	160000	12.487094	0.0	21266416	198	160.0
1606526339.58	160000	13.048777	0.0	23702229	220	160.0
1606526340.05	160000	13.578906	0.0	27580394	245	160.0
1606526340.43	160000	14.201894	0.0	20329780	175	160.0
1606526340.73	160000	14.90386	0.0	16109183	138	160.0
1606526341.7	160000	14.993315	0.0	58830800	549	160.0
1606526342.71	160000	14.981212	0.0	66935122	581	160.0
