1606475954.95	40000	1.000999	0.034	334476	23	-5.439999999999998
1606475959.14	160000	1.386989	3.181	14912671	3953	-468.96
1606475959.92	20000	1.603719	0.0	8849724	657	-120.0
1606475960.32	20000	2.268286	0.0	3191121	305	20.0
1606475961.17	60000	2.442319	0.0	8954217	721	20.0
1606475962.11	80000	2.510998	0.0	11497228	790	60.0
1606475962.67	80000	2.951373	0.0	6232523	448	80.0
1606475963.1	80000	3.519073	0.0	5425476	322	80.0
1606475965.84	80000	1.775705	0.0	29583867	2405	80.0
1606475967.12	80000	1.501565	0.0	15816325	1098	80.0
1606475967.89	80000	1.73537	0.0	15275967	614	80.0
1606475968.5	80000	2.120469	0.0	20600381	430	80.0
1606475969.19	110000	2.437088	0.0	25684661	463	80.0
1606475969.68	160000	2.942171	0.0	19559369	304	110.0
1606475970.22	160000	3.40754	0.0	22224402	328	160.0
1606475970.76	160000	3.876599	0.0	22578365	330	160.0
1606475971.09	160000	4.541042	0.0	8346702	211	160.0
1606475971.71	160000	4.916737	0.0	15775481	461	160.0
1606475972.39	160000	5.237301	0.0	9163235	560	160.0
1606475974.93	160000	3.705392	0.0	41307095	2183	160.0
1606475977.0	160000	2.628513	0.0	28763893	1851	160.0
1606475978.8	160000	1.833348	0.0	21266416	1591	160.0
1606475981.36	160000	1.266019	0.99	23702229	2375	1.5999999999999943
1606475983.09	110000	1.258045	0.723	19316039	1559	-55.68000000000001
1606475984.04	110000	1.481478	0.174	13919609	814	82.16
1606475984.33	110000	2.193068	0.0	11073078	159	110.0
1606475984.94	60000	2.587668	0.0	27018238	388	10.0
1606475986.07	110000	2.452895	0.0	49215857	731	60.0
1606475986.45	160000	3.076847	0.0	15251076	215	110.0
1606475986.84	160000	3.68279	0.0	16574034	233	160.0
1606475987.33	160000	4.200635	0.0	13009028	339	160.0
1606475987.85	160000	4.683333	0.0	12791674	365	160.0
1606475991.23	160000	2.303351	0.0	11137898	3243	160.0
1606475991.96	160000	2.573772	0.0	11485310	596	160.0
1606475996.19	160000	1.399941	2.058	12428518	4101	-169.27999999999997
1606475996.83	110000	1.758512	0.0	6951419	527	60.0
1606475997.57	110000	2.021007	0.0	8625024	616	110.0
1606475998.19	110000	2.408289	0.0	6833121	500	110.0
1606475998.85	110000	2.746141	0.0	6808950	552	110.0
1606475999.73	110000	2.861406	0.0	9608563	749	110.0
1606476001.13	110000	2.47052	0.0	13956444	1246	110.0
1606476002.29	40000	2.308532	0.0	13308063	1011	-30.0
1606476003.39	40000	2.210613	0.0	11857920	965	40.0
1606476003.97	110000	2.627701	0.0	5545322	477	40.0
1606476005.33	110000	2.26729	0.0	15180886	1212	110.0
1606476006.72	110000	1.880678	0.0	16044226	1223	110.0
1606476008.48	160000	1.485913	0.361	18715420	1595	52.24000000000001
1606476009.91	160000	1.34891	0.292	17000816	1278	113.28
1606476011.16	160000	1.391869	0.296	14448126	1117	112.64
1606476011.96	160000	1.597611	0.0	6958676	683	160.0
1606476012.77	160000	1.790549	0.0	9088791	678	160.0
1606476013.41	160000	2.15289	0.0	7211881	525	160.0
1606476013.72	160000	2.841258	0.0	3063586	221	160.0
1606476014.01	160000	3.551676	0.0	2782179	201	160.0
1606476014.99	160000	3.568305	0.0	9958410	860	160.0
1606476016.24	160000	3.320266	0.0	12158708	1111	160.0
1606476017.32	160000	3.239767	0.0	12300216	946	160.0
1606476018.6	160000	2.968164	0.0	15815684	1110	160.0
1606476019.68	160000	2.882684	0.0	13526256	941	160.0
1606476020.78	160000	2.785128	0.0	11995130	960	160.0
1606476021.91	160000	2.654812	0.0	13394791	989	160.0
1606476023.18	160000	2.386566	0.0	14135828	1126	160.0
1606476024.68	160000	1.893249	0.0	15366126	1342	160.0
1606476025.86	160000	1.71418	0.0	14248439	1034	160.0
1606476026.94	160000	1.631558	0.0	13843717	942	160.0
1606476027.72	110000	1.851511	0.0	9417807	652	60.0
1606476028.88	110000	1.692045	0.0	14377779	998	110.0
1606476030.38	110000	1.442724	0.251	17340552	1342	69.84
1606476031.63	110000	1.447004	0.25	15365006	1104	70.0
1606476033.29	110000	1.446338	0.658	19021488	1488	4.719999999999999
1606476035.1	110000	1.370563	0.73	17918889	1649	-6.799999999999997
1606476036.03	110000	1.443037	0.0	11843178	791	110.0
1606476036.72	110000	1.754543	0.0	10916331	555	110.0
1606476037.4	110000	2.071401	0.0	12021075	546	110.0
1606476037.99	110000	2.482054	0.0	11809774	448	110.0
1606476038.58	110000	2.88883	0.0	13817529	453	110.0
1606476040.46	160000	2.019266	0.0	58430914	1410	110.0
1606476040.94	160000	2.530694	0.0	16292703	313	160.0
1606476041.65	160000	2.827772	0.0	25587422	489	160.0
1606476042.31	160000	3.1709	0.0	23982306	458	160.0
1606476042.7	160000	3.778724	0.0	13347845	251	160.0
1606476043.12	160000	4.364132	0.0	14337991	266	160.0
1606476043.52	160000	4.955961	0.0	14584990	260	160.0
1606476043.91	160000	5.569876	0.0	13962401	246	160.0
1606476044.31	160000	6.173051	0.0	14393788	253	160.0
1606476044.67	160000	6.808377	0.0	14649457	213	160.0
1606476045.01	160000	7.475223	0.0	13409715	195	160.0
1606476045.36	160000	8.130071	0.0	13909605	203	160.0
1606476045.67	160000	8.814074	0.0	13301968	176	160.0
1606476046.1	160000	9.383328	0.0	19025846	253	160.0
1606476046.52	160000	9.969064	0.0	19295426	241	160.0
1606476046.91	160000	10.580533	0.0	18261873	211	160.0
1606476047.33	160000	11.161606	0.0	19847604	236	160.0
1606476047.73	160000	11.764248	0.0	18767181	224	160.0
1606476048.19	160000	12.303653	0.0	22420858	269	160.0
1606476048.6	160000	12.896583	0.0	19324333	228	160.0
1606476049.02	160000	13.472932	0.0	20392234	240	160.0
1606476049.23	160000	14.269158	0.0	7671072	90	160.0
1606476049.59	160000	14.907602	0.0	17781906	196	160.0
1606476049.87	160000	15.626433	0.0	12839336	141	160.0
1606476050.12	160000	16.379209	0.0	10779770	119	160.0
1606476050.42	160000	17.078119	0.0	14606687	155	160.0
1606476051.13	160000	17.369487	0.0	41866951	396	160.0
1606476051.72	160000	17.781548	0.0	37238410	307	160.0
1606476051.98	160000	18.525338	0.0	14347759	114	160.0
1606476052.2	160000	19.307228	0.0	11399187	89	160.0
1606476052.41	160000	20.092258	0.0	10358641	75	160.0
1606476052.66	160000	20.842977	0.0	14315696	105	160.0
1606476053.03	160000	21.47704	0.0	23283631	173	160.0
1606476053.6	160000	21.907273	0.0	37521367	282	160.0
1606476053.97	160000	22.534969	0.0	22241104	181	160.0
1606476054.26	160000	23.246141	0.0	15813346	129	160.0
1606476054.56	160000	23.954897	0.0	17116450	127	160.0
1606476054.88	160000	24.63527	0.0	18867054	136	160.0
1606476055.17	160000	25.3416	0.0	17393609	129	160.0
1606476055.56	160000	25.951396	0.0	24759401	183	160.0
1606476055.96	160000	26.553591	0.0	25782433	191	160.0
1606476056.38	160000	27.138929	0.0	25885372	191	160.0
1606476056.78	160000	27.731785	0.0	26242011	199	160.0
1606476057.19	160000	28.326147	0.0	23865378	181	160.0
1606476057.61	160000	28.914517	0.0	25470681	203	160.0
1606476058.07	160000	29.453298	0.0	27258768	228	160.0
1606476058.38	160000	30.136537	0.0	17853711	150	160.0
1606476058.65	160000	30.872391	0.0	14829893	118	160.0
1606476059.1	160000	31.42616	0.0	27779697	221	160.0
1606476059.54	160000	31.9865	0.0	27714923	222	160.0
1606476059.97	160000	32.551429	0.0	25946474	216	160.0
1606476060.32	160000	33.209873	0.0	19596259	164	160.0
1606476060.72	160000	33.807925	0.0	23774167	200	160.0
1606476061.06	160000	34.467401	0.0	19373656	166	160.0
1606476061.47	160000	35.055413	0.0	23977420	204	160.0
1606476061.88	160000	35.649074	0.0	24493733	203	160.0
1606476062.15	160000	36.380473	0.0	14528511	121	160.0
1606476062.46	160000	37.072932	0.0	16841176	139	160.0
1606476062.76	160000	37.775648	0.0	16743604	135	160.0
1606476063.07	160000	38.466231	0.0	17975224	146	160.0
1606476063.44	160000	39.098028	0.0	22329548	181	160.0
1606476063.73	160000	39.804607	0.0	16001583	137	160.0
1606476064.05	160000	40.48157	0.0	18238584	155	160.0
1606476064.43	160000	41.106581	0.0	21308824	182	160.0
1606476064.74	160000	41.796712	0.0	17749058	143	160.0
1606476065.0	160000	42.540437	0.0	14127787	116	160.0
1606476065.31	160000	43.233646	0.0	17525699	144	160.0
1606476065.56	160000	43.979488	0.0	14240042	115	160.0
1606476065.9	160000	44.638391	0.0	20324139	162	160.0
1606476066.27	160000	45.277944	0.0	21993033	178	160.0
1606476066.6	160000	45.944947	0.0	18863108	155	160.0
1606476066.89	160000	46.658706	0.0	15964734	126	160.0
1606476067.07	160000	47.478106	0.0	8284939	65	160.0
1606476067.26	160000	48.289294	0.0	9004706	71	160.0
1606476067.43	160000	49.12286	0.0	6955279	57	160.0
1606476067.64	160000	49.912978	0.0	10701639	80	160.0
1606476067.83	160000	50.716627	0.0	9459459	72	160.0
1606476067.95	160000	51.600651	0.0	3212828	23	160.0
1606476068.05	160000	52.498304	0.0	2509989	19	160.0
1606476068.14	160000	53.416803	0.0	2004927	14	160.0
1606476068.19	160000	54.36317	0.0	591360	4	160.0
1606476068.25	160000	55.733988	0.0	2394426	18	160.0
1606476068.56	40000	1.000999	0.032	336477	1	-5.119999999999997
1606476068.9	160000	2.001999	0.0	14912671	116	40.0
1606476069.37	160000	2.574517	0.0	24265636	188	160.0
1606476069.76	160000	3.188543	0.0	22711544	185	160.0
1606476070.1	160000	3.845614	0.0	19639705	158	160.0
1606476070.47	160000	4.509905	0.0	20946809	170	160.0
1606476070.71	160000	5.30881	0.0	11895609	96	160.0
1606476070.89	160000	6.133452	0.0	7597636	63	160.0
1606476071.91	160000	6.190269	0.0	56067905	470	160.0
1606476072.6	160000	6.524653	0.0	45444680	381	160.0
1606476073.42	160000	6.751919	0.0	54798068	425	160.0
1606476074.51	160000	6.659983	0.0	69464107	569	160.0
1606476075.27	160000	6.901592	0.0	50637608	422	160.0
1606476075.61	160000	7.562101	0.0	19559369	164	160.0
1606476075.99	160000	8.186576	0.0	22224402	186	160.0
1606476076.37	160000	8.807118	0.0	22578365	189	160.0
1606476076.55	160000	9.624682	0.0	8346702	69	160.0
1606476076.84	160000	10.340117	0.0	15775481	130	160.0
1606476077.05	160000	11.136109	0.0	9163235	76	160.0
1606476077.69	160000	11.490758	0.0	41307095	345	160.0
1606476078.16	160000	12.018565	0.0	28763893	228	160.0
1606476078.52	160000	12.664788	0.0	21266416	168	160.0
1606476078.91	160000	13.26935	0.0	23702229	177	160.0
1606476079.34	160000	13.841813	0.0	27580394	205	160.0
1606476079.7	160000	14.488848	0.0	20329780	152	160.0
1606476079.99	160000	15.197715	0.0	16109183	119	160.0
1606476080.86	160000	15.360451	0.0	58830800	444	160.0
1606476081.9	160000	15.340781	0.0	66935122	620	160.0
