1606486654.07	40000	1.000999	0.04	334476	27	-6.399999999999999
1606486655.19	20000	1.459864	0.217	11007815	970	-34.72
1606486656.09	20000	1.560396	0.0	8849724	780	20.0
1606486656.4	20000	2.2794	0.0	3191121	212	20.0
1606486657.98	160000	1.725403	0.0	19639705	1336	20.0
1606486659.71	160000	1.333158	0.318	20946809	1556	109.12
1606486660.7	160000	1.402047	0.058	11895609	856	150.72
1606486661.34	160000	1.764341	0.0	7597636	523	160.0
1606486662.76	60000	1.461504	0.123	17832465	1260	-59.68
1606486663.45	60000	1.782655	0.0	9877442	542	60.0
1606486664.07	60000	2.159813	0.0	10988410	488	60.0
1606486664.66	60000	2.566986	0.0	15230785	440	60.0
1606486665.54	110000	2.693288	0.0	25684661	616	60.0
1606486666.46	160000	2.771627	0.0	19559369	736	110.0
1606486669.85	160000	1.334383	0.956	22224402	3211	7.039999999999992
1606486671.38	160000	1.297812	0.492	22578365	1349	81.28
1606486671.78	160000	1.90579	0.0	8346702	274	160.0
1606486672.49	160000	2.193289	0.0	15775481	553	160.0
1606486672.94	160000	2.744882	0.0	9163235	325	160.0
1606486674.46	160000	2.228053	0.0	41307095	1124	160.0
1606486675.27	160000	2.411577	0.0	28763893	591	160.0
1606486675.89	160000	2.798105	0.0	21266416	418	160.0
1606486676.52	160000	3.163347	0.0	23702229	428	160.0
1606486677.25	160000	3.435337	0.0	27580394	509	160.0
1606486677.86	160000	3.826567	0.0	20329780	416	160.0
1606486678.32	160000	4.367903	0.0	16109183	298	160.0
1606486679.85	160000	3.841547	0.0	58830800	992	160.0
1606486681.22	160000	3.471009	0.0	66935122	945	160.0
1606486681.54	160000	4.1488	0.0	15251076	171	160.0
1606486681.89	160000	4.800003	0.0	16574034	186	160.0
1606486682.18	160000	5.511604	0.0	13009028	150	160.0
1606486682.48	160000	6.218598	0.0	12791674	152	160.0
1606486682.74	160000	6.955028	0.0	11137898	131	160.0
1606486683.01	160000	7.685198	0.0	11485310	130	160.0
1606486683.27	160000	8.43369	0.0	12428518	115	160.0
1606486683.48	160000	9.215688	0.0	9963766	93	160.0
1606486683.73	160000	9.966795	0.0	12189364	112	160.0
1606486683.96	160000	10.746257	0.0	10142396	94	160.0
1606486684.2	160000	11.505102	0.0	10185488	113	160.0
1606486684.51	160000	12.198806	0.0	14061455	159	160.0
1606486684.91	160000	12.794283	0.0	20074099	223	160.0
1606486685.7	160000	13.003942	0.0	46115254	467	160.0
1606486686.48	160000	13.224976	0.0	40906522	469	160.0
1606486686.71	160000	14.002167	0.0	7891151	108	160.0
1606486687.25	160000	14.456037	0.0	21012466	363	160.0
1606486690.55	160000	12.158831	0.0	23519424	3093	160.0
1606486692.35	160000	11.363828	0.0	18715420	1623	160.0
1606486693.88	160000	10.827461	0.0	17000816	1372	160.0
1606486695.05	160000	10.673134	0.0	14448126	1008	160.0
1606486695.65	160000	11.067515	0.0	6958676	488	160.0
1606486696.42	160000	11.296572	0.0	9088791	654	160.0
1606486697.07	160000	11.650796	0.0	7211881	537	160.0
1606486697.38	160000	12.334987	0.0	3063586	221	160.0
1606486697.67	160000	13.045205	0.0	2782179	201	160.0
1606486698.58	160000	13.143493	0.0	9958410	778	160.0
1606486699.49	160000	13.229507	0.0	12158708	770	160.0
1606486700.2	160000	13.524127	0.0	12300216	568	160.0
1606486700.8	160000	13.924109	0.0	15815684	436	160.0
1606486701.31	160000	14.41734	0.0	13526256	364	160.0
1606486701.75	160000	14.970105	0.0	11995130	312	160.0
1606486702.26	160000	15.467548	0.0	13394791	361	160.0
1606486702.87	160000	15.85408	0.0	14135828	469	160.0
1606486703.73	160000	15.997605	0.0	15366126	705	160.0
1606486704.55	160000	16.184884	0.0	14248439	663	160.0
1606486705.25	160000	16.476269	0.0	13843717	563	160.0
1606486706.0	160000	16.733397	0.0	14665119	592	160.0
1606486707.14	160000	16.594738	0.0	21079187	956	160.0
1606486708.23	160000	16.503747	0.0	25480074	884	160.0
1606486710.17	160000	15.561454	0.0	23021754	1736	160.0
1606486712.72	160000	14.015556	0.0	27527834	2330	160.0
1606486715.13	160000	12.60129	0.0	26155848	2190	160.0
1606486716.67	160000	12.069674	0.0	17849379	1361	160.0
1606486718.19	160000	11.54771	0.0	16546531	1361	160.0
1606486719.64	160000	11.098095	0.0	17718949	1275	160.0
1606486721.1	160000	10.641066	0.0	17337137	1288	160.0
1606486722.7	160000	10.041439	0.0	20008245	1421	160.0
1606486727.05	160000	6.691325	0.0	58430914	3947	160.0
1606486727.49	160000	7.247262	0.0	16292703	276	160.0
1606486727.94	160000	7.80263	0.0	25587422	237	160.0
1606486728.36	160000	8.387287	0.0	23982306	222	160.0
1606486728.63	160000	9.115504	0.0	13347845	126	160.0
1606486728.92	160000	9.830762	0.0	14337991	137	160.0
1606486729.2	160000	10.549783	0.0	14584990	137	160.0
1606486729.46	160000	11.291688	0.0	13962401	117	160.0
1606486729.73	160000	12.021203	0.0	14393788	113	160.0
1606486729.99	160000	12.75645	0.0	14649457	119	160.0
1606486730.24	160000	13.507641	0.0	13409715	109	160.0
1606486730.51	160000	14.247262	0.0	13909605	116	160.0
1606486730.76	160000	14.989974	0.0	13301968	103	160.0
1606486731.1	160000	15.653995	0.0	19025846	159	160.0
1606486731.43	160000	16.320118	0.0	19295426	161	160.0
1606486731.75	160000	17.002037	0.0	18261873	148	160.0
1606486732.1	160000	17.658315	0.0	19847604	162	160.0
1606486732.42	160000	18.337736	0.0	18767181	153	160.0
1606486732.8	160000	18.963297	0.0	22420858	175	160.0
1606486733.13	160000	19.630203	0.0	19324333	151	160.0
1606486733.48	160000	20.28628	0.0	20392234	166	160.0
1606486733.65	160000	21.108674	0.0	7671072	61	160.0
1606486733.97	160000	21.794642	0.0	17781906	147	160.0
1606486734.21	160000	22.550833	0.0	12839336	102	160.0
1606486734.53	160000	23.239442	0.0	10779770	183	160.0
1606486735.06	160000	23.711144	0.0	14606687	367	160.0
1606486737.25	160000	22.516772	0.0	41866951	1881	160.0
1606486739.71	160000	21.055509	0.0	37238410	2175	160.0
1606486740.12	160000	21.64444	0.0	14347759	265	160.0
1606486740.47	160000	22.305731	0.0	11399187	208	160.0
1606486740.75	160000	23.025612	0.0	10358641	139	160.0
1606486741.09	160000	23.680956	0.0	14315696	199	160.0
1606486741.64	160000	24.138185	0.0	23283631	352	160.0
1606486742.56	160000	24.209754	0.0	37521367	635	160.0
1606486743.48	160000	24.299314	0.0	22241104	721	160.0
1606486743.99	160000	24.782173	0.0	15813346	356	160.0
1606486744.58	160000	25.199772	0.0	17116450	418	160.0
1606486745.4	160000	25.379518	0.0	18867054	646	160.0
1606486746.39	160000	25.394204	0.0	17393609	820	160.0
1606486749.59	160000	23.190641	0.0	24759401	2997	160.0
1606486750.86	160000	22.925729	0.0	25782433	1051	160.0
1606486751.54	160000	23.238645	0.0	25885372	464	160.0
1606486752.1	160000	23.688135	0.0	26242011	340	160.0
1606486752.63	160000	24.158695	0.0	23865378	307	160.0
1606486753.15	160000	24.636935	0.0	25470681	317	160.0
1606486753.72	160000	25.070572	0.0	27258768	333	160.0
1606486754.08	160000	25.704732	0.0	17853711	199	160.0
1606486754.39	160000	26.393345	0.0	14829893	165	160.0
1606486754.95	160000	26.843939	0.0	27779697	318	160.0
1606486755.5	160000	27.291643	0.0	27714923	319	160.0
1606486755.99	160000	27.802645	0.0	25946474	271	160.0
1606486756.38	160000	28.408929	0.0	19596259	204	160.0
1606486756.83	160000	28.965201	0.0	23774167	242	160.0
1606486757.2	160000	29.592363	0.0	19373656	195	160.0
1606486757.65	160000	30.149415	0.0	23977420	239	160.0
1606486758.07	160000	30.724804	0.0	24493733	228	160.0
1606486758.35	160000	31.443161	0.0	14528511	137	160.0
1606486758.68	160000	32.122799	0.0	16841176	150	160.0
1606486758.99	160000	32.806393	0.0	16743604	145	160.0
1606486759.32	160000	33.478742	0.0	17975224	157	160.0
1606486759.7	160000	34.101036	0.0	22329548	189	160.0
1606486760.0	160000	34.80652	0.0	16001583	132	160.0
1606486760.34	160000	35.468391	0.0	18238584	152	160.0
1606486760.7	160000	36.103926	0.0	21308824	168	160.0
1606486761.0	160000	36.801928	0.0	17749058	134	160.0
1606486761.25	160000	37.553147	0.0	14127787	107	160.0
1606486761.55	160000	38.257454	0.0	17525699	133	160.0
1606486761.79	160000	39.017329	0.0	14240042	98	160.0
1606486762.11	160000	39.701742	0.0	20324139	141	160.0
1606486762.45	160000	40.363954	0.0	21993033	152	160.0
1606486762.75	160000	41.062055	0.0	18863108	127	160.0
1606486763.01	160000	41.798535	0.0	15964734	107	160.0
1606486763.18	160000	42.629628	0.0	8284939	56	160.0
1606486763.37	160000	43.448643	0.0	9004706	58	160.0
1606486763.53	160000	44.289997	0.0	6955279	47	160.0
1606486763.71	160000	45.10307	0.0	10701639	60	160.0
1606486763.89	160000	45.927285	0.0	9459459	54	160.0
1606486764.0	160000	46.819156	0.0	3212828	18	160.0
1606486764.1	160000	47.722121	0.0	2509989	14	160.0
1606486764.18	160000	48.63707	0.0	2004927	12	160.0
1606486764.24	160000	49.584751	0.0	591360	3	160.0
1606486764.3	160000	50.957264	0.0	2394426	13	160.0
1606486764.64	40000	1.000999	0.024	336477	3	-3.8400000000000034
1606486764.99	160000	1.998912	0.0	14912671	113	40.0
1606486765.46	160000	2.525783	0.0	24265636	181	160.0
1606486765.93	160000	3.062883	0.0	22711544	256	160.0
1606486766.32	160000	3.667766	0.0	19639705	215	160.0
1606486766.69	160000	4.386653	0.0	20946809	172	160.0
1606486766.89	160000	5.190107	0.0	11895609	59	160.0
1606486767.04	160000	6.038592	0.0	7597636	37	160.0
1606486767.87	160000	6.287165	0.0	56067905	280	160.0
1606486768.42	160000	6.75888	0.0	45444680	211	160.0
1606486769.05	160000	7.157941	0.0	54798068	262	160.0
1606486769.91	160000	7.341672	0.0	69464107	336	160.0
1606486770.49	160000	7.762398	0.0	50637608	245	160.0
1606486770.76	160000	8.488683	0.0	19559369	87	160.0
1606486771.06	160000	9.193375	0.0	22224402	101	160.0
1606486771.36	160000	9.894828	0.0	22578365	103	160.0
1606486771.51	160000	10.744885	0.0	8346702	38	160.0
1606486771.74	160000	11.513582	0.0	15775481	79	160.0
1606486771.91	160000	12.350783	0.0	9163235	45	160.0
1606486772.39	160000	12.871692	0.0	41307095	204	160.0
1606486772.78	160000	13.480133	0.0	28763893	151	160.0
1606486773.09	160000	14.174325	0.0	21266416	121	160.0
1606486773.44	160000	14.816363	0.0	23702229	135	160.0
1606486773.82	160000	15.446539	0.0	27580394	150	160.0
1606486774.12	160000	16.139223	0.0	20329780	109	160.0
1606486774.37	160000	16.894324	0.0	16109183	85	160.0
1606486776.83	160000	15.431809	0.0	58830800	2048	160.0
1606486778.56	160000	14.741003	0.0	66935122	1295	160.0
1606486778.85	160000	15.450707	0.0	15251076	138	160.0
