1629303456.35	40000	1.000999	0.057	334476	43	-9.119999999999997
1629303457.6	20000	1.267361	0.13	11007815	1102	-20.8
1629303458.37	20000	1.522665	0.0	8849724	704	20.0
1629303458.68	20000	2.208979	0.0	3191121	282	20.0
1629303460.51	160000	1.412829	0.0	19639705	1645	20.0
1629303462.25	160000	1.330303	0.64	20946809	1628	57.599999999999994
1629303463.36	160000	1.470568	0.251	11895609	1047	119.84
1629303463.93	160000	1.904327	0.0	7597636	520	160.0
1629303464.24	20000	2.592606	0.0	4047415	275	-120.0
1629303464.47	20000	3.370769	0.0	2863079	196	20.0
1629303464.79	20000	4.048811	0.0	4167844	289	20.0
1629303465.22	20000	4.623045	0.0	5571764	387	20.0
1629303465.59	20000	5.254744	0.0	4925652	335	20.0
1629303467.04	160000	4.804483	0.0	19559369	1329	20.0
1629303469.98	160000	2.860833	0.0	22224402	2816	160.0
1629303471.78	160000	2.062027	0.0	22578365	1670	160.0
1629303473.75	160000	1.476911	0.389	8346702	1922	97.75999999999999
1629303475.15	160000	1.366986	0.29	15775481	1306	113.6
1629303475.78	160000	1.735338	0.0	9163235	572	160.0
1629303476.16	20000	2.3622	0.0	6357933	330	-120.0
1629303477.77	160000	1.755066	0.0	28763893	1384	20.0
1629303478.62	160000	1.904024	0.0	21266416	732	160.0
1629303479.52	160000	1.999545	0.0	23702229	754	160.0
1629303480.49	160000	2.036468	0.0	27580394	794	160.0
1629303481.12	160000	2.40224	0.0	20329780	518	160.0
1629303481.68	160000	2.844504	0.0	16109183	458	160.0
1629303487.91	160000	1.283303	3.656	58830800	5664	-424.96000000000004
1629303488.64	20000	1.553937	0.0	11684632	648	-120.0
1629303489.11	160000	2.086126	0.0	15251076	373	20.0
1629303489.57	160000	2.62283	0.0	16574034	362	160.0
1629303489.8	160000	3.392689	0.0	13009028	153	160.0
1629303490.03	160000	4.166382	0.0	12791674	149	160.0
1629303490.23	160000	4.964189	0.0	11137898	130	160.0
1629303490.44	160000	5.760103	0.0	11485310	133	160.0
1629303490.66	160000	6.535633	0.0	12428518	141	160.0
1629303490.84	160000	7.361181	0.0	9963766	114	160.0
1629303491.05	160000	8.146656	0.0	12189364	139	160.0
1629303491.23	160000	8.967833	0.0	10142396	115	160.0
1629303491.41	160000	9.789992	0.0	10185488	116	160.0
1629303491.67	160000	10.531139	0.0	14061455	160	160.0
1629303492.03	160000	11.176726	0.0	20074099	229	160.0
1629303492.82	160000	11.387099	0.0	46115254	521	160.0
1629303493.51	160000	11.693633	0.0	40906522	446	160.0
1629303493.64	160000	12.563797	0.0	7891151	79	160.0
1629303493.98	160000	13.231834	0.0	21012466	212	160.0
1629303494.35	160000	13.865613	0.0	23519424	237	160.0
1629303495.28	160000	13.925638	0.0	18715420	823	160.0
1629303496.57	160000	13.64027	0.0	17000816	1187	160.0
1629303497.64	160000	13.573387	0.0	14448126	981	160.0
1629303497.81	160000	14.399797	0.0	6958676	124	160.0
1629303498.03	160000	15.18128	0.0	9088791	162	160.0
1629303498.21	160000	16.00606	0.0	7211881	128	160.0
1629303498.29	160000	16.925217	0.0	3063586	54	160.0
1629303498.37	160000	17.849513	0.0	2782179	49	160.0
1629303498.7	160000	18.516479	0.0	9958410	259	160.0
1629303499.18	160000	19.034529	0.0	12158708	411	160.0
1629303499.65	160000	19.572671	0.0	12300216	387	160.0
1629303500.16	160000	20.060912	0.0	15815684	422	160.0
1629303500.64	160000	20.583804	0.0	13526256	396	160.0
1629303501.27	160000	20.949937	0.0	11995130	562	160.0
1629303501.97	160000	21.255587	0.0	13394791	612	160.0
1629303502.68	160000	21.548548	0.0	14135828	625	160.0
1629303503.39	160000	21.840321	0.0	15366126	621	160.0
1629303504.03	160000	22.193531	0.0	14248439	561	160.0
1629303504.67	160000	22.563202	0.0	13843717	549	160.0
1629303505.39	160000	22.843886	0.0	14665119	621	160.0
1629303506.55	160000	22.68503	0.0	21079187	1040	160.0
1629303508.58	160000	21.649746	0.0	25480074	1896	160.0
1629303510.41	160000	20.817885	0.0	23021754	1690	160.0
1629303512.56	160000	19.675696	0.0	27527834	1990	160.0
1629303514.81	160000	18.421827	0.0	26155848	2087	160.0
1629303516.09	160000	18.147403	0.0	17849379	1170	160.0
1629303516.76	160000	18.472283	0.0	16546531	572	160.0
1629303517.18	160000	19.06174	0.0	17718949	289	160.0
1629303517.56	160000	19.676405	0.0	17337137	283	160.0
1629303518.23	160000	20.005983	0.0	20008245	553	160.0
1629303519.78	160000	19.462817	0.0	58430914	1220	160.0
1629303520.1	160000	20.144225	0.0	16292703	217	160.0
1629303520.58	160000	20.659286	0.0	25587422	342	160.0
1629303521.03	160000	21.212732	0.0	23982306	308	160.0
1629303521.28	160000	21.961543	0.0	13347845	171	160.0
1629303521.56	160000	22.68612	0.0	14337991	183	160.0
1629303521.83	160000	23.421853	0.0	14584990	180	160.0
1629303522.08	160000	24.170455	0.0	13962401	173	160.0
1629303522.34	160000	24.909587	0.0	14393788	178	160.0
1629303522.62	160000	25.643947	0.0	14649457	180	160.0
1629303522.85	160000	26.397468	0.0	13409715	157	160.0
1629303523.1	160000	27.15294	0.0	13909605	162	160.0
1629303523.33	160000	27.92453	0.0	13301968	155	160.0
1629303523.66	160000	28.588588	0.0	19025846	222	160.0
1629303524.02	160000	29.238234	0.0	19295426	241	160.0
1629303524.36	160000	29.89981	0.0	18261873	228	160.0
1629303524.76	160000	30.493506	0.0	19847604	283	160.0
1629303525.58	160000	30.682314	0.0	18767181	704	160.0
1629303526.99	160000	30.271064	0.0	22420858	1281	160.0
1629303527.69	160000	30.565001	0.0	19324333	586	160.0
1629303528.2	160000	31.059129	0.0	20392234	393	160.0
1629303528.4	160000	31.859532	0.0	7671072	147	160.0
1629303529.23	160000	32.037889	0.0	17781906	713	160.0
1629303530.29	160000	31.970056	0.0	12839336	987	160.0
1629303530.78	160000	32.485834	0.0	10779770	411	160.0
1629303531.05	160000	33.211665	0.0	14606687	190	160.0
1629303531.86	160000	33.409716	0.0	41866951	553	160.0
1629303532.54	160000	33.723589	0.0	37238410	464	160.0
1629303532.84	160000	34.432484	0.0	14347759	208	160.0
1629303533.09	160000	35.177658	0.0	11399187	185	160.0
1629303533.33	160000	35.941373	0.0	10358641	169	160.0
1629303533.65	160000	36.624499	0.0	14315696	233	160.0
1629303535.37	160000	35.901519	0.0	23283631	1592	160.0
1629303538.82	160000	33.457044	0.0	37521367	3209	160.0
1629303540.59	160000	32.681832	0.0	22241104	1646	160.0
1629303541.99	160000	32.283215	0.0	15813346	1296	160.0
1629303543.28	160000	31.999409	0.0	17116450	1187	160.0
1629303543.96	160000	32.318437	0.0	18867054	575	160.0
1629303544.29	160000	32.985757	0.0	17393609	229	160.0
1629303544.77	160000	33.508729	0.0	24759401	327	160.0
1629303545.26	160000	34.019984	0.0	25782433	337	160.0
1629303545.76	160000	34.518175	0.0	25885372	343	160.0
1629303546.37	160000	34.913221	0.0	26242011	462	160.0
1629303546.96	160000	35.326428	0.0	23865378	432	160.0
1629303547.62	160000	35.668268	0.0	25470681	509	160.0
1629303548.32	160000	35.969333	0.0	27258768	529	160.0
1629303548.79	160000	36.498987	0.0	17853711	346	160.0
1629303549.33	160000	36.953301	0.0	14829893	463	160.0
1629303551.04	160000	36.248203	0.0	27779697	1552	160.0
1629303552.05	160000	36.236491	0.0	27714923	849	160.0
1629303552.64	160000	36.654532	0.0	25946474	431	160.0
1629303553.06	160000	37.230785	0.0	19596259	315	160.0
1629303553.58	160000	37.71254	0.0	23774167	379	160.0
1629303553.98	160000	38.317203	0.0	19373656	284	160.0
1629303554.44	160000	38.857508	0.0	23977420	327	160.0
1629303554.92	160000	39.378902	0.0	24493733	332	160.0
1629303555.2	160000	40.095072	0.0	14528511	201	160.0
1629303555.53	160000	40.76506	0.0	16841176	233	160.0
1629303555.86	160000	41.442428	0.0	16743604	228	160.0
1629303556.2	160000	42.103441	0.0	17975224	231	160.0
1629303556.61	160000	42.692189	0.0	22329548	287	160.0
1629303556.9	160000	43.397531	0.0	16001583	200	160.0
1629303557.23	160000	44.069439	0.0	18238584	221	160.0
1629303557.62	160000	44.683019	0.0	21308824	258	160.0
1629303557.93	160000	45.373921	0.0	17749058	205	160.0
1629303558.17	160000	46.138758	0.0	14127787	156	160.0
1629303558.46	160000	46.843585	0.0	17525699	195	160.0
1629303558.7	160000	47.606449	0.0	14240042	158	160.0
1629303559.08	160000	48.233156	0.0	20324139	258	160.0
1629303559.48	160000	48.829332	0.0	21993033	289	160.0
1629303559.84	160000	49.469334	0.0	18863108	247	160.0
1629303560.12	160000	50.19625	0.0	15964734	178	160.0
1629303560.27	160000	51.040718	0.0	8284939	93	160.0
1629303560.43	160000	51.883244	0.0	9004706	100	160.0
1629303560.56	160000	52.757015	0.0	6955279	78	160.0
1629303560.74	160000	53.571787	0.0	10701639	120	160.0
1629303560.91	160000	54.404854	0.0	9459459	102	160.0
1629303560.98	160000	55.339646	0.0	3212828	36	160.0
1629303561.03	160000	56.286527	0.0	2509989	28	160.0
1629303561.08	160000	57.241229	0.0	2004927	22	160.0
1629303561.1	160000	58.219757	0.0	591360	6	160.0
1629303561.15	160000	59.603153	0.0	2394426	27	160.0
1629303561.48	40000	1.000999	0.02	336477	3	-3.200000000000003
1629303561.82	160000	1.996529	0.0	14912671	169	40.0
1629303562.33	160000	2.487734	0.0	24265636	273	160.0
1629303562.72	160000	3.096156	0.0	22711544	256	160.0
1629303563.04	160000	3.773014	0.0	19639705	198	160.0
1629303563.38	160000	4.4694	0.0	20946809	204	160.0
1629303563.57	160000	5.279801	0.0	11895609	115	160.0
1629303563.69	160000	6.154002	0.0	7597636	74	160.0
1629303564.73	160000	6.178416	0.0	56067905	570	160.0
1629303565.42	160000	6.548825	0.0	45444680	453	160.0
1629303566.26	160000	6.759006	0.0	54798068	558	160.0
1629303567.42	160000	6.603558	0.0	69464107	701	160.0
1629303568.16	160000	6.862877	0.0	50637608	461	160.0
1629303568.47	160000	7.555409	0.0	19559369	192	160.0
1629303568.82	160000	8.205621	0.0	22224402	219	160.0
1629303569.16	160000	8.867374	0.0	22578365	214	160.0
1629303569.29	160000	9.738903	0.0	8346702	79	160.0
1629303569.54	160000	10.490958	0.0	15775481	159	160.0
1629303569.68	160000	11.348769	0.0	9163235	87	160.0
1629303570.25	160000	11.782844	0.0	41307095	344	160.0
1629303570.65	160000	12.382544	0.0	28763893	229	160.0
1629303570.94	160000	13.090469	0.0	21266416	170	160.0
1629303571.3	160000	13.73769	0.0	23702229	205	160.0
1629303571.69	160000	14.341624	0.0	27580394	240	160.0
1629303572.0	160000	15.038475	0.0	20329780	174	160.0
1629303572.23	160000	15.810763	0.0	16109183	134	160.0
1629303573.07	160000	15.971104	0.0	58830800	488	160.0
1629303574.08	160000	16.018079	0.0	66935122	622	160.0
1629303574.32	160000	16.781282	0.0	15251076	132	160.0
