1606508614.89	40000	1.000999	0.024	334476	1	-3.8400000000000034
1606508615.17	20000	2.001999	0.0	11007815	154	0.0
1606508615.36	20000	2.891308	0.0	8849724	130	20.0
1606508615.43	20000	3.819532	0.0	3191121	46	20.0
1606508615.47	20000	4.778874	0.0	1661718	24	20.0
1606508615.51	20000	5.754735	0.0	1315024	20	20.0
1606508615.54	20000	6.739152	0.0	698359	9	20.0
1606508615.56	20000	7.716045	0.0	730082	10	20.0
1606508615.76	40000	8.541184	0.0	9295618	136	20.0
1606508615.89	40000	9.413716	0.0	5971357	84	40.0
1606508616.12	60000	10.183982	0.0	10988410	154	40.0
1606508616.59	80000	10.719117	0.0	20600381	289	60.0
1606508617.1	80000	11.235462	0.0	17710542	401	80.0
1606508617.35	80000	12.002763	0.0	7412644	187	80.0
1606508617.8	110000	12.560143	0.0	12783186	365	80.0
1606508618.76	110000	12.6042	0.0	13101938	880	110.0
1606508619.17	110000	13.18584	0.0	5268213	382	110.0
1606508619.95	110000	13.410279	0.0	9838179	713	110.0
1606508620.43	110000	13.929636	0.0	6126794	441	110.0
1606508622.62	110000	12.747459	0.0	26576979	1997	110.0
1606508624.2	110000	12.162788	0.0	19285617	1472	110.0
1606508625.48	110000	11.891213	0.0	14817542	1184	110.0
1606508627.04	110000	11.330637	0.0	17002609	1455	110.0
1606508628.32	80000	11.045825	0.0	14862949	1191	50.0
1606508629.3	80000	11.070105	0.0	10513690	907	80.0
1606508630.01	80000	11.357562	0.0	8329186	659	80.0
1606508632.77	80000	9.597744	0.0	34554431	2517	80.0
1606508634.53	60000	8.841908	0.0	29587565	1580	40.0
1606508634.82	60000	9.548303	0.0	5395812	254	60.0
1606508635.08	60000	10.296859	0.0	5799553	207	60.0
1606508635.35	80000	11.020374	0.0	6381056	229	60.0
1606508635.63	80000	11.749898	0.0	6393963	228	80.0
1606508636.26	80000	12.114323	0.0	5578363	599	80.0
1606508638.29	110000	11.091757	0.0	7822163	1972	80.0
1606508638.84	80000	11.536768	0.0	6190601	511	50.0
1606508639.3	80000	12.077349	0.0	5198830	421	80.0
1606508640.01	110000	12.374586	0.0	8625024	645	80.0
1606508640.47	110000	12.913507	0.0	6833121	413	110.0
1606508640.88	110000	13.501007	0.0	6808950	370	110.0
1606508641.2	110000	14.180225	0.0	9608563	262	110.0
1606508641.67	110000	14.712742	0.0	13956444	381	110.0
1606508642.54	110000	14.853082	0.0	33926116	667	110.0
1606508643.26	110000	15.126342	0.0	29928879	545	110.0
1606508643.47	160000	15.921102	0.0	7891151	142	110.0
1606508643.97	160000	16.419758	0.0	21012466	384	160.0
1606508644.59	160000	16.800149	0.0	23519424	488	160.0
1606508645.06	160000	17.330006	0.0	18715420	348	160.0
1606508645.43	160000	17.96406	0.0	17000816	267	160.0
1606508645.74	160000	18.657569	0.0	14448126	226	160.0
1606508645.91	160000	19.479675	0.0	6958676	135	160.0
1606508646.36	160000	20.041627	0.0	9088791	383	160.0
1606508646.7	160000	20.695125	0.0	7211881	300	160.0
1606508646.85	160000	21.543695	0.0	3063586	127	160.0
1606508649.59	160000	19.808083	0.0	2782179	2711	160.0
1606508651.22	160000	19.179906	0.0	9958410	1566	160.0
1606508652.12	160000	19.280895	0.0	12158708	829	160.0
1606508653.03	160000	19.36696	0.0	12300216	843	160.0
1606508654.27	160000	19.134991	0.0	15815684	1141	160.0
1606508655.42	160000	18.987032	0.0	13526256	1068	160.0
1606508656.4	160000	19.007532	0.0	11995130	910	160.0
1606508657.47	160000	18.931225	0.0	13394791	989	160.0
1606508658.52	160000	18.882299	0.0	14135828	969	160.0
1606508659.69	160000	18.717079	0.0	15366126	1076	160.0
1606508660.97	160000	18.442107	0.0	14248439	1193	160.0
1606508661.97	160000	18.434215	0.0	13843717	925	160.0
1606508663.15	160000	18.257179	0.0	14665119	1092	160.0
1606508665.09	160000	17.323949	0.0	21079187	1814	160.0
1606508665.94	160000	17.471246	0.0	25480074	703	160.0
1606508666.41	160000	18.010355	0.0	23021754	316	160.0
1606508666.94	160000	18.473318	0.0	27527834	372	160.0
1606508667.42	160000	18.991572	0.0	26155848	333	160.0
1606508667.76	160000	19.658099	0.0	17849379	226	160.0
1606508668.06	160000	20.352203	0.0	16546531	211	160.0
1606508668.47	160000	20.945202	0.0	17718949	305	160.0
1606508668.87	160000	21.545106	0.0	17337137	298	160.0
1606508669.67	160000	21.751299	0.0	20008245	676	160.0
1606508672.45	160000	19.97077	0.0	58430914	2267	160.0
1606508673.61	160000	19.813923	0.0	16292703	1049	160.0
1606508675.82	160000	18.598976	0.0	25587422	2077	160.0
1606508677.4	160000	18.02573	0.0	23982306	1441	160.0
1606508677.76	160000	18.663407	0.0	13347845	285	160.0
1606508678.13	160000	19.30063	0.0	14337991	280	160.0
1606508678.33	160000	20.096344	0.0	14584990	121	160.0
1606508678.52	160000	20.903545	0.0	13962401	117	160.0
1606508678.72	160000	21.705883	0.0	14393788	119	160.0
1606508678.94	160000	22.497519	0.0	14649457	121	160.0
1606508679.12	160000	23.306318	0.0	13409715	114	160.0
1606508679.34	160000	24.093479	0.0	13909605	137	160.0
1606508679.55	160000	24.887825	0.0	13301968	131	160.0
1606508679.84	160000	25.588721	0.0	19025846	188	160.0
1606508680.15	160000	26.29226	0.0	19295426	190	160.0
1606508680.43	160000	27.010591	0.0	18261873	169	160.0
1606508680.73	160000	27.705787	0.0	19847604	186	160.0
1606508681.02	160000	28.420834	0.0	18767181	176	160.0
1606508681.34	160000	29.097183	0.0	22420858	198	160.0
1606508681.62	160000	29.816788	0.0	19324333	169	160.0
1606508681.92	160000	30.521442	0.0	20392234	179	160.0
1606508682.04	160000	31.404055	0.0	7671072	68	160.0
1606508682.3	160000	32.140119	0.0	17781906	159	160.0
1606508682.49	160000	32.950784	0.0	12839336	114	160.0
1606508682.66	160000	33.789452	0.0	10779770	97	160.0
1606508682.88	160000	34.571979	0.0	14606687	132	160.0
1606508683.54	160000	34.911154	0.0	41866951	405	160.0
1606508684.14	160000	35.307888	0.0	37238410	386	160.0
1606508684.47	160000	35.982587	0.0	14347759	245	160.0
1606508684.74	160000	36.720053	0.0	11399187	195	160.0
1606508684.98	160000	37.471757	0.0	10358641	172	160.0
1606508685.25	160000	38.203323	0.0	14315696	182	160.0
1606508685.62	160000	38.832175	0.0	23283631	242	160.0
1606508686.23	160000	39.220147	0.0	37521367	390	160.0
1606508686.55	160000	39.902914	0.0	22241104	193	160.0
1606508686.78	160000	40.673719	0.0	15813346	136	160.0
1606508687.03	160000	41.429474	0.0	17116450	149	160.0
1606508687.31	160000	42.14825	0.0	18867054	168	160.0
1606508687.57	160000	42.889704	0.0	17393609	158	160.0
1606508687.93	160000	43.527531	0.0	24759401	223	160.0
1606508688.3	160000	44.158277	0.0	25782433	226	160.0
1606508688.67	160000	44.79421	0.0	25885372	206	160.0
1606508689.02	160000	45.441057	0.0	26242011	209	160.0
1606508689.38	160000	46.091091	0.0	23865378	192	160.0
1606508689.73	160000	46.739519	0.0	25470681	207	160.0
1606508690.11	160000	47.353624	0.0	27258768	222	160.0
1606508690.36	160000	48.105762	0.0	17853711	145	160.0
1606508690.57	160000	48.900631	0.0	14829893	120	160.0
1606508690.95	160000	49.517215	0.0	27779697	225	160.0
1606508691.34	160000	50.127623	0.0	27714923	225	160.0
1606508691.71	160000	50.764294	0.0	25946474	211	160.0
1606508691.98	160000	51.493851	0.0	19596259	159	160.0
1606508692.31	160000	52.161076	0.0	23774167	196	160.0
1606508692.59	160000	52.885551	0.0	19373656	167	160.0
1606508692.93	160000	53.542906	0.0	23977420	208	160.0
1606508693.28	160000	54.196784	0.0	24493733	211	160.0
1606508693.49	160000	54.988895	0.0	14528511	127	160.0
1606508693.73	160000	55.745743	0.0	16841176	147	160.0
1606508693.98	160000	56.503966	0.0	16743604	147	160.0
1606508694.27	160000	57.213222	0.0	17975224	185	160.0
1606508695.18	160000	57.300449	0.0	22329548	788	160.0
1606508697.59	160000	55.889972	0.0	16001583	2316	160.0
1606508698.49	160000	55.993011	0.0	18238584	792	160.0
1606508699.36	160000	56.12867	0.0	21308824	735	160.0
1606508699.73	160000	56.75757	0.0	17749058	267	160.0
1606508700.02	160000	57.47064	0.0	14127787	208	160.0
1606508701.83	160000	56.654631	0.0	17525699	1716	160.0
1606508703.53	160000	55.960548	0.0	14240042	1616	160.0
1606508705.34	160000	55.148227	0.0	20324139	1696	160.0
1606508705.73	160000	55.761965	0.0	21993033	265	160.0
1606508706.07	160000	56.421812	0.0	18863108	228	160.0
1606508706.34	160000	57.15191	0.0	15964734	178	160.0
1606508706.47	160000	58.02384	0.0	8284939	78	160.0
1606508706.61	160000	58.887809	0.0	9004706	83	160.0
1606508706.72	160000	59.779449	0.0	6955279	64	160.0
1606508707.89	160000	59.660624	0.0	10701639	97	160.0
1606508709.05	160000	59.661633	0.0	9459459	88	160.0
1606508709.6	160000	59.912621	0.0	3212828	30	160.0
1606508710.65	160000	59.913669	0.0	2509989	22	160.0
1606508711.69	160000	59.914662	0.0	2004927	18	160.0
1606508712.72	160000	59.915665	0.0	591360	4	160.0
1606508714.26	160000	59.850455	0.0	2394426	21	160.0
1606508714.59	40000	1.000999	0.029	337339	2	-4.640000000000001
1606508714.81	20000	2.001999	0.0	11007815	94	0.0
1606508714.94	20000	3.002999	0.0	8849724	75	20.0
1606508715.0	20000	3.947916	0.0	3191121	31	20.0
1606508715.04	20000	4.913622	0.0	1661718	14	20.0
1606508715.07	20000	5.884531	0.0	1315024	11	20.0
1606508715.09	20000	6.863556	0.0	698359	5	20.0
1606508715.11	20000	7.842007	0.0	730082	6	20.0
1606508715.26	40000	8.692641	0.0	9295618	79	20.0
1606508715.42	60000	9.54191	0.0	9877442	82	40.0
1606508715.58	60000	10.382104	0.0	10988410	91	60.0
1606508715.94	80000	11.024075	0.0	20600381	172	60.0
1606508716.19	80000	11.77198	0.0	17710542	146	80.0
1606508716.3	80000	12.657618	0.0	7412644	62	80.0
1606508716.5	110000	13.495852	0.0	12783186	107	80.0
1606508716.69	110000	14.304706	0.0	13101938	110	110.0
1606508716.77	110000	15.225168	0.0	5268213	44	110.0
1606508717.0	160000	15.993838	0.0	15775481	132	110.0
1606508717.14	160000	16.882783	0.0	9163235	77	160.0
1606508717.85	160000	17.178571	0.0	41307095	347	160.0
1606508718.25	160000	17.774273	0.0	28763893	243	160.0
1606508718.58	160000	18.447065	0.0	21266416	191	160.0
1606508718.93	160000	19.099086	0.0	23702229	215	160.0
1606508719.33	160000	19.700001	0.0	27580394	250	160.0
1606508719.65	160000	20.383458	0.0	20329780	191	160.0
1606508719.89	160000	21.141112	0.0	16109183	151	160.0
1606508720.89	160000	21.143983	0.0	58830800	519	160.0
1606508721.79	160000	21.244773	0.0	66935122	537	160.0
1606508722.0	160000	22.032853	0.0	15251076	123	160.0
1606508722.23	160000	22.800684	0.0	16574034	134	160.0
