1629493498.04	40000	1.000999	0.046	334476	33	-7.359999999999999
1629493499.21	20000	1.418104	0.307	11007815	1033	-49.12
1629493499.9	20000	1.730547	0.0	8849724	630	20.0
1629493500.14	20000	2.508142	0.0	3191121	214	20.0
1629493500.28	20000	3.373191	0.0	1661718	111	20.0
1629493500.39	20000	4.266053	0.0	1315024	87	20.0
1629493500.71	60000	4.968969	0.0	4014386	270	20.0
1629493501.3	160000	5.374258	0.0	7597636	530	60.0
1629493502.89	60000	4.790449	0.0	17832465	1457	-40.0
1629493503.67	60000	5.009998	0.0	9877442	719	60.0
1629493504.64	60000	5.040779	0.0	10988410	901	60.0
1629493505.15	20000	5.527129	0.0	5571764	473	-20.0
1629493506.15	60000	5.531432	0.0	13601559	914	20.0
1629493506.93	160000	5.762917	0.0	19559369	631	60.0
1629493509.52	160000	4.160866	0.0	22224402	2470	160.0
1629493511.36	160000	3.325381	0.0	22578365	1724	160.0
1629493512.1	160000	3.588617	0.0	8346702	686	160.0
1629493513.53	160000	3.158409	0.0	15775481	1331	160.0
1629493514.15	160000	3.534275	0.0	9163235	563	160.0
1629493514.71	60000	3.982238	0.0	15945082	453	-40.0
1629493515.38	60000	4.306806	0.0	11785554	602	60.0
1629493517.44	160000	3.247625	0.0	21266416	1935	60.0
1629493519.21	160000	2.484578	0.0	23702229	1608	160.0
1629493519.79	160000	2.90111	0.0	27580394	423	160.0
1629493520.8	160000	2.896369	0.0	20329780	890	160.0
1629493523.22	160000	1.478835	0.0	16109183	2314	160.0
1629493526.51	60000	1.286852	2.101	27018238	3153	-376.16
1629493527.39	20000	1.423368	0.0	11684632	794	-20.0
1629493527.79	60000	2.007649	0.0	5395812	360	20.0
1629493529.11	160000	1.69351	0.0	16574034	1200	60.0
1629493529.49	160000	2.307294	0.0	13009028	311	160.0
1629493529.88	160000	2.926776	0.0	12791674	306	160.0
1629493530.22	160000	3.584898	0.0	11137898	269	160.0
1629493530.57	160000	4.236701	0.0	11485310	281	160.0
1629493530.96	160000	4.848687	0.0	12428518	305	160.0
1629493531.27	160000	5.540924	0.0	9963766	245	160.0
1629493531.64	160000	6.163947	0.0	12189364	302	160.0
1629493531.96	160000	6.849897	0.0	10142396	251	160.0
1629493532.26	160000	7.55356	0.0	10185488	228	160.0
1629493532.63	160000	8.180896	0.0	14061455	298	160.0
1629493533.17	160000	8.642705	0.0	20074099	425	160.0
1629493534.56	160000	8.248982	0.0	46115254	948	160.0
1629493537.14	160000	6.673492	0.0	40906522	2350	160.0
1629493537.85	160000	6.967261	0.0	7891151	652	160.0
1629493539.59	160000	6.227248	0.0	21012466	1617	160.0
1629493540.45	160000	6.365606	0.0	23519424	734	160.0
1629493540.82	160000	7.00052	0.0	18715420	251	160.0
1629493541.14	160000	7.67557	0.0	17000816	228	160.0
1629493541.57	160000	8.25302	0.0	14448126	339	160.0
1629493541.78	160000	9.038668	0.0	6958676	163	160.0
1629493542.05	160000	9.769881	0.0	9088791	213	160.0
1629493542.36	160000	10.461043	0.0	7211881	261	160.0
1629493542.52	160000	11.3049	0.0	3063586	128	160.0
1629493542.66	160000	12.162174	0.0	2782179	115	160.0
1629493543.13	160000	12.690871	0.0	9958410	414	160.0
1629493543.71	160000	13.114964	0.0	12158708	493	160.0
1629493544.29	160000	13.538118	0.0	12300216	486	160.0
1629493544.94	160000	13.889806	0.0	15815684	558	160.0
1629493545.49	160000	14.335107	0.0	13526256	481	160.0
1629493545.99	160000	14.836347	0.0	11995130	430	160.0
1629493546.58	160000	15.256506	0.0	13394791	502	160.0
1629493547.19	160000	15.641231	0.0	14135828	540	160.0
1629493548.03	160000	15.79837	0.0	15366126	750	160.0
1629493548.9	160000	15.934672	0.0	14248439	784	160.0
1629493549.91	160000	15.929687	0.0	13843717	928	160.0
1629493551.02	160000	15.820067	0.0	14665119	1029	160.0
1629493552.72	160000	15.119672	0.0	21079187	1570	160.0
1629493555.26	160000	13.578388	0.0	25480074	2392	160.0
1629493555.73	160000	14.104743	0.0	23021754	333	160.0
1629493556.28	160000	14.566127	0.0	27527834	390	160.0
1629493556.75	160000	15.092153	0.0	26155848	310	160.0
1629493557.07	160000	15.773591	0.0	17849379	211	160.0
1629493557.37	160000	16.476471	0.0	16546531	195	160.0
1629493557.68	160000	17.161563	0.0	17718949	209	160.0
1629493558.0	160000	17.845851	0.0	17337137	209	160.0
1629493558.37	160000	18.47859	0.0	20008245	242	160.0
1629493559.56	160000	18.291215	0.0	58430914	770	160.0
1629493559.85	160000	18.995607	0.0	16292703	200	160.0
1629493560.32	160000	19.527055	0.0	25587422	326	160.0
1629493560.72	160000	20.127714	0.0	23982306	261	160.0
1629493560.95	160000	20.903885	0.0	13347845	146	160.0
1629493561.18	160000	21.669086	0.0	14337991	156	160.0
1629493561.44	160000	22.422893	0.0	14584990	157	160.0
1629493561.67	160000	23.187947	0.0	13962401	152	160.0
1629493561.9	160000	23.953215	0.0	14393788	157	160.0
1629493562.14	160000	24.71541	0.0	14649457	159	160.0
1629493562.37	160000	25.489566	0.0	13409715	147	160.0
1629493562.6	160000	26.257042	0.0	13909605	154	160.0
1629493562.82	160000	27.03584	0.0	13301968	148	160.0
1629493563.15	160000	27.714182	0.0	19025846	211	160.0
1629493563.44	160000	28.419192	0.0	19295426	184	160.0
1629493563.71	160000	29.150932	0.0	18261873	165	160.0
1629493564.01	160000	29.851972	0.0	19847604	179	160.0
1629493564.3	160000	30.562605	0.0	18767181	169	160.0
1629493564.65	160000	31.218092	0.0	22420858	216	160.0
1629493564.93	160000	31.937555	0.0	19324333	185	160.0
1629493565.22	160000	32.645672	0.0	20392234	195	160.0
1629493565.33	160000	33.533479	0.0	7671072	66	160.0
1629493565.57	160000	34.295015	0.0	17781906	153	160.0
1629493565.76	160000	35.109862	0.0	12839336	112	160.0
1629493565.92	160000	35.950986	0.0	10779770	93	160.0
1629493566.12	160000	36.750324	0.0	14606687	125	160.0
1629493566.72	160000	37.155582	0.0	41866951	352	160.0
1629493567.24	160000	37.63519	0.0	37238410	294	160.0
1629493567.43	160000	38.441456	0.0	14347759	113	160.0
1629493567.59	160000	39.287544	0.0	11399187	90	160.0
1629493567.74	160000	40.14032	0.0	10358641	82	160.0
1629493567.93	160000	40.948904	0.0	14315696	113	160.0
1629493568.24	160000	41.643513	0.0	23283631	184	160.0
1629493568.77	160000	42.110156	0.0	37521367	291	160.0
1629493569.07	160000	42.815455	0.0	22241104	172	160.0
1629493569.28	160000	43.606312	0.0	15813346	122	160.0
1629493569.5	160000	44.386552	0.0	17116450	136	160.0
1629493569.73	160000	45.1498	0.0	18867054	149	160.0
1629493569.97	160000	45.912183	0.0	17393609	138	160.0
1629493570.31	160000	46.582293	0.0	24759401	196	160.0
1629493570.64	160000	47.252526	0.0	25782433	187	160.0
1629493570.98	160000	47.905509	0.0	25885372	193	160.0
1629493571.31	160000	48.577042	0.0	26242011	189	160.0
1629493571.61	160000	49.285811	0.0	23865378	150	160.0
1629493571.9	160000	49.990647	0.0	25470681	160	160.0
1629493572.24	160000	50.652263	0.0	27258768	172	160.0
1629493572.44	160000	51.454038	0.0	17853711	108	160.0
1629493572.6	160000	52.291974	0.0	14829893	89	160.0
1629493572.9	160000	52.996897	0.0	27779697	167	160.0
1629493573.19	160000	53.702625	0.0	27714923	167	160.0
1629493573.48	160000	54.420476	0.0	25946474	160	160.0
1629493573.69	160000	55.207374	0.0	19596259	120	160.0
1629493573.95	160000	55.948787	0.0	23774167	145	160.0
1629493574.17	160000	56.729844	0.0	19373656	118	160.0
1629493574.44	160000	57.460993	0.0	23977420	149	160.0
1629493574.71	160000	58.189994	0.0	24493733	143	160.0
1629493574.88	160000	59.024632	0.0	14528511	85	160.0
1629493575.07	160000	59.830582	0.0	16841176	99	160.0
1629493576.27	160000	59.746869	0.0	16743604	98	160.0
1629493576.98	160000	59.998052	0.0	17975224	120	160.0
1629493578.26	160000	59.748897	0.0	22329548	149	160.0
1629493579.48	160000	59.499864	0.0	16001583	144	160.0
1629493580.03	160000	59.876796	0.0	18238584	460	160.0
1629493581.57	160000	59.342475	0.0	21308824	1428	160.0
1629493583.05	160000	58.860072	0.0	17749058	1393	160.0
1629493584.11	160000	58.799042	0.0	14127787	982	160.0
1629493585.61	160000	58.308365	0.0	17525699	1394	160.0
1629493586.5	160000	58.410568	0.0	14240042	822	160.0
1629493587.02	160000	58.900383	0.0	20324139	408	160.0
1629493587.57	160000	59.343566	0.0	21993033	453	160.0
1629493588.09	160000	59.825725	0.0	18863108	416	160.0
1629493589.56	160000	59.509781	0.0	15964734	383	160.0
1629493591.83	160000	58.086428	0.0	8284939	2221	160.0
1629493593.2	160000	57.722888	0.0	9004706	1309	160.0
1629493593.9	160000	58.034639	0.0	6955279	641	160.0
1629493594.92	160000	58.004734	0.0	10701639	956	160.0
1629493595.75	160000	58.177655	0.0	9459459	773	160.0
1629493596.0	160000	58.92502	0.0	3212828	224	160.0
1629493596.2	160000	59.722719	0.0	2509989	175	160.0
1629493597.37	160000	59.767902	0.0	2004927	140	160.0
1629493598.4	160000	59.768983	0.0	591360	15	160.0
1629493599.46	160000	59.953751	0.0	2394426	30	160.0
1629493599.74	40000	1.000999	0.03	336477	1	-4.799999999999997
1629493600.09	160000	1.922229	0.0	14912671	188	40.0
1629493600.6	160000	2.41171	0.0	24265636	304	160.0
1629493601.0	160000	3.012665	0.0	22711544	266	160.0
1629493601.34	160000	3.678572	0.0	19639705	230	160.0
1629493601.71	160000	4.366401	0.0	20946809	266	160.0
1629493601.94	160000	5.14443	0.0	11895609	154	160.0
1629493602.08	160000	6.001986	0.0	7597636	99	160.0
1629493603.21	160000	5.963464	0.0	56067905	711	160.0
1629493603.98	160000	6.216023	0.0	45444680	550	160.0
1629493604.84	160000	6.380347	0.0	54798068	626	160.0
1629493605.95	160000	6.270145	0.0	69464107	711	160.0
1629493606.68	160000	6.546768	0.0	50637608	474	160.0
1629493607.0	160000	7.225453	0.0	19559369	217	160.0
1629493607.37	160000	7.859423	0.0	22224402	246	160.0
1629493607.72	160000	8.508687	0.0	22578365	232	160.0
1629493607.86	160000	9.368786	0.0	8346702	84	160.0
1629493608.11	160000	10.122179	0.0	15775481	158	160.0
1629493608.26	160000	10.974681	0.0	9163235	92	160.0
1629493608.86	160000	11.375829	0.0	41307095	390	160.0
1629493609.27	160000	11.965863	0.0	28763893	258	160.0
1629493609.58	160000	12.653253	0.0	21266416	193	160.0
1629493609.9	160000	13.332514	0.0	23702229	200	160.0
1629493610.28	160000	13.955964	0.0	27580394	233	160.0
1629493610.58	160000	14.65672	0.0	20329780	173	160.0
1629493610.82	160000	15.422292	0.0	16109183	142	160.0
1629493611.65	160000	15.586382	0.0	58830800	523	160.0
1629493612.56	160000	15.735769	0.0	66935122	554	160.0
1629493612.77	160000	16.531284	0.0	15251076	117	160.0
1629493612.99	160000	17.308773	0.0	16574034	127	160.0
1629493613.18	160000	18.123654	0.0	13009028	110	160.0
1629493613.34	160000	18.959837	0.0	12791674	98	160.0
1629493613.49	160000	19.810838	0.0	11137898	87	160.0
1629493613.65	160000	20.652749	0.0	11485310	89	160.0
1629493613.82	160000	21.484959	0.0	12428518	96	160.0
1629493613.96	160000	22.348915	0.0	9963766	78	160.0
1629493614.12	160000	23.191575	0.0	12189364	94	160.0
1629493614.26	160000	24.054093	0.0	10142396	79	160.0
1629493614.4	160000	24.91079	0.0	10185488	79	160.0
1629493614.58	160000	25.72761	0.0	14061455	112	160.0
1629493614.85	160000	26.463688	0.0	20074099	164	160.0
1629493615.43	160000	26.88052	0.0	46115254	380	160.0
1629493616.67	160000	26.64018	0.0	40906522	1019	160.0
1629493617.51	160000	26.805189	0.0	7891151	784	160.0
1629493619.42	160000	25.894534	0.0	21012466	1803	160.0
1629493619.79	160000	26.525073	0.0	23519424	249	160.0
1629493620.06	160000	27.263835	0.0	18715420	154	160.0
1629493620.29	160000	28.024664	0.0	17000816	140	160.0
1629493620.49	160000	28.826647	0.0	14448126	119	160.0
1629493620.6	160000	29.724135	0.0	6958676	59	160.0
1629493620.73	160000	30.590659	0.0	9088791	78	160.0
1629493620.84	160000	31.482721	0.0	7211881	62	160.0
1629493620.89	160000	32.430535	0.0	3063586	26	160.0
1629493620.94	160000	33.382423	0.0	2782179	23	160.0
1629493621.09	160000	34.233202	0.0	9958410	85	160.0
1629493621.26	160000	35.064275	0.0	12158708	104	160.0
1629493621.44	160000	35.890898	0.0	12300216	105	160.0
1629493621.65	160000	36.674324	0.0	15815684	130	160.0
1629493621.84	160000	37.492958	0.0	13526256	110	160.0
1629493622.0	160000	38.333435	0.0	11995130	95	160.0
1629493622.18	160000	39.155531	0.0	13394791	107	160.0
1629493622.37	160000	39.964037	0.0	14135828	114	160.0
1629493622.58	160000	40.759769	0.0	15366126	123	160.0
1629493622.79	160000	41.545986	0.0	14248439	131	160.0
1629493622.99	160000	42.34452	0.0	13843717	128	160.0
1629493623.22	160000	43.119806	0.0	14665119	135	160.0
1629493623.54	160000	43.79824	0.0	21079187	200	160.0
1629493624.03	160000	44.307688	0.0	25480074	353	160.0
1629493624.47	160000	44.865061	0.0	23021754	320	160.0
1629493624.9	160000	45.436236	0.0	27527834	291	160.0
1629493625.32	160000	46.017331	0.0	26155848	268	160.0
1629493625.61	160000	46.736698	0.0	17849379	183	160.0
1629493625.92	160000	47.430613	0.0	16546531	212	160.0
1629493626.26	160000	48.084544	0.0	17718949	234	160.0
1629493626.58	160000	48.76565	0.0	17337137	223	160.0
1629493626.91	160000	49.435792	0.0	20008245	222	160.0
1629493627.99	160000	49.355013	0.0	58430914	787	160.0
1629493629.18	160000	49.171792	0.0	16292703	1078	160.0
1629493631.49	160000	47.858106	0.0	25587422	2177	160.0
1629493633.49	160000	46.865637	0.0	23982306	1883	160.0
1629493634.55	160000	46.799457	0.0	13347845	996	160.0
1629493634.8	160000	47.552012	0.0	14337991	172	160.0
1629493635.05	160000	48.303276	0.0	14584990	174	160.0
1629493635.29	160000	49.061229	0.0	13962401	166	160.0
1629493635.54	160000	49.813137	0.0	14393788	171	160.0
1629493635.82	160000	50.53633	0.0	14649457	197	160.0
1629493636.08	160000	51.276798	0.0	13409715	185	160.0
1629493636.35	160000	52.009663	0.0	13909605	190	160.0
1629493636.6	160000	52.758358	0.0	13301968	184	160.0
1629493636.97	160000	53.389596	0.0	19025846	247	160.0
1629493637.31	160000	54.051216	0.0	19295426	245	160.0
1629493637.63	160000	54.729646	0.0	18261873	232	160.0
1629493638.34	160000	55.02627	0.0	19847604	593	160.0
1629493639.1	160000	55.268594	0.0	18767181	657	160.0
1629493640.26	160000	55.110618	0.0	22420858	1044	160.0
1629493641.33	160000	55.039299	0.0	19324333	952	160.0
1629493642.22	160000	55.142557	0.0	20392234	779	160.0
1629493642.54	160000	55.827724	0.0	7671072	266	160.0
1629493643.78	160000	55.586645	0.0	17781906	1141	160.0
1629493644.1	160000	56.271982	0.0	12839336	237	160.0
1629493644.36	160000	57.009911	0.0	10779770	200	160.0
1629493644.75	160000	57.625937	0.0	14606687	300	160.0
1629493646.74	160000	56.63474	0.0	41866951	1738	160.0
1629493649.61	160000	54.76129	0.0	37238410	2701	160.0
1629493651.96	160000	53.412001	0.0	14347759	2270	160.0
1629493653.83	160000	52.546243	0.0	11399187	1798	160.0
1629493654.86	160000	52.514231	0.0	10358641	965	160.0
1629493655.91	160000	52.464605	0.0	14315696	972	160.0
1629493657.03	160000	52.351686	0.0	23283631	994	160.0
1629493661.95	160000	48.425806	0.0	37521367	4707	160.0
1629493663.05	160000	48.331822	0.0	22241104	970	160.0
1629493663.47	160000	48.912588	0.0	15813346	329	160.0
1629493663.92	160000	49.45852	0.0	17116450	360	160.0
1629493664.42	160000	49.965096	0.0	18867054	392	160.0
1629493664.87	160000	50.518296	0.0	17393609	356	160.0
1629493665.49	160000	50.893268	0.0	24759401	494	160.0
1629493666.18	160000	51.211609	0.0	25782433	549	160.0
1629493666.9	160000	51.486527	0.0	25885372	576	160.0
1629493667.49	160000	51.904356	0.0	26242011	465	160.0
1629493668.08	160000	52.31186	0.0	23865378	447	160.0
1629493668.73	160000	52.66019	0.0	25470681	509	160.0
1629493672.0	160000	50.397235	0.0	27258768	3090	160.0
1629493672.51	160000	50.878553	0.0	17853711	422	160.0
1629493672.93	160000	51.464175	0.0	14829893	339	160.0
1629493673.7	160000	51.699502	0.0	27779697	611	160.0
1629493674.41	160000	51.982281	0.0	27714923	575	160.0
1629493675.1	160000	52.293062	0.0	25946474	560	160.0
1629493675.67	160000	52.73086	0.0	19596259	451	160.0
1629493676.27	160000	53.131388	0.0	23774167	475	160.0
1629493676.76	160000	53.644493	0.0	19373656	376	160.0
1629493677.33	160000	54.074469	0.0	23977420	448	160.0
1629493677.92	160000	54.485815	0.0	24493733	464	160.0
