1606487129.71	40000	1.000999	0.05	334476	36	-8.0
1606487130.83	20000	1.248172	0.0	11007815	1024	0.0
1606487132.37	60000	1.344784	0.617	20421673	1380	-78.72
1606487133.68	80000	1.432526	0.365	17135714	1197	1.6000000000000014
1606487134.77	80000	1.352736	0.0	13114792	1015	80.0
1606487135.67	80000	1.486173	0.0	11497228	821	80.0
1606487136.14	80000	2.017673	0.0	6232523	424	80.0
1606487136.67	110000	2.479943	0.0	7044111	481	80.0
1606487139.54	110000	1.169479	0.553	48103258	2426	21.519999999999996
1606487140.39	110000	1.317638	0.0	28884539	678	110.0
1606487142.52	110000	1.327286	1.142	26873304	1996	-72.72
1606487145.98	110000	1.469359	2.596	33588177	3286	-305.36
1606487146.99	110000	1.456324	0.0	25684661	852	110.0
1606487147.44	110000	2.006528	0.0	10838546	385	110.0
1606487147.82	80000	2.640856	0.0	9055732	307	50.0
1606487148.14	80000	3.306708	0.0	9337721	266	80.0
1606487148.26	80000	4.18871	0.0	3201928	92	80.0
1606487148.81	160000	4.645591	0.0	15775481	447	80.0
1606487149.06	160000	5.393672	0.0	9163235	192	160.0
1606487150.15	160000	5.300607	0.0	41307095	853	160.0
1606487150.88	160000	5.576783	0.0	28763893	557	160.0
1606487151.39	160000	6.067377	0.0	21266416	388	160.0
1606487151.96	160000	6.497805	0.0	23702229	435	160.0
1606487152.68	160000	6.781922	0.0	27580394	556	160.0
1606487153.18	160000	7.287836	0.0	20329780	376	160.0
1606487153.57	160000	7.892482	0.0	16109183	292	160.0
1606487154.92	160000	7.539781	0.0	58830800	927	160.0
1606487156.22	160000	7.243507	0.0	66935122	921	160.0
1606487156.48	160000	7.981486	0.0	15251076	172	160.0
1606487156.77	160000	8.699437	0.0	16574034	186	160.0
1606487156.99	160000	9.475686	0.0	13009028	151	160.0
1606487157.21	160000	10.256628	0.0	12791674	149	160.0
1606487157.41	160000	11.0614	0.0	11137898	129	160.0
1606487157.61	160000	11.861137	0.0	11485310	134	160.0
1606487157.82	160000	12.64648	0.0	12428518	145	160.0
1606487157.99	160000	13.487736	0.0	9963766	98	160.0
1606487158.17	160000	14.301134	0.0	12189364	112	160.0
1606487158.33	160000	15.142812	0.0	10142396	94	160.0
1606487158.49	160000	15.988697	0.0	10185488	93	160.0
1606487158.7	160000	16.777343	0.0	14061455	129	160.0
1606487159.03	160000	17.450169	0.0	20074099	210	160.0
1606487159.8	160000	17.674317	0.0	46115254	518	160.0
1606487160.46	160000	18.019997	0.0	40906522	411	160.0
1606487160.59	160000	18.890035	0.0	7891151	80	160.0
1606487160.95	160000	19.533143	0.0	21012466	225	160.0
1606487161.4	160000	20.082472	0.0	23519424	321	160.0
1606487161.79	160000	20.692387	0.0	18715420	270	160.0
1606487162.64	160000	20.838664	0.0	17000816	748	160.0
1606487165.55	160000	18.93899	0.0	14448126	2813	160.0
1606487165.7	40000	19.782484	0.0	1728577	129	-80.0
1606487165.9	40000	20.585206	0.0	2155907	175	40.0
1606487166.08	40000	21.402345	0.0	1753721	161	40.0
1606487166.16	40000	22.331994	0.0	618968	55	40.0
1606487166.21	40000	23.27595	0.0	482994	44	40.0
1606487166.57	60000	23.922869	0.0	3496204	324	40.0
1606487166.98	60000	24.51518	0.0	4154630	374	60.0
1606487167.38	60000	25.113685	0.0	4281107	372	60.0
1606487167.91	60000	25.588096	0.0	5707279	487	60.0
1606487168.41	80000	26.078894	0.0	6118130	464	60.0
1606487168.84	80000	26.658963	0.0	5098216	386	80.0
1606487169.3	80000	27.196728	0.0	5982646	412	80.0
1606487169.82	80000	27.677591	0.0	6905077	476	80.0
1606487170.37	80000	28.123342	0.0	7258180	507	80.0
1606487171.06	110000	28.443329	0.0	8760683	624	80.0
1606487171.76	110000	28.739358	0.0	8711578	649	110.0
1606487172.5	110000	28.998047	0.0	9417807	686	110.0
1606487173.73	110000	28.770306	0.0	14377779	1149	110.0
1606487174.45	80000	29.050536	0.0	12476436	643	50.0
1606487175.14	110000	29.368396	0.0	15365006	592	80.0
1606487175.77	110000	29.736207	0.0	19021488	523	110.0
1606487176.36	110000	30.149776	0.0	17918889	471	110.0
1606487176.74	110000	30.77135	0.0	11843178	308	110.0
1606487177.35	160000	31.155125	0.0	16546531	513	110.0
1606487178.09	160000	31.414322	0.0	17718949	627	160.0
1606487179.09	160000	31.417391	0.0	17337137	898	160.0
1606487180.02	160000	31.489216	0.0	20008245	815	160.0
1606487182.74	160000	29.775379	0.0	58430914	2396	160.0
1606487183.87	160000	29.640136	0.0	16292703	1033	160.0
1606487186.02	160000	28.497629	0.0	25587422	2003	160.0
1606487187.51	110000	28.001915	0.0	16439864	1397	60.0
1606487188.26	110000	28.251533	0.0	8847416	697	110.0
1606487189.18	110000	28.339089	0.0	9530442	854	110.0
1606487189.8	80000	28.715297	0.0	7178853	577	50.0
1606487190.37	80000	29.144581	0.0	6803527	524	80.0
1606487190.96	80000	29.559177	0.0	7120614	541	80.0
1606487191.57	80000	29.953835	0.0	7243569	560	80.0
1606487192.11	80000	30.409415	0.0	6378767	503	80.0
1606487192.7	80000	30.826125	0.0	6369153	542	80.0
1606487193.22	80000	31.299256	0.0	6270064	486	80.0
1606487193.96	80000	31.567529	0.0	9600822	674	80.0
1606487194.87	80000	31.658823	0.0	10839240	843	80.0
1606487195.56	80000	31.96266	0.0	8798342	642	80.0
1606487196.28	80000	32.24667	0.0	9413866	659	80.0
1606487196.93	80000	32.602588	0.0	8818409	589	80.0
1606487198.27	110000	32.264232	0.0	15265366	1253	80.0
1606487198.98	80000	32.552808	0.0	9684889	647	50.0
1606487199.75	80000	32.779227	0.0	10113016	713	80.0
1606487200.07	80000	33.46654	0.0	3986512	282	80.0
1606487200.78	80000	33.75302	0.0	8761637	659	80.0
1606487201.19	80000	34.344328	0.0	6255843	368	80.0
1606487201.56	110000	34.974389	0.0	7401667	320	80.0
1606487202.04	110000	35.494075	0.0	9761239	422	110.0
1606487202.52	110000	36.019897	0.0	30352856	294	110.0
1606487202.91	110000	36.631966	0.0	26354219	243	110.0
1606487203.13	160000	37.409954	0.0	14347759	133	110.0
1606487203.3	160000	38.237558	0.0	11399187	107	160.0
1606487203.46	160000	39.080128	0.0	10358641	98	160.0
1606487203.68	160000	39.858784	0.0	14315696	140	160.0
1606487204.05	160000	40.495839	0.0	23283631	220	160.0
1606487204.55	160000	40.994638	0.0	37521367	304	160.0
1606487204.87	160000	41.676677	0.0	22241104	186	160.0
1606487205.09	160000	42.454121	0.0	15813346	132	160.0
1606487205.34	160000	43.213007	0.0	17116450	143	160.0
1606487205.62	160000	43.9254	0.0	18867054	173	160.0
1606487205.9	160000	44.65492	0.0	17393609	164	160.0
1606487206.24	160000	45.311735	0.0	24759401	205	160.0
1606487206.6	160000	45.955633	0.0	25782433	209	160.0
1606487206.95	160000	46.604043	0.0	25885372	210	160.0
1606487207.32	160000	47.234746	0.0	26242011	208	160.0
1606487207.64	160000	47.913892	0.0	23865378	186	160.0
1606487208.0	160000	48.559155	0.0	25470681	199	160.0
1606487208.36	160000	49.193348	0.0	27258768	216	160.0
1606487208.61	160000	49.947817	0.0	17853711	142	160.0
1606487208.82	160000	50.742272	0.0	14829893	117	160.0
1606487209.19	160000	51.367892	0.0	27779697	221	160.0
1606487210.05	160000	51.515912	0.0	27714923	700	160.0
1606487211.59	160000	50.971758	0.0	25946474	1392	160.0
1606487212.62	160000	50.946527	0.0	19596259	911	160.0
1606487214.27	160000	50.294767	0.0	23774167	1518	160.0
1606487214.74	160000	50.82436	0.0	19373656	357	160.0
1606487215.3	160000	51.268503	0.0	23977420	426	160.0
1606487215.77	160000	51.796099	0.0	24493733	341	160.0
1606487216.06	160000	52.512855	0.0	14528511	203	160.0
1606487216.43	160000	53.142589	0.0	16841176	276	160.0
1606487216.81	160000	53.760891	0.0	16743604	284	160.0
1606487217.23	160000	54.342566	0.0	17975224	314	160.0
1606487218.09	160000	54.485466	0.0	22329548	723	160.0
1606487218.55	160000	55.023874	0.0	16001583	367	160.0
1606487219.07	160000	55.508411	0.0	18238584	411	160.0
1606487219.89	160000	55.687751	0.0	21308824	694	160.0
1606487220.73	160000	55.849495	0.0	17749058	738	160.0
1606487222.43	160000	55.143651	0.0	14127787	1628	160.0
1606487223.75	110000	54.826728	0.0	11843441	1245	60.0
1606487224.28	80000	55.298964	0.0	6723557	478	50.0
1606487225.13	80000	55.447755	0.0	9962942	793	80.0
1606487225.41	80000	56.173287	0.0	10840351	203	80.0
1606487225.61	80000	56.968096	0.0	8732970	152	80.0
1606487225.79	80000	57.79026	0.0	7562882	131	80.0
1606487225.92	110000	58.662931	0.0	5208724	90	80.0
1606487226.06	110000	59.521649	0.0	5906076	102	110.0
1606487226.73	160000	59.954059	0.0	6955279	110	110.0
1606487227.94	160000	59.705078	0.0	10701639	139	160.0
1606487229.12	160000	59.70608	0.0	9459459	120	160.0
1606487229.68	160000	59.957041	0.0	3212828	37	160.0
1606487230.74	160000	59.958042	0.0	2509989	29	160.0
1606487231.78	160000	59.959058	0.0	2004927	22	160.0
1606487232.81	160000	59.960044	0.0	591360	5	160.0
1606487234.34	110000	59.894811	0.0	1201371	12	60.0
1606487234.7	40000	1.000999	0.03	377897	2	-4.799999999999997
1606487234.92	20000	2.001999	0.0	11007815	92	0.0
1606487235.24	40000	2.797239	0.0	17616813	146	20.0
1606487235.49	80000	3.55218	0.0	17135714	131	40.0
1606487235.74	110000	4.305665	0.0	17473873	133	80.0
1606487235.97	110000	5.068521	0.0	17432386	133	110.0
1606487236.14	160000	5.904112	0.0	11895609	91	110.0
1606487236.25	160000	6.798359	0.0	7597636	58	160.0
1606487237.2	160000	6.898555	0.0	56067905	389	160.0
1606487237.77	160000	7.417755	0.0	45444680	306	160.0
1606487238.47	160000	7.787116	0.0	54798068	373	160.0
1606487239.33	160000	7.991485	0.0	69464107	387	160.0
1606487239.99	160000	8.33097	0.0	50637608	386	160.0
1606487240.25	160000	9.06653	0.0	19559369	149	160.0
1606487240.63	160000	9.694334	0.0	22224402	244	160.0
1606487241.0	160000	10.321535	0.0	22578365	248	160.0
1606487241.15	160000	11.175294	0.0	8346702	85	160.0
1606487241.38	160000	11.947743	0.0	15775481	131	160.0
1606487241.48	160000	12.846131	0.0	9163235	45	160.0
1606487241.91	160000	13.420393	0.0	41307095	203	160.0
1606487242.22	160000	14.104979	0.0	28763893	146	160.0
1606487242.45	160000	14.879411	0.0	21266416	100	160.0
1606487242.7	160000	15.629718	0.0	23702229	115	160.0
1606487242.99	160000	16.343619	0.0	27580394	129	160.0
1606487243.21	160000	17.123797	0.0	20329780	99	160.0
1606487243.39	160000	17.947011	0.0	16109183	78	160.0
1606487244.0	160000	18.327832	0.0	58830800	284	160.0
1606487244.7	160000	18.630517	0.0	66935122	324	160.0
1606487244.88	160000	19.465896	0.0	15251076	73	160.0
