1609797862.31	40000	1.000999	0.037	334476	26	-5.920000000000002
1609797864.29	20000	1.433192	1.058	11007815	1812	-169.28
1609797865.74	20000	1.327385	0.305	8849724	1307	-28.799999999999997
1609797865.94	20000	2.115061	0.0	3191121	109	20.0
1609797866.1	40000	2.962295	0.0	4726840	45	20.0
1609797867.09	110000	2.995618	0.0	17432386	778	40.0
1609797867.57	110000	3.518448	0.0	9099663	353	110.0
1609797868.12	110000	3.962753	0.0	7044111	440	110.0
1609797873.6	160000	1.361051	1.879	56067905	4891	-190.64
1609797874.21	80000	1.754598	0.0	15816325	427	0.0
1609797874.46	80000	2.507423	0.0	15275967	91	80.0
1609797875.24	80000	2.723915	0.0	20600381	590	80.0
1609797876.5	160000	2.473611	0.0	50637608	881	80.0
1609797877.26	160000	2.709862	0.0	19559369	571	160.0
1609797877.75	160000	3.219761	0.0	22224402	289	160.0
1609797878.33	160000	3.643962	0.0	22578365	369	160.0
1609797878.5	160000	4.470609	0.0	8346702	48	160.0
1609797879.25	160000	4.727273	0.0	15775481	578	160.0
1609797879.42	160000	5.552869	0.0	9163235	49	160.0
1609797880.56	160000	5.415031	0.0	41307095	827	160.0
1609797881.42	160000	5.552298	0.0	28763893	624	160.0
1609797882.33	160000	5.646667	0.0	21266416	711	160.0
1609797882.82	160000	6.161623	0.0	23702229	276	160.0
1609797883.47	160000	6.511765	0.0	27580394	429	160.0
1609797884.4	160000	6.57843	0.0	20329780	740	160.0
1609797884.66	160000	7.323536	0.0	16109183	84	160.0
1609797885.94	160000	7.048287	0.0	58830800	781	160.0
1609797887.03	160000	6.958016	0.0	66935122	620	160.0
1609797887.41	160000	7.570873	0.0	15251076	219	160.0
1609797887.68	160000	8.302997	0.0	16574034	96	160.0
1609797888.38	160000	8.603689	0.0	13009028	552	160.0
1609797888.61	160000	9.379544	0.0	12791674	84	160.0
1609797889.28	160000	9.704447	0.0	11137898	528	160.0
1609797889.49	160000	10.498318	0.0	11485310	68	160.0
1609797889.7	160000	11.287456	0.0	12428518	73	160.0
1609797890.34	160000	11.652348	0.0	9963766	505	160.0
1609797890.55	160000	12.439993	0.0	12189364	73	160.0
1609797890.9	160000	13.096973	0.0	10142396	205	160.0
1609797891.39	160000	13.602303	0.0	10185488	362	160.0
1609797891.62	160000	14.378348	0.0	14061455	72	160.0
1609797892.49	160000	14.502413	0.0	20074099	680	160.0
1609797893.68	160000	14.314554	0.0	46115254	829	160.0
1609797894.71	160000	14.290961	0.0	40906522	704	160.0
1609797895.15	160000	14.853491	0.0	7891151	315	160.0
1609797895.59	160000	15.41521	0.0	21012466	242	160.0
1609797896.54	160000	15.460015	0.0	23519424	749	160.0
1609797896.82	160000	16.181223	0.0	18715420	98	160.0
1609797897.7	160000	16.306436	0.0	17000816	702	160.0
1609797898.6	160000	16.402836	0.0	14448126	749	160.0
1609797898.79	160000	17.214038	0.0	6958676	72	160.0
1609797899.59	160000	17.421631	0.0	9088791	667	160.0
1609797899.78	160000	18.232844	0.0	7211881	72	160.0
1609797900.54	160000	18.466121	0.0	3063586	673	160.0
1609797900.68	160000	19.330109	0.0	2782179	44	160.0
1609797902.36	160000	18.656962	0.0	9958410	1543	160.0
1609797902.79	160000	19.220221	0.0	12158708	291	160.0
1609797904.12	160000	18.894713	0.0	12300216	1179	160.0
1609797905.98	160000	18.037971	0.0	15815684	1698	160.0
1609797907.03	160000	17.983951	0.0	13526256	906	160.0
1609797907.48	160000	18.536786	0.0	11995130	295	160.0
1609797907.84	160000	19.176122	0.0	13394791	212	160.0
1609797908.24	160000	19.780984	0.0	14135828	244	160.0
1609797908.67	160000	20.348923	0.0	15366126	276	160.0
1609797908.93	160000	21.090171	0.0	14248439	105	160.0
1609797909.32	160000	21.700321	0.0	13843717	239	160.0
1609797909.72	160000	22.298986	0.0	14665119	243	160.0
1609797910.28	160000	22.749059	0.0	21079187	358	160.0
1609797910.97	160000	23.050226	0.0	25480074	471	160.0
1609797911.75	160000	23.276813	0.0	23021754	562	160.0
1609797912.3	160000	23.72732	0.0	27527834	318	160.0
1609797912.83	160000	24.192824	0.0	26155848	291	160.0
1609797913.19	160000	24.843336	0.0	17849379	171	160.0
1609797913.53	160000	25.502128	0.0	16546531	169	160.0
1609797913.91	160000	26.119222	0.0	17718949	192	160.0
1609797914.25	160000	26.776846	0.0	17337137	167	160.0
1609797914.62	160000	27.413701	0.0	20008245	172	160.0
1609797915.6	160000	27.437319	0.0	58430914	575	160.0
1609797915.97	160000	28.059158	0.0	16292703	208	160.0
1609797916.44	160000	28.598593	0.0	25587422	249	160.0
1609797916.85	160000	29.181832	0.0	23982306	215	160.0
1609797917.37	160000	29.663786	0.0	13347845	356	160.0
1609797917.75	160000	30.289874	0.0	14337991	224	160.0
1609797918.89	160000	30.145627	0.0	14584990	993	160.0
1609797920.16	160000	29.87565	0.0	13962401	1115	160.0
1609797920.53	160000	30.508928	0.0	14393788	216	160.0
1609797920.95	160000	31.093877	0.0	14649457	263	160.0
1609797921.4	160000	31.645975	0.0	13409715	296	160.0
1609797921.74	160000	32.299642	0.0	13909605	199	160.0
1609797922.13	160000	32.915202	0.0	13301968	241	160.0
1609797922.65	160000	33.398938	0.0	19025846	331	160.0
1609797923.14	160000	33.906138	0.0	19295426	314	160.0
1609797923.56	160000	34.492268	0.0	18261873	239	160.0
1609797924.0	160000	35.046161	0.0	19847604	260	160.0
1609797924.41	160000	35.63589	0.0	18767181	234	160.0
1609797924.87	160000	36.184709	0.0	22420858	252	160.0
1609797925.52	160000	36.536573	0.0	19324333	465	160.0
1609797925.91	160000	37.147275	0.0	20392234	205	160.0
1609797926.34	160000	37.713663	0.0	7671072	312	160.0
1609797926.69	160000	38.369534	0.0	17781906	171	160.0
1609797926.96	160000	39.099033	0.0	12839336	124	160.0
1609797927.41	160000	39.649663	0.0	10779770	316	160.0
1609797927.69	160000	40.365405	0.0	14606687	132	160.0
1609797928.59	160000	40.474953	0.0	41866951	571	160.0
1609797929.23	160000	40.829816	0.0	37238410	335	160.0
1609797929.52	160000	41.542902	0.0	14347759	138	160.0
1609797929.76	160000	42.301929	0.0	11399187	105	160.0
1609797929.99	160000	43.071468	0.0	10358641	95	160.0
1609797930.41	160000	43.663178	0.0	14315696	257	160.0
1609797930.81	160000	44.25256	0.0	23283631	203	160.0
1609797931.65	160000	44.417539	0.0	37521367	543	160.0
1609797932.04	160000	45.031891	0.0	22241104	191	160.0
1609797932.47	160000	45.599333	0.0	15813346	263	160.0
1609797932.78	160000	46.288074	0.0	17116450	139	160.0
1609797933.12	160000	46.955156	0.0	18867054	153	160.0
1609797933.57	160000	47.50551	0.0	17393609	272	160.0
1609797933.99	160000	48.085777	0.0	24759401	208	160.0
1609797934.75	160000	48.323471	0.0	25782433	546	160.0
1609797935.59	160000	48.485542	0.0	25885372	601	160.0
1609797936.05	160000	49.02427	0.0	26242011	244	160.0
1609797936.79	160000	49.291396	0.0	23865378	510	160.0
1609797937.21	160000	49.870681	0.0	25470681	201	160.0
1609797937.8	160000	50.280495	0.0	27258768	352	160.0
1609797938.09	160000	50.99286	0.0	17853711	117	160.0
1609797938.66	160000	51.418133	0.0	14829893	423	160.0
1609797939.1	160000	51.981552	0.0	27779697	205	160.0
1609797939.94	160000	52.140668	0.0	27714923	612	160.0
1609797942.12	160000	50.962013	0.0	25946474	1953	160.0
1609797943.88	160000	50.203772	0.0	19596259	1576	160.0
1609797944.8	160000	50.288187	0.0	23774167	714	160.0
1609797945.16	160000	50.928687	0.0	19373656	177	160.0
1609797945.95	160000	51.136318	0.0	23977420	587	160.0
1609797946.75	160000	51.338271	0.0	24493733	595	160.0
1609797947.06	160000	52.033905	0.0	14528511	147	160.0
1609797947.73	160000	52.358551	0.0	16841176	504	160.0
1609797948.11	160000	52.983578	0.0	16743604	209	160.0
1609797948.83	160000	53.26279	0.0	17975224	544	160.0
1609797949.38	160000	53.711013	0.0	22329548	344	160.0
1609797950.06	160000	54.029304	0.0	16001583	515	160.0
1609797951.39	160000	53.70497	0.0	18238584	1146	160.0
1609797953.54	160000	52.55818	0.0	21308824	1947	160.0
1609797955.28	160000	51.813423	0.0	17749058	1570	160.0
1609797956.54	160000	51.55691	0.0	14127787	1106	160.0
1609797957.13	160000	51.965251	0.0	17525699	420	160.0
1609797957.65	160000	52.451523	0.0	14240042	360	160.0
1609797958.16	160000	52.941062	0.0	20324139	325	160.0
1609797958.98	160000	53.123652	0.0	21993033	624	160.0
1609797959.45	160000	53.657176	0.0	18863108	281	160.0
1609797960.37	160000	53.736378	0.0	15964734	756	160.0
1609797961.15	160000	53.958587	0.0	8284939	658	160.0
1609797961.99	160000	54.117753	0.0	9004706	716	160.0
1609797962.44	160000	54.663775	0.0	6955279	342	160.0
1609797963.04	160000	55.06928	0.0	10701639	466	160.0
1609797963.34	160000	55.776614	0.0	9459459	171	160.0
1609797963.49	160000	56.620318	0.0	3212828	56	160.0
1609797963.8	160000	57.314559	0.0	2509989	217	160.0
1609797963.93	160000	58.180866	0.0	2004927	65	160.0
1609797963.99	160000	59.120124	0.0	591360	9	160.0
1609797965.08	160000	59.700261	0.0	2394426	37	160.0
1609797965.44	40000	1.000999	0.033	336477	2	-5.280000000000001
1609797965.94	160000	1.920437	0.0	14912671	247	40.0
1609797966.57	160000	2.294911	0.0	24265636	335	160.0
1609797967.09	160000	2.769452	0.0	22711544	313	160.0
1609797967.56	160000	3.38497	0.0	19639705	274	160.0
1609797968.06	160000	3.927136	0.0	20946809	289	160.0
1609797968.35	160000	4.640622	0.0	11895609	136	160.0
1609797968.56	160000	5.434294	0.0	7597636	89	160.0
1609797969.73	160000	5.314389	0.0	56067905	632	160.0
1609797970.57	160000	5.526955	0.0	45444680	514	160.0
1609797971.78	160000	5.310435	0.0	54798068	832	160.0
1609797978.03	160000	1.234657	1.165	69464107	5725	-26.400000000000006
1609797979.17	160000	1.422266	0.352	50637608	787	103.68
1609797979.62	160000	1.962721	0.0	19559369	259	160.0
1609797980.13	160000	2.455912	0.0	22224402	300	160.0
1609797980.83	160000	2.755413	0.0	22578365	495	160.0
1609797981.14	160000	3.452483	0.0	8346702	181	160.0
1609797982.47	160000	3.119763	0.0	15775481	1161	160.0
1609797983.27	160000	3.31933	0.0	9163235	671	160.0
1609797986.06	160000	1.529077	0.0	41307095	2496	160.0
1609797986.76	160000	1.829146	0.0	28763893	451	160.0
1609797987.24	160000	2.353992	0.0	21266416	275	160.0
1609797987.73	160000	2.863717	0.0	23702229	272	160.0
1609797988.27	160000	3.318613	0.0	27580394	316	160.0
1609797988.7	160000	3.901548	0.0	20329780	217	160.0
1609797989.04	160000	4.559011	0.0	16109183	170	160.0
1609797990.1	160000	4.494099	0.0	58830800	619	160.0
1609797991.26	160000	4.335608	0.0	66935122	698	160.0
1609797991.57	160000	5.025122	0.0	15251076	150	160.0
