1606486414.75	40000	1.000999	0.047	334476	5	-7.519999999999996
1606486416.19	160000	1.199999	0.255	14912671	1217	-0.7999999999999972
1606486416.92	20000	1.498389	0.0	8849724	599	-120.0
1606486417.23	20000	2.187461	0.0	3191121	217	20.0
1606486417.43	20000	2.988836	0.0	1661718	112	20.0
1606486417.6	20000	3.836742	0.0	1315024	89	20.0
1606486417.73	20000	4.709406	0.0	698359	48	20.0
1606486418.23	80000	5.217995	0.0	5425476	380	20.0
1606486420.77	80000	3.676437	0.0	29583867	2193	80.0
1606486422.05	80000	3.399047	0.0	15816325	1102	80.0
1606486423.14	80000	3.317112	0.0	15275967	929	80.0
1606486424.08	80000	3.366341	0.0	20600381	751	80.0
1606486424.75	80000	3.699068	0.0	17710542	489	80.0
1606486425.38	160000	4.068132	0.0	19559369	444	80.0
1606486427.78	160000	2.676344	0.0	22224402	2183	160.0
1606486429.44	110000	2.012879	0.0	13101938	1507	60.0
1606486429.96	110000	2.489995	0.0	5268213	422	110.0
1606486430.76	110000	2.697925	0.0	9838179	663	110.0
1606486431.02	80000	3.437808	0.0	4543558	149	50.0
1606486431.53	40000	3.924872	0.0	11199212	379	0.0
1606486432.1	60000	4.363743	0.0	11785554	419	40.0
1606486432.99	160000	4.472297	0.0	21266416	695	60.0
1606486433.84	160000	4.621074	0.0	23702229	651	160.0
1606486434.65	160000	4.818486	0.0	27580394	581	160.0
1606486435.23	160000	5.235409	0.0	20329780	391	160.0
1606486435.71	160000	5.751904	0.0	16109183	312	160.0
1606486437.39	160000	5.075951	0.0	58830800	1081	160.0
1606486439.05	160000	4.411456	0.0	66935122	1234	160.0
1606486439.44	160000	5.022714	0.0	15251076	233	160.0
1606486439.85	160000	5.612227	0.0	16574034	238	160.0
1606486440.18	160000	6.290512	0.0	13009028	182	160.0
1606486440.5	160000	6.971697	0.0	12791674	180	160.0
1606486440.77	160000	7.696621	0.0	11137898	144	160.0
1606486441.03	160000	8.436382	0.0	11485310	128	160.0
1606486441.31	160000	9.157977	0.0	12428518	139	160.0
1606486441.55	160000	9.91952	0.0	9963766	112	160.0
1606486441.83	160000	10.642575	0.0	12189364	140	160.0
1606486442.08	160000	11.395717	0.0	10142396	117	160.0
1606486442.33	160000	12.146614	0.0	10185488	118	160.0
1606486442.65	160000	12.82684	0.0	14061455	164	160.0
1606486443.02	160000	13.452054	0.0	20074099	184	160.0
1606486443.77	160000	13.70703	0.0	46115254	423	160.0
1606486444.53	160000	13.946225	0.0	40906522	457	160.0
1606486444.75	160000	14.737228	0.0	7891151	87	160.0
1606486445.16	160000	15.325164	0.0	21012466	213	160.0
1606486445.59	160000	15.891252	0.0	23519424	237	160.0
1606486446.01	160000	16.476026	0.0	18715420	243	160.0
1606486446.41	160000	17.079259	0.0	17000816	232	160.0
1606486446.76	160000	17.725579	0.0	14448126	192	160.0
1606486447.18	160000	18.304811	0.0	6958676	305	160.0
1606486447.7	160000	18.783897	0.0	9088791	399	160.0
1606486450.13	160000	17.358249	0.0	7211881	2315	160.0
1606486450.45	160000	18.038229	0.0	3063586	229	160.0
1606486450.75	160000	18.738473	0.0	2782179	209	160.0
1606486451.17	60000	19.317291	0.0	3496204	323	-40.0
1606486451.52	40000	19.97403	0.0	2715272	250	20.0
1606486451.85	40000	20.638509	0.0	2754002	247	40.0
1606486453.32	160000	20.171329	0.0	15815684	1303	40.0
1606486454.43	160000	20.061033	0.0	13526256	966	160.0
1606486455.41	160000	20.086759	0.0	11995130	837	160.0
1606486456.54	160000	19.959497	0.0	13394791	983	160.0
1606486457.73	160000	19.775393	0.0	14135828	1030	160.0
1606486459.03	160000	19.471327	0.0	15366126	1152	160.0
1606486459.86	160000	19.640597	0.0	14248439	682	160.0
1606486460.39	160000	20.114543	0.0	13843717	381	160.0
1606486460.94	160000	20.557152	0.0	14665119	410	160.0
1606486461.68	160000	20.822657	0.0	21079187	549	160.0
1606486462.73	160000	20.774545	0.0	25480074	835	160.0
1606486464.11	160000	20.39845	0.0	23021754	1183	160.0
1606486465.46	160000	20.050139	0.0	27527834	1117	160.0
1606486466.83	160000	19.677615	0.0	26155848	1161	160.0
1606486467.63	160000	19.878027	0.0	17849379	619	160.0
1606486468.9	160000	19.609798	0.0	16546531	1104	160.0
1606486470.44	160000	19.067255	0.0	17718949	1374	160.0
1606486472.13	160000	18.378801	0.0	17337137	1522	160.0
1606486473.98	160000	17.531898	0.0	20008245	1665	160.0
1606486478.92	160000	13.591488	0.0	58430914	4553	160.0
1606486480.34	160000	13.17876	0.0	16292703	1244	160.0
1606486482.37	160000	12.148909	0.0	25587422	1819	160.0
1606486484.3	160000	11.219547	0.0	23982306	1728	160.0
1606486485.42	160000	11.101762	0.0	13347845	969	160.0
1606486486.38	160000	11.139942	0.0	14337991	813	160.0
1606486487.05	160000	11.468166	0.0	14584990	524	160.0
1606486487.33	160000	12.193727	0.0	13962401	129	160.0
1606486487.61	160000	12.915388	0.0	14393788	133	160.0
1606486487.89	160000	13.633002	0.0	14649457	136	160.0
1606486488.17	160000	14.354835	0.0	13409715	127	160.0
1606486488.44	160000	15.079505	0.0	13909605	131	160.0
1606486488.72	160000	15.799975	0.0	13301968	139	160.0
1606486489.08	160000	16.44604	0.0	19025846	176	160.0
1606486489.42	160000	17.109072	0.0	19295426	151	160.0
1606486489.74	160000	17.784205	0.0	18261873	153	160.0
1606486490.09	160000	18.438752	0.0	19847604	162	160.0
1606486490.42	160000	19.105235	0.0	18767181	158	160.0
1606486490.81	160000	19.725031	0.0	22420858	189	160.0
1606486491.14	160000	20.388354	0.0	19324333	160	160.0
1606486491.5	160000	21.03381	0.0	20392234	158	160.0
1606486491.68	160000	21.851704	0.0	7671072	63	160.0
1606486492.0	160000	22.534363	0.0	17781906	145	160.0
1606486492.24	160000	23.294868	0.0	12839336	100	160.0
1606486492.46	160000	24.073078	0.0	10779770	81	160.0
1606486492.73	160000	24.811068	0.0	14606687	115	160.0
1606486493.37	160000	25.166463	0.0	41866951	330	160.0
1606486493.96	160000	25.584289	0.0	37238410	296	160.0
1606486494.46	160000	26.076677	0.0	14347759	363	160.0
1606486494.89	160000	26.655375	0.0	11399187	287	160.0
1606486495.66	160000	26.887259	0.0	10358641	638	160.0
1606486496.44	160000	27.103985	0.0	14315696	640	160.0
1606486497.8	160000	26.748816	0.0	23283631	1162	160.0
1606486499.62	160000	25.930976	0.0	37521367	1536	160.0
1606486500.21	160000	26.348582	0.0	22241104	394	160.0
1606486500.59	160000	26.955785	0.0	15813346	221	160.0
1606486501.0	160000	27.549999	0.0	17116450	241	160.0
1606486501.49	160000	28.056042	0.0	18867054	320	160.0
1606486501.96	160000	28.595418	0.0	17393609	295	160.0
1606486502.96	160000	28.59428	0.0	24759401	792	160.0
1606486503.76	160000	28.7964	0.0	25782433	585	160.0
1606486504.74	160000	28.816721	0.0	25885372	758	160.0
1606486506.1	160000	28.457273	0.0	26242011	1136	160.0
1606486509.23	160000	26.32598	0.0	23865378	2897	160.0
1606486510.5	160000	26.057263	0.0	25470681	1057	160.0
1606486511.2	160000	26.359371	0.0	27258768	474	160.0
1606486511.6	160000	26.958365	0.0	17853711	232	160.0
1606486511.94	160000	27.615906	0.0	14829893	192	160.0
1606486512.53	160000	28.032899	0.0	27779697	357	160.0
1606486513.1	160000	28.459436	0.0	27714923	347	160.0
1606486513.61	160000	28.952106	0.0	25946474	289	160.0
1606486514.02	160000	29.547363	0.0	19596259	224	160.0
1606486514.5	160000	30.069921	0.0	23774167	274	160.0
1606486514.91	160000	30.664646	0.0	19373656	222	160.0
1606486515.38	160000	31.186377	0.0	23977420	262	160.0
1606486515.85	160000	31.719133	0.0	24493733	255	160.0
1606486516.15	160000	32.419403	0.0	14528511	151	160.0
1606486516.48	160000	33.08644	0.0	16841176	170	160.0
1606486516.82	160000	33.753594	0.0	16743604	169	160.0
1606486517.17	160000	34.401822	0.0	17975224	182	160.0
1606486517.57	160000	34.9982	0.0	22329548	208	160.0
1606486517.89	160000	35.687556	0.0	16001583	149	160.0
1606486518.23	160000	36.345638	0.0	18238584	170	160.0
1606486518.61	160000	36.963551	0.0	21308824	186	160.0
1606486518.94	160000	37.638012	0.0	17749058	155	160.0
1606486519.21	160000	38.369739	0.0	14127787	123	160.0
1606486519.52	160000	39.057357	0.0	17525699	145	160.0
1606486519.78	160000	39.794758	0.0	14240042	118	160.0
1606486520.13	160000	40.446354	0.0	20324139	168	160.0
1606486520.49	160000	41.0904	0.0	21993033	168	160.0
1606486520.82	160000	41.767046	0.0	18863108	144	160.0
1606486521.1	160000	42.484956	0.0	15964734	121	160.0
1606486521.27	160000	43.310622	0.0	8284939	58	160.0
1606486521.46	160000	44.128337	0.0	9004706	61	160.0
1606486521.62	160000	44.969709	0.0	6955279	48	160.0
1606486521.82	160000	45.76819	0.0	10701639	74	160.0
1606486522.01	160000	46.579355	0.0	9459459	65	160.0
1606486522.12	160000	47.466345	0.0	3212828	22	160.0
1606486522.22	160000	48.371113	0.0	2509989	17	160.0
1606486522.3	160000	49.291349	0.0	2004927	14	160.0
1606486522.35	160000	50.237833	0.0	591360	4	160.0
1606486522.42	160000	51.607744	0.0	2394426	16	160.0
1606486522.74	40000	1.000999	0.027	336477	2	-4.32
1606486523.06	160000	2.001999	0.0	14912671	100	40.0
1606486523.49	160000	2.573116	0.0	24265636	140	160.0
1606486523.82	160000	3.239648	0.0	22711544	126	160.0
1606486524.12	160000	3.946548	0.0	19639705	110	160.0
1606486524.47	160000	4.600003	0.0	20946809	159	160.0
1606486524.71	160000	5.427368	0.0	11895609	91	160.0
1606486524.88	160000	6.257746	0.0	7597636	58	160.0
1606486525.95	160000	6.268649	0.0	56067905	514	160.0
1606486526.58	160000	6.665767	0.0	45444680	319	160.0
1606486527.21	160000	7.055098	0.0	54798068	269	160.0
1606486528.08	160000	7.221096	0.0	69464107	323	160.0
1606486528.67	160000	7.63037	0.0	50637608	243	160.0
1606486528.95	160000	8.352168	0.0	19559369	98	160.0
1606486529.25	160000	9.04972	0.0	22224402	107	160.0
1606486529.56	160000	9.748503	0.0	22578365	108	160.0
1606486529.71	160000	10.594331	0.0	8346702	40	160.0
1606486529.95	160000	11.352881	0.0	15775481	75	160.0
1606486530.12	160000	12.187898	0.0	9163235	44	160.0
1606486530.59	160000	12.716831	0.0	41307095	189	160.0
1606486530.96	160000	13.348291	0.0	28763893	131	160.0
1606486531.25	160000	14.059181	0.0	21266416	96	160.0
1606486531.59	160000	14.722149	0.0	23702229	118	160.0
1606486531.95	160000	15.362178	0.0	27580394	138	160.0
1606486532.26	160000	16.057693	0.0	20329780	105	160.0
1606486532.51	160000	16.803364	0.0	16109183	91	160.0
1606486533.25	160000	17.065066	0.0	58830800	332	160.0
1606486534.07	160000	17.259072	0.0	66935122	371	160.0
1606486534.31	160000	18.007128	0.0	15251076	82	160.0
