1606488326.64	40000	1.000999	0.032	334476	14	-5.119999999999997
1606488327.52	160000	1.526326	0.0	14912671	653	40.0
1606488329.26	160000	1.352228	0.539	24265636	1493	73.76
1606488331.04	160000	1.415661	0.815	22711544	1588	29.599999999999994
1606488331.98	160000	1.503504	0.0	19639705	752	160.0
1606488332.71	160000	1.840895	0.0	20946809	530	160.0
1606488333.11	160000	2.449971	0.0	11895609	251	160.0
1606488333.39	160000	3.168115	0.0	7597636	158	160.0
1606488334.84	160000	2.712932	0.0	56067905	920	160.0
1606488336.13	160000	2.422815	0.0	45444680	985	160.0
1606488337.43	160000	2.126391	0.0	54798068	923	160.0
1606488338.94	160000	1.619387	0.0	69464107	978	160.0
1606488340.04	160000	1.524403	0.0	50637608	748	160.0
1606488343.63	160000	1.271742	2.289	19559369	3418	-206.24
1606488343.96	20000	1.949919	0.0	2240782	226	-120.0
1606488344.27	20000	2.638219	0.0	2211169	223	20.0
1606488344.39	20000	3.522024	0.0	382046	37	20.0
1606488344.58	20000	4.330452	0.0	1113969	111	20.0
1606488344.74	20000	5.170582	0.0	820127	81	20.0
1606488345.49	20000	5.424659	0.0	6357933	638	20.0
1606488346.28	40000	5.629962	0.0	8376884	673	20.0
1606488347.26	80000	5.64906	0.0	11453319	844	40.0
1606488348.57	80000	5.353498	0.0	13274781	1158	80.0
1606488349.76	110000	5.151241	0.0	19316039	1017	80.0
1606488350.11	110000	5.805631	0.0	13919609	202	110.0
1606488350.41	110000	6.512844	0.0	11073078	161	110.0
1606488350.95	80000	6.972987	0.0	34554431	285	50.0
1606488351.83	160000	7.093278	0.0	66935122	454	80.0
1606488352.09	160000	7.829645	0.0	15251076	111	160.0
1606488352.38	160000	8.546762	0.0	16574034	121	160.0
1606488352.62	160000	9.299524	0.0	13009028	95	160.0
1606488352.88	160000	10.045725	0.0	12791674	113	160.0
1606488353.11	160000	10.814641	0.0	11137898	99	160.0
1606488353.35	160000	11.579085	0.0	11485310	102	160.0
1606488353.6	160000	12.3314	0.0	12428518	111	160.0
1606488355.7	160000	11.22813	0.0	9963766	1978	160.0
1606488356.04	40000	11.892612	0.0	3460653	236	-80.0
1606488356.21	20000	12.722295	0.0	1186604	80	0.0
1606488356.36	20000	13.56817	0.0	1068386	71	20.0
1606488356.56	20000	14.368715	0.0	1700843	116	20.0
1606488356.69	20000	15.237779	0.0	2536859	43	20.0
1606488357.81	160000	15.126337	0.0	46115254	769	20.0
1606488358.48	160000	15.455286	0.0	40906522	360	160.0
1606488358.67	160000	16.269293	0.0	7891151	70	160.0
1606488359.04	160000	16.903333	0.0	21012466	179	160.0
1606488359.43	160000	17.506185	0.0	23519424	197	160.0
1606488359.76	160000	18.17627	0.0	18715420	155	160.0
1606488360.08	160000	18.868582	0.0	17000816	138	160.0
1606488360.35	160000	19.593898	0.0	14448126	117	160.0
1606488360.52	160000	20.424653	0.0	6958676	56	160.0
1606488360.71	160000	21.235709	0.0	9088791	66	160.0
1606488360.87	160000	22.077741	0.0	7211881	45	160.0
1606488360.98	160000	22.967711	0.0	3063586	19	160.0
1606488361.09	160000	23.860203	0.0	2782179	16	160.0
1606488361.27	160000	24.673498	0.0	9958410	62	160.0
1606488361.49	160000	25.460864	0.0	12158708	76	160.0
1606488361.7	160000	26.245228	0.0	12300216	77	160.0
1606488361.98	160000	26.974493	0.0	15815684	112	160.0
1606488362.22	160000	27.734843	0.0	13526256	97	160.0
1606488362.44	160000	28.513535	0.0	11995130	85	160.0
1606488362.68	160000	29.275122	0.0	13394791	95	160.0
1606488362.95	160000	30.001174	0.0	14135828	125	160.0
1606488363.24	160000	30.715005	0.0	15366126	135	160.0
1606488363.51	160000	31.443647	0.0	14248439	126	160.0
1606488363.8	160000	32.152733	0.0	13843717	150	160.0
1606488364.16	160000	32.803604	0.0	14665119	195	160.0
1606488364.62	160000	33.339144	0.0	21079187	271	160.0
1606488368.49	160000	30.469238	0.0	25480074	3658	160.0
1606488369.97	110000	29.990252	0.0	15365006	1319	60.0
1606488370.81	60000	30.148665	0.0	10340109	705	10.0
1606488371.62	60000	30.341842	0.0	9558538	682	60.0
1606488372.32	60000	30.640012	0.0	6050499	593	60.0
1606488372.78	60000	31.183752	0.0	5568885	349	60.0
1606488373.25	160000	31.712132	0.0	17718949	299	60.0
1606488373.72	160000	32.251111	0.0	17337137	294	160.0
1606488374.17	160000	32.801462	0.0	20008245	267	160.0
1606488375.37	160000	32.598826	0.0	58430914	809	160.0
1606488375.77	160000	33.19879	0.0	16292703	233	160.0
1606488376.31	160000	33.658019	0.0	25587422	332	160.0
1606488376.82	160000	34.150376	0.0	23982306	311	160.0
1606488377.18	160000	34.797264	0.0	13347845	203	160.0
1606488377.55	160000	35.425621	0.0	14337991	224	160.0
1606488377.9	160000	36.0723	0.0	14584990	205	160.0
1606488378.24	160000	36.740512	0.0	13962401	186	160.0
1606488378.57	160000	37.407407	0.0	14393788	182	160.0
1606488378.89	160000	38.085102	0.0	14649457	172	160.0
1606488379.19	160000	38.790252	0.0	13409715	149	160.0
1606488379.48	160000	39.497745	0.0	13909605	149	160.0
1606488379.77	160000	40.213086	0.0	13301968	142	160.0
1606488381.76	160000	39.224436	0.0	19025846	1807	160.0
1606488383.32	160000	38.662063	0.0	19295426	1390	160.0
1606488384.79	160000	38.194086	0.0	18261873	1296	160.0
1606488385.98	160000	38.007002	0.0	19847604	1005	160.0
1606488386.45	110000	38.537222	0.0	12490444	325	60.0
1606488387.08	110000	38.90792	0.0	15265366	475	110.0
1606488387.98	160000	39.011247	0.0	19324333	713	110.0
1606488388.52	160000	39.471919	0.0	20392234	356	160.0
1606488388.76	160000	40.225661	0.0	7671072	134	160.0
1606488389.23	160000	40.756063	0.0	17781906	303	160.0
1606488389.59	160000	41.397514	0.0	12839336	219	160.0
1606488389.91	160000	42.084295	0.0	10779770	183	160.0
1606488390.31	160000	42.684897	0.0	14606687	246	160.0
1606488391.34	160000	42.657203	0.0	41866951	742	160.0
1606488392.34	160000	42.657678	0.0	37238410	728	160.0
1606488392.78	160000	43.214557	0.0	14347759	295	160.0
1606488393.15	160000	43.846067	0.0	11399187	230	160.0
1606488393.49	160000	44.505613	0.0	10358641	209	160.0
1606488393.93	160000	45.073354	0.0	14315696	287	160.0
1606488394.55	160000	45.450931	0.0	23283631	422	160.0
1606488395.52	160000	45.482898	0.0	37521367	682	160.0
1606488396.12	160000	45.88007	0.0	22241104	414	160.0
1606488396.6	160000	46.404334	0.0	15813346	299	160.0
1606488397.41	160000	46.590487	0.0	17116450	643	160.0
1606488398.84	160000	46.163811	0.0	18867054	1253	160.0
1606488399.75	160000	46.259619	0.0	17393609	738	160.0
1606488401.56	160000	45.452766	0.0	24759401	1603	160.0
1606488402.39	160000	45.621249	0.0	25782433	618	160.0
1606488403.08	160000	45.933195	0.0	25885372	461	160.0
1606488404.6	160000	45.414686	0.0	26242011	1309	160.0
1606488406.12	160000	44.891626	0.0	23865378	1313	160.0
1606488408.3	160000	43.716655	0.0	25470681	1969	160.0
1606488410.64	160000	42.37308	0.0	27258768	2113	160.0
1606488412.24	160000	41.77814	0.0	17853711	1424	160.0
1606488413.68	160000	41.33755	0.0	14829893	1289	160.0
1606488416.33	160000	39.685672	0.0	27779697	2427	160.0
1606488419.14	160000	37.875364	0.0	27714923	2583	160.0
1606488420.27	160000	37.748352	0.0	25946474	919	160.0
1606488420.68	160000	38.342069	0.0	19596259	230	160.0
1606488421.17	160000	38.850825	0.0	23774167	271	160.0
1606488421.56	160000	39.458881	0.0	19373656	214	160.0
1606488422.04	160000	39.99008	0.0	23977420	264	160.0
1606488422.5	160000	40.525407	0.0	24493733	259	160.0
1606488422.8	160000	41.221852	0.0	14528511	153	160.0
1606488423.16	160000	41.873457	0.0	16841176	179	160.0
1606488423.51	160000	42.518419	0.0	16743604	181	160.0
1606488423.88	160000	43.14859	0.0	17975224	194	160.0
1606488424.31	160000	43.714418	0.0	22329548	238	160.0
1606488424.65	160000	44.376843	0.0	16001583	174	160.0
1606488425.01	160000	45.018521	0.0	18238584	195	160.0
1606488425.44	160000	45.587534	0.0	21308824	235	160.0
1606488425.81	160000	46.220284	0.0	17749058	197	160.0
1606488426.12	160000	46.918621	0.0	14127787	156	160.0
1606488426.48	160000	47.556032	0.0	17525699	194	160.0
1606488426.8	160000	48.237646	0.0	14240042	172	160.0
1606488427.21	160000	48.824006	0.0	20324139	223	160.0
1606488427.64	160000	49.397285	0.0	21993033	237	160.0
1606488428.01	160000	50.027114	0.0	18863108	203	160.0
1606488428.34	160000	50.695506	0.0	15964734	175	160.0
1606488428.55	160000	51.490419	0.0	8284939	89	160.0
1606488428.77	160000	52.27091	0.0	9004706	99	160.0
1606488428.96	160000	53.084479	0.0	6955279	76	160.0
1606488429.22	160000	53.822107	0.0	10701639	130	160.0
1606488429.47	160000	54.579036	0.0	9459459	114	160.0
1606488429.6	160000	55.446128	0.0	3212828	38	160.0
1606488429.71	160000	56.337506	0.0	2509989	31	160.0
1606488429.8	160000	57.248323	0.0	2004927	24	160.0
1606488429.86	160000	58.191302	0.0	591360	7	160.0
1606488429.93	160000	59.549548	0.0	2394426	30	160.0
1606488430.29	40000	1.000999	0.042	336477	4	-6.719999999999999
1606488430.68	160000	1.944724	0.0	14912671	155	40.0
1606488431.22	160000	2.398575	0.0	24265636	249	160.0
1606488431.73	160000	2.886643	0.0	22711544	306	160.0
1606488432.2	160000	3.462807	0.0	19639705	264	160.0
1606488432.7	160000	3.997345	0.0	20946809	307	160.0
1606488433.01	160000	4.712133	0.0	11895609	169	160.0
1606488433.22	160000	5.506639	0.0	7597636	90	160.0
1606488434.44	160000	5.338262	0.0	56067905	670	160.0
1606488435.33	160000	5.499136	0.0	45444680	568	160.0
1606488436.24	160000	5.589037	0.0	54798068	548	160.0
1606488440.68	160000	2.15311	0.0	69464107	3895	160.0
1606488441.13	80000	2.706075	0.0	17710542	257	0.0
1606488441.42	110000	3.410602	0.0	10838546	154	80.0
1606488441.75	110000	4.08488	0.0	12783186	182	110.0
1606488442.28	160000	4.552877	0.0	22578365	325	110.0
1606488442.55	160000	5.317039	0.0	8346702	143	160.0
1606488442.98	160000	5.884726	0.0	15775481	269	160.0
1606488443.32	160000	6.547857	0.0	9163235	206	160.0
1606488445.07	160000	5.797146	0.0	41307095	1455	160.0
1606488447.56	160000	4.311445	0.0	28763893	2253	160.0
1606488449.91	110000	2.964043	0.0	14817542	2189	60.0
1606488451.05	40000	2.819878	0.0	7313446	1025	-30.0
1606488451.51	20000	3.368677	0.0	4284196	345	0.0
1606488451.83	20000	4.050086	0.0	3022025	227	20.0
1606488452.08	20000	4.793174	0.0	2248581	169	20.0
1606488452.92	20000	4.961134	0.0	9946363	704	20.0
1606488453.4	20000	5.477128	0.0	11684632	349	20.0
1606488453.81	160000	6.074041	0.0	15251076	248	20.0
