1606442910.28	40000	1.000999	0.015	334476	3	-2.3999999999999986
1606442910.55	160000	2.001999	0.0	14912671	100	40.0
1606442910.93	160000	2.767426	0.0	24265636	166	160.0
1606442911.25	160000	3.466665	0.0	22711544	161	160.0
1606442911.52	160000	4.191992	0.0	19639705	153	160.0
1606442911.81	160000	4.906713	0.0	20946809	162	160.0
1606442911.97	160000	5.740976	0.0	11895609	94	160.0
1606442912.08	160000	6.637205	0.0	7597636	59	160.0
1606442913.17	160000	6.625324	0.0	56067905	601	160.0
1606442914.65	160000	6.219589	0.0	45444680	1224	160.0
1606442925.32	160000	59.831726	0.0	1863424	124	160.0
1606442926.07	80000	59.892669	0.0	8539884	693	0.0
1606442927.07	80000	59.895323	0.0	10111273	931	80.0
1606442929.85	80000	58.11274	0.0	34025057	2598	80.0
1606442930.55	80000	58.420242	0.0	8652970	634	80.0
1606442931.36	80000	58.604102	0.0	12877164	743	80.0
1606442931.79	80000	59.180852	0.0	11975956	353	80.0
1606442932.11	110000	59.862989	0.0	8847416	260	80.0
1606442932.11	160000	59.854348	0.0	8847416	260	110.0
1606442933.18	160000	59.839764	0.0	14337991	475	160.0
1606442934.58	160000	59.590766	0.0	14584990	319	160.0
1606442935.44	160000	59.591662	0.0	13962401	279	160.0
1606442936.3	160000	59.842635	0.0	14393788	280	160.0
1606442948.17	160000	59.854712	0.0	2242042	81	160.0
1606442948.18	160000	59.80639	0.0	2242042	81	160.0
1606442949.46	160000	59.605669	0.0	7671072	230	160.0
1606442950.2	160000	59.788072	0.0	17781906	637	160.0
1606442951.63	160000	59.607704	0.0	12839336	354	160.0
1606442952.08	160000	59.907751	0.0	10779770	389	160.0
1606442954.87	160000	58.120686	0.0	14606687	2695	160.0
1606442966.04	160000	57.958122	0.0	8972855	661	160.0
1606442966.7	80000	58.303969	0.0	8446369	598	0.0
1606442967.25	80000	58.751051	0.0	7511410	505	80.0
1606442968.37	80000	58.637347	0.0	12247427	1044	80.0
1606442969.42	80000	58.582475	0.0	13038195	980	80.0
1606442970.4	80000	58.608416	0.0	12229430	905	80.0
1606442971.52	80000	58.488316	0.0	12704190	1042	80.0
1606442972.46	80000	58.55116	0.0	12007698	873	80.0
1606442973.62	80000	58.39747	0.0	12501375	1081	80.0
1606442974.72	80000	58.292826	0.0	13457876	1024	80.0
1606442975.39	80000	58.621931	0.0	8587729	607	80.0
1606442976.0	80000	59.015952	0.0	7067075	563	80.0
1606442977.06	80000	58.953592	0.0	13578682	987	80.0
1606442978.08	80000	58.932474	0.0	13658286	947	80.0
1606442979.12	80000	58.892841	0.0	13106871	967	80.0
1606442979.94	80000	59.076701	0.0	9469564	760	80.0
1606442981.0	80000	59.012015	0.0	12216668	995	80.0
1606442981.79	80000	59.231903	0.0	9408461	722	80.0
1606442982.76	80000	59.253733	0.0	12195097	911	80.0
1606442983.82	80000	59.20268	0.0	12613176	984	80.0
1606442984.38	80000	59.644531	0.0	6800911	516	80.0
1606442985.1	80000	59.925323	0.0	8020179	667	80.0
1606442986.31	80000	59.884749	0.0	7882490	667	80.0
1606442987.03	80000	59.993417	0.0	8469705	665	80.0
1606442988.38	80000	59.894697	0.0	10869298	784	80.0
1606442989.14	80000	59.885343	0.0	8336931	711	80.0
1606442990.19	80000	59.8375	0.0	9782551	987	80.0
1606442991.31	80000	59.722111	0.0	11598573	1053	80.0
1606442992.03	80000	59.998005	0.0	9254020	668	80.0
1606442993.55	80000	59.649671	0.0	6922363	469	80.0
1606442994.31	80000	59.722356	0.0	8494032	702	80.0
1606442995.48	80000	59.651702	0.0	6723557	624	80.0
1606442996.41	80000	59.627084	0.0	9962942	867	80.0
1606442997.34	80000	59.694378	0.0	10840351	871	80.0
1606442998.12	80000	59.912071	0.0	8732970	729	80.0
1606442999.28	80000	59.905764	0.0	7562882	611	80.0
1606443000.57	80000	59.656757	0.0	3563377	258	80.0
1606443001.4	80000	59.657729	0.0	4074589	298	80.0
1606443002.15	80000	59.908751	0.0	3243768	225	80.0
1606443003.47	80000	59.65972	0.0	4688403	287	80.0
1606443004.23	80000	59.91068	0.0	4246384	224	80.0
1606443004.24	110000	59.79807	0.0	4246384	224	80.0
1606443005.39	110000	59.661758	0.0	2410559	124	110.0
1606443006.49	110000	59.662763	0.0	1922862	79	110.0
1606443007.55	110000	59.663769	0.0	1128453	41	110.0
1606443007.55	160000	59.487836	0.0	1128453	41	110.0
1606443008.62	160000	59.664765	0.0	591360	49	160.0
1606443008.63	80000	59.416122	0.0	591360	49	0.0
1606443009.68	80000	59.849527	0.0	803570	35	80.0
1606443009.68	160000	59.794397	0.0	803570	35	80.0
