1606447793.16	40000	1.000999	0.046	334476	34	-7.359999999999999
1606447794.31	20000	1.25591	0.0	11007815	978	0.0
1606447795.07	20000	1.528655	0.0	8849724	620	20.0
1606447795.46	20000	2.136928	0.0	3191121	299	20.0
1606447796.65	80000	1.971105	0.0	13114792	1032	20.0
1606447797.68	80000	1.938211	0.0	11497228	901	80.0
1606447798.29	80000	2.333481	0.0	6232523	496	80.0
1606447798.82	80000	2.80191	0.0	5425476	431	80.0
1606447800.48	60000	2.150878	0.0	17832465	1454	40.0
1606447801.29	60000	2.339221	0.0	9877442	687	60.0
1606447802.31	60000	2.329376	0.0	10988410	875	60.0
1606447803.92	60000	1.707187	0.0	15230785	1454	60.0
1606447804.53	60000	2.095699	0.0	13601559	467	60.0
1606447804.9	80000	2.726179	0.0	7412644	253	60.0
1606447805.3	110000	3.328585	0.0	12783186	249	80.0
1606447805.97	160000	3.66113	0.0	22578365	440	110.0
1606447806.23	160000	4.401938	0.0	8346702	145	160.0
1606447806.68	160000	4.957705	0.0	15775481	279	160.0
1606447806.96	160000	5.675076	0.0	9163235	159	160.0
1606447809.68	160000	3.953334	0.0	41307095	2290	160.0
1606447812.17	160000	2.470982	0.0	28763893	2250	160.0
1606447813.09	80000	2.549334	0.0	11453319	785	0.0
1606447814.02	60000	2.621214	0.0	10489883	782	40.0
1606447814.74	40000	2.902178	0.0	8054223	594	20.0
1606447815.06	20000	3.585125	0.0	3022025	222	0.0
1606447815.3	20000	4.339838	0.0	2248581	156	20.0
1606447816.11	20000	4.536141	0.0	9946363	680	20.0
1606447816.68	20000	4.963901	0.0	11684632	433	20.0
1606447817.35	160000	5.295295	0.0	15251076	516	20.0
1606447818.02	160000	5.627719	0.0	16574034	508	160.0
1606447819.02	160000	5.627591	0.0	13009028	862	160.0
1606447823.97	160000	1.677617	0.0	12791674	4805	160.0
1606447824.19	20000	2.459281	0.0	1529441	131	-120.0
1606447824.38	20000	3.270739	0.0	1568649	105	20.0
1606447824.58	20000	4.068738	0.0	1677618	113	20.0
1606447824.76	20000	4.89121	0.0	1415096	95	20.0
1606447824.98	20000	5.67842	0.0	1894067	128	20.0
1606447825.78	160000	5.871941	0.0	10142396	678	20.0
1606447826.71	160000	5.946351	0.0	10185488	801	160.0
1606447827.93	160000	5.728322	0.0	14061455	1075	160.0
1606447829.51	160000	5.152419	0.0	20074099	1393	160.0
1606447831.73	80000	3.929272	0.0	26113743	2006	0.0
1606447833.52	80000	3.148526	0.0	22860019	1579	80.0
1606447834.2	160000	3.464702	0.0	7891151	558	80.0
1606447835.89	160000	2.769582	0.0	21012466	1508	160.0
1606447837.98	160000	1.67864	0.0	23519424	1899	160.0
1606447839.75	160000	1.300443	0.382	18715420	1604	98.88
1606447841.26	160000	1.43297	0.642	17000816	1359	57.28
1606447842.5	160000	1.326526	0.134	14448126	1102	138.56
1606447843.18	160000	1.642252	0.0	6958676	575	160.0
1606447844.07	160000	1.758098	0.0	9088791	766	160.0
1606447844.77	160000	2.061522	0.0	7211881	576	160.0
1606447845.1	160000	2.730903	0.0	3063586	243	160.0
1606447845.38	160000	3.447335	0.0	2782179	196	160.0
1606447846.2	160000	3.633998	0.0	9958410	694	160.0
1606447847.15	160000	3.685564	0.0	12158708	818	160.0
1606447848.15	160000	3.677784	0.0	12300216	871	160.0
1606447849.41	160000	3.419496	0.0	15815684	1098	160.0
1606447850.51	160000	3.320473	0.0	13526256	957	160.0
1606447851.59	160000	3.241358	0.0	11995130	946	160.0
1606447852.65	160000	3.190165	0.0	13394791	909	160.0
1606447853.78	160000	3.060755	0.0	14135828	987	160.0
1606447855.08	160000	2.753217	0.0	15366126	1155	160.0
1606447856.25	160000	2.589592	0.0	14248439	1018	160.0
1606447857.44	160000	2.401867	0.0	13843717	1045	160.0
1606447858.81	160000	2.02774	0.0	14665119	1227	160.0
1606447860.11	110000	1.732323	0.0	14377779	1144	60.0
1606447861.48	80000	1.47943	0.113	12476436	1231	31.92
1606447862.34	60000	1.612796	0.0	7880072	748	40.0
1606447863.25	60000	1.712453	0.0	10340109	771	60.0
1606447864.11	60000	1.844545	0.0	9558538	745	60.0
1606447864.83	80000	2.134637	0.0	8355811	593	60.0
1606447865.82	110000	2.139617	0.0	10916331	862	80.0
1606447866.89	110000	2.069054	0.0	12021075	936	110.0
1606447867.91	110000	2.052077	0.0	11809774	884	110.0
1606447868.64	60000	2.327533	0.0	7595952	609	10.0
1606447871.02	60000	1.351379	0.407	26329427	2182	-5.1200000000000045
1606447871.77	80000	1.605972	0.0	8652970	623	60.0
1606447872.89	80000	1.481643	0.0	12877164	980	80.0
1606447874.07	80000	1.302944	0.0	11975956	1048	80.0
1606447874.69	80000	1.688007	0.0	6280571	498	80.0
1606447875.26	80000	2.120911	0.0	6681274	460	80.0
1606447875.88	160000	2.501497	0.0	14584990	459	80.0
1606447876.43	160000	2.949709	0.0	13962401	410	160.0
1606447876.9	160000	3.479527	0.0	14393788	319	160.0
1606447877.39	160000	3.991981	0.0	14649457	339	160.0
1606447877.83	160000	4.547854	0.0	13409715	304	160.0
1606447878.29	160000	5.091176	0.0	13909605	316	160.0
1606447878.98	160000	5.407644	0.0	13301968	547	160.0
1606447879.81	160000	5.572838	0.0	19025846	661	160.0
1606447880.48	160000	5.903825	0.0	19295426	495	160.0
1606447881.03	160000	6.355223	0.0	18261873	378	160.0
1606447882.45	160000	5.941252	0.0	19847604	1237	160.0
1606447884.74	160000	4.648419	0.0	18767181	2128	160.0
1606447888.24	160000	2.152437	0.0	22420858	3291	160.0
1606447888.68	40000	2.70734	0.0	4687332	337	-80.0
1606447889.16	40000	3.235718	0.0	4811858	371	40.0
1606447889.49	60000	3.905619	0.0	3037981	234	40.0
1606447889.76	60000	4.632375	0.0	6591562	164	60.0
1606447889.98	60000	5.417276	0.0	4617597	114	60.0
1606447890.28	110000	6.120543	0.0	7401667	183	60.0
1606447890.7	160000	6.699819	0.0	14606687	273	110.0
1606447891.59	160000	6.810606	0.0	41866951	591	160.0
1606447892.24	160000	7.161808	0.0	37238410	378	160.0
1606447892.53	160000	7.87296	0.0	14347759	146	160.0
1606447892.77	160000	8.636664	0.0	11399187	109	160.0
1606447892.99	160000	9.408548	0.0	10358641	99	160.0
1606447893.28	160000	10.126155	0.0	14315696	137	160.0
1606447893.69	160000	10.712635	0.0	23283631	222	160.0
1606447894.32	160000	11.084692	0.0	37521367	357	160.0
1606447894.72	160000	11.687368	0.0	22241104	204	160.0
1606447895.01	160000	12.393532	0.0	15813346	133	160.0
1606447895.32	160000	13.085377	0.0	17116450	146	160.0
1606447895.68	160000	13.737044	0.0	18867054	170	160.0
1606447896.07	160000	14.337631	0.0	17393609	227	160.0
1606447896.58	160000	14.83506	0.0	24759401	304	160.0
1606447897.1	160000	15.317125	0.0	25782433	307	160.0
1606447897.63	160000	15.78136	0.0	25885372	309	160.0
1606447898.19	160000	16.224047	0.0	26242011	336	160.0
1606447898.74	160000	16.678105	0.0	23865378	325	160.0
1606447899.72	160000	16.694148	0.0	25470681	757	160.0
1606447900.44	160000	16.973716	0.0	27258768	492	160.0
1606447900.94	160000	17.473888	0.0	17853711	332	160.0
1606447901.36	160000	18.053711	0.0	14829893	278	160.0
1606447902.05	160000	18.372951	0.0	27779697	467	160.0
1606447902.72	160000	18.701021	0.0	27714923	447	160.0
1606447903.61	160000	18.806505	0.0	25946474	670	160.0
1606447904.51	160000	18.916325	0.0	19596259	700	160.0
1606447908.74	160000	15.687687	0.0	23774167	4023	160.0
1606447909.58	80000	15.844266	0.0	9408461	714	0.0
1606447910.75	80000	15.676589	0.0	12195097	1030	80.0
1606447911.64	60000	15.790437	0.0	9627205	757	40.0
1606447912.09	60000	16.341635	0.0	4915398	347	60.0
1606447912.61	60000	16.818955	0.0	5898498	417	60.0
1606447913.9	160000	16.527301	0.0	16743604	1123	60.0
1606447915.35	160000	16.084011	0.0	17975224	1279	160.0
1606447917.11	160000	15.324038	0.0	22329548	1561	160.0
1606447921.12	160000	12.309067	0.0	16001583	3843	160.0
1606447922.84	80000	11.595757	0.0	9782551	1582	0.0
1606447929.8	80000	5.63942	0.0	11598573	6814	80.0
1606447930.06	20000	6.380086	0.0	2180586	167	-40.0
1606447930.25	20000	7.185399	0.0	1500505	108	20.0
1606447930.48	20000	7.958965	0.0	1939246	141	20.0
1606447930.68	20000	8.756799	0.0	1599193	115	20.0
1606447930.96	20000	9.478717	0.0	2364826	190	20.0
1606447932.96	160000	8.476262	0.0	21993033	1805	20.0
1606447933.95	160000	8.494523	0.0	18863108	800	160.0
1606447934.71	160000	8.729042	0.0	15964734	604	160.0
1606447935.12	160000	9.326666	0.0	8284939	290	160.0
1606447935.55	160000	9.890803	0.0	9004706	316	160.0
1606447935.91	160000	10.534966	0.0	6955279	247	160.0
1606447936.43	160000	11.016113	0.0	10701639	389	160.0
1606447936.9	160000	11.551908	0.0	9459459	341	160.0
1606447937.1	160000	12.350321	0.0	3212828	113	160.0
1606447937.26	160000	13.184689	0.0	2509989	88	160.0
1606447937.4	160000	14.049477	0.0	2004927	70	160.0
1606447937.47	160000	14.979559	0.0	591360	20	160.0
1606447937.6	160000	16.282064	0.0	2394426	84	160.0
1606447937.94	40000	1.000999	0.032	336477	21	-5.119999999999997
1606447939.53	160000	1.312916	0.62	14912671	1395	-59.2
1606447941.31	20000	1.440999	0.881	8849724	1662	-260.96000000000004
1606447941.64	20000	2.113289	0.0	3191121	235	20.0
1606447941.85	20000	2.932165	0.0	1661718	121	20.0
1606447942.02	20000	3.758469	0.0	1315024	90	20.0
1606447942.15	20000	4.630543	0.0	698359	47	20.0
1606447942.28	20000	5.499926	0.0	730082	49	20.0
1606447944.77	80000	4.010477	0.0	29583867	2132	20.0
1606447946.07	80000	3.70845	0.0	15816325	1134	80.0
1606447948.12	80000	2.661487	0.0	15275967	1892	80.0
1606447948.95	40000	2.838255	0.0	10578989	689	0.0
1606447949.43	40000	3.360967	0.0	9449433	356	40.0
1606447949.96	110000	3.831086	0.0	10838546	395	40.0
1606447950.42	110000	4.363818	0.0	12783186	326	110.0
1606447951.16	160000	4.63186	0.0	22578365	539	110.0
1606447951.44	160000	5.350047	0.0	8346702	172	160.0
1606447951.92	160000	5.870746	0.0	15775481	325	160.0
1606447952.23	160000	6.5643	0.0	9163235	184	160.0
1606447953.37	160000	6.41822	0.0	41307095	807	160.0
1606447954.13	160000	6.662728	0.0	28763893	530	160.0
1606447954.79	160000	7.006595	0.0	21266416	459	160.0
1606447957.15	160000	5.654602	0.0	23702229	2154	160.0
1606447957.81	110000	5.991468	0.0	19316039	467	60.0
1606447958.23	110000	6.571205	0.0	13919609	276	110.0
1606447958.57	110000	7.22829	0.0	11073078	206	110.0
1606447958.9	20000	7.904254	0.0	9946363	190	-70.0
1606447973.42	20000	1.260089	6.884	11684632	14389	-1081.44
