1611115306.54	40000	1.000999	0.084	334476	71	-13.439999999999998
1611115308.43	60000	1.473526	1.015	14898753	1756	-122.4
1611115310.47	40000	1.346353	0.885	17616813	1937	-121.6
1611115312.7	40000	1.274763	1.123	8581118	2175	-139.68
1611115313.11	40000	1.905768	0.0	4726840	368	40.0
1611115313.4	40000	2.651244	0.0	3421740	260	40.0
1611115313.56	40000	3.484832	0.0	1987360	145	40.0
1611115313.75	40000	4.303823	0.0	2185110	159	40.0
1611115315.19	60000	3.862688	0.0	17832465	1327	40.0
1611115316.12	60000	3.934367	0.0	9877442	866	60.0
1611115317.09	60000	3.960336	0.0	10988410	908	60.0
1611115318.32	60000	3.734037	0.0	15230785	1136	60.0
1611115319.5	60000	3.554715	0.0	13601559	1102	60.0
1611115320.11	80000	3.942994	0.0	7412644	547	60.0
1611115320.84	80000	4.221225	0.0	9055732	664	80.0
1611115321.57	80000	4.491238	0.0	9337721	669	80.0
1611115321.81	80000	5.248858	0.0	3201928	213	80.0
1611115322.31	80000	5.751846	0.0	6731501	450	80.0
1611115322.65	80000	6.410035	0.0	4543558	300	80.0
1611115324.16	80000	5.899933	0.0	20277060	1366	80.0
1611115325.25	80000	5.816723	0.0	14877694	998	80.0
1611115326.43	80000	5.636159	0.0	11453319	1110	80.0
1611115327.56	80000	5.500617	0.0	13274781	1057	80.0
1611115328.93	80000	5.131973	0.0	14862949	1283	80.0
1611115331.77	80000	3.299237	0.0	10513690	2763	80.0
1611115332.3	60000	3.768852	0.0	6391364	481	40.0
1611115333.82	40000	3.250269	0.0	18604040	1408	20.0
1611115341.61	40000	1.491989	5.042	20723782	7680	-766.72
1611115343.81	60000	1.284896	0.987	5395812	2157	-117.91999999999999
1611115346.57	40000	1.273375	1.754	3854472	2736	-260.64
1611115346.93	60000	1.917166	0.0	4738322	318	40.0
1611115347.18	40000	2.672014	0.0	3212580	215	20.0
1611115347.39	40000	3.462411	0.0	2781171	186	40.0
1611115347.71	60000	4.136672	0.0	4325721	292	40.0
1611115347.95	40000	4.898071	0.0	3105896	210	20.0
1611115348.16	40000	5.694456	0.0	2659767	180	40.0
1611115348.42	40000	6.433123	0.0	3460653	234	40.0
1611115348.61	40000	7.248461	0.0	2382623	163	40.0
1611115348.89	60000	7.965161	0.0	3577346	250	40.0
1611115349.3	60000	8.558136	0.0	5249724	368	60.0
1611115349.89	60000	8.964055	0.0	7686878	545	60.0
1611115351.47	60000	8.389685	0.0	20100626	1449	60.0
1611115353.14	60000	7.719247	0.0	17639418	1566	60.0
1611115353.48	80000	8.377352	0.0	4146191	308	60.0
1611115354.34	80000	8.52391	0.0	11601071	784	80.0
1611115355.34	80000	8.518663	0.0	11589115	938	80.0
1611115356.23	80000	8.636986	0.0	8720528	827	80.0
1611115358.77	80000	7.090913	0.0	7852064	2488	80.0
1611115359.72	60000	7.148187	0.0	5045231	905	40.0
1611115360.0	40000	7.864609	0.0	1728577	260	20.0
1611115360.52	60000	8.344911	0.0	3233321	489	40.0
1611115360.9	60000	8.964528	0.0	2594645	357	60.0
1611115361.04	60000	9.826373	0.0	911715	123	60.0
1611115361.12	40000	10.746714	0.0	482994	64	20.0
1611115361.47	40000	11.404209	0.0	2354236	320	40.0
1611115362.03	40000	11.842058	0.0	2715272	538	40.0
1611115362.67	40000	12.203925	0.0	2754002	615	40.0
1611115364.12	60000	11.757931	0.0	5707279	1402	40.0
1611115364.81	40000	12.070405	0.0	2697401	659	20.0
1611115365.45	60000	12.428281	0.0	3533955	613	40.0
1611115366.72	60000	12.158859	0.0	4257694	1238	60.0
1611115367.15	60000	12.72867	0.0	5050780	394	60.0
1611115367.44	40000	13.443597	0.0	3269601	254	20.0
1611115367.8	60000	14.080627	0.0	4123549	329	40.0
1611115368.03	40000	14.847927	0.0	2501617	206	20.0
1611115368.45	60000	15.434372	0.0	4586890	378	40.0
1611115369.13	60000	15.756627	0.0	7674948	629	60.0
1611115370.71	60000	15.171067	0.0	9132721	1527	60.0
1611115373.82	40000	13.065324	0.0	4905689	3070	20.0
1611115378.78	60000	9.10663	0.0	10340109	4883	40.0
1611115381.02	40000	7.866426	0.0	6133072	2195	20.0
1611115383.79	60000	6.102986	0.0	6050499	2719	40.0
1611115385.07	60000	5.823354	0.0	5568885	1241	60.0
1611115385.68	40000	6.211001	0.0	4098626	578	20.0
1611115386.7	60000	6.188307	0.0	6358479	977	40.0
1611115387.88	40000	6.016957	0.0	5066445	1130	20.0
1611115390.04	60000	4.859116	0.0	26329427	1978	40.0
1611115390.8	60000	5.096511	0.0	6659174	712	60.0
1611115392.31	60000	4.58122	0.0	9827222	1457	60.0
1611115393.05	40000	4.851708	0.0	6222613	683	20.0
1611115393.38	40000	5.517563	0.0	3078962	308	40.0
1611115393.72	40000	6.18226	0.0	3080827	308	40.0
1611115394.07	40000	6.828728	0.0	3535232	324	40.0
1611115394.4	40000	7.504605	0.0	3285443	298	40.0
1611115394.74	40000	8.160996	0.0	3494448	316	40.0
1611115395.03	40000	8.874975	0.0	3529670	258	40.0
1611115395.28	40000	9.626706	0.0	3123898	222	40.0
1611115395.64	60000	10.261899	0.0	4637025	331	40.0
1611115396.28	60000	10.623685	0.0	4630741	605	60.0
1611115397.87	60000	10.038938	0.0	7197388	1536	60.0
1611115398.43	40000	10.479123	0.0	5966743	513	20.0
1611115398.81	40000	11.100537	0.0	4031950	346	40.0
1611115399.19	40000	11.718656	0.0	4314280	349	40.0
1611115399.55	40000	12.361681	0.0	4037231	326	40.0
1611115399.97	40000	12.944538	0.0	4959415	382	40.0
1611115400.33	40000	13.5791	0.0	4687332	331	40.0
1611115400.71	40000	14.204701	0.0	4811858	341	40.0
1611115400.89	40000	15.024606	0.0	2054604	159	40.0
1611115401.59	60000	15.329893	0.0	6591562	646	40.0
1611115402.05	60000	15.870555	0.0	4617597	427	60.0
1611115402.42	60000	16.493892	0.0	3982768	346	60.0
1611115402.9	60000	17.020369	0.0	5173499	439	60.0
1611115404.24	60000	16.682575	0.0	17736300	1234	60.0
1611115405.42	60000	16.505143	0.0	14917504	1086	60.0
1611115405.82	60000	17.099659	0.0	5249262	367	60.0
1611115406.13	60000	17.792531	0.0	3327042	279	60.0
1611115406.4	60000	18.526054	0.0	2811660	241	60.0
1611115407.0	80000	18.925074	0.0	6587403	554	60.0
1611115408.04	80000	18.883623	0.0	12556616	970	80.0
1611115409.79	80000	18.139336	0.0	21334076	1622	80.0
1611115410.78	80000	18.151467	0.0	12161730	916	80.0
1611115412.91	80000	17.02117	0.0	8326048	2077	80.0
1611115416.54	60000	14.388404	0.0	6846629	3578	40.0
1611115417.47	40000	14.456518	0.0	3815757	898	20.0
1611115418.38	60000	14.55206	0.0	5426584	863	40.0
1611115419.23	40000	14.706669	0.0	5889797	803	20.0
1611115420.16	40000	14.78485	0.0	6433588	878	40.0
1611115421.18	60000	14.75863	0.0	8845382	954	40.0
1611115421.92	60000	15.019273	0.0	9324884	682	60.0
1611115422.38	40000	15.562105	0.0	5850985	413	20.0
1611115422.85	40000	16.087665	0.0	6118487	433	40.0
1611115423.38	40000	16.560462	0.0	6683536	485	40.0
1611115423.71	40000	17.234031	0.0	4036556	295	40.0
1611115424.12	60000	17.822962	0.0	5207162	375	40.0
1611115424.87	60000	18.071698	0.0	9939880	691	60.0
1611115426.94	60000	17.004719	0.0	10038030	2004	60.0
1611115427.8	40000	17.141983	0.0	6361946	818	20.0
1611115428.81	40000	17.13691	0.0	4367184	972	40.0
1611115430.33	40000	16.616222	0.0	6033322	1479	40.0
1611115431.89	60000	16.056054	0.0	6923540	1513	40.0
1611115433.45	40000	15.493724	0.0	6371885	1516	20.0
1611115434.24	60000	15.70973	0.0	9627205	723	40.0
1611115434.63	60000	16.318262	0.0	4915398	356	60.0
1611115435.1	60000	16.85292	0.0	5898498	425	60.0
1611115435.4	40000	17.556624	0.0	3709626	267	20.0
1611115435.71	40000	18.24277	0.0	3979395	286	40.0
1611115436.12	40000	18.837088	0.0	5202497	371	40.0
1611115436.45	40000	19.502486	0.0	4422067	302	40.0
1611115436.86	40000	20.100019	0.0	5339294	365	40.0
1611115437.54	60000	20.418304	0.0	9016602	624	40.0
1611115438.07	60000	20.885054	0.0	6981592	486	60.0
1611115438.47	60000	21.492413	0.0	5103310	358	60.0
1611115438.95	60000	22.011869	0.0	6244074	437	60.0
1611115439.33	60000	22.633596	0.0	4926138	344	60.0
1611115440.09	80000	22.871559	0.0	9962942	699	60.0
1611115442.2	80000	21.763948	0.0	10840351	2043	80.0
1611115443.49	60000	21.47024	0.0	6322575	1250	40.0
1611115444.08	40000	21.88684	0.0	3588599	553	20.0
1611115444.24	40000	22.722435	0.0	1551058	145	40.0
1611115444.43	40000	23.536644	0.0	1792688	167	40.0
1611115444.67	60000	24.293596	0.0	2342869	219	40.0
1611115444.9	40000	25.065154	0.0	2079411	204	20.0
1611115445.08	40000	25.892125	0.0	1669374	155	40.0
1611115445.12	40000	26.854534	0.0	352526	26	40.0
1611115445.15	40000	27.824986	0.0	267244	17	40.0
1611115445.16	40000	28.807507	0.0	111836	7	40.0
1611115445.18	60000	29.787947	0.0	124268	7	40.0
1611115445.2	40000	31.203635	0.0	121164	7	20.0
1611115445.53	40000	1.000999	0.035	336477	23	-5.600000000000001
1611115446.69	60000	1.322952	0.196	14898753	1040	8.64
1611115448.1	60000	1.441575	0.493	20421673	1265	-18.879999999999995
1611115449.65	60000	1.415228	0.575	13063186	1482	-32.0
1611115451.23	60000	1.258943	0.396	8954217	1530	-3.3599999999999994
1611115454.5	60000	1.250843	2.216	7325507	3216	-294.56
1611115454.7	40000	2.06524	0.0	1987360	176	20.0
1611115455.07	60000	2.69582	0.0	3830488	336	40.0
1611115468.09	40000	1.34481	10.664	9295618	12955	-1686.24
1611115469.08	60000	1.350915	0.0	9877442	932	40.0
1611115469.74	40000	1.695232	0.0	7669174	604	20.0
1611115471.23	60000	1.250971	0.045	15230785	1403	32.8
1611115472.27	40000	1.297897	0.078	9449433	973	7.52
1611115474.71	60000	1.376585	1.527	5612759	2412	-204.32
1611115478.36	60000	1.403154	2.676	6789212	3604	-368.16
1611115480.49	40000	1.33117	1.053	4548277	2092	-148.48
1611115481.47	60000	1.3838	0.033	1942216	958	34.72
1611115482.23	40000	1.62882	0.0	2715414	728	20.0
1611115483.02	60000	1.837996	0.0	3263003	762	40.0
