1606452570.01	40000	1.000999	0.426	334476	413	-68.16
1606452571.54	20000	1.455932	0.625	11007815	1441	-100.0
1606452572.33	20000	1.667629	0.0	8849724	731	20.0
1606452572.62	20000	2.402506	0.0	3191121	263	20.0
1606452572.78	20000	3.246972	0.0	1661718	136	20.0
1606452572.91	20000	4.112713	0.0	1315024	107	20.0
1606452573.26	60000	4.785456	0.0	4014386	311	20.0
1606452573.73	80000	5.321417	0.0	5425476	419	60.0
1606452576.4	80000	3.653731	0.0	29583867	2373	80.0
1606452577.7	80000	3.352046	0.0	15816325	1200	80.0
1606452578.97	80000	3.090341	0.0	15275967	1176	80.0
1606452580.77	80000	2.280299	0.0	20600381	1678	80.0
1606452582.16	80000	1.897846	0.0	17710542	1271	80.0
1606452582.87	80000	2.189293	0.0	7412644	659	80.0
1606452583.78	80000	2.279749	0.0	9055732	854	80.0
1606452587.52	80000	1.272315	1.731	9337721	3689	-196.95999999999998
1606452587.57	20000	2.221833	0.0	382046	33	-40.0
1606452587.69	20000	3.105519	0.0	1113969	98	20.0
1606452587.77	20000	4.017693	0.0	820127	72	20.0
1606452588.33	20000	4.460932	0.0	6357933	513	20.0
1606452588.72	20000	5.077843	0.0	4814284	341	20.0
1606452589.66	80000	5.133151	0.0	11453319	878	20.0
1606452590.33	80000	5.47039	0.0	13274781	585	80.0
1606452590.86	110000	5.935395	0.0	19316039	420	80.0
1606452591.21	110000	6.586342	0.0	13919609	271	110.0
1606452591.43	110000	7.36642	0.0	11073078	156	110.0
1606452592.8	160000	6.997851	0.0	58830800	838	110.0
1606452594.12	160000	6.684239	0.0	66935122	945	160.0
1606452594.43	160000	7.369895	0.0	15251076	227	160.0
1606452594.78	160000	8.023515	0.0	16574034	247	160.0
1606452595.06	160000	8.743458	0.0	13009028	205	160.0
1606452595.31	160000	9.493842	0.0	12791674	177	160.0
1606452595.54	160000	10.276387	0.0	11137898	151	160.0
1606452595.77	160000	11.039755	0.0	11485310	156	160.0
1606452596.01	160000	11.799093	0.0	12428518	169	160.0
1606452596.2	160000	12.610032	0.0	9963766	128	160.0
1606452596.41	160000	13.401452	0.0	12189364	138	160.0
1606452596.59	160000	14.225754	0.0	10142396	115	160.0
1606452596.76	160000	15.04834	0.0	10185488	115	160.0
1606452597.01	160000	15.807945	0.0	14061455	159	160.0
1606452597.35	160000	16.47147	0.0	20074099	222	160.0
1606452598.12	160000	16.698182	0.0	46115254	501	160.0
1606452599.03	160000	16.78887	0.0	40906522	651	160.0
1606452599.76	160000	17.056955	0.0	7891151	678	160.0
1606452605.93	160000	11.89269	0.0	21012466	6037	160.0
1606452606.16	20000	12.655249	0.0	2770338	207	-120.0
1606452606.36	20000	13.455523	0.0	1855168	180	20.0
1606452606.55	20000	14.274635	0.0	1666915	162	20.0
1606452606.72	20000	15.104816	0.0	1555467	152	20.0
1606452606.83	20000	15.990992	0.0	1008919	97	20.0
1606452607.28	80000	16.545886	0.0	4351089	403	20.0
1606452607.57	80000	17.256243	0.0	3468038	262	80.0
1606452607.68	80000	18.146503	0.0	1235756	93	80.0
1606452607.77	80000	19.055897	0.0	1010776	76	80.0
1606452608.16	80000	19.667811	0.0	4682485	354	80.0
1606452608.61	80000	20.218213	0.0	5642819	412	80.0
1606452609.07	80000	20.75714	0.0	5815666	425	80.0
1606452609.71	80000	21.126061	0.0	7667415	586	80.0
1606452610.22	80000	21.612265	0.0	6118130	472	80.0
1606452610.52	80000	22.316956	0.0	5098216	249	80.0
1606452610.99	110000	22.841513	0.0	8601429	420	80.0
1606452611.59	110000	23.24859	0.0	9576793	532	110.0
1606452612.27	110000	23.561201	0.0	10221665	626	110.0
1606452613.21	110000	23.626076	0.0	8760683	881	110.0
1606452613.99	110000	23.843729	0.0	8711578	727	110.0
1606452614.57	80000	24.269473	0.0	6487715	528	50.0
1606452615.46	80000	24.376355	0.0	10395993	832	80.0
1606452616.8	80000	24.04489	0.0	12476436	1260	80.0
1606452618.38	80000	23.463011	0.0	10883852	1516	80.0
1606452620.76	60000	22.081057	0.0	10340109	2317	40.0
1606452623.0	40000	20.841251	0.0	6133072	2193	20.0
1606452623.48	20000	21.362055	0.0	1702477	457	0.0
1606452623.97	20000	21.875367	0.0	1531670	469	20.0
1606452624.37	20000	22.474948	0.0	1863424	381	20.0
1606452624.56	20000	23.286575	0.0	1987392	168	20.0
1606452624.8	20000	24.052989	0.0	2505586	212	20.0
1606452625.64	20000	24.207318	0.0	9620218	783	20.0
1606452626.03	40000	24.82044	0.0	4623087	350	20.0
1606452626.81	60000	25.04063	0.0	9827222	720	40.0
1606452627.91	80000	24.947533	0.0	11975956	1018	60.0
1606452628.58	80000	25.277011	0.0	6280571	630	80.0
1606452629.28	80000	25.577742	0.0	6681274	656	80.0
1606452629.59	80000	26.269271	0.0	7178853	263	80.0
1606452629.86	80000	26.993043	0.0	6803527	231	80.0
1606452630.15	80000	27.706063	0.0	7120614	242	80.0
1606452630.47	80000	28.391145	0.0	7243569	268	80.0
1606452630.91	110000	28.949991	0.0	8908280	380	80.0
1606452631.63	160000	29.232188	0.0	13909605	634	110.0
1606452632.39	160000	29.470931	0.0	13301968	686	160.0
1606452633.77	160000	29.088664	0.0	19025846	1274	160.0
1606452634.85	110000	29.013309	0.0	14191823	994	60.0
1606452635.8	110000	29.063853	0.0	12316520	873	110.0
1606452636.97	110000	28.8943	0.0	13245175	1095	110.0
1606452638.06	110000	28.807915	0.0	12490444	1014	110.0
1606452638.89	80000	28.978827	0.0	10884020	761	50.0
1606452639.65	80000	29.216315	0.0	9684889	706	80.0
1606452640.54	80000	29.329945	0.0	10113016	826	80.0
1606452640.84	80000	30.03408	0.0	3986512	265	80.0
1606452641.48	80000	30.396034	0.0	8761637	586	80.0
1606452641.96	80000	30.916644	0.0	6255843	439	80.0
1606452642.37	80000	31.504654	0.0	5347529	375	80.0
1606452642.5	80000	32.378205	0.0	6979884	83	80.0
1606452642.96	110000	32.918378	0.0	30352856	293	80.0
1606452643.37	110000	33.508725	0.0	26354219	261	110.0
1606452643.61	160000	34.272593	0.0	14347759	153	110.0
1606452643.8	160000	35.082921	0.0	11399187	123	160.0
1606452643.97	160000	35.91131	0.0	10358641	112	160.0
1606452644.21	160000	36.671465	0.0	14315696	155	160.0
1606452644.58	160000	37.298451	0.0	23283631	239	160.0
1606452645.13	160000	37.754716	0.0	37521367	324	160.0
1606452645.44	160000	38.440072	0.0	22241104	192	160.0
1606452645.67	160000	39.214026	0.0	15813346	131	160.0
1606452645.91	160000	39.972507	0.0	17116450	142	160.0
1606452646.18	160000	40.706687	0.0	18867054	157	160.0
1606452646.43	160000	41.463114	0.0	17393609	144	160.0
1606452646.78	160000	42.104112	0.0	24759401	221	160.0
1606452647.16	160000	42.729455	0.0	25782433	235	160.0
1606452647.55	160000	43.341857	0.0	25885372	231	160.0
1606452647.94	160000	43.954341	0.0	26242011	241	160.0
1606452648.31	160000	44.579629	0.0	23865378	219	160.0
1606452648.69	160000	45.204063	0.0	25470681	234	160.0
1606452649.12	160000	45.78031	0.0	27258768	257	160.0
1606452649.38	160000	46.513626	0.0	17853711	164	160.0
1606452650.76	160000	46.138601	0.0	14829893	1290	160.0
1606452652.46	110000	45.434234	0.0	19006737	1585	60.0
1606452653.62	110000	45.279182	0.0	19028716	1046	110.0
1606452653.87	110000	46.029056	0.0	18031107	149	110.0
1606452654.06	110000	46.844176	0.0	13308895	110	110.0
1606452654.23	80000	47.671151	0.0	12216668	101	50.0
1606452654.42	110000	48.485171	0.0	13175624	109	80.0
1606452654.78	160000	49.119111	0.0	23977420	233	110.0
1606452655.18	160000	49.722368	0.0	24493733	249	160.0
1606452655.41	160000	50.493768	0.0	14528511	147	160.0
1606452655.7	160000	51.210626	0.0	16841176	185	160.0
1606452656.0	160000	51.913097	0.0	16743604	192	160.0
1606452656.31	160000	52.604188	0.0	17975224	206	160.0
1606452656.66	160000	53.253524	0.0	22329548	230	160.0
1606452656.89	160000	54.025425	0.0	16001583	129	160.0
1606452657.15	160000	54.765031	0.0	18238584	152	160.0
1606452657.44	160000	55.474965	0.0	21308824	171	160.0
1606452657.74	160000	56.171374	0.0	17749058	195	160.0
1606452657.99	160000	56.923502	0.0	14127787	173	160.0
1606452658.31	160000	57.608495	0.0	17525699	215	160.0
1606452658.57	160000	58.348639	0.0	14240042	175	160.0
1606452658.97	160000	58.950664	0.0	20324139	282	160.0
1606452659.39	160000	59.526314	0.0	21993033	304	160.0
1606452660.33	160000	59.58993	0.0	18863108	823	160.0
1606452661.71	160000	59.216053	0.0	15964734	1280	160.0
1606452662.36	110000	59.637091	0.0	5208724	108	60.0
1606452663.52	110000	59.638033	0.0	5906076	123	110.0
1606452664.34	110000	59.581041	0.0	4674535	791	110.0
1606452665.03	80000	59.898937	0.0	4688403	644	50.0
1606452666.41	60000	59.641098	0.0	2809840	359	40.0
1606452667.45	40000	59.642097	0.0	352526	23	20.0
1606452668.49	40000	59.643114	0.0	267244	16	40.0
1606452669.51	40000	59.644086	0.0	111836	7	40.0
1606452670.52	20000	59.645091	0.0	26471	0	0.0
1606452671.54	20000	59.829863	0.0	56059	3	20.0
1606452671.9	40000	1.000999	0.031	334476	9	-4.960000000000001
1606452672.24	20000	1.94798	0.0	11007815	222	0.0
1606452672.84	60000	2.356899	0.0	20421673	416	20.0
1606452673.4	110000	2.793095	0.0	21016487	423	60.0
1606452673.95	160000	3.267615	0.0	19639705	423	110.0
1606452674.56	160000	3.704073	0.0	20946809	478	160.0
1606452674.93	160000	4.35453	0.0	11895609	284	160.0
1606452675.16	160000	5.125353	0.0	7597636	183	160.0
1606452677.33	160000	4.056704	0.0	56067905	1664	160.0
1606452681.18	160000	1.276013	0.079	45444680	3597	147.36
1606452682.84	110000	1.355534	0.74	26873304	1518	-58.400000000000006
1606452683.58	110000	1.620298	0.0	33588177	542	110.0
1606452684.18	110000	2.024055	0.0	25684661	433	110.0
1606452684.42	110000	2.780766	0.0	10838546	178	110.0
1606452684.71	110000	3.496118	0.0	12783186	210	110.0
1606452686.57	160000	2.637885	0.0	22578365	1723	110.0
1606452687.55	160000	2.657663	0.0	8346702	928	160.0
1606452688.94	110000	2.260275	0.0	9838179	1335	60.0
1606452689.67	80000	2.532334	0.0	4543558	689	50.0
1606452692.35	60000	1.354004	0.496	15945082	2588	-39.36
1606452693.46	60000	1.35131	0.104	11785554	1046	43.36
1606452693.98	40000	1.825052	0.0	6254528	473	20.0
1606452694.53	40000	2.276212	0.0	7313446	501	40.0
1606452695.43	60000	2.378821	0.0	11644166	829	40.0
1606452696.29	60000	2.525734	0.0	8135330	803	60.0
1606452697.52	80000	2.293384	0.0	8329186	1181	60.0
1606452699.5	80000	1.368962	0.054	34554431	1791	71.36
1606452701.03	80000	1.266407	0.417	37801487	1339	13.280000000000001
1606452701.41	80000	1.886298	0.0	7180834	332	80.0
