1606488577.12	40000	1.000999	0.029	334476	18	-4.640000000000001
1606488578.16	160000	1.373596	0.053	14912671	796	31.52000000000001
1606488579.59	160000	1.232511	0.265	24265636	1174	117.6
1606488581.33	160000	1.418517	0.972	22711544	1555	4.47999999999999
1606488582.86	160000	1.307685	0.386	19639705	1354	98.24000000000001
1606488583.62	160000	1.571183	0.0	20946809	568	160.0
1606488584.06	160000	2.129845	0.0	11895609	299	160.0
1606488584.34	160000	2.853109	0.0	7597636	160	160.0
1606488585.73	110000	2.460763	0.0	48103258	899	60.0
1606488586.57	110000	2.628787	0.0	28884539	599	110.0
1606488588.13	160000	2.071211	0.0	54798068	1175	110.0
1606488589.71	160000	1.486911	0.0	69464107	1056	160.0
1606488590.7	160000	1.498873	0.0	50637608	639	160.0
1606488591.18	160000	2.053721	0.0	19559369	298	160.0
1606488591.93	160000	2.335196	0.0	22224402	548	160.0
1606488597.04	160000	1.257717	3.033	22578365	4932	-325.28
1606488597.83	160000	1.465122	0.0	8346702	667	160.0
1606488599.14	160000	1.292574	0.133	15775481	1158	138.72
1606488600.08	160000	1.426519	0.079	9163235	830	147.36
1606488601.16	60000	1.349189	0.0	15945082	907	-40.0
1606488601.47	60000	2.041748	0.0	11785554	170	60.0
1606488601.84	110000	2.676521	0.0	14817542	214	60.0
1606488602.18	110000	3.337616	0.0	17002609	175	110.0
1606488602.58	160000	3.93403	0.0	27580394	187	110.0
1606488602.9	160000	4.618885	0.0	20329780	139	160.0
1606488603.17	160000	5.348206	0.0	16109183	113	160.0
1606488603.97	160000	5.548833	0.0	58830800	428	160.0
1606488604.99	160000	5.539594	0.0	66935122	594	160.0
1606488607.44	160000	4.076052	0.0	15251076	2294	160.0
1606488608.3	160000	4.220556	0.0	16574034	686	160.0
1606488608.67	160000	4.856932	0.0	13009028	217	160.0
1606488609.02	160000	5.501303	0.0	12791674	213	160.0
1606488609.26	160000	6.267755	0.0	11137898	98	160.0
1606488609.49	160000	7.031173	0.0	11485310	101	160.0
1606488609.75	160000	7.781081	0.0	12428518	109	160.0
1606488609.96	160000	8.563485	0.0	9963766	88	160.0
1606488610.21	160000	9.321485	0.0	12189364	103	160.0
1606488610.42	160000	10.109429	0.0	10142396	85	160.0
1606488610.63	160000	10.897802	0.0	10185488	85	160.0
1606488610.9	160000	11.634151	0.0	14061455	118	160.0
1606488611.24	160000	12.288096	0.0	20074099	167	160.0
1606488611.94	160000	12.592296	0.0	46115254	374	160.0
1606488612.5	160000	13.029524	0.0	40906522	268	160.0
1606488612.67	160000	13.867992	0.0	7891151	49	160.0
1606488612.98	160000	14.551599	0.0	21012466	130	160.0
1606488613.35	160000	15.19355	0.0	23519424	164	160.0
1606488613.66	160000	15.87586	0.0	18715420	131	160.0
1606488613.95	160000	16.58806	0.0	17000816	119	160.0
1606488614.21	160000	17.327898	0.0	14448126	112	160.0
1606488614.39	160000	18.156022	0.0	6958676	59	160.0
1606488614.6	160000	18.943827	0.0	9088791	80	160.0
1606488614.77	160000	19.770456	0.0	7211881	63	160.0
1606488614.9	160000	20.654444	0.0	3063586	27	160.0
1606488615.01	160000	21.530715	0.0	2782179	24	160.0
1606488615.27	160000	22.278027	0.0	9958410	126	160.0
1606488615.56	160000	22.984436	0.0	12158708	157	160.0
1606488615.86	160000	23.686757	0.0	12300216	157	160.0
1606488616.38	160000	24.1701	0.0	15815684	364	160.0
1606488619.25	160000	22.295687	0.0	13526256	2727	160.0
1606488620.43	160000	22.118074	0.0	11995130	1046	160.0
1606488621.64	160000	21.909948	0.0	13394791	1067	160.0
1606488622.78	160000	21.77604	0.0	14135828	988	160.0
1606488624.25	160000	21.308144	0.0	15366126	1315	160.0
1606488624.64	160000	21.919447	0.0	14248439	239	160.0
1606488625.02	160000	22.540295	0.0	13843717	233	160.0
1606488625.38	160000	23.17778	0.0	14665119	209	160.0
1606488625.84	160000	23.714616	0.0	21079187	282	160.0
1606488626.4	160000	24.163977	0.0	25480074	348	160.0
1606488626.93	160000	24.631909	0.0	23021754	329	160.0
1606488627.52	160000	25.043476	0.0	27527834	373	160.0
1606488628.08	160000	25.479709	0.0	26155848	340	160.0
1606488628.53	160000	26.034952	0.0	17849379	276	160.0
1606488628.95	160000	26.611114	0.0	16546531	258	160.0
1606488629.38	160000	27.185393	0.0	17718949	253	160.0
1606488629.77	160000	27.798023	0.0	17337137	219	160.0
1606488630.2	160000	28.365615	0.0	20008245	253	160.0
1606488631.21	160000	28.355243	0.0	58430914	626	160.0
1606488632.94	160000	27.625811	0.0	16292703	1565	160.0
1606488635.04	160000	26.532205	0.0	25587422	1887	160.0
1606488636.79	160000	25.779449	0.0	23982306	1551	160.0
1606488637.47	160000	26.101829	0.0	13347845	536	160.0
1606488637.99	160000	26.584202	0.0	14337991	373	160.0
1606488638.65	160000	26.929858	0.0	14584990	508	160.0
1606488639.34	160000	27.241685	0.0	13962401	547	160.0
1606488639.74	160000	27.837775	0.0	14393788	248	160.0
1606488640.14	160000	28.437478	0.0	14649457	255	160.0
1606488640.51	160000	29.066925	0.0	13409715	229	160.0
1606488640.9	160000	29.689308	0.0	13909605	237	160.0
1606488641.27	160000	30.315294	0.0	13301968	225	160.0
1606488641.77	160000	30.810341	0.0	19025846	324	160.0
1606488642.27	160000	31.317054	0.0	19295426	325	160.0
1606488642.79	160000	31.793763	0.0	18261873	348	160.0
1606488643.36	160000	32.222572	0.0	19847604	379	160.0
1606488643.92	160000	32.667603	0.0	18767181	380	160.0
1606488644.57	160000	33.020337	0.0	22420858	454	160.0
1606488645.15	160000	33.44165	0.0	19324333	395	160.0
1606488645.7	160000	33.887399	0.0	20392234	370	160.0
1606488645.96	160000	34.632935	0.0	7671072	138	160.0
1606488646.44	160000	35.148425	0.0	17781906	319	160.0
1606488646.82	160000	35.773138	0.0	12839336	236	160.0
1606488647.16	160000	36.440254	0.0	10779770	203	160.0
1606488647.58	160000	37.017587	0.0	14606687	275	160.0
1606488649.02	160000	36.575495	0.0	41866951	1132	160.0
1606488651.35	160000	35.240636	0.0	37238410	2028	160.0
1606488652.48	160000	35.120064	0.0	14347759	972	160.0
1606488653.31	160000	35.286925	0.0	11399187	700	160.0
1606488653.62	160000	35.983157	0.0	10358641	175	160.0
1606488654.0	160000	36.594683	0.0	14315696	241	160.0
1606488655.03	160000	36.567916	0.0	23283631	832	160.0
1606488656.95	160000	35.651221	0.0	37521367	1634	160.0
1606488658.79	160000	34.811115	0.0	22241104	1643	160.0
1606488660.15	160000	34.451028	0.0	15813346	1197	160.0
1606488661.64	160000	33.960361	0.0	17116450	1327	160.0
1606488663.32	160000	33.28801	0.0	18867054	1498	160.0
1606488665.01	160000	32.59613	0.0	17393609	1518	160.0
1606488667.38	160000	31.232313	0.0	24759401	2149	160.0
1606488670.13	160000	29.479652	0.0	25782433	2542	160.0
1606488671.63	160000	28.980727	0.0	25885372	1272	160.0
1606488672.15	160000	29.462958	0.0	26242011	297	160.0
1606488672.64	160000	29.970371	0.0	23865378	276	160.0
1606488673.13	160000	30.480755	0.0	25470681	281	160.0
1606488673.67	160000	30.947013	0.0	27258768	298	160.0
1606488674.03	160000	31.58852	0.0	17853711	186	160.0
1606488674.33	160000	32.283623	0.0	14829893	156	160.0
1606488674.85	160000	32.767992	0.0	27779697	298	160.0
1606488675.36	160000	33.259162	0.0	27714923	299	160.0
1606488675.86	160000	33.757176	0.0	25946474	276	160.0
1606488676.25	160000	34.370963	0.0	19596259	209	160.0
1606488676.7	160000	34.925429	0.0	23774167	258	160.0
1606488677.09	160000	35.530057	0.0	19373656	220	160.0
1606488677.56	160000	36.061161	0.0	23977420	265	160.0
1606488678.04	160000	36.586378	0.0	24493733	272	160.0
1606488678.35	160000	37.279349	0.0	14528511	161	160.0
1606488678.69	160000	37.932754	0.0	16841176	182	160.0
1606488679.05	160000	38.580241	0.0	16743604	178	160.0
1606488679.41	160000	39.214917	0.0	17975224	193	160.0
1606488679.86	160000	39.770165	0.0	22329548	246	160.0
1606488680.2	160000	40.430644	0.0	16001583	176	160.0
1606488680.57	160000	41.057565	0.0	18238584	200	160.0
1606488681.03	160000	41.597503	0.0	21308824	264	160.0
1606488681.42	160000	42.213097	0.0	17749058	213	160.0
1606488681.72	160000	42.914115	0.0	14127787	147	160.0
1606488682.07	160000	43.569086	0.0	17525699	182	160.0
1606488682.35	160000	44.281719	0.0	14240042	149	160.0
1606488682.81	160000	44.825578	0.0	20324139	267	160.0
1606488683.29	160000	45.343954	0.0	21993033	298	160.0
1606488683.72	160000	45.914084	0.0	18863108	260	160.0
1606488684.11	160000	46.525537	0.0	15964734	226	160.0
1606488684.35	160000	47.291501	0.0	8284939	117	160.0
1606488684.59	160000	48.051994	0.0	9004706	120	160.0
1606488684.78	160000	48.860918	0.0	6955279	82	160.0
1606488685.05	160000	49.599918	0.0	10701639	132	160.0
1606488685.29	160000	50.358337	0.0	9459459	112	160.0
1606488685.41	160000	51.23037	0.0	3212828	38	160.0
1606488685.53	160000	52.117145	0.0	2509989	30	160.0
1606488685.62	160000	53.025317	0.0	2004927	25	160.0
1606488685.68	160000	53.969006	0.0	591360	7	160.0
1606488685.76	160000	55.32373	0.0	2394426	29	160.0
1606488686.09	40000	1.000999	0.028	336477	3	-4.480000000000004
1606488686.51	160000	1.960019	0.0	14912671	191	40.0
1606488687.04	160000	2.433232	0.0	24265636	238	160.0
1606488687.47	160000	3.0055	0.0	22711544	224	160.0
1606488689.21	160000	2.381237	0.0	19639705	1541	160.0
1606488690.81	160000	1.852441	0.0	20946809	1416	160.0
1606488691.39	160000	2.276519	0.0	11895609	437	160.0
1606488691.66	160000	3.002878	0.0	7597636	160	160.0
1606488693.02	160000	2.647528	0.0	56067905	816	160.0
1606488694.02	160000	2.654071	0.0	45444680	685	160.0
1606488695.6	160000	2.066586	0.0	54798068	1216	160.0
1606488702.64	160000	1.121554	5.09	69464107	6537	-654.4
1606488705.25	160000	1.40135	1.889	50637608	2299	-142.24
1606488705.75	160000	1.905357	0.0	19559369	312	160.0
1606488706.25	160000	2.400842	0.0	22224402	310	160.0
1606488706.76	160000	2.894409	0.0	22578365	313	160.0
1606488706.99	160000	3.66768	0.0	8346702	109	160.0
1606488707.36	160000	4.301431	0.0	15775481	207	160.0
1606488707.6	160000	5.057357	0.0	9163235	116	160.0
1606488708.61	160000	5.045639	0.0	41307095	722	160.0
1606488709.23	160000	5.427749	0.0	28763893	378	160.0
1606488709.7	160000	5.961491	0.0	21266416	281	160.0
1606488710.22	160000	6.439362	0.0	23702229	308	160.0
1606488710.8	160000	6.866154	0.0	27580394	358	160.0
1606488711.26	160000	7.400787	0.0	20329780	271	160.0
1606488711.64	160000	8.020899	0.0	16109183	211	160.0
1606488712.84	160000	7.833552	0.0	58830800	778	160.0
1606488714.13	160000	7.545092	0.0	66935122	854	160.0
1606488714.46	160000	8.209482	0.0	15251076	175	160.0
