1606452819.58	40000	1.000999	0.018	334476	6	-2.8800000000000026
1606452820.09	160000	1.874439	0.0	14912671	326	40.0
1606452822.97	160000	1.337826	1.293	24265636	2700	-46.879999999999995
1606452834.98	160000	1.294567	2.885	20600381	1765	-301.6
1606452847.71	80000	57.935442	3.299	4623087	52	-527.84
1606452847.72	160000	57.924277	0.0	4623087	52	80.0
1606452848.15	160000	58.492207	0.0	25587422	292	160.0
1606452848.56	160000	59.082969	0.0	23982306	271	160.0
1606452848.79	160000	59.858083	0.0	13347845	145	160.0
1606452850.04	160000	59.638497	0.0	14337991	156	160.0
1606452850.85	160000	59.889514	0.0	14584990	234	160.0
1606452862.15	160000	59.6505	0.0	1842874	142	160.0
1606452862.16	80000	59.498683	0.0	1842874	142	0.0
1606452862.77	80000	59.89276	0.0	10884020	543	80.0
1606452863.92	80000	59.902515	0.0	9684889	591	80.0
1606452865.3	110000	59.362135	0.0	13994870	1290	80.0
1606452865.31	80000	59.353645	0.0	13994870	1290	50.0
1606452865.67	80000	59.992481	0.0	3986512	332	80.0
1606452866.93	80000	59.905529	0.0	8761637	704	80.0
1606452867.97	80000	59.876103	0.0	6255843	497	80.0
1606452868.88	80000	59.787323	0.0	5347529	870	80.0
1606452869.83	80000	59.836944	0.0	6979884	903	80.0
1606452885.0	60000	59.923511	0.0	3226650	209	40.0
1606452885.01	160000	59.673532	0.0	3226650	209	60.0
1606452885.01	110000	59.667067	0.0	3226650	209	60.0
1606452886.32	110000	59.358949	0.0	17343962	1212	110.0
1606452887.69	110000	58.995639	0.0	17781436	1257	110.0
1606452889.26	110000	58.422141	0.0	16547208	1477	110.0
1606452889.27	80000	58.413847	0.0	16547208	1477	50.0
1606452890.23	80000	58.456508	0.0	12501375	887	80.0
1606452891.3	80000	58.381543	0.0	13457876	999	80.0
1606452892.04	80000	58.648527	0.0	8587729	680	80.0
1606452892.56	80000	59.131048	0.0	7067075	472	80.0
1606452893.58	80000	59.112148	0.0	13578682	941	80.0
1606452894.01	80000	59.682521	0.0	13658286	352	80.0
1606452894.01	110000	59.674778	0.0	13658286	352	80.0
1606452894.02	160000	59.668787	0.0	13658286	352	110.0
1606452894.92	160000	59.93352	0.0	25946474	255	160.0
1606452895.76	160000	59.934505	0.0	19596259	222	160.0
1606452897.13	160000	59.685495	0.0	23774167	222	160.0
1606452897.9	160000	59.936516	0.0	19373656	162	160.0
1606452898.77	160000	59.937506	0.0	23977420	213	160.0
1606452900.13	160000	59.688489	0.0	24493733	225	160.0
1606452900.86	160000	59.9395	0.0	14528511	136	160.0
1606452902.78	160000	58.922976	0.0	16841176	1822	160.0
1606452904.13	160000	58.573808	0.0	16743604	1240	160.0
1606452905.07	160000	58.632017	0.0	17975224	839	160.0
1606452905.38	160000	59.323121	0.0	22329548	186	160.0
1606452906.11	160000	59.694489	0.0	16001583	133	160.0
1606452906.91	160000	59.945497	0.0	18238584	184	160.0
1606452907.77	160000	59.946505	0.0	21308824	243	160.0
1606452909.06	160000	59.6975	0.0	17749058	188	160.0
1606452909.82	160000	59.948513	0.0	14127787	175	160.0
1606452911.16	160000	59.699498	0.0	17525699	229	160.0
1606452912.23	160000	59.476524	0.0	14240042	996	160.0
1606452922.94	160000	59.961516	0.0	692632	54	160.0
1606452922.94	80000	59.774829	0.0	692632	54	0.0
1606452923.99	80000	59.962507	0.0	447883	34	80.0
1606452925.01	80000	59.713502	0.0	279272	5	80.0
1606452925.02	160000	59.700955	0.0	279272	5	80.0
1606452926.6	160000	59.64826	0.0	2394426	54	160.0
1606452926.61	110000	59.549945	0.0	2394426	54	60.0
1606452926.62	160000	59.53317	0.0	2394426	54	110.0
