1611121850.02	40000	1.000999	0.038	334476	26	-6.079999999999998
1611121851.32	60000	1.439235	0.35	14898753	1155	-16.0
1611121852.94	60000	1.343728	0.496	20421673	1490	-19.36
1611121854.1	60000	1.432368	0.226	13063186	1086	23.840000000000003
1611121854.77	60000	1.786564	0.0	8954217	614	60.0
1611121855.39	60000	2.17578	0.0	7325507	565	60.0
1611121855.73	60000	2.849186	0.0	4014386	316	60.0
1611121856.23	80000	3.354769	0.0	5425476	451	60.0
1611121858.74	80000	1.847662	0.0	29583867	2268	80.0
1611121860.24	80000	1.352943	0.0	15816325	1391	80.0
1611121861.44	80000	1.321598	0.171	15275967	1120	52.64
1611121862.95	80000	1.493967	0.686	20600381	1407	-29.760000000000005
1611121864.41	80000	1.430123	0.4	17710542	1367	16.0
1611121864.99	80000	1.8516	0.0	7412644	530	80.0
1611121865.83	80000	2.011104	0.0	9055732	788	80.0
1611121867.35	80000	1.496941	0.0	9337721	1457	80.0
1611121867.65	60000	2.194579	0.0	1942216	277	40.0
1611121868.32	60000	2.528968	0.0	4718233	633	60.0
1611121868.6	40000	3.24767	0.0	1997555	254	20.0
1611121869.93	40000	2.91516	0.0	11199212	1265	40.0
1611121872.03	40000	1.818022	0.0	8376884	2041	40.0
1611121873.46	60000	1.389864	0.0	9003718	1372	40.0
1611121874.0	40000	1.850084	0.0	7313446	488	20.0
1611121874.79	40000	2.059222	0.0	8054223	739	40.0
1611121875.29	40000	2.563142	0.0	5596063	453	40.0
1611121875.65	40000	3.204487	0.0	4316804	324	40.0
1611121878.03	40000	1.823739	0.0	18604040	2267	40.0
1611121880.2	40000	1.344322	0.687	20723782	2062	-69.92
1611121880.55	40000	1.997898	0.0	3622285	318	40.0
1611121881.1	60000	2.443032	0.0	5799553	497	40.0
1611121881.5	60000	3.046915	0.0	4738322	358	60.0
1611121881.9	60000	3.650157	0.0	4764193	360	60.0
1611121882.22	60000	4.329331	0.0	4183888	291	60.0
1611121882.54	60000	5.014242	0.0	4325721	284	60.0
1611121882.88	60000	5.673078	0.0	4668463	306	60.0
1611121883.15	60000	6.406468	0.0	3966453	228	60.0
1611121883.44	60000	7.114615	0.0	5053481	255	60.0
1611121883.73	80000	7.825382	0.0	4960781	251	60.0
1611121884.01	80000	8.542884	0.0	4876023	246	80.0
1611121884.38	80000	9.178997	0.0	7013013	317	80.0
1611121884.91	80000	9.646587	0.0	10250816	463	80.0
1611121887.04	80000	8.522236	0.0	26113743	1974	80.0
1611121892.59	80000	3.970463	0.0	22860019	5403	80.0
1611121892.87	60000	4.692096	0.0	3174755	247	40.0
1611121893.5	40000	5.061489	0.0	6334422	585	20.0
1611121894.37	60000	5.193665	0.0	8531701	810	40.0
1611121894.89	60000	5.671872	0.0	6264914	480	60.0
1611121895.37	60000	6.196275	0.0	5629782	436	60.0
1611121895.8	60000	6.762085	0.0	5045231	397	60.0
1611121896.03	60000	7.536306	0.0	2581365	202	60.0
1611121896.29	60000	8.277539	0.0	3233321	232	60.0
1611121896.5	60000	9.073094	0.0	2594645	179	60.0
1611121896.57	60000	9.995662	0.0	911715	62	60.0
1611121896.64	60000	10.931884	0.0	719615	49	60.0
1611121896.91	60000	11.660163	0.0	3496204	243	60.0
1611121897.23	60000	12.340377	0.0	4154630	289	60.0
1611121897.56	60000	13.010506	0.0	4281107	300	60.0
1611121898.0	60000	13.570458	0.0	5707279	400	60.0
1611121898.4	60000	14.1771	0.0	4397748	359	60.0
1611121898.89	80000	14.688156	0.0	5098216	446	60.0
1611121899.42	80000	15.157187	0.0	5982646	489	80.0
1611121900.0	80000	15.580568	0.0	6905077	529	80.0
1611121900.62	80000	15.961806	0.0	7258180	571	80.0
1611121901.13	80000	16.454591	0.0	5903236	468	80.0
1611121901.65	80000	16.929155	0.0	5922485	484	80.0
1611121902.22	80000	17.363978	0.0	6487715	523	80.0
1611121902.99	80000	17.594766	0.0	10395993	706	80.0
1611121903.94	80000	17.647891	0.0	12476436	877	80.0
1611121904.89	80000	17.692988	0.0	10883852	889	80.0
1611121906.0	80000	17.582478	0.0	13889966	1031	80.0
1611121906.49	80000	18.094144	0.0	12943936	414	80.0
1611121906.74	80000	18.845453	0.0	8355811	196	80.0
1611121906.98	80000	19.614411	0.0	7699623	181	80.0
1611121907.24	80000	20.355076	0.0	8697196	204	80.0
1611121907.5	80000	21.088875	0.0	8539884	213	80.0
1611121907.82	80000	21.774433	0.0	10111273	252	80.0
1611121908.77	80000	21.823557	0.0	34025057	766	80.0
1611121909.01	80000	22.58884	0.0	8652970	179	80.0
1611121909.35	80000	23.241823	0.0	12877164	272	80.0
1611121909.84	110000	23.755114	0.0	16439864	372	80.0
1611121910.1	110000	24.498071	0.0	8847416	200	110.0
1611121910.37	110000	25.23254	0.0	9530442	206	110.0
1611121910.63	110000	25.965391	0.0	9945160	206	110.0
1611121910.89	110000	26.711279	0.0	9471489	196	110.0
1611121911.16	110000	27.445712	0.0	9833576	204	110.0
1611121911.43	110000	28.168468	0.0	10023423	216	110.0
1611121911.81	160000	28.791212	0.0	13409715	292	110.0
1611121912.2	160000	29.405587	0.0	13909605	303	160.0
1611121912.53	160000	30.078202	0.0	13301968	249	160.0
1611121912.99	160000	30.612543	0.0	19025846	355	160.0
1611121913.47	160000	31.135093	0.0	19295426	355	160.0
1611121913.92	160000	31.688132	0.0	18261873	332	160.0
1611121914.45	160000	32.162361	0.0	19847604	399	160.0
1611121915.11	160000	32.500199	0.0	18767181	546	160.0
1611121915.94	160000	32.674007	0.0	22420858	687	160.0
1611121917.04	160000	32.576688	0.0	19324333	977	160.0
1611121918.43	160000	32.181637	0.0	20392234	1259	160.0
1611121918.79	110000	32.829159	0.0	5391903	310	60.0
1611121919.54	110000	33.078125	0.0	12114555	678	110.0
1611121920.05	110000	33.562065	0.0	8739355	462	110.0
1611121920.6	110000	34.016583	0.0	7401667	498	110.0
1611121921.45	110000	34.167921	0.0	9761239	784	110.0
1611121923.18	80000	33.437548	0.0	22955881	1604	50.0
1611121924.68	80000	32.941074	0.0	19576633	1387	80.0
1611121925.32	80000	33.301156	0.0	6968696	594	80.0
1611121925.51	80000	34.108391	0.0	4651140	159	80.0
1611121925.68	80000	34.944589	0.0	3942750	136	80.0
1611121925.95	80000	35.67627	0.0	6587403	227	80.0
1611121926.42	80000	36.209156	0.0	12556616	396	80.0
1611121927.0	80000	36.631178	0.0	21334076	444	80.0
1611121927.32	80000	37.310854	0.0	12161730	253	80.0
1611121927.52	80000	38.105568	0.0	8326048	156	80.0
1611121927.74	80000	38.886892	0.0	8972855	168	80.0
1611121927.96	80000	39.675092	0.0	8446369	159	80.0
1611121928.23	110000	40.400957	0.0	10969714	206	80.0
1611121928.64	110000	40.996136	0.0	16960361	312	110.0
1611121929.07	110000	41.564846	0.0	17875878	328	110.0
1611121929.49	110000	42.153363	0.0	17343962	313	110.0
1611121929.91	110000	42.729479	0.0	17781436	307	110.0
1611121930.29	110000	43.349525	0.0	16547208	286	110.0
1611121930.71	110000	43.928455	0.0	17390834	321	110.0
1611121931.39	160000	44.25078	0.0	27258768	516	110.0
1611121931.85	160000	44.7937	0.0	17853711	337	160.0
1611121932.21	160000	45.434648	0.0	14829893	279	160.0
1611121932.86	160000	45.782983	0.0	27779697	505	160.0
1611121933.69	160000	45.949457	0.0	27714923	687	160.0
1611121935.83	160000	44.808802	0.0	25946474	1989	160.0
1611121936.93	110000	44.713737	0.0	13308895	1009	60.0
1611121938.26	110000	44.387422	0.0	16649620	1234	110.0
1611121939.01	80000	44.636341	0.0	9408461	689	50.0
1611121939.93	80000	44.713834	0.0	12195097	850	80.0
1611121940.9	80000	44.753093	0.0	12613176	889	80.0
1611121941.45	80000	45.196755	0.0	6800911	510	80.0
1611121942.26	80000	45.385525	0.0	8020179	761	80.0
1611121942.94	80000	45.716509	0.0	7882490	617	80.0
1611121943.62	80000	46.03	0.0	8469705	633	80.0
1611121944.49	80000	46.162234	0.0	10869298	802	80.0
1611121945.17	80000	46.522129	0.0	8336931	585	80.0
1611121945.98	80000	46.670881	0.0	9782551	750	80.0
1611121946.93	80000	46.724582	0.0	11598573	875	80.0
1611121947.64	80000	47.01415	0.0	9254020	655	80.0
1611121948.17	80000	47.489772	0.0	6922363	478	80.0
1611121948.83	80000	47.83101	0.0	8494032	604	80.0
1611121949.36	80000	48.299639	0.0	6723557	488	80.0
1611121950.22	80000	48.447723	0.0	9962942	793	80.0
1611121950.63	80000	49.03207	0.0	10840351	347	80.0
1611121950.82	80000	49.844583	0.0	8732970	137	80.0
1611121950.98	80000	50.680546	0.0	7562882	119	80.0
1611121951.07	80000	51.598287	0.0	3563377	56	80.0
1611121951.16	80000	52.504319	0.0	4074589	64	80.0
1611121951.24	80000	53.428224	0.0	3243768	51	80.0
1611121951.35	80000	54.320875	0.0	4688403	74	80.0
1611121951.45	80000	55.222351	0.0	4246384	67	80.0
1611121951.5	110000	56.165964	0.0	2410559	30	80.0
1611121951.55	110000	57.121159	0.0	1922862	23	110.0
1611121951.59	110000	58.082796	0.0	1128453	11	110.0
1611121951.61	110000	59.06344	0.0	517365	5	110.0
1611121952.64	80000	59.595543	0.0	803570	9	50.0
1611121952.99	40000	1.000999	0.034	336477	3	-5.439999999999998
1611121953.32	60000	1.981376	0.0	14898753	145	40.0
1611121953.63	40000	2.668269	0.0	17616813	181	20.0
1611121953.78	40000	3.518281	0.0	8581118	97	40.0
1611121953.87	40000	4.430107	0.0	4726840	53	40.0
1611121953.94	40000	5.362006	0.0	3421740	38	40.0
1611121954.02	60000	6.282141	0.0	4014386	45	40.0
1611121954.1	60000	7.206879	0.0	3830488	44	60.0
1611121954.41	60000	7.895513	0.0	17832465	200	60.0
1611121954.58	60000	8.728359	0.0	9877442	109	60.0
1611121954.76	60000	9.544928	0.0	10988410	118	60.0
1611121955.14	80000	10.22989	0.0	20600381	221	60.0
1611121955.45	80000	10.958056	0.0	17710542	189	80.0
1611121955.58	80000	11.845243	0.0	7412644	72	80.0
1611121955.72	80000	12.70515	0.0	9055732	85	80.0
1611121955.87	80000	13.558001	0.0	9337721	89	80.0
1611121955.92	80000	14.502581	0.0	3201928	30	80.0
1611121956.08	110000	15.360328	0.0	9838179	93	80.0
1611121956.18	110000	16.260633	0.0	6126794	58	110.0
1611121956.64	110000	16.829513	0.0	26576979	252	110.0
1611121958.23	110000	16.24116	0.0	19285617	1471	110.0
1611121958.73	110000	16.742853	0.0	14817542	410	110.0
1611121959.06	110000	17.416997	0.0	17002609	222	110.0
1611121959.43	110000	18.047752	0.0	19316039	252	110.0
1611121959.67	110000	18.804582	0.0	13919609	162	110.0
1611121959.85	110000	19.621938	0.0	11073078	119	110.0
