1606458328.17	40000	1.000999	0.038	334476	26	-6.079999999999998
1606458329.07	20000	1.507926	0.0	11007815	791	0.0
1606458329.81	20000	1.774575	0.0	8849724	677	20.0
1606458330.08	20000	2.525799	0.0	3191121	246	20.0
1606458330.24	20000	3.372997	0.0	1661718	133	20.0
1606458330.36	20000	4.253412	0.0	1315024	101	20.0
1606458330.42	20000	5.186471	0.0	698359	52	20.0
1606458330.49	20000	6.117789	0.0	730082	55	20.0
1606458330.89	20000	6.740053	0.0	4047415	369	20.0
1606458331.19	20000	7.441835	0.0	2863079	274	20.0
1606458331.89	40000	7.743542	0.0	7669174	646	20.0
1606458332.74	40000	7.894265	0.0	10578989	786	40.0
1606458333.7	40000	7.941082	0.0	9449433	895	40.0
1606458333.98	40000	8.655816	0.0	3829326	257	40.0
1606458334.32	40000	9.324047	0.0	4447520	299	40.0
1606458336.77	60000	7.872814	0.0	7016601	2401	40.0
1606458336.87	40000	8.77024	0.0	1103419	82	20.0
1606458337.27	60000	9.377262	0.0	4718233	357	40.0
1606458337.55	60000	10.096498	0.0	3263003	255	60.0
1606458341.4	80000	7.244516	0.0	20277060	3665	60.0
1606458341.79	20000	7.855265	0.0	4814284	350	-40.0
1606458342.3	40000	8.347026	0.0	6254528	466	20.0
1606458342.88	40000	8.763588	0.0	7313446	538	40.0
1606458343.81	60000	8.834347	0.0	11644166	859	40.0
1606458344.56	60000	9.089561	0.0	8135330	693	60.0
1606458345.99	60000	8.663878	0.0	6391364	1381	60.0
1606458347.65	40000	7.997502	0.0	18604040	1552	20.0
1606458349.31	40000	7.344168	0.0	20723782	1528	40.0
1606458349.47	20000	8.179342	0.0	1849732	142	0.0
1606458349.82	40000	8.83872	0.0	3854472	309	20.0
1606458350.28	60000	9.375839	0.0	4738322	416	40.0
1606458350.73	60000	9.926418	0.0	4764193	416	60.0
1606458351.04	60000	10.614323	0.0	4183888	279	60.0
1606458351.47	80000	11.186836	0.0	5739662	383	60.0
1606458351.98	80000	11.675457	0.0	6190601	470	80.0
1606458352.47	80000	12.189276	0.0	5198830	451	80.0
1606458353.69	110000	11.967065	0.0	8625024	1158	80.0
1606458355.17	110000	11.493926	0.0	6833121	1427	110.0
1606458355.59	80000	12.070731	0.0	4876023	383	50.0
1606458356.41	110000	12.258425	0.0	9608563	750	80.0
1606458357.49	110000	12.172762	0.0	13956444	1000	110.0
1606458360.55	110000	10.119726	0.0	33926116	2776	110.0
1606458362.41	80000	9.255348	0.0	22860019	1733	50.0
1606458362.68	60000	9.991774	0.0	3174755	235	40.0
1606458363.44	80000	10.234473	0.0	11601071	682	60.0
1606458364.17	80000	10.498008	0.0	11589115	665	80.0
1606458364.74	80000	10.934486	0.0	8720528	509	80.0
1606458365.14	80000	11.530375	0.0	7852064	345	80.0
1606458365.49	80000	12.188188	0.0	6922163	296	80.0
1606458365.73	110000	12.944419	0.0	4738333	200	80.0
1606458366.11	110000	13.56629	0.0	6072231	338	110.0
1606458366.43	110000	14.248914	0.0	4799875	283	110.0
1606458366.55	110000	15.125587	0.0	1790651	105	110.0
1606458366.75	160000	15.931059	0.0	2782179	164	110.0
1606458369.84	160000	13.843997	0.0	9958410	3026	160.0
1606458371.74	110000	12.940255	0.0	7961846	1850	60.0
1606458373.19	110000	12.495289	0.0	8148750	1394	110.0
1606458373.99	110000	12.691622	0.0	10662977	737	110.0
1606458374.66	110000	13.0193	0.0	8793419	617	110.0
1606458375.23	110000	13.456166	0.0	7475950	513	110.0
1606458375.87	110000	13.819503	0.0	8601429	584	110.0
1606458376.71	110000	13.978598	0.0	9576793	784	110.0
1606458377.58	110000	14.109454	0.0	10221665	810	110.0
1606458378.29	110000	14.397335	0.0	8760683	661	110.0
1606458379.0	110000	14.69988	0.0	8711578	642	110.0
1606458379.8	110000	14.89379	0.0	9417807	742	110.0
1606458381.22	110000	14.476564	0.0	14377779	1336	110.0
1606458382.65	110000	14.039518	0.0	17340552	1335	110.0
1606458383.92	110000	13.770181	0.0	15365006	1178	110.0
1606458385.64	110000	13.0554	0.0	19021488	1605	110.0
1606458387.14	110000	12.55216	0.0	17918889	1385	110.0
1606458388.08	110000	12.619803	0.0	11843178	864	110.0
1606458388.98	110000	12.716191	0.0	10916331	836	110.0
1606458389.97	110000	12.728852	0.0	12021075	911	110.0
1606458391.08	110000	12.625844	0.0	11809774	1027	110.0
1606458392.21	110000	12.490536	0.0	13817529	1055	110.0
1606458395.76	110000	9.943061	0.0	44222240	3252	110.0
1606458396.45	80000	10.252827	0.0	8652970	631	50.0
1606458399.18	80000	8.525415	0.0	12877164	2643	80.0
1606458399.65	40000	9.053055	0.0	6222613	427	0.0
1606458400.0	60000	9.706341	0.0	4644666	310	40.0
1606458400.41	60000	10.297819	0.0	4851731	371	60.0
1606458401.01	80000	10.696509	0.0	7178853	555	60.0
1606458402.64	80000	10.065812	0.0	6803527	1586	80.0
1606458403.61	80000	10.099	0.0	7120614	920	80.0
1606458404.26	80000	10.446147	0.0	7243569	607	80.0
1606458404.91	80000	10.804131	0.0	6378767	597	80.0
1606458405.47	80000	11.242568	0.0	6369153	512	80.0
1606458406.01	80000	11.704448	0.0	6270064	480	80.0
1606458406.88	80000	11.838637	0.0	9600822	801	80.0
1606458408.07	110000	11.644878	0.0	14191823	1113	80.0
1606458408.95	80000	11.771414	0.0	8798342	806	50.0
1606458409.67	80000	12.047148	0.0	9413866	669	80.0
1606458411.06	110000	11.654676	0.0	12490444	1316	80.0
1606458412.09	80000	11.627597	0.0	10884020	959	50.0
1606458413.08	80000	11.639676	0.0	9684889	928	80.0
1606458416.14	80000	9.586255	0.0	10113016	2985	80.0
1606458416.43	60000	10.291932	0.0	3037981	261	40.0
1606458417.23	80000	10.491435	0.0	8761637	744	60.0
1606458417.72	80000	11.003245	0.0	6255843	444	80.0
1606458418.14	80000	11.586026	0.0	5347529	378	80.0
1606458418.64	80000	12.087573	0.0	6979884	443	80.0
1606458420.62	110000	11.103789	0.0	30352856	1810	80.0
1606458421.78	80000	10.950458	0.0	19576633	1035	50.0
1606458422.19	80000	11.539677	0.0	6968696	365	80.0
1606458422.44	80000	12.291358	0.0	4651140	213	80.0
1606458422.77	110000	12.962865	0.0	6126549	282	80.0
1606458423.26	110000	13.471516	0.0	9409059	430	110.0
1606458424.1	110000	13.634411	0.0	16742448	740	110.0
1606458425.24	110000	13.49394	0.0	27817780	928	110.0
1606458425.8	110000	13.934593	0.0	16060560	466	110.0
1606458426.19	110000	14.549486	0.0	11168326	320	110.0
1606458426.57	110000	15.166047	0.0	12064050	302	110.0
1606458427.15	160000	15.586463	0.0	18867054	463	110.0
1606458427.64	160000	16.102754	0.0	17393609	383	160.0
1606458428.3	160000	16.436369	0.0	24759401	531	160.0
1606458428.88	160000	16.861311	0.0	25782433	432	160.0
1606458429.47	160000	17.268968	0.0	25885372	437	160.0
1606458430.0	160000	17.740981	0.0	26242011	367	160.0
1606458430.49	160000	18.255403	0.0	23865378	336	160.0
1606458431.02	160000	18.727996	0.0	25470681	366	160.0
1606458431.77	160000	18.982299	0.0	27258768	574	160.0
1606458432.43	160000	19.318144	0.0	17853711	557	160.0
1606458433.06	160000	19.69052	0.0	14829893	547	160.0
1606458433.89	160000	19.864719	0.0	27779697	673	160.0
1606458434.55	160000	20.20117	0.0	27714923	512	160.0
1606458435.06	160000	20.695015	0.0	25946474	346	160.0
1606458435.45	160000	21.307831	0.0	19596259	260	160.0
1606458435.87	160000	21.88227	0.0	23774167	293	160.0
1606458436.22	160000	22.531364	0.0	19373656	240	160.0
1606458436.66	160000	23.093451	0.0	23977420	296	160.0
1606458437.1	160000	23.655717	0.0	24493733	299	160.0
1606458437.36	160000	24.396138	0.0	14528511	176	160.0
1606458437.66	160000	25.099887	0.0	16841176	195	160.0
1606458437.95	160000	25.805726	0.0	16743604	195	160.0
1606458438.28	160000	26.483708	0.0	17975224	210	160.0
1606458438.69	160000	27.078024	0.0	22329548	278	160.0
1606458438.99	160000	27.777733	0.0	16001583	201	160.0
1606458439.32	160000	28.445815	0.0	18238584	229	160.0
1606458439.82	160000	28.943759	0.0	21308824	366	160.0
1606458440.23	160000	29.539342	0.0	17749058	301	160.0
1606458440.51	160000	30.25542	0.0	14127787	201	160.0
1606458440.82	160000	30.951393	0.0	17525699	204	160.0
1606458441.07	160000	31.703444	0.0	14240042	164	160.0
1606458441.42	160000	32.354906	0.0	20324139	237	160.0
1606458441.81	160000	32.956731	0.0	21993033	265	160.0
1606458442.14	160000	33.632158	0.0	18863108	216	160.0
1606458442.42	160000	34.352523	0.0	15964734	184	160.0
1606458442.56	160000	35.20908	0.0	8284939	92	160.0
1606458442.72	160000	36.054055	0.0	9004706	101	160.0
1606458442.84	160000	36.932651	0.0	6955279	78	160.0
1606458443.03	160000	37.74933	0.0	10701639	120	160.0
1606458443.19	160000	38.585831	0.0	9459459	105	160.0
1606458443.27	160000	39.510187	0.0	3212828	37	160.0
1606458443.32	160000	40.458729	0.0	2509989	28	160.0
1606458443.37	160000	41.409203	0.0	2004927	28	160.0
1606458443.44	160000	42.342896	0.0	591360	51	160.0
1606458443.68	160000	43.538962	0.0	2394426	216	160.0
1606458444.01	40000	1.000999	0.048	337339	29	-7.68
1606458446.89	20000	1.378862	1.927	11007815	2781	-308.32
1606458447.65	20000	1.624856	0.0	8849724	699	20.0
1606458447.92	20000	2.376689	0.0	3191121	243	20.0
1606458448.06	20000	3.232239	0.0	1661718	126	20.0
1606458448.18	20000	4.116634	0.0	1315024	99	20.0
1606458448.24	20000	5.052218	0.0	698359	52	20.0
1606458448.31	20000	5.986793	0.0	730082	54	20.0
1606458448.63	20000	6.743667	0.0	4047415	275	20.0
1606458448.85	20000	7.521355	0.0	2863079	196	20.0
1606458449.44	40000	7.936985	0.0	7669174	529	20.0
1606458450.35	40000	8.032699	0.0	10578989	841	40.0
1606458451.22	40000	8.158461	0.0	9449433	816	40.0
1606458451.47	40000	8.906505	0.0	3829326	220	40.0
1606458451.65	60000	9.729427	0.0	6789212	126	40.0
1606458451.83	60000	10.550658	0.0	7016601	131	60.0
1606458451.92	80000	11.458005	0.0	3201928	59	60.0
1606458452.1	80000	12.285718	0.0	6731501	125	80.0
1606458452.28	110000	13.125236	0.0	6126794	113	80.0
1606458452.86	110000	13.522727	0.0	26576979	340	110.0
1606458453.18	110000	14.205584	0.0	19285617	204	110.0
1606458453.42	110000	14.963245	0.0	14817542	157	110.0
1606458453.74	110000	15.650965	0.0	17002609	206	110.0
1606458454.24	160000	16.154297	0.0	27580394	333	110.0
1606458454.59	160000	16.797669	0.0	20329780	234	160.0
1606458454.85	160000	17.543643	0.0	16109183	153	160.0
1606458455.98	160000	17.412463	0.0	58830800	561	160.0
1606458456.93	160000	17.466183	0.0	66935122	583	160.0
1606458457.15	160000	18.240349	0.0	15251076	137	160.0
1606458457.41	160000	18.991117	0.0	16574034	151	160.0
