1611113629.14	40000	1.000999	0.017	334476	5	-2.719999999999999
1611113629.54	60000	1.909976	0.0	14898753	224	40.0
1611113629.94	60000	2.577109	0.0	20421673	249	60.0
1611113630.12	60000	3.400376	0.0	13063186	90	60.0
1611113630.24	60000	4.283133	0.0	8954217	62	60.0
1611113630.34	60000	5.183447	0.0	7325507	50	60.0
1611113630.4	60000	6.124843	0.0	4014386	27	60.0
1611113630.48	80000	7.040398	0.0	5425476	37	60.0
1611113630.93	80000	7.598238	0.0	29583867	207	80.0
1611113631.18	80000	8.431459	0.0	15816325	123	80.0
1611113631.38	80000	9.226097	0.0	15275967	118	80.0
1611113631.68	80000	9.975996	0.0	20600381	159	80.0
1611113631.93	80000	10.72562	0.0	17710542	139	80.0
1611113632.13	110000	11.528082	0.0	10838546	115	80.0
1611113632.35	110000	12.335811	0.0	12783186	137	110.0
1611113632.56	110000	13.123247	0.0	13101938	139	110.0
1611113632.65	110000	14.034169	0.0	5268213	56	110.0
1611113632.82	110000	14.898556	0.0	9838179	104	110.0
1611113632.98	110000	15.732786	0.0	6126794	124	110.0
1611113633.66	110000	16.05508	0.0	26576979	525	110.0
1611113636.15	160000	14.584229	0.0	28763893	2322	110.0
1611113636.99	110000	14.756352	0.0	14817542	741	60.0
1611113637.21	80000	15.530117	0.0	13274781	140	50.0
1611113637.47	80000	16.275044	0.0	14862949	156	80.0
1611113637.65	80000	17.096194	0.0	10513690	110	80.0
1611113637.79	80000	17.953252	0.0	8329186	88	80.0
1611113638.22	80000	18.526293	0.0	34554431	237	80.0
1611113638.72	80000	19.029501	0.0	37801487	235	80.0
1611113638.82	80000	19.92965	0.0	7180834	51	80.0
1611113638.92	80000	20.831188	0.0	7801969	47	80.0
1611113639.0	80000	21.752136	0.0	6381056	39	80.0
1611113639.11	110000	22.63725	0.0	8740660	55	80.0
1611113639.22	110000	23.535283	0.0	7610374	41	110.0
1611113639.32	110000	24.434223	0.0	7822163	48	110.0
1611113639.42	110000	25.327465	0.0	8433079	51	110.0
1611113639.52	110000	26.236783	0.0	6951419	42	110.0
1611113639.63	110000	27.129412	0.0	8625024	52	110.0
1611113639.72	110000	28.039779	0.0	6833121	42	110.0
1611113639.85	160000	28.904671	0.0	10185488	61	110.0
1611113640.2	160000	29.558117	0.0	14061455	259	160.0
1611113640.71	160000	30.057613	0.0	20074099	382	160.0
1611113644.1	160000	27.658679	0.0	46115254	3075	160.0
1611113646.62	110000	26.141589	0.0	29928879	2329	60.0
1611113647.01	80000	26.746695	0.0	4146191	359	50.0
1611113647.92	80000	26.840356	0.0	11601071	835	80.0
1611113648.96	80000	26.79834	0.0	11589115	968	80.0
1611113649.65	80000	27.120899	0.0	8720528	622	80.0
1611113650.27	80000	27.491857	0.0	7852064	570	80.0
1611113650.83	80000	27.931572	0.0	6922163	511	80.0
1611113651.02	80000	28.746571	0.0	3458958	156	80.0
1611113651.18	80000	29.586043	0.0	4351089	128	80.0
1611113651.31	80000	30.4559	0.0	3468038	102	80.0
1611113651.37	80000	31.40292	0.0	1235756	35	80.0
1611113651.42	80000	32.354244	0.0	1010776	29	80.0
1611113651.59	80000	33.182933	0.0	4682485	137	80.0
1611113651.8	80000	33.975403	0.0	5642819	166	80.0
1611113652.01	80000	34.759256	0.0	5815666	176	80.0
1611113652.32	80000	35.455051	0.0	7667415	257	80.0
1611113652.68	110000	36.100765	0.0	8793419	296	80.0
1611113652.99	110000	36.799318	0.0	7475950	251	110.0
1611113653.23	110000	37.552253	0.0	8601429	185	110.0
1611113653.49	110000	38.287984	0.0	9576793	208	110.0
1611113653.78	110000	39.004158	0.0	10221665	220	110.0
1611113654.02	110000	39.765423	0.0	8760683	187	110.0
1611113654.24	110000	40.539116	0.0	8711578	173	110.0
1611113654.63	160000	41.162654	0.0	14665119	292	110.0
1611113655.17	160000	41.614141	0.0	21079187	417	160.0
1611113655.81	160000	41.977558	0.0	25480074	497	160.0
1611113659.18	160000	39.602751	0.0	23021754	3231	160.0
1611113660.81	110000	38.976496	0.0	19021488	1508	60.0
1611113661.59	80000	39.193856	0.0	12943936	698	50.0
1611113662.05	80000	39.737757	0.0	8355811	401	80.0
1611113662.39	80000	40.402989	0.0	7699623	284	80.0
1611113662.76	80000	41.026756	0.0	8697196	322	80.0
1611113663.16	80000	41.633906	0.0	8539884	337	80.0
1611113663.7	80000	42.091078	0.0	10111273	480	80.0
1611113665.21	80000	41.585246	0.0	34025057	1303	80.0
1611113665.77	80000	42.026766	0.0	8652970	502	80.0
1611113666.45	80000	42.346952	0.0	12877164	604	80.0
1611113667.02	80000	42.78094	0.0	11975956	495	80.0
1611113667.4	110000	43.401636	0.0	8847416	322	80.0
1611113667.8	110000	43.997911	0.0	9530442	348	110.0
1611113668.19	110000	44.608215	0.0	9945160	329	110.0
1611113668.51	110000	45.29018	0.0	9471489	258	110.0
1611113668.84	110000	45.958901	0.0	9833576	267	110.0
1611113669.21	110000	46.598329	0.0	10023423	297	110.0
1611113669.58	110000	47.221064	0.0	8908280	317	110.0
1611113669.96	110000	47.841169	0.0	9004051	320	110.0
1611113670.27	110000	48.534708	0.0	8764764	252	110.0
1611113670.92	160000	48.889504	0.0	19025846	511	110.0
1611113671.67	160000	49.137225	0.0	19295426	638	160.0
1611113674.5	160000	47.308398	0.0	18261873	2725	160.0
1611113675.62	110000	47.188661	0.0	13245175	1042	60.0
1611113676.34	80000	47.474352	0.0	8818409	660	50.0
1611113677.42	80000	47.393903	0.0	10884020	1014	80.0
1611113678.3	80000	47.513145	0.0	9684889	820	80.0
1611113679.07	80000	47.745697	0.0	10113016	704	80.0
1611113679.46	80000	48.358429	0.0	3986512	353	80.0
1611113680.29	80000	48.528892	0.0	8761637	775	80.0
1611113680.67	60000	49.148027	0.0	4617597	345	40.0
1611113681.0	60000	49.819327	0.0	3982768	297	60.0
1611113681.44	60000	50.378074	0.0	5173499	403	60.0
1611113682.86	60000	49.962869	0.0	17736300	1314	60.0
1611113684.04	60000	49.777038	0.0	14917504	1098	60.0
1611113684.6	80000	50.225549	0.0	6968696	504	60.0
1611113684.96	80000	50.858498	0.0	4651140	334	80.0
1611113685.28	80000	51.542899	0.0	3942750	286	80.0
1611113685.81	80000	52.011484	0.0	6587403	486	80.0
1611113686.76	80000	52.066216	0.0	12556616	875	80.0
1611113688.59	80000	51.237646	0.0	21334076	1705	80.0
1611113689.57	80000	51.258309	0.0	12161730	908	80.0
1611113690.24	80000	51.588739	0.0	8326048	617	80.0
1611113691.04	80000	51.79456	0.0	8972855	742	80.0
1611113691.72	80000	52.110794	0.0	8446369	629	80.0
1611113692.34	80000	52.497677	0.0	7511410	563	80.0
1611113693.46	80000	52.373764	0.0	12247427	1051	80.0
1611113694.53	80000	52.3066	0.0	13038195	990	80.0
1611113695.49	80000	52.343947	0.0	12229430	891	80.0
1611113696.54	80000	52.298664	0.0	12704190	973	80.0
1611113697.43	80000	52.40431	0.0	12007698	820	80.0
1611113698.39	80000	52.445297	0.0	12501375	885	80.0
1611113699.52	80000	52.322266	0.0	13457876	1041	80.0
1611113700.29	80000	52.553221	0.0	8587729	716	80.0
1611113700.89	80000	52.94981	0.0	7067075	561	80.0
1611113701.99	80000	52.852266	0.0	13578682	1022	80.0
1611113703.12	80000	52.719087	0.0	13658286	1057	80.0
1611113704.2	80000	52.642409	0.0	13106871	1000	80.0
1611113705.05	80000	52.792291	0.0	9469564	791	80.0
1611113706.17	80000	52.679549	0.0	12216668	1039	80.0
1611113706.96	80000	52.885878	0.0	9408461	729	80.0
1611113707.89	80000	52.965001	0.0	12195097	855	80.0
1611113708.96	80000	52.887582	0.0	12613176	997	80.0
1611113709.67	80000	53.176671	0.0	6800911	668	80.0
1611113710.54	80000	53.307346	0.0	8020179	815	80.0
1611113711.26	80000	53.588778	0.0	7882490	671	80.0
1611113711.74	60000	54.118825	0.0	6170363	424	40.0
1611113712.33	60000	54.521142	0.0	7991868	542	60.0
1611113712.86	60000	54.997859	0.0	6409879	477	60.0
1611113713.49	60000	55.365002	0.0	7627654	580	60.0
1611113714.29	60000	55.56402	0.0	9016602	745	60.0
1611113715.03	60000	55.828932	0.0	6981592	687	60.0
1611113715.55	60000	56.312774	0.0	5103310	478	60.0
1611113716.13	60000	56.732967	0.0	6244074	537	60.0
1611113716.57	60000	57.293802	0.0	4926138	405	60.0
1611113717.21	60000	57.657135	0.0	7379602	586	60.0
1611113717.93	60000	57.93081	0.0	8011132	672	60.0
1611113718.5	60000	58.366431	0.0	6322575	519	60.0
1611113718.94	60000	58.923656	0.0	5529168	401	60.0
1611113719.15	60000	59.713533	0.0	2585313	187	60.0
1611113720.4	60000	59.681181	0.0	3010411	221	60.0
1611113721.18	80000	59.932127	0.0	3243768	237	60.0
1611113722.04	80000	59.933142	0.0	4688403	316	80.0
1611113723.33	80000	59.684205	0.0	4246384	260	80.0
1611113724.43	80000	59.685151	0.0	1491121	78	80.0
1611113724.99	80000	59.936108	0.0	1146202	47	80.0
1611113726.03	80000	59.937103	0.0	447883	18	80.0
1611113727.05	60000	59.938111	0.0	124268	3	40.0
1611113728.58	40000	59.8727	0.0	121164	10	20.0
1611113728.95	40000	1.000999	0.035	336477	16	-5.600000000000001
1611113730.53	60000	1.323731	0.615	14898753	1458	-58.400000000000006
1611113735.5	60000	1.445627	4.06	20421673	4816	-589.6
1611113735.88	40000	2.064239	0.0	8581118	324	20.0
1611113736.28	60000	2.715208	0.0	8954217	338	40.0
1611113736.6	60000	3.418059	0.0	7325507	263	60.0
1611113736.69	40000	4.326274	0.0	1987360	66	20.0
1611113736.85	60000	5.170386	0.0	3830488	126	40.0
1611113737.55	60000	5.492764	0.0	17832465	590	60.0
1611113737.93	60000	6.116846	0.0	9877442	315	60.0
1611113738.34	60000	6.702561	0.0	10988410	350	60.0
1611113738.9	60000	7.142378	0.0	15230785	472	60.0
1611113739.56	80000	7.486175	0.0	17710542	546	60.0
1611113739.82	80000	8.229097	0.0	7412644	210	80.0
1611113740.13	80000	8.918643	0.0	9055732	257	80.0
1611113740.46	80000	9.595087	0.0	9337721	264	80.0
1611113740.57	80000	10.477073	0.0	3201928	83	80.0
1611113740.79	80000	11.258963	0.0	6731501	174	80.0
1611113741.0	110000	12.052607	0.0	6126794	159	80.0
1611113741.87	110000	12.186081	0.0	26576979	680	110.0
1611113742.46	110000	12.591171	0.0	19285617	480	110.0
1611113742.88	110000	13.177415	0.0	14817542	323	110.0
1611113743.35	110000	13.706588	0.0	17002609	366	110.0
1611113743.87	110000	14.189146	0.0	19316039	401	110.0
1611113744.23	110000	14.823665	0.0	13919609	283	110.0
1611113744.68	160000	15.378553	0.0	16109183	325	110.0
1611113746.38	160000	14.680964	0.0	58830800	1120	160.0
1611113747.89	160000	14.168563	0.0	66935122	1153	160.0
