1606524427.73	40000	1.000999	1.269	334476	1254	-203.04
1606524428.6	20000	1.515226	0.0	11007815	748	0.0
1606524429.25	20000	1.860463	0.0	8849724	600	20.0
1606524429.5	20000	2.618442	0.0	3191121	216	20.0
1606524429.63	20000	3.513872	0.0	1661718	112	20.0
1606524429.67	20000	4.470871	0.0	1315024	26	20.0
1606524429.7	20000	5.443113	0.0	698359	14	20.0
1606524429.73	20000	6.414401	0.0	730082	15	20.0
1606524429.84	20000	7.30733	0.0	4047415	78	20.0
1606524429.92	20000	8.228309	0.0	2863079	55	20.0
1606524430.12	40000	9.028203	0.0	7669174	148	20.0
1606524430.53	60000	9.63864	0.0	15230785	294	40.0
1606524430.88	60000	10.28857	0.0	13601559	266	60.0
1606524431.08	80000	11.096508	0.0	7412644	131	60.0
1606524431.27	80000	11.903924	0.0	9055732	135	80.0
1606524431.56	110000	12.613721	0.0	13101938	195	80.0
1606524431.68	110000	13.493488	0.0	5268213	82	110.0
1606524432.18	110000	13.998233	0.0	9838179	437	110.0
1606524432.49	110000	14.685052	0.0	6126794	272	110.0
1606524434.6	110000	13.586885	0.0	26576979	1880	110.0
1606524435.63	110000	13.544599	0.0	19285617	919	110.0
1606524436.4	110000	13.775348	0.0	14817542	680	110.0
1606524438.28	110000	12.90736	0.0	17002609	1765	110.0
1606524439.62	110000	12.558998	0.0	19316039	1221	110.0
1606524440.39	110000	12.790134	0.0	13919609	684	110.0
1606524441.01	110000	13.178017	0.0	11073078	547	110.0
1606524446.27	110000	8.910268	0.0	44076779	4914	110.0
1606524448.96	60000	7.229385	0.0	29587565	2498	10.0
1606524449.11	20000	8.071431	0.0	1849732	135	-20.0
1606524449.43	40000	8.755711	0.0	3854472	284	20.0
1606524449.81	60000	9.377756	0.0	4738322	343	40.0
1606524450.14	60000	10.054316	0.0	4764193	290	60.0
1606524450.52	80000	10.673187	0.0	5578363	340	60.0
1606524450.9	80000	11.296195	0.0	5739662	339	80.0
1606524451.28	80000	11.911864	0.0	6190601	343	80.0
1606524451.71	110000	12.480009	0.0	6951419	385	80.0
1606524452.26	110000	12.932298	0.0	8625024	494	110.0
1606524452.7	110000	13.493849	0.0	6833121	394	110.0
1606524453.46	110000	13.740513	0.0	6808950	707	110.0
1606524454.44	110000	13.754337	0.0	9608563	925	110.0
1606524455.6	110000	13.603055	0.0	13956444	1071	110.0
1606524460.61	110000	9.593389	0.0	33926116	4809	110.0
1606524462.59	60000	8.609834	0.0	17639418	1875	10.0
1606524462.83	40000	9.374417	0.0	2182595	211	20.0
1606524463.65	60000	9.547514	0.0	9032460	769	40.0
1606524464.49	60000	9.718806	0.0	8531701	774	60.0
1606524465.11	60000	10.092664	0.0	6264914	578	60.0
1606524465.9	80000	10.309269	0.0	7852064	728	60.0
1606524466.66	80000	10.543282	0.0	6922163	722	80.0
1606524467.14	80000	11.069636	0.0	3458958	446	80.0
1606524467.86	80000	11.352281	0.0	4351089	684	80.0
1606524468.63	80000	11.578401	0.0	3468038	738	80.0
1606524468.95	80000	12.261386	0.0	1235756	300	80.0
1606524469.81	110000	12.398048	0.0	1529278	841	80.0
1606524472.27	110000	10.945751	0.0	6558222	2409	110.0
1606524474.34	80000	9.871709	0.0	5642819	2034	50.0
1606524475.74	60000	9.472587	0.0	4281107	1366	40.0
1606524476.37	60000	9.840567	0.0	5707279	592	60.0
1606524476.77	60000	10.446885	0.0	4397748	362	60.0
1606524477.25	80000	10.971349	0.0	5098216	439	60.0
1606524477.81	80000	11.408287	0.0	5982646	525	80.0
1606524478.41	80000	11.807781	0.0	6905077	558	80.0
1606524479.03	80000	12.185855	0.0	7258180	578	80.0
1606524479.82	110000	12.405832	0.0	8760683	724	80.0
1606524480.53	110000	12.689497	0.0	8711578	665	110.0
1606524481.28	110000	12.944362	0.0	9417807	690	110.0
1606524482.4	110000	12.821863	0.0	14377779	1041	110.0
1606524484.0	110000	12.221693	0.0	17340552	1492	110.0
1606524485.3	110000	11.929234	0.0	15365006	1199	110.0
1606524487.02	110000	11.212805	0.0	19021488	1598	110.0
1606524487.98	80000	11.244583	0.0	12943936	893	50.0
1606524488.66	80000	11.564773	0.0	8355811	628	80.0
1606524489.27	80000	11.964281	0.0	7699623	550	80.0
1606524490.18	110000	12.048932	0.0	12021075	841	80.0
1606524491.25	110000	11.985047	0.0	11809774	997	110.0
1606524492.27	110000	11.961703	0.0	13817529	943	110.0
1606524495.79	110000	9.443644	0.0	44222240	3274	110.0
1606524496.23	60000	10.00394	0.0	6659174	388	10.0
1606524496.95	80000	10.291898	0.0	12877164	636	60.0
1606524497.33	80000	10.907194	0.0	11975956	315	80.0
1606524497.52	80000	11.722494	0.0	6280571	142	80.0
1606524497.72	80000	12.529019	0.0	6681274	149	80.0
1606524498.0	110000	13.235962	0.0	9945160	222	80.0
1606524498.18	110000	14.062873	0.0	9471489	115	110.0
1606524498.34	110000	14.900573	0.0	9833576	102	110.0
1606524498.51	110000	15.736516	0.0	10023423	105	110.0
1606524498.73	160000	16.513155	0.0	13409715	140	110.0
1606524498.96	160000	17.290473	0.0	13909605	145	160.0
1606524499.17	160000	18.080419	0.0	13301968	135	160.0
1606524499.46	160000	18.783836	0.0	19025846	187	160.0
1606524499.77	160000	19.477708	0.0	19295426	189	160.0
1606524500.06	160000	20.192149	0.0	18261873	179	160.0
1606524500.38	160000	20.874172	0.0	19847604	207	160.0
1606524500.8	160000	21.45466	0.0	18767181	195	160.0
1606524501.16	160000	22.095671	0.0	22420858	233	160.0
1606524501.48	160000	22.776525	0.0	19324333	204	160.0
1606524501.81	160000	23.445015	0.0	20392234	216	160.0
1606524501.95	160000	24.30941	0.0	7671072	82	160.0
1606524502.24	160000	25.016533	0.0	17781906	188	160.0
1606524502.45	160000	25.808032	0.0	12839336	134	160.0
1606524502.63	160000	26.629205	0.0	10779770	114	160.0
1606524502.87	160000	27.393671	0.0	14606687	153	160.0
1606524503.55	160000	27.707567	0.0	41866951	444	160.0
1606524504.17	160000	28.090748	0.0	37238410	399	160.0
1606524504.41	160000	28.85165	0.0	14347759	152	160.0
1606524504.61	160000	29.658813	0.0	11399187	125	160.0
1606524504.77	160000	30.490503	0.0	10358641	108	160.0
1606524505.01	160000	31.257717	0.0	14315696	149	160.0
1606524505.41	160000	31.854588	0.0	23283631	274	160.0
1606524506.1	160000	32.172047	0.0	37521367	460	160.0
1606524506.48	160000	32.784193	0.0	22241104	254	160.0
1606524506.76	160000	33.512821	0.0	15813346	179	160.0
1606524507.05	160000	34.217802	0.0	17116450	194	160.0
1606524507.37	160000	34.905306	0.0	18867054	202	160.0
1606524507.66	160000	35.614507	0.0	17393609	184	160.0
1606524508.06	160000	36.21154	0.0	24759401	261	160.0
1606524508.47	160000	36.805196	0.0	25782433	265	160.0
1606524508.89	160000	37.388675	0.0	25885372	265	160.0
1606524509.32	160000	37.960304	0.0	26242011	273	160.0
1606524509.74	160000	38.540197	0.0	23865378	275	160.0
1606524510.18	160000	39.102421	0.0	25470681	278	160.0
1606524510.68	160000	39.595646	0.0	27258768	346	160.0
1606524511.02	160000	40.263581	0.0	17853711	227	160.0
1606524511.29	160000	40.994603	0.0	14829893	188	160.0
1606524511.79	160000	41.489915	0.0	27779697	354	160.0
1606524512.3	160000	41.979797	0.0	27714923	351	160.0
1606524512.78	160000	42.506944	0.0	25946474	306	160.0
1606524513.13	160000	43.152656	0.0	19596259	231	160.0
1606524513.54	160000	43.748668	0.0	23774167	269	160.0
1606524513.88	160000	44.406637	0.0	19373656	220	160.0
1606524514.29	160000	44.998713	0.0	23977420	272	160.0
1606524514.71	160000	45.578701	0.0	24493733	285	160.0
1606524514.96	160000	46.330731	0.0	14528511	169	160.0
1606524515.29	160000	47.006264	0.0	16841176	222	160.0
1606524516.03	160000	47.258609	0.0	16743604	645	160.0
1606524518.43	160000	45.866397	0.0	17975224	2285	160.0
1606524520.55	160000	44.743783	0.0	22329548	1984	160.0
1606524521.88	160000	44.412927	0.0	16001583	1235	160.0
1606524524.79	160000	42.5051	0.0	18238584	2797	160.0
1606524528.07	160000	40.223267	0.0	21308824	3157	160.0
1606524530.5	160000	38.79871	0.0	17749058	2317	160.0
1606524531.04	160000	39.263675	0.0	14127787	454	160.0
1606524531.69	160000	39.613235	0.0	17525699	549	160.0
1606524532.23	160000	40.073404	0.0	14240042	449	160.0
1606524532.89	160000	40.407943	0.0	20324139	552	160.0
1606524533.58	160000	40.71958	0.0	21993033	561	160.0
1606524534.14	160000	41.169876	0.0	18863108	437	160.0
1606524534.58	160000	41.722319	0.0	15964734	350	160.0
1606524534.8	160000	42.5033	0.0	8284939	168	160.0
1606524535.04	160000	43.262837	0.0	9004706	184	160.0
1606524535.23	160000	44.076761	0.0	6955279	142	160.0
1606524535.51	160000	44.795974	0.0	10701639	214	160.0
1606524535.77	160000	45.55048	0.0	9459459	190	160.0
1606524535.86	160000	46.447393	0.0	3212828	63	160.0
1606524535.94	160000	47.372594	0.0	2509989	50	160.0
1606524536.0	160000	48.311508	0.0	2004927	40	160.0
1606524536.03	160000	49.286673	0.0	591360	11	160.0
1606524536.1	160000	50.650178	0.0	2394426	48	160.0
1606524536.45	40000	1.000999	0.038	337339	7	-6.079999999999998
1606524536.85	20000	1.94485	0.0	11007815	271	0.0
1606524537.12	20000	2.67465	0.0	8849724	212	20.0
1606524537.23	20000	3.569056	0.0	3191121	77	20.0
1606524537.29	20000	4.509	0.0	1661718	40	20.0
1606524537.34	20000	5.457777	0.0	1315024	33	20.0
1606524537.37	20000	6.426352	0.0	698359	17	20.0
1606524537.4	20000	7.39445	0.0	730082	18	20.0
1606524537.54	20000	8.263795	0.0	4047415	102	20.0
1606524537.74	40000	9.058015	0.0	5971357	162	20.0
1606524538.09	60000	9.707757	0.0	10988410	280	40.0
1606524538.58	60000	10.249382	0.0	15230785	369	60.0
1606524539.11	80000	10.747729	0.0	17710542	415	60.0
1606524539.34	80000	11.515978	0.0	7412644	173	80.0
1606524539.66	80000	12.200202	0.0	9055732	257	80.0
1606524540.12	110000	12.737831	0.0	13101938	385	80.0
1606524540.31	110000	13.551768	0.0	5268213	150	110.0
1606524540.71	110000	14.145056	0.0	9838179	340	110.0
1606524540.97	110000	14.893871	0.0	6126794	213	110.0
1606524542.04	110000	14.820616	0.0	26576979	861	110.0
1606524542.74	110000	15.120303	0.0	19285617	587	110.0
1606524543.52	160000	15.345875	0.0	21266416	634	110.0
1606524544.34	160000	15.521251	0.0	23702229	690	160.0
1606524545.24	160000	15.62102	0.0	27580394	744	160.0
1606524545.88	160000	15.982093	0.0	20329780	521	160.0
1606524546.39	160000	16.475231	0.0	16109183	409	160.0
1606524548.5	160000	15.371456	0.0	58830800	1523	160.0
1606524550.63	160000	14.252505	0.0	66935122	1744	160.0
1606524550.97	110000	14.900038	0.0	10019282	270	60.0
