1611114374.64	40000	1.000999	0.039	334476	25	-6.240000000000002
1611114375.92	60000	1.448681	0.375	14898753	1134	-20.0
1611114377.66	60000	1.326354	0.595	20421673	1611	-35.2
1611114378.76	60000	1.41142	0.155	13063186	1023	35.2
1611114379.52	60000	1.684476	0.0	8954217	696	60.0
1611114380.33	60000	1.892043	0.0	7325507	764	60.0
1611114380.7	60000	2.519744	0.0	4014386	343	60.0
1611114381.05	60000	3.170602	0.0	3830488	319	60.0
1611114382.62	60000	2.604821	0.0	17832465	1458	60.0
1611114383.55	60000	2.675995	0.0	9877442	869	60.0
1611114384.4	60000	2.820018	0.0	10988410	784	60.0
1611114385.85	60000	2.375996	0.0	15230785	1357	60.0
1611114386.99	60000	2.232522	0.0	13601559	1055	60.0
1611114387.42	60000	2.81153	0.0	5612759	378	60.0
1611114388.06	60000	3.167703	0.0	6789212	596	60.0
1611114388.89	80000	3.338319	0.0	9337721	763	60.0
1611114389.16	80000	4.065954	0.0	3201928	246	80.0
1611114389.73	80000	4.500827	0.0	6731501	518	80.0
1611114390.1	80000	5.127505	0.0	4543558	341	80.0
1611114391.79	80000	4.441703	0.0	20277060	1566	80.0
1611114392.7	80000	4.535095	0.0	14877694	814	80.0
1611114393.2	80000	5.035535	0.0	11453319	429	80.0
1611114394.23	80000	5.006372	0.0	13274781	951	80.0
1611114395.47	80000	4.76585	0.0	14862949	1152	80.0
1611114396.46	80000	4.776045	0.0	10513690	924	80.0
1611114397.2	80000	5.036227	0.0	8329186	689	80.0
1611114400.46	80000	2.780193	0.0	34554431	3000	80.0
1611114402.8	80000	1.439794	0.0	37801487	2085	80.0
1611114403.24	80000	2.004144	0.0	7180834	384	80.0
1611114404.27	80000	1.977066	0.0	7801969	975	80.0
1611114406.8	80000	1.345541	0.899	6381056	2494	-63.84
1611114407.35	60000	1.79156	0.0	4764193	515	40.0
1611114407.65	40000	2.497645	0.0	2781171	248	20.0
1611114407.98	60000	3.16513	0.0	4325721	300	40.0
1611114408.34	60000	3.809501	0.0	4668463	324	60.0
1611114408.55	40000	4.598898	0.0	2659767	184	20.0
1611114408.86	40000	5.291586	0.0	3460653	279	40.0
1611114409.07	40000	6.076768	0.0	2382623	192	40.0
1611114409.28	40000	6.873833	0.0	2243677	181	40.0
1611114409.76	60000	7.389395	0.0	5249724	444	40.0
1611114410.52	60000	7.633912	0.0	7686878	705	60.0
1611114412.32	60000	6.834055	0.0	20100626	1685	60.0
1611114413.79	60000	6.370997	0.0	17639418	1356	60.0
1611114414.05	60000	7.102897	0.0	3174755	233	60.0
1611114414.79	60000	7.366248	0.0	9032460	679	60.0
1611114415.55	60000	7.603858	0.0	8531701	711	60.0
1611114416.04	60000	8.120398	0.0	6264914	443	60.0
1611114416.65	80000	8.51595	0.0	7852064	550	60.0
1611114417.24	80000	8.925269	0.0	6922163	535	80.0
1611114417.53	80000	9.626425	0.0	3458958	267	80.0
1611114417.91	80000	10.256672	0.0	4351089	335	80.0
1611114418.2	80000	10.959285	0.0	3468038	268	80.0
1611114418.32	80000	11.847177	0.0	1235756	95	80.0
1611114418.41	80000	12.754747	0.0	1010776	77	80.0
1611114418.8	80000	13.367047	0.0	4682485	356	80.0
1611114419.26	80000	13.903946	0.0	5642819	424	80.0
1611114419.73	80000	14.438693	0.0	5815666	427	80.0
1611114420.29	80000	14.878432	0.0	7667415	512	80.0
1611114420.74	80000	15.430378	0.0	6118130	408	80.0
1611114421.12	80000	16.054601	0.0	5098216	340	80.0
1611114421.56	80000	16.615416	0.0	5982646	399	80.0
1611114422.09	80000	17.085392	0.0	6905077	483	80.0
1611114422.65	80000	17.524294	0.0	7258180	507	80.0
1611114423.1	80000	18.080258	0.0	5903236	404	80.0
1611114423.55	80000	18.629213	0.0	5922485	405	80.0
1611114424.1	80000	19.077188	0.0	6487715	508	80.0
1611114424.96	80000	19.221426	0.0	10395993	795	80.0
1611114425.92	80000	19.259914	0.0	12476436	892	80.0
1611114426.92	80000	19.264014	0.0	10883852	928	80.0
1611114428.14	80000	19.041737	0.0	13889966	1144	80.0
1611114429.23	80000	18.950358	0.0	12943936	1017	80.0
1611114429.98	80000	19.201521	0.0	8355811	692	80.0
1611114430.63	80000	19.552267	0.0	7699623	600	80.0
1611114431.33	80000	19.854674	0.0	8697196	643	80.0
1611114432.02	80000	20.171088	0.0	8539884	633	80.0
1611114432.84	80000	20.346717	0.0	10111273	763	80.0
1611114435.63	80000	18.557216	0.0	34025057	2602	80.0
1611114436.3	80000	18.890774	0.0	8652970	611	80.0
1611114437.51	80000	18.681914	0.0	12877164	1132	80.0
1611114438.7	80000	18.491425	0.0	11975956	1122	80.0
1611114439.18	80000	19.012979	0.0	6280571	436	80.0
1611114439.68	80000	19.512233	0.0	6681274	456	80.0
1611114440.29	80000	19.906036	0.0	7178853	557	80.0
1611114440.87	80000	20.323174	0.0	6803527	536	80.0
1611114441.49	80000	20.70907	0.0	7120614	566	80.0
1611114442.13	80000	21.070598	0.0	7243569	591	80.0
1611114442.7	80000	21.497289	0.0	6378767	532	80.0
1611114443.23	80000	21.974548	0.0	6369153	480	80.0
1611114443.74	80000	22.464557	0.0	6270064	467	80.0
1611114444.5	80000	22.702629	0.0	9600822	703	80.0
1611114445.37	80000	22.83296	0.0	10839240	803	80.0
1611114446.09	80000	23.117801	0.0	8798342	660	80.0
1611114446.86	80000	23.346831	0.0	9413866	713	80.0
1611114447.54	80000	23.66744	0.0	8818409	624	80.0
1611114448.37	80000	23.83545	0.0	10884020	766	80.0
1611114449.19	80000	24.016312	0.0	9684889	759	80.0
1611114450.16	80000	24.050867	0.0	10113016	905	80.0
1611114450.53	80000	24.679559	0.0	3986512	339	80.0
1611114451.24	80000	24.973525	0.0	8761637	651	80.0
1611114451.71	80000	25.506077	0.0	6255843	425	80.0
1611114452.17	80000	26.048089	0.0	5347529	416	80.0
1611114452.78	80000	26.430207	0.0	6979884	571	80.0
1611114454.65	80000	25.562847	0.0	22955881	1722	80.0
1611114456.12	80000	25.097343	0.0	19576633	1355	80.0
1611114456.68	80000	25.532464	0.0	6968696	518	80.0
1611114457.08	80000	26.140514	0.0	4651140	357	80.0
1611114457.42	80000	26.798293	0.0	3942750	313	80.0
1611114457.99	80000	27.229264	0.0	6587403	523	80.0
1611114459.1	80000	27.125906	0.0	12556616	1031	80.0
1611114460.92	80000	26.299125	0.0	21334076	1708	80.0
1611114461.88	80000	26.345562	0.0	12161730	883	80.0
1611114462.49	80000	26.73029	0.0	8326048	560	80.0
1611114463.16	80000	27.06137	0.0	8972855	614	80.0
1611114463.81	80000	27.417233	0.0	8446369	592	80.0
1611114464.39	80000	27.836144	0.0	7511410	529	80.0
1611114465.3	80000	27.92615	0.0	12247427	838	80.0
1611114466.38	80000	27.848419	0.0	13038195	991	80.0
1611114467.49	80000	27.741003	0.0	12229430	1037	80.0
1611114468.57	80000	27.664284	0.0	12704190	1004	80.0
1611114469.67	80000	27.56563	0.0	12007698	1026	80.0
1611114470.7	80000	27.536997	0.0	12501375	958	80.0
1611114471.76	80000	27.48324	0.0	13457876	979	80.0
1611114472.42	80000	27.814483	0.0	8587729	601	80.0
1611114472.96	80000	28.281148	0.0	7067075	487	80.0
1611114473.81	80000	28.42479	0.0	13578682	777	80.0
1611114474.61	80000	28.623014	0.0	13658286	724	80.0
1611114475.33	80000	28.906354	0.0	13106871	642	80.0
1611114475.83	80000	29.41322	0.0	9469564	434	80.0
1611114476.36	80000	29.88051	0.0	12216668	460	80.0
1611114476.75	80000	30.495922	0.0	9408461	332	80.0
1611114477.22	80000	31.026627	0.0	12195097	392	80.0
1611114477.66	80000	31.583442	0.0	12613176	370	80.0
1611114478.01	110000	32.23373	0.0	9645423	282	80.0
1611114478.44	110000	32.801383	0.0	11281629	360	110.0
1611114478.87	110000	33.379469	0.0	11179031	356	110.0
1611114479.34	110000	33.910581	0.0	12016215	400	110.0
1611114479.94	110000	34.307215	0.0	15214650	516	110.0
1611114480.32	110000	34.931579	0.0	11200919	308	110.0
1611114480.75	110000	35.505665	0.0	12984407	348	110.0
1611114481.37	160000	35.878523	0.0	21308824	500	110.0
1611114481.84	160000	36.416475	0.0	17749058	361	160.0
1611114482.19	160000	37.065158	0.0	14127787	266	160.0
1611114482.58	160000	37.672117	0.0	17525699	300	160.0
1611114482.91	160000	38.347662	0.0	14240042	244	160.0
1611114483.34	160000	38.918235	0.0	20324139	321	160.0
1611114483.81	160000	39.451836	0.0	21993033	339	160.0
1611114484.18	160000	40.076661	0.0	18863108	269	160.0
1611114484.46	160000	40.798229	0.0	15964734	187	160.0
1611114484.61	160000	41.649518	0.0	8284939	98	160.0
1611114484.77	160000	42.491187	0.0	9004706	106	160.0
1611114484.9	160000	43.364461	0.0	6955279	82	160.0
1611114485.09	160000	44.177137	0.0	10701639	124	160.0
1611114485.24	160000	45.025732	0.0	9459459	98	160.0
1611114485.3	160000	45.965899	0.0	3212828	33	160.0
1611114485.35	160000	46.916649	0.0	2509989	25	160.0
1611114485.39	160000	47.875947	0.0	2004927	20	160.0
1611114485.41	160000	48.857002	0.0	591360	6	160.0
1611114485.44	110000	50.259427	0.0	1201371	12	60.0
1611114485.74	40000	1.000999	0.028	377897	5	-4.480000000000004
1611114486.06	60000	2.001999	0.0	14898753	154	40.0
1611114486.4	60000	2.700603	0.0	20421673	194	60.0
1611114486.6	60000	3.498817	0.0	13063186	124	60.0
1611114486.75	60000	4.348773	0.0	8954217	85	60.0
1611114486.87	60000	5.229214	0.0	7325507	69	60.0
1611114486.94	60000	6.158343	0.0	4014386	39	60.0
1611114487.05	80000	7.050199	0.0	5425476	51	60.0
1611114487.6	80000	7.525166	0.0	29583867	305	80.0
1611114487.86	80000	8.316016	0.0	15816325	163	80.0
1611114488.1	80000	9.077645	0.0	15275967	157	80.0
1611114488.57	80000	9.651521	0.0	20600381	355	80.0
1611114488.99	80000	10.258748	0.0	17710542	306	80.0
1611114489.22	110000	11.024843	0.0	10838546	165	80.0
1611114489.49	110000	11.784649	0.0	12783186	188	110.0
1611114489.75	110000	12.519916	0.0	13101938	192	110.0
1611114489.87	110000	13.408033	0.0	5268213	77	110.0
1611114490.07	110000	14.204825	0.0	9838179	143	110.0
1611114490.2	110000	15.079822	0.0	6126794	81	110.0
1611114490.68	110000	15.618034	0.0	26576979	327	110.0
1611114491.21	160000	16.087257	0.0	28763893	354	110.0
1611114491.93	160000	16.363365	0.0	21266416	603	160.0
1611114492.79	160000	16.512726	0.0	23702229	715	160.0
1611114493.56	160000	16.74202	0.0	27580394	617	160.0
1611114494.05	160000	17.252672	0.0	20329780	369	160.0
1611114494.44	160000	17.862069	0.0	16109183	289	160.0
