1609802408.06	40000	1.000999	0.035	334476	22	-5.600000000000001
1609802409.77	160000	1.418293	0.76	14912671	1499	-81.6
1609802410.4	160000	1.792806	0.0	24265636	347	160.0
1609802411.19	160000	2.025218	0.0	22711544	591	160.0
1609802411.62	160000	2.644227	0.0	19639705	229	160.0
1609802412.2	160000	3.082902	0.0	20946809	385	160.0
1609802412.46	160000	3.850279	0.0	11895609	113	160.0
1609802413.0	160000	4.31685	0.0	7597636	413	160.0
1609802416.64	160000	1.731691	0.0	56067905	3092	160.0
1609802418.53	160000	1.279417	0.436	45444680	1589	90.24
1609802421.45	110000	1.46541	2.104	26873304	2703	-276.64
1609802423.23	80000	1.320996	0.64	20600381	1605	-52.400000000000006
1609802424.66	80000	1.462545	0.57	17710542	1266	-11.200000000000003
1609802425.29	80000	1.837714	0.0	7412644	500	80.0
1609802426.36	110000	1.771998	0.0	12783186	919	80.0
1609802427.56	110000	1.568033	0.0	13101938	1055	110.0
1609802428.3	160000	1.826471	0.0	8346702	613	110.0
1609802429.69	160000	1.472152	0.035	15775481	1226	154.4
1609802430.5	160000	1.671826	0.0	9163235	672	160.0
1609802431.87	80000	1.293774	0.0	20277060	1197	0.0
1609802432.57	80000	1.603644	0.0	14877694	535	80.0
1609802433.34	110000	1.826467	0.0	14817542	615	80.0
1609802433.96	110000	2.209948	0.0	17002609	449	110.0
1609802434.77	110000	2.406107	0.0	19316039	609	110.0
1609802435.71	160000	2.466952	0.0	20329780	749	110.0
1609802436.6	160000	2.574343	0.0	16109183	724	160.0
1609802444.75	160000	1.318571	5.885	58830800	7728	-781.6
1609802447.07	60000	1.474145	1.472	29587565	2089	-275.52
1609802448.01	160000	1.531126	0.0	15251076	769	60.0
1609802448.92	160000	1.620528	0.0	16574034	741	160.0
1609802449.68	160000	1.865277	0.0	13009028	606	160.0
1609802450.15	160000	2.397207	0.0	12791674	321	160.0
1609802450.7	160000	2.8476	0.0	11137898	413	160.0
1609802451.06	160000	3.485217	0.0	11485310	223	160.0
1609802451.67	160000	3.87877	0.0	12428518	464	160.0
1609802451.93	160000	4.617713	0.0	9963766	131	160.0
1609802452.23	160000	5.318353	0.0	12189364	160	160.0
1609802452.71	160000	5.838206	0.0	10142396	348	160.0
1609802453.02	160000	6.534228	0.0	10185488	174	160.0
1609802453.65	160000	6.905311	0.0	14061455	479	160.0
1609802454.14	160000	7.414562	0.0	20074099	307	160.0
1609802455.47	160000	7.081428	0.0	46115254	1020	160.0
1609802456.34	160000	7.217791	0.0	40906522	555	160.0
1609802456.72	160000	7.83282	0.0	7891151	264	160.0
1609802457.23	160000	8.324623	0.0	21012466	322	160.0
1609802458.1	160000	8.45453	0.0	23519424	670	160.0
1609802458.79	160000	8.771427	0.0	18715420	505	160.0
1609802459.29	160000	9.26723	0.0	17000816	336	160.0
1609802459.81	160000	9.75028	0.0	14448126	360	160.0
1609802460.03	160000	10.535893	0.0	6958676	97	160.0
1609802460.28	160000	11.280616	0.0	9088791	130	160.0
1609802460.5	160000	12.059361	0.0	7211881	103	160.0
1609802460.65	160000	12.91725	0.0	3063586	40	160.0
1609802460.82	160000	13.74183	0.0	2782179	79	160.0
1609802461.24	160000	14.324866	0.0	9958410	288	160.0
1609802461.74	160000	14.830434	0.0	12158708	352	160.0
1609802468.54	160000	9.031864	0.0	12300216	6646	160.0
1609802470.31	160000	8.259352	0.0	15815684	1609	160.0
1609802471.62	160000	7.950719	0.0	13526256	1157	160.0
1609802472.72	160000	7.854162	0.0	11995130	956	160.0
1609802474.0	160000	7.572298	0.0	13394791	1137	160.0
1609802475.27	160000	7.306912	0.0	14135828	1113	160.0
1609802476.74	160000	6.839383	0.0	15366126	1311	160.0
1609802478.03	160000	6.54709	0.0	14248439	1143	160.0
1609802479.28	160000	6.294291	0.0	13843717	1103	160.0
1609802480.45	160000	6.128277	0.0	14665119	1008	160.0
1609802482.05	160000	5.524067	0.0	21079187	1413	160.0
1609802484.13	160000	4.453264	0.0	25480074	1853	160.0
1609802485.05	160000	4.532811	0.0	23021754	713	160.0
1609802486.34	160000	4.243791	0.0	27527834	1069	160.0
1609802487.83	160000	3.753027	0.0	26155848	1261	160.0
1609802490.35	160000	2.238396	0.0	17849379	2338	160.0
1609802491.86	160000	1.719979	0.0	16546531	1351	160.0
1609802493.35	160000	1.491182	0.252	17718949	1318	119.68
1609802493.75	160000	2.090797	0.0	17337137	229	160.0
1609802494.03	80000	2.811942	0.0	10111273	140	0.0
1609802494.61	60000	3.232375	0.0	26329427	337	40.0
1609802494.98	160000	3.857336	0.0	16292703	201	60.0
1609802495.51	160000	4.327721	0.0	25587422	316	160.0
1609802496.02	160000	4.826247	0.0	23982306	287	160.0
1609802496.33	160000	5.518474	0.0	13347845	159	160.0
1609802496.63	160000	6.214858	0.0	14337991	148	160.0
1609802496.94	160000	6.909589	0.0	14584990	149	160.0
1609802497.23	160000	7.613287	0.0	13962401	143	160.0
1609802497.52	160000	8.328719	0.0	14393788	135	160.0
1609802497.81	160000	9.038859	0.0	14649457	138	160.0
1609802498.09	160000	9.762066	0.0	13409715	126	160.0
1609802498.37	160000	10.476548	0.0	13909605	130	160.0
1609802498.66	160000	11.187169	0.0	13301968	140	160.0
1609802499.05	160000	11.802985	0.0	19025846	198	160.0
1609802499.44	160000	12.418247	0.0	19295426	204	160.0
1609802499.8	160000	13.059262	0.0	18261873	184	160.0
1609802500.19	160000	13.669925	0.0	19847604	202	160.0
1609802501.0	160000	13.861044	0.0	18767181	632	160.0
1609802501.64	160000	14.221164	0.0	22420858	445	160.0
1609802502.01	160000	14.857979	0.0	19324333	179	160.0
1609802502.39	160000	15.472206	0.0	20392234	184	160.0
1609802502.58	160000	16.284388	0.0	7671072	65	160.0
1609802502.91	160000	16.957015	0.0	17781906	152	160.0
1609802503.16	160000	17.701096	0.0	12839336	110	160.0
1609802503.39	160000	18.471126	0.0	10779770	92	160.0
1609802503.67	160000	19.200142	0.0	14606687	119	160.0
1609802504.33	160000	19.536133	0.0	41866951	345	160.0
1609802504.94	160000	19.929827	0.0	37238410	308	160.0
1609802505.21	160000	20.657133	0.0	14347759	118	160.0
1609802505.45	160000	21.423307	0.0	11399187	94	160.0
1609802505.67	160000	22.198204	0.0	10358641	86	160.0
1609802505.94	160000	22.929908	0.0	14315696	119	160.0
1609802506.34	160000	23.536358	0.0	23283631	193	160.0
1609802506.95	160000	23.926798	0.0	37521367	311	160.0
1609802507.33	160000	24.547347	0.0	22241104	184	160.0
1609802507.63	160000	25.243483	0.0	15813346	136	160.0
1609802507.96	160000	25.920855	0.0	17116450	149	160.0
1609802508.31	160000	26.570315	0.0	18867054	161	160.0
1609802508.63	160000	27.24737	0.0	17393609	150	160.0
1609802509.05	160000	27.832943	0.0	24759401	207	160.0
1609802509.47	160000	28.405298	0.0	25782433	213	160.0
1609802509.93	160000	28.951406	0.0	25885372	221	160.0
1609802510.38	160000	29.506547	0.0	26242011	223	160.0
1609802510.81	160000	30.07409	0.0	23865378	206	160.0
1609802511.24	160000	30.643551	0.0	25470681	212	160.0
1609802511.71	160000	31.172335	0.0	27258768	230	160.0
1609802512.04	160000	31.849399	0.0	17853711	150	160.0
1609802512.32	160000	32.570368	0.0	14829893	124	160.0
1609802512.78	160000	33.104867	0.0	27779697	231	160.0
1609802513.24	160000	33.654177	0.0	27714923	226	160.0
1609802513.67	160000	34.223478	0.0	25946474	211	160.0
1609802514.01	160000	34.877907	0.0	19596259	163	160.0
1609802514.43	160000	35.467458	0.0	23774167	197	160.0
1609802514.77	160000	36.123472	0.0	19373656	159	160.0
1609802515.17	160000	36.722164	0.0	23977420	195	160.0
1609802515.58	160000	37.31394	0.0	24493733	198	160.0
1609802515.86	160000	38.035884	0.0	14528511	122	160.0
1609802516.18	160000	38.721847	0.0	16841176	142	160.0
1609802516.49	160000	39.40797	0.0	16743604	142	160.0
1609802516.81	160000	40.0857	0.0	17975224	150	160.0
1609802517.2	160000	40.701648	0.0	22329548	183	160.0
1609802517.5	160000	41.402941	0.0	16001583	132	160.0
1609802517.83	160000	42.077405	0.0	18238584	153	160.0
1609802518.2	160000	42.699737	0.0	21308824	181	160.0
1609802518.53	160000	43.376634	0.0	17749058	151	160.0
1609802518.8	160000	44.108861	0.0	14127787	120	160.0
1609802519.12	160000	44.787549	0.0	17525699	150	160.0
1609802519.39	160000	45.514633	0.0	14240042	123	160.0
1609802519.76	160000	46.152647	0.0	20324139	175	160.0
1609802520.13	160000	46.775583	0.0	21993033	178	160.0
1609802520.47	160000	47.437414	0.0	18863108	153	160.0
1609802520.77	160000	48.14317	0.0	15964734	129	160.0
1609802520.96	160000	48.952795	0.0	8284939	67	160.0
1609802521.16	160000	49.754309	0.0	9004706	73	160.0
1609802521.33	160000	50.583068	0.0	6955279	56	160.0
1609802521.55	160000	51.360835	0.0	10701639	87	160.0
1609802521.76	160000	52.156143	0.0	9459459	77	160.0
1609802521.89	160000	53.030657	0.0	3212828	27	160.0
1609802522.0	160000	53.919372	0.0	2509989	22	160.0
1609802522.09	160000	54.833506	0.0	2004927	17	160.0
1609802522.14	160000	55.777137	0.0	591360	5	160.0
1609802522.21	160000	57.142291	0.0	2394426	20	160.0
1609802522.56	40000	1.000999	0.024	336477	3	-3.8400000000000034
1609802522.94	160000	1.959184	0.0	14912671	123	40.0
1609802523.44	160000	2.459964	0.0	24265636	189	160.0
1609802523.83	160000	3.066801	0.0	22711544	181	160.0
1609802524.18	160000	3.715208	0.0	19639705	164	160.0
1609802524.56	160000	4.46503	0.0	20946809	174	160.0
1609802524.81	160000	5.222737	0.0	11895609	98	160.0
1609802524.99	160000	6.040211	0.0	7597636	64	160.0
1609802525.99	160000	6.090284	0.0	56067905	472	160.0
1609802526.68	160000	6.459891	0.0	45444680	381	160.0
1609802527.51	160000	6.708708	0.0	54798068	458	160.0
1609802528.65	160000	6.5684	0.0	69464107	619	160.0
1609802529.41	160000	6.803968	0.0	50637608	422	160.0
1609802529.75	160000	7.465764	0.0	19559369	159	160.0
1609802530.15	160000	8.070031	0.0	22224402	195	160.0
1609802530.55	160000	8.673974	0.0	22578365	200	160.0
1609802530.75	160000	9.470573	0.0	8346702	70	160.0
1609802531.06	160000	10.161336	0.0	15775481	145	160.0
1609802531.28	160000	10.946333	0.0	9163235	85	160.0
1609802531.96	160000	11.264759	0.0	41307095	382	160.0
1609802532.46	160000	11.761517	0.0	28763893	247	160.0
1609802532.85	160000	12.37673	0.0	21266416	182	160.0
1609802533.3	160000	12.931621	0.0	23702229	220	160.0
1609802533.79	160000	13.441825	0.0	27580394	257	160.0
1609802534.17	160000	14.058615	0.0	20329780	176	160.0
1609802534.48	160000	14.754335	0.0	16109183	140	160.0
1609802535.39	160000	14.96545	0.0	58830800	498	160.0
1609802536.35	160000	15.003363	0.0	66935122	538	160.0
