1606493352.31	40000	1.000999	0.043	334476	29	-6.880000000000003
1606493353.63	80000	1.261866	0.164	14912671	1167	13.760000000000005
1606493354.73	80000	1.346977	0.156	22644885	959	55.04
1606493355.4	110000	1.703103	0.0	21016487	534	80.0
1606493355.91	160000	2.216001	0.0	19639705	387	110.0
1606493357.32	160000	1.883499	0.0	20946809	1282	160.0
1606493358.22	160000	1.984283	0.0	11895609	826	160.0
1606493358.89	160000	2.320387	0.0	7597636	615	160.0
1606493370.11	160000	1.812634	3.7	9055732	717	-432.0
1606493371.41	80000	1.519625	0.0	9337721	1236	0.0
1606493371.91	80000	2.009447	0.0	3201928	475	80.0
1606493372.69	60000	2.235772	0.0	4718233	732	40.0
1606493373.23	60000	2.687905	0.0	3263003	522	60.0
1606493383.96	40000	57.027167	0.0	1626020	671	20.0
1606493383.97	160000	57.016314	0.0	1626020	671	40.0
1606493395.48	160000	59.577715	0.0	1081763	82	160.0
1606493395.49	80000	59.512695	0.0	1081763	82	0.0
1606493396.2	80000	59.801485	0.0	8761637	659	80.0
1606493397.21	80000	59.82987	0.0	6255843	470	80.0
1606493398.44	80000	59.580843	0.0	5347529	180	80.0
1606493398.44	110000	59.56116	0.0	5347529	180	80.0
1606493399.64	110000	59.581839	0.0	9761239	139	110.0
1606493399.65	160000	59.355707	0.0	9761239	139	110.0
1606493400.57	160000	59.439262	0.0	41866951	646	160.0
1606493401.2	160000	59.809271	0.0	37238410	428	160.0
1606493402.45	160000	59.584866	0.0	14347759	165	160.0
1606493403.29	160000	59.724466	0.0	11399187	762	160.0
1606493404.55	160000	59.586873	0.0	10358641	205	160.0
1606493417.28	160000	59.849867	0.0	2928342	66	160.0
1606493417.29	160000	59.731204	0.0	2928342	66	160.0
1606493418.56	160000	59.465604	0.0	25470681	1123	160.0
1606493429.56	160000	59.611871	0.0	3492243	216	160.0
1606493429.57	80000	59.468211	0.0	3492243	216	0.0
1606493430.2	80000	59.862868	0.0	6800911	79	80.0
1606493430.2	160000	59.832312	0.0	6800911	79	80.0
1606493431.49	160000	59.613867	0.0	16841176	192	160.0
1606493432.26	160000	59.864852	0.0	16743604	161	160.0
1606493433.53	160000	59.615833	0.0	17975224	171	160.0
1606493434.4	160000	59.866802	0.0	22329548	239	160.0
1606493435.67	160000	59.617875	0.0	16001583	167	160.0
1606493437.22	160000	58.826661	0.0	18238584	1439	160.0
1606493437.84	160000	59.199987	0.0	21308824	511	160.0
1606493438.11	160000	59.934067	0.0	17749058	159	160.0
1606493439.32	160000	59.871809	0.0	14127787	127	160.0
1606493440.6	160000	59.622763	0.0	17525699	165	160.0
1606493441.28	160000	59.873845	0.0	14240042	107	160.0
1606493442.55	160000	59.624861	0.0	20324139	150	160.0
1606493443.86	160000	59.190542	0.0	21993033	1183	160.0
1606493444.7	160000	59.354378	0.0	18863108	727	160.0
1606493445.46	160000	59.627764	0.0	15964734	161	160.0
1606493446.6	160000	59.628842	0.0	8284939	85	160.0
1606493447.24	160000	59.879796	0.0	9004706	84	160.0
1606493448.35	160000	59.880818	0.0	6955279	64	160.0
1606493449.54	160000	59.631839	0.0	10701639	117	160.0
1606493450.21	160000	59.88285	0.0	9459459	117	160.0
1606493451.28	160000	59.883837	0.0	3212828	39	160.0
1606493452.34	160000	59.884811	0.0	2509989	37	160.0
1606493453.42	160000	59.885798	0.0	2004927	56	160.0
1606493454.45	160000	59.636861	0.0	591360	11	160.0
1606493455.74	160000	59.82162	0.0	2394426	265	160.0
