1606469626.79	40000	1.000999	0.02	334476	8	-3.200000000000003
1606469627.4	160000	1.783302	0.0	14912671	391	40.0
1606469628.05	160000	2.154625	0.0	24265636	375	160.0
1606469628.51	160000	2.694448	0.0	22711544	259	160.0
1606469629.16	160000	3.076695	0.0	19639705	470	160.0
1606469630.2	160000	3.105768	0.0	20946809	850	160.0
1606469631.15	160000	3.208242	0.0	11895609	802	160.0
1606469631.82	160000	3.563573	0.0	7597636	554	160.0
1606469632.84	40000	3.547263	0.0	9295618	887	-80.0
1606469634.01	40000	3.371482	0.0	5971357	1068	40.0
1606469634.44	20000	3.948084	0.0	4167844	318	0.0
1606469634.95	20000	4.433302	0.0	5571764	409	20.0
1606469635.4	20000	4.982337	0.0	4925652	351	20.0
1606469635.64	20000	5.752098	0.0	2030157	144	20.0
1606469635.87	40000	6.521914	0.0	4447520	130	20.0
1606469636.72	160000	6.668746	0.0	22578365	658	40.0
1606469637.07	160000	7.316954	0.0	8346702	233	160.0
1606469637.67	160000	7.71996	0.0	15775481	440	160.0
1606469637.96	160000	8.43172	0.0	9163235	164	160.0
1606469639.09	160000	8.30546	0.0	41307095	745	160.0
1606469639.8	160000	8.599937	0.0	28763893	472	160.0
1606469640.32	160000	9.078225	0.0	21266416	321	160.0
1606469640.89	160000	9.510147	0.0	23702229	367	160.0
1606469641.68	160000	9.722476	0.0	27580394	570	160.0
1606469642.22	160000	10.178061	0.0	20329780	347	160.0
1606469642.66	160000	10.744092	0.0	16109183	271	160.0
1606469645.18	160000	9.229437	0.0	58830800	1977	160.0
1606469651.04	160000	4.364697	0.0	66935122	5419	160.0
1606469652.79	160000	3.630331	0.0	15251076	1580	160.0
1606469653.87	80000	3.529682	0.0	7801969	962	0.0
1606469654.27	80000	4.132529	0.0	6381056	285	80.0
1606469654.67	80000	4.735476	0.0	6393963	285	80.0
1606469654.91	80000	5.493185	0.0	5578363	135	80.0
1606469655.18	110000	6.225432	0.0	7822163	140	80.0
1606469655.54	160000	6.872889	0.0	12428518	214	110.0
1606469655.84	160000	7.56941	0.0	9963766	171	160.0
1606469656.19	160000	8.22155	0.0	12189364	211	160.0
1606469656.49	160000	8.919124	0.0	10142396	176	160.0
1606469656.8	160000	9.616883	0.0	10185488	176	160.0
1606469657.4	160000	10.01245	0.0	14061455	462	160.0
1606469658.74	160000	9.671984	0.0	20074099	1154	160.0
1606469660.79	160000	8.627533	0.0	46115254	1734	160.0
1606469661.84	160000	8.578764	0.0	40906522	760	160.0
1606469662.12	160000	9.298221	0.0	7891151	163	160.0
1606469662.74	160000	9.678985	0.0	21012466	434	160.0
1606469663.3	160000	10.120975	0.0	23519424	355	160.0
1606469663.74	160000	10.676682	0.0	18715420	272	160.0
1606469664.25	160000	11.174639	0.0	17000816	338	160.0
1606469664.71	160000	11.721289	0.0	14448126	306	160.0
1606469665.29	160000	12.132261	0.0	6958676	468	160.0
1606469666.31	160000	12.117002	0.0	9088791	894	160.0
1606469667.01	160000	12.415131	0.0	7211881	590	160.0
1606469667.56	160000	12.868984	0.0	3063586	455	160.0
1606469668.01	160000	13.416128	0.0	2782179	364	160.0
1606469670.72	160000	11.706794	0.0	9958410	2587	160.0
1606469671.37	80000	12.059169	0.0	5642819	539	0.0
1606469672.14	110000	12.293946	0.0	8148750	646	80.0
1606469673.01	110000	12.417688	0.0	10662977	737	110.0
1606469673.29	110000	13.146218	0.0	8793419	153	110.0
1606469673.53	110000	13.901963	0.0	7475950	125	110.0
1606469673.91	160000	14.526369	0.0	13394791	233	110.0
1606469674.26	160000	15.180878	0.0	14135828	201	160.0
1606469674.63	160000	15.80613	0.0	15366126	223	160.0
1606469674.98	160000	16.459789	0.0	14248439	202	160.0
1606469675.29	160000	17.153017	0.0	13843717	159	160.0
1606469675.6	160000	17.837931	0.0	14665119	168	160.0
1606469676.03	160000	18.414862	0.0	21079187	241	160.0
1606469676.53	160000	18.912078	0.0	25480074	293	160.0
1606469676.99	160000	19.454207	0.0	23021754	258	160.0
1606469677.47	160000	19.969108	0.0	27527834	249	160.0
1606469677.93	160000	20.525719	0.0	26155848	236	160.0
1606469678.22	160000	21.223777	0.0	17849379	112	160.0
1606469678.49	160000	21.961525	0.0	16546531	104	160.0
1606469678.78	160000	22.671567	0.0	17718949	125	160.0
1606469679.05	160000	23.39929	0.0	17337137	110	160.0
1606469679.37	160000	24.080974	0.0	20008245	142	160.0
1606469680.17	160000	24.288425	0.0	58430914	415	160.0
1606469680.45	160000	25.00179	0.0	16292703	118	160.0
1606469680.84	160000	25.611318	0.0	25587422	186	160.0
1606469681.19	160000	26.268743	0.0	23982306	149	160.0
1606469681.41	160000	27.045244	0.0	13347845	71	160.0
1606469681.64	160000	27.819951	0.0	14337991	83	160.0
1606469681.87	160000	28.590083	0.0	14584990	85	160.0
1606469682.09	160000	29.364205	0.0	13962401	85	160.0
1606469682.33	160000	30.130041	0.0	14393788	88	160.0
1606469682.56	160000	30.895752	0.0	14649457	90	160.0
1606469682.79	160000	31.671975	0.0	13409715	82	160.0
1606469683.03	160000	32.44444	0.0	13909605	85	160.0
1606469683.26	160000	33.203481	0.0	13301968	89	160.0
1606469683.57	160000	33.894022	0.0	19025846	125	160.0
1606469683.88	160000	34.589134	0.0	19295426	130	160.0
1606469684.17	160000	35.297314	0.0	18261873	119	160.0
1606469684.48	160000	35.987157	0.0	19847604	128	160.0
1606469684.77	160000	36.697984	0.0	18767181	121	160.0
1606469685.11	160000	37.362002	0.0	22420858	145	160.0
1606469685.42	160000	38.046403	0.0	19324333	124	160.0
1606469685.73	160000	38.737205	0.0	20392234	132	160.0
1606469685.9	160000	39.572894	0.0	7671072	49	160.0
1606469686.18	160000	40.293558	0.0	17781906	116	160.0
1606469686.41	160000	41.068626	0.0	12839336	85	160.0
1606469686.61	160000	41.867923	0.0	10779770	71	160.0
1606469686.85	160000	42.628348	0.0	14606687	96	160.0
1606469687.43	160000	43.042993	0.0	41866951	272	160.0
1606469687.96	160000	43.514175	0.0	37238410	241	160.0
1606469688.2	160000	44.279316	0.0	14347759	88	160.0
1606469688.4	160000	45.077333	0.0	11399187	70	160.0
1606469688.6	160000	45.880579	0.0	10358641	63	160.0
1606469688.84	160000	46.646185	0.0	14315696	87	160.0
1606469689.18	160000	47.298969	0.0	23283631	142	160.0
1606469689.69	160000	47.791463	0.0	37521367	228	160.0
1606469690.02	160000	48.464875	0.0	22241104	134	160.0
1606469690.28	160000	49.202894	0.0	15813346	94	160.0
1606469690.55	160000	49.941832	0.0	17116450	101	160.0
1606469690.83	160000	50.663276	0.0	18867054	111	160.0
1606469691.12	160000	51.373092	0.0	17393609	112	160.0
1606469691.47	160000	52.018777	0.0	24759401	144	160.0
1606469691.82	160000	52.66895	0.0	25782433	147	160.0
1606469692.2	160000	53.291923	0.0	25885372	149	160.0
1606469692.57	160000	53.918822	0.0	26242011	159	160.0
1606469692.94	160000	54.55116	0.0	23865378	142	160.0
1606469693.32	160000	55.173815	0.0	25470681	161	160.0
1606469693.72	160000	55.771254	0.0	27258768	166	160.0
1606469694.01	160000	56.490571	0.0	17853711	109	160.0
1606469694.24	160000	57.253663	0.0	14829893	88	160.0
1606469694.64	160000	57.86327	0.0	27779697	165	160.0
1606469695.03	160000	58.474953	0.0	27714923	164	160.0
1606469695.46	160000	59.039462	0.0	25946474	200	160.0
1606469695.8	160000	59.704601	0.0	19596259	153	160.0
1606469696.69	160000	59.907638	0.0	23774167	186	160.0
1606469698.02	160000	59.658619	0.0	19373656	149	160.0
1606469698.95	160000	59.659688	0.0	23977420	230	160.0
1606469699.87	160000	59.660668	0.0	24493733	220	160.0
1606469700.64	160000	59.91098	0.0	14528511	119	160.0
1606469701.91	160000	59.662663	0.0	16841176	99	160.0
1606469702.69	160000	59.913654	0.0	16743604	119	160.0
1606469704.01	160000	59.664657	0.0	17975224	152	160.0
1606469706.19	160000	58.317068	0.0	22329548	1987	160.0
1606469707.28	160000	58.23212	0.0	16001583	927	160.0
1606469707.75	160000	58.76272	0.0	18238584	295	160.0
1606469708.27	160000	59.240995	0.0	21308824	333	160.0
1606469708.64	160000	59.872245	0.0	17749058	193	160.0
1606469709.94	160000	59.67063	0.0	14127787	153	160.0
1606469710.54	160000	59.980871	0.0	17525699	426	160.0
1606469711.76	160000	59.922745	0.0	14240042	578	160.0
1606469712.83	160000	59.923628	0.0	20324139	389	160.0
1606469713.96	160000	59.674667	0.0	21993033	436	160.0
1606469715.01	160000	59.675696	0.0	18863108	376	160.0
1606469715.6	160000	59.920864	0.0	15964734	427	160.0
1606469716.95	160000	59.677681	0.0	8284939	235	160.0
1606469720.3	160000	57.224692	0.0	9004706	3214	160.0
1606469720.97	160000	57.553518	0.0	6955279	560	160.0
1606469721.87	160000	57.660641	0.0	10701639	765	160.0
1606469722.39	160000	58.137553	0.0	9459459	400	160.0
1606469722.56	160000	58.980657	0.0	3212828	67	160.0
1606469722.69	160000	59.841889	0.0	2509989	53	160.0
1606469723.8	160000	59.934657	0.0	2004927	42	160.0
1606469724.85	160000	59.685751	0.0	591360	7	160.0
1606469726.43	160000	59.620434	0.0	2394426	31	160.0
1606469726.8	40000	1.000999	0.032	336477	3	-5.119999999999997
1606469727.18	160000	1.962112	0.0	14912671	149	40.0
1606469727.71	160000	2.436081	0.0	24265636	247	160.0
1606469728.16	160000	2.989747	0.0	22711544	229	160.0
1606469728.57	160000	3.578565	0.0	19639705	229	160.0
1606469729.01	160000	4.203272	0.0	20946809	250	160.0
1606469729.31	160000	4.943448	0.0	11895609	142	160.0
1606469729.48	160000	5.761614	0.0	7597636	58	160.0
1606469730.47	160000	5.824899	0.0	56067905	443	160.0
1606469731.24	160000	6.078838	0.0	45444680	463	160.0
1606469732.11	160000	6.242703	0.0	54798068	512	160.0
1606469733.36	160000	5.988388	0.0	69464107	728	160.0
1606469734.16	160000	6.192964	0.0	50637608	453	160.0
1606469734.5	160000	6.848619	0.0	19559369	154	160.0
1606469734.86	160000	7.489102	0.0	22224402	164	160.0
1606469735.24	160000	8.112854	0.0	22578365	166	160.0
1606469735.42	160000	8.939893	0.0	8346702	53	160.0
1606469735.68	160000	9.677623	0.0	15775481	101	160.0
1606469735.86	160000	10.49749	0.0	9163235	58	160.0
1606469736.42	160000	10.939112	0.0	41307095	264	160.0
1606469736.89	160000	11.471354	0.0	28763893	219	160.0
1606469737.25	160000	12.110213	0.0	21266416	162	160.0
1606469737.61	160000	12.750659	0.0	23702229	141	160.0
1606469738.0	160000	13.360252	0.0	27580394	166	160.0
1606469738.33	160000	14.038524	0.0	20329780	121	160.0
1606469738.61	160000	14.74983	0.0	16109183	130	160.0
1606469739.51	160000	14.883444	0.0	58830800	474	160.0
1606469740.58	160000	14.815028	0.0	66935122	632	160.0
1606469740.88	160000	15.510493	0.0	15251076	145	160.0
1606469741.21	160000	16.184211	0.0	16574034	161	160.0
