1629494071.83	40000	1.000999	0.035	334476	23	-5.600000000000001
1629494072.79	20000	1.437239	0.11	11007815	827	-17.6
1629494073.56	20000	1.668764	0.0	8849724	718	20.0
1629494073.83	20000	2.422341	0.0	3191121	240	20.0
1629494073.97	20000	3.288866	0.0	1661718	112	20.0
1629494074.08	20000	4.174965	0.0	1315024	88	20.0
1629494074.39	60000	4.892366	0.0	4014386	272	20.0
1629494074.99	160000	5.293599	0.0	7597636	546	60.0
1629494076.62	60000	4.670067	0.0	17832465	1498	-40.0
1629494077.52	60000	4.765191	0.0	9877442	839	60.0
1629494078.41	60000	4.875525	0.0	10988410	823	60.0
1629494078.88	20000	5.410476	0.0	5571764	422	-20.0
1629494080.11	60000	5.173649	0.0	13601559	1140	20.0
1629494081.89	160000	4.404178	0.0	19559369	1622	60.0
1629494082.42	160000	4.869933	0.0	22224402	407	160.0
1629494082.94	160000	5.349312	0.0	22578365	397	160.0
1629494083.12	160000	6.171633	0.0	8346702	125	160.0
1629494083.47	160000	6.823338	0.0	15775481	246	160.0
1629494083.67	160000	7.626889	0.0	9163235	138	160.0
1629494085.41	160000	6.893943	0.0	41307095	1347	160.0
1629494087.83	160000	5.463944	0.0	28763893	2250	160.0
1629494089.49	160000	4.810446	0.0	21266416	1516	160.0
1629494090.63	160000	4.671625	0.0	23702229	1013	160.0
1629494091.44	160000	4.854134	0.0	27580394	691	160.0
1629494092.0	160000	5.307449	0.0	20329780	421	160.0
1629494092.34	160000	5.957411	0.0	16109183	238	160.0
1629494093.57	160000	5.728926	0.0	58830800	814	160.0
1629494094.73	160000	5.569572	0.0	66935122	802	160.0
1629494095.0	160000	6.304764	0.0	15251076	173	160.0
1629494095.28	160000	7.023513	0.0	16574034	180	160.0
1629494095.51	160000	7.80641	0.0	13009028	140	160.0
1629494095.72	160000	8.588754	0.0	12791674	139	160.0
1629494095.94	160000	9.373699	0.0	11137898	147	160.0
1629494096.23	160000	10.075785	0.0	11485310	228	160.0
1629494096.55	160000	10.757142	0.0	12428518	247	160.0
1629494096.81	160000	11.498841	0.0	9963766	198	160.0
1629494100.44	160000	8.876266	0.0	12189364	3546	160.0
1629494102.6	160000	7.712255	0.0	10142396	2104	160.0
1629494103.46	160000	7.855266	0.0	10185488	791	160.0
1629494104.54	160000	7.77424	0.0	14061455	1002	160.0
1629494106.27	160000	7.044749	0.0	20074099	1615	160.0
1629494110.59	160000	3.728773	0.0	46115254	4020	160.0
1629494111.98	60000	3.344531	0.0	17639418	1281	-40.0
1629494112.68	160000	3.637088	0.0	7891151	646	60.0
1629494113.39	60000	3.930582	0.0	9032460	648	-40.0
1629494114.06	60000	4.262256	0.0	8531701	613	60.0
1629494114.73	60000	4.588056	0.0	6264914	630	60.0
1629494115.24	60000	5.083898	0.0	5629782	465	60.0
1629494115.66	60000	5.666858	0.0	5045231	378	60.0
1629494116.32	160000	6.008817	0.0	6958676	601	60.0
1629494117.17	160000	6.160303	0.0	9088791	793	160.0
1629494117.71	160000	6.617151	0.0	7211881	493	160.0
1629494117.95	160000	7.378734	0.0	3063586	209	160.0
1629494118.18	160000	8.151476	0.0	2782179	199	160.0
1629494118.97	160000	8.364567	0.0	9958410	716	160.0
1629494120.21	160000	8.12521	0.0	12158708	1170	160.0
1629494121.15	160000	8.182426	0.0	12300216	872	160.0
1629494122.4	160000	7.934828	0.0	15815684	1157	160.0
1629494123.47	160000	7.8597	0.0	13526256	993	160.0
1629494124.47	160000	7.861339	0.0	11995130	924	160.0
1629494125.59	160000	7.749106	0.0	13394791	1039	160.0
1629494126.82	160000	7.520241	0.0	14135828	1154	160.0
1629494128.06	160000	7.276673	0.0	15366126	1159	160.0
1629494129.16	160000	7.176563	0.0	14248439	1020	160.0
1629494130.38	160000	6.962934	0.0	13843717	1129	160.0
1629494131.64	160000	6.701965	0.0	14665119	1175	160.0
1629494133.45	160000	5.892438	0.0	21079187	1690	160.0
1629494135.48	160000	4.859944	0.0	25480074	1858	160.0
1629494137.7	160000	3.642118	0.0	23021754	2082	160.0
1629494138.39	60000	3.950769	0.0	10340109	625	-40.0
1629494138.95	60000	4.397217	0.0	9558538	493	60.0
1629494139.79	160000	4.55504	0.0	17849379	737	60.0
1629494140.41	160000	4.934281	0.0	16546531	528	160.0
1629494141.01	160000	5.338931	0.0	17718949	485	160.0
1629494141.49	160000	5.859016	0.0	17337137	360	160.0
1629494142.03	160000	6.32092	0.0	20008245	411	160.0
1629494143.39	160000	5.957306	0.0	58430914	1053	160.0
1629494143.81	160000	6.547315	0.0	16292703	300	160.0
1629494144.5	160000	6.857476	0.0	25587422	554	160.0
1629494145.37	160000	6.983549	0.0	23982306	745	160.0
1629494146.3	160000	7.056505	0.0	13347845	851	160.0
1629494146.74	160000	7.612483	0.0	14337991	366	160.0
1629494147.19	160000	8.16621	0.0	14584990	362	160.0
1629494147.56	160000	8.796091	0.0	13962401	293	160.0
1629494147.95	160000	9.413238	0.0	14393788	302	160.0
1629494148.32	160000	10.040391	0.0	14649457	291	160.0
1629494148.65	160000	10.707547	0.0	13409715	260	160.0
1629494149.0	160000	11.364338	0.0	13909605	269	160.0
1629494149.73	160000	11.630662	0.0	13301968	663	160.0
1629494152.56	160000	9.806944	0.0	19025846	2720	160.0
1629494153.97	160000	9.396047	0.0	19295426	1306	160.0
1629494154.74	160000	9.625542	0.0	18261873	662	160.0
1629494155.52	160000	9.846732	0.0	19847604	650	160.0
1629494156.23	160000	10.136287	0.0	18767181	602	160.0
1629494156.88	160000	10.488993	0.0	22420858	536	160.0
1629494157.43	160000	10.939755	0.0	19324333	449	160.0
1629494158.01	160000	11.359485	0.0	20392234	462	160.0
1629494158.25	160000	12.125205	0.0	7671072	180	160.0
1629494158.74	160000	12.63809	0.0	17781906	384	160.0
1629494159.09	160000	13.283358	0.0	12839336	278	160.0
1629494159.4	160000	13.979913	0.0	10779770	240	160.0
1629494159.81	160000	14.57041	0.0	14606687	327	160.0
1629494160.95	160000	14.428701	0.0	41866951	902	160.0
1629494161.95	160000	14.426069	0.0	37238410	792	160.0
1629494162.32	160000	15.05926	0.0	14347759	285	160.0
1629494162.59	160000	15.793487	0.0	11399187	203	160.0
1629494162.84	160000	16.543345	0.0	10358641	182	160.0
1629494163.18	160000	17.20576	0.0	14315696	252	160.0
1629494163.67	160000	17.709834	0.0	23283631	388	160.0
1629494164.5	160000	17.883783	0.0	37521367	628	160.0
1629494164.99	160000	18.399904	0.0	22241104	375	160.0
1629494165.34	160000	19.043369	0.0	15813346	255	160.0
1629494165.71	160000	19.679542	0.0	17116450	258	160.0
1629494166.11	160000	20.277417	0.0	18867054	283	160.0
1629494166.47	160000	20.923341	0.0	17393609	255	160.0
1629494166.96	160000	21.426885	0.0	24759401	364	160.0
1629494167.49	160000	21.904942	0.0	25782433	372	160.0
1629494167.99	160000	22.39971	0.0	25885372	374	160.0
1629494168.51	160000	22.885422	0.0	26242011	373	160.0
1629494168.97	160000	23.425188	0.0	23865378	340	160.0
1629494169.43	160000	23.964845	0.0	25470681	339	160.0
1629494169.96	160000	24.450356	0.0	27258768	326	160.0
1629494170.27	160000	25.132094	0.0	17853711	208	160.0
1629494170.53	160000	25.868719	0.0	14829893	181	160.0
1629494171.03	160000	26.378015	0.0	27779697	338	160.0
1629494171.55	160000	26.8531	0.0	27714923	379	160.0
1629494172.09	160000	27.308614	0.0	25946474	385	160.0
1629494172.46	160000	27.944433	0.0	19596259	254	160.0
1629494172.87	160000	28.538584	0.0	23774167	290	160.0
1629494173.21	160000	29.190727	0.0	19373656	237	160.0
1629494173.62	160000	29.782712	0.0	23977420	267	160.0
1629494174.02	160000	30.38493	0.0	24493733	273	160.0
1629494174.27	160000	31.136903	0.0	14528511	162	160.0
1629494174.53	160000	31.878605	0.0	16841176	163	160.0
1629494174.79	160000	32.615726	0.0	16743604	162	160.0
1629494175.07	160000	33.348085	0.0	17975224	178	160.0
1629494175.45	160000	33.96038	0.0	22329548	247	160.0
1629494175.75	160000	34.667447	0.0	16001583	209	160.0
1629494176.09	160000	35.322436	0.0	18238584	240	160.0
1629494176.51	160000	35.900196	0.0	21308824	296	160.0
1629494176.86	160000	36.554722	0.0	17749058	249	160.0
1629494177.15	160000	37.26883	0.0	14127787	204	160.0
1629494177.45	160000	37.969563	0.0	17525699	213	160.0
1629494177.7	160000	38.71958	0.0	14240042	164	160.0
1629494178.05	160000	39.376986	0.0	20324139	233	160.0
1629494178.43	160000	39.991314	0.0	21993033	246	160.0
1629494178.75	160000	40.671963	0.0	18863108	203	160.0
1629494179.02	160000	41.398247	0.0	15964734	175	160.0
1629494179.17	160000	42.258578	0.0	8284939	89	160.0
1629494179.32	160000	43.105262	0.0	9004706	99	160.0
1629494179.44	160000	43.981059	0.0	6955279	78	160.0
1629494179.63	160000	44.798577	0.0	10701639	120	160.0
1629494179.79	160000	45.636804	0.0	9459459	107	160.0
1629494179.86	160000	46.572178	0.0	3212828	37	160.0
1629494179.91	160000	47.518495	0.0	2509989	28	160.0
1629494179.96	160000	48.473033	0.0	2004927	23	160.0
1629494179.99	160000	49.444353	0.0	591360	7	160.0
1629494180.04	160000	50.827643	0.0	2394426	26	160.0
1629494180.31	40000	1.000999	0.034	336477	2	-5.439999999999998
1629494180.66	160000	2.001999	0.0	14912671	165	40.0
1629494181.15	160000	2.565935	0.0	24265636	267	160.0
1629494181.54	160000	3.173134	0.0	22711544	263	160.0
1629494181.88	160000	3.833811	0.0	19639705	234	160.0
1629494182.25	160000	4.496323	0.0	20946809	249	160.0
1629494182.47	160000	5.316379	0.0	11895609	147	160.0
1629494182.61	160000	6.17696	0.0	7597636	93	160.0
1629494183.76	160000	6.093851	0.0	56067905	739	160.0
1629494185.23	160000	5.708613	0.0	45444680	1243	160.0
1629494186.5	160000	5.446726	0.0	54798068	1038	160.0
1629494196.16	160000	1.280682	4.5	69464107	9363	-560.0
1629494198.08	160000	1.281489	0.921	50637608	1693	12.639999999999986
1629494198.48	160000	1.875829	0.0	19559369	303	160.0
1629494198.92	160000	2.439528	0.0	22224402	308	160.0
1629494199.35	160000	3.009377	0.0	22578365	312	160.0
1629494199.54	160000	3.820162	0.0	8346702	138	160.0
1629494199.89	160000	4.468902	0.0	15775481	262	160.0
1629494200.1	160000	5.26073	0.0	9163235	152	160.0
1629494201.01	160000	5.355874	0.0	41307095	729	160.0
1629494201.68	160000	5.6848	0.0	28763893	499	160.0
1629494202.12	160000	6.242015	0.0	21266416	330	160.0
1629494202.65	160000	6.718833	0.0	23702229	402	160.0
1629494203.29	160000	7.079564	0.0	27580394	518	160.0
1629494207.61	160000	3.756669	0.0	20329780	4193	160.0
1629494209.62	160000	2.750003	0.0	16109183	1917	160.0
1629494213.09	160000	1.460109	1.188	58830800	3249	-30.080000000000013
1629494215.04	60000	1.399094	0.883	29587565	1795	-181.28
1629494216.32	160000	1.282528	0.168	15251076	1211	33.120000000000005
1629494217.07	160000	1.54108	0.0	16574034	653	160.0
1629494217.6	160000	2.004508	0.0	13009028	464	160.0
1629494218.08	160000	2.530135	0.0	12791674	406	160.0
1629494218.49	160000	3.114945	0.0	11137898	354	160.0
1629494218.94	160000	3.673061	0.0	11485310	373	160.0
1629494219.41	160000	4.200223	0.0	12428518	404	160.0
1629494219.75	160000	4.860537	0.0	9963766	281	160.0
1629494220.17	160000	5.446095	0.0	12189364	348	160.0
1629494220.52	160000	6.102106	0.0	10142396	288	160.0
1629494220.88	160000	6.736019	0.0	10185488	304	160.0
1629494221.37	160000	7.243747	0.0	14061455	420	160.0
1629494222.01	160000	7.611195	0.0	20074099	527	160.0
1629494223.53	160000	7.083965	0.0	46115254	1307	160.0
1629494225.01	160000	6.613343	0.0	40906522	1261	160.0
1629494225.27	160000	7.350291	0.0	7891151	216	160.0
1629494225.89	160000	7.72778	0.0	21012466	513	160.0
1629494226.55	160000	8.069584	0.0	23519424	548	160.0
1629494227.14	160000	8.485859	0.0	18715420	482	160.0
1629494227.66	160000	8.972674	0.0	17000816	416	160.0
1629494228.07	160000	9.558425	0.0	14448126	316	160.0
1629494228.28	160000	10.349818	0.0	6958676	164	160.0
1629494228.53	160000	11.094998	0.0	9088791	200	160.0
1629494228.75	160000	11.880413	0.0	7211881	168	160.0
1629494228.85	160000	12.780555	0.0	3063586	72	160.0
1629494228.94	160000	13.689595	0.0	2782179	65	160.0
1629494229.23	160000	14.40065	0.0	9958410	232	160.0
1629494229.57	160000	15.063145	0.0	12158708	273	160.0
1629494229.88	160000	15.754136	0.0	12300216	241	160.0
1629494230.28	160000	16.351281	0.0	15815684	311	160.0
1629494230.61	160000	17.022532	0.0	13526256	261	160.0
1629494230.9	160000	17.731978	0.0	11995130	223	160.0
1629494231.23	160000	18.408896	0.0	13394791	251	160.0
1629494231.57	160000	19.063721	0.0	14135828	265	160.0
1629494231.95	160000	19.696536	0.0	15366126	292	160.0
1629494232.3	160000	20.344741	0.0	14248439	271	160.0
1629494232.63	160000	21.011044	0.0	13843717	260	160.0
1629494232.98	160000	21.666641	0.0	14665119	268	160.0
1629494233.48	160000	22.166763	0.0	21079187	383	160.0
1629494234.02	160000	22.622978	0.0	25480074	430	160.0
1629494234.53	160000	23.121213	0.0	23021754	389	160.0
1629494235.16	160000	23.487295	0.0	27527834	488	160.0
1629494235.76	160000	23.884518	0.0	26155848	454	160.0
1629494236.13	160000	24.520134	0.0	17849379	268	160.0
1629494236.47	160000	25.17401	0.0	16546531	248	160.0
1629494236.82	160000	25.824945	0.0	17718949	245	160.0
1629494237.16	160000	26.491023	0.0	17337137	240	160.0
1629494237.56	160000	27.093687	0.0	20008245	288	160.0
1629494238.68	160000	26.968045	0.0	58430914	837	160.0
1629494239.0	160000	27.657234	0.0	16292703	203	160.0
1629494239.45	160000	28.206242	0.0	25587422	321	160.0
1629494239.84	160000	28.817724	0.0	23982306	251	160.0
1629494240.04	160000	29.615016	0.0	13347845	134	160.0
1629494240.26	160000	30.399838	0.0	14337991	144	160.0
1629494240.48	160000	31.174973	0.0	14584990	147	160.0
1629494240.71	160000	31.953428	0.0	13962401	149	160.0
1629494240.94	160000	32.716752	0.0	14393788	153	160.0
1629494241.18	160000	33.481243	0.0	14649457	157	160.0
1629494241.4	160000	34.26328	0.0	13409715	144	160.0
1629494241.61	160000	35.050889	0.0	13909605	140	160.0
1629494241.79	160000	35.870863	0.0	13301968	110	160.0
1629494242.06	160000	36.60367	0.0	19025846	158	160.0
1629494242.32	160000	37.343317	0.0	19295426	160	160.0
1629494242.57	160000	38.094281	0.0	18261873	152	160.0
1629494242.92	160000	38.744531	0.0	19847604	237	160.0
1629494243.25	160000	39.418542	0.0	18767181	224	160.0
1629494243.63	160000	40.044157	0.0	22420858	266	160.0
1629494243.93	160000	40.737436	0.0	19324333	204	160.0
1629494244.26	160000	41.415766	0.0	20392234	216	160.0
1629494244.39	160000	42.286999	0.0	7671072	81	160.0
1629494244.66	160000	43.010027	0.0	17781906	192	160.0
1629494244.88	160000	43.799344	0.0	12839336	145	160.0
1629494245.06	160000	44.617425	0.0	10779770	122	160.0
1629494245.31	160000	45.371621	0.0	14606687	174	160.0
1629494245.97	160000	45.707396	0.0	41866951	479	160.0
1629494246.61	160000	46.073736	0.0	37238410	430	160.0
1629494246.82	160000	46.861328	0.0	14347759	142	160.0
1629494247.0	160000	47.683504	0.0	11399187	113	160.0
1629494247.16	160000	48.51925	0.0	10358641	102	160.0
1629494247.38	160000	49.29961	0.0	14315696	145	160.0
1629494247.73	160000	49.950857	0.0	23283631	233	160.0
1629494248.32	160000	50.362279	0.0	37521367	390	160.0
1629494248.66	160000	51.025161	0.0	22241104	234	160.0
1629494248.94	160000	51.746968	0.0	15813346	194	160.0
1629494249.25	160000	52.443199	0.0	17116450	209	160.0
1629494249.57	160000	53.121217	0.0	18867054	232	160.0
1629494250.02	160000	53.667715	0.0	17393609	359	160.0
1629494250.67	160000	54.022849	0.0	24759401	512	160.0
