1629301563.69	40000	1.000999	0.051	334476	28	-8.16
1629301564.81	20000	1.463307	0.216	11007815	982	-34.56
1629301565.55	20000	1.722848	0.0	8849724	684	20.0
1629301566.61	160000	1.715375	0.0	22711544	866	20.0
1629301567.74	160000	1.618237	0.0	19639705	1020	160.0
1629301571.4	160000	1.27493	2.258	20946809	3552	-201.27999999999997
1629301572.31	160000	1.360514	0.0	11895609	842	160.0
1629301572.96	160000	1.713829	0.0	7597636	599	160.0
1629301573.36	20000	2.309469	0.0	4047415	370	-120.0
1629301573.65	20000	3.022631	0.0	2863079	261	20.0
1629301573.98	20000	3.696139	0.0	4167844	292	20.0
1629301574.41	20000	4.262925	0.0	5571764	390	20.0
1629301574.8	20000	4.878489	0.0	4925652	348	20.0
1629301576.41	160000	4.272001	0.0	19559369	1492	20.0
1629301578.09	160000	3.595874	0.0	22224402	1557	160.0
1629301579.43	160000	3.255239	0.0	22578365	1201	160.0
1629301580.39	160000	3.287968	0.0	8346702	913	160.0
1629301583.58	160000	1.266447	0.163	15775481	3094	133.92000000000002
1629301584.03	160000	1.822389	0.0	9163235	383	160.0
1629301585.47	160000	1.373748	0.0	41307095	1093	160.0
1629301586.17	160000	1.684167	0.0	28763893	515	160.0
1629301586.67	160000	2.184897	0.0	21266416	353	160.0
1629301587.18	160000	2.668605	0.0	23702229	367	160.0
1629301587.77	160000	3.0868	0.0	27580394	422	160.0
1629301588.19	160000	3.666851	0.0	20329780	292	160.0
1629301588.51	160000	4.34194	0.0	16109183	231	160.0
1629301598.56	160000	1.459183	6.169	58830800	9632	-827.04
1629301604.15	160000	1.379167	4.513	66935122	5242	-562.08
1629301605.0	160000	1.529617	0.0	15251076	762	160.0
1629301605.64	160000	1.899492	0.0	16574034	525	160.0
1629301606.07	160000	2.47671	0.0	13009028	341	160.0
1629301606.44	160000	3.098065	0.0	12791674	288	160.0
1629301606.76	160000	3.777907	0.0	11137898	255	160.0
1629301607.08	160000	4.456288	0.0	11485310	251	160.0
1629301607.43	160000	5.110243	0.0	12428518	270	160.0
1629301607.71	160000	5.828469	0.0	9963766	217	160.0
1629301608.11	160000	6.428801	0.0	12189364	325	160.0
1629301608.48	160000	7.063664	0.0	10142396	301	160.0
1629301608.85	160000	7.696105	0.0	10185488	301	160.0
1629301609.9	160000	7.640837	0.0	14061455	971	160.0
1629301611.64	160000	6.899713	0.0	20074099	1625	160.0
1629301613.48	160000	6.070643	0.0	46115254	1562	160.0
1629301614.52	160000	6.027246	0.0	40906522	816	160.0
1629301614.72	160000	6.82366	0.0	7891151	153	160.0
1629301615.22	160000	7.331918	0.0	21012466	368	160.0
1629301615.75	160000	7.802673	0.0	23519424	393	160.0
1629301616.18	160000	8.368818	0.0	18715420	317	160.0
1629301616.58	160000	8.975086	0.0	17000816	289	160.0
1629301616.92	160000	9.636986	0.0	14448126	246	160.0
1629301617.1	160000	10.457578	0.0	6958676	125	160.0
1629301617.32	160000	11.232939	0.0	9088791	163	160.0
1629301617.51	160000	12.049872	0.0	7211881	130	160.0
1629301617.59	160000	12.965216	0.0	3063586	55	160.0
1629301617.67	160000	13.886361	0.0	2782179	50	160.0
1629301617.92	160000	14.641756	0.0	9958410	180	160.0
1629301618.19	160000	15.369867	0.0	12158708	201	160.0
1629301618.47	160000	16.092775	0.0	12300216	204	160.0
1629301618.82	160000	16.74097	0.0	15815684	260	160.0
1629301619.12	160000	17.444607	0.0	13526256	215	160.0
1629301619.39	160000	18.177633	0.0	11995130	191	160.0
1629301619.68	160000	18.887917	0.0	13394791	213	160.0
1629301619.99	160000	19.578835	0.0	14135828	222	160.0
1629301620.32	160000	20.24654	0.0	15366126	247	160.0
1629301620.63	160000	20.93915	0.0	14248439	229	160.0
1629301620.93	160000	21.639716	0.0	13843717	222	160.0
1629301621.25	160000	22.316306	0.0	14665119	230	160.0
1629301621.71	160000	22.864095	0.0	21079187	333	160.0
1629301622.24	160000	23.327546	0.0	25480074	394	160.0
1629301622.75	160000	23.831905	0.0	23021754	352	160.0
1629301623.29	160000	24.286473	0.0	27527834	380	160.0
1629301623.8	160000	24.782794	0.0	26155848	350	160.0
1629301624.14	160000	25.440878	0.0	17849379	225	160.0
1629301624.44	160000	26.140005	0.0	16546531	206	160.0
1629301624.76	160000	26.813728	0.0	17718949	221	160.0
1629301625.08	160000	27.499108	0.0	17337137	215	160.0
1629301625.44	160000	28.136105	0.0	20008245	249	160.0
1629301626.47	160000	28.111827	0.0	58430914	699	160.0
1629301626.76	160000	28.82609	0.0	16292703	183	160.0
1629301627.17	160000	29.412167	0.0	25587422	271	160.0
1629301627.55	160000	30.034431	0.0	23982306	240	160.0
1629301627.77	160000	30.817728	0.0	13347845	134	160.0
1629301627.99	160000	31.593455	0.0	14337991	143	160.0
1629301628.21	160000	32.376689	0.0	14584990	133	160.0
1629301628.42	160000	33.167812	0.0	13962401	126	160.0
1629301628.64	160000	33.954514	0.0	14393788	131	160.0
1629301628.86	160000	34.735311	0.0	14649457	133	160.0
1629301629.09	160000	35.49631	0.0	13409715	151	160.0
1629301629.37	160000	36.226247	0.0	13909605	184	160.0
1629301629.62	160000	36.974242	0.0	13301968	176	160.0
1629301630.0	160000	37.604961	0.0	19025846	253	160.0
1629301630.3	160000	38.300205	0.0	19295426	187	160.0
1629301630.58	160000	39.012055	0.0	18261873	178	160.0
1629301630.9	160000	39.692659	0.0	19847604	194	160.0
1629301631.21	160000	40.390372	0.0	18767181	194	160.0
1629301631.57	160000	41.02818	0.0	22420858	232	160.0
1629301631.89	160000	41.70841	0.0	19324333	200	160.0
1629301632.23	160000	42.372605	0.0	20392234	226	160.0
1629301632.37	160000	43.23374	0.0	7671072	87	160.0
1629301632.68	160000	43.929248	0.0	17781906	201	160.0
1629301632.9	160000	44.699968	0.0	12839336	143	160.0
1629301633.12	160000	45.480402	0.0	10779770	156	160.0
1629301633.43	160000	46.179708	0.0	14606687	221	160.0
1629301634.32	160000	46.282023	0.0	41866951	658	160.0
1629301636.24	160000	45.363874	0.0	37238410	1695	160.0
1629301637.4	160000	45.210102	0.0	14347759	1070	160.0
1629301638.66	160000	44.954433	0.0	11399187	1184	160.0
1629301639.69	160000	44.923612	0.0	10358641	966	160.0
1629301640.99	160000	44.618327	0.0	14315696	1225	160.0
1629301641.66	160000	44.950713	0.0	23283631	540	160.0
1629301643.04	160000	44.572231	0.0	37521367	1154	160.0
1629301643.8	160000	44.815811	0.0	22241104	628	160.0
1629301644.67	160000	44.943971	0.0	15813346	761	160.0
1629301645.54	160000	45.074579	0.0	17116450	767	160.0
1629301646.32	160000	45.294913	0.0	18867054	673	160.0
1629301646.97	160000	45.653288	0.0	17393609	541	160.0
1629301648.44	160000	45.180287	0.0	24759401	1323	160.0
1629301650.03	160000	44.591041	0.0	25782433	1450	160.0
1629301652.98	160000	42.640158	0.0	25885372	2792	160.0
1629301655.46	160000	41.158984	0.0	26242011	2334	160.0
1629301656.61	160000	41.016612	0.0	23865378	992	160.0
1629301657.37	160000	41.250161	0.0	25470681	630	160.0
1629301658.15	160000	41.4739	0.0	27258768	604	160.0
1629301658.59	160000	42.03611	0.0	17853711	336	160.0
1629301658.95	160000	42.673739	0.0	14829893	278	160.0
1629301659.69	160000	42.9335	0.0	27779697	586	160.0
1629301660.47	160000	43.16281	0.0	27714923	620	160.0
1629301661.23	160000	43.403226	0.0	25946474	607	160.0
1629301661.76	160000	43.867555	0.0	19596259	424	160.0
1629301662.4	160000	44.232856	0.0	23774167	502	160.0
1629301662.91	160000	44.719612	0.0	19373656	400	160.0
1629301663.56	160000	45.079144	0.0	23977420	507	160.0
1629301664.22	160000	45.414033	0.0	24493733	526	160.0
1629301664.6	160000	46.040753	0.0	14528511	290	160.0
1629301665.03	160000	46.60506	0.0	16841176	336	160.0
1629301665.46	160000	47.180958	0.0	16743604	323	160.0
1629301665.92	160000	47.726186	0.0	17975224	347	160.0
1629301666.45	160000	48.19173	0.0	22329548	409	160.0
1629301666.83	160000	48.813104	0.0	16001583	284	160.0
1629301667.26	160000	49.383688	0.0	18238584	324	160.0
1629301667.77	160000	49.877691	0.0	21308824	378	160.0
1629301668.19	160000	50.459183	0.0	17749058	315	160.0
1629301668.52	160000	51.127658	0.0	14127787	253	160.0
1629301668.93	160000	51.713298	0.0	17525699	313	160.0
1629301669.27	160000	52.379303	0.0	14240042	250	160.0
1629301669.7	160000	52.945337	0.0	20324139	316	160.0
1629301670.18	160000	53.474234	0.0	21993033	341	160.0
1629301670.57	160000	54.079026	0.0	18863108	283	160.0
1629301670.9	160000	54.746622	0.0	15964734	239	160.0
1629301671.09	160000	55.567481	0.0	8284939	124	160.0
1629301671.29	160000	56.366694	0.0	9004706	138	160.0
1629301671.44	160000	57.214773	0.0	6955279	107	160.0
1629301671.67	160000	57.987315	0.0	10701639	165	160.0
1629301671.87	160000	58.783622	0.0	9459459	146	160.0
1629301671.95	160000	59.70551	0.0	3212828	50	160.0
1629301673.02	160000	59.77071	0.0	2509989	38	160.0
1629301674.07	160000	59.771702	0.0	2004927	28	160.0
1629301675.1	160000	59.772684	0.0	591360	7	160.0
1629301676.16	160000	59.957408	0.0	2394426	32	160.0
1629301676.51	40000	1.000999	0.032	336477	5	-5.119999999999997
1629301676.91	160000	1.943434	0.0	14912671	217	40.0
1629301677.47	160000	2.378411	0.0	24265636	353	160.0
1629301677.94	160000	2.915859	0.0	22711544	325	160.0
1629301678.52	160000	3.39891	0.0	19639705	456	160.0
1629301679.83	160000	3.165049	0.0	20946809	1189	160.0
1629301680.81	160000	3.235317	0.0	11895609	908	160.0
1629301681.26	160000	3.817425	0.0	7597636	392	160.0
1629301682.71	160000	3.368059	0.0	56067905	986	160.0
1629301683.74	160000	3.339122	0.0	45444680	799	160.0
1629301685.09	160000	2.993087	0.0	54798068	1051	160.0
1629301686.57	160000	2.510059	0.0	69464107	1036	160.0
1629301687.86	160000	2.225223	0.0	50637608	1012	160.0
1629301689.01	160000	2.09806	0.0	19559369	1030	160.0
1629301690.47	160000	1.675829	0.0	22224402	1319	160.0
1629301691.13	160000	2.012623	0.0	22578365	529	160.0
1629301691.37	160000	2.767605	0.0	8346702	187	160.0
1629301691.84	160000	3.309033	0.0	15775481	353	160.0
1629301692.1	160000	4.045191	0.0	9163235	202	160.0
1629301693.21	160000	3.933974	0.0	41307095	897	160.0
1629301693.95	160000	4.201498	0.0	28763893	563	160.0
1629301694.48	160000	4.674545	0.0	21266416	409	160.0
1629301695.07	160000	5.077405	0.0	23702229	445	160.0
1629301695.75	160000	5.40103	0.0	27580394	526	160.0
1629301696.29	160000	5.860801	0.0	20329780	399	160.0
1629301696.71	160000	6.436977	0.0	16109183	324	160.0
1629301698.94	160000	5.21008	0.0	58830800	1877	160.0
1629301702.65	160000	2.502775	0.0	66935122	3354	160.0
