1611120716.54	40000	1.000999	0.022	334476	9	-3.520000000000003
1611120717.15	60000	1.779315	0.0	14898753	452	40.0
1611120717.76	60000	2.17719	0.0	20421673	452	60.0
1611120718.09	60000	2.841385	0.0	13063186	260	60.0
1611120718.34	60000	3.593164	0.0	8954217	195	60.0
1611120718.56	60000	4.445462	0.0	7325507	168	60.0
1611120718.75	80000	5.263845	0.0	6232523	135	60.0
1611120718.9	80000	6.111164	0.0	5425476	117	80.0
1611120720.33	80000	5.758024	0.0	29583867	1177	80.0
1611120721.44	80000	5.66246	0.0	15816325	1013	80.0
1611120721.95	80000	6.153904	0.0	15275967	425	80.0
1611120722.65	80000	6.45393	0.0	20600381	575	80.0
1611120725.42	110000	4.688421	0.0	25684661	2596	80.0
1611120726.07	80000	5.0336	0.0	7412644	606	50.0
1611120726.82	80000	5.283605	0.0	9055732	690	80.0
1611120727.57	80000	5.537803	0.0	9337721	685	80.0
1611120727.84	80000	6.272316	0.0	3201928	237	80.0
1611120728.23	60000	6.883363	0.0	4718233	351	40.0
1611120728.5	60000	7.612911	0.0	3263003	245	60.0
1611120729.9	60000	7.210018	0.0	15945082	1306	60.0
1611120731.36	60000	7.127622	0.0	11785554	1014	60.0
1611120732.07	60000	7.047396	0.0	9003718	648	60.0
1611120733.07	80000	7.047434	0.0	13274781	923	60.0
1611120734.25	80000	6.865779	0.0	14862949	1088	80.0
1611120735.55	80000	6.568613	0.0	10513690	1234	80.0
1611120735.88	60000	7.238635	0.0	6391364	281	40.0
1611120737.99	60000	6.131768	0.0	27018238	1950	60.0
1611120741.64	60000	3.479692	0.0	29587565	3473	60.0
1611120741.99	60000	4.131263	0.0	5395812	310	60.0
1611120742.36	60000	4.75905	0.0	5799553	334	60.0
1611120742.62	60000	5.497733	0.0	4738322	226	60.0
1611120742.87	60000	6.249239	0.0	4764193	214	60.0
1611120743.1	60000	7.028487	0.0	4183888	188	60.0
1611120743.33	60000	7.79935	0.0	4325721	194	60.0
1611120743.54	60000	8.582991	0.0	4668463	182	60.0
1611120743.71	60000	9.418219	0.0	3966453	133	60.0
1611120743.92	60000	10.209745	0.0	5053481	168	60.0
1611120744.13	80000	10.998607	0.0	4960781	165	60.0
1611120744.33	80000	11.800999	0.0	4876023	161	80.0
1611120744.6	80000	12.527134	0.0	7013013	229	80.0
1611120745.0	80000	13.137002	0.0	10250816	330	80.0
1611120745.93	80000	13.206569	0.0	26113743	784	80.0
1611120746.68	80000	13.451711	0.0	22860019	622	80.0
1611120746.87	110000	14.266244	0.0	5545322	144	80.0
1611120747.35	110000	14.787109	0.0	15180886	393	110.0
1611120747.89	110000	15.246512	0.0	16044226	443	110.0
1611120748.32	110000	15.821056	0.0	12394633	351	110.0
1611120748.69	110000	16.458868	0.0	11196580	297	110.0
1611120749.0	110000	17.149134	0.0	9698716	243	110.0
1611120749.15	110000	17.988896	0.0	4738333	119	110.0
1611120749.44	160000	18.69716	0.0	9088791	228	110.0
1611120749.65	160000	19.488498	0.0	7211881	161	160.0
1611120749.75	160000	20.393537	0.0	3063586	68	160.0
1611120749.84	160000	21.308601	0.0	2782179	61	160.0
1611120750.12	160000	22.027418	0.0	9958410	220	160.0
1611120750.46	160000	22.68514	0.0	12158708	266	160.0
1611120750.78	160000	23.36387	0.0	12300216	251	160.0
1611120751.2	160000	23.952587	0.0	15815684	321	160.0
1611120751.55	160000	24.603451	0.0	13526256	274	160.0
1611120751.88	160000	25.274239	0.0	11995130	258	160.0
1611120752.24	160000	25.911327	0.0	13394791	289	160.0
1611120752.62	160000	26.532382	0.0	14135828	296	160.0
1611120752.99	160000	27.168103	0.0	15366126	281	160.0
1611120753.33	160000	27.825533	0.0	14248439	261	160.0
1611120753.67	160000	28.488137	0.0	13843717	259	160.0
1611120754.05	160000	29.108171	0.0	14665119	288	160.0
1611120754.59	160000	29.572033	0.0	21079187	416	160.0
1611120755.22	160000	29.936207	0.0	25480074	497	160.0
1611120755.78	160000	30.381483	0.0	23021754	421	160.0
1611120756.39	160000	30.771697	0.0	27527834	449	160.0
1611120756.98	160000	31.187733	0.0	26155848	433	160.0
1611120757.38	160000	31.787483	0.0	17849379	293	160.0
1611120757.73	160000	32.436019	0.0	16546531	254	160.0
1611120758.08	160000	33.082206	0.0	17718949	249	160.0
1611120758.43	160000	33.736008	0.0	17337137	244	160.0
1611120758.87	160000	34.300832	0.0	20008245	320	160.0
1611120760.68	160000	33.487458	0.0	58430914	1303	160.0
1611120767.29	160000	27.8825	0.0	16292703	6491	160.0
1611120769.15	110000	27.021631	0.0	17560011	1755	60.0
1611120770.05	80000	27.125851	0.0	11975956	821	50.0
1611120770.41	60000	27.760511	0.0	4644666	328	40.0
1611120770.66	40000	28.511398	0.0	3080827	217	20.0
1611120770.95	40000	29.232366	0.0	3535232	252	40.0
1611120771.21	40000	29.965833	0.0	3285443	233	40.0
1611120771.49	40000	30.687735	0.0	3494448	248	40.0
1611120771.77	40000	31.403576	0.0	3529670	257	40.0
1611120772.16	60000	32.013319	0.0	4721651	352	40.0
1611120772.55	60000	32.631933	0.0	4637025	345	60.0
1611120772.93	60000	33.251274	0.0	4630741	344	60.0
1611120773.51	60000	33.66673	0.0	7197388	536	60.0
1611120774.19	60000	33.987127	0.0	8482578	626	60.0
1611120774.89	80000	34.287807	0.0	8798342	642	60.0
1611120775.63	80000	34.55683	0.0	9413866	672	80.0
1611120776.3	80000	34.888355	0.0	8818409	612	80.0
1611120777.17	80000	35.018971	0.0	10884020	803	80.0
1611120778.02	80000	35.162656	0.0	9684889	795	80.0
1611120778.93	80000	35.255788	0.0	10113016	848	80.0
1611120779.24	80000	35.94931	0.0	3986512	277	80.0
1611120779.91	80000	36.282646	0.0	8761637	611	80.0
1611120780.39	80000	36.804539	0.0	6255843	438	80.0
1611120780.81	80000	37.38672	0.0	5347529	378	80.0
1611120781.35	80000	37.8386	0.0	6979884	506	80.0
1611120783.19	80000	37.000981	0.0	22955881	1692	80.0
1611120785.1	80000	36.098945	0.0	19576633	1789	80.0
1611120785.61	80000	36.581853	0.0	6968696	464	80.0
1611120786.03	80000	37.167338	0.0	4651140	381	80.0
1611120786.4	80000	37.793064	0.0	3942750	343	80.0
1611120787.0	80000	38.203272	0.0	6587403	547	80.0
1611120787.82	60000	38.381366	0.0	9611993	756	40.0
1611120789.15	60000	38.047689	0.0	16684805	1242	60.0
1611120789.87	60000	38.334027	0.0	9434694	655	60.0
1611120790.42	60000	38.781089	0.0	6370300	511	60.0
1611120790.99	60000	39.220383	0.0	6846629	513	60.0
1611120791.62	80000	39.581466	0.0	8446369	583	60.0
1611120792.32	80000	39.884633	0.0	7511410	649	80.0
1611120793.36	80000	39.847859	0.0	12247427	962	80.0
1611120794.54	80000	39.668153	0.0	13038195	1104	80.0
1611120795.55	80000	39.65894	0.0	12229430	941	80.0
1611120796.58	80000	39.626275	0.0	12704190	957	80.0
1611120797.62	80000	39.589534	0.0	12007698	969	80.0
1611120798.66	80000	39.547263	0.0	12501375	967	80.0
1611120799.86	80000	39.357601	0.0	13457876	1114	80.0
1611120800.54	80000	39.672154	0.0	8587729	635	80.0
1611120801.09	80000	40.121744	0.0	7067075	507	80.0
1611120802.12	80000	40.099323	0.0	13578682	949	80.0
1611120803.15	80000	40.062627	0.0	13658286	960	80.0
1611120804.26	80000	39.956766	0.0	13106871	1027	80.0
1611120805.13	80000	40.090084	0.0	9469564	812	80.0
1611120806.21	80000	40.008903	0.0	12216668	1012	80.0
1611120807.08	80000	40.141515	0.0	9408461	805	80.0
1611120808.1	80000	40.122996	0.0	12195097	947	80.0
1611120809.2	80000	40.020093	0.0	12613176	1027	80.0
1611120809.85	80000	40.36925	0.0	6800911	604	80.0
1611120810.54	80000	40.682788	0.0	8020179	638	80.0
1611120811.32	80000	40.906078	0.0	7882490	726	80.0
1611120812.16	80000	41.069595	0.0	8469705	783	80.0
1611120812.81	60000	41.416263	0.0	7991868	601	40.0
1611120813.3	60000	41.930759	0.0	6409879	442	60.0
1611120813.87	60000	42.357795	0.0	7627654	522	60.0
1611120814.54	60000	42.6905	0.0	9016602	612	60.0
1611120815.06	60000	43.172322	0.0	6981592	474	60.0
1611120815.45	60000	43.785498	0.0	5103310	349	60.0
1611120816.11	80000	44.127202	0.0	8494032	603	60.0
1611120816.68	80000	44.559909	0.0	6723557	524	80.0
1611120817.65	80000	44.583983	0.0	9962942	917	80.0
1611120818.74	80000	44.494641	0.0	10840351	1024	80.0
1611120819.68	80000	44.553587	0.0	8732970	885	80.0
1611120820.42	60000	44.816953	0.0	5529168	693	40.0
1611120820.8	60000	45.435285	0.0	2585313	358	60.0
1611120821.14	60000	46.097978	0.0	3010411	312	60.0
1611120821.38	60000	46.857737	0.0	2342869	218	60.0
1611120821.72	60000	47.523066	0.0	3304851	309	60.0
1611120821.9	40000	48.347048	0.0	1669374	155	20.0
1611120821.94	40000	49.303631	0.0	352526	30	40.0
1611120821.98	40000	50.270191	0.0	267244	23	40.0
1611120822.0	40000	51.25065	0.0	111836	9	40.0
1611120822.02	60000	52.223679	0.0	124268	10	40.0
1611120822.05	40000	53.634635	0.0	121164	9	20.0
1611120822.39	40000	1.000999	0.045	336477	28	-7.200000000000003
1611120823.74	60000	1.293755	0.365	14898753	1219	-18.4
1611120825.14	60000	1.347347	0.332	20421673	1259	6.880000000000003
1611120825.86	60000	1.655559	0.0	13063186	642	60.0
1611120826.61	60000	1.954562	0.0	8954217	686	60.0
1611120827.12	60000	2.44982	0.0	7325507	458	60.0
1611120827.31	60000	3.261521	0.0	4014386	160	60.0
1611120827.58	80000	4.016738	0.0	5425476	215	60.0
1611120829.62	80000	2.978735	0.0	29583867	1799	80.0
1611120831.46	80000	2.135128	0.0	15816325	1740	80.0
1611120832.57	80000	2.029348	0.0	15275967	1020	80.0
1611120834.1	80000	1.499255	0.0	20600381	1410	80.0
1611120834.87	80000	1.728494	0.0	17710542	661	80.0
1611120835.23	80000	2.375187	0.0	7412644	307	80.0
1611120835.69	80000	2.912927	0.0	9055732	404	80.0
1611120836.19	80000	3.414646	0.0	9337721	438	80.0
1611120836.39	80000	4.211155	0.0	3201928	169	80.0
1611120836.81	80000	4.798394	0.0	6731501	366	80.0
1611120837.08	80000	5.528563	0.0	4543558	237	80.0
1611120838.19	80000	5.421796	0.0	20277060	984	80.0
1611120839.38	110000	5.224043	0.0	19285617	1064	80.0
1611120840.3	110000	5.307385	0.0	14817542	836	110.0
1611120841.19	110000	5.417831	0.0	17002609	791	110.0
1611120842.08	110000	5.526935	0.0	19316039	780	110.0
1611120842.7	110000	5.912189	0.0	13919609	531	110.0
1611120843.19	110000	6.423285	0.0	11073078	418	110.0
1611120844.97	110000	5.646531	0.0	44076779	1484	110.0
1611120846.39	110000	5.222403	0.0	49215857	1099	110.0
