0 8
1 2
2 13
3 105
4 98
5 13
6 10
7 112
8 91
9 95
10 54
11 18
12 96
13 101
14 107
15 110
16 112
17 143
18 195
19 141
20 141
21 44
22 41
23 29
24 120
25 121
26 119
27 83
28 123
29 106
30 81
31 112
32 93
33 110
34 99
35 82
36 103
37 95
38 81
39 112
40 108
41 116
42 24
43 9
44 108
45 92
46 47
47 20
48 108
49 124
50 59
51 59
52 44
53 76
54 19
55 159
56 182
57 192
58 340
59 598
60 581
61 227
62 400
63 624
64 717
65 665
66 718
67 729
68 729
69 0
70 75
71 121
72 96
73 449
74 791
75 791
76 878
77 969
78 905
79 905
80 760
81 510
82 22
83 22
84 30
85 67
86 31
87 13
88 39
89 303
90 358
91 61
92 60
93 27
94 108
95 89
96 212
97 212
98 276
99 333
100 317
101 335
102 410
103 432
104 550
105 602
106 686
107 500
108 887
109 618
110 594
111 594
112 657
113 789
114 656
115 637
116 711
117 705
118 637
119 637
120 704
121 704
122 661
123 645
124 692
125 663
126 624
127 634
128 62
129 111
