0 92
1 77
2 110
3 109
4 16
5 12
6 20
7 23
8 41
9 8
10 16
11 26
12 30
13 30
14 88
15 106
16 59
17 65
18 50
19 39
20 39
21 101
22 78
23 82
24 82
25 52
26 67
27 62
28 18
29 102
30 100
31 93
32 114
33 106
34 81
35 116
36 123
37 125
38 76
39 89
40 87
41 119
42 105
43 93
44 93
45 77
46 98
47 112
48 91
49 84
50 93
51 89
52 82
53 124
54 103
55 80
56 119
57 111
58 98
59 118
60 92
61 103
62 119
63 104
64 77
65 123
66 0
67 19
68 106
69 101
70 100
71 108
72 65
73 65
74 45
75 76
76 76
77 143
78 118
79 170
80 170
81 82
82 115
83 84
84 113
85 120
86 106
87 1
88 16
89 22
90 691
91 691
92 735
93 533
94 574
95 214
96 30
97 30
98 24
99 24
100 25
101 30
102 26
103 25
104 114
105 30
106 22
107 20
108 4
109 0
110 96
111 88
112 118
113 170
114 418
115 0
116 0
117 0
118 77
119 106
120 95
121 10
122 22
123 43
124 51
125 61
126 61
127 746
128 1
129 77
130 103
131 81
132 77
133 77
134 19
135 92
136 253
