1609236940.01	4000	1.000999	0.013	60629	3	-0.2599999999999998
1609236941.02	16000	1.324756	0.251	11007815	830	-1.0199999999999996
1609236941.88	16000	1.692415	0.0	8849724	739	16.0
1609236942.24	20000	2.352313	0.0	3191121	271	16.0
1609236942.47	20000	3.127695	0.0	1661718	140	20.0
1609236942.66	20000	3.953225	0.0	1315024	110	20.0
1609236942.8	20000	4.816692	0.0	698359	56	20.0
1609236942.94	20000	5.681316	0.0	730082	57	20.0
1609236943.35	20000	6.267028	0.0	4047415	319	20.0
1609236943.67	20000	6.951448	0.0	2863079	226	20.0
1609236944.1	20000	7.521791	0.0	4167844	334	20.0
1609236944.66	20000	7.967247	0.0	5571764	451	20.0
1609236945.16	20000	8.46555	0.0	4925652	402	20.0
1609236945.41	20000	9.214113	0.0	2030157	165	20.0
1609236945.68	20000	9.944971	0.0	2240782	182	20.0
1609236945.94	20000	10.685721	0.0	2211169	172	20.0
1609236946.05	20000	11.578812	0.0	382046	28	20.0
1609236946.22	20000	12.413279	0.0	1113969	85	20.0
1609236946.36	20000	13.272085	0.0	820127	62	20.0
1609236946.95	20000	13.678212	0.0	6357933	483	20.0
1609236947.41	20000	14.224766	0.0	4814284	353	20.0
1609236947.76	20000	14.87351	0.0	3419258	249	20.0
1609236948.15	20000	15.485902	0.0	3944328	290	20.0
1609236948.56	20000	16.071798	0.0	4284196	316	20.0
1609236948.88	20000	16.758736	0.0	3022025	223	20.0
1609236949.14	20000	17.496304	0.0	2248581	175	20.0
1609236950.09	20000	17.548847	0.0	9946363	819	20.0
1609236951.54	20000	17.096596	0.0	11684632	1316	20.0
1609236951.87	20000	17.765697	0.0	1849732	246	20.0
1609236952.23	20000	18.405647	0.0	1942795	276	20.0
1609236952.56	20000	19.082038	0.0	1704756	242	20.0
1609236952.88	20000	19.760045	0.0	1697111	236	20.0
1609236953.17	20000	20.477056	0.0	1529441	197	20.0
1609236953.46	20000	21.188963	0.0	1568649	201	20.0
1609236953.76	20000	21.884059	0.0	1677618	217	20.0
1609236954.04	20000	22.61043	0.0	1415096	190	20.0
1609236954.38	20000	23.267631	0.0	1894067	257	20.0
1609236954.82	20000	23.828267	0.0	1186604	358	20.0
1609236955.07	20000	24.580386	0.0	1068386	165	20.0
1609236955.43	20000	25.223158	0.0	1700843	263	20.0
1609236955.91	20000	25.739499	0.0	2536859	395	20.0
1609236956.75	20000	25.906	0.0	4742872	732	20.0
1609236957.57	20000	26.084438	0.0	4955535	721	20.0
1609236957.83	20000	26.82101	0.0	1260540	181	20.0
1609236958.44	20000	27.218476	0.0	3605246	509	20.0
1609236958.92	20000	27.737734	0.0	2770338	388	20.0
1609236959.27	20000	28.392377	0.0	1855168	260	20.0
1609236959.59	20000	29.073494	0.0	1666915	234	20.0
1609236959.89	20000	29.770751	0.0	1555467	218	20.0
1609236960.12	20000	30.540865	0.0	1008919	148	20.0
1609236960.39	20000	31.276554	0.0	1227619	180	20.0
1609236960.62	20000	32.040855	0.0	1015853	149	20.0
1609236960.76	20000	32.908445	0.0	384076	54	20.0
1609236960.88	20000	33.788808	0.0	295687	41	20.0
1609236961.15	20000	34.515055	0.0	1328674	191	20.0
1609236961.45	20000	35.216549	0.0	1492829	214	20.0
1609236961.75	20000	35.920439	0.0	1484812	213	20.0
1609236962.11	20000	36.563855	0.0	1868314	265	20.0
1609236962.37	20000	37.303922	0.0	1253406	177	20.0
1609236962.58	20000	38.088964	0.0	887933	125	20.0
1609236962.83	20000	38.845464	0.0	1153403	163	20.0
1609236963.09	20000	39.58309	0.0	1249023	180	20.0
1609236963.38	20000	40.29011	0.0	1423973	207	20.0
1609236963.62	20000	41.055113	0.0	1060162	154	20.0
1609236963.86	20000	41.816778	0.0	1080597	157	20.0
1609236964.11	20000	42.562236	0.0	1156442	170	20.0
1609236964.53	20000	43.143351	0.0	2222640	329	20.0
1609236965.01	20000	43.671109	0.0	2587311	382	20.0
1609236965.42	20000	44.257023	0.0	2178351	325	20.0
1609236965.98	20000	44.700272	0.0	3121089	465	20.0
1609236966.49	20000	45.190619	0.0	2857420	420	20.0
1609236966.83	20000	45.856401	0.0	1702477	249	20.0
1609236967.16	20000	46.528134	0.0	1531670	242	20.0
1609236967.55	20000	47.139485	0.0	1863424	298	20.0
1609236967.96	20000	47.729537	0.0	1987392	323	20.0
1609236968.55	20000	48.132165	0.0	2505586	505	20.0
1609236970.36	20000	47.327527	0.0	9620218	1681	20.0
1609236970.81	20000	47.87441	0.0	2561608	364	20.0
1609236971.39	20000	48.302816	0.0	3633991	478	20.0
1609236971.91	20000	48.778488	0.0	3324070	433	20.0
1609236972.19	20000	49.500167	0.0	1560020	196	20.0
1609236972.46	20000	50.237825	0.0	1429188	179	20.0
1609236972.76	20000	50.931595	0.0	1754144	220	20.0
1609236973.05	20000	51.648367	0.0	1626020	200	20.0
1609236973.35	20000	52.350791	0.0	1739228	213	20.0
1609236973.64	20000	53.059843	0.0	1722735	206	20.0
1609236973.91	20000	53.791436	0.0	1538145	183	20.0
1609236974.16	20000	54.542948	0.0	1473412	166	20.0
1609236974.41	20000	55.287801	0.0	1498968	170	20.0
1609236974.76	20000	55.944054	0.0	2247334	256	20.0
1609236975.21	20000	56.495597	0.0	3156442	355	20.0
1609236975.5	20000	57.200419	0.0	1895098	208	20.0
1609236975.8	20000	57.901041	0.0	1939135	213	20.0
1609236976.08	20000	58.62314	0.0	1842874	193	20.0
1609236976.39	20000	59.318172	0.0	2235830	221	20.0
1609236977.19	20000	59.614855	0.0	2202171	216	20.0
1609236977.98	20000	59.86586	0.0	2242042	191	20.0
1609236979.14	20000	59.616859	0.0	1081763	85	20.0
1609236979.94	20000	59.867848	0.0	2409013	213	20.0
1609236981.17	20000	59.618849	0.0	1615028	138	20.0
1609236981.87	20000	59.869845	0.0	1413467	112	20.0
1609236983.08	20000	59.870853	0.0	1632450	131	20.0
1609236984.1	20000	59.621854	0.0	5664827	413	20.0
1609236985.0	20000	59.87277	0.0	4578115	302	20.0
1609236986.22	20000	59.623784	0.0	1783835	123	20.0
1609236986.88	20000	59.874859	0.0	1093613	76	20.0
1609236988.03	20000	59.875861	0.0	975642	68	20.0
1609236989.25	20000	59.626846	0.0	1658005	131	20.0
1609236990.04	20000	59.877846	0.0	3055257	198	20.0
1609236991.04	20000	59.878862	0.0	5355572	396	20.0
1609236991.92	20000	59.879845	0.0	3278424	283	20.0
1609236993.21	20000	59.630822	0.0	2318501	204	20.0
1609236994.01	20000	59.881807	0.0	2473561	209	20.0
1609236995.25	20000	59.632847	0.0	1730311	153	20.0
1609236995.98	20000	59.883784	0.0	1455812	143	20.0
1609236996.87	20000	59.884848	0.0	2869222	299	20.0
1609236998.31	20000	59.63585	0.0	3226650	346	20.0
1609236998.8	20000	59.928604	0.0	2705936	395	20.0
1609236999.9	20000	59.887838	0.0	2998622	503	20.0
1609237000.99	20000	59.888804	0.0	2928342	505	20.0
1609237002.05	20000	59.862932	0.0	3059979	457	20.0
1609237003.15	20000	59.640846	0.0	3367422	512	20.0
1609237004.05	20000	59.891852	0.0	1950694	307	20.0
1609237004.87	20000	59.892787	0.0	1541020	235	20.0
1609237005.85	20000	59.893842	0.0	2926720	382	20.0
1609237007.25	20000	59.644837	0.0	2991202	313	20.0
1609237008.12	20000	59.645729	0.0	3002106	269	20.0
1609237008.87	20000	59.896827	0.0	2015412	170	20.0
1609237010.21	20000	59.647642	0.0	2894863	247	20.0
1609237010.98	20000	59.898761	0.0	2185316	182	20.0
1609237011.86	20000	59.899721	0.0	3370605	278	20.0
1609237013.24	20000	59.650752	0.0	3492243	286	20.0
1609237013.93	20000	59.901777	0.0	1307592	100	20.0
1609237015.16	20000	59.652744	0.0	1881404	146	20.0
1609237015.9	20000	59.903767	0.0	1806471	146	20.0
1609237017.14	20000	59.654836	0.0	1945842	156	20.0
1609237017.89	20000	59.905831	0.0	2538877	159	20.0
1609237019.12	20000	59.656805	0.0	2298557	142	20.0
1609237019.89	20000	59.907855	0.0	2831497	170	20.0
1609237021.18	20000	59.658799	0.0	3200905	196	20.0
1609237021.95	20000	59.909772	0.0	2180586	173	20.0
1609237023.15	20000	59.660803	0.0	1500505	122	20.0
1609237023.93	20000	59.911793	0.0	1939246	185	20.0
1609237025.18	20000	59.662824	0.0	1599193	155	20.0
1609237026.02	20000	59.913852	0.0	2364826	248	20.0
1609237026.88	20000	59.914819	0.0	2517454	270	20.0
1609237028.18	20000	59.665801	0.0	1883143	213	20.0
1609237028.95	20000	59.916844	0.0	1726706	181	20.0
1609237030.1	20000	59.66785	0.0	707364	76	20.0
1609237031.3	20000	59.668844	0.0	796460	118	20.0
1609237031.95	20000	59.919842	0.0	596962	64	20.0
1609237033.14	20000	59.670839	0.0	947625	104	20.0
1609237034.32	20000	59.671846	0.0	832859	97	20.0
1609237034.91	20000	59.922828	0.0	151562	17	20.0
1609237035.99	20000	59.923796	0.0	90390	9	20.0
1609237037.06	20000	59.924844	0.0	50278	4	20.0
1609237038.11	20000	59.67583	0.0	26471	1	20.0
1609237039.15	20000	59.676847	0.0	40620	3	20.0
1609237039.54	4000	1.000999	0.063	334032	51	-1.2599999999999998
1609237040.72	4000	1.344247	0.247	6594552	1060	-0.9400000000000004
1609237041.52	4000	1.551652	0.0	4402139	694	4.0
1609237042.12	16000	2.000622	0.0	3191121	496	4.0
1609237042.46	20000	2.661234	0.0	1661718	255	16.0
1609237042.74	20000	3.37884	0.0	1315024	201	20.0
1609237042.93	20000	4.195104	0.0	698359	105	20.0
1609237043.12	20000	5.005427	0.0	730082	111	20.0
1609237043.87	20000	5.257013	0.0	4047415	654	20.0
1609237044.43	20000	5.693385	0.0	2863079	476	20.0
1609237045.36	20000	5.763433	0.0	4167844	837	20.0
1609237046.6	20000	5.524276	0.0	5571764	1137	20.0
1609237047.85	20000	5.278333	0.0	4925652	1142	20.0
1609237048.4	20000	5.731848	0.0	2030157	461	20.0
1609237049.12	20000	6.011995	0.0	2240782	630	20.0
1609237049.94	20000	6.186186	0.0	2211169	739	20.0
1609237050.16	20000	6.970873	0.0	382046	138	20.0
1609237050.61	20000	7.519107	0.0	1113969	370	20.0
1609237050.93	20000	8.200307	0.0	820127	240	20.0
1609237053.84	16000	6.296358	0.0	6357933	2797	12.0
1609237057.66	2000	3.470136	0.0	922146	3731	-12.0
1609237057.98	2000	4.158765	0.0	760526	229	2.0
1609237058.32	2000	4.816137	0.0	866360	263	2.0
1609237058.61	2000	5.527578	0.0	821406	206	2.0
1609237058.82	2000	6.321458	0.0	576666	125	2.0
1609237058.98	2000	7.154816	0.0	399536	85	2.0
1609237060.5	4000	6.638224	0.0	4647286	1416	2.0
1609237063.26	4000	4.8848	0.0	5615227	2653	4.0
1609237064.26	8000	4.87981	0.0	1127469	919	4.0
1609237065.14	4000	5.004207	0.0	795179	792	0.0
1609237066.85	4000	4.536329	0.0	741228	1630	4.0
1609237068.78	4000	3.608509	0.0	760332	1847	4.0
1609237069.56	4000	3.829305	0.0	769288	697	4.0
1609237070.22	8000	4.165804	0.0	1054251	577	4.0
1609237070.87	8000	4.519353	0.0	1132419	565	8.0
