1609220346.0	4000	1.000999	0.022	60629	1	-0.43999999999999995
1609220347.19	4000	1.338197	0.476	6594552	1055	-5.52
1609220347.42	2000	2.103097	0.0	1121405	149	0.0
1609220347.76	8000	2.989236	0.0	1798447	241	2.0
1609220348.09	16000	3.663946	0.0	1661718	233	8.0
1609220348.36	16000	4.419691	0.0	1315024	184	16.0
1609220348.53	16000	5.242245	0.0	698359	96	16.0
1609220348.72	20000	6.062432	0.0	730082	100	16.0
1609220349.32	20000	6.460715	0.0	4047415	510	20.0
1609220349.77	20000	7.025284	0.0	2863079	360	20.0
1609220350.47	20000	7.517674	0.0	4167844	607	20.0
1609220351.29	20000	7.709674	0.0	5571764	705	20.0
1609220351.97	20000	8.022456	0.0	4925652	579	20.0
1609220352.3	20000	8.696141	0.0	2030157	240	20.0
1609220352.65	20000	9.345125	0.0	2240782	265	20.0
1609220353.02	20000	9.97433	0.0	2211169	284	20.0
1609220353.15	20000	10.846359	0.0	382046	50	20.0
1609220353.38	20000	11.615064	0.0	1113969	150	20.0
1609220353.57	20000	12.425582	0.0	820127	110	20.0
1609220354.39	20000	12.615142	0.0	6357933	705	20.0
1609220354.99	20000	13.015098	0.0	4814284	501	20.0
1609220355.45	20000	13.557149	0.0	3419258	360	20.0
1609220355.97	20000	14.035359	0.0	3944328	427	20.0
1609220356.58	20000	14.425991	0.0	4284196	510	20.0
1609220357.0	20000	15.003735	0.0	3022025	331	20.0
1609220357.31	20000	15.692896	0.0	2248581	222	20.0
1609220358.38	20000	15.625717	0.0	9946363	927	20.0
1609220359.66	20000	15.349365	0.0	11684632	1143	20.0
1609220359.93	20000	16.078433	0.0	1849732	184	20.0
1609220360.2	20000	16.813738	0.0	1942795	179	20.0
1609220360.44	20000	17.572546	0.0	1704756	157	20.0
1609220360.68	20000	18.331424	0.0	1697111	156	20.0
1609220360.91	20000	19.104432	0.0	1529441	145	20.0
1609220361.17	20000	19.845973	0.0	1568649	173	20.0
1609220361.44	20000	20.573328	0.0	1677618	185	20.0
1609220361.68	20000	21.332523	0.0	1415096	156	20.0
1609220361.97	20000	22.046412	0.0	1894067	198	20.0
1609220362.17	20000	22.847526	0.0	1186604	116	20.0
1609220362.36	20000	23.660814	0.0	1068386	104	20.0
1609220362.61	20000	24.409661	0.0	1700843	168	20.0
1609220362.95	20000	25.072308	0.0	2536859	249	20.0
1609220363.51	20000	25.51061	0.0	4742872	459	20.0
1609220364.1	20000	25.9217	0.0	4955535	488	20.0
1609220364.31	20000	26.711695	0.0	1260540	126	20.0
1609220364.78	20000	27.250101	0.0	3605246	366	20.0
1609220365.22	20000	27.807261	0.0	2770338	350	20.0
1609220365.55	20000	28.475834	0.0	1855168	244	20.0
1609220365.86	20000	29.172149	0.0	1666915	219	20.0
1609220366.1	20000	29.933997	0.0	1555467	153	20.0
1609220366.28	20000	30.7547	0.0	1008919	96	20.0
1609220366.48	20000	31.552777	0.0	1227619	118	20.0
1609220366.66	20000	32.373664	0.0	1015853	97	20.0
1609220366.78	20000	33.258508	0.0	384076	36	20.0
1609220366.88	20000	34.152454	0.0	295687	27	20.0
1609220367.09	20000	34.94986	0.0	1328674	119	20.0
1609220367.31	20000	35.730509	0.0	1492829	134	20.0
1609220367.53	20000	36.512089	0.0	1484812	134	20.0
1609220367.78	20000	37.257051	0.0	1868314	169	20.0
1609220367.98	20000	38.057767	0.0	1253406	118	20.0
1609220368.15	20000	38.890733	0.0	887933	87	20.0
1609220368.35	20000	39.693957	0.0	1153403	115	20.0
1609220368.55	20000	40.488257	0.0	1249023	126	20.0
1609220368.78	20000	41.261995	0.0	1423973	141	20.0
1609220368.97	20000	42.077092	0.0	1060162	103	20.0
1609220369.15	20000	42.891803	0.0	1080597	105	20.0
1609220369.35	20000	43.697346	0.0	1156442	112	20.0
1609220369.65	20000	44.39461	0.0	2222640	217	20.0
1609220370.01	20000	45.04428	0.0	2587311	260	20.0
1609220370.34	20000	45.714499	0.0	2178351	241	20.0
1609220370.77	20000	46.276822	0.0	3121089	346	20.0
1609220371.25	20000	46.8073	0.0	2857420	378	20.0
1609220371.58	20000	47.474158	0.0	1702477	239	20.0
1609220371.88	20000	48.174158	0.0	1531670	214	20.0
1609220372.14	20000	48.91188	0.0	1863424	174	20.0
1609220372.42	20000	49.638283	0.0	1987392	187	20.0
1609220372.74	20000	50.312626	0.0	2505586	237	20.0
1609220373.81	20000	50.247077	0.0	9620218	939	20.0
1609220374.14	20000	50.919736	0.0	2561608	237	20.0
1609220374.57	20000	51.488444	0.0	3633991	333	20.0
1609220374.97	20000	52.087929	0.0	3324070	303	20.0
1609220375.24	20000	52.82604	0.0	1560020	177	20.0
1609220375.49	20000	53.573752	0.0	1429188	160	20.0
1609220375.78	20000	54.287767	0.0	1754144	199	20.0
1609220376.05	20000	55.016572	0.0	1626020	187	20.0
1609220376.34	20000	55.721718	0.0	1739228	205	20.0
1609220376.63	20000	56.434021	0.0	1722735	204	20.0
1609220376.9	20000	57.168821	0.0	1538145	182	20.0
1609220377.16	20000	57.908699	0.0	1473412	178	20.0
1609220377.43	20000	58.643203	0.0	1498968	182	20.0
1609220377.79	20000	59.28274	0.0	2247334	274	20.0
1609220378.3	20000	59.769116	0.0	3156442	420	20.0
1609220379.65	20000	59.561206	0.0	1895098	261	20.0
1609220380.46	20000	59.812215	0.0	1939135	214	20.0
1609220381.27	20000	59.813212	0.0	1842874	218	20.0
1609220382.63	20000	59.56413	0.0	2235830	269	20.0
1609220383.54	20000	59.565125	0.0	2202171	324	20.0
1609220384.35	20000	59.816203	0.0	2242042	221	20.0
1609220385.59	20000	59.567119	0.0	1081763	153	20.0
1609220386.1	20000	59.979585	0.0	2409013	422	20.0
1609220387.41	20000	59.819219	0.0	1615028	219	20.0
1609220388.71	20000	59.570114	0.0	1413467	220	20.0
1609220389.13	20000	59.951449	0.0	1632450	336	20.0
1609220390.46	20000	59.822215	0.0	5664827	727	20.0
1609220391.3	20000	59.783504	0.0	4578115	739	20.0
1609220392.68	20000	59.574108	0.0	1783835	295	20.0
1609220393.45	20000	59.825212	0.0	1093613	183	20.0
1609220394.73	20000	59.576122	0.0	975642	190	20.0
1609220395.09	20000	59.994561	0.0	1658005	280	20.0
1609220396.32	20000	59.828199	0.0	3055257	635	20.0
1609220397.8	20000	59.300427	0.0	5355572	1361	20.0
1609220398.83	20000	59.259414	0.0	3278424	942	20.0
1609220399.4	20000	59.697431	0.0	2318501	475	20.0
1609220400.41	20000	59.832213	0.0	2473561	428	20.0
1609220401.29	20000	59.833233	0.0	1730311	292	20.0
1609220402.64	20000	59.584235	0.0	1455812	268	20.0
1609220403.26	20000	59.833299	0.0	2869222	534	20.0
1609220404.35	20000	59.836251	0.0	3226650	497	20.0
1609220405.36	20000	59.837211	0.0	2705936	417	20.0
1609220406.37	20000	59.838199	0.0	2998622	423	20.0
1609220407.4	20000	59.839201	0.0	2928342	435	20.0
1609220408.42	20000	59.840234	0.0	3059979	423	20.0
1609220409.39	20000	59.841209	0.0	3367422	378	20.0
1609220410.72	20000	59.592154	0.0	1950694	249	20.0
1609220411.52	20000	59.593149	0.0	1541020	209	20.0
1609220412.47	20000	59.844216	0.0	2926720	363	20.0
1609220413.55	20000	59.595103	0.0	2991202	488	20.0
1609220414.47	20000	59.846207	0.0	3002106	320	20.0
1609220415.29	20000	59.847203	0.0	2015412	239	20.0
1609220416.36	20000	59.84822	0.0	2894863	481	20.0
1609220417.74	20000	59.599132	0.0	2185316	284	20.0
1609220418.3	20000	59.81351	0.0	3370605	467	20.0
1609220419.4	20000	59.851203	0.0	3492243	501	20.0
1609220420.66	20000	59.602114	0.0	1307592	174	20.0
1609220421.15	20000	59.966622	0.0	1881404	400	20.0
1609220422.5	20000	59.854213	0.0	1806471	263	20.0
1609220423.35	20000	59.855124	0.0	1945842	260	20.0
1609220424.36	20000	59.856219	0.0	2538877	422	20.0
1609220425.39	20000	59.857211	0.0	2298557	444	20.0
1609220426.14	20000	59.983034	0.0	2831497	654	20.0
1609220427.74	20000	59.609102	0.0	3200905	513	20.0
1609220428.24	20000	59.879736	0.0	2180586	411	20.0
1609220429.73	20000	59.611073	0.0	1500505	400	20.0
1609220430.2	20000	59.92487	0.0	1939246	371	20.0
1609220431.56	20000	59.613139	0.0	1599193	275	20.0
1609220432.57	20000	59.614083	0.0	2364826	417	20.0
1609220433.19	20000	59.941673	0.0	2517454	523	20.0
1609220434.66	20000	59.616115	0.0	1883143	388	20.0
1609220435.55	20000	59.617196	0.0	1726706	304	20.0
1609220436.26	20000	59.868194	0.0	707364	126	20.0
1609220437.47	20000	59.869213	0.0	796460	123	20.0
1609220438.65	20000	59.620186	0.0	596962	103	20.0
1609220439.38	20000	59.871194	0.0	947625	144	20.0
1609220440.59	20000	59.622157	0.0	832859	127	20.0
1609220441.69	20000	59.623089	0.0	151562	23	20.0
1609220442.27	20000	59.874213	0.0	90390	12	20.0
1609220443.34	20000	59.875197	0.0	50278	5	20.0
1609220444.39	20000	59.876194	0.0	26471	1	20.0
1609220445.43	20000	59.877201	0.0	40620	4	20.0
1609220445.8	4000	1.000999	0.066	334032	54	-1.3200000000000003
1609220446.87	4000	1.338665	0.131	6594552	941	1.38
1609220447.82	8000	1.43809	0.027	7078153	816	3.46
1609220448.27	20000	1.986426	0.0	3191121	353	8.0
1609220448.53	20000	2.743898	0.0	1661718	179	20.0
1609220448.76	20000	3.517246	0.0	1315024	142	20.0
1609220448.92	20000	4.362893	0.0	698359	74	20.0
1609220449.08	20000	5.199367	0.0	730082	78	20.0
1609220449.63	20000	5.653664	0.0	4047415	445	20.0
1609220450.04	20000	6.242841	0.0	2863079	317	20.0
1609220450.6	20000	6.679558	0.0	4167844	464	20.0
1609220451.34	20000	6.94949	0.0	5571764	627	20.0
1609220452.02	20000	7.274496	0.0	4925652	576	20.0
1609220452.34	20000	7.946709	0.0	2030157	237	20.0
1609220452.7	20000	8.590059	0.0	2240782	269	20.0
1609220453.05	20000	9.236885	0.0	2211169	265	20.0
1609220453.18	20000	10.112836	0.0	382046	44	20.0
1609220453.39	20000	10.899199	0.0	1113969	133	20.0
1609220453.59	20000	11.701304	0.0	820127	115	20.0
1609220454.6	20000	11.690122	0.0	6357933	903	20.0
1609220455.34	20000	11.949846	0.0	4814284	637	20.0
1609220455.95	20000	12.342812	0.0	3419258	511	20.0
1609220456.66	20000	12.633025	0.0	3944328	615	20.0
1609220457.49	20000	12.805602	0.0	4284196	728	20.0
1609220458.19	20000	13.116078	0.0	3022025	598	20.0
1609220458.66	20000	13.640808	0.0	2248581	379	20.0
1609220460.45	20000	12.853432	0.0	9946363	1645	20.0
1609220462.83	20000	11.467777	0.0	11684632	2247	20.0
1609220463.3	20000	12.00609	0.0	1849732	373	20.0
1609220463.86	20000	12.446671	0.0	1942795	473	20.0
1609220464.4	20000	12.906084	0.0	1704756	455	20.0
1609220464.81	20000	13.492657	0.0	1697111	327	20.0
1609220465.18	20000	14.121344	0.0	1529441	287	20.0
1609220465.57	20000	14.735323	0.0	1568649	301	20.0
1609220466.05	20000	15.254595	0.0	1677618	397	20.0
