1608515121.56	4000	1.000999	0.016	60629	6	-0.31999999999999984
1608515123.16	20000	1.495432	1.063	11007815	1424	-17.26
1608515124.57	20000	1.333717	0.0	8849724	1291	20.0
1608515125.01	20000	1.935822	0.0	3191121	340	20.0
1608515125.28	20000	2.673554	0.0	1661718	176	20.0
1608515125.52	20000	3.435409	0.0	1315024	156	20.0
1608515125.68	20000	4.269836	0.0	698359	86	20.0
1608515125.85	20000	5.099998	0.0	730082	90	20.0
1608515126.45	20000	5.499787	0.0	4047415	504	20.0
1608515126.86	20000	6.097307	0.0	2863079	313	20.0
1608515127.41	20000	6.545873	0.0	4167844	457	20.0
1608515128.17	20000	6.786763	0.0	5571764	654	20.0
1608515128.79	20000	7.164253	0.0	4925652	521	20.0
1608515129.09	20000	7.873266	0.0	2030157	206	20.0
1608515129.4	20000	8.560252	0.0	2240782	227	20.0
1608515129.73	20000	9.234747	0.0	2211169	238	20.0
1608515129.84	20000	10.119331	0.0	382046	40	20.0
1608515130.04	20000	10.921146	0.0	1113969	120	20.0
1608515130.21	20000	11.756057	0.0	820127	87	20.0
1608515131.03	20000	11.930544	0.0	6357933	718	20.0
1608515131.65	20000	12.319411	0.0	4814284	511	20.0
1608515132.07	20000	12.901	0.0	3419258	327	20.0
1608515132.54	20000	13.43241	0.0	3944328	375	20.0
1608515133.03	20000	13.93394	0.0	4284196	401	20.0
1608515133.41	20000	14.561951	0.0	3022025	282	20.0
1608515133.68	20000	15.291548	0.0	2248581	183	20.0
1608515134.62	20000	15.355387	0.0	9946363	808	20.0
1608515135.69	20000	15.281253	0.0	11684632	940	20.0
1608515135.95	20000	16.026046	0.0	1849732	170	20.0
1608515136.21	20000	16.761559	0.0	1942795	179	20.0
1608515136.45	20000	17.521223	0.0	1704756	157	20.0
1608515136.72	20000	18.251437	0.0	1697111	185	20.0
1608515136.98	20000	19.001378	0.0	1529441	167	20.0
1608515137.23	20000	19.745366	0.0	1568649	171	20.0
1608515137.5	20000	20.48075	0.0	1677618	179	20.0
1608515137.72	20000	21.260461	0.0	1415096	136	20.0
1608515137.99	20000	21.991665	0.0	1894067	183	20.0
1608515138.19	20000	22.795191	0.0	1186604	114	20.0
1608515138.38	20000	23.603919	0.0	1068386	102	20.0
1608515138.62	20000	24.367693	0.0	1700843	148	20.0
1608515138.92	20000	25.061242	0.0	2536859	219	20.0
1608515139.44	20000	25.549292	0.0	4742872	411	20.0
1608515139.95	20000	26.038744	0.0	4955535	409	20.0
1608515140.14	20000	26.852636	0.0	1260540	103	20.0
1608515140.53	20000	27.458444	0.0	3605246	301	20.0
1608515140.89	20000	28.100757	0.0	2770338	268	20.0
1608515141.15	20000	28.837357	0.0	1855168	179	20.0
1608515141.4	20000	29.593504	0.0	1666915	161	20.0
1608515141.64	20000	30.3524	0.0	1555467	157	20.0
1608515141.82	20000	31.169563	0.0	1008919	104	20.0
1608515142.03	20000	31.962566	0.0	1227619	125	20.0
1608515142.22	20000	32.779293	0.0	1015853	102	20.0
1608515142.33	20000	33.664509	0.0	384076	38	20.0
1608515142.44	20000	34.559041	0.0	295687	29	20.0
1608515142.63	20000	35.369958	0.0	1328674	108	20.0
1608515142.84	20000	36.165824	0.0	1492829	121	20.0
1608515143.05	20000	36.954989	0.0	1484812	117	20.0
1608515143.29	20000	37.715675	0.0	1868314	152	20.0
1608515143.47	20000	38.529518	0.0	1253406	101	20.0
1608515143.64	20000	39.365841	0.0	887933	82	20.0
1608515143.83	20000	40.176339	0.0	1153403	107	20.0
1608515144.03	20000	40.978054	0.0	1249023	116	20.0
1608515144.24	20000	41.763049	0.0	1423973	132	20.0
1608515144.43	20000	42.582925	0.0	1060162	99	20.0
1608515144.61	20000	43.401966	0.0	1080597	99	20.0
1608515144.8	20000	44.21361	0.0	1156442	106	20.0
1608515145.09	20000	44.920966	0.0	2222640	205	20.0
1608515145.42	20000	45.593101	0.0	2587311	239	20.0
1608515145.72	20000	46.294826	0.0	2178351	212	20.0
1608515146.12	20000	46.899539	0.0	3121089	305	20.0
1608515146.49	20000	47.529309	0.0	2857420	280	20.0
1608515146.73	20000	48.288085	0.0	1702477	158	20.0
1608515146.96	20000	49.061133	0.0	1531670	143	20.0
1608515147.22	20000	49.802857	0.0	1863424	174	20.0
1608515147.49	20000	50.531022	0.0	1987392	185	20.0
1608515147.83	20000	51.194188	0.0	2505586	248	20.0
1608515148.9	20000	51.123678	0.0	9620218	944	20.0
1608515149.23	20000	51.789748	0.0	2561608	245	20.0
1608515149.68	20000	52.348318	0.0	3633991	347	20.0
1608515150.09	20000	52.935241	0.0	3324070	322	20.0
1608515150.32	20000	53.701866	0.0	1560020	150	20.0
1608515150.54	20000	54.482517	0.0	1429188	138	20.0
1608515150.79	20000	55.235076	0.0	1754144	163	20.0
1608515151.03	20000	56.001004	0.0	1626020	151	20.0
1608515151.28	20000	56.749949	0.0	1739228	161	20.0
1608515151.53	20000	57.50481	0.0	1722735	160	20.0
1608515151.77	20000	58.25893	0.0	1538145	159	20.0
1608515152.01	20000	59.022995	0.0	1473412	153	20.0
1608515152.25	20000	59.785342	0.0	1498968	155	20.0
1608515153.57	20000	59.595189	0.0	2247334	234	20.0
1608515154.47	20000	59.596187	0.0	3156442	308	20.0
1608515155.27	20000	59.847176	0.0	1895098	213	20.0
1608515156.58	20000	59.598085	0.0	1939135	224	20.0
1608515157.43	20000	59.841044	0.0	1842874	263	20.0
1608515158.33	20000	59.850164	0.0	2235830	307	20.0
1608515159.2	20000	59.851168	0.0	2202171	285	20.0
1608515160.56	20000	59.602182	0.0	2242042	270	20.0
1608515161.27	20000	59.85318	0.0	1081763	130	20.0
1608515162.65	20000	59.60419	0.0	2409013	296	20.0
1608515163.07	20000	59.975595	0.0	1615028	334	20.0
1608515164.44	20000	59.606174	0.0	1413467	292	20.0
1608515165.28	20000	59.857188	0.0	1632450	257	20.0
1608515166.69	20000	59.356351	0.0	5664827	1305	20.0
1608515167.54	20000	59.510743	0.0	4578115	748	20.0
1608515168.46	20000	59.610192	0.0	1783835	333	20.0
1608515169.24	20000	59.861183	0.0	1093613	199	20.0
1608515170.49	20000	59.612188	0.0	975642	170	20.0
1608515171.42	20000	59.855043	0.0	1658005	341	20.0
1608515172.24	20000	59.818641	0.0	3055257	722	20.0
1608515173.86	20000	59.19247	0.0	5355572	1523	20.0
1608515174.56	20000	59.495061	0.0	3278424	606	20.0
1608515175.09	20000	59.965248	0.0	2318501	443	20.0
1608515176.65	20000	59.618182	0.0	2473561	467	20.0
1608515177.1	20000	59.96117	0.0	1730311	367	20.0
1608515178.49	20000	59.62019	0.0	1455812	308	20.0
1608515180.01	20000	59.053505	0.0	2869222	1431	20.0
1608515180.62	20000	59.43769	0.0	3226650	526	20.0
1608515181.54	20000	59.623178	0.0	2705936	330	20.0
1608515182.51	20000	59.624184	0.0	2998622	377	20.0
1608515183.47	20000	59.625182	0.0	2928342	367	20.0
1608515184.44	20000	59.626167	0.0	3059979	383	20.0
1608515185.46	20000	59.627188	0.0	3367422	428	20.0
1608515186.29	20000	59.878159	0.0	1950694	239	20.0
1608515187.55	20000	59.629169	0.0	1541020	180	20.0
1608515188.5	20000	59.630185	0.0	2926720	360	20.0
1608515189.45	20000	59.631163	0.0	2991202	360	20.0
1608515190.4	20000	59.882169	0.0	3002106	352	20.0
1608515191.22	20000	59.883178	0.0	2015412	233	20.0
1608515192.2	20000	59.884153	0.0	2894863	388	20.0
1608515193.58	20000	59.635173	0.0	2185316	281	20.0
1608515194.14	20000	59.93849	0.0	3370605	463	20.0
1608515195.2	20000	59.88716	0.0	3492243	468	20.0
1608515196.45	20000	59.638191	0.0	1307592	153	20.0
1608515197.35	20000	59.889182	0.0	1881404	315	20.0
1608515198.69	20000	59.640173	0.0	1806471	249	20.0
1608515199.09	20000	59.995115	0.0	1945842	309	20.0
1608515200.59	20000	59.642166	0.0	2538877	413	20.0
1608515201.58	20000	59.643174	0.0	2298557	398	20.0
1608515202.52	20000	59.564306	0.0	2831497	852	20.0
1608515204.98	20000	58.100063	0.0	3200905	2364	20.0
1608515205.89	20000	58.191686	0.0	2180586	822	20.0
1608515206.52	20000	58.56729	0.0	1500505	539	20.0
1608515207.36	20000	58.729329	0.0	1939246	751	20.0
1608515208.0	20000	59.083931	0.0	1599193	559	20.0
1608515208.59	20000	59.50275	0.0	2364826	490	20.0
1608515209.54	20000	59.555283	0.0	2517454	858	20.0
1608515210.51	20000	59.577901	0.0	1883143	891	20.0
1608515211.71	20000	59.384993	0.0	1726706	1107	20.0
1608515212.51	20000	59.654165	0.0	707364	222	20.0
1608515213.23	20000	59.905183	0.0	796460	126	20.0
1608515214.42	20000	59.906166	0.0	596962	110	20.0
1608515215.2	20000	59.907175	0.0	947625	194	20.0
1608515216.44	20000	59.908168	0.0	832859	152	20.0
1608515217.54	20000	59.659175	0.0	151562	28	20.0
1608515218.63	20000	59.660175	0.0	90390	12	20.0
1608515219.2	20000	59.911164	0.0	50278	4	20.0
1608515220.25	20000	59.912171	0.0	26471	1	20.0
1608515221.29	20000	59.913168	0.0	40620	4	20.0
1608515221.67	4000	1.000999	0.066	334032	55	-1.3200000000000003
1608515223.6	20000	1.348017	0.994	11007815	1758	-15.879999999999999
1608515225.05	20000	1.309776	0.39	8849724	1335	12.2
1608515225.53	20000	1.872604	0.0	3191121	384	20.0
1608515225.81	20000	2.588974	0.0	1661718	199	20.0
1608515226.07	20000	3.335949	0.0	1315024	170	20.0
1608515226.27	20000	4.135653	0.0	698359	116	20.0
1608515226.47	20000	4.934905	0.0	730082	122	20.0
1608515227.2	20000	5.201639	0.0	4047415	638	20.0
1608515227.67	20000	5.735248	0.0	2863079	378	20.0
1608515228.3	20000	6.103177	0.0	4167844	536	20.0
1608515229.11	20000	6.297354	0.0	5571764	704	20.0
1608515229.84	20000	6.564474	0.0	4925652	631	20.0
1608515230.24	20000	7.168798	0.0	2030157	309	20.0
1608515230.71	20000	7.695793	0.0	2240782	388	20.0
1608515231.15	20000	8.262098	0.0	2211169	343	20.0
1608515231.27	20000	9.140013	0.0	382046	46	20.0
1608515231.49	20000	9.92247	0.0	1113969	139	20.0
1608515231.68	20000	10.737652	0.0	820127	99	20.0
1608515232.81	20000	10.609274	0.0	6357933	1023	20.0
1608515233.76	20000	10.657614	0.0	4814284	854	20.0
1608515234.53	20000	10.883466	0.0	3419258	681	20.0
1608515235.43	20000	10.99322	0.0	3944328	795	20.0
1608515236.4	20000	11.027057	0.0	4284196	870	20.0
1608515237.2	20000	11.221815	0.0	3022025	707	20.0
1608515237.79	20000	11.631145	0.0	2248581	505	20.0
1608515240.37	20000	10.052437	0.0	9946363	2454	20.0
1608515243.26	20000	8.163046	0.0	11684632	2755	20.0
1608515243.8	20000	8.626434	0.0	1849732	451	20.0
1608515244.76	20000	8.66086	0.0	1942795	880	20.0
1608515247.92	20000	6.502252	0.0	1704756	3068	20.0
1608515248.9	20000	6.522785	0.0	1697111	896	20.0
1608515249.67	20000	6.75586	0.0	1529441	685	20.0
1608515250.5	20000	6.925287	0.0	1568649	746	20.0
