1608633179.2	4000	1.000999	0.017	60629	7	-0.33999999999999986
1608633181.03	20000	1.450716	1.252	11007815	1661	-21.04
1608633182.55	20000	1.336956	0.147	8849724	1405	17.06
1608633183.1	20000	1.828913	0.0	3191121	455	20.0
1608633183.38	20000	2.545048	0.0	1661718	201	20.0
1608633183.63	20000	3.305435	0.0	1315024	158	20.0
1608633183.79	20000	4.144878	0.0	698359	83	20.0
1608633183.95	20000	4.979698	0.0	730082	87	20.0
1608633184.55	20000	5.380812	0.0	4047415	506	20.0
1608633185.01	20000	5.926103	0.0	2863079	356	20.0
1608633185.58	20000	6.355134	0.0	4167844	473	20.0
1608633186.29	20000	6.646439	0.0	5571764	604	20.0
1608633186.89	20000	7.045995	0.0	4925652	501	20.0
1608633187.19	20000	7.751588	0.0	2030157	208	20.0
1608633187.51	20000	8.432384	0.0	2240782	234	20.0
1608633187.83	20000	9.110849	0.0	2211169	230	20.0
1608633187.94	20000	9.996225	0.0	382046	38	20.0
1608633188.14	20000	10.8032	0.0	1113969	112	20.0
1608633188.3	20000	11.641426	0.0	820127	83	20.0
1608633189.06	20000	11.884717	0.0	6357933	651	20.0
1608633189.59	20000	12.351157	0.0	4814284	436	20.0
1608633189.99	20000	12.95163	0.0	3419258	309	20.0
1608633190.44	20000	13.509279	0.0	3944328	350	20.0
1608633190.92	20000	14.031387	0.0	4284196	379	20.0
1608633191.34	20000	14.608293	0.0	3022025	335	20.0
1608633191.69	20000	15.256365	0.0	2248581	266	20.0
1608633192.84	20000	15.107165	0.0	9946363	1028	20.0
1608633193.94	20000	15.012241	0.0	11684632	961	20.0
1608633194.2	20000	15.753201	0.0	1849732	174	20.0
1608633194.49	20000	16.464532	0.0	1942795	201	20.0
1608633194.75	20000	17.201658	0.0	1704756	177	20.0
1608633195.02	20000	17.94001	0.0	1697111	176	20.0
1608633195.3	20000	18.660461	0.0	1529441	194	20.0
1608633195.58	20000	19.37567	0.0	1568649	200	20.0
1608633195.88	20000	20.075117	0.0	1677618	214	20.0
1608633196.14	20000	20.821177	0.0	1415096	171	20.0
1608633196.43	20000	21.530679	0.0	1894067	205	20.0
1608633196.64	20000	22.31868	0.0	1186604	127	20.0
1608633196.84	20000	23.123334	0.0	1068386	114	20.0
1608633197.11	20000	23.85732	0.0	1700843	181	20.0
1608633197.41	20000	24.554269	0.0	2536859	213	20.0
1608633197.91	20000	25.053717	0.0	4742872	402	20.0
1608633198.43	20000	25.534939	0.0	4955535	419	20.0
1608633198.62	20000	26.348273	0.0	1260540	106	20.0
1608633199.02	20000	26.952091	0.0	3605246	305	20.0
1608633199.33	20000	27.644338	0.0	2770338	221	20.0
1608633199.56	20000	28.408147	0.0	1855168	145	20.0
1608633199.78	20000	29.194282	0.0	1666915	133	20.0
1608633199.98	20000	29.988826	0.0	1555467	123	20.0
1608633200.16	20000	30.819311	0.0	1008919	91	20.0
1608633200.37	20000	31.605791	0.0	1227619	133	20.0
1608633200.56	20000	32.417471	0.0	1015853	110	20.0
1608633200.68	20000	33.300342	0.0	384076	40	20.0
1608633200.78	20000	34.19385	0.0	295687	30	20.0
1608633201.01	20000	34.969574	0.0	1328674	144	20.0
1608633201.55	20000	35.433948	0.0	1492829	453	20.0
1608633202.14	20000	35.84452	0.0	1484812	506	20.0
1608633202.46	20000	36.52614	0.0	1868314	224	20.0
1608633202.69	20000	37.289647	0.0	1253406	155	20.0
1608633202.88	20000	38.100076	0.0	887933	110	20.0
1608633203.11	20000	38.876887	0.0	1153403	143	20.0
1608633203.29	20000	39.700261	0.0	1249023	94	20.0
1608633203.48	20000	40.510707	0.0	1423973	109	20.0
1608633203.64	20000	41.349526	0.0	1060162	81	20.0
1608633203.8	20000	42.18583	0.0	1080597	83	20.0
1608633203.97	20000	43.019012	0.0	1156442	87	20.0
1608633204.24	20000	43.747576	0.0	2222640	186	20.0
1608633204.57	20000	44.421007	0.0	2587311	238	20.0
1608633204.86	20000	45.135645	0.0	2178351	201	20.0
1608633205.31	20000	45.681662	0.0	3121089	363	20.0
1608633205.91	20000	46.088294	0.0	2857420	505	20.0
1608633206.34	20000	46.6587	0.0	1702477	347	20.0
1608633206.79	20000	47.209961	0.0	1531670	366	20.0
1608633207.24	20000	47.760178	0.0	1863424	366	20.0
1608633207.56	20000	48.441548	0.0	1987392	234	20.0
1608633207.94	20000	49.057942	0.0	2505586	295	20.0
1608633209.18	20000	48.820785	0.0	9620218	1111	20.0
1608633209.64	20000	49.36413	0.0	2561608	367	20.0
1608633210.29	20000	49.717415	0.0	3633991	553	20.0
1608633211.1	20000	49.908413	0.0	3324070	718	20.0
1608633211.57	20000	50.433095	0.0	1560020	392	20.0
1608633212.02	20000	50.985008	0.0	1429188	363	20.0
1608633212.5	20000	51.504769	0.0	1754144	396	20.0
1608633212.94	20000	52.064786	0.0	1626020	358	20.0
1608633213.34	20000	52.668166	0.0	1739228	313	20.0
1608633213.7	20000	53.316588	0.0	1722735	267	20.0
1608633214.01	20000	53.997415	0.0	1538145	233	20.0
1608633214.29	20000	54.727271	0.0	1473412	189	20.0
1608633214.53	20000	55.483954	0.0	1498968	161	20.0
1608633214.86	20000	56.154183	0.0	2247334	244	20.0
1608633215.3	20000	56.720492	0.0	3156442	342	20.0
1608633215.59	20000	57.430073	0.0	1895098	206	20.0
1608633215.88	20000	58.135851	0.0	1939135	211	20.0
1608633216.17	20000	58.849154	0.0	1842874	201	20.0
1608633216.51	20000	59.51088	0.0	2235830	254	20.0
1608633217.35	20000	59.853366	0.0	2202171	250	20.0
1608633218.22	20000	59.854353	0.0	2242042	284	20.0
1608633219.45	20000	59.605287	0.0	1081763	155	20.0
1608633220.35	20000	59.856359	0.0	2409013	312	20.0
1608633221.66	20000	59.607365	0.0	1615028	215	20.0
1608633222.45	20000	59.608254	0.0	1413467	203	20.0
1608633223.24	20000	59.859361	0.0	1632450	208	20.0
1608633224.52	20000	59.6103	0.0	5664827	674	20.0
1608633225.21	20000	59.815848	0.0	4578115	592	20.0
1608633226.54	20000	59.612313	0.0	1783835	240	20.0
1608633227.27	20000	59.863363	0.0	1093613	147	20.0
1608633228.48	20000	59.614345	0.0	975642	126	20.0
1608633229.3	20000	59.865353	0.0	1658005	241	20.0
1608633230.37	20000	59.866403	0.0	3055257	475	20.0
1608633231.21	20000	59.821618	0.0	5355572	744	20.0
1608633232.31	20000	59.868313	0.0	3278424	498	20.0
1608633233.63	20000	59.619243	0.0	2318501	234	20.0
1608633234.43	20000	59.620261	0.0	2473561	209	20.0
1608633235.24	20000	59.871356	0.0	1730311	227	20.0
1608633236.46	20000	59.622285	0.0	1455812	133	20.0
1608633237.23	20000	59.872725	0.0	2869222	180	20.0
1608633238.52	20000	59.624283	0.0	3226650	192	20.0
1608633239.27	20000	59.875241	0.0	2705936	153	20.0
1608633240.54	20000	59.626271	0.0	2998622	183	20.0
1608633241.32	20000	59.877348	0.0	2928342	191	20.0
1608633242.61	20000	59.628354	0.0	3059979	195	20.0
1608633243.42	20000	59.879248	0.0	3367422	210	20.0
1608633244.65	20000	59.630252	0.0	1950694	148	20.0
1608633245.48	20000	59.631232	0.0	1541020	242	20.0
1608633246.06	20000	59.984852	0.0	2926720	496	20.0
1608633247.57	20000	59.633249	0.0	2991202	408	20.0
1608633248.45	20000	59.634351	0.0	3002106	285	20.0
1608633249.21	20000	59.885358	0.0	2015412	175	20.0
1608633250.55	20000	59.636291	0.0	2894863	247	20.0
1608633251.32	20000	59.887392	0.0	2185316	177	20.0
1608633252.22	20000	59.888287	0.0	3370605	307	20.0
1608633253.22	20000	59.889351	0.0	3492243	403	20.0
1608633254.48	20000	59.640177	0.0	1307592	172	20.0
1608633255.35	20000	59.891292	0.0	1881404	289	20.0
1608633256.2	20000	59.892303	0.0	1806471	264	20.0
1608633257.55	20000	59.643252	0.0	1945842	260	20.0
1608633258.47	20000	59.644248	0.0	2538877	324	20.0
1608633259.36	20000	59.895294	0.0	2298557	302	20.0
1608633260.4	20000	59.896288	0.0	2831497	446	20.0
1608633263.45	20000	57.616192	0.0	3200905	2948	20.0
1608633264.68	20000	57.386768	0.0	2180586	1144	20.0
1608633265.19	20000	57.877409	0.0	1500505	427	20.0
1608633265.72	20000	58.344446	0.0	1939246	449	20.0
1608633266.11	20000	58.955879	0.0	1599193	303	20.0
1608633266.67	20000	59.398291	0.0	2364826	469	20.0
1608633267.33	20000	59.745629	0.0	2517454	565	20.0
1608633268.55	20000	59.654355	0.0	1883143	642	20.0
1608633269.23	20000	59.841333	0.0	1726706	583	20.0
1608633270.55	20000	59.656379	0.0	707364	234	20.0
1608633271.43	20000	59.657246	0.0	796460	303	20.0
1608633272.26	20000	59.908344	0.0	596962	248	20.0
1608633273.24	20000	59.90931	0.0	947625	398	20.0
1608633274.65	20000	59.660271	0.0	832859	332	20.0
1608633275.28	20000	59.911344	0.0	151562	54	20.0
1608633276.38	20000	59.912358	0.0	90390	29	20.0
1608633277.45	20000	59.663356	0.0	50278	12	20.0
1608633278.5	20000	59.664289	0.0	26471	2	20.0
1608633279.55	20000	59.665303	0.0	40620	11	20.0
1608633280.08	4000	1.000999	0.199	334032	187	-3.98
1608633284.25	4000	1.481876	3.358	6594552	4032	-63.16
1608633285.57	4000	1.301538	0.12	4402139	1226	1.6
1608633286.3	20000	1.589305	0.0	3191121	632	4.0
1608633286.72	20000	2.171092	0.0	1661718	335	20.0
1608633287.11	20000	2.780495	0.0	1315024	309	20.0
1608633287.35	20000	3.540576	0.0	698359	162	20.0
1608633287.6	20000	4.293046	0.0	730082	170	20.0
1608633288.75	20000	4.143637	0.0	4047415	1054	20.0
1608633289.64	20000	4.249242	0.0	2863079	807	20.0
1608633291.28	20000	3.611164	0.0	4167844	1544	20.0
1608633293.25	20000	2.643448	0.0	5571764	1865	20.0
1608633295.3	20000	1.599183	0.0	4925652	1942	20.0
1608633297.97	20000	1.275241	1.344	2030157	2585	-6.879999999999999
1608633299.35	20000	1.370047	0.48	2240782	1301	10.4
1608633300.86	20000	1.349414	0.483	2211169	1414	10.34
1608633301.13	20000	2.073551	0.0	382046	196	20.0
1608633301.8	20000	2.412539	0.0	1113969	577	20.0
1608633302.27	20000	2.93667	0.0	820127	394	20.0
1608633304.93	12000	1.338016	0.061	5045162	2554	2.7799999999999994
1608633305.94	12000	1.400351	0.072	3858422	917	10.56
1608633306.49	12000	1.860216	0.0	2713103	451	12.0
1608633307.06	12000	2.287288	0.0	3070467	484	12.0
1608633307.67	12000	2.679489	0.0	3391518	517	12.0
1608633308.32	16000	3.031536	0.0	3022025	551	12.0
1608633308.83	20000	3.520324	0.0	2248581	416	16.0
1608633310.76	20000	2.595114	0.0	9946363	1789	20.0
1608633312.22	20000	2.130203	0.0	11684632	1328	20.0
1608633312.5	20000	2.851285	0.0	1849732	195	20.0
1608633312.79	20000	3.562801	0.0	1942795	205	20.0
1608633313.11	20000	4.249933	0.0	1704756	228	20.0
1608633313.42	20000	4.937104	0.0	1697111	226	20.0
1608633313.71	20000	5.649507	0.0	1529441	204	20.0
1608633314.27	20000	6.087307	0.0	1568649	480	20.0
