1608592062.02	4000	1.000999	0.017	60629	7	-0.33999999999999986
1608592064.07	20000	1.374187	1.391	11007815	1861	-23.82
1608592065.69	20000	1.318448	0.313	8849724	1504	13.74
1608592066.33	20000	1.746607	0.0	3191121	543	20.0
1608592066.7	20000	2.374428	0.0	1661718	286	20.0
1608592067.0	20000	3.072032	0.0	1315024	219	20.0
1608592067.2	20000	3.876797	0.0	698359	113	20.0
1608592067.4	20000	4.675902	0.0	730082	118	20.0
1608592068.16	20000	4.918206	0.0	4047415	656	20.0
1608592068.7	20000	5.377189	0.0	2863079	449	20.0
1608592069.44	20000	5.636958	0.0	4167844	643	20.0
1608592070.39	20000	5.69343	0.0	5571764	835	20.0
1608592071.21	20000	5.86914	0.0	4925652	723	20.0
1608592071.6	20000	6.48068	0.0	2030157	300	20.0
1608592072.02	20000	7.062402	0.0	2240782	328	20.0
1608592072.44	20000	7.651022	0.0	2211169	322	20.0
1608592072.57	20000	8.516088	0.0	382046	53	20.0
1608592072.82	20000	9.272473	0.0	1113969	160	20.0
1608592073.0	20000	10.087839	0.0	820127	104	20.0
1608592073.91	20000	10.175996	0.0	6357933	803	20.0
1608592074.66	20000	10.430493	0.0	4814284	637	20.0
1608592075.21	20000	10.886539	0.0	3419258	449	20.0
1608592075.83	20000	11.265818	0.0	3944328	521	20.0
1608592076.5	20000	11.592526	0.0	4284196	574	20.0
1608592077.0	20000	12.099556	0.0	3022025	402	20.0
1608592077.36	20000	12.733454	0.0	2248581	279	20.0
1608592078.62	20000	12.479121	0.0	9946363	1127	20.0
1608592079.85	20000	12.245149	0.0	11684632	1097	20.0
1608592080.11	20000	12.991578	0.0	1849732	166	20.0
1608592080.37	20000	13.728642	0.0	1942795	174	20.0
1608592080.61	20000	14.489546	0.0	1704756	153	20.0
1608592080.85	20000	15.252758	0.0	1697111	152	20.0
1608592081.09	20000	16.010497	0.0	1529441	159	20.0
1608592081.35	20000	16.751877	0.0	1568649	175	20.0
1608592081.63	20000	17.478199	0.0	1677618	187	20.0
1608592081.87	20000	18.237778	0.0	1415096	158	20.0
1608592082.18	20000	18.926033	0.0	1894067	225	20.0
1608592082.4	20000	19.703652	0.0	1186604	141	20.0
1608592082.61	20000	20.494984	0.0	1068386	127	20.0
1608592082.9	20000	21.207418	0.0	1700843	203	20.0
1608592083.28	20000	21.830995	0.0	2536859	288	20.0
1608592083.92	20000	22.187401	0.0	4742872	541	20.0
1608592084.47	20000	22.641765	0.0	4955535	444	20.0
1608592084.67	20000	23.446534	0.0	1260540	112	20.0
1608592085.11	20000	24.00485	0.0	3605246	345	20.0
1608592085.53	20000	24.588894	0.0	2770338	325	20.0
1608592085.84	20000	25.279105	0.0	1855168	216	20.0
1608592086.1	20000	26.019736	0.0	1666915	174	20.0
1608592086.33	20000	26.786603	0.0	1555467	149	20.0
1608592086.51	20000	27.608461	0.0	1008919	96	20.0
1608592086.71	20000	28.408154	0.0	1227619	118	20.0
1608592086.89	20000	29.229943	0.0	1015853	97	20.0
1608592087.01	20000	30.115859	0.0	384076	36	20.0
1608592087.11	20000	31.009945	0.0	295687	27	20.0
1608592087.33	20000	31.799621	0.0	1328674	129	20.0
1608592087.55	20000	32.571457	0.0	1492829	145	20.0
1608592087.78	20000	33.343996	0.0	1484812	144	20.0
1608592088.05	20000	34.077237	0.0	1868314	180	20.0
1608592088.25	20000	34.876416	0.0	1253406	119	20.0
1608592088.42	20000	35.712172	0.0	887933	84	20.0
1608592088.61	20000	36.519501	0.0	1153403	109	20.0
1608592088.81	20000	37.318379	0.0	1249023	119	20.0
1608592089.04	20000	38.096927	0.0	1423973	135	20.0
1608592089.23	20000	38.900039	0.0	1060162	113	20.0
1608592089.43	20000	39.704128	0.0	1080597	116	20.0
1608592089.64	20000	40.499474	0.0	1156442	123	20.0
1608592089.96	20000	41.17169	0.0	2222640	239	20.0
1608592090.36	20000	41.782473	0.0	2587311	299	20.0
1608592090.7	20000	42.442849	0.0	2178351	251	20.0
1608592091.13	20000	43.00802	0.0	3121089	341	20.0
1608592091.5	20000	43.642222	0.0	2857420	272	20.0
1608592091.75	20000	44.393899	0.0	1702477	161	20.0
1608592091.98	20000	45.161576	0.0	1531670	145	20.0
1608592092.27	20000	45.876356	0.0	1863424	189	20.0
1608592092.56	20000	46.584903	0.0	1987392	203	20.0
1608592092.91	20000	47.238846	0.0	2505586	256	20.0
1608592093.93	20000	47.216681	0.0	9620218	897	20.0
1608592094.3	20000	47.844255	0.0	2561608	281	20.0
1608592094.81	20000	48.334734	0.0	3633991	414	20.0
1608592095.25	20000	48.898718	0.0	3324070	344	20.0
1608592095.49	20000	49.66556	0.0	1560020	148	20.0
1608592095.71	20000	50.446339	0.0	1429188	135	20.0
1608592095.96	20000	51.194992	0.0	1754144	167	20.0
1608592096.2	20000	51.956357	0.0	1626020	147	20.0
1608592096.44	20000	52.713822	0.0	1739228	158	20.0
1608592096.68	20000	53.473319	0.0	1722735	156	20.0
1608592096.91	20000	54.248888	0.0	1538145	140	20.0
1608592097.12	20000	55.038799	0.0	1473412	128	20.0
1608592097.33	20000	55.829028	0.0	1498968	127	20.0
1608592097.61	20000	56.552422	0.0	2247334	190	20.0
1608592097.97	20000	57.19133	0.0	3156442	268	20.0
1608592098.23	20000	57.931572	0.0	1895098	172	20.0
1608592098.5	20000	58.663732	0.0	1939135	181	20.0
1608592098.76	20000	59.405862	0.0	1842874	171	20.0
1608592099.56	20000	59.61206	0.0	2235830	209	20.0
1608592100.39	20000	59.863068	0.0	2202171	241	20.0
1608592101.75	20000	59.614058	0.0	2242042	265	20.0
1608592102.46	20000	59.865077	0.0	1081763	127	20.0
1608592103.38	20000	59.866076	0.0	2409013	322	20.0
1608592104.66	20000	59.617065	0.0	1615028	202	20.0
1608592105.44	20000	59.868067	0.0	1413467	191	20.0
1608592106.35	20000	59.869066	0.0	1632450	321	20.0
1608592107.62	20000	59.620063	0.0	5664827	655	20.0
1608592108.43	20000	59.744219	0.0	4578115	706	20.0
1608592109.76	20000	59.622059	0.0	1783835	246	20.0
1608592110.52	20000	59.873067	0.0	1093613	173	20.0
1608592111.78	20000	59.624058	0.0	975642	171	20.0
1608592112.34	20000	59.839516	0.0	1658005	475	20.0
1608592113.39	20000	59.876077	0.0	3055257	454	20.0
1608592114.41	20000	59.771557	0.0	5355572	914	20.0
1608592115.54	20000	59.87805	0.0	3278424	535	20.0
1608592116.54	20000	59.879078	0.0	2318501	410	20.0
1608592117.57	20000	59.630067	0.0	2473561	437	20.0
1608592118.49	20000	59.871446	0.0	1730311	325	20.0
1608592119.38	20000	59.882059	0.0	1455812	300	20.0
1608592120.23	20000	59.955948	0.0	2869222	762	20.0
1608592121.44	20000	59.884062	0.0	3226650	609	20.0
1608592122.21	20000	59.977567	0.0	2705936	681	20.0
1608592123.4	20000	59.886076	0.0	2998622	593	20.0
1608592124.58	20000	59.637071	0.0	2928342	593	20.0
1608592125.28	20000	59.915627	0.0	3059979	602	20.0
1608592126.49	20000	59.889076	0.0	3367422	623	20.0
1608592127.45	20000	59.890065	0.0	1950694	367	20.0
1608592128.32	20000	59.89106	0.0	1541020	271	20.0
1608592129.44	20000	59.892066	0.0	2926720	517	20.0
1608592130.59	20000	59.643061	0.0	2991202	565	20.0
1608592131.28	20000	59.915597	0.0	3002106	594	20.0
1608592132.71	20000	59.645064	0.0	2015412	333	20.0
1608592133.35	20000	59.85245	0.0	2894863	549	20.0
1608592134.79	20000	59.64706	0.0	2185316	355	20.0
1608592135.34	20000	59.865221	0.0	3370605	448	20.0
1608592136.34	20000	59.89898	0.0	3492243	410	20.0
1608592137.6	20000	59.650054	0.0	1307592	169	20.0
1608592138.43	20000	59.901069	0.0	1881404	243	20.0
1608592139.76	20000	59.65206	0.0	1806471	237	20.0
1608592140.6	20000	59.653054	0.0	1945842	248	20.0
1608592141.52	20000	59.904061	0.0	2538877	329	20.0
1608592142.41	20000	59.905072	0.0	2298557	302	20.0
1608592143.36	20000	59.90606	0.0	2831497	351	20.0
1608592144.46	20000	59.907057	0.0	3200905	511	20.0
1608592145.79	20000	59.658057	0.0	2180586	235	20.0
1608592146.59	20000	59.659051	0.0	1500505	213	20.0
1608592147.44	20000	59.910043	0.0	1939246	267	20.0
1608592148.74	20000	59.661049	0.0	1599193	206	20.0
1608592149.38	20000	59.834607	0.0	2364826	545	20.0
1608592150.79	20000	59.662948	0.0	2517454	312	20.0
1608592151.63	20000	59.664058	0.0	1883143	252	20.0
1608592152.46	20000	59.915102	0.0	1726706	242	20.0
1608592153.65	20000	59.666014	0.0	707364	106	20.0
1608592154.41	20000	59.917062	0.0	796460	171	20.0
1608592155.58	20000	59.667983	0.0	596962	95	20.0
1608592156.35	20000	59.918978	0.0	947625	185	20.0
1608592157.6	20000	59.670028	0.0	832859	166	20.0
1608592158.72	20000	59.670974	0.0	151562	34	20.0
1608592159.31	20000	59.921949	0.0	90390	14	20.0
1608592160.37	20000	59.922983	0.0	50278	6	20.0
1608592161.43	20000	59.923991	0.0	26471	1	20.0
1608592162.47	20000	59.924999	0.0	40620	8	20.0
1608592162.87	4000	1.000999	0.082	334032	71	-1.6399999999999997
1608592164.38	4000	1.363752	0.596	6594552	1389	-7.92
1608592166.2	20000	1.306723	0.746	8849724	1689	-10.92
1608592166.89	20000	1.653472	0.0	3191121	592	20.0
1608592167.29	20000	2.25349	0.0	1661718	312	20.0
1608592167.62	20000	2.932543	0.0	1315024	236	20.0
1608592167.82	20000	3.730311	0.0	698359	121	20.0
1608592168.03	20000	4.522833	0.0	730082	127	20.0
1608592168.84	20000	4.710287	0.0	4047415	715	20.0
1608592169.44	20000	5.112794	0.0	2863079	506	20.0
1608592170.21	20000	5.347283	0.0	4167844	668	20.0
1608592171.19	20000	5.362046	0.0	5571764	878	20.0
1608592172.1	20000	5.455165	0.0	4925652	804	20.0
1608592172.53	20000	6.030289	0.0	2030157	337	20.0
1608592172.94	20000	6.620277	0.0	2240782	320	20.0
1608592173.34	20000	7.215686	0.0	2211169	317	20.0
1608592173.48	20000	8.083061	0.0	382046	53	20.0
1608592173.71	20000	8.855107	0.0	1113969	143	20.0
1608592173.89	20000	9.669912	0.0	820127	105	20.0
1608592174.89	20000	9.67655	0.0	6357933	875	20.0
1608592175.71	20000	9.854279	0.0	4814284	717	20.0
1608592176.26	20000	10.30887	0.0	3419258	451	20.0
1608592176.81	20000	10.75652	0.0	3944328	456	20.0
1608592177.36	20000	11.210207	0.0	4284196	445	20.0
1608592177.79	20000	11.778974	0.0	3022025	338	20.0
1608592178.15	20000	12.428423	0.0	2248581	262	20.0
1608592179.31	20000	12.260054	0.0	9946363	1023	20.0
1608592180.7	20000	11.867637	0.0	11684632	1256	20.0
1608592181.21	20000	12.366964	0.0	1849732	414	20.0
1608592181.64	20000	12.938117	0.0	1942795	343	20.0
1608592181.86	20000	13.719568	0.0	1704756	134	20.0
1608592182.08	20000	14.493131	0.0	1697111	132	20.0
1608592182.29	20000	15.289719	0.0	1529441	119	20.0
1608592182.49	20000	16.083565	0.0	1568649	123	20.0
