1608554347.45	4000	1.000999	0.024	60629	13	-0.48
1608554347.87	2000	1.610341	0.0	1072422	351	0.0
1608554348.34	2000	2.135777	0.0	1121405	458	2.0
1608554349.54	20000	1.942212	0.0	3191121	1158	2.0
1608554349.85	20000	2.630112	0.0	1661718	293	20.0
1608554350.1	20000	3.38295	0.0	1315024	231	20.0
1608554350.22	20000	4.259772	0.0	698359	109	20.0
1608554350.34	20000	5.138622	0.0	730082	109	20.0
1608554350.99	20000	5.798147	0.0	4047415	613	20.0
1608554351.51	20000	6.277009	0.0	2863079	495	20.0
1608554352.31	20000	6.482487	0.0	4167844	764	20.0
1608554353.23	20000	6.561727	0.0	5571764	880	20.0
1608554354.55	20000	6.240372	0.0	4925652	1283	20.0
1608554355.3	20000	6.496133	0.0	2030157	722	20.0
1608554356.1	20000	6.697742	0.0	2240782	775	20.0
1608554356.95	20000	6.855499	0.0	2211169	819	20.0
1608554357.1	20000	7.696061	0.0	382046	138	20.0
1608554357.33	20000	8.462609	0.0	1113969	216	20.0
1608554357.47	20000	9.332345	0.0	820127	114	20.0
1608554358.51	20000	9.288832	0.0	6357933	991	20.0
1608554360.52	20000	8.279321	0.0	4814284	1967	20.0
1608554361.3	20000	8.499263	0.0	3419258	749	20.0
1608554362.27	20000	8.533702	0.0	3944328	933	20.0
1608554363.16	20000	8.648155	0.0	4284196	850	20.0
1608554363.76	20000	9.04848	0.0	3022025	572	20.0
1608554364.21	20000	9.599324	0.0	2248581	424	20.0
1608554365.97	20000	8.835644	0.0	9946363	1684	20.0
1608554368.71	20000	7.098218	0.0	11684632	2664	20.0
1608554369.07	20000	7.742874	0.0	1849732	333	20.0
1608554369.48	20000	8.331857	0.0	1942795	390	20.0
1608554369.9	20000	8.906831	0.0	1704756	403	20.0
1608554370.32	20000	9.48688	0.0	1697111	399	20.0
1608554370.73	20000	10.084211	0.0	1529441	383	20.0
1608554371.14	20000	10.670992	0.0	1568649	393	20.0
1608554371.57	20000	11.240062	0.0	1677618	409	20.0
1608554371.94	20000	11.876583	0.0	1415096	344	20.0
1608554373.05	20000	11.769177	0.0	1894067	1079	20.0
1608554374.8	20000	11.019505	0.0	1186604	1731	20.0
1608554375.41	20000	11.406754	0.0	1068386	596	20.0
1608554375.71	20000	12.109014	0.0	1700843	276	20.0
1608554376.16	20000	12.664266	0.0	2536859	413	20.0
1608554376.84	20000	12.978742	0.0	4742872	649	20.0
1608554377.51	20000	13.309113	0.0	4955535	632	20.0
1608554377.68	20000	14.139088	0.0	1260540	150	20.0
1608554378.15	20000	14.67366	0.0	3605246	435	20.0
1608554378.61	20000	15.211771	0.0	2770338	435	20.0
1608554379.02	20000	15.808598	0.0	1855168	373	20.0
1608554379.37	20000	16.452473	0.0	1666915	335	20.0
1608554379.74	20000	17.08458	0.0	1555467	347	20.0
1608554379.99	20000	17.842676	0.0	1008919	223	20.0
1608554380.28	20000	18.550714	0.0	1227619	273	20.0
1608554380.45	20000	19.380971	0.0	1015853	150	20.0
1608554380.51	20000	20.322745	0.0	384076	45	20.0
1608554380.56	20000	21.274416	0.0	295687	33	20.0
1608554380.74	20000	22.095898	0.0	1328674	159	20.0
1608554380.94	20000	22.895608	0.0	1492829	179	20.0
1608554381.14	20000	23.696965	0.0	1484812	178	20.0
1608554381.39	20000	24.450911	0.0	1868314	224	20.0
1608554381.57	20000	25.271143	0.0	1253406	161	20.0
1608554381.7	20000	26.141218	0.0	887933	114	20.0
1608554381.87	20000	26.973501	0.0	1153403	149	20.0
1608554382.05	20000	27.787382	0.0	1249023	159	20.0
1608554382.26	20000	28.584126	0.0	1423973	184	20.0
1608554382.44	20000	29.401756	0.0	1060162	164	20.0
1608554382.71	20000	30.130457	0.0	1080597	254	20.0
1608554383.0	20000	30.84054	0.0	1156442	273	20.0
1608554384.1	20000	30.743645	0.0	2222640	1073	20.0
1608554384.73	20000	31.12117	0.0	2587311	595	20.0
1608554385.06	20000	31.790385	0.0	2178351	306	20.0
1608554385.6	20000	32.253958	0.0	3121089	508	20.0
1608554386.27	20000	32.584967	0.0	2857420	641	20.0
1608554386.69	20000	33.163436	0.0	1702477	400	20.0
1608554387.08	20000	33.770689	0.0	1531670	372	20.0
1608554387.55	20000	34.307123	0.0	1863424	442	20.0
1608554388.03	20000	34.827435	0.0	1987392	457	20.0
1608554388.76	20000	35.097142	0.0	2505586	705	20.0
1608554394.59	20000	30.26335	0.0	9620218	5765	20.0
1608554396.0	20000	29.86172	0.0	2561608	1375	20.0
1608554397.02	20000	29.842198	0.0	3633991	986	20.0
1608554397.85	20000	30.007486	0.0	3324070	805	20.0
1608554398.28	20000	30.584717	0.0	1560020	403	20.0
1608554398.62	20000	31.238608	0.0	1429188	325	20.0
1608554399.0	20000	31.86302	0.0	1754144	354	20.0
1608554399.35	20000	32.514677	0.0	1626020	328	20.0
1608554399.7	20000	33.16606	0.0	1739228	328	20.0
1608554400.04	20000	33.828258	0.0	1722735	317	20.0
1608554400.34	20000	34.523579	0.0	1538145	282	20.0
1608554400.71	20000	35.158401	0.0	1473412	345	20.0
1608554401.16	20000	35.710785	0.0	1498968	427	20.0
1608554401.99	20000	35.881279	0.0	2247334	805	20.0
1608554403.4	20000	35.472105	0.0	3156442	1373	20.0
1608554404.06	20000	35.80659	0.0	1895098	644	20.0
1608554404.73	20000	36.146481	0.0	1939135	637	20.0
1608554405.36	20000	36.513121	0.0	1842874	610	20.0
1608554406.4	20000	36.473119	0.0	2235830	1015	20.0
1608554406.87	20000	37.009123	0.0	2202171	441	20.0
1608554407.27	20000	37.605886	0.0	2242042	380	20.0
1608554407.47	20000	38.405344	0.0	1081763	181	20.0
1608554408.48	20000	38.396042	0.0	2409013	980	20.0
1608554408.89	20000	38.988876	0.0	1615028	387	20.0
1608554409.24	20000	39.643747	0.0	1413467	324	20.0
1608554409.63	20000	40.254936	0.0	1632450	367	20.0
1608554410.97	20000	39.91304	0.0	5664827	1289	20.0
1608554412.07	20000	39.814094	0.0	4578115	1062	20.0
1608554412.47	20000	40.412298	0.0	1783835	378	20.0
1608554412.75	20000	41.136399	0.0	1093613	256	20.0
1608554413.01	20000	41.877372	0.0	975642	243	20.0
1608554413.45	20000	42.441761	0.0	1658005	416	20.0
1608554413.98	20000	42.904469	0.0	3055257	510	20.0
1608554414.86	20000	43.030715	0.0	5355572	834	20.0
1608554415.42	20000	43.474827	0.0	3278424	525	20.0
1608554415.74	20000	44.153051	0.0	2318501	298	20.0
1608554416.04	20000	44.860476	0.0	2473561	267	20.0
1608554416.25	20000	45.647611	0.0	1730311	184	20.0
1608554416.42	20000	46.470351	0.0	1455812	156	20.0
1608554416.78	20000	47.111631	0.0	2869222	332	20.0
1608554417.21	20000	47.683394	0.0	3226650	401	20.0
1608554417.58	20000	48.320779	0.0	2705936	336	20.0
1608554417.89	20000	49.012362	0.0	2998622	279	20.0
1608554418.19	20000	49.712176	0.0	2928342	274	20.0
1608554418.5	20000	50.397436	0.0	3059979	286	20.0
1608554418.8	20000	51.102119	0.0	3367422	265	20.0
1608554418.97	20000	51.936928	0.0	1950694	143	20.0
1608554419.1	20000	52.80337	0.0	1541020	113	20.0
1608554419.34	20000	53.561106	0.0	2926720	215	20.0
1608554419.59	20000	54.312037	0.0	2991202	220	20.0
1608554419.82	20000	55.087765	0.0	3002106	197	20.0
1608554419.97	20000	55.93319	0.0	2015412	132	20.0
1608554420.19	20000	56.715115	0.0	2894863	190	20.0
1608554420.36	20000	57.546902	0.0	2185316	143	20.0
1608554420.62	20000	58.294599	0.0	3370605	222	20.0
1608554421.32	20000	58.587307	0.0	3492243	676	20.0
1608554421.6	20000	59.31664	0.0	1307592	250	20.0
1608554422.33	20000	59.712873	0.0	1881404	214	20.0
1608554423.06	20000	59.963939	0.0	1806471	202	20.0
1608554424.47	20000	59.447454	0.0	1945842	1386	20.0
1608554430.18	20000	54.741614	0.0	2538877	5673	20.0
1608554430.47	20000	55.447558	0.0	2298557	269	20.0
1608554430.83	20000	56.084939	0.0	2831497	334	20.0
1608554431.25	20000	56.670148	0.0	3200905	386	20.0
1608554431.54	20000	57.384445	0.0	2180586	262	20.0
1608554431.74	20000	58.177902	0.0	1500505	186	20.0
1608554432.04	20000	58.880813	0.0	1939246	273	20.0
1608554432.29	20000	59.635817	0.0	1599193	225	20.0
1608554433.15	20000	59.973837	0.0	2364826	333	20.0
1608554434.07	20000	59.974842	0.0	2517454	387	20.0
1608554435.36	20000	59.725949	0.0	1883143	268	20.0
1608554436.09	20000	59.97692	0.0	1726706	202	20.0
1608554437.29	20000	59.727841	0.0	707364	181	20.0
1608554438.43	20000	59.728887	0.0	796460	125	20.0
1608554439.03	20000	59.97992	0.0	596962	86	20.0
1608554440.2	20000	59.73075	0.0	947625	150	20.0
1608554441.41	20000	59.731863	0.0	832859	184	20.0
1608554442.44	20000	59.732834	0.0	151562	18	20.0
1608554442.97	20000	59.983835	0.0	90390	10	20.0
1608554443.99	20000	59.984831	0.0	50278	4	20.0
1608554445.01	20000	59.98584	0.0	26471	1	20.0
1608554446.03	20000	59.986831	0.0	40620	3	20.0
1608554446.38	4000	1.000999	0.063	334032	51	-1.2599999999999998
1608554448.15	20000	1.338971	0.827	11007815	1672	-12.54
1608554449.65	20000	1.300523	0.433	8849724	1441	11.34
1608554450.14	20000	1.842539	0.0	3191121	465	20.0
1608554450.39	20000	2.595341	0.0	1661718	226	20.0
1608554450.59	20000	3.397879	0.0	1315024	178	20.0
1608554450.7	20000	4.289183	0.0	698359	93	20.0
1608554450.81	20000	5.176884	0.0	730082	97	20.0
1608554451.42	20000	5.564695	0.0	4047415	581	20.0
1608554451.87	20000	6.123674	0.0	2863079	414	20.0
1608554452.59	20000	6.404938	0.0	4167844	679	20.0
1608554453.51	20000	6.479585	0.0	5571764	883	20.0
1608554454.32	20000	6.67654	0.0	4925652	764	20.0
1608554454.65	20000	7.342067	0.0	2030157	311	20.0
1608554455.03	20000	7.968617	0.0	2240782	350	20.0
1608554455.4	20000	8.59207	0.0	2211169	352	20.0
1608554455.48	20000	9.518803	0.0	382046	58	20.0
1608554455.68	20000	10.319074	0.0	1113969	175	20.0
1608554455.83	20000	11.174161	0.0	820127	129	20.0
1608554457.07	20000	10.933897	0.0	6357933	1194	20.0
1608554458.13	20000	10.870217	0.0	4814284	1028	20.0
1608554458.77	20000	11.234575	0.0	3419258	606	20.0
1608554459.72	20000	11.285989	0.0	3944328	915	20.0
1608554460.77	20000	11.234419	0.0	4284196	1015	20.0
1608554462.48	20000	10.520714	0.0	3022025	1685	20.0
1608554463.12	20000	10.889261	0.0	2248581	607	20.0
1608554466.02	20000	8.992335	0.0	9946363	2824	20.0
1608554469.51	20000	6.493718	0.0	11684632	3418	20.0
1608554470.02	20000	6.98569	0.0	1849732	484	20.0
1608554470.54	20000	7.474146	0.0	1942795	488	20.0
1608554470.99	20000	8.023021	0.0	1704756	430	20.0
1608554471.5	20000	8.516532	0.0	1697111	484	20.0
1608554471.96	20000	9.053154	0.0	1529441	443	20.0
1608554472.79	20000	9.222637	0.0	1568649	810	20.0
1608554473.29	20000	9.725824	0.0	1677618	471	20.0
