1608640960.99	4000	1.000999	0.014	60629	5	-0.28000000000000025
1608640962.47	20000	1.396631	0.777	11007815	1314	-11.54
1608640964.22	20000	1.342793	0.436	8849724	1624	11.28
1608640964.73	20000	1.871	0.0	3191121	415	20.0
1608640965.02	20000	2.576576	0.0	1661718	205	20.0
1608640965.27	20000	3.327871	0.0	1315024	161	20.0
1608640965.44	20000	4.159719	0.0	698359	85	20.0
1608640965.62	20000	4.987532	0.0	730082	89	20.0
1608640966.31	20000	5.293276	0.0	4047415	597	20.0
1608640966.87	20000	5.733803	0.0	2863079	467	20.0
1608640968.07	20000	5.537646	0.0	4167844	1084	20.0
1608640968.9	20000	5.710309	0.0	5571764	723	20.0
1608640969.62	20000	5.985401	0.0	4925652	622	20.0
1608640969.95	20000	6.655499	0.0	2030157	241	20.0
1608640970.3	20000	7.315598	0.0	2240782	256	20.0
1608640970.63	20000	7.97793	0.0	2211169	251	20.0
1608640970.75	20000	8.85866	0.0	382046	41	20.0
1608640970.97	20000	9.647248	0.0	1113969	130	20.0
1608640971.14	20000	10.470201	0.0	820127	96	20.0
1608640972.03	20000	10.586238	0.0	6357933	774	20.0
1608640972.78	20000	10.836945	0.0	4814284	647	20.0
1608640973.47	20000	11.14704	0.0	3419258	594	20.0
1608640974.21	20000	11.411651	0.0	3944328	640	20.0
1608640974.96	20000	11.662371	0.0	4284196	653	20.0
1608640975.49	20000	12.134753	0.0	3022025	434	20.0
1608640975.89	20000	12.728086	0.0	2248581	319	20.0
1608640977.33	20000	12.292877	0.0	9946363	1310	20.0
1608640978.98	20000	11.640012	0.0	11684632	1517	20.0
1608640979.28	20000	12.348974	0.0	1849732	204	20.0
1608640979.58	20000	13.048727	0.0	1942795	215	20.0
1608640979.85	20000	13.774698	0.0	1704756	188	20.0
1608640980.18	20000	14.452462	0.0	1697111	238	20.0
1608640980.47	20000	15.154594	0.0	1529441	214	20.0
1608640980.78	20000	15.851567	0.0	1568649	220	20.0
1608640981.18	20000	16.454087	0.0	1677618	312	20.0
1608640981.54	20000	17.091365	0.0	1415096	278	20.0
1608640981.97	20000	17.663903	0.0	1894067	339	20.0
1608640982.2	20000	18.433513	0.0	1186604	146	20.0
1608640982.42	20000	19.218116	0.0	1068386	131	20.0
1608640982.72	20000	19.914337	0.0	1700843	208	20.0
1608640983.14	20000	20.493329	0.0	2536859	329	20.0
1608640983.89	20000	20.75091	0.0	4742872	637	20.0
1608640984.56	20000	21.081519	0.0	4955535	566	20.0
1608640984.79	20000	21.853612	0.0	1260540	143	20.0
1608640985.32	20000	22.318406	0.0	3605246	441	20.0
1608640985.76	20000	22.885057	0.0	2770338	343	20.0
1608640986.09	20000	23.558223	0.0	1855168	239	20.0
1608640986.41	20000	24.235767	0.0	1666915	224	20.0
1608640986.7	20000	24.940476	0.0	1555467	210	20.0
1608640986.92	20000	25.722096	0.0	1008919	137	20.0
1608640987.13	20000	26.519672	0.0	1227619	120	20.0
1608640987.31	20000	27.338806	0.0	1015853	99	20.0
1608640987.43	20000	28.223549	0.0	384076	37	20.0
1608640987.53	20000	29.118006	0.0	295687	28	20.0
1608640987.74	20000	29.906058	0.0	1328674	131	20.0
1608640987.98	20000	30.675384	0.0	1492829	147	20.0
1608640988.21	20000	31.442401	0.0	1484812	149	20.0
1608640988.49	20000	32.167316	0.0	1868314	189	20.0
1608640988.7	20000	32.95753	0.0	1253406	127	20.0
1608640988.87	20000	33.786	0.0	887933	88	20.0
1608640989.06	20000	34.594681	0.0	1153403	109	20.0
1608640989.27	20000	35.391283	0.0	1249023	118	20.0
1608640989.5	20000	36.163492	0.0	1423973	135	20.0
1608640989.68	20000	36.980748	0.0	1060162	100	20.0
1608640989.87	20000	37.795855	0.0	1080597	102	20.0
1608640990.06	20000	38.60583	0.0	1156442	106	20.0
1608640990.35	20000	39.310639	0.0	2222640	208	20.0
1608640990.69	20000	39.978972	0.0	2587311	242	20.0
1608640990.98	20000	40.687996	0.0	2178351	204	20.0
1608640991.48	20000	41.182589	0.0	3121089	412	20.0
1608640991.95	20000	41.713161	0.0	2857420	378	20.0
1608640992.18	20000	42.483625	0.0	1702477	144	20.0
1608640992.4	20000	43.270472	0.0	1531670	130	20.0
1608640992.64	20000	44.027021	0.0	1863424	158	20.0
1608640992.9	20000	44.773248	0.0	1987392	168	20.0
1608640993.27	20000	45.400242	0.0	2505586	285	20.0
1608640994.65	20000	45.025958	0.0	9620218	1252	20.0
1608640995.06	20000	45.617534	0.0	2561608	318	20.0
1608640995.41	20000	46.261607	0.0	3633991	253	20.0
1608640995.74	20000	46.935683	0.0	3324070	232	20.0
1608640995.93	20000	47.742638	0.0	1560020	109	20.0
1608640996.15	20000	48.532013	0.0	1429188	127	20.0
1608640996.39	20000	49.287826	0.0	1754144	156	20.0
1608640996.62	20000	50.055998	0.0	1626020	145	20.0
1608640996.87	20000	50.813554	0.0	1739228	155	20.0
1608640997.37	20000	51.316852	0.0	1722735	410	20.0
1608640997.94	20000	51.739585	0.0	1538145	489	20.0
1608640998.27	20000	52.417056	0.0	1473412	239	20.0
1608640998.59	20000	53.091095	0.0	1498968	243	20.0
1608640999.04	20000	53.649603	0.0	2247334	354	20.0
1608640999.45	20000	54.238096	0.0	3156442	321	20.0
1608640999.73	20000	54.961462	0.0	1895098	192	20.0
1608641000.01	20000	55.679235	0.0	1939135	197	20.0
1608641000.25	20000	56.44232	0.0	1842874	150	20.0
1608641000.52	20000	57.167151	0.0	2235830	180	20.0
1608641000.79	20000	57.90348	0.0	2202171	178	20.0
1608641001.06	20000	58.63346	0.0	2242042	184	20.0
1608641001.24	20000	59.459009	0.0	1081763	94	20.0
1608641002.04	20000	59.843845	0.0	2409013	211	20.0
1608641003.27	20000	59.603508	0.0	1615028	148	20.0
1608641004.03	20000	59.854591	0.0	1413467	174	20.0
1608641004.96	20000	59.7364	0.0	1632450	844	20.0
1608641006.78	20000	58.920562	0.0	5664827	1707	20.0
1608641007.97	20000	58.728862	0.0	4578115	1087	20.0
1608641008.4	20000	59.30592	0.0	1783835	336	20.0
1608641009.18	20000	59.609493	0.0	1093613	204	20.0
1608641009.94	20000	59.86042	0.0	975642	174	20.0
1608641010.87	20000	59.861479	0.0	1658005	346	20.0
1608641011.93	20000	59.862486	0.0	3055257	459	20.0
1608641012.97	20000	59.735433	0.0	5355572	937	20.0
1608641014.17	20000	59.61447	0.0	3278424	603	20.0
1608641015.05	20000	59.865478	0.0	2318501	291	20.0
1608641015.94	20000	59.86655	0.0	2473561	302	20.0
1608641017.25	20000	59.617554	0.0	1730311	224	20.0
1608641018.02	20000	59.86855	0.0	1455812	180	20.0
1608641018.97	20000	59.86959	0.0	2869222	359	20.0
1608641019.96	20000	59.870602	0.0	3226650	405	20.0
1608641020.91	20000	59.871484	0.0	2705936	353	20.0
1608641021.86	20000	59.87247	0.0	2998622	351	20.0
1608641023.31	20000	59.623491	0.0	2928342	363	20.0
1608641023.85	20000	59.865104	0.0	3059979	446	20.0
1608641024.9	20000	59.875541	0.0	3367422	455	20.0
1608641026.24	20000	59.62652	0.0	1950694	252	20.0
1608641027.11	20000	59.627406	0.0	1541020	283	20.0
1608641028.04	20000	59.878477	0.0	2926720	333	20.0
1608641029.1	20000	59.629511	0.0	2991202	470	20.0
1608641029.92	20000	59.806413	0.0	3002106	723	20.0
1608641031.33	20000	59.631545	0.0	2015412	327	20.0
1608641031.77	20000	59.959802	0.0	2894863	344	20.0
1608641033.11	20000	59.633523	0.0	2185316	259	20.0
1608641034.19	20000	59.634567	0.0	3370605	485	20.0
1608641035.2	20000	59.529847	0.0	3492243	907	20.0
1608641036.02	20000	59.886483	0.0	1307592	235	20.0
1608641036.85	20000	59.887474	0.0	1881404	240	20.0
1608641038.11	20000	59.638507	0.0	1806471	164	20.0
1608641039.33	20000	59.639523	0.0	1945842	135	20.0
1608641040.08	20000	59.890475	0.0	2538877	154	20.0
1608641041.31	20000	59.641528	0.0	2298557	140	20.0
1608641042.08	20000	59.892487	0.0	2831497	171	20.0
1608641042.87	20000	59.893466	0.0	3200905	195	20.0
1608641044.09	20000	59.894565	0.0	2180586	132	20.0
1608641045.26	20000	59.645475	0.0	1500505	85	20.0
1608641045.98	20000	59.896463	0.0	1939246	130	20.0
1608641047.18	20000	59.647554	0.0	1599193	113	20.0
1608641047.94	20000	59.898457	0.0	2364826	167	20.0
1608641049.21	20000	59.649485	0.0	2517454	174	20.0
1608641049.91	20000	59.900457	0.0	1883143	114	20.0
1608641051.09	20000	59.65156	0.0	1726706	96	20.0
1608641052.22	20000	59.652565	0.0	707364	40	20.0
1608641052.87	20000	59.903548	0.0	796460	62	20.0
1608641054.0	20000	59.904532	0.0	596962	53	20.0
1608641055.15	20000	59.655574	0.0	947625	64	20.0
1608641056.31	20000	59.656472	0.0	832859	71	20.0
1608641056.91	20000	59.907482	0.0	151562	14	20.0
1608641057.98	20000	59.908473	0.0	90390	7	20.0
1608641059.05	20000	59.909484	0.0	50278	2	20.0
1608641060.1	20000	59.660568	0.0	26471	0	20.0
1608641061.14	20000	59.661487	0.0	40620	2	20.0
1608641061.48	4000	1.000999	0.036	334032	24	-0.7199999999999998
1608641062.47	20000	1.285191	0.0	11007815	814	4.0
1608641063.26	20000	1.525576	0.0	8849724	660	20.0
1608641063.58	20000	2.200469	0.0	3191121	229	20.0
1608641063.79	20000	2.998308	0.0	1661718	117	20.0
1608641063.96	20000	3.843396	0.0	1315024	92	20.0
1608641064.09	20000	4.715267	0.0	698359	49	20.0
1608641064.23	20000	5.579544	0.0	730082	50	20.0
1608641064.62	20000	6.186251	0.0	4047415	300	20.0
1608641064.93	20000	6.881097	0.0	2863079	215	20.0
1608641065.34	20000	7.471591	0.0	4167844	316	20.0
1608641065.9	20000	7.91038	0.0	5571764	455	20.0
1608641066.4	20000	8.410479	0.0	4925652	402	20.0
1608641066.73	20000	9.081079	0.0	2030157	244	20.0
1608641067.1	20000	9.725748	0.0	2240782	270	20.0
1608641067.45	20000	10.361695	0.0	2211169	271	20.0
1608641067.61	20000	11.207888	0.0	382046	75	20.0
1608641067.92	20000	11.897335	0.0	1113969	229	20.0
1608641068.17	20000	12.650439	0.0	820127	168	20.0
1608641068.98	20000	12.840292	0.0	6357933	704	20.0
1608641069.56	20000	13.260855	0.0	4814284	482	20.0
1608641070.1	20000	13.723888	0.0	3419258	445	20.0
1608641071.19	20000	13.639362	0.0	3944328	977	20.0
1608641072.24	20000	13.585461	0.0	4284196	955	20.0
1608641072.76	20000	14.065342	0.0	3022025	428	20.0
1608641073.13	20000	14.698332	0.0	2248581	278	20.0
1608641074.44	20000	14.386205	0.0	9946363	1183	20.0
1608641075.53	20000	14.295725	0.0	11684632	956	20.0
1608641075.84	20000	14.98895	0.0	1849732	219	20.0
1608641076.16	20000	15.67315	0.0	1942795	230	20.0
1608641076.44	20000	16.387976	0.0	1704756	201	20.0
1608641076.75	20000	17.085065	0.0	1697111	220	20.0
1608641077.03	20000	17.804003	0.0	1529441	198	20.0
1608641077.32	20000	18.517323	0.0	1568649	203	20.0
1608641077.56	20000	19.273775	0.0	1677618	160	20.0
