1609193054.11	4000	1.000999	0.012	60629	3	-0.2400000000000002
1609193055.03	20000	1.483346	0.361	11007815	739	-3.219999999999999
1609193055.7	20000	2.029783	0.0	8849724	543	20.0
1609193055.99	20000	2.746768	0.0	3191121	196	20.0
1609193056.17	20000	3.563106	0.0	1661718	98	20.0
1609193056.34	20000	4.502542	0.0	1315024	76	20.0
1609193056.46	20000	5.379963	0.0	698359	41	20.0
1609193056.58	20000	6.25609	0.0	730082	43	20.0
1609193056.94	20000	6.933632	0.0	4047415	243	20.0
1609193057.2	20000	7.66684	0.0	2863079	168	20.0
1609193057.54	20000	8.325418	0.0	4167844	244	20.0
1609193057.97	20000	8.89148	0.0	5571764	327	20.0
1609193058.38	20000	9.487797	0.0	4925652	303	20.0
1609193058.59	20000	10.273548	0.0	2030157	124	20.0
1609193058.82	20000	11.050691	0.0	2240782	137	20.0
1609193059.05	20000	11.819788	0.0	2211169	135	20.0
1609193059.15	20000	12.719295	0.0	382046	22	20.0
1609193059.3	20000	13.569544	0.0	1113969	67	20.0
1609193059.43	20000	14.439389	0.0	820127	49	20.0
1609193059.93	20000	14.942042	0.0	6357933	389	20.0
1609193060.31	20000	15.569435	0.0	4814284	269	20.0
1609193060.59	20000	16.284712	0.0	3419258	191	20.0
1609193060.91	20000	16.968998	0.0	3944328	220	20.0
1609193061.24	20000	17.633047	0.0	4284196	232	20.0
1609193061.5	20000	18.378655	0.0	3022025	164	20.0
1609193061.71	20000	19.168716	0.0	2248581	122	20.0
1609193062.4	20000	19.48492	0.0	9946363	555	20.0
1609193063.19	20000	19.692315	0.0	11684632	656	20.0
1609193063.38	20000	20.503722	0.0	1849732	97	20.0
1609193063.57	20000	21.314536	0.0	1942795	102	20.0
1609193063.75	20000	22.138829	0.0	1704756	90	20.0
1609193063.92	20000	22.963318	0.0	1697111	88	20.0
1609193064.08	20000	23.807498	0.0	1529441	71	20.0
1609193064.24	20000	24.652206	0.0	1568649	70	20.0
1609193064.4	20000	25.492239	0.0	1677618	74	20.0
1609193064.54	20000	26.34535	0.0	1415096	63	20.0
1609193064.72	20000	27.173381	0.0	1894067	84	20.0
1609193064.86	20000	28.037437	0.0	1186604	53	20.0
1609193064.99	20000	28.901821	0.0	1068386	45	20.0
1609193065.15	20000	29.74485	0.0	1700843	71	20.0
1609193065.35	20000	30.546338	0.0	2536859	108	20.0
1609193065.65	20000	31.242163	0.0	4742872	202	20.0
1609193065.97	20000	31.930047	0.0	4955535	211	20.0
1609193066.1	20000	32.793446	0.0	1260540	52	20.0
1609193066.35	20000	33.544957	0.0	3605246	151	20.0
1609193066.57	20000	34.337696	0.0	2770338	116	20.0
1609193066.73	20000	35.166874	0.0	1855168	76	20.0
1609193066.89	20000	36.012137	0.0	1666915	69	20.0
1609193067.04	20000	36.861769	0.0	1555467	65	20.0
1609193067.17	20000	37.730836	0.0	1008919	48	20.0
1609193067.32	20000	38.58759	0.0	1227619	59	20.0
1609193067.45	20000	39.454965	0.0	1015853	49	20.0
1609193067.55	20000	40.357577	0.0	384076	18	20.0
1609193067.64	20000	41.265698	0.0	295687	13	20.0
1609193067.79	20000	42.117896	0.0	1328674	64	20.0
1609193067.95	20000	42.961822	0.0	1492829	72	20.0
1609193068.11	20000	43.798654	0.0	1484812	79	20.0
1609193068.31	20000	44.60322	0.0	1868314	108	20.0
1609193068.46	20000	45.447844	0.0	1253406	72	20.0
1609193068.6	20000	46.315096	0.0	887933	51	20.0
1609193068.75	20000	47.166523	0.0	1153403	67	20.0
1609193068.9	20000	48.011131	0.0	1249023	72	20.0
1609193069.07	20000	48.845657	0.0	1423973	81	20.0
1609193069.21	20000	49.704747	0.0	1060162	59	20.0
1609193069.36	20000	50.56152	0.0	1080597	60	20.0
1609193069.51	20000	51.414271	0.0	1156442	64	20.0
1609193069.73	20000	52.195785	0.0	2222640	124	20.0
1609193069.97	20000	52.956642	0.0	2587311	145	20.0
1609193070.17	20000	53.750913	0.0	2178351	118	20.0
1609193070.43	20000	54.491559	0.0	3121089	169	20.0
1609193070.69	20000	55.238982	0.0	2857420	154	20.0
1609193070.86	20000	56.06127	0.0	1702477	92	20.0
1609193071.03	20000	56.894933	0.0	1531670	83	20.0
1609193071.22	20000	57.70726	0.0	1863424	100	20.0
1609193071.41	20000	58.514535	0.0	1987392	107	20.0
1609193071.64	20000	59.290173	0.0	2505586	134	20.0
1609193072.29	20000	59.637168	0.0	9620218	527	20.0
1609193073.53	20000	59.587455	0.0	2561608	145	20.0
1609193074.36	20000	59.588461	0.0	3633991	212	20.0
1609193075.15	20000	59.839422	0.0	3324070	195	20.0
1609193076.32	20000	59.840415	0.0	1560020	89	20.0
1609193077.49	20000	59.59143	0.0	1429188	77	20.0
1609193078.18	20000	59.842426	0.0	1754144	98	20.0
1609193079.36	20000	59.593429	0.0	1626020	93	20.0
1609193080.55	20000	59.594455	0.0	1739228	101	20.0
1609193081.24	20000	59.845439	0.0	1722735	100	20.0
1609193082.42	20000	59.596418	0.0	1538145	88	20.0
1609193083.58	20000	59.597449	0.0	1473412	80	20.0
1609193084.25	20000	59.848434	0.0	1498968	82	20.0
1609193085.48	20000	59.599432	0.0	2247334	138	20.0
1609193086.27	20000	59.850394	0.0	3156442	199	20.0
1609193087.48	20000	59.601437	0.0	1895098	117	20.0
1609193088.2	20000	59.852403	0.0	1939135	131	20.0
1609193089.43	20000	59.60343	0.0	1842874	142	20.0
1609193090.19	20000	59.854343	0.0	2235830	169	20.0
1609193091.44	20000	59.60543	0.0	2202171	160	20.0
1609193092.22	20000	59.856428	0.0	2242042	182	20.0
1609193093.4	20000	59.60743	0.0	1081763	94	20.0
1609193094.19	20000	59.85843	0.0	2409013	205	20.0
1609193095.43	20000	59.609416	0.0	1615028	151	20.0
1609193096.17	20000	59.860519	0.0	1413467	144	20.0
1609193097.4	20000	59.611429	0.0	1632450	151	20.0
1609193098.01	20000	59.948925	0.0	5664827	493	20.0
1609193099.51	20000	59.613457	0.0	4578115	402	20.0
1609193100.29	20000	59.86452	0.0	1783835	191	20.0
1609193101.48	20000	59.615408	0.0	1093613	104	20.0
1609193102.15	20000	59.866486	0.0	975642	82	20.0
1609193103.4	20000	59.617426	0.0	1658005	167	20.0
1609193104.38	20000	59.618425	0.0	3055257	381	20.0
1609193105.18	20000	59.785146	0.0	5355572	693	20.0
1609193106.27	20000	59.870469	0.0	3278424	487	20.0
1609193107.23	20000	59.871499	0.0	2318501	372	20.0
1609193108.11	20000	59.872505	0.0	2473561	280	20.0
1609193109.39	20000	59.62352	0.0	1730311	198	20.0
1609193110.14	20000	59.874526	0.0	1455812	157	20.0
1609193111.52	20000	59.625395	0.0	2869222	282	20.0
1609193112.0	20000	59.965688	0.0	3226650	391	20.0
1609193113.43	20000	59.627408	0.0	2705936	330	20.0
1609193114.35	20000	59.628412	0.0	2998622	327	20.0
1609193115.25	20000	59.879506	0.0	2928342	303	20.0
1609193116.16	20000	59.880486	0.0	3059979	315	20.0
1609193117.55	20000	59.562752	0.0	3367422	296	20.0
1609193118.29	20000	59.863822	0.0	1950694	152	20.0
1609193119.53	20000	59.633397	0.0	1541020	142	20.0
1609193120.38	20000	59.634517	0.0	2926720	251	20.0
1609193121.22	20000	59.885449	0.0	2991202	247	20.0
1609193122.1	20000	59.886502	0.0	3002106	285	20.0
1609193123.39	20000	59.637494	0.0	2015412	200	20.0
1609193124.2	20000	59.888449	0.0	2894863	211	20.0
1609193125.45	20000	59.639484	0.0	2185316	159	20.0
1609193126.32	20000	59.821829	0.0	3370605	283	20.0
1609193127.26	20000	59.89151	0.0	3492243	336	20.0
1609193128.47	20000	59.642408	0.0	1307592	133	20.0
1609193129.31	20000	59.893527	0.0	1881404	249	20.0
1609193130.13	20000	59.894526	0.0	1806471	231	20.0
1609193131.48	20000	59.645406	0.0	1945842	253	20.0
1609193132.45	20000	59.64644	0.0	2538877	380	20.0
1609193133.44	20000	59.647436	0.0	2298557	398	20.0
1609193134.0	20000	59.988543	0.0	2831497	475	20.0
1609193135.18	20000	59.899432	0.0	3200905	578	20.0
1609193136.22	20000	59.900501	0.0	2180586	451	20.0
1609193137.11	20000	59.901421	0.0	1500505	297	20.0
1609193138.58	20000	59.652458	0.0	1939246	390	20.0
1609193139.01	20000	59.991274	0.0	1599193	336	20.0
1609193140.58	20000	59.654445	0.0	2364826	483	20.0
1609193141.08	20000	59.922088	0.0	2517454	406	20.0
1609193142.48	20000	59.656407	0.0	1883143	301	20.0
1609193143.36	20000	59.657418	0.0	1726706	289	20.0
1609193144.57	20000	59.658402	0.0	707364	127	20.0
1609193145.24	20000	59.909387	0.0	796460	91	20.0
1609193146.4	20000	59.660411	0.0	596962	68	20.0
1609193147.57	20000	59.66143	0.0	947625	84	20.0
1609193148.24	20000	59.912491	0.0	832859	85	20.0
1609193149.34	20000	59.91342	0.0	151562	13	20.0
1609193150.42	20000	59.664428	0.0	90390	9	20.0
1609193151.49	20000	59.665427	0.0	50278	3	20.0
1609193152.54	20000	59.666427	0.0	26471	5	20.0
1609193153.58	20000	59.667429	0.0	40620	1	20.0
1609193153.91	4000	1.000999	0.035	334032	24	-0.7000000000000002
1609193154.86	20000	1.341854	0.0	11007815	768	4.0
1609193155.58	20000	1.614114	0.0	8849724	605	20.0
1609193155.87	20000	2.351749	0.0	3191121	193	20.0
1609193156.06	20000	3.16576	0.0	1661718	100	20.0
1609193156.22	20000	4.003695	0.0	1315024	79	20.0
1609193156.35	20000	4.920287	0.0	698359	41	20.0
1609193156.48	20000	5.794246	0.0	730082	43	20.0
1609193156.8	20000	6.469231	0.0	4047415	229	20.0
1609193157.05	20000	7.217065	0.0	2863079	161	20.0
1609193157.39	20000	7.885722	0.0	4167844	235	20.0
1609193157.8	20000	8.47048	0.0	5571764	307	20.0
1609193158.17	20000	9.102837	0.0	4925652	267	20.0
1609193158.37	20000	9.904205	0.0	2030157	110	20.0
1609193158.58	20000	10.695681	0.0	2240782	121	20.0
1609193158.78	20000	11.493913	0.0	2211169	115	20.0
1609193158.88	20000	12.39639	0.0	382046	19	20.0
1609193159.03	20000	13.249949	0.0	1113969	57	20.0
1609193159.15	20000	14.126339	0.0	820127	43	20.0
1609193159.6	20000	14.682138	0.0	6357933	332	20.0
1609193159.96	20000	15.3248	0.0	4814284	258	20.0
1609193160.24	20000	16.046494	0.0	3419258	184	20.0
1609193160.55	20000	16.739271	0.0	3944328	211	20.0
1609193160.9	20000	17.381746	0.0	4284196	251	20.0
1609193161.17	20000	18.112476	0.0	3022025	177	20.0
1609193161.4	20000	18.892567	0.0	2248581	131	20.0
1609193162.15	20000	19.14192	0.0	9946363	624	20.0
1609193163.05	20000	19.236324	0.0	11684632	771	20.0
1609193163.28	20000	20.015394	0.0	1849732	125	20.0
1609193163.5	20000	20.796666	0.0	1942795	131	20.0
1609193163.7	20000	21.588235	0.0	1704756	119	20.0
1609193163.92	20000	22.377676	0.0	1697111	123	20.0
1609193164.11	20000	23.182035	0.0	1529441	111	20.0
1609193164.31	20000	23.984565	0.0	1568649	114	20.0
1609193164.52	20000	24.776029	0.0	1677618	122	20.0
