1609199789.58	4000	1.000999	0.023	60629	12	-0.45999999999999996
1609199791.47	4000	1.313732	1.171	6594552	1748	-19.42
1609199792.62	4000	1.430896	0.0	4402139	1056	4.0
1609199793.58	20000	1.484321	0.0	3191121	864	4.0
1609199794.0	20000	2.066387	0.0	1661718	335	20.0
1609199794.35	20000	2.718898	0.0	1315024	265	20.0
1609199794.64	20000	3.429149	0.0	698359	210	20.0
1609199794.94	20000	4.130476	0.0	730082	221	20.0
1609199796.1	20000	3.977387	0.0	4047415	1058	20.0
1609199797.16	20000	3.913092	0.0	2863079	971	20.0
1609199798.54	20000	3.537271	0.0	4167844	1282	20.0
1609199799.84	20000	3.238681	0.0	5571764	1196	20.0
1609199800.96	20000	3.115566	0.0	4925652	1024	20.0
1609199801.48	20000	3.602313	0.0	2030157	426	20.0
1609199802.1	20000	3.984572	0.0	2240782	531	20.0
1609199802.66	20000	4.420628	0.0	2211169	472	20.0
1609199802.81	20000	5.271273	0.0	382046	73	20.0
1609199803.11	20000	5.973534	0.0	1113969	218	20.0
1609199803.35	20000	6.734623	0.0	820127	160	20.0
1609199804.5	20000	6.588242	0.0	6357933	1038	20.0
1609199805.4	20000	6.686309	0.0	4814284	803	20.0
1609199806.05	20000	7.035572	0.0	3419258	559	20.0
1609199806.72	20000	7.371567	0.0	3944328	570	20.0
1609199807.36	20000	7.726558	0.0	4284196	549	20.0
1609199807.87	20000	8.217043	0.0	3022025	411	20.0
1609199808.27	20000	8.823277	0.0	2248581	306	20.0
1609199809.86	20000	8.23139	0.0	9946363	1454	20.0
1609199812.24	20000	6.85731	0.0	11684632	2239	20.0
1609199812.56	20000	7.534009	0.0	1849732	240	20.0
1609199812.88	20000	8.219161	0.0	1942795	229	20.0
1609199813.16	20000	8.93713	0.0	1704756	196	20.0
1609199813.44	20000	9.65672	0.0	1697111	195	20.0
1609199813.96	20000	10.136961	0.0	1529441	435	20.0
1609199814.49	20000	10.607799	0.0	1568649	443	20.0
1609199815.64	20000	10.462754	0.0	1677618	1060	20.0
1609199815.9	20000	11.200714	0.0	1415096	177	20.0
1609199816.22	20000	11.877544	0.0	1894067	238	20.0
1609199816.46	20000	12.646046	0.0	1186604	148	20.0
1609199816.74	20000	13.359306	0.0	1068386	204	20.0
1609199817.16	20000	13.946425	0.0	1700843	327	20.0
1609199817.76	20000	14.342028	0.0	2536859	517	20.0
1609199818.94	20000	14.164808	0.0	4742872	1080	20.0
1609199820.41	20000	13.701347	0.0	4955535	1364	20.0
1609199821.01	20000	14.099018	0.0	1260540	523	20.0
1609199822.29	20000	13.823854	0.0	3605246	1181	20.0
1609199823.66	20000	13.452217	0.0	2770338	1282	20.0
1609199824.19	20000	13.921839	0.0	1855168	438	20.0
1609199824.77	20000	14.339783	0.0	1666915	497	20.0
1609199825.56	20000	14.554128	0.0	1555467	703	20.0
1609199825.76	20000	15.352519	0.0	1008919	120	20.0
1609199825.99	20000	16.125586	0.0	1227619	147	20.0
1609199826.19	20000	16.925217	0.0	1015853	121	20.0
1609199826.32	20000	17.800986	0.0	384076	44	20.0
1609199826.43	20000	18.68862	0.0	295687	34	20.0
1609199826.69	20000	19.432056	0.0	1328674	174	20.0
1609199826.98	20000	20.143977	0.0	1492829	205	20.0
1609199827.27	20000	20.855715	0.0	1484812	205	20.0
1609199827.62	20000	21.499909	0.0	1868314	271	20.0
1609199827.95	20000	22.176244	0.0	1253406	240	20.0
1609199828.2	20000	22.926171	0.0	887933	169	20.0
1609199828.5	20000	23.622673	0.0	1153403	221	20.0
1609199828.84	20000	24.283244	0.0	1249023	258	20.0
1609199829.22	20000	24.906218	0.0	1423973	293	20.0
1609199829.52	20000	25.607805	0.0	1060162	218	20.0
1609199829.8	20000	26.330324	0.0	1080597	197	20.0
1609199830.09	20000	27.038919	0.0	1156442	211	20.0
1609199830.59	20000	27.543613	0.0	2222640	409	20.0
1609199831.44	20000	27.689103	0.0	2587311	767	20.0
1609199832.27	20000	27.866321	0.0	2178351	736	20.0
1609199833.44	20000	27.698897	0.0	3121089	1076	20.0
1609199834.09	20000	28.042819	0.0	2857420	567	20.0
1609199834.49	20000	28.64325	0.0	1702477	313	20.0
1609199834.92	20000	29.213074	0.0	1531670	348	20.0
1609199835.45	20000	29.689458	0.0	1863424	441	20.0
1609199836.08	20000	30.061875	0.0	1987392	545	20.0
1609199836.78	20000	30.355261	0.0	2505586	620	20.0
1609199838.79	20000	29.351261	0.0	9620218	1882	20.0
1609199839.53	20000	29.617164	0.0	2561608	645	20.0
1609199841.03	20000	29.117513	0.0	3633991	1407	20.0
1609199842.67	20000	28.478167	0.0	3324070	1548	20.0
1609199842.95	20000	29.190866	0.0	1560020	204	20.0
1609199843.22	20000	29.922478	0.0	1429188	188	20.0
1609199843.54	20000	30.608108	0.0	1754144	231	20.0
1609199843.85	20000	31.300901	0.0	1626020	225	20.0
1609199844.18	20000	31.971297	0.0	1739228	248	20.0
1609199844.51	20000	32.641003	0.0	1722735	246	20.0
1609199844.84	20000	33.312493	0.0	1538145	246	20.0
1609199845.17	20000	33.977749	0.0	1473412	254	20.0
1609199845.52	20000	34.637586	0.0	1498968	258	20.0
1609199846.01	20000	35.145976	0.0	2247334	406	20.0
1609199846.68	20000	35.471586	0.0	3156442	583	20.0
1609199846.98	20000	36.173437	0.0	1895098	215	20.0
1609199847.29	20000	36.869926	0.0	1939135	220	20.0
1609199847.58	20000	37.577835	0.0	1842874	209	20.0
1609199847.88	20000	38.27622	0.0	2235830	217	20.0
1609199848.18	20000	38.983172	0.0	2202171	210	20.0
1609199848.48	20000	39.68559	0.0	2242042	214	20.0
1609199848.66	20000	40.503237	0.0	1081763	102	20.0
1609199848.96	20000	41.20586	0.0	2409013	210	20.0
1609199849.18	20000	41.982466	0.0	1615028	141	20.0
1609199849.39	20000	42.776741	0.0	1413467	123	20.0
1609199849.61	20000	43.552041	0.0	1632450	142	20.0
1609199850.35	20000	43.812716	0.0	5664827	635	20.0
1609199851.03	20000	44.135637	0.0	4578115	579	20.0
1609199851.37	20000	44.79656	0.0	1783835	255	20.0
1609199851.61	20000	45.560844	0.0	1093613	155	20.0
1609199851.82	20000	46.35054	0.0	975642	129	20.0
1609199852.12	20000	47.053253	0.0	1658005	214	20.0
1609199852.61	20000	47.563004	0.0	3055257	397	20.0
1609199853.55	20000	47.625022	0.0	5355572	834	20.0
1609199854.25	20000	47.924966	0.0	3278424	609	20.0
1609199854.8	20000	48.380749	0.0	2318501	458	20.0
1609199855.53	20000	48.64986	0.0	2473561	642	20.0
1609199856.07	20000	49.112105	0.0	1730311	453	20.0
1609199856.54	20000	49.641254	0.0	1455812	388	20.0
1609199857.21	20000	49.97399	0.0	2869222	577	20.0
1609199858.13	20000	50.052095	0.0	3226650	830	20.0
1609199859.36	20000	49.819522	0.0	2705936	1137	20.0
1609199860.92	20000	49.2635	0.0	2998622	1468	20.0
1609199862.03	20000	49.149738	0.0	2928342	1027	20.0
1609199863.53	20000	48.650981	0.0	3059979	1409	20.0
1609199864.41	20000	48.775275	0.0	3367422	785	20.0
1609199864.89	20000	49.29197	0.0	1950694	401	20.0
1609199865.32	20000	49.865987	0.0	1541020	344	20.0
1609199866.05	20000	50.141288	0.0	2926720	635	20.0
1609199866.76	20000	50.42655	0.0	2991202	622	20.0
1609199867.46	20000	50.727068	0.0	3002106	610	20.0
1609199867.95	20000	51.245174	0.0	2015412	396	20.0
1609199868.59	20000	51.601977	0.0	2894863	553	20.0
1609199869.18	20000	52.018383	0.0	2185316	496	20.0
1609199870.09	20000	52.104424	0.0	3370605	823	20.0
1609199871.15	20000	52.050708	0.0	3492243	960	20.0
1609199871.86	20000	52.341365	0.0	1307592	628	20.0
1609199873.03	20000	52.165266	0.0	1881404	1092	20.0
1609199873.86	20000	52.338632	0.0	1806471	743	20.0
1609199874.35	20000	52.851249	0.0	1945842	403	20.0
1609199874.93	20000	53.271275	0.0	2538877	494	20.0
1609199875.33	20000	53.867985	0.0	2298557	318	20.0
1609199875.82	20000	54.38631	0.0	2831497	393	20.0
1609199876.49	20000	54.717	0.0	3200905	579	20.0
1609199877.02	20000	55.185743	0.0	2180586	448	20.0
1609199877.56	20000	55.64564	0.0	1500505	459	20.0
1609199878.09	20000	56.1132	0.0	1939246	449	20.0
1609199878.47	20000	56.737442	0.0	1599193	294	20.0
1609199878.96	20000	57.247406	0.0	2364826	404	20.0
1609199879.38	20000	57.835281	0.0	2517454	326	20.0
1609199879.7	20000	58.507141	0.0	1883143	243	20.0
1609199880.0	20000	59.216242	0.0	1726706	206	20.0
1609199880.66	20000	59.725975	0.0	707364	78	20.0
1609199881.32	20000	59.976906	0.0	796460	88	20.0
1609199882.49	20000	59.977909	0.0	596962	77	20.0
1609199883.67	20000	59.72889	0.0	947625	104	20.0
1609199884.42	20000	59.979894	0.0	832859	165	20.0
1609199885.51	20000	59.730887	0.0	151562	16	20.0
1609199886.59	20000	59.731877	0.0	90390	7	20.0
1609199887.65	20000	59.73296	0.0	50278	3	20.0
1609199888.71	20000	59.733883	0.0	26471	1	20.0
1609199889.25	20000	59.984976	0.0	40620	6	20.0
1609199889.61	4000	1.000999	0.066	334032	54	-1.3200000000000003
1609199890.88	4000	1.346465	0.33	6594552	1142	-2.5999999999999996
1609199898.48	4000	1.300896	6.537	4402139	7501	-126.74000000000001
1609199899.01	4000	1.793205	0.0	1043358	438	4.0
1609199900.34	16000	1.466176	0.0	1661718	1234	4.0
1609199901.11	20000	1.695408	0.0	1315024	688	16.0
1609199901.4	20000	2.402745	0.0	698359	214	20.0
1609199901.7	20000	3.102133	0.0	730082	225	20.0
1609199902.62	20000	3.185236	0.0	4047415	827	20.0
1609199903.28	20000	3.522612	0.0	2863079	574	20.0
1609199904.62	16000	3.184604	0.0	4167844	1244	12.0
1609199906.14	20000	2.673209	0.0	5571764	1407	16.0
1609199907.37	20000	2.43702	0.0	4925652	1135	20.0
1609199908.34	16000	2.471245	0.0	2030157	879	12.0
1609199909.95	16000	1.865976	0.0	2240782	1518	16.0
1609199911.14	16000	1.671025	0.0	2211169	1110	16.0
1609199911.45	16000	2.367493	0.0	382046	226	16.0
1609199912.16	16000	2.658631	0.0	1113969	629	16.0
1609199912.55	16000	3.267069	0.0	820127	311	16.0
1609199915.05	16000	1.762614	0.0	6357933	2398	16.0
1609199916.63	12000	1.285531	0.097	3858422	1474	6.0600000000000005
1609199917.5	8000	1.414275	0.0	2083035	777	4.0
1609199918.74	8000	1.384785	0.211	2281353	1153	3.7800000000000002
1609199920.41	8000	1.346397	0.626	2599148	1574	-4.52
1609199921.25	8000	1.502268	0.0	1926191	759	8.0
1609199921.79	8000	1.965893	0.0	1427209	453	8.0
1609199923.67	8000	1.475432	0.382	6361262	1771	0.3600000000000003
1609199926.2	8000	1.358234	1.419	7838407	2414	-20.38
1609199926.93	20000	1.630899	0.0	1849732	638	8.0
1609199927.59	20000	1.974012	0.0	1942795	572	20.0
1609199928.15	20000	2.41183	0.0	1704756	479	20.0
1609199928.87	20000	2.691716	0.0	1697111	637	20.0
1609199929.46	20000	3.10289	0.0	1529441	507	20.0
