1609161125.74	4000	1.000999	0.016	60629	7	-0.31999999999999984
1609161126.96	4000	1.339287	0.528	6594552	1151	-6.5600000000000005
1609161127.85	4000	1.66533	0.0	4402139	865	4.0
1609161128.07	4000	2.473834	0.0	1043358	200	4.0
1609161128.28	8000	3.266085	0.0	946554	181	4.0
1609161128.44	8000	4.10489	0.0	768486	146	8.0
1609161128.53	8000	5.03172	0.0	398693	74	8.0
1609161128.6	8000	5.96114	0.0	358785	57	8.0
1609161128.87	8000	6.695058	0.0	1838971	246	8.0
1609161129.08	8000	7.486406	0.0	1382199	184	8.0
1609161129.49	12000	8.074424	0.0	2835412	380	8.0
1609161130.27	12000	8.29284	0.0	4074608	748	12.0
1609161130.96	12000	8.606788	0.0	3844696	654	12.0
1609161131.23	12000	9.337568	0.0	1630440	250	12.0
1609161131.51	12000	10.056141	0.0	1712120	262	12.0
1609161131.78	12000	10.787289	0.0	1662097	250	12.0
1609161131.86	16000	11.710911	0.0	382046	55	12.0
1609161132.05	16000	12.519782	0.0	1113969	166	16.0
1609161132.19	16000	13.382039	0.0	820127	122	16.0
1609161133.14	16000	13.435556	0.0	6357933	900	16.0
1609161133.82	16000	13.755094	0.0	4814284	646	16.0
1609161134.31	16000	14.264538	0.0	3419258	458	16.0
1609161134.87	16000	14.70916	0.0	3944328	525	16.0
1609161135.47	16000	15.109031	0.0	4284196	566	16.0
1609161135.92	16000	15.663456	0.0	3022025	419	16.0
1609161136.26	16000	16.319797	0.0	2248581	321	16.0
1609161137.77	16000	15.810677	0.0	9946363	1422	16.0
1609161139.2	12000	15.383359	0.0	9808342	1359	8.0
1609161139.38	8000	16.199042	0.0	1127469	163	4.0
1609161139.57	8000	17.010464	0.0	1179779	170	8.0
1609161139.74	8000	17.848071	0.0	1078151	145	8.0
1609161139.89	8000	18.692844	0.0	1086181	137	8.0
1609161140.04	8000	19.546896	0.0	1029204	130	8.0
1609161140.23	12000	20.359048	0.0	1314540	167	8.0
1609161140.43	12000	21.162845	0.0	1407326	179	12.0
1609161140.6	12000	21.994619	0.0	1196263	151	12.0
1609161140.85	12000	22.737801	0.0	1627563	231	12.0
1609161141.02	12000	23.575898	0.0	987649	145	12.0
1609161141.16	12000	24.434756	0.0	864635	125	12.0
1609161141.43	16000	25.160852	0.0	1700843	251	12.0
1609161141.81	16000	25.785304	0.0	2536859	354	16.0
1609161142.45	16000	26.143758	0.0	4742872	608	16.0
1609161143.22	16000	26.377565	0.0	4955535	730	16.0
1609161143.43	16000	27.164216	0.0	1260540	196	16.0
1609161143.95	16000	27.648052	0.0	3605246	488	16.0
1609161144.31	16000	28.287402	0.0	2770338	334	16.0
1609161144.56	20000	29.045723	0.0	1855168	223	16.0
1609161144.77	20000	29.832698	0.0	1666915	195	20.0
1609161144.97	20000	30.636994	0.0	1555467	178	20.0
1609161145.1	20000	31.506982	0.0	1008919	114	20.0
1609161145.25	20000	32.351049	0.0	1227619	141	20.0
1609161145.39	20000	33.219376	0.0	1015853	116	20.0
1609161145.44	20000	34.165267	0.0	384076	42	20.0
1609161145.5	20000	35.110186	0.0	295687	32	20.0
1609161145.67	20000	35.939656	0.0	1328674	152	20.0
1609161145.87	20000	36.739596	0.0	1492829	182	20.0
1609161146.07	20000	37.53867	0.0	1484812	183	20.0
1609161146.33	20000	38.287321	0.0	1868314	231	20.0
1609161146.5	20000	39.115399	0.0	1253406	154	20.0
1609161146.62	20000	39.9929	0.0	887933	108	20.0
1609161146.81	20000	40.802576	0.0	1153403	174	20.0
1609161147.05	20000	41.567322	0.0	1249023	219	20.0
1609161147.32	20000	42.298958	0.0	1423973	250	20.0
1609161147.52	20000	43.097183	0.0	1060162	185	20.0
1609161147.72	20000	43.900278	0.0	1080597	180	20.0
1609161147.85	20000	44.768151	0.0	1156442	116	20.0
1609161148.11	20000	45.514436	0.0	2222640	225	20.0
1609161148.39	20000	46.227752	0.0	2587311	262	20.0
1609161148.64	20000	46.985898	0.0	2178351	221	20.0
1609161149.0	20000	47.622998	0.0	3121089	336	20.0
1609161149.34	20000	48.284334	0.0	2857420	312	20.0
1609161149.55	20000	49.078334	0.0	1702477	185	20.0
1609161149.73	20000	49.893111	0.0	1531670	166	20.0
1609161149.98	20000	50.652529	0.0	1863424	221	20.0
1609161150.23	20000	51.396212	0.0	1987392	235	20.0
1609161150.55	20000	52.075686	0.0	2505586	297	20.0
1609161151.81	20000	51.823391	0.0	9620218	1192	20.0
1609161152.18	20000	52.448513	0.0	2561608	349	20.0
1609161152.71	20000	52.921134	0.0	3633991	496	20.0
1609161153.35	20000	53.282092	0.0	3324070	609	20.0
1609161153.66	16000	53.975956	0.0	1560020	287	12.0
1609161153.82	12000	54.815396	0.0	1132545	138	8.0
1609161153.98	12000	55.661724	0.0	1405832	134	12.0
1609161154.12	12000	56.517333	0.0	1314152	126	12.0
1609161154.27	12000	57.366104	0.0	1387998	133	12.0
1609161154.42	12000	58.217904	0.0	1362449	130	12.0
1609161154.56	12000	59.082578	0.0	1219048	117	12.0
1609161154.72	16000	59.919435	0.0	1473412	142	12.0
1609161155.91	16000	59.907778	0.0	1498968	170	16.0
1609161157.2	16000	59.658802	0.0	2247334	259	16.0
1609161158.05	16000	59.659786	0.0	3156442	329	16.0
1609161158.78	16000	59.910794	0.0	1895098	192	16.0
1609161160.05	16000	59.661824	0.0	1939135	246	16.0
1609161160.85	16000	59.912838	0.0	1842874	283	16.0
1609161162.23	20000	59.663761	0.0	2235830	356	16.0
1609161162.78	20000	59.872946	0.0	2202171	522	20.0
1609161164.06	20000	59.665805	0.0	2242042	253	20.0
1609161164.83	20000	59.9168	0.0	1081763	254	20.0
1609161165.94	20000	59.715626	0.0	2409013	1084	20.0
1609161167.19	16000	59.668774	0.0	1615028	230	12.0
1609161167.84	12000	59.919841	0.0	1179696	129	8.0
1609161169.02	8000	59.670745	0.0	970495	159	4.0
1609161170.06	8000	59.671826	0.0	2424481	516	8.0
1609161171.01	8000	59.67282	0.0	1902440	426	8.0
1609161172.17	8000	59.673724	0.0	1031824	139	8.0
1609161172.82	8000	59.92484	0.0	732536	132	8.0
1609161173.93	8000	59.925813	0.0	645392	95	8.0
1609161175.05	8000	59.67682	0.0	1104267	108	8.0
1609161175.86	12000	59.927809	0.0	2325287	284	8.0
1609161176.95	12000	59.880728	0.0	4018361	546	12.0
1609161177.81	12000	59.929725	0.0	2566881	339	12.0
1609161179.09	12000	59.680829	0.0	1890880	259	12.0
1609161179.84	12000	59.931804	0.0	2005276	219	12.0
1609161181.01	12000	59.682814	0.0	1359018	151	12.0
1609161182.22	16000	59.683831	0.0	1455812	188	12.0
1609161183.08	16000	59.684812	0.0	2869222	336	16.0
1609161184.04	16000	59.68573	0.0	3226650	433	16.0
1609161184.99	16000	59.686812	0.0	2705936	424	16.0
1609161185.83	16000	59.846756	0.0	2998622	804	16.0
1609161186.91	16000	59.938746	0.0	2928342	560	16.0
1609161187.84	12000	59.93972	0.0	2451277	391	8.0
1609161188.83	12000	59.940719	0.0	2690936	461	12.0
1609161190.11	12000	59.69172	0.0	1552444	262	12.0
1609161190.81	12000	59.942741	0.0	1207957	185	12.0
1609161192.14	12000	59.693717	0.0	2277016	304	12.0
1609161192.88	12000	59.944835	0.0	2335112	211	12.0
1609161194.11	12000	59.695794	0.0	2348675	204	12.0
1609161194.87	12000	59.946771	0.0	1575943	241	12.0
1609161196.15	12000	59.697747	0.0	2268474	243	12.0
1609161196.87	16000	59.948819	0.0	2185316	199	12.0
1609161198.22	16000	59.699722	0.0	3370605	312	16.0
1609161199.09	16000	59.700718	0.0	3492243	342	16.0
1609161200.22	16000	59.701749	0.0	1307592	112	16.0
1609161200.95	16000	59.952812	0.0	1881404	202	16.0
1609161202.19	16000	59.703816	0.0	1806471	224	16.0
1609161202.96	16000	59.954717	0.0	1945842	244	16.0
1609161203.82	20000	59.955817	0.0	2538877	334	16.0
1609161205.17	20000	59.706794	0.0	2298557	323	20.0
1609161206.01	20000	59.70776	0.0	2831497	314	20.0
1609161207.18	20000	59.708823	0.0	3200905	627	20.0
1609161208.21	20000	59.485181	0.0	2180586	1011	20.0
1609161208.96	16000	59.960782	0.0	1500505	226	12.0
1609161210.22	12000	59.711798	0.0	1549070	238	8.0
1609161210.89	8000	59.962864	0.0	1004408	148	4.0
1609161212.11	8000	59.713762	0.0	1393009	204	8.0
1609161212.84	8000	59.964812	0.0	1466703	205	8.0
1609161214.0	8000	59.715743	0.0	1060685	147	8.0
1609161215.18	8000	59.716797	0.0	1011581	156	8.0
1609161215.77	8000	59.967822	0.0	422329	82	8.0
1609161216.88	8000	59.96873	0.0	458857	90	8.0
1609161218.01	12000	59.719706	0.0	449729	106	8.0
1609161219.18	12000	59.720801	0.0	748394	159	12.0
1609161219.84	12000	59.971717	0.0	676139	138	12.0
1609161220.88	12000	59.972797	0.0	123294	23	12.0
1609161221.9	12000	59.973715	0.0	70186	7	12.0
1609161222.93	12000	59.974758	0.0	50504	16	12.0
1609161223.94	12000	59.975776	0.0	24518	4	12.0
1609161224.96	8000	59.976778	0.0	26015	4	4.0
1609161225.26	4000	1.000999	0.013	60629	4	-0.2599999999999998
1609161225.9	4000	1.382458	0.0	6594552	573	4.0
1609161226.33	4000	2.014787	0.0	4402139	390	4.0
1609161226.44	4000	3.015787	0.0	1043358	96	4.0
1609161226.56	8000	3.949978	0.0	946554	87	4.0
1609161226.64	8000	4.86542	0.0	768486	70	8.0
1609161226.69	8000	5.817858	0.0	398693	34	8.0
1609161226.73	8000	6.775107	0.0	358785	32	8.0
1609161226.92	8000	7.586913	0.0	1838971	171	8.0
1609161227.12	12000	8.493972	0.0	1861181	173	8.0
1609161227.4	12000	9.213206	0.0	2835412	255	12.0
1609161227.8	12000	9.830603	0.0	4074608	365	12.0
1609161228.17	12000	10.458122	0.0	3844696	344	12.0
1609161228.37	12000	11.261714	0.0	1630440	178	12.0
1609161228.58	12000	12.04836	0.0	1712120	194	12.0
1609161228.87	16000	12.762526	0.0	2211169	251	12.0
1609161228.93	16000	13.707171	0.0	382046	42	16.0
1609161229.07	16000	14.56539	0.0	1113969	125	16.0
1609161229.18	16000	15.458013	0.0	820127	92	16.0
1609161229.94	16000	15.697829	0.0	6357933	717	16.0
1609161230.49	16000	16.146079	0.0	4814284	516	16.0
1609161230.88	16000	16.76767	0.0	3419258	351	16.0
1609161231.32	20000	17.316609	0.0	3944328	413	16.0
1609161231.85	20000	17.790165	0.0	4284196	495	20.0
1609161232.23	20000	18.415357	0.0	3022025	349	20.0
1609161232.58	20000	19.065702	0.0	2248581	327	20.0
1609161234.33	20000	18.316811	0.0	9946363	1671	20.0
1609161242.63	16000	11.018852	0.0	11684632	8219	12.0
1609161242.87	12000	11.780026	0.0	1491397	216	8.0
1609161243.06	8000	12.585669	0.0	1179779	171	4.0
1609161243.19	4000	13.460923	0.0	741228	106	0.0
1609161243.34	8000	14.313686	0.0	1086181	129	4.0
