1608576326.51	4000	1.000999	0.017	60629	8	-0.544
1608576326.73	2000	1.844566	0.0	1072422	158	0.0
1608576326.94	2000	2.635183	0.0	1121405	200	2.0
1608576327.09	2000	3.519195	0.0	728514	129	2.0
1608576327.19	2000	4.418615	0.0	508013	89	2.0
1608576327.27	2000	5.339157	0.0	395538	68	2.0
1608576327.33	2000	6.281473	0.0	297276	47	2.0
1608576327.38	4000	7.23283	0.0	222226	34	2.0
1608576327.7	8000	7.907923	0.0	1838971	301	4.0
1608576327.94	8000	8.667355	0.0	1382199	227	8.0
1608576328.3	8000	9.310566	0.0	2052265	337	8.0
1608576328.75	8000	9.863848	0.0	3005823	423	8.0
1608576329.33	12000	10.289086	0.0	3844696	543	8.0
1608576329.54	12000	11.07685	0.0	1630440	197	12.0
1608576329.83	16000	11.783507	0.0	2240782	271	12.0
1608576330.12	16000	12.49862	0.0	2211169	268	16.0
1608576330.17	16000	13.443627	0.0	382046	45	16.0
1608576330.32	16000	14.298265	0.0	1113969	133	16.0
1608576330.43	16000	15.189648	0.0	820127	97	16.0
1608576331.25	20000	15.375958	0.0	6357933	769	16.0
1608576331.88	20000	15.745362	0.0	4814284	600	20.0
1608576332.33	20000	16.292395	0.0	3419258	428	20.0
1608576332.84	20000	16.786979	0.0	3944328	480	20.0
1608576333.39	20000	17.241184	0.0	4284196	520	20.0
1608576333.78	20000	18.044564	0.0	3022025	365	20.0
1608576334.07	20000	18.793529	0.0	2248581	271	20.0
1608576335.41	20000	18.460211	0.0	9946363	1252	20.0
1608576337.47	20000	17.3976	0.0	11684632	1993	20.0
1608576337.79	20000	18.079409	0.0	1849732	298	20.0
1608576338.13	20000	18.747878	0.0	1942795	313	20.0
1608576338.41	20000	19.458062	0.0	1704756	265	20.0
1608576338.65	20000	20.216667	0.0	1697111	223	20.0
1608576338.88	20000	20.997429	0.0	1529441	201	20.0
1608576339.1	20000	21.77429	0.0	1568649	206	20.0
1608576339.34	20000	22.532941	0.0	1677618	220	20.0
1608576339.55	20000	23.328517	0.0	1415096	188	20.0
1608576339.82	20000	24.054728	0.0	1894067	253	20.0
1608576340.0	20000	24.881082	0.0	1186604	158	20.0
1608576340.16	20000	25.722595	0.0	1068386	142	20.0
1608576340.4	20000	26.479849	0.0	1700843	225	20.0
1608576340.74	20000	27.148862	0.0	2536859	307	20.0
1608576341.35	20000	27.529593	0.0	4742872	578	20.0
1608576341.95	20000	27.935873	0.0	4955535	556	20.0
1608576342.12	20000	28.773222	0.0	1260540	140	20.0
1608576342.56	20000	29.328343	0.0	3605246	406	20.0
1608576342.9	20000	29.982812	0.0	2770338	322	20.0
1608576343.14	20000	30.748234	0.0	1855168	215	20.0
1608576343.35	20000	31.537545	0.0	1666915	193	20.0
1608576343.57	20000	32.32309	0.0	1555467	197	20.0
1608576343.71	20000	33.175481	0.0	1008919	131	20.0
1608576343.89	20000	33.997663	0.0	1227619	161	20.0
1608576344.04	20000	34.849394	0.0	1015853	133	20.0
1608576344.1	20000	35.788855	0.0	384076	48	20.0
1608576344.15	20000	36.73948	0.0	295687	37	20.0
1608576344.34	20000	37.549811	0.0	1328674	174	20.0
1608576344.57	20000	38.322441	0.0	1492829	209	20.0
1608576344.81	20000	39.089991	0.0	1484812	215	20.0
1608576345.1	20000	39.799243	0.0	1868314	271	20.0
1608576345.3	20000	40.600824	0.0	1253406	182	20.0
1608576345.45	20000	41.452163	0.0	887933	126	20.0
1608576345.64	20000	42.263992	0.0	1153403	172	20.0
1608576345.84	20000	43.059822	0.0	1249023	188	20.0
1608576346.07	20000	43.82848	0.0	1423973	214	20.0
1608576346.25	20000	44.654428	0.0	1060162	159	20.0
1608576346.43	20000	45.476352	0.0	1080597	162	20.0
1608576346.6	20000	46.302669	0.0	1156442	157	20.0
1608576346.93	20000	46.976094	0.0	2222640	305	20.0
1608576347.31	20000	47.59598	0.0	2587311	355	20.0
1608576347.62	20000	48.288882	0.0	2178351	285	20.0
1608576348.05	20000	48.859523	0.0	3121089	402	20.0
1608576348.45	20000	49.465374	0.0	2857420	368	20.0
1608576348.67	20000	50.23876	0.0	1702477	207	20.0
1608576348.88	20000	51.034521	0.0	1531670	187	20.0
1608576349.13	20000	51.781404	0.0	1863424	226	20.0
1608576349.4	20000	52.51754	0.0	1987392	243	20.0
1608576349.71	20000	53.209969	0.0	2505586	285	20.0
1608576350.86	20000	53.061159	0.0	9620218	1089	20.0
1608576351.17	20000	53.748532	0.0	2561608	288	20.0
1608576351.61	20000	54.310123	0.0	3633991	407	20.0
1608576352.01	20000	54.910584	0.0	3324070	371	20.0
1608576352.2	20000	55.718732	0.0	1560020	173	20.0
1608576352.38	20000	56.541429	0.0	1429188	158	20.0
1608576352.6	20000	57.331652	0.0	1754144	190	20.0
1608576352.8	20000	58.120612	0.0	1626020	176	20.0
1608576353.01	20000	58.910958	0.0	1739228	189	20.0
1608576353.22	20000	59.703721	0.0	1722735	188	20.0
1608576354.41	20000	59.593212	0.0	1538145	167	20.0
1608576355.25	20000	59.84397	0.0	1473412	322	20.0
1608576356.14	20000	59.845121	0.0	1498968	371	20.0
1608576357.23	20000	59.846224	0.0	2247334	567	20.0
1608576357.94	20000	59.989212	0.0	3156442	679	20.0
1608576359.35	20000	59.598217	0.0	1895098	388	20.0
1608576360.12	20000	59.809182	0.0	1939135	750	20.0
1608576361.2	20000	59.850191	0.0	1842874	552	20.0
1608576362.19	20000	59.851108	0.0	2235830	465	20.0
1608576363.19	20000	59.85209	0.0	2202171	480	20.0
1608576364.3	20000	59.853153	0.0	2242042	590	20.0
1608576365.13	20000	59.854126	0.0	1081763	306	20.0
1608576366.19	20000	59.85511	0.0	2409013	535	20.0
1608576367.53	20000	59.606204	0.0	1615028	318	20.0
1608576368.24	20000	59.857254	0.0	1413467	191	20.0
1608576369.48	20000	59.608124	0.0	1632450	221	20.0
1608576370.27	20000	59.669421	0.0	5664827	753	20.0
1608576371.0	20000	59.945523	0.0	4578115	689	20.0
1608576372.31	20000	59.861223	0.0	1783835	295	20.0
1608576373.51	20000	59.61224	0.0	1093613	181	20.0
1608576374.2	20000	59.863113	0.0	975642	172	20.0
1608576375.56	20000	59.614109	0.0	1658005	333	20.0
1608576376.06	20000	59.885775	0.0	3055257	474	20.0
1608576377.39	20000	59.616035	0.0	5355572	792	20.0
1608576378.4	20000	59.617146	0.0	3278424	484	20.0
1608576379.33	20000	59.61809	0.0	2318501	407	20.0
1608576380.35	20000	59.619212	0.0	2473561	485	20.0
1608576381.38	20000	59.619981	0.0	1730311	517	20.0
1608576382.22	20000	59.871182	0.0	1455812	313	20.0
1608576383.32	20000	59.82717	0.0	2869222	579	20.0
1608576384.29	20000	59.87323	0.0	3226650	429	20.0
1608576385.09	20000	59.874186	0.0	2705936	274	20.0
1608576386.54	20000	59.625122	0.0	2998622	426	20.0
1608576387.45	20000	59.626174	0.0	2928342	380	20.0
1608576388.29	20000	59.877008	0.0	3059979	309	20.0
1608576389.1	20000	59.878223	0.0	3367422	291	20.0
1608576390.32	20000	59.879173	0.0	1950694	191	20.0
1608576391.5	20000	59.630152	0.0	1541020	155	20.0
1608576392.3	20000	59.881123	0.0	2926720	275	20.0
1608576393.11	20000	59.882153	0.0	2991202	285	20.0
1608576394.46	20000	59.633203	0.0	3002106	326	20.0
1608576395.21	20000	59.884239	0.0	2015412	221	20.0
1608576396.55	20000	59.635212	0.0	2894863	308	20.0
1608576397.32	20000	59.841294	0.0	2185316	256	20.0
1608576398.26	20000	59.887224	0.0	3370605	412	20.0
1608576399.25	20000	59.88794	0.0	3492243	457	20.0
1608576400.47	20000	59.639096	0.0	1307592	194	20.0
1608576401.27	20000	59.89024	0.0	1881404	281	20.0
1608576402.55	20000	59.641207	0.0	1806471	258	20.0
1608576403.34	20000	59.642147	0.0	1945842	270	20.0
1608576404.21	20000	59.893088	0.0	2538877	346	20.0
1608576405.57	20000	59.643973	0.0	2298557	337	20.0
1608576406.12	20000	59.863808	0.0	2831497	521	20.0
1608576407.3	20000	59.895902	0.0	3200905	659	20.0
1608576408.38	20000	59.647134	0.0	2180586	544	20.0
1608576409.23	20000	59.898003	0.0	1500505	331	20.0
1608576410.2	20000	59.899196	0.0	1939246	453	20.0
1608576411.29	20000	59.855306	0.0	1599193	562	20.0
1608576412.01	20000	59.977813	0.0	2364826	698	20.0
1608576413.17	20000	59.902024	0.0	2517454	643	20.0
1608576414.17	20000	59.903073	0.0	1883143	472	20.0
1608576415.48	20000	59.654189	0.0	1726706	291	20.0
1608576416.1	20000	59.905065	0.0	707364	97	20.0
1608576417.21	20000	59.906148	0.0	796460	100	20.0
1608576418.29	20000	59.907	0.0	596962	63	20.0
1608576419.41	20000	59.658109	0.0	947625	97	20.0
1608576420.51	20000	59.659086	0.0	832859	75	20.0
1608576421.53	20000	59.660152	0.0	151562	11	20.0
1608576422.55	20000	59.661201	0.0	90390	6	20.0
1608576423.57	20000	59.662103	0.0	50278	3	20.0
1608576424.58	20000	59.41321	0.0	26471	3	20.0
1608576425.1	20000	59.914227	0.0	40620	2	20.0
1608576425.47	4000	1.000999	0.05	335737	39	-1.6
1608576425.62	2000	2.001999	0.0	1072422	129	0.0
1608576425.77	2000	2.978211	0.0	1121405	134	2.0
1608576425.87	2000	3.876624	0.0	728514	87	2.0
1608576425.95	2000	4.80062	0.0	508013	62	2.0
1608576426.02	2000	5.736045	0.0	395538	51	2.0
1608576426.07	4000	6.682189	0.0	274373	35	2.0
1608576426.11	4000	7.64441	0.0	222226	27	4.0
1608576426.39	8000	8.371917	0.0	1838971	248	4.0
1608576426.59	8000	9.169449	0.0	1382199	185	8.0
1608576426.88	8000	9.886492	0.0	2052265	277	8.0
1608576427.71	12000	10.065826	0.0	4074608	786	8.0
1608576429.73	12000	9.045162	0.0	3844696	1995	12.0
1608576431.22	8000	8.556348	0.0	1267052	1471	4.0
1608576432.34	8000	8.658012	0.0	1316661	1108	8.0
1608576433.18	8000	8.821311	0.0	1263534	821	8.0
1608576433.25	8000	9.753144	0.0	150125	56	8.0
1608576433.6	12000	10.405119	0.0	793783	333	8.0
1608576433.83	12000	11.171626	0.0	531720	220	12.0
1608576434.62	16000	11.386443	0.0	6357933	725	12.0
1608576435.08	16000	11.922601	0.0	4814284	428	16.0
1608576435.32	16000	12.68395	0.0	3419258	210	16.0
1608576435.6	16000	13.411385	0.0	3944328	242	16.0
1608576435.9	16000	14.114349	0.0	4284196	263	16.0
1608576436.15	16000	14.861062	0.0	3022025	220	16.0
1608576436.35	16000	15.660527	0.0	2248581	178	16.0
1608576437.4	20000	15.613647	0.0	9946363	966	16.0
1608576440.43	20000	13.579953	0.0	11684632	2959	20.0
1608576441.0	16000	14.01513	0.0	1849732	536	12.0
1608576441.4	16000	14.620268	0.0	1942795	374	16.0
1608576441.74	16000	15.274049	0.0	1704756	328	16.0
1608576442.06	20000	15.956324	0.0	1697111	299	16.0
1608576442.26	20000	16.757737	0.0	1529441	180	20.0
1608576442.47	20000	17.553724	0.0	1568649	185	20.0
1608576442.68	20000	18.336799	0.0	1677618	198	20.0
