1608561364.84	4000	1.000999	0.044	60629	1	-0.8799999999999999
1608561367.71	20000	1.380719	2.197	11007815	2706	-39.94
1608561368.08	2000	2.024836	0.0	1121405	284	-16.0
1608561368.35	2000	2.972929	0.0	728514	182	2.0
1608561368.55	2000	3.765763	0.0	508013	125	2.0
1608561368.8	8000	4.546565	0.0	768486	156	2.0
1608561368.96	8000	5.387236	0.0	398693	79	8.0
1608561369.22	20000	6.132705	0.0	730082	150	8.0
1608561370.12	20000	6.225656	0.0	4047415	815	20.0
1608561370.79	20000	6.561266	0.0	2863079	579	20.0
1608561371.81	20000	6.545394	0.0	4167844	925	20.0
1608561373.04	20000	6.520553	0.0	5571764	1133	20.0
1608561374.07	20000	6.497784	0.0	4925652	921	20.0
1608561374.53	20000	7.037682	0.0	2030157	373	20.0
1608561375.04	20000	7.529597	0.0	2240782	421	20.0
1608561375.55	20000	8.0203	0.0	2211169	422	20.0
1608561375.7	20000	8.872552	0.0	382046	68	20.0
1608561376.01	20000	9.560237	0.0	1113969	230	20.0
1608561376.26	20000	10.311173	0.0	820127	167	20.0
1608561377.7	20000	9.878448	0.0	6357933	1323	20.0
1608561378.44	20000	10.136901	0.0	4814284	631	20.0
1608561378.94	20000	10.631584	0.0	3419258	408	20.0
1608561379.49	20000	11.086328	0.0	3944328	443	20.0
1608561380.13	20000	11.443857	0.0	4284196	541	20.0
1608561380.62	20000	11.952991	0.0	3022025	399	20.0
1608561381.0	20000	12.580498	0.0	2248581	285	20.0
1608561382.35	20000	12.232853	0.0	9946363	1218	20.0
1608561383.83	20000	11.752001	0.0	11684632	1343	20.0
1608561384.13	20000	12.453552	0.0	1849732	212	20.0
1608561384.44	20000	13.146168	0.0	1942795	223	20.0
1608561384.72	20000	13.866705	0.0	1704756	196	20.0
1608561384.99	20000	14.597835	0.0	1697111	184	20.0
1608561385.24	20000	15.347555	0.0	1529441	165	20.0
1608561385.49	20000	16.092257	0.0	1568649	170	20.0
1608561385.76	20000	16.826913	0.0	1677618	180	20.0
1608561385.99	20000	17.599282	0.0	1415096	144	20.0
1608561386.27	20000	18.321028	0.0	1894067	194	20.0
1608561386.47	20000	19.116451	0.0	1186604	121	20.0
1608561386.67	20000	19.923188	0.0	1068386	108	20.0
1608561386.99	20000	20.600447	0.0	1700843	226	20.0
1608561387.43	20000	21.164734	0.0	2536859	343	20.0
1608561388.21	20000	21.384512	0.0	4742872	676	20.0
1608561388.99	20000	21.606069	0.0	4955535	671	20.0
1608561389.22	20000	22.380089	0.0	1260540	142	20.0
1608561389.72	20000	22.873411	0.0	3605246	411	20.0
1608561390.12	20000	23.475578	0.0	2770338	307	20.0
1608561390.41	20000	24.186225	0.0	1855168	205	20.0
1608561390.68	20000	24.917904	0.0	1666915	184	20.0
1608561390.94	20000	25.660592	0.0	1555467	172	20.0
1608561391.13	20000	26.470669	0.0	1008919	111	20.0
1608561391.35	20000	27.253869	0.0	1227619	136	20.0
1608561391.54	20000	28.061516	0.0	1015853	111	20.0
1608561391.66	20000	28.944818	0.0	384076	41	20.0
1608561391.76	20000	29.840495	0.0	295687	31	20.0
1608561392.0	20000	30.604557	0.0	1328674	156	20.0
1608561392.26	20000	31.347929	0.0	1492829	176	20.0
1608561392.52	20000	32.087941	0.0	1484812	175	20.0
1608561392.82	20000	32.785519	0.0	1868314	218	20.0
1608561393.04	20000	33.565739	0.0	1253406	140	20.0
1608561393.22	20000	34.387627	0.0	887933	98	20.0
1608561393.44	20000	35.175612	0.0	1153403	130	20.0
1608561393.66	20000	35.951723	0.0	1249023	141	20.0
1608561393.91	20000	36.702991	0.0	1423973	164	20.0
1608561394.12	20000	37.494921	0.0	1060162	123	20.0
1608561394.33	20000	38.287144	0.0	1080597	126	20.0
1608561394.55	20000	39.069826	0.0	1156442	135	20.0
1608561394.96	20000	39.659294	0.0	2222640	311	20.0
1608561395.52	20000	40.10267	0.0	2587311	462	20.0
1608561396.0	20000	40.619928	0.0	2178351	394	20.0
1608561396.68	20000	40.942475	0.0	3121089	583	20.0
1608561397.14	20000	41.485763	0.0	2857420	365	20.0
1608561397.43	20000	42.194659	0.0	1702477	206	20.0
1608561397.7	20000	42.926071	0.0	1531670	185	20.0
1608561398.02	20000	43.60656	0.0	1863424	234	20.0
1608561398.36	20000	44.267642	0.0	1987392	254	20.0
1608561398.77	20000	44.857319	0.0	2505586	320	20.0
1608561400.79	20000	43.840272	0.0	9620218	1892	20.0
1608561401.18	20000	44.448656	0.0	2561608	302	20.0
1608561401.71	20000	44.922924	0.0	3633991	429	20.0
1608561402.41	20000	45.220029	0.0	3324070	611	20.0
1608561402.8	20000	45.834531	0.0	1560020	303	20.0
1608561403.15	20000	46.4865	0.0	1429188	265	20.0
1608561403.56	20000	47.075619	0.0	1754144	326	20.0
1608561403.94	20000	47.699772	0.0	1626020	291	20.0
1608561404.32	20000	48.319881	0.0	1739228	291	20.0
1608561404.69	20000	48.945621	0.0	1722735	288	20.0
1608561405.1	20000	49.535893	0.0	1538145	326	20.0
1608561405.54	20000	50.100421	0.0	1473412	352	20.0
1608561405.95	20000	50.693974	0.0	1498968	325	20.0
1608561406.42	20000	51.222613	0.0	2247334	384	20.0
1608561407.0	20000	51.645729	0.0	3156442	484	20.0
1608561407.3	20000	52.347085	0.0	1895098	212	20.0
1608561407.6	20000	53.04374	0.0	1939135	217	20.0
1608561407.89	20000	53.75259	0.0	1842874	205	20.0
1608561408.22	20000	54.429812	0.0	2235830	236	20.0
1608561408.54	20000	55.11028	0.0	2202171	233	20.0
1608561408.86	20000	55.785862	0.0	2242042	237	20.0
1608561409.07	20000	56.576575	0.0	1081763	126	20.0
1608561409.45	20000	57.202919	0.0	2409013	285	20.0
1608561409.73	20000	57.922261	0.0	1615028	188	20.0
1608561410.0	20000	58.656984	0.0	1413467	182	20.0
1608561410.31	20000	59.339695	0.0	1632450	230	20.0
1608561411.26	20000	59.39705	0.0	5664827	834	20.0
1608561412.07	20000	59.588433	0.0	4578115	708	20.0
1608561412.93	20000	59.830069	0.0	1783835	271	20.0
1608561414.18	20000	59.58108	0.0	1093613	173	20.0
1608561414.93	20000	59.832107	0.0	975642	160	20.0
1608561416.25	20000	59.583075	0.0	1658005	238	20.0
1608561416.76	20000	59.899092	0.0	3055257	412	20.0
1608561418.14	20000	59.585092	0.0	5355572	769	20.0
1608561418.72	20000	59.946535	0.0	3278424	485	20.0
1608561420.18	20000	59.587076	0.0	2318501	373	20.0
1608561420.73	20000	59.937312	0.0	2473561	457	20.0
1608561422.13	20000	59.589101	0.0	1730311	312	20.0
1608561422.95	20000	59.840085	0.0	1455812	241	20.0
1608561423.94	20000	59.84108	0.0	2869222	394	20.0
1608561424.92	20000	59.842063	0.0	3226650	392	20.0
1608561426.29	20000	59.593089	0.0	2705936	279	20.0
1608561426.71	20000	59.962747	0.0	2998622	322	20.0
1608561428.11	20000	59.595165	0.0	2928342	305	20.0
1608561428.96	20000	59.846081	0.0	3059979	258	20.0
1608561430.32	20000	59.597163	0.0	3367422	269	20.0
1608561431.06	20000	59.788804	0.0	1950694	158	20.0
1608561432.31	20000	59.599072	0.0	1541020	153	20.0
1608561433.02	20000	59.652527	0.0	2926720	624	20.0
1608561434.34	20000	59.333505	0.0	2991202	1226	20.0
1608561435.4	20000	59.283461	0.0	3002106	957	20.0
1608561436.1	20000	59.578538	0.0	2015412	617	20.0
1608561437.09	20000	59.6041	0.0	2894863	398	20.0
1608561437.91	20000	59.855077	0.0	2185316	230	20.0
1608561439.0	20000	59.85615	0.0	3370605	488	20.0
1608561440.18	20000	59.607143	0.0	3492243	587	20.0
1608561440.94	20000	59.858084	0.0	1307592	177	20.0
1608561442.26	20000	59.609072	0.0	1881404	227	20.0
1608561443.05	20000	59.860073	0.0	1806471	197	20.0
1608561443.85	20000	59.861091	0.0	1945842	211	20.0
1608561445.23	20000	59.612086	0.0	2538877	294	20.0
1608561446.18	20000	59.613091	0.0	2298557	357	20.0
1608561446.81	20000	59.876386	0.0	2831497	541	20.0
1608561448.14	20000	59.615097	0.0	3200905	726	20.0
1608561448.86	20000	59.833517	0.0	2180586	635	20.0
1608561449.88	20000	59.867163	0.0	1500505	430	20.0
1608561450.96	20000	59.868123	0.0	1939246	492	20.0
1608561451.91	20000	59.869165	0.0	1599193	372	20.0
1608561453.1	20000	59.620085	0.0	2364826	592	20.0
1608561454.13	20000	59.621019	0.0	2517454	438	20.0
1608561454.98	20000	59.872115	0.0	1883143	262	20.0
1608561455.89	20000	59.873105	0.0	1726706	316	20.0
1608561457.12	20000	59.624061	0.0	707364	150	20.0
1608561457.83	20000	59.875085	0.0	796460	129	20.0
1608561459.01	20000	59.876093	0.0	596962	96	20.0
1608561460.21	20000	59.627053	0.0	947625	110	20.0
1608561460.86	20000	59.878091	0.0	832859	75	20.0
1608561461.96	20000	59.87911	0.0	151562	12	20.0
1608561463.03	20000	59.880156	0.0	90390	8	20.0
1608561464.1	20000	59.631165	0.0	50278	4	20.0
1608561465.14	20000	59.632165	0.0	26471	0	20.0
1608561466.18	20000	59.633164	0.0	40620	3	20.0
1608561466.6	4000	1.000999	0.088	334032	76	-1.7599999999999998
1608561468.63	4000	1.375081	1.118	6594552	1908	-18.36
1608561471.77	4000	1.299993	2.042	4402139	3033	-36.84
1608561472.23	4000	1.852296	0.0	1043358	381	4.0
1608561472.46	8000	2.629793	0.0	946554	133	4.0
1608561472.7	12000	3.38787	0.0	1083781	153	8.0
1608561472.85	12000	4.233006	0.0	533454	74	12.0
1608561473.01	12000	5.080509	0.0	508812	71	12.0
1608561473.58	20000	5.511819	0.0	4047415	468	12.0
1608561473.97	20000	6.122106	0.0	2863079	300	20.0
1608561474.52	20000	6.574581	0.0	4167844	448	20.0
1608561475.24	20000	6.849704	0.0	5571764	620	20.0
1608561475.86	20000	7.235264	0.0	4925652	510	20.0
1608561476.17	20000	7.93664	0.0	2030157	209	20.0
1608561476.54	20000	8.557307	0.0	2240782	279	20.0
1608561476.92	20000	9.179514	0.0	2211169	288	20.0
1608561477.05	20000	10.052099	0.0	382046	48	20.0
1608561477.27	20000	10.824137	0.0	1113969	145	20.0
1608561477.59	20000	11.514087	0.0	820127	228	20.0
1608561480.28	20000	9.823474	0.0	6357933	2582	20.0
1608561482.65	20000	8.447043	0.0	4814284	2275	20.0
1608561484.2	20000	7.899761	0.0	3419258	1446	20.0
1608561485.37	20000	7.734094	0.0	3944328	1071	20.0
1608561486.72	20000	7.389933	0.0	4284196	1242	20.0
1608561487.37	20000	7.736643	0.0	3022025	561	20.0
1608561487.69	20000	8.417042	0.0	2248581	230	20.0
1608561488.85	20000	8.255953	0.0	9946363	1015	20.0
1608561490.16	20000	7.945353	0.0	11684632	1174	20.0
1608561490.43	20000	8.67768	0.0	1849732	181	20.0
1608561490.71	20000	9.403985	0.0	1942795	187	20.0
1608561490.96	20000	10.155309	0.0	1704756	165	20.0
1608561491.2	20000	10.908371	0.0	1697111	163	20.0
1608561491.44	20000	11.670885	0.0	1529441	154	20.0
1608561491.7	20000	12.410929	0.0	1568649	177	20.0
