1608616311.93	4000	1.000999	0.018	60629	7	-0.5760000000000001
1608616314.0	20000	1.49822	1.54	11007815	1974	-45.28
1608616315.33	8000	1.496635	0.0	7078153	1272	-4.0
1608616315.71	8000	2.122088	0.0	1798447	355	8.0
1608616315.9	8000	2.950424	0.0	946554	180	8.0
1608616316.06	8000	3.790457	0.0	768486	146	8.0
1608616316.15	8000	4.704269	0.0	398693	74	8.0
1608616316.31	16000	5.547453	0.0	730082	140	8.0
1608616317.01	20000	5.854158	0.0	4047415	665	16.0
1608616317.42	20000	6.438297	0.0	2863079	383	20.0
1608616318.13	20000	6.732453	0.0	4167844	672	20.0
1608616319.15	16000	6.710744	0.0	5571764	979	12.0
1608616319.78	12000	7.082851	0.0	3844696	590	8.0
1608616319.99	8000	7.873691	0.0	1267052	190	4.0
1608616320.27	12000	8.594907	0.0	1712120	258	8.0
1608616320.54	12000	9.324997	0.0	1662097	250	12.0
1608616320.62	16000	10.247657	0.0	382046	56	12.0
1608616320.8	20000	11.069928	0.0	1113969	159	16.0
1608616320.92	20000	11.947082	0.0	820127	108	20.0
1608616321.82	20000	12.046176	0.0	6357933	854	20.0
1608616322.51	20000	12.362585	0.0	4814284	647	20.0
1608616322.99	16000	12.878455	0.0	3419258	454	12.0
1608616323.54	16000	13.326936	0.0	3944328	522	16.0
1608616324.18	16000	13.696075	0.0	4284196	595	16.0
1608616324.55	12000	14.323065	0.0	2424462	347	8.0
1608616324.9	16000	14.977948	0.0	2248581	320	12.0
1608616326.36	16000	14.517256	0.0	9946363	1394	16.0
1608616327.83	12000	14.049371	0.0	9808342	1397	8.0
1608616327.99	8000	14.885932	0.0	1127469	142	4.0
1608616328.16	8000	15.71991	0.0	1179779	149	8.0
1608616328.35	12000	16.523968	0.0	1396705	177	8.0
1608616328.55	12000	17.330534	0.0	1392963	177	12.0
1608616328.77	16000	18.106184	0.0	1529441	194	12.0
1608616329.02	20000	18.859191	0.0	1568649	229	16.0
1608616329.29	20000	19.592289	0.0	1677618	248	20.0
1608616329.52	20000	20.366737	0.0	1415096	208	20.0
1608616329.82	20000	21.068769	0.0	1894067	277	20.0
1608616329.98	20000	21.902523	0.0	1186604	150	20.0
1608616330.13	20000	22.75218	0.0	1068386	135	20.0
1608616330.37	20000	23.517482	0.0	1700843	216	20.0
1608616330.72	20000	24.170873	0.0	2536859	324	20.0
1608616331.48	20000	24.407543	0.0	4742872	727	20.0
1608616332.19	20000	24.699946	0.0	4955535	671	20.0
1608616332.36	16000	25.532781	0.0	1260540	150	12.0
1608616332.83	16000	26.061179	0.0	3605246	434	16.0
1608616333.18	16000	26.715406	0.0	2770338	319	16.0
1608616333.41	16000	27.481619	0.0	1855168	213	16.0
1608616333.63	20000	28.269611	0.0	1666915	191	16.0
1608616333.82	20000	29.0732	0.0	1555467	179	20.0
1608616333.96	20000	29.934932	0.0	1008919	124	20.0
1608616334.13	20000	30.767503	0.0	1227619	151	20.0
1608616334.27	20000	31.627654	0.0	1015853	125	20.0
1608616334.33	20000	32.569914	0.0	384076	46	20.0
1608616334.38	20000	33.52096	0.0	295687	36	20.0
1608616334.56	20000	34.341308	0.0	1328674	163	20.0
1608616334.76	20000	35.13979	0.0	1492829	184	20.0
1608616335.02	20000	35.88645	0.0	1484812	235	20.0
1608616335.37	20000	36.536517	0.0	1868314	329	20.0
1608616335.61	20000	37.298768	0.0	1253406	220	20.0
1608616335.78	20000	38.128953	0.0	887933	155	20.0
1608616335.93	20000	38.97741	0.0	1153403	135	20.0
1608616336.08	20000	39.82945	0.0	1249023	126	20.0
1608616336.24	20000	40.666579	0.0	1423973	144	20.0
1608616336.37	20000	41.544946	0.0	1060162	106	20.0
1608616336.49	20000	42.4204	0.0	1080597	108	20.0
1608616336.63	20000	43.287428	0.0	1156442	117	20.0
1608616336.87	20000	44.04009	0.0	2222640	225	20.0
1608616337.18	20000	44.733105	0.0	2587311	283	20.0
1608616337.44	20000	45.474533	0.0	2178351	237	20.0
1608616337.81	20000	46.108028	0.0	3121089	342	20.0
1608616338.17	20000	46.747688	0.0	2857420	336	20.0
1608616338.39	20000	47.52592	0.0	1702477	202	20.0
1608616338.59	20000	48.326201	0.0	1531670	181	20.0
1608616338.84	20000	49.08556	0.0	1863424	220	20.0
1608616339.1	20000	49.820176	0.0	1987392	244	20.0
1608616339.44	20000	50.486383	0.0	2505586	311	20.0
1608616340.77	20000	50.151028	0.0	9620218	1273	20.0
1608616341.24	16000	50.682329	0.0	2561608	443	12.0
1608616341.92	16000	51.005182	0.0	3633991	646	16.0
1608616342.21	12000	51.715658	0.0	2707022	262	8.0
1608616342.35	12000	52.574519	0.0	1258293	121	12.0
1608616342.51	16000	53.415622	0.0	1429188	137	12.0
1608616342.7	20000	54.226563	0.0	1754144	169	16.0
1608616342.88	20000	55.052409	0.0	1626020	156	20.0
1608616343.1	20000	55.833821	0.0	1739228	200	20.0
1608616343.32	20000	56.616682	0.0	1722735	198	20.0
1608616343.51	20000	57.42083	0.0	1538145	176	20.0
1608616343.7	20000	58.233551	0.0	1473412	169	20.0
1608616343.89	20000	59.0427	0.0	1498968	172	20.0
1608616344.18	20000	59.761447	0.0	2247334	259	20.0
1608616345.58	20000	59.599733	0.0	3156442	363	20.0
1608616346.29	20000	59.850781	0.0	1895098	196	20.0
1608616347.51	20000	59.601755	0.0	1939135	196	20.0
1608616348.27	20000	59.852788	0.0	1842874	234	20.0
1608616349.14	20000	59.853685	0.0	2235830	344	20.0
1608616350.51	20000	59.604687	0.0	2202171	352	20.0
1608616351.0	20000	59.944998	0.0	2242042	463	20.0
1608616352.14	16000	59.85669	0.0	1081763	120	12.0
1608616353.23	20000	59.857827	0.0	2409013	572	16.0
1608616354.01	16000	59.932935	0.0	1615028	760	12.0
1608616355.17	8000	59.859677	0.0	948747	134	0.0
1608616356.29	8000	59.860743	0.0	970495	106	8.0
1608616357.22	8000	59.861679	0.0	2424481	402	8.0
1608616358.15	8000	59.862767	0.0	1902440	404	8.0
1608616359.39	8000	59.613784	0.0	1031824	229	8.0
1608616360.56	20000	59.614781	0.0	1093613	148	8.0
1608616361.26	20000	59.865788	0.0	975642	178	20.0
1608616362.5	16000	59.616684	0.0	1658005	225	12.0
1608616363.33	20000	59.867518	0.0	3055257	302	16.0
1608616364.03	20000	59.929506	0.0	5355572	658	20.0
1608616365.51	20000	59.619786	0.0	3278424	447	20.0
1608616366.33	20000	59.870692	0.0	2318501	305	20.0
1608616367.22	20000	59.871653	0.0	2473561	354	20.0
1608616368.43	16000	59.622554	0.0	1730311	189	12.0
1608616369.12	16000	59.873681	0.0	1455812	167	16.0
1608616370.52	20000	59.624723	0.0	2869222	373	16.0
1608616371.43	20000	59.625624	0.0	3226650	379	20.0
1608616372.32	20000	59.876705	0.0	2705936	363	20.0
1608616373.32	20000	59.877678	0.0	2998622	470	20.0
1608616374.11	20000	59.853925	0.0	2928342	769	20.0
1608616375.58	12000	59.629674	0.0	2451277	442	4.0
1608616376.04	12000	59.930223	0.0	2690936	430	12.0
1608616377.33	12000	59.881708	0.0	1552444	268	12.0
1608616378.55	12000	59.632661	0.0	1207957	198	12.0
1608616379.42	12000	59.633655	0.0	2277016	349	12.0
1608616380.32	16000	59.884762	0.0	2991202	360	12.0
1608616381.12	20000	59.885715	0.0	3002106	271	16.0
1608616382.31	20000	59.886737	0.0	2015412	170	20.0
1608616383.28	20000	59.887674	0.0	2894863	446	20.0
1608616384.49	20000	59.63868	0.0	2185316	185	20.0
1608616385.33	20000	59.889687	0.0	3370605	308	20.0
1608616386.19	20000	59.890685	0.0	3492243	327	20.0
1608616387.34	20000	59.891618	0.0	1307592	127	20.0
1608616388.52	20000	59.642665	0.0	1881404	163	20.0
1608616389.24	20000	59.893772	0.0	1806471	194	20.0
1608616390.53	20000	59.644664	0.0	1945842	264	20.0
1608616391.38	20000	59.645708	0.0	2538877	319	20.0
1608616392.21	20000	59.89669	0.0	2298557	307	20.0
1608616393.19	20000	59.897706	0.0	2831497	452	20.0
1608616394.57	20000	59.648698	0.0	3200905	354	20.0
1608616395.04	20000	59.943128	0.0	2180586	453	20.0
1608616396.2	16000	59.90078	0.0	1500505	639	12.0
1608616397.4	8000	59.651677	0.0	1175796	176	0.0
1608616398.58	8000	59.652686	0.0	1004408	158	8.0
1608616399.38	12000	59.653675	0.0	1877910	278	8.0
1608616400.18	12000	59.90473	0.0	1991172	270	12.0
1608616401.4	12000	59.655717	0.0	1469635	202	12.0
1608616402.19	20000	59.906804	0.0	1726706	264	12.0
1608616403.31	20000	59.907683	0.0	707364	110	20.0
1608616404.49	20000	59.658658	0.0	796460	159	20.0
1608616405.15	20000	59.909625	0.0	596962	142	20.0
1608616406.38	20000	59.660638	0.0	947625	215	20.0
1608616407.57	20000	59.661731	0.0	832859	175	20.0
1608616408.12	20000	59.912713	0.0	151562	28	20.0
1608616409.14	20000	59.91377	0.0	90390	15	20.0
1608616410.16	16000	59.91471	0.0	50278	4	12.0
1608616411.18	12000	59.915635	0.0	24518	2	8.0
1608616412.2	8000	59.916758	0.0	26015	1	4.0
1608616412.51	4000	1.000999	0.013	60629	3	-0.4159999999999999
1608616413.47	20000	1.281173	0.223	11007815	867	-3.1359999999999992
1608616414.29	20000	1.676447	0.0	8849724	769	20.0
1608616414.62	16000	2.416348	0.0	3191121	297	12.0
1608616414.79	16000	3.243151	0.0	1661718	155	16.0
1608616414.94	16000	4.098303	0.0	1315024	120	16.0
1608616415.01	20000	5.022481	0.0	698359	64	16.0
1608616415.09	20000	5.967691	0.0	730082	67	20.0
1608616415.5	20000	6.56889	0.0	4047415	370	20.0
1608616415.78	20000	7.286276	0.0	2863079	256	20.0
1608616416.19	20000	7.879897	0.0	4167844	373	20.0
1608616416.83	20000	8.239807	0.0	5571764	598	20.0
1608616417.43	20000	8.642196	0.0	4925652	561	20.0
1608616417.68	20000	9.392185	0.0	2030157	227	20.0
1608616417.95	20000	10.119226	0.0	2240782	251	20.0
1608616418.22	20000	10.849459	0.0	2211169	248	20.0
1608616418.28	20000	11.79584	0.0	382046	41	20.0
1608616418.41	20000	12.661222	0.0	1113969	117	20.0
1608616418.51	20000	13.564433	0.0	820127	83	20.0
1608616419.21	20000	13.86861	0.0	6357933	654	20.0
1608616419.78	20000	14.295518	0.0	4814284	539	20.0
1608616420.2	20000	14.873672	0.0	3419258	396	20.0
1608616420.77	20000	15.308406	0.0	3944328	536	20.0
1608616421.44	16000	15.640666	0.0	4284196	635	12.0
1608616422.02	16000	16.05825	0.0	3022025	558	16.0
1608616422.47	16000	16.609804	0.0	2248581	428	16.0
1608616430.5	16000	9.585225	0.0	9946363	7956	16.0
1608616430.84	2000	10.245157	0.0	2158640	315	-12.0
1608616430.9	2000	11.183574	0.0	352618	49	2.0
1608616430.96	2000	12.123205	0.0	355918	50	2.0
1608616431.02	2000	13.064617	0.0	335697	47	2.0
1608616431.08	2000	14.006281	0.0	336592	47	2.0
1608616431.32	20000	14.764013	0.0	1529441	222	2.0
1608616431.51	20000	15.581888	0.0	1568649	165	20.0
