1608510955.04	4000	1.000999	0.018	60629	7	-0.3599999999999999
1608510957.1	20000	1.332287	1.322	11007815	1894	-22.44
1608510959.15	20000	1.347968	0.8	8849724	1923	4.0
1608510959.73	20000	1.789441	0.0	3191121	492	20.0
1608510960.13	20000	2.384618	0.0	1661718	322	20.0
1608510960.49	20000	3.026018	0.0	1315024	279	20.0
1608510960.72	20000	3.803783	0.0	698359	146	20.0
1608510960.93	20000	4.590175	0.0	730082	136	20.0
1608510961.7	20000	4.821942	0.0	4047415	674	20.0
1608510962.3	20000	5.21919	0.0	2863079	514	20.0
1608510963.15	20000	5.373569	0.0	4167844	753	20.0
1608510964.2	20000	5.325811	0.0	5571764	941	20.0
1608510965.11	20000	5.414968	0.0	4925652	812	20.0
1608510965.57	20000	5.956931	0.0	2030157	374	20.0
1608510966.06	20000	6.465107	0.0	2240782	407	20.0
1608510966.55	20000	6.982019	0.0	2211169	399	20.0
1608510966.69	20000	7.836402	0.0	382046	66	20.0
1608510966.97	20000	8.564517	0.0	1113969	191	20.0
1608510967.18	20000	9.356693	0.0	820127	129	20.0
1608510968.28	20000	9.254798	0.0	6357933	993	20.0
1608510969.15	20000	9.391784	0.0	4814284	762	20.0
1608510969.92	20000	9.615675	0.0	3419258	675	20.0
1608510970.96	20000	9.58151	0.0	3944328	938	20.0
1608510971.75	20000	9.7845	0.0	4284196	699	20.0
1608510972.5	20000	10.034748	0.0	3022025	661	20.0
1608510973.18	20000	10.358868	0.0	2248581	593	20.0
1608510975.65	20000	8.893032	0.0	9946363	2339	20.0
1608510978.35	20000	7.19252	0.0	11684632	2570	20.0
1608510978.79	20000	7.753326	0.0	1849732	356	20.0
1608510979.2	20000	8.344591	0.0	1942795	319	20.0
1608510979.54	20000	9.001709	0.0	1704756	261	20.0
1608510979.89	20000	9.660791	0.0	1697111	260	20.0
1608510980.26	20000	10.290755	0.0	1529441	289	20.0
1608510980.65	20000	10.901886	0.0	1568649	309	20.0
1608510981.07	20000	11.488434	0.0	1677618	329	20.0
1608510981.43	20000	12.115738	0.0	1415096	283	20.0
1608510981.9	20000	12.65023	0.0	1894067	382	20.0
1608510982.19	20000	13.361747	0.0	1186604	209	20.0
1608510982.46	20000	14.095779	0.0	1068386	187	20.0
1608510982.84	20000	14.715223	0.0	1700843	299	20.0
1608510983.35	20000	15.204699	0.0	2536859	425	20.0
1608510984.23	20000	15.325458	0.0	4742872	780	20.0
1608510985.13	20000	15.429989	0.0	4955535	794	20.0
1608510985.41	20000	16.144549	0.0	1260540	204	20.0
1608510986.11	20000	16.455855	0.0	3605246	588	20.0
1608510986.67	20000	16.886808	0.0	2770338	479	20.0
1608510987.08	20000	17.47808	0.0	1855168	327	20.0
1608510987.54	20000	18.022791	0.0	1666915	372	20.0
1608510987.97	20000	18.59351	0.0	1555467	348	20.0
1608510988.3	20000	19.263574	0.0	1008919	251	20.0
1608510988.69	20000	19.875248	0.0	1227619	305	20.0
1608510989.02	20000	20.544394	0.0	1015853	253	20.0
1608510989.2	20000	21.363196	0.0	384076	106	20.0
1608510989.36	20000	22.208417	0.0	295687	80	20.0
1608510989.82	20000	22.750851	0.0	1328674	378	20.0
1608510990.23	20000	23.340325	0.0	1492829	327	20.0
1608510990.58	20000	23.987379	0.0	1484812	273	20.0
1608510991.01	20000	24.559222	0.0	1868314	343	20.0
1608510991.41	20000	25.164364	0.0	1253406	313	20.0
1608510991.71	20000	25.863887	0.0	887933	220	20.0
1608510992.07	20000	26.50024	0.0	1153403	284	20.0
1608510992.41	20000	27.168437	0.0	1249023	252	20.0
1608510992.77	20000	27.802322	0.0	1423973	287	20.0
1608510993.07	20000	28.51258	0.0	1060162	212	20.0
1608510993.46	20000	29.117327	0.0	1080597	317	20.0
1608510993.88	20000	29.696654	0.0	1156442	340	20.0
1608510994.53	20000	30.053337	0.0	2222640	559	20.0
1608510995.22	20000	30.366757	0.0	2587311	600	20.0
1608510995.73	20000	30.851812	0.0	2178351	430	20.0
1608510996.48	20000	31.100494	0.0	3121089	660	20.0
1608510997.22	20000	31.366406	0.0	2857420	643	20.0
1608510997.71	20000	31.879069	0.0	1702477	403	20.0
1608510998.15	20000	32.440356	0.0	1531670	359	20.0
1608510998.68	20000	32.904349	0.0	1863424	454	20.0
1608510999.3	20000	33.286763	0.0	1987392	535	20.0
1608511000.27	20000	33.322054	0.0	2505586	879	20.0
1608511003.94	20000	30.653316	0.0	9620218	3541	20.0
1608511005.03	20000	30.564361	0.0	2561608	1001	20.0
1608511006.65	20000	29.945267	0.0	3633991	1526	20.0
1608511007.69	20000	29.899838	0.0	3324070	954	20.0
1608511008.17	20000	30.420491	0.0	1560020	399	20.0
1608511008.61	20000	30.984397	0.0	1429188	358	20.0
1608511009.13	20000	31.462748	0.0	1754144	440	20.0
1608511009.51	20000	32.083079	0.0	1626020	299	20.0
1608511009.92	20000	32.681467	0.0	1739228	320	20.0
1608511010.32	20000	33.286588	0.0	1722735	312	20.0
1608511010.67	20000	33.926098	0.0	1538145	276	20.0
1608511011.02	20000	34.580762	0.0	1473412	264	20.0
1608511011.34	20000	35.265211	0.0	1498968	234	20.0
1608511011.76	20000	35.846485	0.0	2247334	333	20.0
1608511012.33	20000	36.274554	0.0	3156442	483	20.0
1608511012.74	20000	36.869381	0.0	1895098	320	20.0
1608511013.15	20000	37.45886	0.0	1939135	328	20.0
1608511013.55	20000	38.057214	0.0	1842874	318	20.0
1608511014.02	20000	38.585623	0.0	2235830	387	20.0
1608511014.5	20000	39.109786	0.0	2202171	391	20.0
1608511014.99	20000	39.61961	0.0	2242042	404	20.0
1608511015.27	20000	40.34082	0.0	1081763	190	20.0
1608511015.8	20000	40.809653	0.0	2409013	445	20.0
1608511016.18	20000	41.429021	0.0	1615028	297	20.0
1608511016.49	20000	42.12312	0.0	1413467	225	20.0
1608511016.83	20000	42.781896	0.0	1632450	260	20.0
1608511017.7	20000	42.913624	0.0	5664827	765	20.0
1608511018.37	20000	43.249868	0.0	4578115	566	20.0
1608511018.68	20000	43.939501	0.0	1783835	227	20.0
1608511018.9	20000	44.719669	0.0	1093613	138	20.0
1608511019.1	20000	45.516441	0.0	975642	124	20.0
1608511019.43	20000	46.195908	0.0	1658005	239	20.0
1608511019.98	20000	46.646025	0.0	3055257	461	20.0
1608511020.7	20000	46.925874	0.0	5355572	619	20.0
1608511021.13	20000	47.490728	0.0	3278424	345	20.0
1608511021.42	20000	48.200702	0.0	2318501	205	20.0
1608511021.73	20000	48.900943	0.0	2473561	213	20.0
1608511021.96	20000	49.671778	0.0	1730311	149	20.0
1608511022.16	20000	50.467774	0.0	1455812	125	20.0
1608511022.45	20000	51.175235	0.0	2869222	207	20.0
1608511022.77	20000	51.856066	0.0	3226650	232	20.0
1608511023.05	20000	52.578457	0.0	2705936	194	20.0
1608511023.35	20000	53.285871	0.0	2998622	207	20.0
1608511023.62	20000	54.00952	0.0	2928342	191	20.0
1608511023.92	20000	54.717476	0.0	3059979	204	20.0
1608511024.23	20000	55.408241	0.0	3367422	221	20.0
1608511024.47	20000	56.17045	0.0	1950694	155	20.0
1608511024.67	20000	56.968981	0.0	1541020	122	20.0
1608511024.99	20000	57.648997	0.0	2926720	233	20.0
1608511025.33	20000	58.310169	0.0	2991202	250	20.0
1608511025.72	20000	58.917079	0.0	3002106	304	20.0
1608511026.01	20000	59.630144	0.0	2015412	203	20.0
1608511026.86	20000	59.88163	0.0	2894863	264	20.0
1608511028.12	20000	59.632531	0.0	2185316	164	20.0
1608511029.0	20000	59.845697	0.0	3370605	286	20.0
1608511029.9	20000	59.884601	0.0	3492243	301	20.0
1608511031.1	20000	59.635516	0.0	1307592	120	20.0
1608511031.85	20000	59.886507	0.0	1881404	166	20.0
1608511033.08	20000	59.63752	0.0	1806471	151	20.0
1608511033.85	20000	59.888513	0.0	1945842	179	20.0
1608511035.2	20000	59.63956	0.0	2538877	263	20.0
1608511036.08	20000	59.64051	0.0	2298557	292	20.0
1608511037.12	20000	59.641513	0.0	2831497	455	20.0
1608511038.13	20000	59.642511	0.0	3200905	416	20.0
1608511038.97	20000	59.893519	0.0	2180586	246	20.0
1608511040.22	20000	59.64461	0.0	1500505	168	20.0
1608511040.99	20000	59.895618	0.0	1939246	188	20.0
1608511042.24	20000	59.646505	0.0	1599193	149	20.0
1608511043.14	20000	59.647521	0.0	2364826	317	20.0
1608511044.09	20000	59.648523	0.0	2517454	359	20.0
1608511044.98	20000	59.899603	0.0	1883143	302	20.0
1608511045.93	20000	59.900605	0.0	1726706	370	20.0
1608511047.16	20000	59.651525	0.0	707364	144	20.0
1608511047.9	20000	59.902511	0.0	796460	155	20.0
1608511049.14	20000	59.65354	0.0	596962	167	20.0
1608511049.91	20000	59.904512	0.0	947625	181	20.0
1608511051.13	20000	59.655539	0.0	832859	142	20.0
1608511052.23	20000	59.656506	0.0	151562	21	20.0
1608511052.82	20000	59.907512	0.0	90390	12	20.0
1608511053.88	20000	59.908515	0.0	50278	6	20.0
1608511054.93	20000	59.909527	0.0	26471	1	20.0
1608511055.97	20000	59.9106	0.0	40620	4	20.0
1608511056.34	4000	1.000999	0.046	334032	35	-0.9199999999999999
1608511057.16	4000	1.461008	0.0	6594552	688	4.0
1608511058.18	20000	1.462773	0.0	8849724	872	4.0
1608511058.56	20000	2.093655	0.0	3191121	282	20.0
1608511058.77	20000	2.907149	0.0	1661718	126	20.0
1608511058.95	20000	3.726934	0.0	1315024	100	20.0
1608511059.09	20000	4.596642	0.0	698359	52	20.0
1608511059.22	20000	5.463015	0.0	730082	55	20.0
1608511059.61	20000	6.0788	0.0	4047415	290	20.0
1608511059.88	20000	6.802679	0.0	2863079	187	20.0
1608511060.25	20000	7.433517	0.0	4167844	274	20.0
1608511060.75	20000	7.935303	0.0	5571764	395	20.0
1608511061.22	20000	8.46812	0.0	4925652	366	20.0
1608511061.45	20000	9.235668	0.0	2030157	151	20.0
1608511061.67	20000	10.024479	0.0	2240782	126	20.0
1608511061.89	20000	10.809051	0.0	2211169	126	20.0
1608511061.98	20000	11.708165	0.0	382046	21	20.0
1608511062.13	20000	12.566946	0.0	1113969	63	20.0
1608511062.25	20000	13.442495	0.0	820127	47	20.0
1608511062.72	20000	13.974164	0.0	6357933	361	20.0
1608511063.1	20000	14.601132	0.0	4814284	275	20.0
1608511063.38	20000	15.313315	0.0	3419258	195	20.0
1608511063.85	20000	15.848119	0.0	3944328	370	20.0
1608511064.38	20000	16.323557	0.0	4284196	430	20.0
1608511064.68	20000	17.019085	0.0	3022025	213	20.0
1608511064.92	20000	17.786929	0.0	2248581	147	20.0
1608511066.0	20000	17.705724	0.0	9946363	946	20.0
1608511096.21	20000	1.258563	12.76	11684632	30064	-235.2
1608511096.35	2000	2.122107	0.0	352618	56	-16.0
1608511096.49	2000	2.981836	0.0	355918	57	2.0
1608511096.62	2000	3.851735	0.0	335697	54	2.0
1608511096.77	2000	4.700909	0.0	336592	75	2.0
1608511096.91	2000	5.568051	0.0	257949	57	2.0
1608511097.37	20000	6.108533	0.0	1568649	370	2.0
