1608602669.43	4000	1.000999	0.017	60629	7	-0.33999999999999986
1608602671.29	20000	1.494299	1.328	11007815	1677	-22.56
1608602672.55	20000	1.490316	0.0	8849724	1129	20.0
1608602673.09	20000	1.979292	0.0	3191121	425	20.0
1608602673.41	20000	2.660244	0.0	1661718	227	20.0
1608602673.69	20000	3.382141	0.0	1315024	191	20.0
1608602673.87	20000	4.197343	0.0	698359	100	20.0
1608602674.06	20000	5.007095	0.0	730082	106	20.0
1608602674.76	20000	5.311208	0.0	4047415	597	20.0
1608602675.28	20000	5.791495	0.0	2863079	425	20.0
1608602676.0	20000	6.070084	0.0	4167844	620	20.0
1608602677.08	20000	5.990387	0.0	5571764	967	20.0
1608602678.01	20000	6.067713	0.0	4925652	812	20.0
1608602678.41	20000	6.666208	0.0	2030157	307	20.0
1608602678.8	20000	7.278347	0.0	2240782	296	20.0
1608602679.19	20000	7.894802	0.0	2211169	291	20.0
1608602679.32	20000	8.758905	0.0	382046	45	20.0
1608602679.57	20000	9.512306	0.0	1113969	158	20.0
1608602679.77	20000	10.308869	0.0	820127	115	20.0
1608602680.8	20000	10.28059	0.0	6357933	916	20.0
1608602681.6	20000	10.489066	0.0	4814284	688	20.0
1608602682.17	20000	10.911496	0.0	3419258	478	20.0
1608602682.8	20000	11.291123	0.0	3944328	521	20.0
1608602683.46	20000	11.628809	0.0	4284196	558	20.0
1608602684.05	20000	12.1415	0.0	3022025	383	20.0
1608602684.43	20000	12.656841	0.0	2248581	283	20.0
1608602685.85	20000	12.238027	0.0	9946363	1289	20.0
1608602687.7	20000	11.391292	0.0	11684632	1705	20.0
1608602688.04	20000	12.049407	0.0	1849732	249	20.0
1608602688.4	20000	12.697232	0.0	1942795	260	20.0
1608602688.68	20000	13.414119	0.0	1704756	193	20.0
1608602688.96	20000	14.132669	0.0	1697111	192	20.0
1608602689.23	20000	14.8694	0.0	1529441	174	20.0
1608602689.53	20000	15.569169	0.0	1568649	186	20.0
1608602689.83	20000	16.265164	0.0	1677618	214	20.0
1608602690.1	20000	16.996928	0.0	1415096	180	20.0
1608602690.43	20000	17.665098	0.0	1894067	241	20.0
1608602690.67	20000	18.426798	0.0	1186604	151	20.0
1608602690.9	20000	19.206272	0.0	1068386	137	20.0
1608602691.21	20000	19.897467	0.0	1700843	218	20.0
1608602691.62	20000	20.486549	0.0	2536859	315	20.0
1608602692.31	20000	20.794864	0.0	4742872	585	20.0
1608602693.2	20000	20.913895	0.0	4955535	775	20.0
1608602693.48	20000	21.627853	0.0	1260540	192	20.0
1608602694.13	20000	21.979577	0.0	3605246	550	20.0
1608602694.6	20000	22.50533	0.0	2770338	380	20.0
1608602694.93	20000	23.184221	0.0	1855168	229	20.0
1608602695.23	20000	23.88167	0.0	1666915	205	20.0
1608602695.51	20000	24.599712	0.0	1555467	194	20.0
1608602695.73	20000	25.385897	0.0	1008919	128	20.0
1608602695.97	20000	26.142202	0.0	1227619	156	20.0
1608602696.19	20000	26.927887	0.0	1015853	129	20.0
1608602696.32	20000	27.798847	0.0	384076	47	20.0
1608602696.43	20000	28.683486	0.0	295687	35	20.0
1608602696.67	20000	29.443816	0.0	1328674	153	20.0
1608602696.94	20000	30.182443	0.0	1492829	173	20.0
1608602697.2	20000	30.918456	0.0	1484812	170	20.0
1608602697.51	20000	31.610305	0.0	1868314	220	20.0
1608602697.76	20000	32.366379	0.0	1253406	156	20.0
1608602697.95	20000	33.171409	0.0	887933	110	20.0
1608602698.18	20000	33.939855	0.0	1153403	144	20.0
1608602698.43	20000	34.695459	0.0	1249023	156	20.0
1608602698.73	20000	35.398746	0.0	1423973	208	20.0
1608602698.97	20000	36.157805	0.0	1060162	154	20.0
1608602699.21	20000	36.913713	0.0	1080597	158	20.0
1608602699.47	20000	37.655803	0.0	1156442	171	20.0
1608602699.98	20000	38.145197	0.0	2222640	419	20.0
1608602700.55	20000	38.577112	0.0	2587311	472	20.0
1608602701.0	20000	39.134391	0.0	2178351	351	20.0
1608602701.57	20000	39.566938	0.0	3121089	470	20.0
1608602702.0	20000	40.132193	0.0	2857420	338	20.0
1608602702.29	20000	40.841243	0.0	1702477	201	20.0
1608602702.56	20000	41.579473	0.0	1531670	173	20.0
1608602702.85	20000	42.286114	0.0	1863424	203	20.0
1608602703.16	20000	42.978019	0.0	1987392	217	20.0
1608602703.53	20000	43.613881	0.0	2505586	270	20.0
1608602704.66	20000	43.482959	0.0	9620218	1002	20.0
1608602705.06	20000	44.084749	0.0	2561608	301	20.0
1608602705.59	20000	44.550168	0.0	3633991	432	20.0
1608602706.1	20000	45.037931	0.0	3324070	413	20.0
1608602706.39	20000	45.752582	0.0	1560020	193	20.0
1608602706.64	20000	46.500322	0.0	1429188	162	20.0
1608602706.94	20000	47.210154	0.0	1754144	199	20.0
1608602707.22	20000	47.929341	0.0	1626020	182	20.0
1608602707.51	20000	48.64195	0.0	1739228	196	20.0
1608602707.84	20000	49.306184	0.0	1722735	246	20.0
1608602708.15	20000	49.994698	0.0	1538145	219	20.0
1608602708.46	20000	50.694714	0.0	1473412	209	20.0
1608602708.74	20000	51.408466	0.0	1498968	196	20.0
1608602709.13	20000	52.019674	0.0	2247334	296	20.0
1608602709.64	20000	52.514107	0.0	3156442	408	20.0
1608602709.97	20000	53.183154	0.0	1895098	236	20.0
1608602710.31	20000	53.850391	0.0	1939135	242	20.0
1608602710.66	20000	54.501059	0.0	1842874	257	20.0
1608602711.11	20000	55.051228	0.0	2235830	357	20.0
1608602711.55	20000	55.606756	0.0	2202171	345	20.0
1608602711.96	20000	56.201587	0.0	2242042	312	20.0
1608602712.2	20000	56.965832	0.0	1081763	150	20.0
1608602712.62	20000	57.543093	0.0	2409013	329	20.0
1608602712.92	20000	58.243614	0.0	1615028	208	20.0
1608602713.19	20000	58.973831	0.0	1413467	182	20.0
1608602713.49	20000	59.6738	0.0	1632450	211	20.0
1608602714.5	20000	59.670216	0.0	5664827	891	20.0
1608602715.7	20000	59.469669	0.0	4578115	1095	20.0
1608602716.48	20000	59.69171	0.0	1783835	687	20.0
1608602717.78	20000	59.610257	0.0	1093613	209	20.0
1608602718.45	20000	59.861334	0.0	975642	90	20.0
1608602719.7	20000	59.612326	0.0	1658005	146	20.0
1608602720.59	20000	59.613236	0.0	3055257	296	20.0
1608602721.21	20000	59.962602	0.0	5355572	507	20.0
1608602722.63	20000	59.615325	0.0	3278424	312	20.0
1608602723.47	20000	59.866349	0.0	2318501	248	20.0
1608602724.36	20000	59.867326	0.0	2473561	297	20.0
1608602725.68	20000	59.618323	0.0	1730311	223	20.0
1608602726.49	20000	59.869346	0.0	1455812	215	20.0
1608602727.52	20000	59.870349	0.0	2869222	436	20.0
1608602728.65	20000	59.621328	0.0	3226650	523	20.0
1608602729.65	20000	59.622234	0.0	2705936	409	20.0
1608602730.65	20000	59.623253	0.0	2998622	399	20.0
1608602731.64	20000	59.624237	0.0	2928342	393	20.0
1608602732.19	20000	59.997045	0.0	3059979	442	20.0
1608602733.8	20000	59.626227	0.0	3367422	515	20.0
1608602734.62	20000	59.56997	0.0	1950694	718	20.0
1608602735.62	20000	59.628244	0.0	1541020	410	20.0
1608602736.66	20000	59.62924	0.0	2926720	446	20.0
1608602737.31	20000	59.8849	0.0	2991202	545	20.0
1608602738.51	20000	59.868179	0.0	3002106	609	20.0
1608602739.48	20000	59.882326	0.0	2015412	379	20.0
1608602740.49	20000	59.883332	0.0	2894863	407	20.0
1608602741.34	20000	59.884343	0.0	2185316	252	20.0
1608602742.32	20000	59.885342	0.0	3370605	382	20.0
1608602743.45	20000	59.88633	0.0	3492243	527	20.0
1608602744.74	20000	59.637269	0.0	1307592	201	20.0
1608602745.53	20000	59.875036	0.0	1881404	190	20.0
1608602746.31	20000	59.889341	0.0	1806471	188	20.0
1608602747.63	20000	59.640237	0.0	1945842	214	20.0
1608602748.55	20000	59.891336	0.0	2538877	329	20.0
1608602749.44	20000	59.892325	0.0	2298557	290	20.0
1608602750.43	20000	59.893333	0.0	2831497	389	20.0
1608602751.68	20000	59.64426	0.0	3200905	653	20.0
1608602752.21	20000	59.989325	0.0	2180586	441	20.0
1608602753.61	20000	59.646241	0.0	1500505	303	20.0
1608602754.53	20000	59.897343	0.0	1939246	327	20.0
1608602755.4	20000	59.898336	0.0	1599193	281	20.0
1608602756.46	20000	59.899342	0.0	2364826	456	20.0
1608602757.52	20000	59.900343	0.0	2517454	470	20.0
1608602758.43	20000	59.901329	0.0	1883143	320	20.0
1608602759.31	20000	59.902327	0.0	1726706	289	20.0
1608602760.52	20000	59.903333	0.0	707364	118	20.0
1608602761.74	20000	59.6542	0.0	796460	125	20.0
1608602762.41	20000	59.905331	0.0	596962	86	20.0
1608602763.65	20000	59.656259	0.0	947625	147	20.0
1608602764.56	20000	59.657268	0.0	832859	327	20.0
1608602765.74	20000	59.658261	0.0	151562	86	20.0
1608602766.35	20000	59.909325	0.0	90390	39	20.0
1608602767.42	20000	59.910316	0.0	50278	7	20.0
1608602768.47	20000	59.911336	0.0	26471	1	20.0
1608602769.52	20000	59.912334	0.0	40620	4	20.0
1608602769.88	4000	1.000999	0.07	334032	58	-1.4
1608602770.88	4000	1.344084	0.062	6594552	853	2.76
1608602771.97	20000	1.310164	0.034	8849724	945	3.3200000000000003
1608602772.4	20000	1.90631	0.0	3191121	324	20.0
1608602772.65	20000	2.647792	0.0	1661718	167	20.0
1608602772.88	20000	3.423074	0.0	1315024	132	20.0
1608602773.03	20000	4.27715	0.0	698359	59	20.0
1608602773.18	20000	5.126704	0.0	730082	63	20.0
1608602773.64	20000	5.665504	0.0	4047415	359	20.0
1608602773.98	20000	6.32376	0.0	2863079	247	20.0
1608602774.43	20000	6.878575	0.0	4167844	342	20.0
1608602774.99	20000	7.314065	0.0	5571764	456	20.0
1608602775.5	20000	7.808896	0.0	4925652	397	20.0
1608602775.75	20000	8.556261	0.0	2030157	163	20.0
1608602776.03	20000	9.276501	0.0	2240782	189	20.0
1608602776.32	20000	9.990966	0.0	2211169	193	20.0
1608602776.44	20000	10.873275	0.0	382046	32	20.0
1608602776.63	20000	11.688274	0.0	1113969	96	20.0
1608602776.78	20000	12.530826	0.0	820127	70	20.0
1608602777.56	20000	12.752188	0.0	6357933	662	20.0
1608602778.21	20000	13.111369	0.0	4814284	536	20.0
1608602778.71	20000	13.608332	0.0	3419258	407	20.0
1608602779.27	20000	14.049082	0.0	3944328	459	20.0
1608602779.87	20000	14.45082	0.0	4284196	496	20.0
1608602780.36	20000	14.965641	0.0	3022025	387	20.0
1608602780.74	20000	15.586488	0.0	2248581	287	20.0
1608602782.03	20000	15.293353	0.0	9946363	1150	20.0
1608602783.63	20000	14.698078	0.0	11684632	1452	20.0
1608602783.96	20000	15.363284	0.0	1849732	243	20.0
1608602784.36	20000	15.962424	0.0	1942795	309	20.0
1608602784.73	20000	16.601221	0.0	1704756	271	20.0
1608602785.08	20000	17.2486	0.0	1697111	262	20.0
1608602785.4	20000	17.930679	0.0	1529441	230	20.0
1608602785.72	20000	18.607217	0.0	1568649	235	20.0
1608602786.07	20000	19.265056	0.0	1677618	252	20.0
