1609146932.6	4000	1.000999	0.015	60629	6	-0.2999999999999998
1609146933.61	4000	1.264722	0.243	6594552	942	-0.8600000000000003
1609146934.34	4000	1.755875	0.0	4402139	692	4.0
1609146934.51	4000	2.587031	0.0	1043358	151	4.0
1609146934.65	8000	3.534717	0.0	946554	125	4.0
1609146934.77	8000	4.43054	0.0	768486	102	8.0
1609146934.84	8000	5.36494	0.0	398693	51	8.0
1609146934.9	8000	6.305043	0.0	358785	46	8.0
1609146935.17	8000	7.052782	0.0	1838971	246	8.0
1609146935.45	12000	7.77485	0.0	1861181	249	8.0
1609146935.81	12000	8.41383	0.0	2835412	337	12.0
1609146936.33	12000	8.890175	0.0	4074608	490	12.0
1609146936.86	12000	9.363477	0.0	3844696	494	12.0
1609146937.1	12000	10.129217	0.0	1630440	214	12.0
1609146937.34	12000	10.885434	0.0	1712120	225	12.0
1609146937.67	16000	11.56038	0.0	2211169	296	12.0
1609146937.73	16000	12.496374	0.0	382046	50	16.0
1609146937.9	16000	13.328428	0.0	1113969	152	16.0
1609146938.03	16000	14.201958	0.0	820127	111	16.0
1609146938.91	16000	14.326678	0.0	6357933	830	16.0
1609146939.53	16000	14.700738	0.0	4814284	591	16.0
1609146939.95	16000	15.282131	0.0	3419258	390	16.0
1609146940.44	20000	15.79894	0.0	3944328	450	16.0
1609146941.0	20000	16.239426	0.0	4284196	527	20.0
1609146941.4	16000	16.838095	0.0	3022025	376	12.0
1609146941.69	16000	17.548118	0.0	2248581	267	16.0
1609146942.89	16000	17.350659	0.0	9946363	1115	16.0
1609146944.1	16000	17.140771	0.0	11684632	1136	16.0
1609146944.3	16000	17.946821	0.0	1849732	173	16.0
1609146944.51	16000	18.736921	0.0	1942795	179	16.0
1609146944.7	16000	19.548741	0.0	1704756	167	16.0
1609146944.88	16000	20.362697	0.0	1697111	167	16.0
1609146945.05	16000	21.19369	0.0	1529441	150	16.0
1609146945.23	16000	22.020949	0.0	1568649	154	16.0
1609146945.41	16000	22.835262	0.0	1677618	164	16.0
1609146945.58	20000	23.673305	0.0	1415096	144	16.0
1609146945.81	20000	24.438779	0.0	1894067	216	20.0
1609146945.96	20000	25.287744	0.0	1186604	134	20.0
1609146946.1	20000	26.151581	0.0	1068386	121	20.0
1609146946.31	20000	26.939573	0.0	1700843	192	20.0
1609146946.63	20000	27.629817	0.0	2536859	286	20.0
1609146947.2	20000	28.052853	0.0	4742872	533	20.0
1609146947.76	20000	28.498552	0.0	4955535	520	20.0
1609146947.9	20000	29.361313	0.0	1260540	118	20.0
1609146948.27	20000	29.990055	0.0	3605246	342	20.0
1609146948.56	20000	30.702668	0.0	2770338	261	20.0
1609146948.75	20000	31.507738	0.0	1855168	172	20.0
1609146948.93	20000	32.332895	0.0	1666915	155	20.0
1609146949.09	20000	33.169898	0.0	1555467	144	20.0
1609146949.2	20000	34.060443	0.0	1008919	93	20.0
1609146949.33	20000	34.930411	0.0	1227619	113	20.0
1609146949.44	20000	35.821661	0.0	1015853	92	20.0
1609146949.49	20000	36.774323	0.0	384076	34	20.0
1609146949.53	20000	37.734356	0.0	295687	26	20.0
1609146949.68	20000	38.589355	0.0	1328674	128	20.0
1609146949.85	20000	39.42397	0.0	1492829	147	20.0
1609146950.02	20000	40.25283	0.0	1484812	144	20.0
1609146950.22	20000	41.048026	0.0	1868314	184	20.0
1609146950.37	20000	41.906821	0.0	1253406	123	20.0
1609146950.47	20000	42.804602	0.0	887933	87	20.0
1609146950.6	20000	43.670541	0.0	1153403	117	20.0
1609146950.76	20000	44.515466	0.0	1249023	138	20.0
1609146950.95	20000	45.328641	0.0	1423973	157	20.0
1609146951.08	20000	46.194816	0.0	1060162	118	20.0
1609146951.22	20000	47.059683	0.0	1080597	119	20.0
1609146951.36	20000	47.915335	0.0	1156442	128	20.0
1609146951.64	20000	48.6413	0.0	2222640	251	20.0
1609146951.97	20000	49.306789	0.0	2587311	308	20.0
1609146952.26	20000	50.024094	0.0	2178351	260	20.0
1609146952.65	20000	50.632418	0.0	3121089	363	20.0
1609146952.98	20000	51.30133	0.0	2857420	306	20.0
1609146953.19	20000	52.098817	0.0	1702477	181	20.0
1609146953.37	20000	52.916522	0.0	1531670	163	20.0
1609146953.59	20000	53.698339	0.0	1863424	198	20.0
1609146953.82	20000	54.469053	0.0	1987392	208	20.0
1609146954.11	20000	55.182866	0.0	2505586	264	20.0
1609146955.2	20000	55.090591	0.0	9620218	1033	20.0
1609146955.5	20000	55.786781	0.0	2561608	278	20.0
1609146955.93	20000	56.366439	0.0	3633991	389	20.0
1609146956.31	20000	56.982739	0.0	3324070	355	20.0
1609146956.5	20000	57.79711	0.0	1560020	165	20.0
1609146956.67	20000	58.623971	0.0	1429188	155	20.0
1609146956.89	20000	59.406651	0.0	1754144	198	20.0
1609146957.6	20000	59.903192	0.0	1626020	182	20.0
1609146958.81	20000	59.662763	0.0	1739228	191	20.0
1609146959.51	20000	59.913771	0.0	1722735	182	20.0
1609146960.69	20000	59.664733	0.0	1538145	163	20.0
1609146961.39	20000	59.915748	0.0	1473412	173	20.0
1609146962.59	20000	59.916746	0.0	1498968	175	20.0
1609146963.4	20000	59.917754	0.0	2247334	285	20.0
1609146964.83	20000	59.668754	0.0	3156442	396	20.0
1609146965.6	20000	59.860965	0.0	1895098	247	20.0
1609146966.4	20000	59.920734	0.0	1939135	281	20.0
1609146967.7	20000	59.671758	0.0	1842874	271	20.0
1609146968.53	20000	59.922771	0.0	2235830	312	20.0
1609146969.88	20000	59.673746	0.0	2202171	322	20.0
1609146970.76	20000	59.674754	0.0	2242042	361	20.0
1609146971.46	20000	59.925653	0.0	1081763	177	20.0
1609146972.88	20000	59.676718	0.0	2409013	391	20.0
1609146973.66	20000	59.677734	0.0	1615028	262	20.0
1609146974.45	20000	59.928755	0.0	1413467	266	20.0
1609146975.78	20000	59.679732	0.0	1632450	311	20.0
1609146976.75	20000	59.56786	0.0	5664827	925	20.0
1609146977.59	16000	59.728323	0.0	4578115	803	12.0
1609146978.87	12000	59.68278	0.0	1412347	256	8.0
1609146979.55	12000	59.933768	0.0	909953	164	12.0
1609146980.71	12000	59.684783	0.0	808459	145	12.0
1609146981.56	12000	59.935763	0.0	1370506	331	12.0
1609146982.6	12000	59.936685	0.0	2325287	517	12.0
1609146983.47	12000	59.847658	0.0	4018361	837	12.0
1609146984.53	12000	59.938786	0.0	2566881	524	12.0
1609146985.43	12000	59.939783	0.0	1890880	379	12.0
1609146986.85	12000	59.690784	0.0	2005276	398	12.0
1609146987.6	12000	59.941752	0.0	1359018	237	12.0
1609146988.81	12000	59.69278	0.0	1134985	193	12.0
1609146989.73	12000	59.693752	0.0	2294159	397	12.0
1609146990.73	12000	59.694664	0.0	2601076	474	12.0
1609146991.65	12000	59.695742	0.0	2155956	392	12.0
1609146992.6	12000	59.938199	0.0	2411136	428	12.0
1609146993.53	12000	59.947755	0.0	2355841	401	12.0
1609146994.55	16000	59.948767	0.0	3059979	490	12.0
1609146995.62	16000	59.949691	0.0	3367422	535	16.0
1609146996.44	16000	59.950769	0.0	1950694	302	16.0
1609146997.72	16000	59.701765	0.0	1541020	257	16.0
1609146998.66	16000	59.702763	0.0	2926720	415	16.0
1609146999.61	16000	59.945237	0.0	2991202	420	16.0
1609147000.55	16000	59.954773	0.0	3002106	410	16.0
1609147001.85	16000	59.705748	0.0	2015412	274	16.0
1609147002.81	16000	59.706762	0.0	2894863	431	16.0
1609147003.64	16000	59.707771	0.0	2185316	315	16.0
1609147004.68	20000	59.708737	0.0	3370605	508	16.0
1609147005.76	20000	59.709737	0.0	3492243	537	20.0
1609147006.49	20000	59.960739	0.0	1307592	210	20.0
1609147007.85	20000	59.711739	0.0	1881404	335	20.0
1609147008.65	20000	59.71276	0.0	1806471	278	20.0
1609147009.47	20000	59.963761	0.0	1945842	295	20.0
1609147010.42	20000	59.964754	0.0	2538877	427	20.0
1609147011.85	20000	59.715759	0.0	2298557	397	20.0
1609147012.43	20000	59.922538	0.0	2831497	558	20.0
1609147013.57	20000	59.959205	0.0	3200905	614	20.0
1609147014.49	16000	59.968751	0.0	2180586	393	12.0
1609147015.78	12000	59.719715	0.0	1171248	268	8.0
1609147016.67	12000	59.720768	0.0	1549070	365	12.0
1609147017.59	12000	59.971772	0.0	1299702	281	12.0
1609147018.53	12000	59.972775	0.0	1877910	420	12.0
1609147019.59	12000	59.97376	0.0	1991172	531	12.0
1609147020.51	12000	59.974746	0.0	1469635	400	12.0
1609147021.41	12000	59.975744	0.0	1366341	383	12.0
1609147022.59	12000	59.976772	0.0	564365	157	12.0
1609147023.81	12000	59.727758	0.0	622694	210	12.0
1609147024.44	12000	59.978756	0.0	449729	109	12.0
1609147025.59	12000	59.979755	0.0	748394	133	12.0
1609147026.71	12000	59.730776	0.0	676139	109	12.0
1609147027.75	12000	59.73176	0.0	123294	16	12.0
1609147028.77	12000	59.73276	0.0	70186	8	12.0
1609147029.79	12000	59.733737	0.0	50504	5	12.0
1609147030.81	12000	59.734742	0.0	24518	4	12.0
1609147031.82	8000	59.735759	0.0	26015	1	4.0
1609147032.12	4000	1.000999	0.017	60629	6	-0.33999999999999986
1609147033.1	4000	1.285253	0.238	6594552	902	-0.7599999999999998
1609147033.67	4000	1.930543	0.0	4402139	534	4.0
1609147033.81	4000	2.788964	0.0	1043358	125	4.0
1609147033.94	8000	3.654804	0.0	946554	113	4.0
1609147034.05	8000	4.54949	0.0	768486	92	8.0
1609147034.1	8000	5.51537	0.0	398693	42	8.0
1609147034.16	8000	6.51637	0.0	358785	38	8.0
1609147034.38	8000	7.330354	0.0	1838971	201	8.0
1609147034.61	12000	8.100532	0.0	1861181	203	8.0
1609147034.95	12000	8.778655	0.0	2835412	312	12.0
1609147035.39	12000	9.331785	0.0	4074608	415	12.0
1609147035.81	12000	9.918858	0.0	3844696	381	12.0
1609147036.0	12000	10.732038	0.0	1630440	158	12.0
1609147036.18	12000	11.549664	0.0	1712120	163	12.0
1609147036.42	16000	12.311475	0.0	2211169	210	12.0
1609147036.47	16000	13.263576	0.0	382046	35	16.0
1609147036.59	16000	14.143199	0.0	1113969	104	16.0
1609147036.68	16000	15.050682	0.0	820127	77	16.0
1609147037.39	16000	15.340839	0.0	6357933	666	16.0
1609147038.02	16000	15.714775	0.0	4814284	590	16.0
1609147038.49	16000	16.24536	0.0	3419258	437	16.0
1609147039.03	20000	16.705986	0.0	3944328	509	16.0
1609147039.55	20000	17.191432	0.0	4284196	480	20.0
1609147039.91	20000	17.830094	0.0	3022025	333	20.0
1609147040.19	20000	18.552173	0.0	2248581	254	20.0
1609147041.59	20000	18.150357	0.0	9946363	1324	20.0
1609147043.28	16000	17.46376	0.0	11684632	1614	12.0
1609147043.49	12000	18.250424	0.0	1491397	191	8.0
1609147043.72	12000	19.031655	0.0	1560434	200	12.0
1609147043.92	12000	19.82709	0.0	1396705	178	12.0
1609147044.12	12000	20.628295	0.0	1392963	179	12.0
