1608492761.92	4000	1.000999	0.014	60629	4	-0.44799999999999995
1608492762.02	2000	1.965298	0.0	1072422	38	0.0
1608492762.13	2000	2.862166	0.0	1121405	90	2.0
1608492762.2	2000	3.793742	0.0	728514	58	2.0
1608492762.25	2000	4.751699	0.0	508013	40	2.0
1608492762.29	2000	5.710524	0.0	395538	30	2.0
1608492762.33	4000	6.675213	0.0	274373	21	2.0
1608492762.35	4000	7.650445	0.0	222226	16	4.0
1608492762.53	8000	8.505347	0.0	1838971	148	4.0
1608492762.65	8000	9.379044	0.0	1382199	110	8.0
1608492762.85	8000	10.185095	0.0	2052265	174	8.0
1608492763.26	12000	10.778816	0.0	4074608	366	8.0
1608492763.63	12000	11.406834	0.0	3844696	344	12.0
1608492763.81	16000	12.22147	0.0	2030157	162	12.0
1608492763.99	16000	13.043046	0.0	2240782	160	16.0
1608492764.17	16000	13.867184	0.0	2211169	158	16.0
1608492764.21	16000	14.830456	0.0	382046	26	16.0
1608492764.3	16000	15.739431	0.0	1113969	78	16.0
1608492764.37	20000	16.669939	0.0	820127	57	16.0
1608492764.89	20000	17.14968	0.0	6357933	476	20.0
1608492765.34	20000	17.707434	0.0	4814284	411	20.0
1608492765.65	20000	18.391716	0.0	3419258	291	20.0
1608492766.05	20000	18.999272	0.0	3944328	366	20.0
1608492766.48	20000	19.562472	0.0	4284196	408	20.0
1608492766.79	20000	20.254924	0.0	3022025	287	20.0
1608492767.01	20000	21.038527	0.0	2248581	197	20.0
1608492767.95	20000	21.096854	0.0	9946363	868	20.0
1608492768.99	20000	21.303022	0.0	11684632	970	20.0
1608492769.17	20000	22.12293	0.0	1849732	159	20.0
1608492769.36	20000	22.935767	0.0	1942795	167	20.0
1608492769.53	20000	23.770391	0.0	1704756	146	20.0
1608492769.69	20000	24.605245	0.0	1697111	146	20.0
1608492769.84	20000	25.460687	0.0	1529441	127	20.0
1608492769.98	20000	26.315904	0.0	1568649	126	20.0
1608492770.14	20000	27.162563	0.0	1677618	135	20.0
1608492770.27	20000	28.031642	0.0	1415096	114	20.0
1608492770.44	20000	28.860783	0.0	1894067	153	20.0
1608492770.55	20000	29.749304	0.0	1186604	95	20.0
1608492770.66	20000	30.641429	0.0	1068386	84	20.0
1608492770.82	20000	31.481277	0.0	1700843	142	20.0
1608492771.08	20000	32.222912	0.0	2536859	236	20.0
1608492771.56	20000	32.748151	0.0	4742872	442	20.0
1608492772.0	20000	33.307509	0.0	4955535	400	20.0
1608492772.11	20000	34.203292	0.0	1260540	88	20.0
1608492772.39	20000	34.919794	0.0	3605246	255	20.0
1608492772.61	20000	35.698308	0.0	2770338	196	20.0
1608492772.76	20000	36.548335	0.0	1855168	131	20.0
1608492772.92	20000	37.401106	0.0	1666915	129	20.0
1608492773.06	20000	38.256068	0.0	1555467	120	20.0
1608492773.15	20000	39.160916	0.0	1008919	78	20.0
1608492773.27	20000	40.048696	0.0	1227619	95	20.0
1608492773.36	20000	40.954628	0.0	1015853	79	20.0
1608492773.4	20000	41.913367	0.0	384076	30	20.0
1608492773.44	20000	42.879493	0.0	295687	22	20.0
1608492773.56	20000	43.759554	0.0	1328674	104	20.0
1608492773.7	20000	44.625542	0.0	1492829	116	20.0
1608492773.83	20000	45.493116	0.0	1484812	114	20.0
1608492773.99	20000	46.334268	0.0	1868314	139	20.0
1608492774.1	20000	47.224824	0.0	1253406	92	20.0
1608492774.18	20000	48.144932	0.0	887933	65	20.0
1608492774.28	20000	49.043133	0.0	1153403	85	20.0
1608492774.39	20000	49.935088	0.0	1249023	92	20.0
1608492774.52	20000	50.812423	0.0	1423973	105	20.0
1608492774.61	20000	51.719182	0.0	1060162	78	20.0
1608492774.71	20000	52.623979	0.0	1080597	80	20.0
1608492774.81	20000	53.521936	0.0	1156442	87	20.0
1608492775.05	20000	54.278015	0.0	2222640	221	20.0
1608492775.34	20000	54.997744	0.0	2587311	257	20.0
1608492775.57	20000	55.760861	0.0	2178351	216	20.0
1608492775.9	20000	56.436641	0.0	3121089	298	20.0
1608492776.17	20000	57.166599	0.0	2857420	246	20.0
1608492776.34	20000	58.00119	0.0	1702477	146	20.0
1608492776.49	20000	58.851683	0.0	1531670	132	20.0
1608492776.67	20000	59.671828	0.0	1863424	160	20.0
1608492777.87	20000	59.592288	0.0	1987392	180	20.0
1608492778.59	20000	59.843273	0.0	2505586	195	20.0
1608492779.45	20000	59.897215	0.0	9620218	792	20.0
1608492780.69	20000	59.845279	0.0	2561608	214	20.0
1608492781.55	20000	59.846166	0.0	3633991	338	20.0
1608492782.87	20000	59.597269	0.0	3324070	284	20.0
1608492783.52	20000	59.848287	0.0	1560020	136	20.0
1608492784.67	20000	59.849284	0.0	1429188	125	20.0
1608492785.82	20000	59.600282	0.0	1754144	138	20.0
1608492786.97	20000	59.60129	0.0	1626020	129	20.0
1608492787.65	20000	59.852275	0.0	1739228	154	20.0
1608492788.82	20000	59.603275	0.0	1722735	152	20.0
1608492789.96	20000	59.604294	0.0	1538145	112	20.0
1608492790.6	20000	59.855278	0.0	1473412	125	20.0
1608492791.75	20000	59.606297	0.0	1498968	128	20.0
1608492792.96	20000	59.607294	0.0	2247334	190	20.0
1608492793.75	20000	59.858283	0.0	3156442	255	20.0
1608492794.92	20000	59.609292	0.0	1895098	152	20.0
1608492795.6	20000	59.86028	0.0	1939135	158	20.0
1608492796.77	20000	59.611263	0.0	1842874	151	20.0
1608492797.99	20000	59.612273	0.0	2235830	188	20.0
1608492798.71	20000	59.863262	0.0	2202171	196	20.0
1608492799.93	20000	59.614283	0.0	2242042	199	20.0
1608492800.53	20000	59.865285	0.0	1081763	78	20.0
1608492801.72	20000	59.866294	0.0	2409013	171	20.0
1608492802.87	20000	59.617292	0.0	1615028	132	20.0
1608492804.0	20000	59.368281	0.0	1413467	104	20.0
1608492804.66	20000	59.869282	0.0	1632450	139	20.0
1608492805.69	20000	59.870264	0.0	5664827	488	20.0
1608492806.64	20000	59.871285	0.0	4578115	409	20.0
1608492807.82	20000	59.622286	0.0	1783835	163	20.0
1608492808.93	20000	59.623286	0.0	1093613	87	20.0
1608492809.52	20000	59.874273	0.0	975642	81	20.0
1608492810.68	20000	59.875296	0.0	1658005	138	20.0
1608492811.94	20000	59.626292	0.0	3055257	229	20.0
1608492812.39	20000	59.98733	0.0	5355572	412	20.0
1608492813.67	20000	59.878289	0.0	3278424	250	20.0
1608492814.91	20000	59.629276	0.0	2318501	213	20.0
1608492815.65	20000	59.880283	0.0	2473561	215	20.0
1608492816.82	20000	59.631285	0.0	1730311	150	20.0
1608492817.96	20000	59.632298	0.0	1455812	116	20.0
1608492818.71	20000	59.850853	0.0	2869222	224	20.0
1608492819.98	20000	59.634285	0.0	3226650	246	20.0
1608492820.72	20000	59.885279	0.0	2705936	213	20.0
1608492821.99	20000	59.636278	0.0	2998622	240	20.0
1608492822.73	20000	59.887276	0.0	2928342	214	20.0
1608492823.98	20000	59.638302	0.0	3059979	219	20.0
1608492824.79	20000	59.639287	0.0	3367422	284	20.0
1608492825.97	20000	59.640288	0.0	1950694	161	20.0
1608492826.61	20000	59.891292	0.0	1541020	112	20.0
1608492827.91	20000	59.642287	0.0	2926720	272	20.0
1608492828.65	20000	59.89329	0.0	2991202	222	20.0
1608492829.92	20000	59.644297	0.0	3002106	235	20.0
1608492830.62	20000	59.89529	0.0	2015412	183	20.0
1608492831.93	20000	59.64629	0.0	2894863	280	20.0
1608492832.64	20000	59.897281	0.0	2185316	190	20.0
1608492833.93	20000	59.648283	0.0	3370605	251	20.0
1608492834.78	20000	59.649292	0.0	3492243	320	20.0
1608492835.91	20000	59.650288	0.0	1307592	117	20.0
1608492836.58	20000	59.90129	0.0	1881404	138	20.0
1608492837.75	20000	59.652263	0.0	1806471	153	20.0
1608492838.94	20000	59.653282	0.0	1945842	169	20.0
1608492839.67	20000	59.904274	0.0	2538877	202	20.0
1608492840.89	20000	59.655293	0.0	2298557	202	20.0
1608492841.69	20000	59.906254	0.0	2831497	266	20.0
1608492842.96	20000	59.657294	0.0	3200905	250	20.0
1608492843.71	20000	59.908274	0.0	2180586	218	20.0
1608492844.88	20000	59.659288	0.0	1500505	154	20.0
1608492845.55	20000	59.910288	0.0	1939246	150	20.0
1608492846.72	20000	59.911286	0.0	1599193	152	20.0
1608492847.93	20000	59.66229	0.0	2364826	183	20.0
1608492848.64	20000	59.913288	0.0	2517454	187	20.0
1608492849.81	20000	59.664297	0.0	1883143	151	20.0
1608492850.98	20000	59.665292	0.0	1726706	146	20.0
1608492851.55	20000	59.916281	0.0	707364	58	20.0
1608492852.64	20000	59.917276	0.0	796460	65	20.0
1608492853.71	20000	59.918287	0.0	596962	55	20.0
1608492854.8	20000	59.669264	0.0	947625	75	20.0
1608492855.9	20000	59.670285	0.0	832859	82	20.0
1608492856.93	20000	59.671287	0.0	151562	10	20.0
1608492857.94	20000	59.672286	0.0	90390	4	20.0
1608492858.96	20000	59.673267	0.0	50278	3	20.0
1608492859.97	20000	59.674294	0.0	26471	0	20.0
1608492860.99	20000	59.675283	0.0	40620	2	20.0
1608492861.32	4000	1.000999	0.041	335737	28	-1.3120000000000003
1608492861.47	2000	2.001999	0.0	1072422	117	0.0
1608492861.61	2000	3.002999	0.0	1121405	122	2.0
1608492861.7	2000	3.907556	0.0	728514	78	2.0
1608492861.77	2000	4.839177	0.0	508013	54	2.0
1608492861.83	2000	5.784172	0.0	395538	38	2.0
1608492861.88	4000	6.73872	0.0	274373	28	2.0
1608492861.91	4000	7.705408	0.0	222226	22	4.0
1608492862.14	8000	8.477838	0.0	1838971	200	4.0
1608492862.32	8000	9.300007	0.0	1382199	150	8.0
1608492862.5	8000	10.122659	0.0	2052265	154	8.0
1608492862.84	12000	10.795938	0.0	4074608	304	8.0
1608492863.15	12000	11.484456	0.0	3844696	287	12.0
1608492863.32	16000	12.309879	0.0	2030157	151	12.0
1608492863.53	16000	13.109307	0.0	2240782	184	16.0
1608492863.72	16000	13.910567	0.0	2211169	181	16.0
1608492863.76	16000	14.870328	0.0	382046	30	16.0
1608492863.87	16000	15.768137	0.0	1113969	91	16.0
1608492863.95	20000	16.690091	0.0	820127	67	16.0
1608492864.5	20000	17.135653	0.0	6357933	509	20.0
1608492864.89	20000	17.753772	0.0	4814284	352	20.0
1608492865.16	20000	18.480042	0.0	3419258	249	20.0
1608492865.49	20000	19.147629	0.0	3944328	307	20.0
1608492865.89	20000	19.751492	0.0	4284196	368	20.0
1608492866.17	20000	20.471354	0.0	3022025	259	20.0
1608492866.38	20000	21.261816	0.0	2248581	191	20.0
1608492867.23	20000	21.415199	0.0	9946363	779	20.0
1608492868.35	20000	21.525904	0.0	11684632	1046	20.0
1608492868.53	20000	22.342158	0.0	1849732	163	20.0
1608492868.73	20000	23.151088	0.0	1942795	171	20.0
1608492868.9	20000	23.981595	0.0	1704756	150	20.0
1608492869.07	20000	24.811993	0.0	1697111	150	20.0
1608492869.22	20000	25.659165	0.0	1529441	135	20.0
1608492869.38	20000	26.503099	0.0	1568649	138	20.0
1608492869.54	20000	27.340235	0.0	1677618	144	20.0
