1608518909.55	4000	1.000999	0.013	60629	3	-0.2599999999999998
1608518910.45	20000	1.396322	0.222	11007815	737	-0.4400000000000013
1608518911.13	20000	1.942474	0.0	8849724	545	20.0
1608518911.42	20000	2.655304	0.0	3191121	194	20.0
1608518911.6	20000	3.546251	0.0	1661718	99	20.0
1608518911.76	20000	4.42156	0.0	1315024	78	20.0
1608518911.88	20000	5.303631	0.0	698359	40	20.0
1608518912.0	20000	6.183101	0.0	730082	43	20.0
1608518912.34	20000	6.873907	0.0	4047415	242	20.0
1608518912.6	20000	7.616544	0.0	2863079	167	20.0
1608518912.94	20000	8.275915	0.0	4167844	244	20.0
1608518913.37	20000	8.845163	0.0	5571764	327	20.0
1608518913.77	20000	9.440785	0.0	4925652	303	20.0
1608518913.99	20000	10.230445	0.0	2030157	125	20.0
1608518914.22	20000	11.004961	0.0	2240782	137	20.0
1608518914.44	20000	11.774006	0.0	2211169	135	20.0
1608518914.54	20000	12.675412	0.0	382046	22	20.0
1608518914.69	20000	13.528322	0.0	1113969	68	20.0
1608518914.82	20000	14.401535	0.0	820127	50	20.0
1608518915.32	20000	14.906035	0.0	6357933	392	20.0
1608518915.68	20000	15.538731	0.0	4814284	269	20.0
1608518915.97	20000	16.25808	0.0	3419258	190	20.0
1608518916.29	20000	16.9444	0.0	3944328	220	20.0
1608518916.62	20000	17.608851	0.0	4284196	233	20.0
1608518916.87	20000	18.357332	0.0	3022025	164	20.0
1608518917.08	20000	19.151029	0.0	2248581	121	20.0
1608518917.75	20000	19.474621	0.0	9946363	553	20.0
1608518918.55	20000	19.684937	0.0	11684632	660	20.0
1608518918.73	20000	20.496148	0.0	1849732	97	20.0
1608518918.92	20000	21.309606	0.0	1942795	101	20.0
1608518919.1	20000	22.13732	0.0	1704756	89	20.0
1608518919.27	20000	22.96519	0.0	1697111	89	20.0
1608518919.43	20000	23.804914	0.0	1529441	79	20.0
1608518919.58	20000	24.654337	0.0	1568649	70	20.0
1608518919.74	20000	25.497873	0.0	1677618	75	20.0
1608518919.89	20000	26.348518	0.0	1415096	63	20.0
1608518920.06	20000	27.182993	0.0	1894067	85	20.0
1608518920.19	20000	28.049368	0.0	1186604	53	20.0
1608518920.32	20000	28.922706	0.0	1068386	47	20.0
1608518920.47	20000	29.769255	0.0	1700843	72	20.0
1608518920.67	20000	30.576124	0.0	2536859	108	20.0
1608518920.97	20000	31.276884	0.0	4742872	202	20.0
1608518921.28	20000	31.967981	0.0	4955535	210	20.0
1608518921.41	20000	32.836567	0.0	1260540	53	20.0
1608518921.65	20000	33.593991	0.0	3605246	151	20.0
1608518921.86	20000	34.390803	0.0	2770338	116	20.0
1608518922.02	20000	35.225113	0.0	1855168	75	20.0
1608518922.17	20000	36.074617	0.0	1666915	69	20.0
1608518922.32	20000	36.930268	0.0	1555467	65	20.0
1608518922.44	20000	37.810689	0.0	1008919	42	20.0
1608518922.58	20000	38.672291	0.0	1227619	59	20.0
1608518922.71	20000	39.54621	0.0	1015853	49	20.0
1608518922.8	20000	40.453043	0.0	384076	18	20.0
1608518922.89	20000	41.366289	0.0	295687	13	20.0
1608518923.03	20000	42.22438	0.0	1328674	64	20.0
1608518923.19	20000	43.071217	0.0	1492829	72	20.0
1608518923.34	20000	43.920083	0.0	1484812	72	20.0
1608518923.52	20000	44.737118	0.0	1868314	101	20.0
1608518923.67	20000	45.58655	0.0	1253406	73	20.0
1608518923.8	20000	46.459281	0.0	887933	51	20.0
1608518923.95	20000	47.315476	0.0	1153403	66	20.0
1608518924.1	20000	48.165048	0.0	1249023	72	20.0
1608518924.26	20000	49.003892	0.0	1423973	82	20.0
1608518924.4	20000	49.8659	0.0	1060162	61	20.0
1608518924.54	20000	50.725426	0.0	1080597	60	20.0
1608518924.68	20000	51.583445	0.0	1156442	64	20.0
1608518924.89	20000	52.374169	0.0	2222640	124	20.0
1608518925.14	20000	53.132929	0.0	2587311	152	20.0
1608518925.34	20000	53.926805	0.0	2178351	122	20.0
1608518925.6	20000	54.668362	0.0	3121089	169	20.0
1608518925.85	20000	55.423879	0.0	2857420	154	20.0
1608518926.02	20000	56.250088	0.0	1702477	91	20.0
1608518926.19	20000	57.087741	0.0	1531670	82	20.0
1608518926.37	20000	57.905528	0.0	1863424	100	20.0
1608518926.56	20000	58.716504	0.0	1987392	106	20.0
1608518926.78	20000	59.497941	0.0	2505586	134	20.0
1608518927.43	20000	59.855385	0.0	9620218	520	20.0
1608518928.67	20000	59.849872	0.0	2561608	145	20.0
1608518929.47	20000	59.850857	0.0	3633991	211	20.0
1608518930.76	20000	59.601923	0.0	3324070	194	20.0
1608518931.93	20000	59.602717	0.0	1560020	89	20.0
1608518932.59	20000	59.853921	0.0	1429188	77	20.0
1608518933.77	20000	59.60483	0.0	1754144	99	20.0
1608518934.45	20000	59.855853	0.0	1626020	99	20.0
1608518935.63	20000	59.856869	0.0	1739228	100	20.0
1608518936.82	20000	59.607759	0.0	1722735	100	20.0
1608518937.49	20000	59.858869	0.0	1538145	88	20.0
1608518938.65	20000	59.859878	0.0	1473412	79	20.0
1608518939.82	20000	59.610735	0.0	1498968	82	20.0
1608518940.54	20000	59.861879	0.0	2247334	138	20.0
1608518941.83	20000	59.612713	0.0	3156442	200	20.0
1608518942.53	20000	59.863852	0.0	1895098	116	20.0
1608518943.75	20000	59.614716	0.0	1939135	130	20.0
1608518944.48	20000	59.865887	0.0	1842874	142	20.0
1608518945.74	20000	59.616732	0.0	2235830	169	20.0
1608518946.48	20000	59.867867	0.0	2202171	160	20.0
1608518947.75	20000	59.618622	0.0	2242042	177	20.0
1608518948.92	20000	59.619796	0.0	1081763	95	20.0
1608518949.72	20000	59.620885	0.0	2409013	205	20.0
1608518950.46	20000	59.871886	0.0	1615028	151	20.0
1608518951.67	20000	59.87289	0.0	1413467	136	20.0
1608518952.91	20000	59.623685	0.0	1632450	151	20.0
1608518953.52	20000	59.791425	0.0	5664827	495	20.0
1608518954.52	20000	59.875859	0.0	4578115	402	20.0
1608518955.78	20000	59.626675	0.0	1783835	178	20.0
1608518956.47	20000	59.877862	0.0	1093613	103	20.0
1608518957.64	20000	59.87884	0.0	975642	91	20.0
1608518958.91	20000	59.629894	0.0	1658005	178	20.0
1608518959.38	20000	59.934109	0.0	3055257	382	20.0
1608518960.66	20000	59.881868	0.0	5355572	684	20.0
1608518961.75	20000	59.632717	0.0	3278424	492	20.0
1608518962.71	20000	59.63372	0.0	2318501	373	20.0
1608518963.58	20000	59.884866	0.0	2473561	280	20.0
1608518964.87	20000	59.635908	0.0	1730311	205	20.0
1608518965.61	20000	59.886902	0.0	1455812	157	20.0
1608518966.47	20000	59.887875	0.0	2869222	275	20.0
1608518967.91	20000	59.638744	0.0	3226650	345	20.0
1608518968.34	20000	59.981769	0.0	2705936	338	20.0
1608518969.8	20000	59.640799	0.0	2998622	366	20.0
1608518970.69	20000	59.641871	0.0	2928342	304	20.0
1608518971.6	20000	59.89285	0.0	3059979	316	20.0
1608518972.48	20000	59.893875	0.0	3367422	288	20.0
1608518973.72	20000	59.64489	0.0	1950694	157	20.0
1608518974.46	20000	59.895865	0.0	1541020	142	20.0
1608518975.81	20000	59.646884	0.0	2926720	268	20.0
1608518976.65	20000	59.897853	0.0	2991202	250	20.0
1608518977.53	20000	59.898871	0.0	3002106	288	20.0
1608518978.81	20000	59.649798	0.0	2015412	196	20.0
1608518979.61	20000	59.900875	0.0	2894863	210	20.0
1608518980.86	20000	59.651834	0.0	2185316	159	20.0
1608518981.74	20000	59.65268	0.0	3370605	283	20.0
1608518982.67	20000	59.903875	0.0	3492243	339	20.0
1608518983.88	20000	59.654822	0.0	1307592	134	20.0
1608518984.72	20000	59.655712	0.0	1881404	250	20.0
1608518985.54	20000	59.906873	0.0	1806471	238	20.0
1608518986.87	20000	59.657737	0.0	1945842	246	20.0
1608518987.34	20000	59.999157	0.0	2538877	379	20.0
1608518988.77	20000	59.659834	0.0	2298557	343	20.0
1608518989.83	20000	59.660873	0.0	2831497	473	20.0
1608518990.61	20000	59.734592	0.0	3200905	682	20.0
1608518991.64	20000	59.912836	0.0	2180586	450	20.0
1608518992.52	20000	59.913916	0.0	1500505	296	20.0
1608518993.5	20000	59.914704	0.0	1939246	391	20.0
1608518994.43	20000	59.915915	0.0	1599193	355	20.0
1608518995.51	20000	59.916863	0.0	2364826	482	20.0
1608518996.54	20000	59.917853	0.0	2517454	446	20.0
1608518997.93	20000	59.668716	0.0	1883143	298	20.0
1608518998.8	20000	59.669407	0.0	1726706	288	20.0
1608518999.52	20000	59.920788	0.0	707364	134	20.0
1608519000.76	20000	59.671341	0.0	796460	165	20.0
1608519001.91	20000	59.672578	0.0	596962	68	20.0
1608519002.58	20000	59.923763	0.0	947625	91	20.0
1608519003.74	20000	59.674411	0.0	832859	81	20.0
1608519004.83	20000	59.675644	0.0	151562	14	20.0
1608519005.91	20000	59.676721	0.0	90390	8	20.0
1608519006.47	20000	59.927765	0.0	50278	2	20.0
1608519007.52	20000	59.928819	0.0	26471	4	20.0
1608519008.56	20000	59.929875	0.0	40620	2	20.0
1608519008.89	4000	1.000999	0.033	334032	22	-0.6600000000000001
1608519009.48	4000	1.687623	0.0	6594552	457	4.0
1608519010.24	20000	1.931689	0.0	8849724	616	4.0
1608519010.55	20000	2.62563	0.0	3191121	217	20.0
1608519010.74	20000	3.453945	0.0	1661718	112	20.0
1608519010.91	20000	4.2855	0.0	1315024	89	20.0
1608519011.03	20000	5.167086	0.0	698359	42	20.0
1608519011.15	20000	6.047435	0.0	730082	44	20.0
1608519011.49	20000	6.73629	0.0	4047415	245	20.0
1608519011.75	20000	7.468133	0.0	2863079	179	20.0
1608519012.1	20000	8.127641	0.0	4167844	245	20.0
1608519012.52	20000	8.710131	0.0	5571764	314	20.0
1608519012.89	20000	9.33436	0.0	4925652	278	20.0
1608519013.09	20000	10.140718	0.0	2030157	109	20.0
1608519013.29	20000	10.935545	0.0	2240782	122	20.0
1608519013.5	20000	11.730634	0.0	2211169	120	20.0
1608519013.59	20000	12.635926	0.0	382046	20	20.0
1608519013.74	20000	13.491502	0.0	1113969	58	20.0
1608519013.86	20000	14.370883	0.0	820127	44	20.0
1608519014.3	20000	14.930622	0.0	6357933	335	20.0
1608519014.65	20000	15.580582	0.0	4814284	251	20.0
1608519014.92	20000	16.311285	0.0	3419258	179	20.0
1608519015.23	20000	17.008652	0.0	3944328	210	20.0
1608519015.55	20000	17.684798	0.0	4284196	230	20.0
1608519015.81	20000	18.434568	0.0	3022025	162	20.0
1608519016.01	20000	19.22419	0.0	2248581	118	20.0
1608519016.73	20000	19.507258	0.0	9946363	584	20.0
1608519017.6	20000	19.64371	0.0	11684632	728	20.0
1608519017.81	20000	20.435526	0.0	1849732	118	20.0
1608519018.01	20000	21.229715	0.0	1942795	123	20.0
1608519018.21	20000	22.030163	0.0	1704756	117	20.0
1608519018.41	20000	22.834853	0.0	1697111	114	20.0
1608519018.59	20000	23.651364	0.0	1529441	103	20.0
1608519018.78	20000	24.464338	0.0	1568649	106	20.0
1608519018.98	20000	25.268663	0.0	1677618	114	20.0
1608519019.16	20000	26.085108	0.0	1415096	102	20.0
