1608586175.5	4000	1.000999	0.018	60629	8	-0.3599999999999999
1608586177.49	8000	1.491254	1.452	9869079	1852	-25.04
1608586179.16	20000	1.396517	0.22	8849724	1603	3.5999999999999996
1608586179.75	20000	1.827216	0.0	3191121	560	20.0
1608586180.06	20000	2.518314	0.0	1661718	286	20.0
1608586180.3	20000	3.271416	0.0	1315024	226	20.0
1608586180.43	20000	4.151219	0.0	698359	103	20.0
1608586180.55	20000	5.031726	0.0	730082	103	20.0
1608586181.17	20000	5.414365	0.0	4047415	586	20.0
1608586181.59	20000	5.992426	0.0	2863079	395	20.0
1608586182.18	20000	6.400077	0.0	4167844	559	20.0
1608586182.95	20000	6.630897	0.0	5571764	726	20.0
1608586183.63	20000	6.96445	0.0	4925652	630	20.0
1608586183.9	20000	7.680631	0.0	2030157	253	20.0
1608586184.21	20000	8.376254	0.0	2240782	282	20.0
1608586184.51	20000	9.072849	0.0	2211169	282	20.0
1608586184.58	20000	10.009767	0.0	382046	48	20.0
1608586184.74	20000	10.847779	0.0	1113969	144	20.0
1608586184.86	20000	11.724372	0.0	820127	106	20.0
1608586185.78	20000	11.815327	0.0	6357933	864	20.0
1608586186.52	20000	12.072172	0.0	4814284	705	20.0
1608586187.13	20000	12.46489	0.0	3419258	575	20.0
1608586187.85	20000	12.744405	0.0	3944328	687	20.0
1608586188.61	20000	12.986683	0.0	4284196	723	20.0
1608586189.07	20000	13.522345	0.0	3022025	437	20.0
1608586189.43	20000	14.174443	0.0	2248581	325	20.0
1608586190.78	20000	13.820911	0.0	9946363	1282	20.0
1608586192.46	20000	13.138342	0.0	11684632	1609	20.0
1608586192.71	20000	13.894297	0.0	1849732	222	20.0
1608586192.96	20000	14.638454	0.0	1942795	233	20.0
1608586193.19	20000	15.41322	0.0	1704756	204	20.0
1608586193.41	20000	16.18875	0.0	1697111	204	20.0
1608586193.61	20000	16.997426	0.0	1529441	173	20.0
1608586193.8	20000	17.801294	0.0	1568649	178	20.0
1608586194.02	20000	18.58917	0.0	1677618	190	20.0
1608586194.2	20000	19.404786	0.0	1415096	158	20.0
1608586194.44	20000	20.170045	0.0	1894067	215	20.0
1608586194.6	20000	21.008614	0.0	1186604	143	20.0
1608586194.75	20000	21.862023	0.0	1068386	129	20.0
1608586194.98	20000	22.63504	0.0	1700843	207	20.0
1608586195.31	20000	23.299334	0.0	2536859	310	20.0
1608586195.93	20000	23.687177	0.0	4742872	577	20.0
1608586196.57	20000	24.045979	0.0	4955535	604	20.0
1608586196.74	20000	24.870579	0.0	1260540	156	20.0
1608586197.23	20000	25.388292	0.0	3605246	452	20.0
1608586197.61	20000	26.006607	0.0	2770338	356	20.0
1608586197.88	20000	26.732613	0.0	1855168	252	20.0
1608586198.14	20000	27.474618	0.0	1666915	225	20.0
1608586198.38	20000	28.242764	0.0	1555467	211	20.0
1608586198.53	20000	29.084868	0.0	1008919	140	20.0
1608586198.74	20000	29.88436	0.0	1227619	182	20.0
1608586198.91	20000	30.716181	0.0	1015853	150	20.0
1608586198.98	20000	31.646165	0.0	384076	55	20.0
1608586199.03	20000	32.591518	0.0	295687	42	20.0
1608586199.25	20000	33.376071	0.0	1328674	198	20.0
1608586199.49	20000	34.136762	0.0	1492829	220	20.0
1608586199.71	20000	34.91516	0.0	1484812	201	20.0
1608586199.99	20000	35.641053	0.0	1868314	254	20.0
1608586200.18	20000	36.452896	0.0	1253406	169	20.0
1608586200.31	20000	37.31646	0.0	887933	120	20.0
1608586200.49	20000	38.143096	0.0	1153403	154	20.0
1608586200.66	20000	38.976995	0.0	1249023	147	20.0
1608586200.84	20000	39.790922	0.0	1423973	168	20.0
1608586200.98	20000	40.64888	0.0	1060162	124	20.0
1608586201.13	20000	41.504283	0.0	1080597	127	20.0
1608586201.29	20000	42.350856	0.0	1156442	136	20.0
1608586201.57	20000	43.068353	0.0	2222640	260	20.0
1608586201.89	20000	43.747601	0.0	2587311	296	20.0
1608586202.16	20000	44.475205	0.0	2178351	250	20.0
1608586202.55	20000	45.089962	0.0	3121089	356	20.0
1608586202.91	20000	45.726626	0.0	2857420	337	20.0
1608586203.14	20000	46.505019	0.0	1702477	199	20.0
1608586203.34	20000	47.305011	0.0	1531670	179	20.0
1608586203.57	20000	48.071139	0.0	1863424	212	20.0
1608586203.81	20000	48.835394	0.0	1987392	213	20.0
1608586204.1	20000	49.542546	0.0	2505586	269	20.0
1608586205.16	20000	49.49237	0.0	9620218	989	20.0
1608586205.44	20000	50.209888	0.0	2561608	255	20.0
1608586205.95	20000	50.703915	0.0	3633991	474	20.0
1608586206.43	20000	51.218661	0.0	3324070	456	20.0
1608586206.74	20000	51.915359	0.0	1560020	275	20.0
1608586207.04	20000	52.613622	0.0	1429188	281	20.0
1608586207.41	20000	53.246758	0.0	1754144	346	20.0
1608586207.73	20000	53.928357	0.0	1626020	297	20.0
1608586208.06	20000	54.598896	0.0	1739228	310	20.0
1608586208.39	20000	55.267748	0.0	1722735	308	20.0
1608586208.69	20000	55.967919	0.0	1538145	279	20.0
1608586208.99	20000	56.671183	0.0	1473412	277	20.0
1608586209.29	20000	57.369478	0.0	1498968	282	20.0
1608586209.74	20000	57.922732	0.0	2247334	421	20.0
1608586210.36	20000	58.297918	0.0	3156442	597	20.0
1608586210.73	20000	58.934635	0.0	1895098	342	20.0
1608586211.1	20000	59.563253	0.0	1939135	340	20.0
1608586211.95	20000	59.859288	0.0	1842874	325	20.0
1608586212.91	20000	59.860283	0.0	2235830	437	20.0
1608586213.84	20000	59.82258	0.0	2202171	910	20.0
1608586214.82	20000	59.851641	0.0	2242042	949	20.0
1608586216.1	20000	59.613389	0.0	1081763	270	20.0
1608586216.68	20000	59.992189	0.0	2409013	548	20.0
1608586218.08	20000	59.6153	0.0	1615028	381	20.0
1608586219.06	20000	59.616188	0.0	1413467	457	20.0
1608586219.82	20000	59.854081	0.0	1632450	738	20.0
1608586220.9	20000	59.772457	0.0	5664827	1039	20.0
1608586222.0	20000	59.869325	0.0	4578115	556	20.0
1608586223.26	20000	59.620373	0.0	1783835	244	20.0
1608586223.94	20000	59.871279	0.0	1093613	155	20.0
1608586225.09	20000	59.622364	0.0	975642	136	20.0
1608586225.88	20000	59.87329	0.0	1658005	262	20.0
1608586226.87	20000	59.874315	0.0	3055257	461	20.0
1608586228.18	20000	59.625286	0.0	5355572	763	20.0
1608586228.71	20000	59.967197	0.0	3278424	503	20.0
1608586230.07	20000	59.627271	0.0	2318501	331	20.0
1608586230.96	20000	59.878318	0.0	2473561	363	20.0
1608586232.23	20000	59.629321	0.0	1730311	251	20.0
1608586232.94	20000	59.880302	0.0	1455812	179	20.0
1608586233.9	20000	59.88137	0.0	2869222	438	20.0
1608586235.07	20000	59.632293	0.0	3226650	632	20.0
1608586235.75	20000	59.94301	0.0	2705936	650	20.0
1608586237.06	20000	59.88427	0.0	2998622	779	20.0
1608586238.09	20000	59.635372	0.0	2928342	495	20.0
1608586239.06	20000	59.636309	0.0	3059979	438	20.0
1608586240.0	20000	59.856785	0.0	3367422	409	20.0
1608586241.22	20000	59.63837	0.0	1950694	197	20.0
1608586241.89	20000	59.889369	0.0	1541020	149	20.0
1608586243.21	20000	59.640289	0.0	2926720	297	20.0
1608586244.05	20000	59.891286	0.0	2991202	305	20.0
1608586244.89	20000	59.892269	0.0	3002106	316	20.0
1608586246.17	20000	59.643267	0.0	2015412	247	20.0
1608586247.06	20000	59.644288	0.0	2894863	359	20.0
1608586247.86	20000	59.895385	0.0	2185316	274	20.0
1608586248.9	20000	59.896399	0.0	3370605	510	20.0
1608586249.95	20000	59.897294	0.0	3492243	524	20.0
1608586251.14	20000	59.648381	0.0	1307592	165	20.0
1608586251.91	20000	59.899397	0.0	1881404	241	20.0
1608586253.16	20000	59.650388	0.0	1806471	237	20.0
1608586253.97	20000	59.901389	0.0	1945842	280	20.0
1608586254.96	20000	59.902297	0.0	2538877	463	20.0
1608586255.89	20000	59.903294	0.0	2298557	402	20.0
1608586256.85	20000	59.904294	0.0	2831497	432	20.0
1608586257.86	20000	59.905276	0.0	3200905	484	20.0
1608586259.19	20000	59.656262	0.0	2180586	309	20.0
1608586259.92	20000	59.90732	0.0	1500505	208	20.0
1608586261.23	20000	59.65829	0.0	1939246	282	20.0
1608586262.04	20000	59.828744	0.0	1599193	284	20.0
1608586263.18	20000	59.660188	0.0	2364826	614	20.0
1608586263.92	20000	59.794812	0.0	2517454	718	20.0
1608586264.86	20000	59.912361	0.0	1883143	411	20.0
1608586266.16	20000	59.663246	0.0	1726706	273	20.0
1608586266.81	20000	59.914359	0.0	707364	133	20.0
1608586267.96	20000	59.915243	0.0	796460	130	20.0
1608586269.04	20000	59.916323	0.0	596962	66	20.0
1608586270.21	20000	59.667359	0.0	947625	152	20.0
1608586270.85	20000	59.918327	0.0	832859	121	20.0
1608586271.89	20000	59.919302	0.0	151562	20	20.0
1608586272.91	20000	59.920305	0.0	90390	8	20.0
1608586273.93	20000	59.921322	0.0	50278	4	20.0
1608586274.94	20000	59.922311	0.0	26471	0	20.0
1608586275.96	20000	59.923293	0.0	40620	2	20.0
1608586276.3	4000	1.000999	0.045	334032	33	-0.8999999999999999
1608586277.49	20000	1.318535	0.237	11007815	1079	-0.7400000000000002
1608586278.28	20000	1.528383	0.0	8849724	730	20.0
1608586278.56	20000	2.323456	0.0	3191121	240	20.0
1608586278.7	20000	3.179524	0.0	1661718	124	20.0
1608586278.82	20000	4.062525	0.0	1315024	99	20.0
1608586278.89	20000	4.997306	0.0	698359	51	20.0
1608586278.96	20000	5.948893	0.0	730082	54	20.0
1608586279.27	20000	6.632564	0.0	4047415	285	20.0
1608586279.5	20000	7.409354	0.0	2863079	198	20.0
1608586279.82	20000	8.088651	0.0	4167844	289	20.0
1608586280.25	20000	8.66078	0.0	5571764	385	20.0
1608586280.63	20000	9.281012	0.0	4925652	341	20.0
1608586280.79	20000	10.119345	0.0	2030157	139	20.0
1608586280.97	20000	10.941511	0.0	2240782	154	20.0
1608586281.16	20000	11.747363	0.0	2211169	168	20.0
1608586281.21	20000	12.704082	0.0	382046	28	20.0
1608586281.32	20000	13.595511	0.0	1113969	80	20.0
1608586281.4	20000	14.518431	0.0	820127	62	20.0
1608586281.93	20000	14.985592	0.0	6357933	489	20.0
1608586282.33	20000	15.590165	0.0	4814284	356	20.0
1608586282.61	20000	16.308094	0.0	3419258	252	20.0
1608586282.94	20000	16.986419	0.0	3944328	292	20.0
1608586283.39	20000	17.528033	0.0	4284196	418	20.0
1608586283.72	20000	18.196906	0.0	3022025	303	20.0
1608586283.97	20000	18.947716	0.0	2248581	226	20.0
1608586299.35	20000	4.575291	0.0	9946363	15301	20.0
1608586303.61	20000	1.3119	0.0	11684632	4186	20.0
1608586303.84	20000	2.086358	0.0	1849732	203	20.0
1608586304.08	20000	2.850572	0.0	1942795	214	20.0
1608586304.25	20000	3.677383	0.0	1704756	152	20.0
1608586304.42	20000	4.51095	0.0	1697111	144	20.0
1608586304.57	20000	5.360784	0.0	1529441	129	20.0
1608586304.72	20000	6.206755	0.0	1568649	134	20.0
