1609212776.78	4000	1.000999	0.017	60629	6	-0.33999999999999986
1609212778.07	4000	1.283893	0.523	6594552	1134	-6.460000000000001
1609212779.7	16000	1.400502	0.423	8849724	1506	-4.460000000000001
1609212780.38	20000	1.740601	0.0	3191121	583	16.0
1609212780.76	20000	2.362349	0.0	1661718	294	20.0
1609212781.07	20000	3.052805	0.0	1315024	228	20.0
1609212781.28	20000	3.852228	0.0	698359	120	20.0
1609212781.48	20000	4.641404	0.0	730082	126	20.0
1609212782.12	20000	5.004945	0.0	4047415	541	20.0
1609212782.58	20000	5.543855	0.0	2863079	371	20.0
1609212783.13	20000	5.994978	0.0	4167844	452	20.0
1609212783.85	20000	6.283718	0.0	5571764	607	20.0
1609212784.5	20000	6.635078	0.0	4925652	547	20.0
1609212784.82	20000	7.314595	0.0	2030157	235	20.0
1609212785.17	20000	7.962845	0.0	2240782	266	20.0
1609212785.52	20000	8.612937	0.0	2211169	262	20.0
1609212785.64	20000	9.489961	0.0	382046	44	20.0
1609212785.85	20000	10.280409	0.0	1113969	128	20.0
1609212786.03	20000	11.105935	0.0	820127	94	20.0
1609212786.88	20000	11.262488	0.0	6357933	736	20.0
1609212787.54	20000	11.602872	0.0	4814284	547	20.0
1609212788.06	20000	12.079109	0.0	3419258	429	20.0
1609212788.66	20000	12.477634	0.0	3944328	501	20.0
1609212789.21	20000	12.936104	0.0	4284196	443	20.0
1609212789.61	20000	13.530067	0.0	3022025	312	20.0
1609212789.91	20000	14.238076	0.0	2248581	200	20.0
1609212790.96	20000	14.18124	0.0	9946363	918	20.0
1609212792.29	20000	13.856058	0.0	11684632	1186	20.0
1609212792.56	20000	14.581754	0.0	1849732	187	20.0
1609212792.84	20000	15.309374	0.0	1942795	187	20.0
1609212793.09	20000	16.062351	0.0	1704756	162	20.0
1609212793.33	20000	16.814416	0.0	1697111	161	20.0
1609212793.56	20000	17.586742	0.0	1529441	145	20.0
1609212793.79	20000	18.35901	0.0	1568649	145	20.0
1609212794.03	20000	19.121277	0.0	1677618	153	20.0
1609212794.24	20000	19.911451	0.0	1415096	129	20.0
1609212794.5	20000	20.652581	0.0	1894067	172	20.0
1609212794.69	20000	21.463121	0.0	1186604	107	20.0
1609212794.88	20000	22.280387	0.0	1068386	93	20.0
1609212795.11	20000	23.043591	0.0	1700843	153	20.0
1609212795.43	20000	23.725214	0.0	2536859	230	20.0
1609212795.96	20000	24.203371	0.0	4742872	422	20.0
1609212796.49	20000	24.67113	0.0	4955535	435	20.0
1609212796.68	20000	25.480506	0.0	1260540	109	20.0
1609212797.1	20000	26.06024	0.0	3605246	328	20.0
1609212797.45	20000	26.717893	0.0	2770338	252	20.0
1609212797.7	20000	27.463842	0.0	1855168	168	20.0
1609212797.94	20000	28.228893	0.0	1666915	151	20.0
1609212798.16	20000	29.003636	0.0	1555467	141	20.0
1609212798.34	20000	29.831048	0.0	1008919	91	20.0
1609212798.53	20000	30.636596	0.0	1227619	111	20.0
1609212798.71	20000	31.464008	0.0	1015853	91	20.0
1609212798.82	20000	32.352935	0.0	384076	31	20.0
1609212798.92	20000	33.24862	0.0	295687	24	20.0
1609212799.12	20000	34.051396	0.0	1328674	112	20.0
1609212799.33	20000	34.838565	0.0	1492829	126	20.0
1609212799.56	20000	35.629016	0.0	1484812	125	20.0
1609212799.8	20000	36.37578	0.0	1868314	155	20.0
1609212799.98	20000	37.192715	0.0	1253406	102	20.0
1609212800.13	20000	38.041975	0.0	887933	71	20.0
1609212800.31	20000	38.867757	0.0	1153403	93	20.0
1609212800.5	20000	39.679565	0.0	1249023	100	20.0
1609212800.7	20000	40.481835	0.0	1423973	114	20.0
1609212800.86	20000	41.322594	0.0	1060162	78	20.0
1609212801.02	20000	42.161402	0.0	1080597	80	20.0
1609212801.19	20000	42.994402	0.0	1156442	86	20.0
1609212801.44	20000	43.743834	0.0	2222640	165	20.0
1609212801.72	20000	44.461932	0.0	2587311	194	20.0
1609212801.98	20000	45.208322	0.0	2178351	163	20.0
1609212802.31	20000	45.881127	0.0	3121089	235	20.0
1609212802.61	20000	46.576618	0.0	2857420	214	20.0
1609212802.84	20000	47.347368	0.0	1702477	145	20.0
1609212803.08	20000	48.108622	0.0	1531670	148	20.0
1609212803.35	20000	48.839579	0.0	1863424	181	20.0
1609212803.63	20000	49.561079	0.0	1987392	193	20.0
1609212804.01	20000	50.180019	0.0	2505586	293	20.0
1609212805.23	20000	49.962569	0.0	9620218	1090	20.0
1609212805.58	20000	50.616971	0.0	2561608	255	20.0
1609212806.11	20000	51.085773	0.0	3633991	434	20.0
1609212806.64	20000	51.562512	0.0	3324070	428	20.0
1609212806.98	20000	52.215088	0.0	1560020	261	20.0
1609212807.34	20000	52.860707	0.0	1429188	268	20.0
1609212807.76	20000	53.443475	0.0	1754144	329	20.0
1609212808.04	20000	54.160966	0.0	1626020	192	20.0
1609212808.33	20000	54.870943	0.0	1739228	206	20.0
1609212808.62	20000	55.582571	0.0	1722735	204	20.0
1609212808.89	20000	56.314794	0.0	1538145	184	20.0
1609212809.16	20000	57.044869	0.0	1473412	179	20.0
1609212809.43	20000	57.776306	0.0	1498968	185	20.0
1609212809.8	20000	58.411087	0.0	2247334	278	20.0
1609212810.38	20000	58.831418	0.0	3156442	486	20.0
1609212810.76	20000	59.453727	0.0	1895098	290	20.0
1609212811.66	20000	59.618243	0.0	1939135	312	20.0
1609212812.56	20000	59.869321	0.0	1842874	310	20.0
1609212813.52	20000	59.870326	0.0	2235830	373	20.0
1609212814.46	20000	59.871174	0.0	2202171	342	20.0
1609212815.36	20000	59.872065	0.0	2242042	316	20.0
1609212816.58	20000	59.873207	0.0	1081763	134	20.0
1609212817.47	20000	59.874239	0.0	2409013	297	20.0
1609212818.75	20000	59.625219	0.0	1615028	198	20.0
1609212819.57	20000	59.876216	0.0	1413467	231	20.0
1609212820.42	20000	59.877224	0.0	1632450	266	20.0
1609212821.35	20000	59.873366	0.0	5664827	817	20.0
1609212822.57	20000	59.87897	0.0	4578115	619	20.0
1609212823.37	20000	59.880053	0.0	1783835	220	20.0
1609212824.57	20000	59.881071	0.0	1093613	113	20.0
1609212825.75	20000	59.632312	0.0	975642	96	20.0
1609212826.52	20000	59.883212	0.0	1658005	182	20.0
1609212827.46	20000	59.884321	0.0	3055257	350	20.0
1609212828.27	20000	59.958945	0.0	5355572	704	20.0
1609212829.36	20000	59.886308	0.0	3278424	496	20.0
1609212830.55	20000	59.887008	0.0	2318501	605	20.0
1609212831.55	20000	59.888082	0.0	2473561	406	20.0
1609212832.79	20000	59.639282	0.0	1730311	152	20.0
1609212833.45	20000	59.890319	0.0	1455812	75	20.0
1609212834.68	20000	59.641205	0.0	2869222	132	20.0
1609212835.43	20000	59.892091	0.0	3226650	158	20.0
1609212836.66	20000	59.643117	0.0	2705936	136	20.0
1609212837.41	20000	59.894116	0.0	2998622	155	20.0
1609212838.67	20000	59.645143	0.0	2928342	166	20.0
1609212839.45	20000	59.867857	0.0	3059979	187	20.0
1609212840.74	20000	59.647169	0.0	3367422	196	20.0
1609212841.45	20000	59.898242	0.0	1950694	121	20.0
1609212842.66	20000	59.649202	0.0	1541020	119	20.0
1609212843.48	20000	59.900194	0.0	2926720	228	20.0
1609212844.35	20000	59.901287	0.0	2991202	283	20.0
1609212845.72	20000	59.652081	0.0	3002106	268	20.0
1609212846.47	20000	59.903124	0.0	2015412	163	20.0
1609212847.82	20000	59.65422	0.0	2894863	254	20.0
1609212848.59	20000	59.905119	0.0	2185316	182	20.0
1609212849.45	20000	59.906184	0.0	3370605	266	20.0
1609212850.83	20000	59.657299	0.0	3492243	285	20.0
1609212851.58	20000	59.908301	0.0	1307592	160	20.0
1609212852.49	20000	59.909253	0.0	1881404	321	20.0
1609212853.77	20000	59.66031	0.0	1806471	191	20.0
1609212854.53	20000	59.911296	0.0	1945842	172	20.0
1609212855.35	20000	59.91233	0.0	2538877	229	20.0
1609212856.69	20000	59.663312	0.0	2298557	257	20.0
1609212857.64	20000	59.664229	0.0	2831497	353	20.0
1609212858.56	20000	59.91524	0.0	3200905	324	20.0
1609212859.35	20000	59.91614	0.0	2180586	202	20.0
1609212860.56	20000	59.917214	0.0	1500505	122	20.0
1609212861.8	20000	59.668223	0.0	1939246	146	20.0
1609212862.49	20000	59.919209	0.0	1599193	103	20.0
1609212863.78	20000	59.670218	0.0	2364826	205	20.0
1609212864.55	20000	59.92118	0.0	2517454	174	20.0
1609212865.76	20000	59.672327	0.0	1883143	126	20.0
1609212866.53	20000	59.923205	0.0	1726706	184	20.0
1609212867.77	20000	59.674379	0.0	707364	160	20.0
1609212868.45	20000	59.925324	0.0	796460	98	20.0
1609212869.57	20000	59.926323	0.0	596962	537	20.0
1609212870.54	20000	59.927319	0.0	947625	388	20.0
1609212871.32	20000	59.949432	0.0	832859	696	20.0
1609212872.68	20000	59.679261	0.0	151562	276	20.0
1609212873.55	20000	59.930242	0.0	90390	297	20.0
1609212876.8	20000	57.476802	0.0	50278	3186	20.0
1609212876.85	20000	58.426499	0.0	26471	2	20.0
1609212876.89	20000	59.384773	0.0	40620	6	20.0
1609212877.28	4000	1.000999	0.085	334032	73	-1.7000000000000002
1609212878.93	4000	1.361827	0.721	6594552	1512	-10.42
1609212880.42	8000	1.306933	0.42	7078153	1381	-4.4
1609212881.19	20000	1.563608	0.0	3191121	664	8.0
1609212881.61	20000	2.142092	0.0	1661718	335	20.0
1609212881.96	20000	2.794374	0.0	1315024	265	20.0
1609212882.18	20000	3.575349	0.0	698359	139	20.0
1609212882.42	20000	4.338552	0.0	730082	157	20.0
1609212883.4	20000	4.360512	0.0	4047415	881	20.0
1609212884.1	20000	4.66058	0.0	2863079	609	20.0
1609212885.38	20000	4.3809	0.0	4167844	1182	20.0
1609212886.72	20000	4.038407	0.0	5571764	1237	20.0
1609212887.75	20000	4.01518	0.0	4925652	919	20.0
1609212888.22	20000	4.537734	0.0	2030157	392	20.0
1609212888.74	20000	5.018242	0.0	2240782	432	20.0
1609212889.26	20000	5.504007	0.0	2211169	427	20.0
1609212889.41	20000	6.352169	0.0	382046	72	20.0
1609212889.71	20000	7.051433	0.0	1113969	219	20.0
1609212889.96	20000	7.809454	0.0	820127	160	20.0
1609212891.65	20000	7.11426	0.0	6357933	1585	20.0
1609212893.3	20000	6.473529	0.0	4814284	1536	20.0
1609212894.61	20000	6.15653	0.0	3419258	1224	20.0
1609212896.05	20000	5.716733	0.0	3944328	1343	20.0
1609212897.3	20000	5.472899	0.0	4284196	1142	20.0
1609212898.36	20000	5.416631	0.0	3022025	964	20.0
1609212899.12	20000	5.653744	0.0	2248581	666	20.0
1609212900.91	20000	4.861829	0.0	9946363	1645	20.0
1609212902.42	20000	4.355836	0.0	11684632	1367	20.0
1609212902.83	20000	4.949059	0.0	1849732	319	20.0
1609212903.26	20000	5.517617	0.0	1942795	334	20.0
1609212903.57	20000	6.208895	0.0	1704756	222	20.0
1609212903.87	20000	6.90877	0.0	1697111	212	20.0
1609212904.15	20000	7.632962	0.0	1529441	192	20.0
1609212904.42	20000	8.362477	0.0	1568649	187	20.0
1609212904.68	20000	9.109358	0.0	1677618	168	20.0
