1608560039.19	4000	1.000999	0.015	60629	5	-0.2999999999999998
1608560040.62	20000	1.398873	0.738	11007815	1259	-10.76
1608560041.8	20000	1.472971	0.0	8849724	1048	20.0
1608560042.26	20000	2.010307	0.0	3191121	363	20.0
1608560042.54	20000	2.7605	0.0	1661718	179	20.0
1608560042.77	20000	3.530474	0.0	1315024	142	20.0
1608560042.93	20000	4.370328	0.0	698359	75	20.0
1608560043.08	20000	5.21581	0.0	730082	69	20.0
1608560043.56	20000	5.741673	0.0	4047415	372	20.0
1608560043.92	20000	6.381397	0.0	2863079	263	20.0
1608560044.43	20000	6.871018	0.0	4167844	408	20.0
1608560045.09	20000	7.217653	0.0	5571764	539	20.0
1608560045.65	20000	7.651158	0.0	4925652	460	20.0
1608560045.94	20000	8.364214	0.0	2030157	196	20.0
1608560046.24	20000	9.062826	0.0	2240782	210	20.0
1608560046.54	20000	9.762112	0.0	2211169	210	20.0
1608560046.66	20000	10.644723	0.0	382046	35	20.0
1608560046.85	20000	11.454098	0.0	1113969	104	20.0
1608560047.02	20000	12.292725	0.0	820127	77	20.0
1608560047.84	20000	12.47335	0.0	6357933	707	20.0
1608560048.47	20000	12.845347	0.0	4814284	523	20.0
1608560048.93	20000	13.380338	0.0	3419258	367	20.0
1608560049.4	20000	13.916229	0.0	3944328	365	20.0
1608560049.89	20000	14.427301	0.0	4284196	388	20.0
1608560050.26	20000	15.055121	0.0	3022025	276	20.0
1608560050.56	20000	15.753966	0.0	2248581	207	20.0
1608560051.64	20000	15.676114	0.0	9946363	945	20.0
1608560052.94	20000	15.382669	0.0	11684632	1156	20.0
1608560053.22	20000	16.102109	0.0	1849732	189	20.0
1608560053.51	20000	16.80767	0.0	1942795	205	20.0
1608560053.78	20000	17.537419	0.0	1704756	180	20.0
1608560054.05	20000	18.269562	0.0	1697111	179	20.0
1608560054.29	20000	19.031974	0.0	1529441	149	20.0
1608560054.53	20000	19.790799	0.0	1568649	152	20.0
1608560054.79	20000	20.538444	0.0	1677618	164	20.0
1608560055.01	20000	21.313264	0.0	1415096	137	20.0
1608560055.28	20000	22.049975	0.0	1894067	174	20.0
1608560055.47	20000	22.854774	0.0	1186604	109	20.0
1608560055.66	20000	23.670598	0.0	1068386	97	20.0
1608560055.91	20000	24.424667	0.0	1700843	156	20.0
1608560056.27	20000	25.063789	0.0	2536859	261	20.0
1608560056.93	20000	25.404357	0.0	4742872	553	20.0
1608560057.64	20000	25.692655	0.0	4955535	604	20.0
1608560057.88	20000	26.452098	0.0	1260540	154	20.0
1608560058.39	20000	26.944009	0.0	3605246	408	20.0
1608560058.79	20000	27.550696	0.0	2770338	298	20.0
1608560059.08	20000	28.262119	0.0	1855168	198	20.0
1608560059.35	20000	28.990911	0.0	1666915	182	20.0
1608560059.61	20000	29.732504	0.0	1555467	170	20.0
1608560059.8	20000	30.537905	0.0	1008919	110	20.0
1608560060.03	20000	31.315894	0.0	1227619	134	20.0
1608560060.22	20000	32.124459	0.0	1015853	106	20.0
1608560060.34	20000	33.003183	0.0	384076	39	20.0
1608560060.46	20000	33.887166	0.0	295687	28	20.0
1608560060.68	20000	34.663415	0.0	1328674	139	20.0
1608560060.93	20000	35.418324	0.0	1492829	156	20.0
1608560061.17	20000	36.177249	0.0	1484812	153	20.0
1608560061.44	20000	36.904374	0.0	1868314	182	20.0
1608560061.65	20000	37.695224	0.0	1253406	121	20.0
1608560061.83	20000	38.524263	0.0	887933	87	20.0
1608560062.03	20000	39.324519	0.0	1153403	112	20.0
1608560062.24	20000	40.117177	0.0	1249023	121	20.0
1608560062.46	20000	40.890508	0.0	1423973	139	20.0
1608560062.65	20000	41.701655	0.0	1060162	103	20.0
1608560062.84	20000	42.510311	0.0	1080597	105	20.0
1608560063.04	20000	43.311443	0.0	1156442	113	20.0
1608560063.38	20000	43.975772	0.0	2222640	245	20.0
1608560063.77	20000	44.590634	0.0	2587311	291	20.0
1608560064.11	20000	45.253928	0.0	2178351	246	20.0
1608560064.67	20000	45.693624	0.0	3121089	464	20.0
1608560065.19	20000	46.173463	0.0	2857420	423	20.0
1608560065.52	20000	46.850782	0.0	1702477	232	20.0
1608560065.82	20000	47.546567	0.0	1531670	208	20.0
1608560066.16	20000	48.201115	0.0	1863424	255	20.0
1608560066.5	20000	48.867234	0.0	1987392	244	20.0
1608560066.9	20000	49.464222	0.0	2505586	310	20.0
1608560068.33	20000	49.036554	0.0	9620218	1299	20.0
1608560068.77	20000	49.597611	0.0	2561608	343	20.0
1608560069.36	20000	50.01227	0.0	3633991	484	20.0
1608560069.9	20000	50.468196	0.0	3324070	444	20.0
1608560070.2	20000	51.173172	0.0	1560020	205	20.0
1608560070.48	20000	51.896041	0.0	1429188	188	20.0
1608560070.8	20000	52.575698	0.0	1754144	233	20.0
1608560071.1	20000	53.273664	0.0	1626020	215	20.0
1608560071.42	20000	53.953329	0.0	1739228	231	20.0
1608560071.74	20000	54.635075	0.0	1722735	230	20.0
1608560072.04	20000	55.340671	0.0	1538145	205	20.0
1608560072.33	20000	56.051343	0.0	1473412	202	20.0
1608560072.63	20000	56.750083	0.0	1498968	213	20.0
1608560073.04	20000	57.336475	0.0	2247334	322	20.0
1608560073.69	20000	57.690794	0.0	3156442	548	20.0
1608560074.13	20000	58.250652	0.0	1895098	349	20.0
1608560074.57	20000	58.815212	0.0	1939135	344	20.0
1608560074.99	20000	59.398147	0.0	1842874	328	20.0
1608560075.44	20000	59.946892	0.0	2235830	361	20.0
1608560076.86	20000	59.542475	0.0	2202171	332	20.0
1608560077.4	20000	59.992004	0.0	2242042	438	20.0
1608560078.77	20000	59.794456	0.0	1081763	286	20.0
1608560079.87	20000	59.545432	0.0	2409013	505	20.0
1608560080.73	20000	59.796368	0.0	1615028	261	20.0
1608560082.06	20000	59.547476	0.0	1413467	246	20.0
1608560082.45	20000	59.944269	0.0	1632450	296	20.0
1608560083.69	20000	59.708229	0.0	5664827	1125	20.0
1608560084.9	20000	59.498972	0.0	4578115	1105	20.0
1608560085.41	20000	59.9873	0.0	1783835	420	20.0
1608560086.71	20000	59.802365	0.0	1093613	212	20.0
1608560087.97	20000	59.55338	0.0	975642	170	20.0
1608560088.89	20000	59.554369	0.0	1658005	329	20.0
1608560089.58	20000	59.816496	0.0	3055257	596	20.0
1608560090.65	20000	59.750226	0.0	5355572	959	20.0
1608560091.81	20000	59.79756	0.0	3278424	551	20.0
1608560092.76	20000	59.808368	0.0	2318501	356	20.0
1608560093.72	20000	59.809382	0.0	2473561	373	20.0
1608560095.07	20000	59.560477	0.0	1730311	258	20.0
1608560095.42	20000	59.987571	0.0	1455812	257	20.0
1608560097.01	20000	59.56245	0.0	2869222	492	20.0
1608560097.61	20000	59.794149	0.0	3226650	506	20.0
1608560098.66	20000	59.814482	0.0	2705936	445	20.0
1608560099.69	20000	59.815477	0.0	2998622	440	20.0
1608560100.71	20000	59.816437	0.0	2928342	420	20.0
1608560101.72	20000	59.817435	0.0	3059979	413	20.0
1608560102.76	20000	59.735581	0.0	3367422	440	20.0
1608560103.61	20000	59.819427	0.0	1950694	259	20.0
1608560104.91	20000	59.570487	0.0	1541020	198	20.0
1608560105.87	20000	59.571438	0.0	2926720	368	20.0
1608560106.87	20000	59.572375	0.0	2991202	391	20.0
1608560107.83	20000	59.823383	0.0	3002106	369	20.0
1608560108.67	20000	59.824392	0.0	2015412	237	20.0
1608560109.63	20000	59.8254	0.0	2894863	370	20.0
1608560111.04	20000	59.57638	0.0	2185316	307	20.0
1608560111.64	20000	59.780108	0.0	3370605	505	20.0
1608560112.71	20000	59.828379	0.0	3492243	468	20.0
1608560113.97	20000	59.579455	0.0	1307592	167	20.0
1608560114.92	20000	59.580381	0.0	1881404	354	20.0
1608560115.83	20000	59.831394	0.0	1806471	318	20.0
1608560116.72	20000	59.832385	0.0	1945842	291	20.0
1608560117.74	20000	59.833465	0.0	2538877	430	20.0
1608560118.77	20000	59.834482	0.0	2298557	433	20.0
1608560119.51	20000	59.915433	0.0	2831497	645	20.0
1608560120.78	20000	59.836376	0.0	3200905	665	20.0
1608560121.77	20000	59.837483	0.0	2180586	398	20.0
1608560122.66	20000	59.838416	0.0	1500505	295	20.0
1608560123.68	20000	59.839461	0.0	1939246	428	20.0
1608560124.64	20000	59.840438	0.0	1599193	373	20.0
1608560125.78	20000	59.841331	0.0	2364826	545	20.0
1608560126.52	20000	59.91643	0.0	2517454	644	20.0
1608560127.65	20000	59.843393	0.0	1883143	535	20.0
1608560128.7	20000	59.844381	0.0	1726706	454	20.0
1608560129.97	20000	59.595381	0.0	707364	186	20.0
1608560130.79	20000	59.846387	0.0	796460	237	20.0
1608560132.09	20000	59.597378	0.0	596962	206	20.0
1608560132.51	20000	59.932912	0.0	947625	338	20.0
1608560133.78	20000	59.849369	0.0	832859	180	20.0
1608560134.89	20000	59.600375	0.0	151562	22	20.0
1608560135.97	20000	59.601378	0.0	90390	12	20.0
1608560137.04	20000	59.60237	0.0	50278	5	20.0
1608560138.09	20000	59.603412	0.0	26471	1	20.0
1608560138.63	20000	59.85439	0.0	40620	3	20.0
1608560139.0	4000	1.000999	0.059	334032	47	-1.1799999999999997
1608560140.14	4000	1.334544	0.195	6594552	1006	0.10000000000000009
1608560141.53	20000	1.308824	0.345	8849724	1252	-2.9000000000000004
1608560142.0	20000	1.864445	0.0	3191121	365	20.0
1608560142.28	20000	2.588169	0.0	1661718	187	20.0
1608560142.52	20000	3.346252	0.0	1315024	147	20.0
1608560142.68	20000	4.187435	0.0	698359	75	20.0
1608560142.84	20000	5.027059	0.0	730082	75	20.0
1608560143.37	20000	5.501517	0.0	4047415	424	20.0
1608560143.76	20000	6.107304	0.0	2863079	296	20.0
1608560144.29	20000	6.580737	0.0	4167844	424	20.0
1608560144.98	20000	6.896162	0.0	5571764	572	20.0
1608560145.6	20000	7.276047	0.0	4925652	513	20.0
1608560145.92	20000	7.951267	0.0	2030157	232	20.0
1608560146.27	20000	8.602801	0.0	2240782	257	20.0
1608560146.62	20000	9.255371	0.0	2211169	253	20.0
1608560146.75	20000	10.123058	0.0	382046	49	20.0
1608560146.99	20000	10.888688	0.0	1113969	147	20.0
1608560147.18	20000	11.696504	0.0	820127	107	20.0
1608560148.17	20000	11.705728	0.0	6357933	877	20.0
1608560148.94	20000	11.941661	0.0	4814284	656	20.0
1608560149.48	20000	12.406742	0.0	3419258	434	20.0
1608560150.16	20000	12.724758	0.0	3944328	579	20.0
1608560150.97	20000	12.913459	0.0	4284196	707	20.0
1608560151.65	20000	13.238489	0.0	3022025	577	20.0
1608560152.09	20000	13.796375	0.0	2248581	349	20.0
1608560153.86	20000	13.030207	0.0	9946363	1622	20.0
1608560156.43	20000	11.455309	0.0	11684632	2427	20.0
1608560156.89	20000	12.002071	0.0	1849732	361	20.0
1608560157.35	20000	12.543553	0.0	1942795	366	20.0
1608560157.76	20000	13.128594	0.0	1704756	317	20.0
1608560158.18	20000	13.713379	0.0	1697111	323	20.0
1608560158.56	20000	14.334038	0.0	1529441	291	20.0
1608560158.94	20000	14.951716	0.0	1568649	292	20.0
1608560159.34	20000	15.550035	0.0	1677618	312	20.0
