1608635066.31	4000	1.000999	0.014	60629	4	-0.44799999999999995
1608635067.44	16000	1.394438	0.453	11007815	1004	-10.496
1608635068.32	16000	1.73962	0.0	8849724	818	16.0
1608635068.66	16000	2.512612	0.0	3191121	307	16.0
1608635068.84	16000	3.334795	0.0	1661718	158	16.0
1608635068.98	16000	4.192181	0.0	1315024	126	16.0
1608635069.06	16000	5.111438	0.0	698359	65	16.0
1608635069.15	16000	6.029681	0.0	730082	69	16.0
1608635069.59	16000	6.605753	0.0	4047415	414	16.0
1608635069.91	16000	7.28967	0.0	2863079	292	16.0
1608635070.38	16000	7.821362	0.0	4167844	433	16.0
1608635071.01	16000	8.187037	0.0	5571764	592	16.0
1608635071.59	16000	8.609485	0.0	4925652	540	16.0
1608635071.84	16000	9.365191	0.0	2030157	225	16.0
1608635072.11	16000	10.096081	0.0	2240782	248	16.0
1608635072.4	16000	10.805417	0.0	2211169	270	16.0
1608635072.46	16000	11.746984	0.0	382046	46	16.0
1608635072.61	16000	12.594148	0.0	1113969	138	16.0
1608635072.73	16000	13.477646	0.0	820127	102	16.0
1608635073.58	16000	13.629374	0.0	6357933	805	16.0
1608635074.24	16000	13.970939	0.0	4814284	615	16.0
1608635074.71	16000	14.498176	0.0	3419258	445	16.0
1608635075.26	16000	14.953937	0.0	3944328	512	16.0
1608635075.85	16000	15.365877	0.0	4284196	557	16.0
1608635076.26	16000	15.954994	0.0	3022025	386	16.0
1608635076.55	16000	16.666565	0.0	2248581	267	16.0
1608635077.76	16000	16.454865	0.0	9946363	1151	16.0
1608635079.1	16000	16.11853	0.0	11684632	1269	16.0
1608635079.31	16000	16.905146	0.0	1849732	194	16.0
1608635079.53	16000	17.683679	0.0	1942795	202	16.0
1608635079.73	16000	18.487235	0.0	1704756	178	16.0
1608635079.93	16000	19.291182	0.0	1697111	177	16.0
1608635080.1	16000	20.115108	0.0	1529441	159	16.0
1608635080.28	16000	20.938103	0.0	1568649	161	16.0
1608635080.48	16000	21.749343	0.0	1677618	170	16.0
1608635080.64	16000	22.584062	0.0	1415096	141	16.0
1608635080.85	16000	23.373621	0.0	1894067	192	16.0
1608635080.99	16000	24.237622	0.0	1186604	120	16.0
1608635081.11	16000	25.114926	0.0	1068386	108	16.0
1608635081.3	16000	25.929051	0.0	1700843	167	16.0
1608635081.57	16000	26.663346	0.0	2536859	242	16.0
1608635082.06	16000	27.173231	0.0	4742872	454	16.0
1608635082.56	16000	27.668504	0.0	4955535	468	16.0
1608635082.7	16000	28.534964	0.0	1260540	117	16.0
1608635083.06	16000	29.168562	0.0	3605246	339	16.0
1608635083.35	16000	29.885638	0.0	2770338	258	16.0
1608635083.54	16000	30.69354	0.0	1855168	173	16.0
1608635083.72	16000	31.519331	0.0	1666915	155	16.0
1608635083.89	16000	32.350793	0.0	1555467	143	16.0
1608635083.99	16000	33.242582	0.0	1008919	93	16.0
1608635084.12	16000	34.113169	0.0	1227619	114	16.0
1608635084.24	16000	35.004278	0.0	1015853	92	16.0
1608635084.28	16000	35.960238	0.0	384076	31	16.0
1608635084.32	16000	36.925419	0.0	295687	23	16.0
1608635084.44	16000	37.798246	0.0	1328674	111	16.0
1608635084.59	16000	38.654177	0.0	1492829	125	16.0
1608635084.73	16000	39.512123	0.0	1484812	124	16.0
1608635084.91	16000	40.334053	0.0	1868314	157	16.0
1608635085.03	16000	41.212991	0.0	1253406	105	16.0
1608635085.13	16000	42.120549	0.0	887933	74	16.0
1608635085.25	16000	43.008145	0.0	1153403	96	16.0
1608635085.36	16000	43.885664	0.0	1249023	95	16.0
1608635085.49	16000	44.758949	0.0	1423973	108	16.0
1608635085.59	16000	45.659434	0.0	1060162	83	16.0
1608635085.69	16000	46.56196	0.0	1080597	82	16.0
1608635085.79	16000	47.45846	0.0	1156442	88	16.0
1608635085.99	16000	48.267525	0.0	2222640	169	16.0
1608635086.21	16000	49.04614	0.0	2587311	198	16.0
1608635086.4	16000	49.852646	0.0	2178351	173	16.0
1608635086.68	16000	50.574134	0.0	3121089	252	16.0
1608635086.94	16000	51.318383	0.0	2857420	230	16.0
1608635087.1	16000	52.163	0.0	1702477	137	16.0
1608635087.24	16000	53.020598	0.0	1531670	124	16.0
1608635087.42	16000	53.836977	0.0	1863424	164	16.0
1608635087.62	16000	54.64172	0.0	1987392	174	16.0
1608635087.86	16000	55.399088	0.0	2505586	220	16.0
1608635088.77	16000	55.496383	0.0	9620218	845	16.0
1608635089.02	16000	56.249583	0.0	2561608	223	16.0
1608635089.35	16000	56.912797	0.0	3633991	307	16.0
1608635089.64	16000	57.627379	0.0	3324070	257	16.0
1608635089.78	16000	58.490299	0.0	1560020	120	16.0
1608635089.91	16000	59.363734	0.0	1429188	110	16.0
1608635090.56	16000	59.852893	0.0	1754144	135	16.0
1608635091.7	16000	59.60397	0.0	1626020	115	16.0
1608635092.87	16000	59.604882	0.0	1739228	149	16.0
1608635093.57	16000	59.855857	0.0	1722735	174	16.0
1608635094.75	16000	59.606917	0.0	1538145	165	16.0
1608635095.43	16000	59.85794	0.0	1473412	153	16.0
1608635096.6	16000	59.858925	0.0	1498968	155	16.0
1608635097.87	16000	59.609909	0.0	2247334	241	16.0
1608635098.76	16000	59.610933	0.0	3156442	365	16.0
1608635099.49	16000	59.861927	0.0	1895098	208	16.0
1608635100.7	16000	59.612858	0.0	1939135	191	16.0
1608635101.91	16000	59.613914	0.0	1842874	181	16.0
1608635102.66	16000	59.864946	0.0	2235830	225	16.0
1608635103.89	16000	59.615975	0.0	2202171	215	16.0
1608635104.63	16000	59.866889	0.0	2242042	216	16.0
1608635105.77	16000	59.617958	0.0	1081763	113	16.0
1608635106.62	16000	59.82216	0.0	2409013	330	16.0
1608635107.44	16000	59.869961	0.0	1615028	294	16.0
1608635108.7	16000	59.620951	0.0	1413467	245	16.0
1608635109.55	16000	59.871947	0.0	1632450	325	16.0
1608635110.75	16000	59.543498	0.0	5664827	1156	16.0
1608635111.54	16000	59.749823	0.0	4578115	757	16.0
1608635112.85	16000	59.62488	0.0	1783835	290	16.0
1608635113.56	16000	59.875974	0.0	1093613	178	16.0
1608635114.75	16000	59.626958	0.0	975642	174	16.0
1608635115.53	16000	59.877655	0.0	1658005	259	16.0
1608635116.89	16000	59.628883	0.0	3055257	331	16.0
1608635117.38	16000	59.914861	0.0	5355572	458	16.0
1608635118.66	16000	59.880871	0.0	3278424	248	16.0
1608635119.9	16000	59.631963	0.0	2318501	214	16.0
1608635120.74	16000	59.632849	0.0	2473561	316	16.0
1608635121.91	16000	59.63381	0.0	1730311	148	16.0
1608635122.52	16000	59.884685	0.0	1455812	86	16.0
1608635123.74	16000	59.635721	0.0	2869222	190	16.0
1608635124.51	16000	59.886864	0.0	3226650	244	16.0
1608635125.68	16000	59.637698	0.0	2705936	154	16.0
1608635126.84	16000	59.638882	0.0	2998622	129	16.0
1608635127.49	16000	59.889748	0.0	2928342	124	16.0
1608635128.65	16000	59.890772	0.0	3059979	133	16.0
1608635129.84	16000	59.641948	0.0	3367422	167	16.0
1608635130.5	16000	59.892758	0.0	1950694	131	16.0
1608635131.62	16000	59.893935	0.0	1541020	96	16.0
1608635132.79	16000	59.644938	0.0	2926720	152	16.0
1608635133.48	16000	59.895908	0.0	2991202	160	16.0
1608635134.67	16000	59.646765	0.0	3002106	167	16.0
1608635135.81	16000	59.647808	0.0	2015412	117	16.0
1608635136.56	16000	59.898725	0.0	2894863	220	16.0
1608635137.72	16000	59.6498	0.0	2185316	137	16.0
1608635138.43	16000	59.90076	0.0	3370605	185	16.0
1608635139.75	16000	59.651763	0.0	3492243	290	16.0
1608635140.48	16000	59.902897	0.0	1307592	204	16.0
1608635141.75	16000	59.653742	0.0	1881404	248	16.0
1608635142.44	16000	59.904639	0.0	1806471	170	16.0
1608635143.63	16000	59.905644	0.0	1945842	172	16.0
1608635144.45	16000	59.906935	0.0	2538877	294	16.0
1608635145.8	16000	59.657902	0.0	2298557	318	16.0
1608635146.79	16000	59.658844	0.0	2831497	461	16.0
1608635147.75	16000	59.659865	0.0	3200905	434	16.0
1608635148.51	16000	59.910977	0.0	2180586	236	16.0
1608635149.69	16000	59.661939	0.0	1500505	161	16.0
1608635150.43	16000	59.912848	0.0	1939246	225	16.0
1608635151.64	16000	59.913833	0.0	1599193	184	16.0
1608635152.52	16000	59.914849	0.0	2364826	357	16.0
1608635153.44	16000	59.915759	0.0	2517454	397	16.0
1608635154.78	16000	59.666867	0.0	1883143	316	16.0
1608635155.47	16000	59.917949	0.0	1726706	168	16.0
1608635156.55	16000	59.918963	0.0	707364	68	16.0
1608635157.62	16000	59.919955	0.0	796460	53	16.0
1608635158.67	16000	59.670952	0.0	596962	37	16.0
1608635159.75	16000	59.671957	0.0	947625	51	16.0
1608635160.81	16000	59.672706	0.0	832859	47	16.0
1608635161.84	16000	59.673785	0.0	151562	7	16.0
1608635162.85	16000	59.674891	0.0	90390	3	16.0
1608635163.87	16000	59.675883	0.0	50278	1	16.0
1608635164.88	16000	59.676822	0.0	26471	4	16.0
1608635165.9	16000	59.677867	0.0	40620	1	16.0
1608635165.92	16000	59.863311	0.467	15267	10	-14.944
1608635166.21	4000	1.000999	-0.455	60629	2	6.560000000000002
1608635166.76	16000	1.46978	0.0	11007815	450	4.0
1608635167.23	16000	2.028771	0.0	8849724	405	16.0
1608635167.41	16000	3.029771	0.0	3191121	146	16.0
1608635167.5	16000	3.970627	0.0	1661718	74	16.0
1608635167.58	16000	4.894522	0.0	1315024	59	16.0
1608635167.63	16000	5.850007	0.0	698359	31	16.0
1608635167.67	16000	6.803946	0.0	730082	33	16.0
1608635167.89	16000	7.588276	0.0	4047415	189	16.0
1608635168.05	16000	8.452001	0.0	2863079	135	16.0
1608635168.28	16000	9.224978	0.0	4167844	197	16.0
1608635168.59	16000	9.958589	0.0	5571764	270	16.0
1608635168.88	16000	10.667853	0.0	4925652	257	16.0
1608635169.02	16000	11.528522	0.0	2030157	120	16.0
1608635169.18	16000	12.376012	0.0	2240782	133	16.0
1608635169.33	16000	13.224673	0.0	2211169	129	16.0
1608635169.36	16000	14.190721	0.0	382046	22	16.0
1608635169.45	16000	15.110737	0.0	1113969	65	16.0
1608635169.51	16000	16.050483	0.0	820127	48	16.0
1608635169.93	16000	16.628479	0.0	6357933	384	16.0
1608635170.26	16000	17.297848	0.0	4814284	298	16.0
1608635170.5	16000	18.058333	0.0	3419258	211	16.0
1608635170.78	16000	18.785045	0.0	3944328	244	16.0
1608635171.08	16000	19.477557	0.0	4284196	273	16.0
1608635171.3	16000	20.259208	0.0	3022025	193	16.0
1608635171.47	16000	21.094048	0.0	2248581	143	16.0
1608635172.19	16000	21.376137	0.0	9946363	658	16.0
1608635173.06	16000	21.504026	0.0	11684632	806	16.0
1608635173.21	16000	22.353143	0.0	1849732	131	16.0
1608635173.37	16000	23.195821	0.0	1942795	139	16.0
1608635173.51	16000	24.057094	0.0	1704756	121	16.0
1608635173.65	16000	24.918684	0.0	1697111	120	16.0
1608635173.78	16000	25.792735	0.0	1529441	109	16.0
