1609218422.14	4000	1.000999	0.012	60629	3	-0.2400000000000002
1609218423.15	16000	1.339473	0.251	11007815	823	-1.0199999999999996
1609218424.05	16000	1.669456	0.0	8849724	779	16.0
1609218424.36	20000	2.460468	0.0	3191121	220	16.0
1609218424.56	20000	3.263143	0.0	1661718	114	20.0
1609218424.73	20000	4.091553	0.0	1315024	90	20.0
1609218424.86	20000	4.986403	0.0	698359	47	20.0
1609218424.99	20000	5.857751	0.0	730082	50	20.0
1609218425.4	20000	6.441133	0.0	4047415	321	20.0
1609218425.73	20000	7.123725	0.0	2863079	227	20.0
1609218426.16	20000	7.688325	0.0	4167844	331	20.0
1609218426.71	20000	8.137113	0.0	5571764	449	20.0
1609218427.23	20000	8.617853	0.0	4925652	420	20.0
1609218427.5	20000	9.349264	0.0	2030157	181	20.0
1609218427.79	20000	10.060449	0.0	2240782	201	20.0
1609218428.08	20000	10.776213	0.0	2211169	187	20.0
1609218428.19	20000	11.666844	0.0	382046	28	20.0
1609218428.36	20000	12.496845	0.0	1113969	86	20.0
1609218428.5	20000	13.351199	0.0	820127	62	20.0
1609218429.12	20000	13.733406	0.0	6357933	506	20.0
1609218429.64	20000	14.21473	0.0	4814284	418	20.0
1609218430.04	20000	14.821525	0.0	3419258	296	20.0
1609218430.49	20000	15.372719	0.0	3944328	351	20.0
1609218430.97	20000	15.890658	0.0	4284196	382	20.0
1609218431.31	20000	16.555417	0.0	3022025	244	20.0
1609218431.58	20000	17.286066	0.0	2248581	182	20.0
1609218432.44	20000	17.419693	0.0	9946363	741	20.0
1609218433.44	20000	17.421726	0.0	11684632	864	20.0
1609218433.68	20000	18.185605	0.0	1849732	151	20.0
1609218433.92	20000	18.941466	0.0	1942795	159	20.0
1609218434.14	20000	19.724847	0.0	1704756	133	20.0
1609218434.36	20000	20.511368	0.0	1697111	132	20.0
1609218434.56	20000	21.303717	0.0	1529441	117	20.0
1609218434.77	20000	22.099838	0.0	1568649	121	20.0
1609218434.99	20000	22.884917	0.0	1677618	131	20.0
1609218435.17	20000	23.696702	0.0	1415096	106	20.0
1609218435.41	20000	24.467073	0.0	1894067	141	20.0
1609218435.58	20000	25.29529	0.0	1186604	88	20.0
1609218435.74	20000	26.131674	0.0	1068386	80	20.0
1609218435.96	20000	26.917356	0.0	1700843	127	20.0
1609218436.26	20000	27.616347	0.0	2536859	210	20.0
1609218436.76	20000	28.118529	0.0	4742872	395	20.0
1609218437.27	20000	28.605209	0.0	4955535	408	20.0
1609218437.46	20000	29.417829	0.0	1260540	101	20.0
1609218437.85	20000	30.027544	0.0	3605246	294	20.0
1609218438.17	20000	30.714445	0.0	2770338	222	20.0
1609218438.4	20000	31.480966	0.0	1855168	148	20.0
1609218438.62	20000	32.26292	0.0	1666915	132	20.0
1609218438.83	20000	33.055856	0.0	1555467	123	20.0
1609218438.99	20000	33.894946	0.0	1008919	80	20.0
1609218439.18	20000	34.709939	0.0	1227619	104	20.0
1609218439.34	20000	35.545087	0.0	1015853	84	20.0
1609218439.45	20000	36.434887	0.0	384076	30	20.0
1609218439.56	20000	37.334176	0.0	295687	23	20.0
1609218439.75	20000	38.142151	0.0	1328674	110	20.0
1609218439.96	20000	38.932887	0.0	1492829	124	20.0
1609218440.16	20000	39.732485	0.0	1484812	117	20.0
1609218440.4	20000	40.497678	0.0	1868314	150	20.0
1609218440.58	20000	41.315894	0.0	1253406	100	20.0
1609218440.73	20000	42.166193	0.0	887933	70	20.0
1609218440.9	20000	42.992473	0.0	1153403	91	20.0
1609218441.09	20000	43.811506	0.0	1249023	99	20.0
1609218441.29	20000	44.61036	0.0	1423973	119	20.0
1609218441.46	20000	45.441075	0.0	1060162	89	20.0
1609218441.63	20000	46.271381	0.0	1080597	90	20.0
1609218441.81	20000	47.093721	0.0	1156442	97	20.0
1609218442.08	20000	47.821049	0.0	2222640	186	20.0
1609218442.39	20000	48.517206	0.0	2587311	214	20.0
1609218442.66	20000	49.250789	0.0	2178351	180	20.0
1609218443.01	20000	49.890724	0.0	3121089	257	20.0
1609218443.31	20000	50.601199	0.0	2857420	201	20.0
1609218443.51	20000	51.398406	0.0	1702477	119	20.0
1609218443.7	20000	52.209825	0.0	1531670	106	20.0
1609218443.92	20000	52.98631	0.0	1863424	130	20.0
1609218444.16	20000	53.750629	0.0	1987392	151	20.0
1609218444.47	20000	54.438701	0.0	2505586	223	20.0
1609218445.42	20000	54.494213	0.0	9620218	824	20.0
1609218445.72	20000	55.20167	0.0	2561608	202	20.0
1609218446.1	20000	55.810202	0.0	3633991	285	20.0
1609218446.43	20000	56.489868	0.0	3324070	225	20.0
1609218446.62	20000	57.299536	0.0	1560020	104	20.0
1609218446.8	20000	58.11896	0.0	1429188	97	20.0
1609218447.0	20000	58.913763	0.0	1754144	118	20.0
1609218447.23	20000	59.691952	0.0	1626020	137	20.0
1609218448.47	20000	59.605676	0.0	1739228	156	20.0
1609218449.21	20000	59.856583	0.0	1722735	147	20.0
1609218450.43	20000	59.607669	0.0	1538145	137	20.0
1609218451.14	20000	59.858638	0.0	1473412	117	20.0
1609218452.35	20000	59.609621	0.0	1498968	123	20.0
1609218453.15	20000	59.860555	0.0	2247334	218	20.0
1609218454.48	20000	59.611623	0.0	3156442	238	20.0
1609218455.22	20000	59.862605	0.0	1895098	146	20.0
1609218456.47	20000	59.613616	0.0	1939135	161	20.0
1609218457.19	20000	59.864708	0.0	1842874	134	20.0
1609218458.46	20000	59.615615	0.0	2235830	190	20.0
1609218459.25	20000	59.866692	0.0	2202171	199	20.0
1609218460.55	20000	59.617634	0.0	2242042	211	20.0
1609218461.23	20000	59.868708	0.0	1081763	93	20.0
1609218462.54	20000	59.619599	0.0	2409013	221	20.0
1609218463.25	20000	59.870595	0.0	1615028	130	20.0
1609218464.45	20000	59.621589	0.0	1413467	110	20.0
1609218465.15	20000	59.872573	0.0	1632450	123	20.0
1609218466.21	20000	59.873686	0.0	5664827	455	20.0
1609218467.2	20000	59.874615	0.0	4578115	383	20.0
1609218468.42	20000	59.625683	0.0	1783835	138	20.0
1609218469.09	20000	59.87655	0.0	1093613	83	20.0
1609218470.24	20000	59.877698	0.0	975642	73	20.0
1609218471.46	20000	59.628662	0.0	1658005	137	20.0
1609218472.35	20000	59.629682	0.0	3055257	289	20.0
1609218473.41	20000	59.630598	0.0	5355572	455	20.0
1609218474.3	20000	59.88169	0.0	3278424	293	20.0
1609218475.08	20000	59.882617	0.0	2318501	192	20.0
1609218476.38	20000	59.633678	0.0	2473561	208	20.0
1609218477.13	20000	59.884668	0.0	1730311	157	20.0
1609218478.34	20000	59.635682	0.0	1455812	127	20.0
1609218479.17	20000	59.886588	0.0	2869222	239	20.0
1609218480.08	20000	59.887601	0.0	3226650	314	20.0
1609218481.42	20000	59.638591	0.0	2705936	251	20.0
1609218482.27	20000	59.889572	0.0	2998622	257	20.0
1609218483.56	20000	59.640679	0.0	2928342	201	20.0
1609218484.45	20000	59.641636	0.0	3059979	293	20.0
1609218485.27	20000	59.77895	0.0	3367422	230	20.0
1609218486.49	20000	59.64366	0.0	1950694	134	20.0
1609218487.2	20000	59.894581	0.0	1541020	126	20.0
1609218488.52	20000	59.645597	0.0	2926720	223	20.0
1609218489.36	20000	59.646615	0.0	2991202	247	20.0
1609218490.25	20000	59.897642	0.0	3002106	297	20.0
1609218491.5	20000	59.648602	0.0	2015412	160	20.0
1609218492.34	20000	59.649477	0.0	2894863	242	20.0
1609218493.12	20000	59.900645	0.0	2185316	189	20.0
1609218494.51	20000	59.65159	0.0	3370605	289	20.0
1609218495.43	20000	59.652679	0.0	3492243	323	20.0
1609218496.14	20000	59.903646	0.0	1307592	122	20.0
1609218497.4	20000	59.654691	0.0	1881404	177	20.0
1609218498.13	20000	59.905575	0.0	1806471	137	20.0
1609218499.36	20000	59.656567	0.0	1945842	147	20.0
1609218500.17	20000	59.907574	0.0	2538877	213	20.0
1609218501.45	20000	59.658611	0.0	2298557	192	20.0
1609218502.25	20000	59.909614	0.0	2831497	210	20.0
1609218503.12	20000	59.910544	0.0	3200905	270	20.0
1609218504.4	20000	59.661668	0.0	2180586	198	20.0
1609218505.1	20000	59.912376	0.0	1500505	117	20.0
1609218506.34	20000	59.663467	0.0	1939246	151	20.0
1609218507.56	20000	59.664369	0.0	1599193	137	20.0
1609218508.35	20000	59.665604	0.0	2364826	203	20.0
1609218509.16	20000	59.916434	0.0	2517454	220	20.0
1609218510.42	20000	59.667318	0.0	1883143	167	20.0
1609218511.13	20000	59.918552	0.0	1726706	132	20.0
1609218512.27	20000	59.919439	0.0	707364	53	20.0
1609218513.43	20000	59.670518	0.0	796460	80	20.0
1609218514.55	20000	59.67134	0.0	596962	42	20.0
1609218515.21	20000	59.922343	0.0	947625	75	20.0
1609218516.36	20000	59.673407	0.0	832859	66	20.0
1609218517.45	20000	59.674527	0.0	151562	10	20.0
1609218518.53	20000	59.675533	0.0	90390	6	20.0
1609218519.09	20000	59.926381	0.0	50278	3	20.0
1609218520.14	20000	59.927507	0.0	26471	4	20.0
1609218521.18	20000	59.928388	0.0	40620	1	20.0
1609218521.54	4000	1.000999	0.044	334032	32	-0.8799999999999999
1609218522.16	4000	1.66328	0.0	6594552	487	4.0
1609218523.02	16000	1.802844	0.0	8849724	721	4.0
1609218523.4	20000	2.450483	0.0	3191121	282	16.0
1609218523.62	20000	3.227131	0.0	1661718	138	20.0
1609218523.81	20000	4.046661	0.0	1315024	97	20.0
1609218523.94	20000	4.937578	0.0	698359	51	20.0
1609218524.07	20000	5.803553	0.0	730082	53	20.0
1609218524.47	20000	6.4057	0.0	4047415	301	20.0
1609218524.79	20000	7.095011	0.0	2863079	218	20.0
1609218525.21	20000	7.676624	0.0	4167844	322	20.0
1609218525.74	20000	8.138821	0.0	5571764	431	20.0
1609218526.24	20000	8.648102	0.0	4925652	390	20.0
1609218526.48	20000	9.404429	0.0	2030157	160	20.0
1609218526.73	20000	10.155833	0.0	2240782	162	20.0
1609218526.98	20000	10.905546	0.0	2211169	158	20.0
1609218527.09	20000	11.799322	0.0	382046	26	20.0
1609218527.25	20000	12.639621	0.0	1113969	79	20.0
1609218527.39	20000	13.502782	0.0	820127	58	20.0
1609218527.98	20000	13.907432	0.0	6357933	488	20.0
1609218528.46	20000	14.429363	0.0	4814284	378	20.0
1609218528.88	20000	15.017678	0.0	3419258	318	20.0
1609218529.36	20000	15.5348	0.0	3944328	387	20.0
1609218529.84	20000	16.051121	0.0	4284196	387	20.0
1609218530.2	20000	16.701295	0.0	3022025	256	20.0
1609218530.48	20000	17.417026	0.0	2248581	188	20.0
1609218531.41	20000	17.487926	0.0	9946363	798	20.0
1609218532.51	20000	17.393591	0.0	11684632	956	20.0
1609218532.76	20000	18.136743	0.0	1849732	173	20.0
1609218533.04	20000	18.858232	0.0	1942795	192	20.0
1609218533.3	20000	19.60576	0.0	1704756	168	20.0
1609218533.55	20000	20.353993	0.0	1697111	167	20.0
1609218533.78	20000	21.126431	0.0	1529441	145	20.0
1609218534.01	20000	21.893566	0.0	1568649	149	20.0
1609218534.26	20000	22.6475	0.0	1677618	159	20.0
1609218534.48	20000	23.429468	0.0	1415096	133	20.0
