1609152466.79	4000	1.000999	0.015	60629	6	-0.2999999999999998
1609152467.82	4000	1.478819	0.472	6594552	953	-5.4399999999999995
1609152468.6	4000	1.938107	0.0	4402139	744	4.0
1609152468.78	4000	2.754889	0.0	1043358	165	4.0
1609152468.95	8000	3.585093	0.0	946554	150	4.0
1609152469.09	8000	4.473287	0.0	768486	120	8.0
1609152469.17	8000	5.39346	0.0	398693	62	8.0
1609152469.24	8000	6.32309	0.0	358785	54	8.0
1609152469.55	8000	7.028663	0.0	1838971	290	8.0
1609152469.85	12000	7.732057	0.0	1861181	271	8.0
1609152470.29	12000	8.294416	0.0	2835412	414	12.0
1609152470.9	12000	8.680713	0.0	4074608	581	12.0
1609152471.48	12000	9.107421	0.0	3844696	543	12.0
1609152471.7	12000	9.88222	0.0	1630440	207	12.0
1609152471.93	12000	10.652504	0.0	1712120	211	12.0
1609152472.24	16000	11.350722	0.0	2211169	274	12.0
1609152472.29	16000	12.292565	0.0	382046	45	16.0
1609152472.45	16000	13.141072	0.0	1113969	137	16.0
1609152472.56	16000	14.026841	0.0	820127	99	16.0
1609152473.55	16000	14.037723	0.0	6357933	947	16.0
1609152474.08	16000	14.512046	0.0	4814284	490	16.0
1609152474.47	16000	15.127384	0.0	3419258	346	16.0
1609152475.08	20000	15.51815	0.0	3944328	575	16.0
1609152475.72	20000	15.874588	0.0	4284196	611	20.0
1609152476.05	16000	16.548712	0.0	3022025	300	12.0
1609152476.29	16000	17.304055	0.0	2248581	223	16.0
1609152477.54	16000	17.062448	0.0	9946363	1168	16.0
1609152478.86	16000	16.74712	0.0	11684632	1243	16.0
1609152479.15	16000	17.44895	0.0	1849732	269	16.0
1609152479.46	16000	18.145	0.0	1942795	282	16.0
1609152479.73	16000	18.873558	0.0	1704756	252	16.0
1609152480.01	16000	19.593897	0.0	1697111	259	16.0
1609152480.26	16000	20.339282	0.0	1529441	234	16.0
1609152480.53	16000	21.079144	0.0	1568649	240	16.0
1609152480.77	16000	21.831209	0.0	1677618	227	16.0
1609152480.98	16000	22.63039	0.0	1415096	183	16.0
1609152481.24	16000	23.36449	0.0	1894067	246	16.0
1609152481.41	16000	24.195093	0.0	1186604	153	16.0
1609152481.57	20000	25.04132	0.0	1068386	137	16.0
1609152481.94	20000	25.67653	0.0	1700843	345	20.0
1609152482.52	20000	26.095494	0.0	2536859	555	20.0
1609152483.43	20000	26.186215	0.0	4742872	873	20.0
1609152484.43	16000	26.188933	0.0	4955535	962	12.0
1609152484.66	12000	26.950916	0.0	1080711	210	8.0
1609152485.19	8000	27.427402	0.0	2345010	498	4.0
1609152485.58	8000	28.039862	0.0	1735323	368	8.0
1609152485.86	8000	28.762672	0.0	1153767	261	8.0
1609152486.11	8000	29.506691	0.0	1020736	240	8.0
1609152486.36	8000	30.264591	0.0	965874	226	8.0
1609152486.55	8000	31.071226	0.0	762421	177	8.0
1609152486.8	8000	31.825386	0.0	883591	231	8.0
1609152487.07	12000	32.550106	0.0	883588	258	8.0
1609152487.18	12000	33.43929	0.0	347560	98	12.0
1609152487.27	12000	34.352438	0.0	267077	74	12.0
1609152487.62	12000	35.005364	0.0	1128983	332	12.0
1609152487.94	12000	35.690909	0.0	1257735	297	12.0
1609152488.26	12000	36.36961	0.0	1265527	298	12.0
1609152488.73	16000	36.89748	0.0	1868314	448	12.0
1609152489.11	16000	37.524458	0.0	1253406	356	16.0
1609152489.31	12000	38.317784	0.0	674495	189	8.0
1609152489.58	12000	39.051759	0.0	885875	250	12.0
1609152489.91	12000	39.720736	0.0	928626	316	12.0
1609152490.33	12000	40.308584	0.0	1062903	397	12.0
1609152490.64	12000	40.997813	0.0	799389	297	12.0
1609152490.87	12000	41.766215	0.0	812821	218	12.0
1609152491.11	12000	42.525836	0.0	856497	226	12.0
1609152491.58	12000	43.05357	0.0	1700457	453	12.0
1609152492.12	12000	43.522789	0.0	1970588	509	12.0
1609152492.56	12000	44.075786	0.0	1652704	427	12.0
1609152493.86	12000	43.781126	0.0	2412882	1271	12.0
1609152495.96	8000	42.67846	0.0	1582861	2078	4.0
1609152497.11	4000	42.535361	0.0	566069	1124	0.0
1609152498.04	8000	42.605001	0.0	798342	913	4.0
1609152498.48	4000	43.166136	0.0	676507	423	0.0
1609152499.31	8000	43.339126	0.0	1153146	808	4.0
1609152500.39	4000	43.257362	0.0	962786	1061	0.0
1609152505.68	4000	38.970364	0.0	3596154	5251	4.0
1609152507.93	8000	37.716662	0.0	1677334	2232	4.0
1609152509.62	4000	37.031731	0.0	1526348	1664	0.0
1609152511.84	8000	35.810902	0.0	2053317	2196	4.0
1609152512.39	4000	36.257934	0.0	659155	535	0.0
1609152513.34	8000	36.309797	0.0	835287	931	4.0
1609152514.25	4000	36.4081	0.0	756304	883	0.0
1609152515.33	8000	36.322698	0.0	1005233	1068	4.0
1609152516.43	4000	36.229555	0.0	731159	1076	0.0
1609152517.53	4000	36.123086	0.0	678447	1093	4.0
1609152518.51	8000	36.149232	0.0	911305	955	4.0
1609152519.01	4000	36.650059	0.0	556204	484	0.0
1609152519.81	8000	36.847239	0.0	864029	786	4.0
1609152520.57	4000	37.089688	0.0	747231	740	0.0
1609152521.57	4000	37.091064	0.0	1138250	982	4.0
1609152522.48	8000	37.183718	0.0	1089714	880	4.0
1609152523.12	4000	37.539768	0.0	728813	628	0.0
1609152524.26	8000	37.406713	0.0	1010680	1114	4.0
1609152525.25	4000	37.417661	0.0	728502	972	0.0
1609152526.18	4000	37.484509	0.0	819353	919	4.0
1609152527.25	8000	37.419104	0.0	1286142	1046	4.0
1609152527.66	4000	38.003935	0.0	496044	399	0.0
1609152529.29	8000	37.376523	0.0	1606544	1603	4.0
1609152530.17	4000	37.502782	0.0	818447	854	0.0
1609152531.09	4000	37.583996	0.0	743969	904	4.0
1609152531.53	8000	38.146302	0.0	970495	419	4.0
1609152531.98	4000	38.692212	0.0	1121938	435	0.0
1609152532.4	8000	39.273834	0.0	1902440	394	4.0
1609152532.56	4000	40.115709	0.0	682795	140	0.0
1609152532.69	4000	40.986899	0.0	564053	114	4.0
1609152532.8	4000	41.872846	0.0	493680	99	4.0
1609152532.99	4000	42.693398	0.0	823677	165	4.0
1609152533.18	4000	43.501991	0.0	878603	175	4.0
1609152533.74	8000	43.944956	0.0	2618824	531	4.0
1609152534.13	8000	44.554444	0.0	1820110	369	8.0
1609152534.45	8000	45.236264	0.0	1448467	300	8.0
1609152534.78	8000	45.902828	0.0	1521463	314	8.0
1609152535.01	8000	46.677808	0.0	1006183	208	8.0
1609152535.29	12000	47.399448	0.0	1134985	259	8.0
1609152535.84	12000	47.848163	0.0	2294159	529	12.0
1609152536.54	12000	48.151042	0.0	2601076	674	12.0
1609152537.11	12000	48.581885	0.0	2155956	548	12.0
1609152537.67	12000	49.018337	0.0	2411136	541	12.0
1609152538.11	8000	49.584315	0.0	1780068	412	4.0
1609152538.6	8000	50.087265	0.0	1844656	477	8.0
1609152539.15	8000	50.540341	0.0	2010421	526	8.0
1609152539.49	8000	51.203744	0.0	1158554	318	8.0
1609152539.74	8000	51.949475	0.0	873968	239	8.0
1609152540.34	8000	52.351468	0.0	1651288	580	8.0
1609152541.06	8000	52.640494	0.0	1697771	691	8.0
1609152541.51	8000	53.191801	0.0	1712532	430	8.0
1609152541.81	8000	53.887621	0.0	1149171	287	8.0
1609152542.29	8000	54.420485	0.0	1666069	447	8.0
1609152542.66	8000	55.036314	0.0	1269548	360	8.0
1609152543.26	8000	55.443918	0.0	2108361	572	8.0
1609152543.85	8000	55.848666	0.0	2206878	572	8.0
1609152544.06	8000	56.644286	0.0	752992	188	8.0
1609152544.37	8000	57.332807	0.0	1143645	295	8.0
1609152544.67	8000	58.038944	0.0	1081066	278	8.0
1609152544.99	8000	58.718452	0.0	1175321	302	8.0
1609152545.62	8000	59.090621	0.0	1515596	609	8.0
1609152546.14	8000	59.563993	0.0	1397801	508	8.0
1609152547.13	8000	59.714397	0.0	1735873	464	8.0
1609152547.83	8000	59.880769	0.0	1955680	675	8.0
1609152549.2	4000	59.716381	0.0	854393	343	0.0
1609152550.0	4000	59.717352	0.0	602217	287	4.0
1609152550.85	4000	59.96836	0.0	819411	334	4.0
1609152552.22	4000	59.719385	0.0	705221	341	4.0
1609152552.98	4000	59.739466	0.0	905448	741	4.0
1609152554.2	4000	59.721347	0.0	951381	701	4.0
1609152554.81	4000	59.907487	0.0	663404	599	4.0
1609152556.08	8000	59.723405	0.0	1011581	744	4.0
1609152556.8	4000	59.974351	0.0	284661	201	0.0
1609152558.14	8000	59.725356	0.0	458857	326	4.0
1609152558.75	4000	59.976354	0.0	197766	93	0.0
1609152559.96	4000	59.977353	0.0	385891	192	4.0
1609152561.14	4000	59.728284	0.0	375542	157	4.0
1609152562.18	4000	59.729324	0.0	71077	21	4.0
1609152563.2	4000	59.730371	0.0	37732	9	4.0
1609152564.22	4000	59.731364	0.0	26108	8	4.0
1609152565.24	4000	59.732274	0.0	20475	3	4.0
1609152565.75	4000	59.983362	0.0	22446	2	4.0
1609152566.26	4000	1.000999	0.182	334032	170	-3.64
1609152568.24	4000	1.453473	1.159	6594552	1919	-19.18
1609152569.21	4000	1.5144	0.0	4402139	917	4.0
1609152569.79	4000	1.939374	0.0	1043358	571	4.0
1609152570.12	4000	2.619453	0.0	567502	306	4.0
1609152570.45	4000	3.290155	0.0	472646	316	4.0
1609152570.65	4000	4.083018	0.0	274373	194	4.0
1609152570.82	4000	4.915315	0.0	222226	156	4.0
1609152571.62	4000	5.120588	0.0	1213073	779	4.0
1609152572.18	4000	5.563068	0.0	927735	543	4.0
1609152579.01	4000	1.293917	1.56	1463326	6810	-27.2
1609152580.88	8000	1.355835	0.931	3005823	1838	-14.620000000000001
1609152583.09	4000	1.287853	1.147	1928241	2192	-22.94
1609152584.45	8000	1.435255	0.501	1267052	1333	-6.02
1609152584.69	4000	2.192276	0.0	929156	224	0.0
1609152585.02	8000	2.866356	0.0	1263534	306	4.0
1609152585.05	4000	3.833109	0.0	90752	18	0.0
1609152585.15	4000	4.732346	0.0	376357	89	4.0
1609152585.21	4000	5.674805	0.0	197626	44	4.0
1609152585.77	4000	6.121869	0.0	2995445	527	4.0
1609152586.17	4000	6.715219	0.0	2226527	385	4.0
1609152586.41	4000	7.477394	0.0	1501029	220	4.0
1609152586.75	8000	8.138039	0.0	2281353	316	4.0
1609152587.14	8000	8.755528	0.0	2599148	360	8.0
1609152587.41	8000	9.480641	0.0	1926191	254	8.0
1609152587.62	8000	10.282326	0.0	1427209	181	8.0
1609152588.5	8000	10.399806	0.0	6361262	833	8.0
1609152590.03	12000	9.869586	0.0	9808342	1445	8.0
1609152590.27	12000	10.625057	0.0	1491397	225	12.0
1609152590.47	12000	11.43208	0.0	1560434	175	12.0
1609152590.64	12000	12.2577	0.0	1396705	156	12.0
1609152590.82	12000	13.084393	0.0	1392963	156	12.0
