1609147173.15	4000	1.000999	0.026	60629	15	-0.52
1609147175.12	4000	1.326734	1.265	6594552	1893	-21.3
1609147176.01	4000	1.67761	0.0	4402139	851	4.0
1609147176.28	4000	2.501797	0.0	1043358	260	4.0
1609147176.44	4000	3.346936	0.0	567502	139	4.0
1609147176.57	4000	4.218993	0.0	472646	115	4.0
1609147176.64	4000	5.141723	0.0	274373	65	4.0
1609147176.71	4000	6.078413	0.0	222226	51	4.0
1609147177.04	4000	6.761624	0.0	1213073	315	4.0
1609147177.46	8000	7.343279	0.0	1382199	393	4.0
1609147178.04	8000	7.763192	0.0	2052265	557	8.0
1609147178.79	8000	8.02017	0.0	3005823	715	8.0
1609147179.5	8000	8.30464	0.0	2879726	680	8.0
1609147179.82	8000	8.987245	0.0	1267052	298	8.0
1609147180.2	8000	9.606254	0.0	1316661	362	8.0
1609147180.59	8000	10.217388	0.0	1263534	372	8.0
1609147180.65	8000	11.165541	0.0	150125	40	8.0
1609147180.82	8000	11.990936	0.0	555328	160	8.0
1609147180.93	8000	12.887393	0.0	323573	91	8.0
1609147182.14	8000	12.673007	0.0	4001900	1181	8.0
1609147182.91	8000	12.905288	0.0	3029729	741	8.0
1609147183.47	8000	13.346952	0.0	2083035	535	8.0
1609147184.06	8000	13.752429	0.0	2281353	571	8.0
1609147184.67	8000	14.14413	0.0	2599148	583	8.0
1609147185.01	4000	14.808692	0.0	1433055	313	0.0
1609147185.24	4000	15.576281	0.0	1055512	217	4.0
1609147186.29	4000	15.527941	0.0	4647286	1011	4.0
1609147187.67	4000	15.156146	0.0	5615227	1334	4.0
1609147187.94	8000	15.87816	0.0	1127469	258	4.0
1609147188.32	8000	16.508254	0.0	1179779	352	8.0
1609147188.66	8000	17.163157	0.0	1078151	328	8.0
1609147189.0	8000	17.827558	0.0	1086181	320	8.0
1609147189.26	8000	18.569298	0.0	1029204	242	8.0
1609147189.52	8000	19.304803	0.0	1054251	247	8.0
1609147189.81	8000	20.023223	0.0	1132419	266	8.0
1609147190.04	8000	20.790257	0.0	977239	219	8.0
1609147190.34	8000	21.487763	0.0	1356524	287	8.0
1609147190.57	12000	22.259658	0.0	987649	207	8.0
1609147190.77	12000	23.064763	0.0	864635	182	12.0
1609147191.1	12000	23.73037	0.0	1366872	319	12.0
1609147191.75	12000	24.08967	0.0	2025194	621	12.0
1609147192.48	12000	24.360925	0.0	2595110	706	12.0
1609147193.37	12000	24.472079	0.0	3209770	863	12.0
1609147193.64	8000	25.19349	0.0	890138	251	4.0
1609147194.27	8000	25.564982	0.0	2345010	605	8.0
1609147194.7	8000	26.144934	0.0	1735323	399	8.0
1609147194.98	8000	26.86251	0.0	1153767	264	8.0
1609147195.21	8000	27.635219	0.0	1020736	209	8.0
1609147195.42	8000	28.420246	0.0	965874	199	8.0
1609147195.59	8000	29.250015	0.0	762421	156	8.0
1609147195.79	8000	30.053358	0.0	883591	181	8.0
1609147195.96	8000	30.885559	0.0	750345	152	8.0
1609147196.04	12000	31.804079	0.0	347560	64	8.0
1609147196.11	12000	32.741832	0.0	267077	49	12.0
1609147196.34	12000	33.505123	0.0	1128983	221	12.0
1609147196.61	12000	34.24134	0.0	1257735	247	12.0
1609147196.88	12000	34.97575	0.0	1265527	249	12.0
1609147197.19	12000	35.658385	0.0	1524381	297	12.0
1609147197.47	16000	36.387563	0.0	1253406	246	12.0
1609147197.65	16000	37.199103	0.0	887933	173	16.0
1609147197.9	16000	37.957568	0.0	1153403	226	16.0
1609147198.2	16000	38.661059	0.0	1249023	278	16.0
1609147198.58	16000	39.275573	0.0	1423973	367	16.0
1609147198.87	16000	39.985357	0.0	1060162	272	16.0
1609147199.14	16000	40.716875	0.0	1080597	252	16.0
1609147199.4	20000	41.455588	0.0	1156442	244	16.0
1609147199.9	20000	41.962046	0.0	2222640	472	20.0
1609147200.45	16000	42.409535	0.0	2587311	528	12.0
1609147200.92	16000	42.946801	0.0	2178351	441	16.0
1609147201.48	16000	43.379998	0.0	3121089	539	16.0
1609147201.88	12000	43.987815	0.0	2213643	368	8.0
1609147202.11	12000	44.757287	0.0	1294662	213	12.0
1609147202.32	12000	45.544874	0.0	1157734	195	12.0
1609147202.58	12000	46.283813	0.0	1439296	242	12.0
1609147202.87	12000	47.00333	0.0	1558739	263	12.0
1609147203.24	12000	47.632869	0.0	1982918	350	12.0
1609147204.85	12000	47.022983	0.0	7754684	1551	12.0
1609147205.29	12000	47.582031	0.0	2122146	417	12.0
1609147205.86	12000	48.010055	0.0	2951725	546	12.0
1609147206.36	8000	48.513905	0.0	2053317	470	4.0
1609147206.65	8000	49.227315	0.0	953056	270	8.0
1609147206.91	8000	49.976342	0.0	835287	235	8.0
1609147207.19	8000	50.687181	0.0	1072056	264	8.0
1609147207.41	8000	51.465757	0.0	1005233	206	8.0
1609147207.64	8000	52.236165	0.0	1040790	213	8.0
1609147207.87	8000	53.013371	0.0	1009563	206	8.0
1609147208.13	12000	53.754983	0.0	1219048	239	8.0
1609147208.32	12000	54.561837	0.0	1160520	177	12.0
1609147208.52	12000	55.365105	0.0	1180684	180	12.0
1609147208.81	12000	56.078271	0.0	1739841	266	12.0
1609147209.18	12000	56.701156	0.0	2506643	347	12.0
1609147209.36	12000	57.530703	0.0	1488968	152	12.0
1609147209.58	16000	58.309732	0.0	1939135	199	12.0
1609147209.79	16000	59.10085	0.0	1842874	188	16.0
1609147210.04	16000	59.849843	0.0	2235830	229	16.0
1609147211.03	16000	59.911481	0.0	2202171	466	16.0
1609147212.32	16000	59.568953	0.0	2242042	1267	16.0
1609147212.98	12000	59.913475	0.0	875075	135	8.0
1609147214.36	8000	59.664433	0.0	1606544	343	4.0
1609147215.32	4000	59.66544	0.0	818447	446	0.0
1609147216.05	4000	59.916481	0.0	743969	209	4.0
1609147217.28	4000	59.667429	0.0	689321	216	4.0
1609147218.07	4000	59.918466	0.0	1121938	264	4.0
1609147219.28	4000	59.669405	0.0	667445	198	4.0
1609147220.15	4000	59.920446	0.0	682795	347	4.0
1609147221.01	8000	59.921465	0.0	732536	344	4.0
1609147222.32	8000	59.672476	0.0	645392	292	8.0
1609147222.91	8000	59.996088	0.0	1104267	567	8.0
1609147224.02	8000	59.924493	0.0	1592936	594	8.0
1609147225.3	4000	59.675474	0.0	1192759	252	0.0
1609147225.99	4000	59.926504	0.0	1046702	172	4.0
1609147227.16	4000	59.927466	0.0	982243	161	4.0
1609147228.45	4000	59.678428	0.0	1004344	264	4.0
1609147229.15	4000	59.92946	0.0	687087	181	4.0
1609147230.0	8000	59.90781	0.0	831839	834	4.0
1609147231.01	4000	59.931445	0.0	1193260	491	0.0
1609147232.38	4000	59.682479	0.0	1350143	340	4.0
1609147233.14	4000	59.933479	0.0	1085010	241	4.0
1609147234.42	4000	59.684471	0.0	1231535	262	4.0
1609147235.19	4000	59.913754	0.0	1204741	249	4.0
1609147236.47	4000	59.686488	0.0	1227805	264	4.0
1609147237.3	4000	59.687481	0.0	1328172	313	4.0
1609147238.01	4000	59.938469	0.0	755940	188	4.0
1609147239.24	8000	59.689466	0.0	873968	215	4.0
1609147240.07	8000	59.940358	0.0	1651288	291	8.0
1609147241.38	8000	59.691419	0.0	1697771	282	8.0
1609147242.15	8000	59.920769	0.0	1712532	253	8.0
1609147243.34	8000	59.693482	0.0	1149171	166	8.0
1609147244.2	12000	59.944409	0.0	2268474	324	8.0
1609147244.98	12000	59.945465	0.0	1727401	262	12.0
1609147246.41	12000	59.69648	0.0	2744751	397	12.0
1609147247.29	12000	59.697469	0.0	2853458	354	12.0
1609147248.36	12000	59.568897	0.0	1012501	1051	12.0
1609147249.48	8000	59.699461	0.0	1143645	94	4.0
1609147250.07	4000	59.950476	0.0	723162	76	0.0
1609147251.17	4000	59.951447	0.0	787496	83	4.0
1609147251.94	4000	59.986719	0.0	1008090	756	4.0
1609147253.08	4000	59.852717	0.0	920901	1117	4.0
1609147254.06	8000	59.874355	0.0	1735873	952	4.0
1609147254.99	4000	59.955436	0.0	1305395	412	0.0
1609147256.25	8000	59.706483	0.0	1256122	236	4.0
1609147257.46	4000	59.707477	0.0	602217	191	0.0
1609147258.08	4000	59.958472	0.0	819411	99	4.0
1609147259.18	4000	59.959429	0.0	705221	85	4.0
1609147260.44	4000	59.710485	0.0	905448	241	4.0
1609147261.35	4000	59.711483	0.0	951381	390	4.0
1609147262.3	8000	59.71247	0.0	1060685	429	4.0
1609147263.01	8000	59.929457	0.0	1011581	691	8.0
1609147264.25	4000	59.714486	0.0	284661	223	0.0
1609147265.33	4000	59.715404	0.0	305283	64	4.0
1609147266.38	4000	59.716495	0.0	197766	38	4.0
1609147267.47	4000	59.717489	0.0	385891	66	4.0
1609147268.12	4000	59.968479	0.0	375542	136	4.0
1609147269.15	4000	59.969472	0.0	71077	20	4.0
1609147270.18	4000	59.970489	0.0	37732	22	4.0
1609147271.2	8000	59.971473	0.0	32002	4	4.0
1609147272.22	8000	59.972468	0.0	22693	2	8.0
1609147273.24	4000	59.723489	0.0	22446	6	0.0
1609147273.57	4000	1.000999	0.026	60629	16	-0.52
1609147275.74	4000	1.294746	1.44	6594552	2099	-24.8
1609147276.96	4000	1.391997	0.0	4402139	1183	4.0
1609147277.39	4000	1.979969	0.0	1043358	408	4.0
1609147277.93	4000	2.438576	0.0	567502	528	4.0
1609147278.61	8000	2.752005	0.0	768486	666	4.0
1609147278.82	4000	3.544041	0.0	274373	194	0.0
1609147278.99	4000	4.375798	0.0	222226	156	4.0
1609147279.71	4000	4.660942	0.0	1213073	699	4.0
1609147280.19	8000	5.184773	0.0	1382199	456	4.0
1609147281.0	4000	5.370525	0.0	1463326	793	0.0
1609147282.26	4000	5.113223	0.0	2054811	1238	4.0
1609147283.81	8000	4.560149	0.0	2879726	1521	4.0
1609147284.24	4000	5.133069	0.0	898461	408	0.0
1609147284.68	8000	5.698748	0.0	1316661	413	4.0
1609147284.83	4000	6.545469	0.0	886614	134	0.0
1609147284.86	4000	7.520629	0.0	90752	11	4.0
1609147284.93	4000	8.451974	0.0	376357	55	4.0
1609147284.97	4000	9.411569	0.0	197626	28	4.0
1609147285.46	4000	9.925098	0.0	2995445	461	4.0
1609147285.78	4000	10.597488	0.0	2226527	305	4.0
1609147286.08	8000	11.303387	0.0	2083035	270	4.0
1609147286.4	8000	11.985386	0.0	2281353	297	8.0
1609147286.79	8000	12.595326	0.0	2599148	367	8.0
1609147287.11	8000	13.274102	0.0	1926191	300	8.0
1609147287.36	8000	14.031836	0.0	1427209	223	8.0
1609147288.47	12000	13.913495	0.0	8032438	1058	8.0
1609147289.55	12000	13.837789	0.0	9808342	1010	12.0
1609147289.71	12000	14.676975	0.0	1491397	142	12.0
1609147289.88	12000	15.512081	0.0	1560434	147	12.0
1609147290.03	12000	16.364029	0.0	1396705	131	12.0
