1608620100.79	4000	1.000999	0.013	60629	4	-0.4159999999999999
1608620100.9	2000	1.948121	0.0	1072422	56	0.0
1608620101.01	2000	2.838195	0.0	1121405	96	2.0
1608620101.09	2000	3.763964	0.0	728514	62	2.0
1608620101.14	2000	4.723985	0.0	508013	40	2.0
1608620101.19	2000	5.680987	0.0	395538	33	2.0
1608620101.22	4000	6.645126	0.0	274373	22	2.0
1608620101.25	4000	7.628639	0.0	222226	18	4.0
1608620101.43	8000	8.461505	0.0	1838971	160	4.0
1608620101.57	8000	9.325223	0.0	1382199	120	8.0
1608620101.76	8000	10.132245	0.0	2052265	172	8.0
1608620102.15	12000	10.751634	0.0	4074608	341	8.0
1608620102.5	12000	11.401407	0.0	3844696	322	12.0
1608620102.69	16000	12.213896	0.0	2030157	165	12.0
1608620102.88	16000	13.017518	0.0	2240782	179	16.0
1608620103.08	16000	13.823412	0.0	2211169	176	16.0
1608620103.12	16000	14.783509	0.0	382046	29	16.0
1608620103.22	16000	15.683828	0.0	1113969	88	16.0
1608620103.3	20000	16.60904	0.0	820127	65	16.0
1608620103.88	20000	17.031046	0.0	6357933	534	20.0
1608620104.34	20000	17.56971	0.0	4814284	429	20.0
1608620104.67	20000	18.238648	0.0	3419258	307	20.0
1608620105.07	20000	18.843344	0.0	3944328	369	20.0
1608620105.49	20000	19.415485	0.0	4284196	401	20.0
1608620105.81	20000	20.104881	0.0	3022025	289	20.0
1608620106.04	20000	20.868417	0.0	2248581	218	20.0
1608620107.18	20000	20.964508	0.0	9946363	1044	20.0
1608620108.68	20000	20.466302	0.0	11684632	1427	20.0
1608620108.92	20000	21.224915	0.0	1849732	222	20.0
1608620109.17	20000	21.969968	0.0	1942795	234	20.0
1608620109.4	20000	22.743425	0.0	1704756	209	20.0
1608620109.62	20000	23.520595	0.0	1697111	203	20.0
1608620109.82	20000	24.330583	0.0	1529441	164	20.0
1608620110.02	20000	25.130052	0.0	1568649	176	20.0
1608620110.23	20000	25.921306	0.0	1677618	189	20.0
1608620110.4	20000	26.744535	0.0	1415096	160	20.0
1608620110.64	20000	27.510325	0.0	1894067	213	20.0
1608620110.79	20000	28.36272	0.0	1186604	131	20.0
1608620110.92	20000	29.228295	0.0	1068386	118	20.0
1608620111.13	20000	30.021469	0.0	1700843	189	20.0
1608620111.44	20000	30.715477	0.0	2536859	283	20.0
1608620112.01	20000	31.1484	0.0	4742872	532	20.0
1608620112.6	20000	31.555392	0.0	4955535	558	20.0
1608620112.77	20000	32.391544	0.0	1260540	147	20.0
1608620113.24	20000	32.923392	0.0	3605246	438	20.0
1608620113.6	20000	33.556399	0.0	2770338	336	20.0
1608620113.82	20000	34.34343	0.0	1855168	195	20.0
1608620114.01	20000	35.154671	0.0	1666915	171	20.0
1608620114.18	20000	35.978741	0.0	1555467	158	20.0
1608620114.3	20000	36.860823	0.0	1008919	102	20.0
1608620114.45	20000	37.718499	0.0	1227619	125	20.0
1608620114.57	20000	38.599009	0.0	1015853	103	20.0
1608620114.62	20000	39.548224	0.0	384076	38	20.0
1608620114.66	20000	40.507803	0.0	295687	29	20.0
1608620114.8	20000	41.371527	0.0	1328674	120	20.0
1608620114.95	20000	42.216977	0.0	1492829	135	20.0
1608620115.11	20000	43.063746	0.0	1484812	135	20.0
1608620115.3	20000	43.874417	0.0	1868314	170	20.0
1608620115.43	20000	44.744235	0.0	1253406	113	20.0
1608620115.52	20000	45.648609	0.0	887933	80	20.0
1608620115.65	20000	46.528357	0.0	1153403	104	20.0
1608620115.79	20000	47.386922	0.0	1249023	123	20.0
1608620115.95	20000	48.22641	0.0	1423973	145	20.0
1608620116.07	20000	49.103987	0.0	1060162	106	20.0
1608620116.2	20000	49.98086	0.0	1080597	109	20.0
1608620116.33	20000	50.847208	0.0	1156442	116	20.0
1608620116.59	20000	51.600952	0.0	2222640	225	20.0
1608620116.86	20000	52.321368	0.0	2587311	247	20.0
1608620117.09	20000	53.096558	0.0	2178351	205	20.0
1608620117.41	20000	53.777939	0.0	3121089	293	20.0
1608620117.7	20000	54.48558	0.0	2857420	268	20.0
1608620117.89	20000	55.293665	0.0	1702477	172	20.0
1608620118.06	20000	56.122244	0.0	1531670	154	20.0
1608620118.27	20000	56.915111	0.0	1863424	189	20.0
1608620118.49	20000	57.694326	0.0	1987392	201	20.0
1608620118.78	20000	58.410026	0.0	2505586	261	20.0
1608620119.91	20000	58.285178	0.0	9620218	1062	20.0
1608620120.18	20000	59.008296	0.0	2561608	253	20.0
1608620120.57	20000	59.619391	0.0	3633991	360	20.0
1608620121.42	20000	59.827623	0.0	3324070	316	20.0
1608620122.58	20000	59.82862	0.0	1560020	144	20.0
1608620123.74	20000	59.579566	0.0	1429188	142	20.0
1608620124.43	20000	59.830623	0.0	1754144	161	20.0
1608620125.6	20000	59.831622	0.0	1626020	148	20.0
1608620126.83	20000	59.582619	0.0	1739228	206	20.0
1608620127.62	20000	59.583524	0.0	1722735	272	20.0
1608620128.38	20000	59.834605	0.0	1538145	238	20.0
1608620129.63	20000	59.585549	0.0	1473412	225	20.0
1608620130.85	20000	59.586585	0.0	1498968	208	20.0
1608620131.57	20000	59.837615	0.0	2247334	192	20.0
1608620132.38	20000	59.838612	0.0	3156442	277	20.0
1608620133.57	20000	59.839629	0.0	1895098	171	20.0
1608620134.78	20000	59.590555	0.0	1939135	190	20.0
1608620135.5	20000	59.841661	0.0	1842874	195	20.0
1608620136.76	20000	59.592615	0.0	2235830	238	20.0
1608620137.5	20000	59.843612	0.0	2202171	221	20.0
1608620138.75	20000	59.594622	0.0	2242042	227	20.0
1608620139.46	20000	59.845627	0.0	1081763	189	20.0
1608620140.42	20000	59.846623	0.0	2409013	432	20.0
1608620141.67	20000	59.597524	0.0	1615028	226	20.0
1608620142.39	20000	59.848636	0.0	1413467	207	20.0
1608620143.69	20000	59.599592	0.0	1632450	279	20.0
1608620144.55	20000	59.662672	0.0	5664827	819	20.0
1608620145.65	20000	59.601447	0.0	4578115	562	20.0
1608620146.38	20000	59.852613	0.0	1783835	194	20.0
1608620147.51	20000	59.853615	0.0	1093613	112	20.0
1608620148.62	20000	59.604623	0.0	975642	94	20.0
1608620149.81	20000	59.605687	0.0	1658005	164	20.0
1608620150.69	20000	59.606526	0.0	3055257	350	20.0
1608620151.33	20000	59.895558	0.0	5355572	597	20.0
1608620152.72	20000	59.608619	0.0	3278424	361	20.0
1608620153.45	20000	59.859594	0.0	2318501	209	20.0
1608620154.7	20000	59.61059	0.0	2473561	219	20.0
1608620155.85	20000	59.61158	0.0	1730311	130	20.0
1608620156.46	20000	59.862619	0.0	1455812	87	20.0
1608620157.66	20000	59.613522	0.0	2869222	175	20.0
1608620158.39	20000	59.864599	0.0	3226650	201	20.0
1608620159.61	20000	59.865603	0.0	2705936	187	20.0
1608620160.85	20000	59.616622	0.0	2998622	214	20.0
1608620161.6	20000	59.867613	0.0	2928342	214	20.0
1608620162.84	20000	59.618401	0.0	3059979	220	20.0
1608620163.6	20000	59.869653	0.0	3367422	231	20.0
1608620164.76	20000	59.620601	0.0	1950694	137	20.0
1608620165.39	20000	59.871583	0.0	1541020	110	20.0
1608620166.63	20000	59.622382	0.0	2926720	215	20.0
1608620167.39	20000	59.873631	0.0	2991202	235	20.0
1608620168.67	20000	59.62456	0.0	3002106	245	20.0
1608620169.86	20000	59.625317	0.0	2015412	162	20.0
1608620170.62	20000	59.62641	0.0	2894863	237	20.0
1608620171.83	20000	59.627479	0.0	2185316	186	20.0
1608620172.72	20000	59.628319	0.0	3370605	354	20.0
1608620173.65	20000	59.629312	0.0	3492243	399	20.0
1608620174.82	20000	59.630572	0.0	1307592	146	20.0
1608620175.53	20000	59.881569	0.0	1881404	190	20.0
1608620176.81	20000	59.63244	0.0	1806471	265	20.0
1608620177.62	20000	59.633462	0.0	1945842	287	20.0
1608620178.49	20000	59.884535	0.0	2538877	334	20.0
1608620179.84	20000	59.635543	0.0	2298557	324	20.0
1608620180.25	20000	59.997679	0.0	2831497	392	20.0
1608620181.71	20000	59.637403	0.0	3200905	426	20.0
1608620182.47	20000	59.888625	0.0	2180586	240	20.0
1608620183.64	20000	59.63947	0.0	1500505	146	20.0
1608620184.85	20000	59.640601	0.0	1939246	195	20.0
1608620185.56	20000	59.89153	0.0	1599193	186	20.0
1608620186.84	20000	59.642588	0.0	2364826	260	20.0
1608620187.6	20000	59.893562	0.0	2517454	229	20.0
1608620188.78	20000	59.644604	0.0	1883143	160	20.0
1608620189.45	20000	59.895549	0.0	1726706	145	20.0
1608620190.52	20000	59.89661	0.0	707364	57	20.0
1608620191.6	20000	59.897602	0.0	796460	61	20.0
1608620192.67	20000	59.648594	0.0	596962	46	20.0
1608620193.75	20000	59.649517	0.0	947625	70	20.0
1608620194.83	20000	59.650467	0.0	832859	55	20.0
1608620195.85	20000	59.651501	0.0	151562	8	20.0
1608620196.37	20000	59.902628	0.0	90390	5	20.0
1608620197.38	20000	59.90357	0.0	50278	1	20.0
1608620198.4	20000	59.904636	0.0	26471	3	20.0
1608620199.41	20000	59.905571	0.0	40620	1	20.0
1608620199.76	4000	1.000999	0.036	335737	24	-1.1520000000000001
1608620199.87	2000	2.001999	0.0	1072422	81	0.0
1608620199.97	2000	3.002999	0.0	1121405	84	2.0
1608620200.04	2000	4.003999	0.0	728514	54	2.0
1608620200.09	2000	4.960628	0.0	508013	35	2.0
1608620200.13	2000	5.917926	0.0	395538	29	2.0
1608620200.17	4000	6.877116	0.0	274373	19	2.0
1608620200.21	4000	7.845759	0.0	222226	17	4.0
1608620200.39	8000	8.668305	0.0	1838971	143	4.0
1608620200.52	8000	9.531977	0.0	1382199	110	8.0
1608620200.71	8000	10.34295	0.0	2052265	166	8.0
1608620201.08	12000	10.985315	0.0	4074608	332	8.0
1608620201.44	12000	11.627973	0.0	3844696	332	12.0
1608620201.64	16000	12.426933	0.0	2030157	179	12.0
1608620201.86	16000	13.211895	0.0	2240782	198	16.0
1608620202.07	16000	13.99977	0.0	2211169	195	16.0
1608620202.12	16000	14.9564	0.0	382046	33	16.0
1608620202.23	16000	15.842541	0.0	1113969	101	16.0
1608620202.33	20000	16.749719	0.0	820127	81	16.0
1608620203.01	20000	17.07152	0.0	6357933	635	20.0
1608620203.47	20000	17.604973	0.0	4814284	437	20.0
1608620203.79	20000	18.28902	0.0	3419258	291	20.0
1608620204.15	20000	18.926238	0.0	3944328	337	20.0
1608620204.54	20000	19.543725	0.0	4284196	355	20.0
1608620204.81	20000	20.271864	0.0	3022025	250	20.0
1608620205.01	20000	21.067883	0.0	2248581	185	20.0
1608620206.03	20000	21.051973	0.0	9946363	938	20.0
1608620207.25	20000	21.071788	0.0	11684632	1144	20.0
1608620207.47	20000	21.856592	0.0	1849732	195	20.0
1608620207.69	20000	22.632143	0.0	1942795	205	20.0
1608620207.89	20000	23.433177	0.0	1704756	180	20.0
1608620208.09	20000	24.235507	0.0	1697111	180	20.0
1608620208.28	20000	25.052567	0.0	1529441	164	20.0
1608620208.48	20000	25.849078	0.0	1568649	186	20.0
1608620208.7	20000	26.630848	0.0	1677618	199	20.0
