1609157277.41	4000	1.000999	0.014	60629	4	-0.28000000000000025
1609157278.08	4000	1.354131	0.0	6594552	611	4.0
1609157278.5	4000	2.0243	0.0	4402139	387	4.0
1609157278.61	4000	3.0253	0.0	1043358	90	4.0
1609157278.72	8000	3.949958	0.0	946554	80	4.0
1609157278.8	8000	4.871049	0.0	768486	64	8.0
1609157278.84	8000	5.826517	0.0	398693	32	8.0
1609157278.88	8000	6.785327	0.0	358785	31	8.0
1609157279.06	8000	7.610876	0.0	1838971	157	8.0
1609157279.24	12000	8.527883	0.0	1861181	159	8.0
1609157279.51	12000	9.263867	0.0	2835412	239	12.0
1609157279.89	12000	9.902414	0.0	4074608	344	12.0
1609157280.25	12000	10.547746	0.0	3844696	325	12.0
1609157280.42	12000	11.367105	0.0	1630440	156	12.0
1609157280.61	12000	12.185209	0.0	1712120	164	12.0
1609157280.85	16000	12.94675	0.0	2211169	212	12.0
1609157280.89	16000	13.898998	0.0	382046	35	16.0
1609157281.02	16000	14.777234	0.0	1113969	106	16.0
1609157281.11	16000	15.684586	0.0	820127	78	16.0
1609157281.78	16000	16.020138	0.0	6357933	625	16.0
1609157282.29	16000	16.50494	0.0	4814284	479	16.0
1609157282.62	16000	17.17724	0.0	3419258	298	16.0
1609157283.0	20000	17.803612	0.0	3944328	344	16.0
1609157283.39	20000	18.408972	0.0	4284196	364	20.0
1609157283.66	20000	19.136974	0.0	3022025	246	20.0
1609157283.87	20000	19.932805	0.0	2248581	182	20.0
1609157284.81	20000	19.996707	0.0	9946363	857	20.0
1609157286.0	20000	19.804324	0.0	11684632	1113	20.0
1609157286.2	20000	20.60084	0.0	1849732	182	20.0
1609157286.41	20000	21.396805	0.0	1942795	183	20.0
1609157286.59	20000	22.218227	0.0	1704756	159	20.0
1609157286.77	20000	23.041174	0.0	1697111	158	20.0
1609157286.93	20000	23.881948	0.0	1529441	142	20.0
1609157287.09	20000	24.718349	0.0	1568649	146	20.0
1609157287.27	20000	25.542321	0.0	1677618	156	20.0
1609157287.44	20000	26.371498	0.0	1415096	153	20.0
1609157287.67	20000	27.146126	0.0	1894067	205	20.0
1609157287.82	20000	27.995364	0.0	1186604	126	20.0
1609157287.95	20000	28.864394	0.0	1068386	114	20.0
1609157288.15	20000	29.66115	0.0	1700843	184	20.0
1609157288.48	20000	30.339467	0.0	2536859	298	20.0
1609157289.1	20000	30.714045	0.0	4742872	589	20.0
1609157289.76	20000	31.060154	0.0	4955535	618	20.0
1609157289.93	20000	31.884829	0.0	1260540	156	20.0
1609157290.42	20000	32.400022	0.0	3605246	457	20.0
1609157290.81	20000	33.010865	0.0	2770338	366	20.0
1609157291.08	20000	33.746829	0.0	1855168	244	20.0
1609157291.31	20000	34.510447	0.0	1666915	217	20.0
1609157291.53	20000	35.295447	0.0	1555467	196	20.0
1609157291.67	20000	36.152057	0.0	1008919	126	20.0
1609157291.86	20000	36.973937	0.0	1227619	160	20.0
1609157292.0	20000	37.8281	0.0	1015853	127	20.0
1609157292.06	20000	38.769845	0.0	384076	47	20.0
1609157292.11	20000	39.722927	0.0	295687	36	20.0
1609157292.29	20000	40.540293	0.0	1328674	168	20.0
1609157292.48	20000	41.349411	0.0	1492829	173	20.0
1609157292.67	20000	42.15845	0.0	1484812	172	20.0
1609157292.91	20000	42.92188	0.0	1868314	217	20.0
1609157293.07	20000	43.760035	0.0	1253406	145	20.0
1609157293.19	20000	44.642732	0.0	887933	102	20.0
1609157293.34	20000	45.498275	0.0	1153403	128	20.0
1609157293.49	20000	46.349803	0.0	1249023	132	20.0
1609157293.66	20000	47.181642	0.0	1423973	150	20.0
1609157293.79	20000	48.054215	0.0	1060162	112	20.0
1609157293.92	20000	48.925121	0.0	1080597	114	20.0
1609157294.05	20000	49.787827	0.0	1156442	122	20.0
1609157294.31	20000	50.52864	0.0	2222640	237	20.0
1609157294.61	20000	51.23264	0.0	2587311	272	20.0
1609157294.86	20000	51.982014	0.0	2178351	228	20.0
1609157295.22	20000	52.627356	0.0	3121089	328	20.0
1609157295.54	20000	53.308162	0.0	2857420	294	20.0
1609157295.73	20000	54.114458	0.0	1702477	175	20.0
1609157295.91	20000	54.939282	0.0	1531670	156	20.0
1609157296.12	20000	55.727835	0.0	1863424	190	20.0
1609157296.35	20000	56.505811	0.0	1987392	202	20.0
1609157296.61	20000	57.238166	0.0	2505586	245	20.0
1609157297.62	20000	57.228241	0.0	9620218	952	20.0
1609157297.91	20000	57.944599	0.0	2561608	260	20.0
1609157298.31	20000	58.54683	0.0	3633991	369	20.0
1609157298.7	20000	59.155113	0.0	3324070	362	20.0
1609157298.89	20000	59.966409	0.0	1560020	171	20.0
1609157300.07	20000	59.901153	0.0	1429188	156	20.0
1609157301.29	20000	59.652193	0.0	1754144	198	20.0
1609157301.97	20000	59.903119	0.0	1626020	160	20.0
1609157303.16	20000	59.90415	0.0	1739228	166	20.0
1609157304.35	20000	59.65513	0.0	1722735	166	20.0
1609157305.04	20000	59.906124	0.0	1538145	165	20.0
1609157306.22	20000	59.657144	0.0	1473412	160	20.0
1609157307.4	20000	59.658132	0.0	1498968	152	20.0
1609157308.16	20000	59.909133	0.0	2247334	244	20.0
1609157309.04	20000	59.910116	0.0	3156442	349	20.0
1609157310.28	20000	59.661116	0.0	1895098	214	20.0
1609157311.06	20000	59.912141	0.0	1939135	251	20.0
1609157312.33	20000	59.663131	0.0	1842874	252	20.0
1609157313.14	20000	59.914142	0.0	2235830	282	20.0
1609157314.45	20000	59.665129	0.0	2202171	287	20.0
1609157315.29	20000	59.666208	0.0	2242042	313	20.0
1609157316.45	20000	59.66718	0.0	1081763	148	20.0
1609157317.28	20000	59.668123	0.0	2409013	298	20.0
1609157318.0	20000	59.9192	0.0	1615028	198	20.0
1609157319.2	20000	59.920149	0.0	1413467	176	20.0
1609157320.42	20000	59.671211	0.0	1632450	202	20.0
1609157321.13	20000	59.747701	0.0	5664827	670	20.0
1609157322.22	20000	59.673005	0.0	4578115	554	20.0
1609157322.97	20000	59.924096	0.0	1783835	220	20.0
1609157324.13	20000	59.9252	0.0	1093613	143	20.0
1609157325.25	20000	59.676126	0.0	975642	100	20.0
1609157326.41	20000	59.677178	0.0	1658005	147	20.0
1609157327.28	20000	59.678141	0.0	3055257	332	20.0
1609157328.38	20000	59.679138	0.0	5355572	552	20.0
1609157329.25	20000	59.680141	0.0	3278424	343	20.0
1609157330.03	20000	59.931135	0.0	2318501	250	20.0
1609157331.31	20000	59.682124	0.0	2473561	251	20.0
1609157332.06	20000	59.933184	0.0	1730311	229	20.0
1609157333.28	20000	59.684141	0.0	1455812	196	20.0
1609157334.08	20000	59.935112	0.0	2869222	277	20.0
1609157335.4	20000	59.686183	0.0	3226650	287	20.0
1609157336.15	20000	59.937255	0.0	2705936	221	20.0
1609157337.43	20000	59.688223	0.0	2998622	260	20.0
1609157338.03	20000	59.863058	0.0	2928342	575	20.0
1609157339.27	20000	59.690145	0.0	3059979	209	20.0
1609157340.03	20000	59.94106	0.0	3367422	232	20.0
1609157341.19	20000	59.942212	0.0	1950694	136	20.0
1609157342.32	20000	59.693089	0.0	1541020	111	20.0
1609157343.08	20000	59.94412	0.0	2926720	226	20.0
1609157344.35	20000	59.695227	0.0	2991202	242	20.0
1609157345.14	20000	59.946217	0.0	3002106	268	20.0
1609157346.38	20000	59.697257	0.0	2015412	216	20.0
1609157347.16	20000	59.904495	0.0	2894863	248	20.0
1609157348.33	20000	59.699103	0.0	2185316	149	20.0
1609157349.12	20000	59.950093	0.0	3370605	249	20.0
1609157350.44	20000	59.701158	0.0	3492243	290	20.0
1609157351.07	20000	59.952094	0.0	1307592	111	20.0
1609157352.25	20000	59.703115	0.0	1881404	153	20.0
1609157353.42	20000	59.70414	0.0	1806471	153	20.0
1609157354.13	20000	59.95511	0.0	1945842	179	20.0
1609157355.42	20000	59.706105	0.0	2538877	265	20.0
1609157356.2	20000	59.957182	0.0	2298557	258	20.0
1609157357.04	20000	59.958104	0.0	2831497	307	20.0
1609157358.39	20000	59.709091	0.0	3200905	323	20.0
1609157359.14	20000	59.953012	0.0	2180586	219	20.0
1609157360.31	20000	59.711125	0.0	1500505	153	20.0
1609157361.04	20000	59.962108	0.0	1939246	207	20.0
1609157362.23	20000	59.713107	0.0	1599193	161	20.0
1609157362.98	20000	59.964111	0.0	2364826	222	20.0
1609157364.24	20000	59.71517	0.0	2517454	234	20.0
1609157365.43	20000	59.716202	0.0	1883143	172	20.0
1609157366.12	20000	59.967149	0.0	1726706	157	20.0
1609157367.2	20000	59.968212	0.0	707364	66	20.0
1609157368.29	20000	59.719208	0.0	796460	76	20.0
1609157369.37	20000	59.720215	0.0	596962	56	20.0
1609157369.96	20000	59.9712	0.0	947625	78	20.0
1609157371.05	20000	59.972196	0.0	832859	69	20.0
1609157372.08	20000	59.973202	0.0	151562	11	20.0
1609157373.1	20000	59.974186	0.0	90390	6	20.0
1609157374.11	20000	59.975211	0.0	50278	3	20.0
1609157375.13	16000	59.9762	0.0	26471	4	12.0
1609157376.15	12000	59.977084	0.0	36255	1	8.0
1609157376.48	4000	1.000999	0.032	334032	20	-0.6400000000000001
1609157376.97	4000	1.78977	0.0	6594552	410	4.0
1609157377.27	4000	2.489593	0.0	4402139	265	4.0
1609157377.35	4000	3.408379	0.0	1043358	62	4.0
1609157377.43	8000	4.327981	0.0	946554	56	4.0
1609157377.49	8000	5.267143	0.0	768486	45	8.0
1609157377.53	8000	6.229666	0.0	398693	23	8.0
1609157377.57	8000	7.193619	0.0	358785	20	8.0
1609157377.7	8000	8.062177	0.0	1838971	110	8.0
1609157377.84	12000	8.924661	0.0	1861181	113	8.0
1609157378.05	12000	9.717411	0.0	2835412	182	12.0
1609157378.35	12000	10.441615	0.0	4074608	262	12.0
1609157378.63	12000	11.16301	0.0	3844696	247	12.0
1609157378.75	12000	12.041079	0.0	1630440	104	12.0
1609157378.88	12000	12.925414	0.0	1712120	111	12.0
1609157379.06	16000	13.746922	0.0	2211169	150	12.0
1609157379.1	16000	14.708997	0.0	382046	25	16.0
1609157379.19	16000	15.618046	0.0	1113969	75	16.0
1609157379.26	16000	16.546878	0.0	820127	55	16.0
1609157379.74	16000	17.070407	0.0	6357933	434	16.0
1609157380.12	16000	17.692971	0.0	4814284	339	16.0
1609157380.39	16000	18.419944	0.0	3419258	244	16.0
1609157380.71	20000	19.108482	0.0	3944328	281	16.0
1609157381.06	20000	19.752438	0.0	4284196	322	20.0
1609157381.33	20000	20.488809	0.0	3022025	236	20.0
1609157381.53	20000	21.291779	0.0	2248581	176	20.0
1609157382.45	20000	21.372035	0.0	9946363	842	20.0
1609157383.57	20000	21.255231	0.0	11684632	1048	20.0
1609157383.76	20000	22.062214	0.0	1849732	166	20.0
1609157383.95	20000	22.870605	0.0	1942795	170	20.0
1609157384.12	20000	23.703592	0.0	1704756	145	20.0
1609157384.28	20000	24.53881	0.0	1697111	144	20.0
1609157384.44	20000	25.38885	0.0	1529441	130	20.0
