1608600579.22	4000	1.000999	0.038	60629	1	-1.2160000000000002
1608600580.31	16000	1.382774	0.416	11007815	985	-9.312
1608600581.12	16000	1.818756	0.0	8849724	746	16.0
1608600581.39	16000	2.566448	0.0	3191121	242	16.0
1608600581.54	16000	3.422302	0.0	1661718	124	16.0
1608600581.66	16000	4.303624	0.0	1315024	99	16.0
1608600581.73	16000	5.237196	0.0	698359	51	16.0
1608600581.79	16000	6.169428	0.0	730082	54	16.0
1608600582.13	16000	6.86091	0.0	4047415	302	16.0
1608600582.37	16000	7.624083	0.0	2863079	211	16.0
1608600582.7	16000	8.285276	0.0	4167844	307	16.0
1608600583.17	16000	8.824057	0.0	5571764	423	16.0
1608600583.61	16000	9.3799	0.0	4925652	411	16.0
1608600583.8	16000	10.19031	0.0	2030157	169	16.0
1608600584.01	16000	10.983812	0.0	2240782	186	16.0
1608600584.22	16000	11.776864	0.0	2211169	187	16.0
1608600584.26	16000	12.734242	0.0	382046	31	16.0
1608600584.37	16000	13.624823	0.0	1113969	94	16.0
1608600584.45	16000	14.54275	0.0	820127	69	16.0
1608600585.04	16000	14.956935	0.0	6357933	542	16.0
1608600585.46	16000	15.542985	0.0	4814284	380	16.0
1608600585.76	16000	16.246004	0.0	3419258	269	16.0
1608600586.11	16000	16.895417	0.0	3944328	310	16.0
1608600586.49	16000	17.516559	0.0	4284196	347	16.0
1608600586.76	16000	18.247139	0.0	3022025	244	16.0
1608600586.96	16000	19.045251	0.0	2248581	181	16.0
1608600587.84	16000	19.167175	0.0	9946363	813	16.0
1608600588.82	16000	19.182518	0.0	11684632	911	16.0
1608600588.99	16000	20.021485	0.0	1849732	141	16.0
1608600589.15	16000	20.858473	0.0	1942795	144	16.0
1608600589.29	16000	21.715799	0.0	1704756	124	16.0
1608600589.45	16000	22.570196	0.0	1697111	123	16.0
1608600589.58	16000	23.434052	0.0	1529441	110	16.0
1608600589.71	16000	24.301469	0.0	1568649	114	16.0
1608600589.85	16000	25.159384	0.0	1677618	122	16.0
1608600589.97	16000	26.039374	0.0	1415096	103	16.0
1608600590.13	16000	26.881977	0.0	1894067	138	16.0
1608600590.24	16000	27.779124	0.0	1186604	86	16.0
1608600590.33	16000	28.686848	0.0	1068386	78	16.0
1608600590.47	16000	29.54338	0.0	1700843	125	16.0
1608600590.68	16000	30.334773	0.0	2536859	186	16.0
1608600591.07	16000	30.950305	0.0	4742872	350	16.0
1608600591.49	16000	31.529087	0.0	4955535	388	16.0
1608600591.61	16000	32.415423	0.0	1260540	98	16.0
1608600591.92	16000	33.100399	0.0	3605246	281	16.0
1608600592.18	16000	33.842143	0.0	2770338	235	16.0
1608600592.38	16000	34.643535	0.0	1855168	180	16.0
1608600592.56	16000	35.464355	0.0	1666915	162	16.0
1608600592.73	16000	36.296433	0.0	1555467	150	16.0
1608600592.84	16000	37.184067	0.0	1008919	97	16.0
1608600592.98	16000	38.050493	0.0	1227619	119	16.0
1608600593.09	16000	38.937468	0.0	1015853	98	16.0
1608600593.16	16000	39.875682	0.0	384076	50	16.0
1608600593.2	16000	40.826993	0.0	295687	38	16.0
1608600593.4	16000	41.635285	0.0	1328674	177	16.0
1608600593.61	16000	42.419921	0.0	1492829	199	16.0
1608600593.83	16000	43.20559	0.0	1484812	198	16.0
1608600594.1	16000	43.937585	0.0	1868314	250	16.0
1608600594.29	16000	44.745232	0.0	1253406	177	16.0
1608600594.43	16000	45.606586	0.0	887933	124	16.0
1608600594.62	16000	46.422548	0.0	1153403	162	16.0
1608600594.81	16000	47.230889	0.0	1249023	176	16.0
1608600595.03	16000	48.012606	0.0	1423973	201	16.0
1608600595.19	16000	48.856943	0.0	1060162	139	16.0
1608600595.34	16000	49.702436	0.0	1080597	139	16.0
1608600595.51	16000	50.536991	0.0	1156442	149	16.0
1608600595.82	16000	51.227705	0.0	2222640	288	16.0
1608600596.18	16000	51.867553	0.0	2587311	338	16.0
1608600596.51	16000	52.54062	0.0	2178351	296	16.0
1608600596.96	16000	53.089972	0.0	3121089	425	16.0
1608600597.41	16000	53.640968	0.0	2857420	425	16.0
1608600597.69	16000	54.357163	0.0	1702477	265	16.0
1608600597.95	16000	55.099782	0.0	1531670	239	16.0
1608600598.26	16000	55.79273	0.0	1863424	288	16.0
1608600598.59	16000	56.466422	0.0	1987392	305	16.0
1608600598.99	16000	57.059912	0.0	2505586	385	16.0
1608600600.45	16000	56.609195	0.0	9620218	1394	16.0
1608600600.83	16000	57.222856	0.0	2561608	361	16.0
1608600601.37	16000	57.682542	0.0	3633991	510	16.0
1608600601.87	16000	58.1852	0.0	3324070	469	16.0
1608600602.11	16000	58.949332	0.0	1560020	218	16.0
1608600602.34	16000	59.723548	0.0	1429188	208	16.0
1608600603.62	16000	59.593842	0.0	1754144	260	16.0
1608600604.38	16000	59.844856	0.0	1626020	232	16.0
1608600605.65	16000	59.595862	0.0	1739228	246	16.0
1608600606.42	16000	59.846826	0.0	1722735	253	16.0
1608600607.67	16000	59.597873	0.0	1538145	227	16.0
1608600608.4	16000	59.848793	0.0	1473412	220	16.0
1608600609.65	16000	59.599847	0.0	1498968	219	16.0
1608600610.54	16000	59.600867	0.0	2247334	365	16.0
1608600611.2	16000	59.866128	0.0	3156442	640	16.0
1608600612.57	16000	59.602807	0.0	1895098	342	16.0
1608600613.36	16000	59.853787	0.0	1939135	275	16.0
1608600614.63	16000	59.60487	0.0	1842874	239	16.0
1608600615.43	16000	59.855885	0.0	2235830	281	16.0
1608600616.72	16000	59.606892	0.0	2202171	263	16.0
1608600617.49	16000	59.607891	0.0	2242042	255	16.0
1608600618.63	16000	59.608824	0.0	1081763	118	16.0
1608600619.39	16000	59.859823	0.0	2409013	237	16.0
1608600620.55	16000	59.610898	0.0	1615028	137	16.0
1608600621.69	16000	59.611829	0.0	1413467	112	16.0
1608600622.35	16000	59.862813	0.0	1632450	144	16.0
1608600623.39	16000	59.863847	0.0	5664827	492	16.0
1608600624.3	16000	59.864787	0.0	4578115	370	16.0
1608600625.47	16000	59.615908	0.0	1783835	144	16.0
1608600626.57	16000	59.616881	0.0	1093613	79	16.0
1608600627.65	16000	59.617898	0.0	975642	64	16.0
1608600628.28	16000	59.868818	0.0	1658005	115	16.0
1608600629.52	16000	59.6199	0.0	3055257	216	16.0
1608600630.49	16000	59.620895	0.0	5355572	425	16.0
1608600631.27	16000	59.871802	0.0	3278424	258	16.0
1608600632.45	16000	59.872815	0.0	2318501	154	16.0
1608600633.67	16000	59.623872	0.0	2473561	182	16.0
1608600634.34	16000	59.874831	0.0	1730311	150	16.0
1608600635.49	16000	59.625821	0.0	1455812	131	16.0
1608600636.26	16000	59.876746	0.0	2869222	243	16.0
1608600637.57	16000	59.62783	0.0	3226650	276	16.0
1608600638.37	16000	59.878744	0.0	2705936	270	16.0
1608600639.71	16000	59.629888	0.0	2998622	320	16.0
1608600640.56	16000	59.630797	0.0	2928342	318	16.0
1608600641.54	16000	59.631898	0.0	3059979	446	16.0
1608600642.25	16000	59.85074	0.0	3367422	683	16.0
1608600643.61	16000	59.633892	0.0	1950694	336	16.0
1608600644.35	16000	59.884881	0.0	1541020	226	16.0
1608600645.33	16000	59.885823	0.0	2926720	445	16.0
1608600646.32	16000	59.886799	0.0	2991202	471	16.0
1608600647.31	16000	59.887799	0.0	3002106	459	16.0
1608600648.58	16000	59.638892	0.0	2015412	242	16.0
1608600649.36	16000	59.889803	0.0	2894863	262	16.0
1608600650.58	16000	59.6409	0.0	2185316	195	16.0
1608600651.4	16000	59.891801	0.0	3370605	288	16.0
1608600652.22	16000	59.892826	0.0	3492243	287	16.0
1608600653.34	16000	59.893819	0.0	1307592	107	16.0
1608600654.52	16000	59.644848	0.0	1881404	154	16.0
1608600655.68	16000	59.645894	0.0	1806471	139	16.0
1608600656.36	16000	59.896784	0.0	1945842	150	16.0
1608600657.59	16000	59.647765	0.0	2538877	204	16.0
1608600658.3	16000	59.89872	0.0	2298557	184	16.0
1608600659.54	16000	59.649909	0.0	2831497	219	16.0
1608600660.27	16000	59.90086	0.0	3200905	198	16.0
1608600661.43	16000	59.901816	0.0	2180586	134	16.0
1608600662.54	16000	59.652896	0.0	1500505	88	16.0
1608600663.7	16000	59.653902	0.0	1939246	133	16.0
1608600664.35	16000	59.904854	0.0	1599193	129	16.0
1608600665.57	16000	59.655884	0.0	2364826	198	16.0
1608600666.35	16000	59.906756	0.0	2517454	246	16.0
1608600667.55	16000	59.65789	0.0	1883143	183	16.0
1608600668.26	16000	59.908798	0.0	1726706	183	16.0
1608600669.35	16000	59.909873	0.0	707364	73	16.0
1608600670.45	16000	59.910706	0.0	796460	88	16.0
1608600671.53	16000	59.661863	0.0	596962	58	16.0
1608600672.68	16000	59.6629	0.0	947625	132	16.0
1608600673.3	16000	59.913811	0.0	832859	101	16.0
1608600674.33	16000	59.914804	0.0	151562	17	16.0
1608600675.35	16000	59.915821	0.0	90390	8	16.0
1608600676.36	16000	59.916814	0.0	50278	4	16.0
1608600677.38	16000	59.917815	0.0	26471	1	16.0
1608600678.39	16000	59.918882	0.0	40620	2	16.0
1608600678.77	4000	1.000999	0.064	335737	52	-2.048
1608600680.69	16000	1.344435	0.978	11007815	1820	-27.296
1608600682.2	16000	1.314075	0.457	8849724	1459	1.3759999999999994
1608600682.74	16000	1.800319	0.0	3191121	512	16.0
1608600683.02	16000	2.520122	0.0	1661718	262	16.0
1608600683.25	16000	3.296435	0.0	1315024	207	16.0
1608600683.37	16000	4.168975	0.0	698359	107	16.0
1608600683.5	16000	5.041467	0.0	730082	113	16.0
1608600684.16	16000	5.381844	0.0	4047415	629	16.0
1608600684.63	16000	5.91219	0.0	2863079	445	16.0
1608600685.31	16000	6.239479	0.0	4167844	642	16.0
1608600686.25	16000	6.296255	0.0	5571764	901	16.0
1608600687.19	16000	6.355363	0.0	4925652	907	16.0
1608600687.62	16000	6.929451	0.0	2030157	406	16.0
1608600688.09	16000	7.463458	0.0	2240782	445	16.0
1608600688.56	16000	7.999735	0.0	2211169	442	16.0
1608600688.65	16000	8.906412	0.0	382046	72	16.0
1608600688.92	16000	9.636248	0.0	1113969	255	16.0
1608600689.12	16000	10.433938	0.0	820127	189	16.0
1608600690.63	16000	9.926856	0.0	6357933	1464	16.0
1608600692.11	16000	9.444758	0.0	4814284	1447	16.0
1608600693.27	16000	9.284463	0.0	3419258	1131	16.0
1608600694.64	16000	8.921223	0.0	3944328	1333	16.0
1608600704.69	16000	1.49649	1.623	4284196	10019	-35.936
1608600718.52	16000	22.484289	4.795	85090	40	-137.44
1608600718.53	12000	22.477636	0.0	85090	40	8.0
1608600719.11	12000	22.901843	0.0	1128983	565	12.0
1608600719.11	8000	22.894309	0.0	1128983	565	4.0
1608600719.62	8000	23.386338	0.0	1028305	497	8.0
1608600720.11	8000	23.900547	0.0	1059850	473	8.0
1608600720.64	8000	24.369292	0.0	1192343	517	8.0
1608600720.65	12000	24.361735	0.0	1192343	517	8.0
1608600721.08	12000	24.933089	0.0	995715	417	12.0
