1608581818.96	4000	1.000999	0.027	60629	18	-0.8639999999999999
1608581822.4	20000	1.464715	2.885	11007815	3344	-88.32
1608581823.68	4000	1.51897	0.0	4402139	1239	-12.0
1608581823.98	4000	2.223568	0.0	1043358	277	4.0
1608581824.14	4000	3.059198	0.0	567502	150	4.0
1608581824.28	4000	3.939764	0.0	472646	124	4.0
1608581824.36	4000	4.858044	0.0	274373	70	4.0
1608581824.47	8000	5.747198	0.0	358785	94	4.0
1608581825.53	20000	5.691658	0.0	4047415	1023	8.0
1608581826.3	16000	5.918821	0.0	2863079	740	12.0
1608581826.87	8000	6.358392	0.0	2052265	537	0.0
1608581827.68	8000	6.539116	0.0	3005823	793	8.0
1608581828.37	8000	6.855855	0.0	2879726	660	8.0
1608581828.67	8000	7.5511	0.0	1267052	287	8.0
1608581828.98	8000	8.248988	0.0	1316661	285	8.0
1608581829.27	8000	8.957742	0.0	1263534	274	8.0
1608581829.31	8000	9.91718	0.0	150125	29	8.0
1608581829.51	12000	10.724379	0.0	793783	171	8.0
1608581829.7	16000	11.53133	0.0	820127	176	12.0
1608581831.28	16000	10.955853	0.0	6357933	1531	16.0
1608581832.1	8000	11.139053	0.0	3029729	787	0.0
1608581832.7	8000	11.536101	0.0	2083035	574	8.0
1608581833.42	8000	11.811714	0.0	2281353	701	8.0
1608581834.27	8000	11.969702	0.0	2599148	818	8.0
1608581834.74	4000	12.494283	0.0	1433055	455	0.0
1608581835.17	8000	13.068188	0.0	1427209	406	4.0
1608581836.94	8000	12.304373	0.0	6361262	1719	8.0
1608581838.3	4000	11.938338	0.0	5615227	1323	0.0
1608581838.47	4000	12.766453	0.0	764013	158	4.0
1608581838.65	4000	13.587493	0.0	795179	165	4.0
1608581838.88	8000	14.365019	0.0	1078151	204	4.0
1608581839.07	8000	15.172672	0.0	1086181	175	8.0
1608581839.3	12000	15.947281	0.0	1276651	206	8.0
1608581839.57	20000	16.672031	0.0	1568649	254	12.0
1608581839.86	20000	17.385809	0.0	1677618	267	20.0
1608581840.09	20000	18.155501	0.0	1415096	212	20.0
1608581840.4	20000	18.85136	0.0	1894067	286	20.0
1608581840.59	20000	19.655846	0.0	1186604	178	20.0
1608581840.77	20000	20.479738	0.0	1068386	160	20.0
1608581841.08	20000	21.183292	0.0	1700843	278	20.0
1608581841.53	20000	21.723497	0.0	2536859	425	20.0
1608581842.37	20000	21.881426	0.0	4742872	806	20.0
1608581843.26	16000	21.997687	0.0	4955535	845	12.0
1608581843.46	12000	22.79745	0.0	1080711	182	8.0
1608581843.99	12000	23.267871	0.0	3005751	503	12.0
1608581844.38	12000	23.877397	0.0	2251469	369	12.0
1608581844.65	12000	24.614234	0.0	1498439	246	12.0
1608581844.94	16000	25.322348	0.0	1666915	269	12.0
1608581845.21	16000	26.053643	0.0	1555467	250	16.0
1608581845.38	16000	26.876912	0.0	1008919	160	16.0
1608581845.6	20000	27.659272	0.0	1227619	195	16.0
1608581845.78	20000	28.482924	0.0	1015853	162	20.0
1608581845.85	20000	29.411616	0.0	384076	59	20.0
1608581845.91	20000	30.356772	0.0	295687	44	20.0
1608581846.14	20000	31.131023	0.0	1328674	211	20.0
1608581846.39	20000	31.876701	0.0	1492829	238	20.0
1608581846.64	20000	32.624182	0.0	1484812	236	20.0
1608581846.96	20000	33.307924	0.0	1868314	298	20.0
1608581847.18	20000	34.089104	0.0	1253406	202	20.0
1608581847.34	20000	34.932236	0.0	887933	143	20.0
1608581847.54	20000	35.730536	0.0	1153403	186	20.0
1608581847.76	20000	36.512786	0.0	1249023	202	20.0
1608581848.04	20000	37.235606	0.0	1423973	259	20.0
1608581848.27	20000	38.010037	0.0	1060162	210	20.0
1608581848.5	20000	38.780683	0.0	1080597	214	20.0
1608581848.74	20000	39.534615	0.0	1156442	229	20.0
1608581849.28	20000	40.001415	0.0	2222640	511	20.0
1608581849.92	16000	40.355402	0.0	2587311	620	12.0
1608581850.36	16000	40.919233	0.0	2178351	416	16.0
1608581850.85	12000	41.4339	0.0	2412882	460	8.0
1608581851.19	12000	42.090393	0.0	2213643	322	12.0
1608581851.4	12000	42.889154	0.0	1294662	185	12.0
1608581851.64	16000	43.649799	0.0	1531670	218	12.0
1608581851.92	16000	44.366736	0.0	1863424	264	16.0
1608581852.21	20000	45.072743	0.0	1987392	274	16.0
1608581852.59	20000	45.702933	0.0	2505586	346	20.0
1608581853.96	20000	45.333287	0.0	9620218	1310	20.0
1608581854.31	16000	45.983321	0.0	2561608	322	12.0
1608581854.8	16000	46.4923	0.0	3633991	461	16.0
1608581855.29	16000	47.0028	0.0	3324070	461	16.0
1608581855.53	16000	47.761402	0.0	1560020	222	16.0
1608581855.75	16000	48.540422	0.0	1429188	203	16.0
1608581856.04	20000	49.258543	0.0	1754144	263	16.0
1608581856.33	20000	49.969783	0.0	1626020	269	20.0
1608581856.64	20000	50.660957	0.0	1739228	288	20.0
1608581856.94	20000	51.359497	0.0	1722735	282	20.0
1608581857.2	20000	52.102249	0.0	1538145	240	20.0
1608581857.45	20000	52.854051	0.0	1473412	230	20.0
1608581857.7	20000	53.600635	0.0	1498968	233	20.0
1608581858.06	20000	54.238439	0.0	2247334	339	20.0
1608581858.55	20000	54.753662	0.0	3156442	457	20.0
1608581858.85	20000	55.459339	0.0	1895098	274	20.0
1608581859.13	20000	56.175743	0.0	1939135	261	20.0
1608581859.4	20000	56.910854	0.0	1842874	244	20.0
1608581859.72	20000	57.591952	0.0	2235830	297	20.0
1608581860.03	20000	58.276128	0.0	2202171	295	20.0
1608581860.37	20000	58.941686	0.0	2242042	313	20.0
1608581860.53	20000	59.776698	0.0	1081763	149	20.0
1608581861.91	20000	59.651694	0.0	2409013	336	20.0
1608581862.73	20000	59.652656	0.0	1615028	303	20.0
1608581863.53	20000	59.903767	0.0	1413467	282	20.0
1608581864.46	20000	59.904726	0.0	1632450	409	20.0
1608581865.59	16000	59.722401	0.0	5664827	1085	12.0
1608581866.7	12000	59.656625	0.0	3284299	570	8.0
1608581867.42	8000	59.907641	0.0	1031824	200	4.0
1608581868.56	8000	59.908628	0.0	732536	130	8.0
1608581869.69	12000	59.659635	0.0	808459	104	8.0
1608581870.44	16000	59.910721	0.0	1658005	226	12.0
1608581871.45	20000	59.911632	0.0	3055257	480	16.0
1608581872.54	20000	59.784872	0.0	5355572	1048	20.0
1608581873.69	16000	59.663654	0.0	3278424	614	12.0
1608581874.53	12000	59.914719	0.0	1890880	323	8.0
1608581875.43	12000	59.915625	0.0	2005276	378	12.0
1608581876.65	8000	59.916656	0.0	1006183	196	4.0
1608581877.88	12000	59.667707	0.0	1134985	208	8.0
1608581878.41	16000	59.91875	0.0	2869222	503	12.0
1608581879.5	16000	59.919648	0.0	3226650	559	16.0
1608581880.51	16000	59.920706	0.0	2705936	489	16.0
1608581881.55	16000	59.921633	0.0	2998622	508	16.0
1608581882.54	16000	59.922719	0.0	2928342	468	16.0
1608581883.53	12000	59.92374	0.0	2451277	463	8.0
1608581884.38	12000	59.95373	0.0	2690936	823	12.0
1608581885.65	8000	59.925629	0.0	1158554	251	4.0
1608581886.75	8000	59.67662	0.0	873968	78	8.0
1608581887.45	12000	59.927623	0.0	2277016	159	8.0
1608581888.62	12000	59.928628	0.0	2335112	149	12.0
1608581889.85	16000	59.679692	0.0	3002106	201	12.0
1608581890.52	20000	59.930653	0.0	2015412	142	16.0
1608581891.76	20000	59.68171	0.0	2894863	210	20.0
1608581892.46	20000	59.93265	0.0	2185316	182	20.0
1608581893.81	20000	59.683702	0.0	3370605	318	20.0
1608581894.67	20000	59.684665	0.0	3492243	323	20.0
1608581895.79	20000	59.685644	0.0	1307592	108	20.0
1608581896.51	20000	59.936615	0.0	1881404	190	20.0
1608581897.8	20000	59.687657	0.0	1806471	266	20.0
1608581898.6	20000	59.938648	0.0	1945842	273	20.0
1608581899.54	20000	59.939644	0.0	2538877	413	20.0
1608581900.74	20000	59.690624	0.0	2298557	676	20.0
1608581901.35	16000	59.999348	0.0	2831497	587	12.0
1608581902.85	12000	59.692656	0.0	2580724	466	8.0
1608581903.64	8000	59.943631	0.0	1256122	276	4.0
1608581904.83	8000	59.694671	0.0	872352	172	8.0
1608581905.48	12000	59.877339	0.0	1549070	622	8.0
1608581906.44	8000	59.946648	0.0	1004408	445	4.0
1608581907.91	8000	59.697645	0.0	1393009	443	8.0
1608581908.68	8000	59.683887	0.0	1466703	746	8.0
1608581909.5	4000	59.949622	0.0	663404	299	0.0
1608581910.65	4000	59.950634	0.0	662118	133	4.0
1608581911.74	8000	59.701632	0.0	422329	67	4.0
1608581912.86	8000	59.702721	0.0	458857	103	8.0
1608581913.42	8000	59.953623	0.0	318722	51	8.0
1608581914.56	20000	59.954632	0.0	947625	115	8.0
1608581915.7	20000	59.705729	0.0	832859	121	20.0
1608581916.73	20000	59.706662	0.0	151562	21	20.0
1608581917.76	20000	59.707636	0.0	90390	10	20.0
1608581918.77	20000	59.70865	0.0	50278	4	20.0
1608581919.79	12000	59.709664	0.0	24518	3	4.0
1608581920.81	8000	59.710649	0.0	26015	3	4.0
1608581921.12	4000	1.000999	0.014	60629	4	-0.44799999999999995
1608581922.55	20000	1.282744	0.693	11007815	1328	-18.176
1608581923.41	16000	1.639417	0.0	8849724	806	12.0
1608581923.69	16000	2.392626	0.0	3191121	246	16.0
1608581923.82	12000	3.263727	0.0	1379579	105	8.0
1608581923.92	12000	4.166167	0.0	1083781	83	12.0
1608581923.98	16000	5.09818	0.0	698359	52	12.0
1608581924.05	20000	6.030653	0.0	730082	55	16.0
1608581924.4	20000	6.725638	0.0	4047415	318	20.0
1608581924.7	20000	7.433316	0.0	2863079	266	20.0
1608581925.12	20000	8.013078	0.0	4167844	388	20.0
1608581925.67	20000	8.459276	0.0	5571764	514	20.0
1608581926.16	20000	8.969815	0.0	4925652	451	20.0
1608581926.37	20000	9.764761	0.0	2030157	184	20.0
1608581926.56	20000	10.571963	0.0	2240782	172	20.0
1608581926.75	20000	11.381955	0.0	2211169	170	20.0
1608581926.79	20000	12.342197	0.0	382046	28	20.0
1608581926.89	20000	13.243824	0.0	1113969	85	20.0
1608581926.97	20000	14.168694	0.0	820127	62	20.0
1608581927.52	20000	14.620961	0.0	6357933	505	20.0
1608581927.98	20000	15.163488	0.0	4814284	425	20.0
1608581928.3	20000	15.835923	0.0	3419258	298	20.0
1608581928.75	20000	16.387989	0.0	3944328	419	20.0
1608581929.26	20000	16.884911	0.0	4284196	473	20.0
1608581929.7	20000	17.444514	0.0	3022025	413	20.0
1608581930.06	20000	18.087177	0.0	2248581	337	20.0
1608581932.23	20000	16.913315	0.0	9946363	2112	20.0
1608581937.36	8000	12.791559	0.0	7838407	5055	-4.0
1608581937.43	2000	13.717336	0.0	352618	57	-4.0
1608581937.48	2000	14.669141	0.0	355918	36	2.0
1608581937.53	2000	15.622554	0.0	335697	33	2.0
1608581937.57	2000	16.577177	0.0	336592	34	2.0
1608581937.61	2000	17.540041	0.0	257949	25	2.0
1608581937.8	20000	18.355948	0.0	1568649	164	2.0
