1609200751.77	4000	1.000999	0.02	60629	9	-0.3999999999999999
1609200753.46	4000	1.480081	1.141	6594552	1557	-18.82
1609200755.41	8000	1.390069	0.537	7078153	1839	-6.74
1609200756.19	20000	1.636835	0.0	3191121	679	8.0
1609200756.62	20000	2.212339	0.0	1661718	340	20.0
1609200756.96	20000	2.873987	0.0	1315024	258	20.0
1609200757.17	20000	3.659791	0.0	698359	135	20.0
1609200757.39	20000	4.441141	0.0	730082	142	20.0
1609200758.37	20000	4.458817	0.0	4047415	888	20.0
1609200759.08	20000	4.756032	0.0	2863079	609	20.0
1609200760.01	20000	4.829278	0.0	4167844	833	20.0
1609200761.15	20000	4.682051	0.0	5571764	1042	20.0
1609200762.18	20000	4.654058	0.0	4925652	927	20.0
1609200762.65	20000	5.186958	0.0	2030157	385	20.0
1609200763.2	20000	5.637125	0.0	2240782	464	20.0
1609200763.74	20000	6.096564	0.0	2211169	455	20.0
1609200763.9	20000	6.943493	0.0	382046	76	20.0
1609200764.21	20000	7.635217	0.0	1113969	229	20.0
1609200764.46	20000	8.387212	0.0	820127	167	20.0
1609200765.44	20000	8.399514	0.0	6357933	877	20.0
1609200766.11	20000	8.738512	0.0	4814284	560	20.0
1609200766.59	20000	9.251823	0.0	3419258	384	20.0
1609200767.21	20000	9.637008	0.0	3944328	521	20.0
1609200767.86	20000	9.984598	0.0	4284196	558	20.0
1609200768.34	20000	10.511104	0.0	3022025	384	20.0
1609200768.71	20000	11.141534	0.0	2248581	282	20.0
1609200770.01	20000	10.843495	0.0	9946363	1161	20.0
1609200771.49	20000	10.364655	0.0	11684632	1345	20.0
1609200771.78	20000	11.069007	0.0	1849732	206	20.0
1609200772.08	20000	11.773948	0.0	1942795	207	20.0
1609200772.35	20000	12.504201	0.0	1704756	185	20.0
1609200772.62	20000	13.236562	0.0	1697111	184	20.0
1609200772.86	20000	13.999048	0.0	1529441	155	20.0
1609200773.1	20000	14.757395	0.0	1568649	160	20.0
1609200773.35	20000	15.503838	0.0	1677618	171	20.0
1609200773.58	20000	16.277908	0.0	1415096	145	20.0
1609200773.9	20000	16.957888	0.0	1894067	237	20.0
1609200774.14	20000	17.718973	0.0	1186604	159	20.0
1609200774.36	20000	18.497148	0.0	1068386	142	20.0
1609200774.68	20000	19.186708	0.0	1700843	229	20.0
1609200775.14	20000	19.727038	0.0	2536859	373	20.0
1609200775.89	20000	19.974861	0.0	4742872	653	20.0
1609200776.56	20000	20.307138	0.0	4955535	566	20.0
1609200776.78	20000	21.086185	0.0	1260540	139	20.0
1609200777.28	20000	21.589882	0.0	3605246	400	20.0
1609200777.68	20000	22.194353	0.0	2770338	307	20.0
1609200777.97	20000	22.904522	0.0	1855168	206	20.0
1609200778.23	20000	23.637477	0.0	1666915	185	20.0
1609200778.49	20000	24.383334	0.0	1555467	172	20.0
1609200778.68	20000	25.192245	0.0	1008919	111	20.0
1609200778.91	20000	25.968735	0.0	1227619	144	20.0
1609200779.11	20000	26.769665	0.0	1015853	118	20.0
1609200779.23	20000	27.648914	0.0	384076	43	20.0
1609200779.34	20000	28.540468	0.0	295687	33	20.0
1609200779.57	20000	29.303138	0.0	1328674	156	20.0
1609200779.83	20000	30.050784	0.0	1492829	171	20.0
1609200780.08	20000	30.802191	0.0	1484812	167	20.0
1609200780.37	20000	31.507921	0.0	1868314	210	20.0
1609200780.6	20000	32.285597	0.0	1253406	140	20.0
1609200780.78	20000	33.099647	0.0	887933	100	20.0
1609200781.0	20000	33.883188	0.0	1153403	134	20.0
1609200781.23	20000	34.654839	0.0	1249023	146	20.0
1609200781.48	20000	35.405895	0.0	1423973	167	20.0
1609200781.68	20000	36.202369	0.0	1060162	123	20.0
1609200781.96	20000	36.929941	0.0	1080597	191	20.0
1609200782.24	20000	37.644486	0.0	1156442	204	20.0
1609200782.73	20000	38.161153	0.0	2222640	397	20.0
1609200783.3	20000	38.589737	0.0	2587311	482	20.0
1609200783.79	20000	39.106392	0.0	2178351	397	20.0
1609200784.26	20000	39.634205	0.0	3121089	380	20.0
1609200784.7	20000	40.198934	0.0	2857420	347	20.0
1609200785.0	20000	40.897895	0.0	1702477	217	20.0
1609200785.28	20000	41.620773	0.0	1531670	195	20.0
1609200785.6	20000	42.297853	0.0	1863424	237	20.0
1609200786.08	20000	42.813875	0.0	1987392	398	20.0
1609200786.8	20000	43.102888	0.0	2505586	625	20.0
1609200788.29	20000	42.611617	0.0	9620218	1372	20.0
1609200788.68	20000	43.221609	0.0	2561608	302	20.0
1609200789.46	20000	43.443306	0.0	3633991	683	20.0
1609200790.18	20000	43.721299	0.0	3324070	630	20.0
1609200790.55	20000	44.350009	0.0	1560020	290	20.0
1609200790.89	20000	45.014485	0.0	1429188	254	20.0
1609200791.27	20000	45.638783	0.0	1754144	294	20.0
1609200791.62	20000	46.286055	0.0	1626020	271	20.0
1609200792.07	20000	46.835229	0.0	1739228	365	20.0
1609200792.57	20000	47.339244	0.0	1722735	412	20.0
1609200792.96	20000	47.945542	0.0	1538145	309	20.0
1609200793.3	20000	48.613503	0.0	1473412	251	20.0
1609200793.63	20000	49.277839	0.0	1498968	256	20.0
1609200794.01	20000	49.902786	0.0	2247334	289	20.0
1609200794.46	20000	50.457385	0.0	3156442	354	20.0
1609200794.75	20000	51.161763	0.0	1895098	212	20.0
1609200795.04	20000	51.874079	0.0	1939135	203	20.0
1609200795.32	20000	52.596232	0.0	1842874	194	20.0
1609200795.64	20000	53.274516	0.0	2235830	236	20.0
1609200795.98	20000	53.942219	0.0	2202171	245	20.0
1609200796.33	20000	54.592326	0.0	2242042	263	20.0
1609200796.54	20000	55.385065	0.0	1081763	127	20.0
1609200796.92	20000	56.001892	0.0	2409013	293	20.0
1609200797.23	20000	56.689209	0.0	1615028	228	20.0
1609200797.52	20000	57.407179	0.0	1413467	200	20.0
1609200797.83	20000	58.093738	0.0	1632450	231	20.0
1609200798.82	20000	58.105552	0.0	5664827	883	20.0
1609200799.62	20000	58.307163	0.0	4578115	699	20.0
1609200799.98	20000	58.948606	0.0	1783835	273	20.0
1609200800.23	20000	59.696307	0.0	1093613	173	20.0
1609200801.47	20000	59.619229	0.0	975642	152	20.0
1609200802.33	20000	59.62023	0.0	1658005	274	20.0
1609200803.36	20000	59.621261	0.0	3055257	442	20.0
1609200804.21	20000	59.727357	0.0	5355572	744	20.0
1609200805.27	20000	59.873287	0.0	3278424	474	20.0
1609200806.2	20000	59.87429	0.0	2318501	344	20.0
1609200807.22	20000	59.87529	0.0	2473561	428	20.0
1609200808.12	20000	59.876187	0.0	1730311	319	20.0
1609200809.47	20000	59.627323	0.0	1455812	261	20.0
1609200810.02	20000	59.923629	0.0	2869222	458	20.0
1609200811.55	20000	59.629293	0.0	3226650	443	20.0
1609200811.96	20000	59.977972	0.0	2705936	324	20.0
1609200813.36	20000	59.631283	0.0	2998622	309	20.0
1609200814.27	20000	59.882187	0.0	2928342	314	20.0
1609200815.17	20000	59.883288	0.0	3059979	306	20.0
1609200816.54	20000	59.634226	0.0	3367422	284	20.0
1609200817.28	20000	59.834297	0.0	1950694	154	20.0
1609200818.49	20000	59.636286	0.0	1541020	126	20.0
1609200819.38	20000	59.637169	0.0	2926720	293	20.0
1609200820.22	20000	59.725774	0.0	2991202	755	20.0
1609200821.46	20000	59.488617	0.0	3002106	1149	20.0
1609200822.18	20000	59.771941	0.0	2015412	633	20.0
1609200823.12	20000	59.836853	0.0	2894863	846	20.0
1609200824.5	20000	59.642213	0.0	2185316	300	20.0
1609200825.46	20000	59.64319	0.0	3370605	355	20.0
1609200826.09	20000	59.867816	0.0	3492243	540	20.0
1609200827.4	20000	59.645268	0.0	1307592	218	20.0
1609200828.24	20000	59.89626	0.0	1881404	255	20.0
1609200829.54	20000	59.647216	0.0	1806471	210	20.0
1609200830.34	20000	59.648175	0.0	1945842	212	20.0
1609200831.2	20000	59.899238	0.0	2538877	276	20.0
1609200832.09	20000	59.90017	0.0	2298557	295	20.0
1609200833.12	20000	59.901228	0.0	2831497	440	20.0
1609200834.32	20000	59.652235	0.0	3200905	613	20.0
1609200835.45	20000	59.653194	0.0	2180586	539	20.0
1609200835.97	20000	59.996297	0.0	1500505	435	20.0
1609200837.12	20000	59.905216	0.0	1939246	561	20.0
1609200838.09	20000	59.906264	0.0	1599193	383	20.0
1609200839.23	20000	59.907218	0.0	2364826	553	20.0
1609200839.97	20000	59.999154	0.0	2517454	652	20.0
1609200841.4	20000	59.659203	0.0	1883143	345	20.0
1609200842.23	20000	59.910283	0.0	1726706	241	20.0
1609200843.46	20000	59.66129	0.0	707364	149	20.0
1609200844.27	20000	59.911419	0.0	796460	228	20.0
1609200845.44	20000	59.663292	0.0	596962	96	20.0
1609200846.14	20000	59.914281	0.0	947625	114	20.0
1609200847.3	20000	59.915179	0.0	832859	81	20.0
1609200848.4	20000	59.666182	0.0	151562	12	20.0
1609200849.48	20000	59.667199	0.0	90390	7	20.0
1609200850.54	20000	59.668234	0.0	50278	4	20.0
1609200851.09	20000	59.919247	0.0	26471	0	20.0
1609200852.13	20000	59.920179	0.0	40620	3	20.0
1609200852.5	4000	1.000999	0.069	334032	58	-1.38
1609200854.01	4000	1.342487	0.579	6594552	1388	-7.58
1609200855.43	4000	1.30191	0.36	4402139	1322	-3.2
1609200856.35	8000	1.404482	0.0	1798447	826	4.0
1609200857.47	8000	1.290981	0.0	946554	1033	8.0
1609200858.49	16000	1.268892	0.0	1315024	931	8.0
1609200858.82	20000	1.938964	0.0	698359	252	16.0
1609200859.16	20000	2.598325	0.0	730082	265	20.0
1609200859.83	20000	2.931874	0.0	4047415	576	20.0
1609200860.3	20000	3.461831	0.0	2863079	383	20.0
1609200860.84	20000	3.928342	0.0	4167844	436	20.0
1609200861.54	20000	4.223167	0.0	5571764	600	20.0
1609200862.19	20000	4.574572	0.0	4925652	547	20.0
1609200862.49	20000	5.282242	0.0	2030157	209	20.0
1609200862.8	20000	5.965547	0.0	2240782	232	20.0
1609200863.12	20000	6.652007	0.0	2211169	228	20.0
1609200863.23	20000	7.538298	0.0	382046	37	20.0
1609200863.46	20000	8.314289	0.0	1113969	144	20.0
1609200863.64	20000	9.129042	0.0	820127	106	20.0
1609200864.93	20000	8.841213	0.0	6357933	1181	20.0
1609200867.15	20000	7.629285	0.0	4814284	2110	20.0
1609200868.86	20000	6.913266	0.0	3419258	1621	20.0
1609200870.72	20000	6.053215	0.0	3944328	1768	20.0
1609200872.13	16000	5.64869	0.0	4284196	1307	12.0
1609200873.29	16000	5.48579	0.0	3022025	1074	16.0
1609200873.8	20000	5.981017	0.0	2248581	420	16.0
1609200875.17	20000	5.61973	0.0	9946363	1223	20.0
1609200876.48	20000	5.300447	0.0	11684632	1174	20.0
1609200876.75	20000	6.031326	0.0	1849732	184	20.0
1609200877.03	20000	6.751627	0.0	1942795	194	20.0
1609200877.29	20000	7.498513	0.0	1704756	170	20.0
1609200877.53	20000	8.252467	0.0	1697111	163	20.0
1609200877.76	20000	9.02336	0.0	1529441	147	20.0
1609200878.0	20000	9.791492	0.0	1568649	151	20.0
