1609160885.38	4000	1.000999	0.097	60629	87	-1.94
1609160898.17	4000	1.40799	12.176	6594552	12726	-239.52
1609160910.3	8000	1.375713	10.749	7078153	12073	-210.98
1609160911.95	4000	1.274593	0.527	1043358	1630	-10.54
1609160913.46	8000	1.303491	0.534	946554	1485	-6.68
1609160914.89	4000	1.338751	0.463	472646	1409	-9.26
1609160915.9	8000	1.328045	0.0	398693	994	4.0
1609160916.21	4000	2.019772	0.0	222226	290	0.0
1609160920.67	8000	1.304542	2.744	1838971	4432	-50.88
1609160921.53	4000	1.445094	0.0	927735	841	0.0
1609160923.23	8000	1.300994	0.551	2052265	1672	-7.02
1609160924.93	4000	1.353399	0.752	2054811	1674	-15.04
1609160927.52	8000	1.356926	1.595	2879726	2566	-27.9
1609160928.3	4000	1.579954	0.0	898461	760	0.0
1609160930.02	8000	1.454498	0.595	1316661	1702	-7.9
1609160930.64	4000	1.832134	0.0	886614	604	0.0
1609160930.75	8000	2.726647	0.0	150125	91	4.0
1609160931.02	4000	3.450722	0.0	376357	261	0.0
1609160931.21	4000	4.268149	0.0	197626	170	4.0
1609160936.02	8000	1.304214	0.841	4001900	4772	-12.82
1609160940.21	4000	1.396458	3.288	2226527	4172	-65.76
1609160943.35	8000	1.428684	2.166	2083035	3108	-39.32
1609160945.76	4000	1.352038	1.337	1558531	2394	-26.74
1609160949.22	8000	1.439826	2.545	2599148	3430	-46.9
1609160950.5	4000	1.485542	0.326	1433055	1260	-6.52
1609160952.62	8000	1.312511	0.942	1427209	2097	-14.84
1609160957.16	4000	1.256079	3.483	4647286	4498	-69.66
1609160967.28	8000	1.490188	9.36	7838407	10065	-183.2
1609160967.93	4000	1.848853	0.0	764013	623	0.0
1609160968.99	8000	1.787439	0.0	1179779	1041	4.0
1609160969.81	4000	1.966433	0.0	741228	804	0.0
1609160971.66	8000	1.354842	0.232	1086181	1825	-0.6399999999999997
1609160972.22	4000	1.789215	0.0	769288	548	0.0
1609160972.91	8000	2.103662	0.0	1054251	666	4.0
1609160973.57	4000	2.440887	0.0	838056	644	0.0
1609160974.21	4000	2.806722	0.0	709811	617	4.0
1609160975.16	8000	2.854273	0.0	1356524	933	4.0
1609160975.68	4000	3.335341	0.0	576726	501	0.0
1609160976.34	8000	3.679891	0.0	686354	636	4.0
1609160977.22	4000	3.803151	0.0	753582	859	0.0
1609160978.31	4000	3.712385	0.0	1035369	1075	4.0
1609160979.92	8000	3.100759	0.0	1172467	1593	4.0
1609160981.25	4000	2.767925	0.0	876880	1312	0.0
1609160982.18	8000	2.839088	0.0	890138	911	4.0
1609160983.44	4000	2.587349	0.0	1538893	1232	0.0
1609160984.94	8000	2.083909	0.0	1735323	1481	4.0
1609160985.6	4000	2.428733	0.0	770196	638	0.0
1609160986.34	8000	2.687793	0.0	1020736	720	4.0
1609160986.72	4000	3.311465	0.0	663968	360	0.0
1609160987.05	4000	3.975921	0.0	596131	322	4.0
1609160987.59	8000	4.442712	0.0	883591	516	4.0
1609160987.95	4000	5.077123	0.0	561624	350	0.0
1609160988.11	4000	5.915746	0.0	252381	150	4.0
1609160988.24	4000	6.788552	0.0	198847	116	4.0
1609160988.74	4000	7.291967	0.0	672121	482	4.0
1609160989.3	4000	7.730252	0.0	755974	549	4.0
1609160989.92	4000	8.115606	0.0	808254	600	4.0
1609160990.71	4000	8.329131	0.0	848961	773	4.0
1609160991.55	8000	8.483727	0.0	755853	829	4.0
1609160991.88	4000	9.153791	0.0	318027	314	0.0
1609160992.67	8000	9.369491	0.0	632141	767	4.0
1609160993.3	4000	9.739922	0.0	387504	614	0.0
1609160994.34	4000	9.696289	0.0	434147	1022	4.0
1609160994.74	8000	10.304197	0.0	555825	374	4.0
1609160994.99	4000	11.057409	0.0	349575	231	0.0
1609160995.45	8000	11.590855	0.0	579891	449	4.0
1609160996.5	4000	11.544349	0.0	767399	1029	0.0
1609160997.71	4000	11.335303	0.0	838282	1194	4.0
1609160999.35	8000	10.695925	0.0	1137409	1620	4.0
1609161000.38	4000	10.67067	0.0	1110276	1005	0.0
1609161003.38	8000	8.668775	0.0	1582861	2974	4.0
1609161004.31	4000	8.736624	0.0	566069	915	0.0
1609161006.88	8000	7.167573	0.0	798342	2550	4.0
1609161007.83	4000	7.226029	0.0	676507	925	0.0
1609161008.81	8000	7.242997	0.0	1153146	963	4.0
1609161009.53	4000	7.527292	0.0	962786	698	0.0
1609161014.7	8000	3.358938	0.0	5789048	5117	4.0
1609161015.76	4000	3.299939	0.0	1238543	1037	0.0
1609161018.18	8000	1.879013	0.0	2233179	2393	4.0
1609161020.07	4000	1.38479	0.394	1410236	1868	-7.88
1609161020.92	8000	1.532052	0.0	953056	836	4.0
1609161021.32	4000	2.135237	0.0	563159	380	0.0
1609161022.06	8000	2.393661	0.0	1072056	723	4.0
1609161022.55	4000	2.90359	0.0	730895	472	0.0
1609161022.99	4000	3.463975	0.0	731159	425	4.0
1609161023.6	8000	3.862277	0.0	1009563	581	4.0
1609161023.97	4000	4.484469	0.0	621176	360	0.0
1609161024.31	4000	5.149987	0.0	556204	320	4.0
1609161024.67	4000	5.792405	0.0	568078	343	4.0
1609161025.19	4000	6.271485	0.0	747231	508	4.0
1609161025.91	4000	6.555336	0.0	1138250	701	4.0
1609161026.35	4000	7.118973	0.0	724195	421	4.0
1609161026.78	4000	7.680446	0.0	728813	413	4.0
1609161027.17	4000	8.299309	0.0	631476	367	4.0
1609161027.64	4000	8.826054	0.0	728502	459	4.0
1609161028.4	4000	9.063865	0.0	819353	748	4.0
1609161028.99	4000	9.482159	0.0	864484	566	4.0
1609161029.43	8000	10.042547	0.0	675899	423	4.0
1609161030.61	4000	9.864564	0.0	1258285	1158	0.0
1609161031.25	8000	10.218452	0.0	1066218	626	4.0
1609161031.74	4000	10.733679	0.0	743969	466	0.0
1609161032.27	4000	11.208786	0.0	689321	510	4.0
1609161034.13	8000	10.349158	0.0	2424481	1834	4.0
1609161034.53	4000	10.943198	0.0	667445	387	0.0
1609161035.25	8000	11.231603	0.0	1031824	693	4.0
1609161035.63	4000	11.851208	0.0	564053	363	0.0
1609161035.95	4000	12.530324	0.0	493680	305	4.0
1609161036.65	8000	12.835191	0.0	1104267	677	4.0
1609161037.15	4000	13.336019	0.0	878603	480	0.0
1609161037.83	4000	13.655807	0.0	1192759	662	4.0
1609161038.46	4000	14.023416	0.0	1046702	614	4.0
1609161039.04	4000	14.441677	0.0	982243	565	4.0
1609161039.95	8000	14.531998	0.0	1521463	887	4.0
1609161040.37	4000	15.114776	0.0	687087	399	0.0
1609161040.87	8000	15.618649	0.0	831839	476	4.0
1609161041.6	4000	15.885039	0.0	1193260	701	0.0
1609161042.42	4000	16.067877	0.0	1350143	795	4.0
1609161043.6	8000	15.888565	0.0	1618621	1157	4.0
1609161044.55	4000	15.945649	0.0	1231535	921	0.0
1609161045.79	8000	15.705964	0.0	1780068	1216	4.0
1609161046.37	4000	16.123284	0.0	1227805	562	0.0
1609161047.06	4000	16.434171	0.0	1328172	671	4.0
1609161047.72	8000	16.771286	0.0	1158554	642	4.0
1609161048.11	4000	17.389378	0.0	542221	364	0.0
1609161049.31	8000	17.186631	0.0	1651288	1181	4.0
1609161050.05	4000	17.444418	0.0	1080376	723	0.0
1609161050.73	4000	17.766903	0.0	1087843	661	4.0
1609161051.34	8000	18.156962	0.0	1149171	591	4.0
1609161052.1	4000	18.397657	0.0	1086740	741	0.0
1609161052.99	8000	18.512058	0.0	1269548	866	4.0
1609161053.71	4000	18.789232	0.0	1450968	702	0.0
1609161054.64	4000	18.863902	0.0	1535058	906	4.0
1609161055.06	8000	19.444134	0.0	752992	402	4.0
1609161055.5	4000	20.002712	0.0	781150	425	0.0
1609161056.06	8000	20.443109	0.0	1081066	532	4.0
1609161056.46	4000	21.048074	0.0	787496	379	0.0
1609161056.96	4000	21.553735	0.0	1008090	478	4.0
1609161057.42	4000	22.093911	0.0	920901	445	4.0
1609161058.13	4000	22.383582	0.0	1141486	694	4.0
1609161059.0	4000	22.508323	0.0	1305395	857	4.0
1609161059.49	4000	23.025959	0.0	854393	466	4.0
1609161059.79	4000	23.721804	0.0	602217	288	4.0
1609161060.15	4000	24.37009	0.0	819411	335	4.0
1609161060.45	4000	25.068126	0.0	705221	287	4.0
1609161060.77	4000	25.745327	0.0	905448	308	4.0
1609161060.98	4000	26.543091	0.0	951381	186	4.0
1609161061.12	4000	27.39921	0.0	663404	128	4.0
1609161061.26	4000	28.255833	0.0	662118	128	4.0
1609161061.37	8000	29.155866	0.0	422329	80	4.0
1609161061.47	8000	30.054092	0.0	458857	89	8.0
1609161061.54	8000	30.981002	0.0	318722	59	8.0
1609161061.67	8000	31.857366	0.0	566180	109	8.0
1609161061.8	8000	32.730096	0.0	531853	115	8.0
1609161061.84	12000	33.682841	0.0	123294	26	8.0
1609161061.87	12000	34.658639	0.0	70186	13	12.0
1609161061.89	12000	35.641299	0.0	50504	7	12.0
1609161061.9	12000	36.630897	0.0	24518	1	12.0
1609161061.91	8000	37.617117	0.0	26015	2	4.0
1609161062.21	4000	1.000999	0.021	60629	10	-0.41999999999999993
1609161064.26	4000	1.286007	1.324	6594552	1990	-22.48
1609161065.42	4000	1.376065	0.0	4402139	1112	4.0
1609161065.67	4000	2.126419	0.0	1043358	231	4.0
1609161065.8	4000	3.005493	0.0	567502	122	4.0
1609161065.92	4000	3.885784	0.0	472646	106	4.0
1609161066.0	4000	4.813232	0.0	274373	59	4.0
1609161066.06	4000	5.754088	0.0	222226	47	4.0
1609161066.35	4000	6.459419	0.0	1213073	278	4.0
1609161066.58	4000	7.232177	0.0	927735	211	4.0
1609161067.13	8000	7.685994	0.0	2052265	520	4.0
1609161068.04	8000	7.782715	0.0	3005823	878	8.0
1609161069.0	8000	7.812015	0.0	2879726	937	8.0
1609161069.31	8000	8.504676	0.0	1267052	290	8.0
1609161069.63	8000	9.186167	0.0	1316661	302	8.0
1609161070.19	8000	9.631938	0.0	1263534	538	8.0
1609161070.25	4000	10.573505	0.0	90752	42	0.0
1609161070.48	4000	11.346789	0.0	376357	213	4.0
1609161070.6	4000	12.226717	0.0	197626	107	4.0
1609161071.41	4000	12.411901	0.0	2995445	790	4.0
1609161072.23	8000	12.590369	0.0	3029729	794	4.0
1609161072.87	8000	12.952237	0.0	2083035	616	8.0
1609161073.63	8000	13.201499	0.0	2281353	728	8.0
1609161074.27	4000	13.555575	0.0	1856343	622	0.0
1609161074.79	4000	14.041858	0.0	1433055	492	4.0
1609161075.18	4000	14.647008	0.0	1055512	377	4.0
1609161076.74	4000	14.0915	0.0	4647286	1520	4.0
1609161078.29	4000	13.539365	0.0	5615227	1509	4.0
1609161078.5	4000	14.334689	0.0	764013	189	4.0
1609161078.71	4000	15.123418	0.0	795179	197	4.0
