1608509629.28	4000	1.000999	0.019	60629	8	-0.3799999999999999
1608509631.82	20000	1.374902	1.832	11007815	2368	-32.64
1608509633.78	20000	1.341224	0.643	8849724	1839	7.140000000000001
1608509634.6	20000	1.562804	0.0	3191121	726	20.0
1608509635.03	20000	2.130253	0.0	1661718	347	20.0
1608509635.38	20000	2.783505	0.0	1315024	265	20.0
1608509635.6	20000	3.566019	0.0	698359	138	20.0
1608509635.83	20000	4.340952	0.0	730082	145	20.0
1608509636.62	20000	4.543932	0.0	4047415	703	20.0
1608509637.22	20000	4.956117	0.0	2863079	498	20.0
1608509638.03	20000	5.141029	0.0	4167844	712	20.0
1608509639.1	20000	5.073444	0.0	5571764	965	20.0
1608509640.29	20000	4.880543	0.0	4925652	1095	20.0
1608509640.85	20000	5.32228	0.0	2030157	475	20.0
1608509641.39	20000	5.782505	0.0	2240782	453	20.0
1608509641.93	20000	6.245357	0.0	2211169	452	20.0
1608509642.09	20000	7.083437	0.0	382046	85	20.0
1608509642.43	20000	7.746392	0.0	1113969	258	20.0
1608509642.7	20000	8.479504	0.0	820127	188	20.0
1608509644.47	20000	7.711506	0.0	6357933	1662	20.0
1608509645.73	20000	7.451687	0.0	4814284	1153	20.0
1608509646.56	20000	7.615914	0.0	3419258	742	20.0
1608509647.5	20000	7.677763	0.0	3944328	841	20.0
1608509648.53	20000	7.65241	0.0	4284196	927	20.0
1608509649.28	20000	7.907172	0.0	3022025	653	20.0
1608509649.85	20000	8.335862	0.0	2248581	485	20.0
1608509652.47	20000	6.723777	0.0	9946363	2487	20.0
1608509655.05	20000	5.136954	0.0	11684632	2446	20.0
1608509655.43	20000	5.753215	0.0	1849732	300	20.0
1608509655.83	20000	6.354322	0.0	1942795	316	20.0
1608509656.2	20000	6.989604	0.0	1704756	282	20.0
1608509656.57	20000	7.622916	0.0	1697111	284	20.0
1608509656.91	20000	8.284975	0.0	1529441	255	20.0
1608509657.35	20000	8.837909	0.0	1568649	365	20.0
1608509657.83	20000	9.364671	0.0	1677618	391	20.0
1608509658.22	20000	9.968737	0.0	1415096	315	20.0
1608509658.73	20000	10.461118	0.0	1894067	424	20.0
1608509659.06	20000	11.139986	0.0	1186604	240	20.0
1608509659.33	20000	11.869796	0.0	1068386	191	20.0
1608509659.72	20000	12.481091	0.0	1700843	306	20.0
1608509660.29	20000	12.904121	0.0	2536859	489	20.0
1608509661.28	20000	12.918116	0.0	4742872	886	20.0
1608509662.19	20000	13.0121	0.0	4955535	805	20.0
1608509662.49	20000	13.714716	0.0	1260540	216	20.0
1608509663.3	20000	13.899534	0.0	3605246	721	20.0
1608509664.08	20000	14.128813	0.0	2770338	682	20.0
1608509664.49	20000	14.718731	0.0	1855168	319	20.0
1608509664.86	20000	15.348367	0.0	1666915	287	20.0
1608509665.55	20000	15.659995	0.0	1555467	608	20.0
1608509665.87	20000	16.336724	0.0	1008919	243	20.0
1608509666.33	20000	16.876893	0.0	1227619	380	20.0
1608509666.75	20000	17.464368	0.0	1015853	334	20.0
1608509666.94	20000	18.266409	0.0	384076	123	20.0
1608509667.09	20000	19.124289	0.0	295687	67	20.0
1608509667.48	20000	19.730888	0.0	1328674	313	20.0
1608509667.92	20000	20.295398	0.0	1492829	352	20.0
1608509668.2	20000	21.01901	0.0	1484812	194	20.0
1608509668.51	20000	21.704121	0.0	1868314	231	20.0
1608509668.75	20000	22.469255	0.0	1253406	154	20.0
1608509668.94	20000	23.28248	0.0	887933	108	20.0
1608509669.22	20000	24.000039	0.0	1153403	202	20.0
1608509669.53	20000	24.688933	0.0	1249023	229	20.0
1608509669.87	20000	25.346118	0.0	1423973	261	20.0
1608509670.19	20000	26.033549	0.0	1060162	234	20.0
1608509670.55	20000	26.677109	0.0	1080597	277	20.0
1608509670.92	20000	27.300714	0.0	1156442	297	20.0
1608509671.26	20000	27.9631	0.0	2222640	253	20.0
1608509671.62	20000	28.607794	0.0	2587311	269	20.0
1608509671.93	20000	29.296687	0.0	2178351	227	20.0
1608509672.37	20000	29.860545	0.0	3121089	345	20.0
1608509672.78	20000	30.450451	0.0	2857420	321	20.0
1608509673.05	20000	31.176753	0.0	1702477	190	20.0
1608509673.33	20000	31.896642	0.0	1531670	198	20.0
1608509673.66	20000	32.571165	0.0	1863424	241	20.0
1608509674.0	20000	33.230144	0.0	1987392	257	20.0
1608509674.6	20000	33.635642	0.0	2505586	507	20.0
1608509676.81	20000	32.420568	0.0	9620218	2089	20.0
1608509677.51	20000	32.726705	0.0	2561608	603	20.0
1608509678.41	20000	32.824015	0.0	3633991	810	20.0
1608509679.23	20000	33.01181	0.0	3324070	720	20.0
1608509679.67	20000	33.568399	0.0	1560020	359	20.0
1608509680.08	20000	34.158498	0.0	1429188	328	20.0
1608509680.51	20000	34.728751	0.0	1754144	346	20.0
1608509680.92	20000	35.326219	0.0	1626020	320	20.0
1608509681.36	20000	35.880828	0.0	1739228	358	20.0
1608509681.82	20000	36.42938	0.0	1722735	365	20.0
1608509682.21	20000	37.031898	0.0	1538145	313	20.0
1608509682.58	20000	37.666655	0.0	1473412	283	20.0
1608509682.95	20000	38.296449	0.0	1498968	289	20.0
1608509683.5	20000	38.748724	0.0	2247334	457	20.0
1608509684.3	20000	38.950603	0.0	3156442	706	20.0
1608509684.97	20000	39.275541	0.0	1895098	579	20.0
1608509685.65	20000	39.600547	0.0	1939135	589	20.0
1608509686.27	20000	39.983798	0.0	1842874	531	20.0
1608509686.92	20000	40.335678	0.0	2235830	562	20.0
1608509687.61	20000	40.641584	0.0	2202171	606	20.0
1608509688.28	20000	40.974357	0.0	2242042	581	20.0
1608509688.57	20000	41.681587	0.0	1081763	212	20.0
1608509689.14	20000	42.117961	0.0	2409013	476	20.0
1608509689.45	20000	42.805013	0.0	1615028	230	20.0
1608509689.74	20000	43.522835	0.0	1413467	201	20.0
1608509690.05	20000	44.207795	0.0	1632450	233	20.0
1608509690.86	20000	44.396558	0.0	5664827	706	20.0
1608509691.56	20000	44.702981	0.0	4578115	596	20.0
1608509691.89	20000	45.372907	0.0	1783835	237	20.0
1608509692.12	20000	46.144894	0.0	1093613	146	20.0
1608509692.35	20000	46.916947	0.0	975642	145	20.0
1608509692.69	20000	47.580476	0.0	1658005	249	20.0
1608509693.24	20000	48.029146	0.0	3055257	460	20.0
1608509694.14	20000	48.127883	0.0	5355572	797	20.0
1608509694.73	20000	48.542635	0.0	3278424	495	20.0
1608509695.16	20000	49.106805	0.0	2318501	351	20.0
1608509696.01	20000	49.257669	0.0	2473561	761	20.0
1608509696.87	20000	49.401336	0.0	1730311	772	20.0
1608509697.4	20000	49.87483	0.0	1455812	444	20.0
1608509698.07	20000	50.202363	0.0	2869222	580	20.0
1608509698.98	20000	50.291486	0.0	3226650	819	20.0
1608509699.62	20000	50.654242	0.0	2705936	549	20.0
1608509700.29	20000	50.990258	0.0	2998622	575	20.0
1608509701.07	20000	51.207035	0.0	2928342	696	20.0
1608509702.51	20000	50.768849	0.0	3059979	1348	20.0
1608509703.71	20000	50.567099	0.0	3367422	1110	20.0
1608509704.53	20000	50.753848	0.0	1950694	724	20.0
1608509705.15	20000	51.132895	0.0	1541020	537	20.0
1608509705.96	20000	51.324578	0.0	2926720	717	20.0
1608509706.72	20000	51.561583	0.0	2991202	675	20.0
1608509707.45	20000	51.83171	0.0	3002106	644	20.0
1608509707.95	20000	52.332218	0.0	2015412	417	20.0
1608509708.68	20000	52.605466	0.0	2894863	638	20.0
1608509709.27	20000	53.013098	0.0	2185316	503	20.0
1608509710.22	20000	53.069977	0.0	3370605	850	20.0
1608509711.44	20000	52.848517	0.0	3492243	1123	20.0
1608509711.97	20000	53.318681	0.0	1307592	450	20.0
1608509713.1	20000	53.187584	0.0	1881404	1044	20.0
1608509713.8	20000	53.489079	0.0	1806471	616	20.0
1608509714.55	20000	53.743451	0.0	1945842	663	20.0
1608509715.56	20000	53.731557	0.0	2538877	925	20.0
1608509716.23	20000	54.063802	0.0	2298557	578	20.0
1608509716.93	20000	54.371799	0.0	2831497	601	20.0
1608509717.5	20000	54.79332	0.0	3200905	489	20.0
1608509717.81	20000	55.492681	0.0	2180586	215	20.0
1608509718.04	20000	56.26234	0.0	1500505	147	20.0
1608509718.32	20000	56.987086	0.0	1939246	191	20.0
1608509718.62	20000	57.684315	0.0	1599193	212	20.0
1608509719.02	20000	58.282776	0.0	2364826	317	20.0
1608509719.42	20000	58.885112	0.0	2517454	313	20.0
1608509719.69	20000	59.611114	0.0	1883143	191	20.0
1608509720.45	20000	59.913	0.0	1726706	174	20.0
1608509721.6	20000	59.914045	0.0	707364	71	20.0
1608509722.79	20000	59.665083	0.0	796460	107	20.0
1608509723.45	20000	59.915971	0.0	596962	79	20.0
1608509724.63	20000	59.917085	0.0	947625	94	20.0
1608509725.78	20000	59.667995	0.0	832859	61	20.0
1608509726.87	20000	59.668991	0.0	151562	10	20.0
1608509727.44	20000	59.920002	0.0	90390	6	20.0
1608509728.5	20000	59.920985	0.0	50278	1	20.0
1608509729.55	20000	59.92201	0.0	26471	4	20.0
1608509730.59	20000	59.922994	0.0	40620	4	20.0
1608509731.05	4000	1.000999	0.137	334032	125	-2.74
1608509731.75	2000	1.586435	0.0	1072422	599	0.0
1608509732.63	2000	1.701761	0.0	1121405	801	2.0
1608509733.04	2000	2.294431	0.0	728514	330	2.0
1608509733.64	8000	2.693333	0.0	946554	518	2.0
1608509734.34	8000	2.989952	0.0	768486	627	8.0
1608509734.54	8000	3.791044	0.0	398693	121	8.0
1608509734.73	8000	4.605878	0.0	358785	109	8.0
1608509735.9	12000	4.659556	0.0	2514829	1072	8.0
1608509736.63	12000	4.933381	0.0	1861181	640	12.0
1608509737.1	12000	5.465136	0.0	2835412	380	12.0
1608509737.7	20000	5.862394	0.0	5571764	483	12.0
1608509738.09	20000	6.470961	0.0	4925652	292	20.0
1608509738.3	20000	7.266432	0.0	2030157	121	20.0
1608509738.52	20000	8.047106	0.0	2240782	134	20.0
1608509738.74	20000	8.823761	0.0	2211169	138	20.0
1608509738.85	20000	9.714302	0.0	382046	22	20.0
1608509739.0	20000	10.566804	0.0	1113969	69	20.0
1608509739.13	20000	11.438599	0.0	820127	50	20.0
1608509739.66	20000	11.908078	0.0	6357933	415	20.0
1608509740.11	20000	12.46522	0.0	4814284	340	20.0
1608509740.44	20000	13.13119	0.0	3419258	241	20.0
1608509740.95	20000	13.621229	0.0	3944328	415	20.0
1608509741.5	20000	14.072434	0.0	4284196	452	20.0
1608509741.95	20000	14.624006	0.0	3022025	359	20.0
1608509742.31	20000	15.270617	0.0	2248581	266	20.0
1608509743.66	20000	14.922688	0.0	9946363	1195	20.0
1608509745.39	20000	14.189136	0.0	11684632	1600	20.0
1608509745.64	20000	14.938401	0.0	1849732	166	20.0
1608509745.89	20000	15.688164	0.0	1942795	166	20.0
1608509746.12	20000	16.460145	0.0	1704756	145	20.0
1608509746.35	20000	17.233396	0.0	1697111	145	20.0
1608509746.56	20000	18.020621	0.0	1529441	130	20.0
1608509746.78	20000	18.802232	0.0	1568649	134	20.0
