1609155111.99	4000	1.000999	0.015	60629	6	-0.2999999999999998
1609155113.01	4000	1.250413	0.24	6594552	948	-0.7999999999999998
1609155113.75	4000	1.731214	0.0	4402139	706	4.0
1609155113.92	4000	2.560168	0.0	1043358	155	4.0
1609155114.08	8000	3.501723	0.0	946554	138	4.0
1609155114.21	8000	4.374496	0.0	768486	112	8.0
1609155114.28	8000	5.305759	0.0	398693	57	8.0
1609155114.34	8000	6.242347	0.0	358785	51	8.0
1609155114.64	8000	6.966921	0.0	1838971	272	8.0
1609155114.95	12000	7.656364	0.0	1861181	283	8.0
1609155115.44	12000	8.16266	0.0	2835412	462	12.0
1609155116.07	12000	8.533253	0.0	4074608	597	12.0
1609155116.59	12000	9.017103	0.0	3844696	485	12.0
1609155116.82	12000	9.79371	0.0	1630440	204	12.0
1609155117.04	12000	10.567003	0.0	1712120	208	12.0
1609155117.34	16000	11.270037	0.0	2211169	270	12.0
1609155117.4	16000	12.210895	0.0	382046	44	16.0
1609155117.55	16000	13.060626	0.0	1113969	135	16.0
1609155117.67	16000	13.94836	0.0	820127	99	16.0
1609155118.52	16000	14.091755	0.0	6357933	816	16.0
1609155119.13	16000	14.485868	0.0	4814284	571	16.0
1609155119.53	16000	15.087232	0.0	3419258	369	16.0
1609155119.98	20000	15.640913	0.0	3944328	417	16.0
1609155120.44	20000	16.178881	0.0	4284196	430	20.0
1609155120.77	20000	16.850216	0.0	3022025	303	20.0
1609155121.02	20000	17.598463	0.0	2248581	230	20.0
1609155122.18	20000	17.441353	0.0	9946363	1081	20.0
1609155123.55	20000	17.077761	0.0	11684632	1283	20.0
1609155123.75	16000	17.873197	0.0	1849732	175	12.0
1609155123.95	16000	18.672192	0.0	1942795	179	16.0
1609155124.12	16000	19.50718	0.0	1704756	145	16.0
1609155124.28	16000	20.342901	0.0	1697111	145	16.0
1609155124.43	16000	21.194925	0.0	1529441	131	16.0
1609155124.59	16000	22.043628	0.0	1568649	134	16.0
1609155124.75	16000	22.881388	0.0	1677618	143	16.0
1609155124.89	20000	23.742881	0.0	1415096	121	16.0
1609155125.11	20000	24.520443	0.0	1894067	204	20.0
1609155125.26	20000	25.377292	0.0	1186604	127	20.0
1609155125.39	20000	26.248325	0.0	1068386	114	20.0
1609155125.59	20000	27.047733	0.0	1700843	183	20.0
1609155125.89	20000	27.74562	0.0	2536859	272	20.0
1609155126.39	20000	28.245763	0.0	4742872	465	20.0
1609155126.91	20000	28.726583	0.0	4955535	486	20.0
1609155127.05	20000	29.589205	0.0	1260540	120	20.0
1609155127.43	20000	30.21349	0.0	3605246	349	20.0
1609155127.72	20000	30.920677	0.0	2770338	268	20.0
1609155127.93	20000	31.713711	0.0	1855168	187	20.0
1609155128.25	20000	32.394989	0.0	1666915	300	20.0
1609155128.55	20000	33.097541	0.0	1555467	279	20.0
1609155128.74	20000	33.900823	0.0	1008919	179	20.0
1609155128.95	20000	34.699875	0.0	1227619	185	20.0
1609155129.07	20000	35.587418	0.0	1015853	96	20.0
1609155129.12	20000	36.532438	0.0	384076	35	20.0
1609155129.16	20000	37.492261	0.0	295687	27	20.0
1609155129.3	20000	38.350069	0.0	1328674	126	20.0
1609155129.46	20000	39.19025	0.0	1492829	142	20.0
1609155129.62	20000	40.029201	0.0	1484812	141	20.0
1609155129.82	20000	40.830214	0.0	1868314	178	20.0
1609155129.98	20000	41.677579	0.0	1253406	135	20.0
1609155130.11	20000	42.541933	0.0	887933	119	20.0
1609155130.3	20000	43.367766	0.0	1153403	156	20.0
1609155130.49	20000	44.170169	0.0	1249023	168	20.0
1609155130.7	20000	44.960119	0.0	1423973	193	20.0
1609155130.86	20000	45.801055	0.0	1060162	143	20.0
1609155130.99	20000	46.669295	0.0	1080597	115	20.0
1609155131.12	20000	47.541092	0.0	1156442	111	20.0
1609155131.36	20000	48.305941	0.0	2222640	215	20.0
1609155131.63	20000	49.03139	0.0	2587311	250	20.0
1609155131.87	20000	49.79985	0.0	2178351	210	20.0
1609155132.23	20000	50.439702	0.0	3121089	335	20.0
1609155132.56	20000	51.10305	0.0	2857420	313	20.0
1609155132.77	20000	51.896853	0.0	1702477	185	20.0
1609155132.97	20000	52.698009	0.0	1531670	180	20.0
1609155133.34	20000	53.327005	0.0	1863424	351	20.0
1609155133.74	20000	53.931199	0.0	1987392	374	20.0
1609155134.16	20000	54.514484	0.0	2505586	394	20.0
1609155135.52	20000	54.153561	0.0	9620218	1302	20.0
1609155135.88	16000	54.794179	0.0	2561608	333	12.0
1609155136.36	16000	55.311037	0.0	3633991	453	16.0
1609155136.81	16000	55.869454	0.0	3324070	413	16.0
1609155137.02	16000	56.654619	0.0	1560020	196	16.0
1609155137.23	16000	57.44673	0.0	1429188	191	16.0
1609155137.49	16000	58.191126	0.0	1754144	234	16.0
1609155137.73	16000	58.954052	0.0	1626020	217	16.0
1609155137.98	16000	59.702272	0.0	1739228	230	16.0
1609155139.21	16000	59.655238	0.0	1722735	207	16.0
1609155139.95	16000	59.906239	0.0	1538145	219	16.0
1609155141.19	16000	59.657259	0.0	1473412	219	16.0
1609155141.95	20000	59.908234	0.0	1498968	243	16.0
1609155142.81	20000	59.909221	0.0	2247334	325	20.0
1609155143.85	20000	59.910242	0.0	3156442	513	20.0
1609155145.25	20000	59.661237	0.0	1895098	371	20.0
1609155146.55	20000	59.139747	0.0	1939135	1277	20.0
1609155147.07	16000	59.624912	0.0	1842874	495	12.0
1609155147.81	12000	59.91424	0.0	1714252	217	8.0
1609155148.99	8000	59.915237	0.0	1236644	157	4.0
1609155150.16	4000	59.666241	0.0	864484	146	0.0
1609155151.26	4000	59.667235	0.0	496044	87	4.0
1609155152.03	4000	59.668261	0.0	1258285	253	4.0
1609155153.24	4000	59.669239	0.0	818447	186	4.0
1609155153.91	4000	59.920243	0.0	743969	155	4.0
1609155155.14	8000	59.671233	0.0	970495	209	4.0
1609155156.17	8000	59.672245	0.0	2424481	503	8.0
1609155157.07	8000	59.673237	0.0	1902440	384	8.0
1609155157.79	8000	59.924243	0.0	1031824	193	8.0
1609155158.94	8000	59.925149	0.0	732536	135	8.0
1609155160.12	12000	59.676248	0.0	808459	160	8.0
1609155161.28	12000	59.419897	0.0	1370506	1140	12.0
1609155162.06	8000	59.67823	0.0	1592936	249	4.0
1609155163.23	4000	59.679235	0.0	1192759	149	0.0
1609155163.87	4000	59.930237	0.0	1046702	127	4.0
1609155165.01	4000	59.931232	0.0	982243	120	4.0
1609155166.16	4000	59.682246	0.0	1004344	126	4.0
1609155167.26	4000	59.683239	0.0	687087	79	4.0
1609155167.83	4000	59.934219	0.0	564465	63	4.0
1609155168.99	4000	59.935228	0.0	1193260	137	4.0
1609155170.25	8000	59.685884	0.0	1969173	226	4.0
1609155170.98	8000	59.937243	0.0	1618621	209	8.0
1609155172.24	8000	59.688254	0.0	1825708	238	8.0
1609155173.0	8000	59.880035	0.0	1780068	242	8.0
1609155174.28	8000	59.440237	0.0	1844656	250	8.0
1609155175.16	12000	59.691228	0.0	2690936	354	8.0
1609155175.9	12000	59.942247	0.0	1552444	209	12.0
1609155177.08	12000	59.693091	0.0	1207957	163	12.0
1609155177.84	12000	59.885323	0.0	2277016	730	12.0
1609155178.92	12000	59.94524	0.0	2335112	558	12.0
1609155179.8	12000	59.946247	0.0	2348675	362	12.0
1609155181.16	12000	59.697248	0.0	1575943	334	12.0
1609155182.16	12000	59.698234	0.0	2268474	477	12.0
1609155182.98	8000	59.949241	0.0	1269548	298	4.0
1609155184.11	8000	59.70025	0.0	2108361	608	8.0
1609155185.15	8000	59.701225	0.0	2206878	517	8.0
1609155185.85	8000	59.952244	0.0	752992	174	8.0
1609155187.16	8000	59.70323	0.0	1143645	294	8.0
1609155188.04	12000	59.704235	0.0	1446069	357	8.0
1609155189.0	12000	59.955232	0.0	1560727	434	12.0
1609155189.9	12000	59.837036	0.0	2029094	878	12.0
1609155191.3	8000	59.432873	0.0	1397801	1383	4.0
1609155192.14	4000	59.708253	0.0	1141486	312	0.0
1609155192.97	8000	59.950132	0.0	1955680	306	4.0
1609155194.09	4000	59.710249	0.0	854393	99	0.0
1609155195.21	4000	59.711219	0.0	602217	103	4.0
1609155195.85	4000	59.96223	0.0	819411	126	4.0
1609155196.97	4000	59.963235	0.0	705221	102	4.0
1609155198.13	4000	59.714229	0.0	905448	143	4.0
1609155198.78	4000	59.965234	0.0	951381	128	4.0
1609155199.95	8000	59.966231	0.0	1060685	151	4.0
1609155201.09	8000	59.717164	0.0	1011581	121	8.0
1609155202.15	8000	59.718219	0.0	422329	42	8.0
1609155203.21	8000	59.719222	0.0	458857	45	8.0
1609155204.26	8000	59.720233	0.0	318722	33	8.0
1609155204.87	12000	59.971224	0.0	748394	86	8.0
1609155205.97	12000	59.972233	0.0	676139	85	12.0
1609155207.0	12000	59.973175	0.0	123294	17	12.0
1609155208.02	12000	59.974227	0.0	70186	6	12.0
1609155209.04	12000	59.725224	0.0	50504	4	12.0
1609155210.06	12000	59.726234	0.0	24518	5	12.0
1609155211.07	8000	59.727227	0.0	26015	1	4.0
1609155211.38	4000	1.000999	0.022	60629	11	-0.43999999999999995
1609155212.84	4000	1.290231	0.726	6594552	1388	-10.52
1609155213.72	4000	1.628899	0.0	4402139	844	4.0
1609155213.96	4000	2.423159	0.0	1043358	226	4.0
1609155214.19	8000	3.193855	0.0	946554	203	4.0
1609155214.38	8000	4.028516	0.0	768486	165	8.0
1609155214.48	8000	4.929682	0.0	398693	83	8.0
1609155214.57	8000	5.837295	0.0	358785	80	8.0
1609155215.02	8000	6.395544	0.0	1838971	423	8.0
1609155215.36	8000	7.052765	0.0	1382199	317	8.0
1609155215.8	8000	7.611654	0.0	2052265	419	8.0
1609155216.63	12000	7.784348	0.0	4074608	791	8.0
1609155217.31	12000	8.096561	0.0	3844696	654	12.0
1609155217.66	12000	8.751062	0.0	1630440	326	12.0
1609155218.06	12000	9.348541	0.0	1712120	383	12.0
1609155218.45	12000	9.961556	0.0	1662097	368	12.0
1609155218.52	12000	10.897372	0.0	243072	52	12.0
1609155218.71	12000	11.703041	0.0	793783	180	12.0
1609155218.85	12000	12.570258	0.0	531720	119	12.0
1609155220.06	12000	12.354892	0.0	5045162	1180	12.0
1609155221.06	12000	12.360389	0.0	3858422	964	12.0
1609155221.65	8000	12.770644	0.0	2083035	556	4.0
1609155222.35	8000	13.070984	0.0	2281353	677	8.0
1609155223.16	4000	13.258954	0.0	1856343	789	0.0
1609155223.66	4000	13.761293	0.0	1433055	481	4.0
1609155223.93	4000	14.496636	0.0	1055512	248	4.0
1609155225.23	4000	14.191823	0.0	4647286	1269	4.0
1609155226.71	4000	13.716655	0.0	5615227	1433	4.0
1609155226.97	4000	14.46037	0.0	764013	240	4.0
1609155227.23	4000	15.195956	0.0	795179	250	4.0
1609155227.48	4000	15.950032	0.0	741228	233	4.0
1609155227.71	4000	16.717597	0.0	760332	217	4.0
