1608637717.48	4000	1.000999	0.013	60629	4	-0.4159999999999999
1608637718.52	16000	1.384739	0.345	11007815	934	-7.039999999999999
1608637719.28	16000	1.856843	0.0	8849724	697	16.0
1608637719.56	16000	2.577836	0.0	3191121	251	16.0
1608637719.71	16000	3.454566	0.0	1661718	127	16.0
1608637719.83	16000	4.335412	0.0	1315024	102	16.0
1608637719.9	16000	5.267273	0.0	698359	53	16.0
1608637719.97	16000	6.196026	0.0	730082	56	16.0
1608637720.32	16000	6.871845	0.0	4047415	318	16.0
1608637720.57	16000	7.620544	0.0	2863079	227	16.0
1608637720.93	16000	8.257509	0.0	4167844	330	16.0
1608637721.42	16000	8.77637	0.0	5571764	442	16.0
1608637721.84	16000	9.351577	0.0	4925652	391	16.0
1608637722.03	16000	10.163836	0.0	2030157	160	16.0
1608637722.23	16000	10.967013	0.0	2240782	177	16.0
1608637722.43	16000	11.765465	0.0	2211169	180	16.0
1608637722.47	16000	12.722393	0.0	382046	30	16.0
1608637722.58	16000	13.614448	0.0	1113969	93	16.0
1608637722.67	16000	14.532485	0.0	820127	68	16.0
1608637723.25	16000	14.953693	0.0	6357933	536	16.0
1608637723.69	16000	15.511093	0.0	4814284	408	16.0
1608637724.01	16000	16.192819	0.0	3419258	290	16.0
1608637724.37	16000	16.830048	0.0	3944328	333	16.0
1608637724.75	16000	17.449066	0.0	4284196	350	16.0
1608637725.03	16000	18.176025	0.0	3022025	246	16.0
1608637725.24	16000	18.97042	0.0	2248581	183	16.0
1608637726.35	16000	18.854978	0.0	9946363	1045	16.0
1608637727.6	16000	18.611882	0.0	11684632	1175	16.0
1608637727.78	16000	19.42424	0.0	1849732	167	16.0
1608637727.98	16000	20.229785	0.0	1942795	175	16.0
1608637728.15	16000	21.056664	0.0	1704756	153	16.0
1608637728.33	16000	21.886391	0.0	1697111	153	16.0
1608637728.47	16000	22.739582	0.0	1529441	129	16.0
1608637728.62	16000	23.589915	0.0	1568649	133	16.0
1608637728.79	16000	24.428737	0.0	1677618	142	16.0
1608637728.92	16000	25.29313	0.0	1415096	119	16.0
1608637729.11	16000	26.112842	0.0	1894067	160	16.0
1608637729.23	16000	26.990004	0.0	1186604	98	16.0
1608637729.34	16000	27.882846	0.0	1068386	90	16.0
1608637729.49	16000	28.726884	0.0	1700843	138	16.0
1608637729.73	16000	29.495752	0.0	2536859	206	16.0
1608637730.15	16000	30.070724	0.0	4742872	388	16.0
1608637730.61	16000	30.616327	0.0	4955535	419	16.0
1608637730.74	16000	31.482955	0.0	1260540	108	16.0
1608637731.08	16000	32.141746	0.0	3605246	313	16.0
1608637731.35	16000	32.876252	0.0	2770338	241	16.0
1608637731.51	16000	33.714779	0.0	1855168	142	16.0
1608637731.66	16000	34.568602	0.0	1666915	127	16.0
1608637731.8	16000	35.431104	0.0	1555467	118	16.0
1608637731.89	16000	36.339185	0.0	1008919	77	16.0
1608637732.0	16000	37.228569	0.0	1227619	93	16.0
1608637732.09	16000	38.137129	0.0	1015853	77	16.0
1608637732.14	16000	39.095641	0.0	384076	28	16.0
1608637732.17	16000	40.0618	0.0	295687	21	16.0
1608637732.29	16000	40.945928	0.0	1328674	101	16.0
1608637732.43	16000	41.810397	0.0	1492829	118	16.0
1608637732.57	16000	42.666802	0.0	1484812	125	16.0
1608637732.75	16000	43.489789	0.0	1868314	157	16.0
1608637732.87	16000	44.367903	0.0	1253406	105	16.0
1608637732.96	16000	45.279134	0.0	887933	75	16.0
1608637733.07	16000	46.16564	0.0	1153403	97	16.0
1608637733.2	16000	47.037343	0.0	1249023	105	16.0
1608637733.34	16000	47.900007	0.0	1423973	120	16.0
1608637733.46	16000	48.787818	0.0	1060162	95	16.0
1608637733.57	16000	49.674254	0.0	1080597	98	16.0
1608637733.69	16000	50.55342	0.0	1156442	105	16.0
1608637733.92	16000	51.329293	0.0	2222640	203	16.0
1608637734.18	16000	52.070392	0.0	2587311	236	16.0
1608637734.4	16000	52.853177	0.0	2178351	195	16.0
1608637734.69	16000	53.564001	0.0	3121089	250	16.0
1608637734.94	16000	54.311906	0.0	2857420	228	16.0
1608637735.09	16000	55.156955	0.0	1702477	135	16.0
1608637735.24	16000	56.01723	0.0	1531670	122	16.0
1608637735.4	16000	56.849985	0.0	1863424	148	16.0
1608637735.58	16000	57.677363	0.0	1987392	154	16.0
1608637735.8	16000	58.460841	0.0	2505586	195	16.0
1608637736.59	16000	58.66274	0.0	9620218	742	16.0
1608637736.81	16000	59.447532	0.0	2561608	189	16.0
1608637737.61	16000	59.836671	0.0	3633991	268	16.0
1608637738.88	16000	59.587709	0.0	3324070	243	16.0
1608637739.52	16000	59.838723	0.0	1560020	111	16.0
1608637740.65	16000	59.839686	0.0	1429188	111	16.0
1608637741.79	16000	59.590688	0.0	1754144	121	16.0
1608637742.92	16000	59.591715	0.0	1626020	105	16.0
1608637743.55	16000	59.842699	0.0	1739228	111	16.0
1608637744.68	16000	59.593678	0.0	1722735	106	16.0
1608637745.8	16000	59.594687	0.0	1538145	101	16.0
1608637746.92	16000	59.595679	0.0	1473412	97	16.0
1608637747.54	16000	59.846777	0.0	1498968	102	16.0
1608637748.72	16000	59.597738	0.0	2247334	158	16.0
1608637749.5	16000	59.848678	0.0	3156442	248	16.0
1608637750.68	16000	59.59971	0.0	1895098	162	16.0
1608637751.87	16000	59.600776	0.0	1939135	171	16.0
1608637752.59	16000	59.851788	0.0	1842874	199	16.0
1608637753.84	16000	59.602783	0.0	2235830	227	16.0
1608637754.6	16000	59.853765	0.0	2202171	234	16.0
1608637755.42	16000	59.854767	0.0	2242042	301	16.0
1608637756.59	16000	59.855708	0.0	1081763	146	16.0
1608637757.86	16000	59.606749	0.0	2409013	244	16.0
1608637758.57	16000	59.85771	0.0	1615028	193	16.0
1608637759.77	16000	59.608724	0.0	1413467	179	16.0
1608637760.48	16000	59.859698	0.0	1632450	184	16.0
1608637761.62	16000	59.86069	0.0	5664827	601	16.0
1608637762.7	16000	59.611743	0.0	4578115	545	16.0
1608637763.44	16000	59.86266	0.0	1783835	211	16.0
1608637764.59	16000	59.863766	0.0	1093613	132	16.0
1608637765.74	16000	59.614699	0.0	975642	136	16.0
1608637766.46	16000	59.865775	0.0	1658005	199	16.0
1608637767.47	16000	59.86671	0.0	3055257	477	16.0
1608637768.51	16000	59.778044	0.0	5355572	1002	16.0
1608637769.45	16000	59.868726	0.0	3278424	405	16.0
1608637770.85	16000	59.619751	0.0	2318501	375	16.0
1608637771.33	16000	59.966229	0.0	2473561	456	16.0
1608637772.65	16000	59.871737	0.0	1730311	302	16.0
1608637773.82	16000	59.62276	0.0	1455812	150	16.0
1608637774.63	16000	59.844996	0.0	2869222	283	16.0
1608637775.5	16000	59.87472	0.0	3226650	344	16.0
1608637776.8	16000	59.625678	0.0	2705936	267	16.0
1608637777.63	16000	59.876788	0.0	2998622	308	16.0
1608637778.48	16000	59.877807	0.0	2928342	325	16.0
1608637779.89	16000	59.628765	0.0	3059979	380	16.0
1608637780.64	16000	59.879807	0.0	3367422	224	16.0
1608637781.83	16000	59.630773	0.0	1950694	164	16.0
1608637782.36	16000	59.946953	0.0	1541020	509	16.0
1608637783.84	16000	59.632719	0.0	2926720	455	16.0
1608637784.53	16000	59.88373	0.0	2991202	164	16.0
1608637785.72	16000	59.634762	0.0	3002106	164	16.0
1608637786.87	16000	59.635662	0.0	2015412	122	16.0
1608637787.53	16000	59.886761	0.0	2894863	140	16.0
1608637788.66	16000	59.887765	0.0	2185316	106	16.0
1608637789.85	16000	59.63879	0.0	3370605	155	16.0
1608637790.53	16000	59.889715	0.0	3492243	143	16.0
1608637791.6	16000	59.890776	0.0	1307592	53	16.0
1608637792.72	16000	59.641748	0.0	1881404	104	16.0
1608637793.85	16000	59.642771	0.0	1806471	104	16.0
1608637794.48	16000	59.893771	0.0	1945842	108	16.0
1608637795.64	16000	59.894719	0.0	2538877	141	16.0
1608637796.8	16000	59.645712	0.0	2298557	127	16.0
1608637797.52	16000	59.896779	0.0	2831497	200	16.0
1608637798.78	16000	59.647771	0.0	3200905	226	16.0
1608637799.46	16000	59.898735	0.0	2180586	159	16.0
1608637800.59	16000	59.899688	0.0	1500505	109	16.0
1608637801.72	16000	59.650779	0.0	1939246	106	16.0
1608637802.84	16000	59.651735	0.0	1599193	96	16.0
1608637803.52	16000	59.902757	0.0	2364826	164	16.0
1608637804.73	16000	59.653742	0.0	2517454	174	16.0
1608637805.44	16000	59.904756	0.0	1883143	190	16.0
1608637806.67	16000	59.905681	0.0	1726706	201	16.0
1608637807.74	16000	59.656716	0.0	707364	57	16.0
1608637808.87	16000	59.657703	0.0	796460	116	16.0
1608637809.47	16000	59.908682	0.0	596962	78	16.0
1608637810.61	16000	59.909679	0.0	947625	124	16.0
1608637811.7	16000	59.660654	0.0	832859	74	16.0
1608637812.73	16000	59.661683	0.0	151562	13	16.0
1608637813.75	16000	59.66272	0.0	90390	9	16.0
1608637814.77	16000	59.66369	0.0	50278	4	16.0
1608637815.79	16000	59.664688	0.0	26471	3	16.0
1608637816.8	16000	59.665707	0.0	40620	1	16.0
1608637817.15	4000	1.000999	0.059	335737	48	-1.888
1608637818.63	16000	1.335047	0.539	11007815	1376	-13.248000000000001
1608637819.39	16000	1.574477	0.0	8849724	705	16.0
1608637819.65	16000	2.383221	0.0	3191121	223	16.0
1608637819.79	16000	3.245553	0.0	1661718	116	16.0
1608637819.9	16000	4.126614	0.0	1315024	91	16.0
1608637819.96	16000	5.074497	0.0	698359	38	16.0
1608637820.01	16000	6.020505	0.0	730082	41	16.0
1608637820.27	16000	6.792941	0.0	4047415	230	16.0
1608637820.46	16000	7.605628	0.0	2863079	162	16.0
1608637820.73	16000	8.337287	0.0	4167844	236	16.0
1608637821.11	16000	8.958454	0.0	5571764	341	16.0
1608637821.47	16000	9.596811	0.0	4925652	329	16.0
1608637821.62	16000	10.442815	0.0	2030157	135	16.0
1608637821.8	16000	11.272537	0.0	2240782	148	16.0
1608637821.96	16000	12.108906	0.0	2211169	143	16.0
1608637822.0	16000	13.073586	0.0	382046	22	16.0
1608637822.08	16000	13.992355	0.0	1113969	65	16.0
1608637822.14	16000	14.930088	0.0	820127	49	16.0
1608637822.57	16000	15.504071	0.0	6357933	379	16.0
1608637822.89	16000	16.183074	0.0	4814284	287	16.0
1608637823.12	16000	16.958545	0.0	3419258	194	16.0
1608637823.37	16000	17.702773	0.0	3944328	226	16.0
1608637823.65	16000	18.424146	0.0	4284196	244	16.0
1608637823.85	16000	19.22716	0.0	3022025	173	16.0
1608637824.01	16000	20.072704	0.0	2248581	134	16.0
1608637824.71	16000	20.372543	0.0	9946363	639	16.0
1608637825.36	16000	20.723781	0.0	11684632	581	16.0
1608637825.47	16000	21.621906	0.0	1849732	81	16.0
1608637825.57	16000	22.509395	0.0	1942795	84	16.0
1608637825.67	16000	23.414537	0.0	1704756	74	16.0
1608637825.76	16000	24.322206	0.0	1697111	73	16.0
1608637825.85	16000	25.238778	0.0	1529441	66	16.0
1608637825.93	16000	26.152692	0.0	1568649	68	16.0
