1608565905.88	4000	1.000999	0.012	60629	2	-0.3839999999999999
1608565906.72	20000	1.361095	0.145	11007815	741	-0.6400000000000006
1608565907.35	20000	1.957665	0.0	8849724	554	20.0
1608565907.57	20000	2.729337	0.0	3191121	199	20.0
1608565907.7	16000	3.608745	0.0	1661718	103	12.0
1608565907.79	16000	4.566774	0.0	1315024	79	16.0
1608565907.85	20000	5.560841	0.0	698359	42	16.0
1608565907.91	20000	6.503696	0.0	730082	44	20.0
1608565908.18	20000	7.227047	0.0	4047415	248	20.0
1608565908.38	20000	8.028308	0.0	2863079	175	20.0
1608565908.67	20000	8.760707	0.0	4167844	256	20.0
1608565909.05	20000	9.381669	0.0	5571764	338	20.0
1608565909.39	20000	10.041764	0.0	4925652	296	20.0
1608565909.54	20000	10.898958	0.0	2030157	123	20.0
1608565909.69	20000	11.742074	0.0	2240782	135	20.0
1608565909.85	20000	12.585452	0.0	2211169	134	20.0
1608565909.89	20000	13.547817	0.0	382046	23	20.0
1608565909.98	20000	14.463831	0.0	1113969	69	20.0
1608565910.04	20000	15.399689	0.0	820127	50	20.0
1608565910.48	20000	15.963946	0.0	6357933	394	20.0
1608565910.82	20000	16.621193	0.0	4814284	301	20.0
1608565911.07	20000	17.372221	0.0	3419258	221	20.0
1608565911.36	20000	18.085337	0.0	3944328	256	20.0
1608565911.67	20000	18.77582	0.0	4284196	277	20.0
1608565911.88	20000	19.562866	0.0	3022025	188	20.0
1608565912.05	20000	20.40228	0.0	2248581	137	20.0
1608565912.72	20000	20.732786	0.0	9946363	608	20.0
1608565913.41	20000	21.03658	0.0	11684632	619	20.0
1608565913.53	20000	21.92005	0.0	1849732	97	20.0
1608565913.65	20000	22.796621	0.0	1942795	102	20.0
1608565913.76	20000	23.688189	0.0	1704756	90	20.0
1608565913.86	20000	24.589887	0.0	1697111	80	20.0
1608565913.95	20000	25.499992	0.0	1529441	71	20.0
1608565914.05	20000	26.408435	0.0	1568649	73	20.0
1608565914.15	20000	27.304621	0.0	1677618	76	20.0
1608565914.24	20000	28.220163	0.0	1415096	66	20.0
1608565914.35	20000	29.111124	0.0	1894067	88	20.0
1608565914.42	20000	30.039096	0.0	1186604	55	20.0
1608565914.49	20000	30.973979	0.0	1068386	50	20.0
1608565914.74	20000	31.720676	0.0	1700843	234	20.0
1608565914.89	20000	32.576414	0.0	2536859	118	20.0
1608565915.14	20000	33.318299	0.0	4742872	224	20.0
1608565915.41	20000	34.050164	0.0	4955535	232	20.0
1608565915.49	20000	34.97394	0.0	1260540	58	20.0
1608565915.69	20000	35.774452	0.0	3605246	169	20.0
1608565915.85	20000	36.622148	0.0	2770338	127	20.0
1608565915.95	20000	37.517628	0.0	1855168	85	20.0
1608565916.05	20000	38.417591	0.0	1666915	75	20.0
1608565916.14	20000	39.3289	0.0	1555467	71	20.0
1608565916.2	20000	40.26836	0.0	1008919	46	20.0
1608565916.28	20000	41.195605	0.0	1227619	56	20.0
1608565916.34	20000	42.132861	0.0	1015853	46	20.0
1608565916.37	20000	43.104011	0.0	384076	17	20.0
1608565916.39	20000	44.079882	0.0	295687	13	20.0
1608565916.47	20000	45.003674	0.0	1328674	60	20.0
1608565916.56	20000	45.917836	0.0	1492829	68	20.0
1608565916.64	20000	46.83343	0.0	1484812	67	20.0
1608565916.75	20000	47.729403	0.0	1868314	85	20.0
1608565916.82	20000	48.657816	0.0	1253406	55	20.0
1608565916.88	20000	49.60404	0.0	887933	39	20.0
1608565916.94	20000	50.537546	0.0	1153403	51	20.0
1608565917.02	20000	51.466885	0.0	1249023	56	20.0
1608565917.1	20000	52.386464	0.0	1423973	63	20.0
1608565917.16	20000	53.324199	0.0	1060162	47	20.0
1608565917.22	20000	54.2609	0.0	1080597	48	20.0
1608565917.29	20000	55.194144	0.0	1156442	51	20.0
1608565917.42	20000	56.072233	0.0	2222640	101	20.0
1608565917.56	20000	56.931068	0.0	2587311	116	20.0
1608565917.68	20000	57.812524	0.0	2178351	97	20.0
1608565917.85	20000	58.642579	0.0	3121089	144	20.0
1608565918.02	20000	59.468581	0.0	2857420	140	20.0
1608565919.13	20000	59.591842	0.0	1702477	84	20.0
1608565919.73	20000	59.842847	0.0	1531670	80	20.0
1608565920.85	20000	59.843836	0.0	1863424	95	20.0
1608565921.97	20000	59.594938	0.0	1987392	94	20.0
1608565923.12	20000	59.595921	0.0	2505586	124	20.0
1608565923.69	20000	59.805608	0.0	9620218	514	20.0
1608565924.86	20000	59.847922	0.0	2561608	135	20.0
1608565926.07	20000	59.598937	0.0	3633991	180	20.0
1608565926.76	20000	59.849838	0.0	3324070	167	20.0
1608565927.86	20000	59.850936	0.0	1560020	78	20.0
1608565928.96	20000	59.601842	0.0	1429188	84	20.0
1608565930.08	20000	59.602835	0.0	1754144	99	20.0
1608565930.7	20000	59.853934	0.0	1626020	93	20.0
1608565931.82	20000	59.854937	0.0	1739228	101	20.0
1608565932.95	20000	59.605936	0.0	1722735	100	20.0
1608565934.05	20000	59.606862	0.0	1538145	87	20.0
1608565934.66	20000	59.857856	0.0	1473412	90	20.0
1608565935.77	20000	59.858835	0.0	1498968	91	20.0
1608565936.96	20000	59.609864	0.0	2247334	156	20.0
1608565937.54	20000	59.971594	0.0	3156442	558	20.0
1608565938.9	20000	59.861924	0.0	1895098	334	20.0
1608565940.08	20000	59.612911	0.0	1939135	156	20.0
1608565940.73	20000	59.863845	0.0	1842874	131	20.0
1608565941.91	20000	59.61495	0.0	2235830	158	20.0
1608565943.09	20000	59.615843	0.0	2202171	150	20.0
1608565943.78	20000	59.866806	0.0	2242042	173	20.0
1608565944.89	20000	59.867891	0.0	1081763	83	20.0
1608565946.09	20000	59.618912	0.0	2409013	178	20.0
1608565946.75	20000	59.869826	0.0	1615028	131	20.0
1608565947.88	20000	59.870813	0.0	1413467	116	20.0
1608565949.03	20000	59.621714	0.0	1632450	122	20.0
1608565950.0	20000	59.622541	0.0	5664827	427	20.0
1608565950.9	20000	59.873953	0.0	4578115	360	20.0
1608565952.06	20000	59.624661	0.0	1783835	141	20.0
1608565952.67	20000	59.875831	0.0	1093613	92	20.0
1608565953.77	20000	59.876855	0.0	975642	83	20.0
1608565954.96	20000	59.627646	0.0	1658005	165	20.0
1608565956.06	20000	59.47325	0.0	3055257	1071	20.0
1608565956.97	12000	59.565547	0.0	4018361	869	4.0
1608565957.74	8000	59.88087	0.0	1820110	251	4.0
1608565958.95	8000	59.631663	0.0	1448467	187	8.0
1608565960.13	8000	59.632684	0.0	1521463	156	8.0
1608565960.79	8000	59.883642	0.0	1006183	138	8.0
1608565962.02	16000	59.634827	0.0	1455812	200	8.0
1608565962.9	20000	59.885641	0.0	2869222	355	16.0
1608565963.83	20000	59.886711	0.0	3226650	403	20.0
1608565964.7	20000	59.887928	0.0	2705936	340	20.0
1608565966.1	20000	59.63891	0.0	2998622	375	20.0
1608565966.91	20000	59.639773	0.0	2928342	280	20.0
1608565967.73	20000	59.890791	0.0	3059979	289	20.0
1608565969.07	20000	59.641713	0.0	3367422	315	20.0
1608565969.76	20000	59.892781	0.0	1950694	160	20.0
1608565970.91	20000	59.643691	0.0	1541020	130	20.0
1608565971.66	20000	59.894723	0.0	2926720	222	20.0
1608565972.95	20000	59.645821	0.0	2991202	265	20.0
1608565973.69	20000	59.89682	0.0	3002106	216	20.0
1608565974.86	20000	59.89783	0.0	2015412	141	20.0
1608565976.06	20000	59.648893	0.0	2894863	163	20.0
1608565976.77	20000	59.899887	0.0	2185316	186	20.0
1608565978.07	20000	59.650854	0.0	3370605	270	20.0
1608565978.94	20000	59.651876	0.0	3492243	339	20.0
1608565980.09	20000	59.652822	0.0	1307592	130	20.0
1608565980.79	20000	59.9038	0.0	1881404	175	20.0
1608565981.96	20000	59.654846	0.0	1806471	157	20.0
1608565982.68	20000	59.905827	0.0	1945842	190	20.0
1608565983.99	20000	59.656895	0.0	2538877	281	20.0
1608565984.8	20000	59.907876	0.0	2298557	287	20.0
1608565985.77	20000	59.908871	0.0	2831497	436	20.0
1608565986.77	20000	59.909835	0.0	3200905	470	20.0
1608565988.14	20000	59.66087	0.0	2180586	347	20.0
1608565988.85	16000	59.911892	0.0	1500505	187	12.0
1608565990.15	16000	59.662914	0.0	1939246	272	16.0
1608565990.92	16000	59.663927	0.0	1599193	251	16.0
1608565991.81	20000	59.914838	0.0	2364826	369	16.0
1608565992.71	20000	59.915842	0.0	2517454	367	20.0
1608565993.97	20000	59.666819	0.0	1883143	239	20.0
1608565994.71	20000	59.917851	0.0	1726706	223	20.0
1608565995.79	20000	59.91893	0.0	707364	564	20.0
1608565996.88	8000	59.919845	0.0	458857	58	-4.0
1608565997.93	8000	59.670932	0.0	318722	40	8.0
1608565999.0	8000	59.671887	0.0	566180	51	8.0
1608566000.05	8000	59.672839	0.0	531853	39	8.0
1608566001.07	8000	59.673857	0.0	95334	5	8.0
1608566002.09	20000	59.674842	0.0	90390	4	8.0
1608566003.11	16000	59.675861	0.0	50278	1	12.0
1608566004.13	12000	59.676866	0.0	24518	3	8.0
1608566005.14	8000	59.677894	0.0	26015	3	4.0
1608566005.47	4000	1.000999	0.012	60629	2	-0.3839999999999999
1608566006.13	20000	1.358353	0.0	11007815	567	4.0
1608566006.65	20000	2.038415	0.0	8849724	457	20.0
1608566006.85	20000	2.889567	0.0	3191121	164	20.0
1608566006.96	20000	3.780782	0.0	1661718	90	20.0
1608566007.05	20000	4.695172	0.0	1315024	67	20.0
1608566007.1	20000	5.646742	0.0	698359	35	20.0
1608566007.15	20000	6.598151	0.0	730082	37	20.0
1608566007.39	20000	7.379347	0.0	4047415	217	20.0
1608566007.6	20000	8.173944	0.0	2863079	181	20.0
1608566007.9	20000	8.903011	0.0	4167844	266	20.0
1608566008.29	20000	9.509722	0.0	5571764	355	20.0
1608566008.66	20000	10.144399	0.0	4925652	333	20.0
1608566008.81	20000	10.987504	0.0	2030157	138	20.0
1608566009.0	20000	11.805832	0.0	2240782	152	20.0
1608566009.17	20000	12.634183	0.0	2211169	151	20.0
1608566009.21	20000	13.597417	0.0	382046	25	20.0
1608566009.3	20000	14.508149	0.0	1113969	76	20.0
1608566009.37	20000	15.43781	0.0	820127	56	20.0
1608566009.89	20000	15.921194	0.0	6357933	474	20.0
1608566010.29	20000	16.519293	0.0	4814284	358	20.0
1608566010.56	20000	17.253299	0.0	3419258	238	20.0
1608566010.86	20000	17.95276	0.0	3944328	271	20.0
1608566011.19	20000	18.625332	0.0	4284196	295	20.0
1608566011.43	20000	19.386491	0.0	3022025	214	20.0
1608566011.62	20000	20.190233	0.0	2248581	174	20.0
1608566012.47	20000	20.349471	0.0	9946363	779	20.0
1608566013.5	20000	20.316238	0.0	11684632	966	20.0
1608566013.67	20000	21.145619	0.0	1849732	152	20.0
1608566013.85	20000	21.967475	0.0	1942795	159	20.0
1608566014.01	20000	22.809178	0.0	1704756	140	20.0
1608566014.17	20000	23.652065	0.0	1697111	139	20.0
1608566014.31	20000	24.510251	0.0	1529441	125	20.0
1608566014.46	20000	25.360151	0.0	1568649	133	20.0
1608566014.63	20000	26.194671	0.0	1677618	146	20.0
