1608644363.03	4000	1.000999	0.013	60629	4	-0.4159999999999999
1608644364.11	16000	1.376171	0.372	11007815	957	-7.904
1608644365.06	16000	1.657531	0.0	8849724	892	16.0
1608644365.43	16000	2.385488	0.0	3191121	345	16.0
1608644365.63	16000	3.188049	0.0	1661718	178	16.0
1608644365.79	16000	4.031268	0.0	1315024	141	16.0
1608644365.87	16000	4.969097	0.0	698359	68	16.0
1608644365.95	16000	5.885357	0.0	730082	69	16.0
1608644366.37	16000	6.470769	0.0	4047415	385	16.0
1608644366.67	16000	7.175423	0.0	2863079	272	16.0
1608644367.07	16000	7.76902	0.0	4167844	376	16.0
1608644367.6	16000	8.242168	0.0	5571764	487	16.0
1608644368.09	16000	8.756873	0.0	4925652	451	16.0
1608644368.3	16000	9.540443	0.0	2030157	194	16.0
1608644368.54	16000	10.302594	0.0	2240782	215	16.0
1608644368.78	16000	11.068149	0.0	2211169	212	16.0
1608644368.83	16000	12.018991	0.0	382046	35	16.0
1608644368.96	16000	12.892148	0.0	1113969	111	16.0
1608644369.05	16000	13.795748	0.0	820127	81	16.0
1608644369.74	16000	14.115402	0.0	6357933	639	16.0
1608644370.35	16000	14.497208	0.0	4814284	582	16.0
1608644370.82	16000	15.036179	0.0	3419258	431	16.0
1608644371.32	16000	15.532683	0.0	3944328	474	16.0
1608644371.87	16000	15.98538	0.0	4284196	512	16.0
1608644372.17	16000	16.684155	0.0	3022025	277	16.0
1608644372.4	16000	17.457225	0.0	2248581	205	16.0
1608644373.28	16000	17.580292	0.0	9946363	816	16.0
1608644374.18	16000	17.683038	0.0	11684632	826	16.0
1608644374.32	16000	18.538936	0.0	1849732	123	16.0
1608644374.47	16000	19.389984	0.0	1942795	130	16.0
1608644374.6	16000	20.257863	0.0	1704756	113	16.0
1608644374.74	16000	21.127023	0.0	1697111	113	16.0
1608644374.86	16000	22.00769	0.0	1529441	101	16.0
1608644375.01	16000	22.856539	0.0	1568649	133	16.0
1608644375.18	16000	23.68679	0.0	1677618	149	16.0
1608644375.32	16000	24.543654	0.0	1415096	126	16.0
1608644375.51	16000	25.355661	0.0	1894067	169	16.0
1608644375.63	16000	26.23444	0.0	1186604	105	16.0
1608644375.75	16000	27.124626	0.0	1068386	95	16.0
1608644375.92	16000	27.953381	0.0	1700843	153	16.0
1608644376.19	16000	28.680178	0.0	2536859	241	16.0
1608644376.68	16000	29.188835	0.0	4742872	454	16.0
1608644377.18	16000	29.696007	0.0	4955535	458	16.0
1608644377.31	16000	30.566586	0.0	1260540	113	16.0
1608644377.66	16000	31.212548	0.0	3605246	326	16.0
1608644377.96	16000	31.920921	0.0	2770338	268	16.0
1608644378.26	16000	32.617198	0.0	1855168	285	16.0
1608644378.54	16000	33.343077	0.0	1666915	255	16.0
1608644378.79	16000	34.087766	0.0	1555467	238	16.0
1608644378.97	16000	34.908366	0.0	1008919	164	16.0
1608644379.22	16000	35.658402	0.0	1227619	235	16.0
1608644379.43	16000	36.450527	0.0	1015853	194	16.0
1608644379.52	16000	37.367527	0.0	384076	71	16.0
1608644379.58	16000	38.303783	0.0	295687	54	16.0
1608644379.85	16000	39.031007	0.0	1328674	255	16.0
1608644380.06	16000	39.83123	0.0	1492829	181	16.0
1608644380.24	16000	40.650721	0.0	1484812	161	16.0
1608644380.46	16000	41.428552	0.0	1868314	203	16.0
1608644380.61	16000	42.276469	0.0	1253406	136	16.0
1608644380.72	16000	43.165835	0.0	887933	96	16.0
1608644380.87	16000	44.023906	0.0	1153403	125	16.0
1608644381.0	16000	44.893231	0.0	1249023	113	16.0
1608644381.14	16000	45.754522	0.0	1423973	121	16.0
1608644381.26	16000	46.637901	0.0	1060162	89	16.0
1608644381.37	16000	47.529318	0.0	1080597	91	16.0
1608644381.48	16000	48.415138	0.0	1156442	98	16.0
1608644381.69	16000	49.204207	0.0	2222640	190	16.0
1608644381.94	16000	49.959425	0.0	2587311	220	16.0
1608644382.15	16000	50.749614	0.0	2178351	190	16.0
1608644382.45	16000	51.452633	0.0	3121089	272	16.0
1608644382.72	16000	52.17941	0.0	2857420	249	16.0
1608644382.89	16000	53.012278	0.0	1702477	147	16.0
1608644383.07	16000	53.833338	0.0	1531670	160	16.0
1608644383.3	16000	54.610431	0.0	1863424	203	16.0
1608644383.54	16000	55.370742	0.0	1987392	218	16.0
1608644383.84	16000	56.065355	0.0	2505586	275	16.0
1608644385.39	16000	55.517605	0.0	9620218	1487	16.0
1608644385.9	16000	56.008422	0.0	2561608	484	16.0
1608644386.51	16000	56.400818	0.0	3633991	580	16.0
1608644387.04	16000	56.870576	0.0	3324070	502	16.0
1608644387.25	16000	57.666831	0.0	1560020	184	16.0
1608644387.43	16000	58.479252	0.0	1429188	168	16.0
1608644387.66	16000	59.253571	0.0	1754144	208	16.0
1608644388.37	16000	59.606744	0.0	1626020	192	16.0
1608644389.07	16000	59.85777	0.0	1739228	179	16.0
1608644390.27	16000	59.858746	0.0	1722735	164	16.0
1608644391.44	16000	59.609838	0.0	1538145	153	16.0
1608644392.13	16000	59.860767	0.0	1473412	168	16.0
1608644393.36	16000	59.61177	0.0	1498968	217	16.0
1608644394.19	16000	59.862736	0.0	2247334	306	16.0
1608644395.06	16000	59.863762	0.0	3156442	337	16.0
1608644396.31	16000	59.614735	0.0	1895098	226	16.0
1608644397.06	16000	59.865778	0.0	1939135	231	16.0
1608644398.29	16000	59.866745	0.0	1842874	209	16.0
1608644399.06	16000	59.867739	0.0	2235830	245	16.0
1608644400.32	16000	59.618822	0.0	2202171	235	16.0
1608644401.16	16000	59.869742	0.0	2242042	315	16.0
1608644402.32	16000	59.620761	0.0	1081763	141	16.0
1608644403.18	16000	59.871742	0.0	2409013	336	16.0
1608644404.5	16000	59.622737	0.0	1615028	300	16.0
1608644405.23	16000	59.873741	0.0	1413467	208	16.0
1608644406.42	16000	59.624746	0.0	1632450	169	16.0
1608644407.42	16000	59.625738	0.0	5664827	458	16.0
1608644408.23	16000	59.876741	0.0	4578115	267	16.0
1608644409.34	16000	59.627742	0.0	1783835	89	16.0
1608644410.42	16000	59.628812	0.0	1093613	59	16.0
1608644411.49	16000	59.629743	0.0	975642	52	16.0
1608644412.09	16000	59.880742	0.0	1658005	85	16.0
1608644413.28	16000	59.881763	0.0	3055257	166	16.0
1608644414.14	16000	59.882828	0.0	5355572	318	16.0
1608644415.36	16000	59.633744	0.0	3278424	188	16.0
1608644416.54	16000	59.634746	0.0	2318501	156	16.0
1608644417.3	16000	59.88578	0.0	2473561	228	16.0
1608644418.47	16000	59.63684	0.0	1730311	154	16.0
1608644419.16	16000	59.887849	0.0	1455812	172	16.0
1608644420.51	16000	59.638744	0.0	2869222	321	16.0
1608644421.28	16000	59.889879	0.0	3226650	237	16.0
1608644422.49	16000	59.640855	0.0	2705936	193	16.0
1608644423.24	16000	59.891848	0.0	2998622	216	16.0
1608644424.48	16000	59.64284	0.0	2928342	219	16.0
1608644425.36	16000	59.643836	0.0	3059979	356	16.0
1608644425.97	16000	59.985409	0.0	3367422	578	16.0
1608644427.29	16000	59.895813	0.0	1950694	301	16.0
1608644428.5	16000	59.64684	0.0	1541020	186	16.0
1608644429.4	16000	59.647794	0.0	2926720	377	16.0
1608644430.24	16000	59.898782	0.0	2991202	313	16.0
1608644431.55	16000	59.649783	0.0	3002106	284	16.0
1608644432.29	16000	59.900816	0.0	2015412	216	16.0
1608644433.08	16000	59.901782	0.0	2894863	272	16.0
1608644434.31	16000	59.902651	0.0	2185316	198	16.0
1608644435.13	16000	59.903837	0.0	3370605	288	16.0
1608644436.45	16000	59.654726	0.0	3492243	297	16.0
1608644437.08	16000	59.905728	0.0	1307592	101	16.0
1608644438.24	16000	59.906818	0.0	1881404	147	16.0
1608644439.39	16000	59.657766	0.0	1806471	120	16.0
1608644440.06	16000	59.908727	0.0	1945842	144	16.0
1608644441.28	16000	59.909812	0.0	2538877	190	16.0
1608644442.49	16000	59.660766	0.0	2298557	184	16.0
1608644443.22	16000	59.911749	0.0	2831497	208	16.0
1608644444.54	16000	59.662805	0.0	3200905	287	16.0
1608644445.06	16000	59.911436	0.0	2180586	503	16.0
1608644446.19	16000	59.779687	0.0	1500505	1113	16.0
1608644459.35	16000	59.677781	0.0	32698	2	16.0
1608644459.35	16000	59.632339	0.0	32698	2	16.0
1608644460.37	16000	59.678831	0.0	50278	6	16.0
1608644461.39	16000	59.679831	0.0	26471	1	16.0
1608644462.41	16000	59.680797	0.0	40620	6	16.0
1608644462.92	16000	59.614536	0.0	15267	3	16.0
