1609199308.68	4000	1.000999	0.02	60629	9	-0.3999999999999999
1609199311.1	4000	1.268908	1.656	6594552	2272	-29.119999999999997
1609199312.15	4000	1.535216	0.0	4402139	958	4.0
1609199312.77	20000	1.948044	0.0	3191121	506	4.0
1609199313.1	20000	2.611266	0.0	1661718	251	20.0
1609199313.38	20000	3.330082	0.0	1315024	198	20.0
1609199313.6	20000	4.120175	0.0	698359	130	20.0
1609199313.81	20000	4.903059	0.0	730082	135	20.0
1609199314.64	20000	5.079932	0.0	4047415	726	20.0
1609199315.19	20000	5.533003	0.0	2863079	449	20.0
1609199316.18	20000	5.53585	0.0	4167844	898	20.0
1609199318.17	20000	4.545728	0.0	5571764	1883	20.0
1609199319.72	20000	3.998078	0.0	4925652	1444	20.0
1609199320.1	20000	4.62618	0.0	2030157	285	20.0
1609199320.51	20000	5.212823	0.0	2240782	323	20.0
1609199321.1	16000	5.628453	0.0	2211169	495	12.0
1609199321.27	16000	6.459639	0.0	382046	81	16.0
1609199322.49	16000	6.236742	0.0	1113969	1138	16.0
1609199322.75	20000	6.980058	0.0	820127	176	16.0
1609199324.31	20000	6.416723	0.0	6357933	1455	20.0
1609199325.39	20000	6.344798	0.0	4814284	969	20.0
1609199326.13	20000	6.604392	0.0	3419258	647	20.0
1609199326.96	20000	6.775024	0.0	3944328	734	20.0
1609199327.79	20000	6.945914	0.0	4284196	729	20.0
1609199328.33	20000	7.398952	0.0	3022025	448	20.0
1609199328.92	20000	7.812752	0.0	2248581	499	20.0
1609199331.33	20000	6.405866	0.0	9946363	2266	20.0
1609199334.29	20000	4.450493	0.0	11684632	2817	20.0
1609199336.44	16000	3.295493	0.0	1849732	2069	12.0
1609199337.72	20000	3.023632	0.0	1942795	1184	16.0
1609199338.08	20000	3.66	0.0	1704756	277	20.0
1609199338.44	20000	4.297248	0.0	1697111	276	20.0
1609199338.74	20000	5.002427	0.0	1529441	208	20.0
1609199339.03	20000	5.716237	0.0	1568649	202	20.0
1609199339.33	20000	6.413622	0.0	1677618	217	20.0
1609199339.6	20000	7.149452	0.0	1415096	182	20.0
1609199339.91	20000	7.836931	0.0	1894067	228	20.0
1609199340.13	20000	8.612661	0.0	1186604	142	20.0
1609199340.34	20000	9.402657	0.0	1068386	127	20.0
1609199340.66	20000	10.093026	0.0	1700843	224	20.0
1609199341.26	20000	10.48863	0.0	2536859	513	20.0
1609199342.4	20000	10.349655	0.0	4742872	1037	20.0
1609199343.16	20000	10.592156	0.0	4955535	657	20.0
1609199343.39	20000	11.358288	0.0	1260540	150	20.0
1609199343.95	20000	11.803642	0.0	3605246	456	20.0
1609199344.41	20000	12.346211	0.0	2770338	360	20.0
1609199344.82	20000	12.932738	0.0	1855168	323	20.0
1609199345.3	20000	13.454843	0.0	1666915	393	20.0
1609199346.14	20000	13.615808	0.0	1555467	755	20.0
1609199346.72	20000	14.036955	0.0	1008919	497	20.0
1609199346.98	20000	14.783924	0.0	1227619	171	20.0
1609199347.2	20000	15.56138	0.0	1015853	142	20.0
1609199347.33	20000	16.432637	0.0	384076	52	20.0
1609199347.44	20000	17.316636	0.0	295687	39	20.0
1609199347.75	20000	18.010369	0.0	1328674	225	20.0
1609199348.17	20000	18.593882	0.0	1492829	333	20.0
1609199348.59	20000	19.179058	0.0	1484812	331	20.0
1609199349.13	20000	19.637507	0.0	1868314	455	20.0
1609199349.52	20000	20.250258	0.0	1253406	303	20.0
1609199349.8	20000	20.967011	0.0	887933	201	20.0
1609199350.16	20000	21.613897	0.0	1153403	260	20.0
1609199350.53	20000	22.242518	0.0	1249023	285	20.0
1609199351.11	20000	22.662232	0.0	1423973	497	20.0
1609199351.59	20000	23.18394	0.0	1060162	396	20.0
1609199352.41	20000	23.36333	0.0	1080597	741	20.0
1609199353.16	20000	23.619329	0.0	1156442	661	20.0
1609199354.37	20000	23.404048	0.0	2222640	1127	20.0
1609199356.45	20000	22.329773	0.0	2587311	1983	20.0
1609199357.96	20000	21.820812	0.0	2178351	1421	20.0
1609199359.07	20000	21.707747	0.0	3121089	1016	20.0
1609199359.83	20000	21.946979	0.0	2857420	668	20.0
1609199360.36	20000	22.420977	0.0	1702477	440	20.0
1609199360.81	20000	22.968182	0.0	1531670	367	20.0
1609199361.28	20000	23.505719	0.0	1863424	376	20.0
1609199361.76	20000	24.021785	0.0	1987392	396	20.0
1609199362.31	20000	24.471147	0.0	2505586	462	20.0
1609199365.66	20000	22.122971	0.0	9620218	3215	20.0
1609199366.6	20000	22.184723	0.0	2561608	847	20.0
1609199367.95	20000	21.833293	0.0	3633991	1256	20.0
1609199369.09	20000	21.697114	0.0	3324070	1040	20.0
1609199369.44	20000	22.346384	0.0	1560020	263	20.0
1609199369.77	20000	23.019105	0.0	1429188	240	20.0
1609199370.62	20000	23.167653	0.0	1754144	764	20.0
1609199371.12	20000	23.677331	0.0	1626020	403	20.0
1609199371.6	20000	24.191656	0.0	1739228	399	20.0
1609199372.07	20000	24.726151	0.0	1722735	377	20.0
1609199372.49	20000	25.305841	0.0	1538145	335	20.0
1609199372.91	20000	25.888247	0.0	1473412	331	20.0
1609199373.37	20000	26.427037	0.0	1498968	376	20.0
1609199373.99	20000	26.806857	0.0	2247334	528	20.0
1609199374.76	20000	27.039104	0.0	3156442	672	20.0
1609199375.33	20000	27.474736	0.0	1895098	476	20.0
1609199375.87	20000	27.932614	0.0	1939135	452	20.0
1609199376.24	20000	28.56083	0.0	1842874	283	20.0
1609199376.68	20000	29.120945	0.0	2235830	342	20.0
1609199377.12	20000	29.684633	0.0	2202171	347	20.0
1609199377.57	20000	30.238854	0.0	2242042	357	20.0
1609199377.82	20000	30.984887	0.0	1081763	172	20.0
1609199378.17	20000	31.634073	0.0	2409013	260	20.0
1609199378.43	20000	32.376439	0.0	1615028	173	20.0
1609199378.67	20000	33.141772	0.0	1413467	152	20.0
1609199378.94	20000	33.870741	0.0	1632450	188	20.0
1609199379.75	20000	34.059329	0.0	5664827	705	20.0
1609199380.29	20000	34.521723	0.0	4578115	435	20.0
1609199380.55	20000	35.267208	0.0	1783835	165	20.0
1609199380.73	20000	36.081747	0.0	1093613	101	20.0
1609199380.89	20000	36.923102	0.0	975642	77	20.0
1609199381.1	20000	37.716252	0.0	1658005	121	20.0
1609199381.41	20000	38.402977	0.0	3055257	225	20.0
1609199381.91	20000	38.910191	0.0	5355572	391	20.0
1609199382.22	20000	39.604124	0.0	3278424	215	20.0
1609199382.46	20000	40.365189	0.0	2318501	151	20.0
1609199382.71	20000	41.112887	0.0	2473561	161	20.0
1609199383.0	20000	41.820377	0.0	1730311	206	20.0
1609199383.37	20000	42.456108	0.0	1455812	279	20.0
1609199383.95	20000	42.871567	0.0	2869222	493	20.0
1609199384.41	20000	43.418499	0.0	3226650	363	20.0
1609199384.8	20000	44.026244	0.0	2705936	304	20.0
1609199392.51	20000	37.314911	0.0	2998622	7615	20.0
1609199392.95	20000	37.882937	0.0	2928342	342	20.0
1609199393.41	20000	38.423408	0.0	3059979	369	20.0
1609199393.9	20000	38.926793	0.0	3367422	406	20.0
1609199394.26	20000	39.568144	0.0	1950694	274	20.0
1609199394.56	20000	40.268091	0.0	1541020	216	20.0
1609199395.08	20000	40.754585	0.0	2926720	421	20.0
1609199395.63	20000	41.203617	0.0	2991202	460	20.0
1609199396.17	20000	41.669229	0.0	3002106	444	20.0
1609199396.54	20000	42.293773	0.0	2015412	288	20.0
1609199397.04	20000	42.800709	0.0	2894863	396	20.0
1609199397.39	20000	43.452381	0.0	2185316	255	20.0
1609199397.88	20000	43.962207	0.0	3370605	395	20.0
1609199398.88	20000	43.958213	0.0	3492243	909	20.0
1609199399.18	20000	44.66524	0.0	1307592	207	20.0
1609199399.57	20000	45.277198	0.0	1881404	300	20.0
1609199399.94	20000	45.904659	0.0	1806471	288	20.0
1609199400.31	20000	46.536157	0.0	1945842	283	20.0
1609199400.77	20000	47.076769	0.0	2538877	370	20.0
1609199401.21	20000	47.636442	0.0	2298557	354	20.0
1609199401.75	20000	48.0922	0.0	2831497	452	20.0
1609199402.51	20000	48.338314	0.0	3200905	659	20.0
1609199403.05	20000	48.795614	0.0	2180586	445	20.0
1609199403.35	20000	49.500342	0.0	1500505	210	20.0
1609199403.71	20000	50.140077	0.0	1939246	272	20.0
1609199404.02	20000	50.828647	0.0	1599193	224	20.0
1609199404.46	20000	51.388935	0.0	2364826	350	20.0
1609199404.93	20000	51.925271	0.0	2517454	373	20.0
1609199405.29	20000	52.561997	0.0	1883143	273	20.0
1609199405.63	20000	53.226125	0.0	1726706	251	20.0
1609199405.81	20000	54.045283	0.0	707364	101	20.0
1609199406.01	20000	54.849903	0.0	796460	112	20.0
1609199406.17	20000	55.688404	0.0	596962	81	20.0
1609199406.38	20000	56.476981	0.0	947625	129	20.0
1609199406.58	20000	57.283928	0.0	832859	114	20.0
1609199406.67	20000	58.188195	0.0	151562	18	20.0
1609199406.76	20000	59.106028	0.0	90390	10	20.0
1609199407.32	20000	59.723406	0.0	50278	4	20.0
1609199408.37	20000	59.724384	0.0	26471	0	20.0
1609199408.91	20000	59.975378	0.0	40620	3	20.0
1609199409.26	4000	1.000999	0.06	334032	48	-1.2000000000000002
1609199410.37	4000	1.34069	0.166	6594552	982	0.6800000000000002
1609199411.96	16000	1.30255	0.525	8849724	1456	-6.5
1609199412.49	20000	1.807584	0.0	3191121	434	16.0
1609199412.8	20000	2.496898	0.0	1661718	226	20.0
1609199413.06	20000	3.236236	0.0	1315024	177	20.0
1609199413.24	20000	4.058419	0.0	698359	98	20.0
1609199413.43	20000	4.874322	0.0	730082	102	20.0
1609199414.11	20000	5.194839	0.0	4047415	584	20.0
1609199414.67	20000	5.638577	0.0	2863079	467	20.0
1609199415.43	20000	5.876673	0.0	4167844	665	20.0
1609199416.41	20000	5.899813	0.0	5571764	864	20.0
1609199417.27	20000	6.034098	0.0	4925652	765	20.0
1609199417.68	20000	6.624384	0.0	2030157	324	20.0
1609199418.13	20000	7.176374	0.0	2240782	361	20.0
1609199418.62	20000	7.691294	0.0	2211169	399	20.0
1609199418.76	20000	8.547863	0.0	382046	66	20.0
1609199419.04	20000	9.2671	0.0	1113969	199	20.0
1609199419.31	20000	10.000964	0.0	820127	186	20.0
1609199420.71	20000	9.603469	0.0	6357933	1288	20.0
1609199421.85	20000	9.461513	0.0	4814284	1040	20.0
1609199422.76	16000	9.558436	0.0	3419258	809	12.0
1609199424.77	16000	8.548883	0.0	3944328	1910	16.0
1609199425.92	20000	8.397891	0.0	4284196	1054	16.0
1609199426.89	20000	8.423658	0.0	3022025	884	20.0
1609199427.67	20000	8.652108	0.0	2248581	686	20.0
1609199430.81	20000	6.509543	0.0	9946363	3002	20.0
1609199434.1	20000	4.222712	0.0	11684632	3152	20.0
1609199435.14	20000	4.180594	0.0	1849732	957	20.0
1609199435.7	20000	4.620591	0.0	1942795	472	20.0
1609199436.21	20000	5.119594	0.0	1704756	416	20.0
1609199436.93	20000	5.396094	0.0	1697111	638	20.0
1609199437.64	20000	5.683556	0.0	1529441	629	20.0
1609199438.33	20000	5.993285	0.0	1568649	601	20.0
