1608595850.71	4000	1.000999	0.017	60629	6	-0.33999999999999986
1608595852.55	20000	1.412489	1.152	11007815	1670	-19.04
1608595853.91	20000	1.350905	0.047	8849724	1239	19.06
1608595854.41	20000	1.880993	0.0	3191121	399	20.0
1608595854.68	20000	2.610418	0.0	1661718	185	20.0
1608595854.9	20000	3.387287	0.0	1315024	140	20.0
1608595855.06	20000	4.233497	0.0	698359	73	20.0
1608595855.21	20000	5.077234	0.0	730082	77	20.0
1608595855.81	20000	5.484186	0.0	4047415	496	20.0
1608595856.31	20000	5.980026	0.0	2863079	414	20.0
1608595857.78	20000	5.517031	0.0	4167844	1366	20.0
1608595859.27	20000	5.028307	0.0	5571764	1386	20.0
1608595860.35	20000	4.950159	0.0	4925652	976	20.0
1608595860.85	20000	5.450115	0.0	2030157	413	20.0
1608595861.4	20000	5.898815	0.0	2240782	465	20.0
1608595861.85	20000	6.446262	0.0	2211169	365	20.0
1608595861.99	20000	7.309105	0.0	382046	57	20.0
1608595862.24	20000	8.058121	0.0	1113969	170	20.0
1608595862.45	20000	8.855398	0.0	820127	124	20.0
1608595863.42	20000	8.886389	0.0	6357933	861	20.0
1608595864.19	20000	9.110823	0.0	4814284	672	20.0
1608595864.76	20000	9.541364	0.0	3419258	472	20.0
1608595865.41	20000	9.900342	0.0	3944328	543	20.0
1608595866.03	20000	10.2769	0.0	4284196	522	20.0
1608595866.48	20000	10.825744	0.0	3022025	357	20.0
1608595866.84	20000	11.470239	0.0	2248581	268	20.0
1608595868.21	20000	11.099732	0.0	9946363	1244	20.0
1608595869.96	20000	10.356125	0.0	11684632	1607	20.0
1608595870.28	20000	11.028736	0.0	1849732	241	20.0
1608595870.63	20000	11.688852	0.0	1942795	253	20.0
1608595870.9	20000	12.416297	0.0	1704756	188	20.0
1608595871.18	20000	13.138411	0.0	1697111	186	20.0
1608595871.43	20000	13.886273	0.0	1529441	169	20.0
1608595871.69	20000	14.631539	0.0	1568649	170	20.0
1608595871.96	20000	15.362083	0.0	1677618	182	20.0
1608595872.19	20000	16.125305	0.0	1415096	154	20.0
1608595872.49	20000	16.834244	0.0	1894067	206	20.0
1608595872.7	20000	17.620067	0.0	1186604	132	20.0
1608595872.91	20000	18.411217	0.0	1068386	125	20.0
1608595873.2	20000	19.124763	0.0	1700843	201	20.0
1608595873.59	20000	19.732499	0.0	2536859	301	20.0
1608595874.35	20000	19.972009	0.0	4742872	659	20.0
1608595875.15	20000	20.173456	0.0	4955535	694	20.0
1608595875.41	20000	20.913921	0.0	1260540	176	20.0
1608595875.97	20000	21.355271	0.0	3605246	464	20.0
1608595876.4	20000	21.926909	0.0	2770338	339	20.0
1608595876.71	20000	22.618263	0.0	1855168	223	20.0
1608595876.99	20000	23.341177	0.0	1666915	193	20.0
1608595877.25	20000	24.081172	0.0	1555467	178	20.0
1608595877.45	20000	24.886202	0.0	1008919	114	20.0
1608595877.67	20000	25.665922	0.0	1227619	140	20.0
1608595877.86	20000	26.472606	0.0	1015853	111	20.0
1608595877.98	20000	27.352959	0.0	384076	41	20.0
1608595878.09	20000	28.243528	0.0	295687	31	20.0
1608595878.33	20000	29.013779	0.0	1328674	147	20.0
1608595878.58	20000	29.763824	0.0	1492829	166	20.0
1608595878.82	20000	30.516519	0.0	1484812	163	20.0
1608595879.12	20000	31.22304	0.0	1868314	208	20.0
1608595879.34	20000	32.000147	0.0	1253406	139	20.0
1608595879.52	20000	32.820401	0.0	887933	98	20.0
1608595879.73	20000	33.614807	0.0	1153403	123	20.0
1608595879.94	20000	34.401923	0.0	1249023	120	20.0
1608595880.17	20000	35.180707	0.0	1423973	139	20.0
1608595880.35	20000	35.995772	0.0	1060162	102	20.0
1608595880.54	20000	36.808491	0.0	1080597	105	20.0
1608595880.73	20000	37.617037	0.0	1156442	109	20.0
1608595881.02	20000	38.328593	0.0	2222640	199	20.0
1608595881.35	20000	39.006261	0.0	2587311	233	20.0
1608595881.63	20000	39.722587	0.0	2178351	195	20.0
1608595882.17	20000	40.181859	0.0	3121089	447	20.0
1608595882.68	20000	40.680211	0.0	2857420	409	20.0
1608595883.12	20000	41.233712	0.0	1702477	362	20.0
1608595883.53	20000	41.824567	0.0	1531670	325	20.0
1608595883.88	20000	42.477804	0.0	1863424	260	20.0
1608595884.19	20000	43.165959	0.0	1987392	225	20.0
1608595884.57	20000	43.792153	0.0	2505586	286	20.0
1608595885.64	20000	43.720703	0.0	9620218	941	20.0
1608595886.17	20000	44.194307	0.0	2561608	435	20.0
1608595887.08	20000	44.28521	0.0	3633991	814	20.0
1608595888.09	20000	44.27611	0.0	3324070	914	20.0
1608595888.45	20000	44.914936	0.0	1560020	277	20.0
1608595888.78	20000	45.588058	0.0	1429188	242	20.0
1608595889.08	20000	46.291104	0.0	1754144	211	20.0
1608595889.36	20000	47.010209	0.0	1626020	197	20.0
1608595889.65	20000	47.714536	0.0	1739228	210	20.0
1608595889.97	20000	48.404759	0.0	1722735	224	20.0
1608595890.26	20000	49.116875	0.0	1538145	202	20.0
1608595890.54	20000	49.833786	0.0	1473412	191	20.0
1608595890.83	20000	50.542923	0.0	1498968	207	20.0
1608595891.29	20000	51.085908	0.0	2247334	369	20.0
1608595891.96	20000	51.411461	0.0	3156442	582	20.0
1608595892.54	20000	51.841146	0.0	1895098	483	20.0
1608595893.14	20000	52.237532	0.0	1939135	517	20.0
1608595893.74	20000	52.642577	0.0	1842874	509	20.0
1608595894.23	20000	53.149136	0.0	2235830	404	20.0
1608595894.72	20000	53.664044	0.0	2202171	398	20.0
1608595895.07	20000	54.314655	0.0	2242042	261	20.0
1608595895.28	20000	55.100449	0.0	1081763	124	20.0
1608595895.65	20000	55.731327	0.0	2409013	280	20.0
1608595895.89	20000	56.491706	0.0	1615028	154	20.0
1608595896.1	20000	57.28737	0.0	1413467	122	20.0
1608595896.32	20000	58.062404	0.0	1632450	142	20.0
1608595896.92	20000	58.466708	0.0	5664827	489	20.0
1608595897.4	20000	58.989416	0.0	4578115	378	20.0
1608595897.63	20000	59.756307	0.0	1783835	147	20.0
1608595898.81	20000	59.612888	0.0	1093613	90	20.0
1608595899.98	20000	59.613901	0.0	975642	82	20.0
1608595900.72	20000	59.864799	0.0	1658005	160	20.0
1608595901.67	20000	59.865874	0.0	3055257	351	20.0
1608595902.45	20000	59.941839	0.0	5355572	673	20.0
1608595903.96	20000	59.617966	0.0	3278424	410	20.0
1608595904.85	20000	59.618849	0.0	2318501	298	20.0
1608595905.77	20000	59.816569	0.0	2473561	330	20.0
1608595906.58	20000	59.870851	0.0	1730311	227	20.0
1608595907.86	20000	59.621857	0.0	1455812	193	20.0
1608595908.8	20000	59.606195	0.0	2869222	837	20.0
1608595909.52	20000	59.879181	0.0	3226650	631	20.0
1608595910.58	20000	59.874908	0.0	2705936	468	20.0
1608595911.69	20000	59.872805	0.0	2998622	516	20.0
1608595912.8	20000	59.626846	0.0	2928342	510	20.0
1608595913.84	20000	59.627875	0.0	3059979	455	20.0
1608595914.43	20000	59.980666	0.0	3367422	486	20.0
1608595915.8	20000	59.629838	0.0	1950694	280	20.0
1608595916.57	20000	59.880843	0.0	1541020	183	20.0
1608595918.01	20000	59.631867	0.0	2926720	347	20.0
1608595918.63	20000	59.775876	0.0	2991202	535	20.0
1608595919.64	20000	59.883999	0.0	3002106	418	20.0
1608595920.95	20000	59.634766	0.0	2015412	222	20.0
1608595921.8	20000	59.635883	0.0	2894863	258	20.0
1608595922.58	20000	59.886866	0.0	2185316	193	20.0
1608595923.98	20000	59.637867	0.0	3370605	298	20.0
1608595924.43	20000	59.985199	0.0	3492243	359	20.0
1608595925.65	20000	59.889862	0.0	1307592	133	20.0
1608595926.95	20000	59.640878	0.0	1881404	209	20.0
1608595927.75	20000	59.891879	0.0	1806471	213	20.0
1608595928.57	20000	59.892832	0.0	1945842	235	20.0
1608595930.0	20000	59.643877	0.0	2538877	331	20.0
1608595930.45	20000	59.982134	0.0	2298557	353	20.0
1608595931.98	20000	59.645916	0.0	2831497	436	20.0
1608595932.72	20000	59.7072	0.0	3200905	649	20.0
1608595933.69	20000	59.897915	0.0	2180586	383	20.0
1608595935.0	20000	59.648957	0.0	1500505	225	20.0
1608595935.88	20000	59.649896	0.0	1939246	290	20.0
1608595936.69	20000	59.900894	0.0	1599193	227	20.0
1608595937.61	20000	59.901887	0.0	2364826	329	20.0
1608595938.56	20000	59.902917	0.0	2517454	360	20.0
1608595940.0	20000	59.65389	0.0	1883143	343	20.0
1608595940.45	20000	59.980701	0.0	1726706	372	20.0
1608595941.69	20000	59.905958	0.0	707364	150	20.0
1608595942.96	20000	59.656961	0.0	796460	189	20.0
1608595943.64	20000	59.907871	0.0	596962	101	20.0
1608595944.87	20000	59.658894	0.0	947625	148	20.0
1608595945.62	20000	59.909931	0.0	832859	157	20.0
1608595946.72	20000	59.910908	0.0	151562	23	20.0
1608595947.8	20000	59.661885	0.0	90390	8	20.0
1608595948.86	20000	59.662915	0.0	50278	2	20.0
1608595949.91	20000	59.66387	0.0	26471	4	20.0
1608595950.95	20000	59.664956	0.0	40620	2	20.0
1608595951.31	4000	1.000999	0.039	334032	27	-0.7800000000000002
1608595952.01	4000	1.575888	0.0	6594552	567	4.0
1608595952.85	20000	1.736634	0.0	8849724	704	4.0
1608595953.21	20000	2.415866	0.0	3191121	254	20.0
1608595953.41	20000	3.207283	0.0	1661718	123	20.0
1608595953.59	20000	4.02781	0.0	1315024	97	20.0
1608595953.73	20000	4.93838	0.0	698359	51	20.0
1608595953.86	20000	5.804538	0.0	730082	52	20.0
1608595954.27	20000	6.396236	0.0	4047415	311	20.0
1608595954.6	20000	7.070985	0.0	2863079	236	20.0
1608595955.04	20000	7.630387	0.0	4167844	344	20.0
1608595955.68	20000	7.989382	0.0	5571764	535	20.0
1608595956.26	20000	8.410255	0.0	4925652	476	20.0
1608595956.54	20000	9.134165	0.0	2030157	190	20.0
1608595956.83	20000	9.839028	0.0	2240782	210	20.0
1608595957.13	20000	10.544173	0.0	2211169	207	20.0
1608595957.24	20000	11.432106	0.0	382046	33	20.0
1608595957.42	20000	12.250796	0.0	1113969	99	20.0
1608595957.58	20000	13.098931	0.0	820127	72	20.0
1608595958.29	20000	13.393279	0.0	6357933	598	20.0
1608595959.03	20000	13.650213	0.0	4814284	642	20.0
1608595960.2	20000	13.476134	0.0	3419258	1081	20.0
1608595961.31	20000	13.373241	0.0	3944328	1006	20.0
1608595966.94	20000	8.744185	0.0	4284196	5524	20.0
1608595967.67	8000	9.012826	0.0	1926191	633	-4.0
1608595968.08	8000	9.599575	0.0	1427209	327	8.0
1608595968.46	2000	10.228094	0.0	2503359	275	-4.0
1608595968.75	2000	10.937706	0.0	2158640	202	2.0
1608595968.87	2000	11.8167	0.0	352618	31	2.0
1608595969.14	20000	12.544825	0.0	1942795	182	2.0
1608595969.38	20000	13.31089	0.0	1704756	147	20.0
1608595969.61	20000	14.079777	0.0	1697111	144	20.0
1608595969.83	20000	14.862552	0.0	1529441	131	20.0
1608595970.05	20000	15.643913	0.0	1568649	134	20.0
1608595970.28	20000	16.415113	0.0	1677618	142	20.0
