1608618589.74	4000	1.000999	0.023	60629	13	-0.45999999999999996
1608618591.55	4000	1.470728	1.252	6594552	1674	-21.04
1608618593.35	12000	1.415273	0.414	9061343	1664	-4.279999999999999
1608618594.11	20000	1.671087	0.0	3191121	661	12.0
1608618594.56	20000	2.227334	0.0	1661718	353	20.0
1608618594.95	20000	2.831591	0.0	1315024	310	20.0
1608618595.2	20000	3.584481	0.0	698359	163	20.0
1608618595.46	20000	4.330448	0.0	730082	170	20.0
1608618596.45	20000	4.34165	0.0	4047415	887	20.0
1608618597.02	20000	4.770579	0.0	2863079	465	20.0
1608618597.78	20000	5.01007	0.0	4167844	657	20.0
1608618598.71	20000	5.080483	0.0	5571764	820	20.0
1608618599.51	20000	5.281064	0.0	4925652	696	20.0
1608618599.94	20000	5.85505	0.0	2030157	336	20.0
1608618600.4	20000	6.391832	0.0	2240782	371	20.0
1608618600.85	20000	6.941697	0.0	2211169	359	20.0
1608618600.99	20000	7.800881	0.0	382046	60	20.0
1608618601.26	20000	8.536179	0.0	1113969	180	20.0
1608618601.48	20000	9.321673	0.0	820127	131	20.0
1608618602.61	20000	9.183348	0.0	6357933	1015	20.0
1608618603.43	20000	9.373846	0.0	4814284	704	20.0
1608618604.02	20000	9.777004	0.0	3419258	499	20.0
1608618604.75	20000	10.055162	0.0	3944328	621	20.0
1608618605.69	20000	10.11615	0.0	4284196	836	20.0
1608618606.12	20000	10.685592	0.0	3022025	335	20.0
1608618606.46	20000	11.340797	0.0	2248581	248	20.0
1608618608.11	20000	10.696475	0.0	9946363	1508	20.0
1608618609.85	20000	9.95372	0.0	11684632	1603	20.0
1608618610.19	20000	10.614115	0.0	1849732	251	20.0
1608618610.55	20000	11.259827	0.0	1942795	264	20.0
1608618610.95	20000	11.857952	0.0	1704756	313	20.0
1608618611.35	20000	12.457286	0.0	1697111	312	20.0
1608618611.68	20000	13.126999	0.0	1529441	241	20.0
1608618611.96	20000	13.85171	0.0	1568649	172	20.0
1608618612.24	20000	14.576616	0.0	1677618	186	20.0
1608618612.48	20000	15.333725	0.0	1415096	156	20.0
1608618612.82	20000	15.992687	0.0	1894067	251	20.0
1608618613.08	20000	16.738365	0.0	1186604	168	20.0
1608618613.32	20000	17.501976	0.0	1068386	151	20.0
1608618613.64	20000	18.17372	0.0	1700843	241	20.0
1608618614.1	20000	18.718027	0.0	2536859	363	20.0
1608618614.87	20000	18.947557	0.0	4742872	665	20.0
1608618615.66	20000	19.1655	0.0	4955535	675	20.0
1608618615.9	20000	19.917876	0.0	1260540	162	20.0
1608618616.47	20000	20.35155	0.0	3605246	469	20.0
1608618616.96	20000	20.863125	0.0	2770338	396	20.0
1608618617.33	20000	21.499234	0.0	1855168	275	20.0
1608618617.66	20000	22.163803	0.0	1666915	247	20.0
1608618617.96	20000	22.866177	0.0	1555467	212	20.0
1608618618.18	20000	23.644452	0.0	1008919	136	20.0
1608618618.44	20000	24.39295	0.0	1227619	166	20.0
1608618618.66	20000	25.172061	0.0	1015853	132	20.0
1608618618.79	20000	26.043153	0.0	384076	47	20.0
1608618618.9	20000	26.926445	0.0	295687	36	20.0
1608618619.16	20000	27.672589	0.0	1328674	168	20.0
1608618619.44	20000	28.396789	0.0	1492829	190	20.0
1608618619.71	20000	29.127118	0.0	1484812	183	20.0
1608618620.01	20000	29.829799	0.0	1868314	209	20.0
1608618620.23	20000	30.604414	0.0	1253406	139	20.0
1608618620.41	20000	31.423057	0.0	887933	98	20.0
1608618620.63	20000	32.210393	0.0	1153403	129	20.0
1608618620.84	20000	32.995639	0.0	1249023	130	20.0
1608618621.08	20000	33.758158	0.0	1423973	149	20.0
1608618621.28	20000	34.560595	0.0	1060162	111	20.0
1608618621.48	20000	35.363177	0.0	1080597	112	20.0
1608618621.69	20000	36.157747	0.0	1156442	121	20.0
1608618622.08	20000	36.763032	0.0	2222640	302	20.0
1608618622.53	20000	37.318747	0.0	2587311	351	20.0
1608618623.0	20000	37.848565	0.0	2178351	379	20.0
1608618623.68	20000	38.163499	0.0	3121089	590	20.0
1608618624.14	20000	38.709546	0.0	2857420	359	20.0
1608618624.44	20000	39.408194	0.0	1702477	213	20.0
1608618624.72	20000	40.130076	0.0	1531670	191	20.0
1608618625.06	20000	40.795999	0.0	1863424	246	20.0
1608618625.41	20000	41.444439	0.0	1987392	262	20.0
1608618625.83	20000	42.026097	0.0	2505586	327	20.0
1608618627.99	20000	40.861846	0.0	9620218	2037	20.0
1608618628.47	20000	41.38173	0.0	2561608	387	20.0
1608618629.12	20000	41.741918	0.0	3633991	541	20.0
1608618629.71	20000	42.149888	0.0	3324070	494	20.0
1608618630.06	20000	42.80335	0.0	1560020	251	20.0
1608618630.38	20000	43.485206	0.0	1429188	232	20.0
1608618630.75	20000	44.113642	0.0	1754144	283	20.0
1608618631.14	20000	44.726336	0.0	1626020	299	20.0
1608618631.55	20000	45.312829	0.0	1739228	322	20.0
1608618632.01	20000	45.858003	0.0	1722735	365	20.0
1608618632.45	20000	46.41628	0.0	1538145	353	20.0
1608618632.84	20000	47.022951	0.0	1473412	303	20.0
1608618633.18	20000	47.683314	0.0	1498968	253	20.0
1608618633.66	20000	48.211121	0.0	2247334	381	20.0
1608618634.42	20000	48.447922	0.0	3156442	666	20.0
1608618635.03	20000	48.839203	0.0	1895098	513	20.0
1608618635.83	20000	49.040797	0.0	1939135	709	20.0
1608618636.29	20000	49.578846	0.0	1842874	372	20.0
1608618636.86	20000	50.013178	0.0	2235830	473	20.0
1608618637.61	20000	50.267869	0.0	2202171	653	20.0
1608618638.51	20000	50.361879	0.0	2242042	813	20.0
1608618638.91	20000	50.970829	0.0	1081763	305	20.0
1608618639.5	20000	51.379947	0.0	2409013	499	20.0
1608618639.89	20000	51.983712	0.0	1615028	309	20.0
1608618640.22	20000	52.65925	0.0	1413467	238	20.0
1608618640.58	20000	53.29644	0.0	1632450	275	20.0
1608618641.59	20000	53.288696	0.0	5664827	899	20.0
1608618642.39	20000	53.491281	0.0	4578115	697	20.0
1608618642.75	20000	54.133969	0.0	1783835	268	20.0
1608618642.99	20000	54.89828	0.0	1093613	149	20.0
1608618643.2	20000	55.680352	0.0	975642	133	20.0
1608618643.52	20000	56.364379	0.0	1658005	229	20.0
1608618644.22	20000	56.669278	0.0	3055257	601	20.0
1608618645.58	20000	56.305716	0.0	5355572	1254	20.0
1608618646.23	20000	56.663525	0.0	3278424	545	20.0
1608618646.68	20000	57.213678	0.0	2318501	349	20.0
1608618647.15	20000	57.744132	0.0	2473561	377	20.0
1608618647.5	20000	58.389558	0.0	1730311	265	20.0
1608618647.81	20000	59.080176	0.0	1455812	222	20.0
1608618648.32	20000	59.575705	0.0	2869222	411	20.0
1608618649.38	20000	59.638906	0.0	3226650	463	20.0
1608618649.95	20000	59.94963	0.0	2705936	474	20.0
1608618651.2	20000	59.890975	0.0	2998622	656	20.0
1608618652.27	20000	59.641941	0.0	2928342	477	20.0
1608618653.36	20000	59.561618	0.0	3059979	480	20.0
1608618653.95	20000	59.95202	0.0	3367422	490	20.0
1608618655.34	20000	59.644893	0.0	1950694	294	20.0
1608618656.34	20000	59.645919	0.0	1541020	411	20.0
1608618657.22	20000	59.896986	0.0	2926720	287	20.0
1608618658.09	20000	59.897996	0.0	2991202	279	20.0
1608618659.5	20000	59.648886	0.0	3002106	308	20.0
1608618660.3	20000	59.649903	0.0	2015412	214	20.0
1608618661.28	20000	59.650892	0.0	2894863	382	20.0
1608618662.21	20000	59.901987	0.0	2185316	329	20.0
1608618663.36	20000	59.652895	0.0	3370605	550	20.0
1608618664.35	20000	59.653892	0.0	3492243	387	20.0
1608618665.2	20000	59.904993	0.0	1307592	257	20.0
1608618666.05	20000	59.905975	0.0	1881404	264	20.0
1608618667.47	20000	59.656897	0.0	1806471	326	20.0
1608618668.39	20000	59.657894	0.0	1945842	336	20.0
1608618669.05	20000	59.868015	0.0	2538877	561	20.0
1608618670.04	20000	59.909996	0.0	2298557	388	20.0
1608618671.26	20000	59.660884	0.0	2831497	619	20.0
1608618672.23	20000	59.686357	0.0	3200905	873	20.0
1608618673.39	20000	59.662972	0.0	2180586	565	20.0
1608618674.31	20000	59.663888	0.0	1500505	326	20.0
1608618675.25	20000	59.883659	0.0	1939246	349	20.0
1608618676.12	20000	59.91598	0.0	1599193	276	20.0
1608618677.2	20000	59.916983	0.0	2364826	490	20.0
1608618678.27	20000	59.667893	0.0	2517454	475	20.0
1608618679.27	20000	59.668891	0.0	1883143	410	20.0
1608618680.34	20000	59.669889	0.0	1726706	476	20.0
1608618681.28	20000	59.67091	0.0	707364	359	20.0
1608618682.13	20000	59.92199	0.0	796460	260	20.0
1608618683.37	20000	59.672913	0.0	596962	161	20.0
1608618684.23	20000	59.92398	0.0	947625	268	20.0
1608618685.09	20000	59.924999	0.0	832859	272	20.0
1608618686.21	20000	59.925997	0.0	151562	34	20.0
1608618687.31	20000	59.67689	0.0	90390	24	20.0
1608618688.39	20000	59.67789	0.0	50278	12	20.0
1608618689.44	20000	59.678906	0.0	26471	2	20.0
1608618690.48	20000	59.679925	0.0	40620	3	20.0
1608618690.82	4000	1.000999	0.054	334032	43	-1.08
1608618691.69	4000	1.41383	0.0	6594552	727	4.0
1608618692.66	20000	1.466015	0.0	8849724	826	4.0
1608618693.04	20000	2.089766	0.0	3191121	276	20.0
1608618693.26	20000	2.910971	0.0	1661718	130	20.0
1608618693.45	20000	3.721645	0.0	1315024	102	20.0
1608618693.58	20000	4.586629	0.0	698359	54	20.0
1608618693.72	20000	5.448143	0.0	730082	56	20.0
1608618694.14	20000	6.031179	0.0	4047415	318	20.0
1608618694.46	20000	6.712475	0.0	2863079	224	20.0
1608618694.89	20000	7.284773	0.0	4167844	328	20.0
1608618695.45	20000	7.724583	0.0	5571764	448	20.0
1608618695.96	20000	8.219099	0.0	4925652	403	20.0
1608618696.21	20000	8.971681	0.0	2030157	159	20.0
1608618696.46	20000	9.716863	0.0	2240782	165	20.0
1608618696.72	20000	10.463166	0.0	2211169	162	20.0
1608618696.83	20000	11.347712	0.0	382046	29	20.0
1608618697.0	20000	12.178722	0.0	1113969	82	20.0
1608618697.15	20000	13.035199	0.0	820127	59	20.0
1608618697.73	20000	13.453893	0.0	6357933	469	20.0
1608618698.19	20000	13.993146	0.0	4814284	356	20.0
1608618698.55	20000	14.635644	0.0	3419258	263	20.0
1608618698.96	20000	15.232252	0.0	3944328	305	20.0
1608618699.74	20000	15.448863	0.0	4284196	683	20.0
1608618700.59	20000	15.600092	0.0	3022025	755	20.0
1608618701.38	20000	15.807505	0.0	2248581	702	20.0
1608618709.03	20000	9.157788	0.0	9946363	7505	20.0
1608618710.48	20000	8.713081	0.0	11684632	1301	20.0
1608618710.79	20000	9.399327	0.0	1849732	223	20.0
1608618711.12	20000	10.073986	0.0	1942795	237	20.0
1608618711.42	20000	10.771825	0.0	1704756	214	20.0
1608618711.73	20000	11.467465	0.0	1697111	216	20.0
1608618712.01	20000	12.184461	0.0	1529441	195	20.0
1608618712.3	20000	12.893628	0.0	1568649	202	20.0
