1608625032.91	4000	1.000999	0.016	60629	6	-0.31999999999999984
1608625034.62	20000	1.345446	0.964	11007815	1531	-15.280000000000001
1608625035.88	20000	1.35432	0.017	8849724	1133	19.66
1608625036.37	20000	1.907748	0.0	3191121	393	20.0
1608625036.66	20000	2.618923	0.0	1661718	203	20.0
1608625036.92	20000	3.365091	0.0	1315024	170	20.0
1608625037.09	20000	4.195807	0.0	698359	90	20.0
1608625037.26	20000	5.019762	0.0	730082	94	20.0
1608625037.88	20000	5.408536	0.0	4047415	515	20.0
1608625038.31	20000	5.982809	0.0	2863079	337	20.0
1608625038.88	20000	6.409507	0.0	4167844	469	20.0
1608625039.55	20000	6.741051	0.0	5571764	563	20.0
1608625040.2	20000	7.088542	0.0	4925652	552	20.0
1608625040.52	20000	7.765736	0.0	2030157	235	20.0
1608625040.86	20000	8.425951	0.0	2240782	253	20.0
1608625041.2	20000	9.095653	0.0	2211169	243	20.0
1608625041.32	20000	9.975005	0.0	382046	41	20.0
1608625041.53	20000	10.767741	0.0	1113969	123	20.0
1608625041.7	20000	11.596037	0.0	820127	90	20.0
1608625042.39	20000	11.90897	0.0	6357933	577	20.0
1608625042.93	20000	12.36212	0.0	4814284	444	20.0
1608625043.36	20000	12.932073	0.0	3419258	328	20.0
1608625043.86	20000	13.436554	0.0	3944328	399	20.0
1608625044.56	20000	13.737681	0.0	4284196	594	20.0
1608625045.11	20000	14.194324	0.0	3022025	450	20.0
1608625045.54	20000	14.756158	0.0	2248581	348	20.0
1608625046.88	20000	14.420827	0.0	9946363	1210	20.0
1608625048.15	20000	14.153497	0.0	11684632	1134	20.0
1608625048.41	20000	14.891797	0.0	1849732	167	20.0
1608625048.68	20000	15.629353	0.0	1942795	177	20.0
1608625048.91	20000	16.390522	0.0	1704756	152	20.0
1608625049.15	20000	17.152412	0.0	1697111	152	20.0
1608625049.38	20000	17.930318	0.0	1529441	138	20.0
1608625049.6	20000	18.707367	0.0	1568649	141	20.0
1608625049.84	20000	19.473696	0.0	1677618	149	20.0
1608625050.04	20000	20.274081	0.0	1415096	116	20.0
1608625050.28	20000	21.031137	0.0	1894067	156	20.0
1608625050.47	20000	21.845473	0.0	1186604	97	20.0
1608625050.64	20000	22.67483	0.0	1068386	87	20.0
1608625050.86	20000	23.450119	0.0	1700843	141	20.0
1608625051.17	20000	24.149576	0.0	2536859	213	20.0
1608625051.66	20000	24.651894	0.0	4742872	399	20.0
1608625052.23	20000	25.089957	0.0	4955535	459	20.0
1608625052.43	20000	25.889925	0.0	1260540	119	20.0
1608625052.87	20000	26.454121	0.0	3605246	343	20.0
1608625053.22	20000	27.098684	0.0	2770338	264	20.0
1608625053.48	20000	27.837054	0.0	1855168	177	20.0
1608625053.73	20000	28.594022	0.0	1666915	158	20.0
1608625053.96	20000	29.366992	0.0	1555467	143	20.0
1608625054.13	20000	30.194466	0.0	1008919	92	20.0
1608625054.33	20000	30.999918	0.0	1227619	112	20.0
1608625054.5	20000	31.826738	0.0	1015853	93	20.0
1608625054.61	20000	32.714988	0.0	384076	34	20.0
1608625054.73	20000	33.603752	0.0	295687	26	20.0
1608625054.92	20000	34.410748	0.0	1328674	112	20.0
1608625055.13	20000	35.204842	0.0	1492829	122	20.0
1608625055.33	20000	35.999956	0.0	1484812	122	20.0
1608625055.57	20000	36.761421	0.0	1868314	153	20.0
1608625055.76	20000	37.57744	0.0	1253406	102	20.0
1608625055.92	20000	38.41476	0.0	887933	84	20.0
1608625056.12	20000	39.218019	0.0	1153403	116	20.0
1608625056.33	20000	40.00917	0.0	1249023	126	20.0
1608625056.55	20000	40.783654	0.0	1423973	143	20.0
1608625056.74	20000	41.596245	0.0	1060162	107	20.0
1608625056.93	20000	42.414142	0.0	1080597	101	20.0
1608625057.11	20000	43.22924	0.0	1156442	105	20.0
1608625057.4	20000	43.940872	0.0	2222640	202	20.0
1608625057.73	20000	44.615359	0.0	2587311	236	20.0
1608625058.02	20000	45.325727	0.0	2178351	204	20.0
1608625058.41	20000	45.939208	0.0	3121089	295	20.0
1608625058.77	20000	46.579787	0.0	2857420	270	20.0
1608625058.99	20000	47.351757	0.0	1702477	143	20.0
1608625059.2	20000	48.145025	0.0	1531670	126	20.0
1608625059.44	20000	48.908966	0.0	1863424	153	20.0
1608625059.69	20000	49.660992	0.0	1987392	163	20.0
1608625059.97	20000	50.379875	0.0	2505586	195	20.0
1608625060.8	20000	50.555762	0.0	9620218	698	20.0
1608625061.06	20000	51.288912	0.0	2561608	178	20.0
1608625061.41	20000	51.942853	0.0	3633991	251	20.0
1608625061.74	20000	52.618448	0.0	3324070	231	20.0
1608625061.93	20000	53.425421	0.0	1560020	109	20.0
1608625062.12	20000	54.237524	0.0	1429188	105	20.0
1608625062.33	20000	55.023327	0.0	1754144	129	20.0
1608625062.55	20000	55.812723	0.0	1626020	120	20.0
1608625062.76	20000	56.598447	0.0	1739228	129	20.0
1608625063.0	20000	57.365083	0.0	1722735	150	20.0
1608625063.24	20000	58.126358	0.0	1538145	153	20.0
1608625063.47	20000	58.892034	0.0	1473412	146	20.0
1608625063.7	20000	59.659917	0.0	1498968	149	20.0
1608625065.0	20000	59.606019	0.0	2247334	201	20.0
1608625065.86	20000	59.607107	0.0	3156442	276	20.0
1608625066.67	20000	59.858129	0.0	1895098	214	20.0
1608625067.96	20000	59.609084	0.0	1939135	205	20.0
1608625068.75	20000	59.85491	0.0	1842874	196	20.0
1608625069.56	20000	59.860995	0.0	2235830	222	20.0
1608625070.85	20000	59.611948	0.0	2202171	205	20.0
1608625071.77	20000	59.613101	0.0	2242042	332	20.0
1608625072.51	20000	59.864053	0.0	1081763	152	20.0
1608625073.92	20000	59.615097	0.0	2409013	317	20.0
1608625074.87	20000	59.616077	0.0	1615028	361	20.0
1608625075.72	20000	59.861908	0.0	1413467	273	20.0
1608625076.58	20000	59.868003	0.0	1632450	266	20.0
1608625077.42	20000	59.962605	0.0	5664827	734	20.0
1608625078.63	20000	59.870035	0.0	4578115	614	20.0
1608625079.98	20000	59.621043	0.0	1783835	263	20.0
1608625080.79	20000	59.622077	0.0	1093613	225	20.0
1608625081.57	20000	59.873004	0.0	975642	194	20.0
1608625082.98	20000	59.624097	0.0	1658005	326	20.0
1608625083.42	20000	59.9688	0.0	3055257	339	20.0
1608625084.63	20000	59.875993	0.0	5355572	604	20.0
1608625085.65	20000	59.877127	0.0	3278424	430	20.0
1608625086.56	20000	59.878003	0.0	2318501	314	20.0
1608625088.0	20000	59.628991	0.0	2473561	354	20.0
1608625088.79	20000	59.630122	0.0	1730311	199	20.0
1608625089.54	20000	59.88111	0.0	1455812	167	20.0
1608625090.53	20000	59.882006	0.0	2869222	397	20.0
1608625091.56	20000	59.883016	0.0	3226650	439	20.0
1608625092.63	20000	59.884125	0.0	2705936	472	20.0
1608625093.89	20000	59.634921	0.0	2998622	673	20.0
1608625094.85	20000	59.636005	0.0	2928342	364	20.0
1608625095.7	20000	59.886998	0.0	3059979	262	20.0
1608625096.52	20000	59.888093	0.0	3367422	228	20.0
1608625097.72	20000	59.889002	0.0	1950694	106	20.0
1608625098.88	20000	59.640107	0.0	1541020	75	20.0
1608625099.62	20000	59.891062	0.0	2926720	149	20.0
1608625100.87	20000	59.642115	0.0	2991202	164	20.0
1608625101.63	20000	59.893037	0.0	3002106	169	20.0
1608625102.82	20000	59.64397	0.0	2015412	104	20.0
1608625103.61	20000	59.894973	0.0	2894863	195	20.0
1608625104.86	20000	59.646087	0.0	2185316	161	20.0
1608625105.68	20000	59.897156	0.0	3370605	225	20.0
1608625106.99	20000	59.648112	0.0	3492243	221	20.0
1608625107.67	20000	59.899002	0.0	1307592	88	20.0
1608625108.9	20000	59.650104	0.0	1881404	143	20.0
1608625109.62	20000	59.901021	0.0	1806471	133	20.0
1608625110.88	20000	59.652038	0.0	1945842	168	20.0
1608625111.69	20000	59.90303	0.0	2538877	215	20.0
1608625112.97	20000	59.654038	0.0	2298557	190	20.0
1608625113.78	20000	59.655075	0.0	2831497	215	20.0
1608625114.62	20000	59.905995	0.0	3200905	239	20.0
1608625115.87	20000	59.657036	0.0	2180586	164	20.0
1608625116.56	20000	59.9081	0.0	1500505	101	20.0
1608625117.9	20000	59.659024	0.0	1939246	251	20.0
1608625118.64	20000	59.909996	0.0	1599193	159	20.0
1608625119.94	20000	59.661111	0.0	2364826	207	20.0
1608625120.78	20000	59.661999	0.0	2517454	254	20.0
1608625121.7	20000	59.913072	0.0	1883143	332	20.0
1608625122.95	20000	59.664074	0.0	1726706	159	20.0
1608625123.57	20000	59.915112	0.0	707364	41	20.0
1608625124.72	20000	59.916082	0.0	796460	56	20.0
1608625125.84	20000	59.667005	0.0	596962	40	20.0
1608625126.98	20000	59.667977	0.0	947625	62	20.0
1608625127.61	20000	59.918936	0.0	832859	51	20.0
1608625128.7	20000	59.919978	0.0	151562	7	20.0
1608625129.77	20000	59.670894	0.0	90390	4	20.0
1608625130.83	20000	59.672103	0.0	50278	2	20.0
1608625131.88	20000	59.672995	0.0	26471	3	20.0
1608625132.92	20000	59.673996	0.0	40620	1	20.0
1608625133.29	4000	1.000999	0.053	334032	41	-1.06
1608625134.3	4000	1.335475	0.062	6594552	887	2.76
1608625135.62	20000	1.284086	0.25	8849724	1182	-1.0
1608625136.16	20000	1.816692	0.0	3191121	443	20.0
1608625136.47	20000	2.505753	0.0	1661718	225	20.0
1608625136.73	20000	3.246033	0.0	1315024	179	20.0
1608625136.91	20000	4.072959	0.0	698359	93	20.0
1608625137.08	20000	4.895964	0.0	730082	98	20.0
1608625137.88	20000	5.102329	0.0	4047415	698	20.0
1608625138.68	20000	5.301205	0.0	2863079	712	20.0
1608625140.0	20000	4.988228	0.0	4167844	1217	20.0
1608625141.69	20000	4.298528	0.0	5571764	1585	20.0
1608625142.42	20000	4.563134	0.0	4925652	632	20.0
1608625142.94	20000	5.046942	0.0	2030157	432	20.0
1608625143.47	20000	5.519554	0.0	2240782	442	20.0
1608625143.87	20000	6.123804	0.0	2211169	311	20.0
1608625144.0	20000	6.994277	0.0	382046	51	20.0
1608625144.23	20000	7.757428	0.0	1113969	155	20.0
1608625144.43	20000	8.56179	0.0	820127	117	20.0
1608625145.52	20000	8.469002	0.0	6357933	983	20.0
1608625145.91	20000	9.084459	0.0	4814284	285	20.0
1608625146.2	20000	9.790836	0.0	3419258	202	20.0
1608625146.55	20000	10.449049	0.0	3944328	247	20.0
1608625146.93	20000	11.06304	0.0	4284196	288	20.0
1608625147.23	20000	11.769004	0.0	3022025	203	20.0
1608625147.46	20000	12.535065	0.0	2248581	146	20.0
1608625148.16	20000	12.835742	0.0	9946363	565	20.0
1608625149.14	20000	12.857971	0.0	11684632	841	20.0
1608625149.37	20000	13.62921	0.0	1849732	143	20.0
1608625149.65	20000	14.35304	0.0	1942795	192	20.0
1608625149.9	20000	15.102003	0.0	1704756	168	20.0
1608625150.15	20000	15.851947	0.0	1697111	167	20.0
1608625150.39	20000	16.619091	0.0	1529441	150	20.0
1608625150.61	20000	17.392118	0.0	1568649	145	20.0
1608625150.86	20000	18.152653	0.0	1677618	154	20.0
