1609197384.31	4000	1.000999	0.015	60629	5	-0.2999999999999998
1609197385.29	4000	1.468701	0.416	6594552	838	-4.32
1609197386.65	16000	1.426033	0.0	8849724	1221	4.0
1609197387.25	20000	1.851698	0.0	3191121	494	16.0
1609197387.52	20000	2.58618	0.0	1661718	172	20.0
1609197387.74	20000	3.35946	0.0	1315024	136	20.0
1609197387.9	20000	4.20208	0.0	698359	71	20.0
1609197388.06	20000	5.043436	0.0	730082	74	20.0
1609197388.49	20000	5.619737	0.0	4047415	324	20.0
1609197388.82	20000	6.297234	0.0	2863079	229	20.0
1609197389.28	20000	6.825998	0.0	4167844	358	20.0
1609197389.93	20000	7.175035	0.0	5571764	541	20.0
1609197390.52	20000	7.592401	0.0	4925652	473	20.0
1609197390.8	20000	8.307884	0.0	2030157	194	20.0
1609197391.11	20000	9.003403	0.0	2240782	214	20.0
1609197391.46	20000	9.654888	0.0	2211169	255	20.0
1609197391.59	20000	10.527024	0.0	382046	43	20.0
1609197391.8	20000	11.312729	0.0	1113969	127	20.0
1609197391.98	20000	12.134073	0.0	820127	93	20.0
1609197392.71	20000	12.408756	0.0	6357933	615	20.0
1609197393.25	20000	12.867726	0.0	4814284	434	20.0
1609197393.61	20000	13.504692	0.0	3419258	260	20.0
1609197394.02	20000	14.099349	0.0	3944328	301	20.0
1609197394.42	20000	14.705672	0.0	4284196	288	20.0
1609197394.71	20000	15.407736	0.0	3022025	200	20.0
1609197394.96	20000	16.166633	0.0	2248581	148	20.0
1609197395.78	20000	16.348766	0.0	9946363	677	20.0
1609197396.68	20000	16.446726	0.0	11684632	759	20.0
1609197396.89	20000	17.239306	0.0	1849732	116	20.0
1609197397.1	20000	18.026891	0.0	1942795	121	20.0
1609197397.35	20000	18.779529	0.0	1704756	157	20.0
1609197397.6	20000	19.533451	0.0	1697111	155	20.0
1609197397.83	20000	20.30379	0.0	1529441	141	20.0
1609197398.06	20000	21.070643	0.0	1568649	144	20.0
1609197398.31	20000	21.826043	0.0	1677618	153	20.0
1609197398.53	20000	22.606079	0.0	1415096	131	20.0
1609197398.79	20000	23.339823	0.0	1894067	176	20.0
1609197398.99	20000	24.143747	0.0	1186604	109	20.0
1609197399.18	20000	24.9523	0.0	1068386	97	20.0
1609197399.45	20000	25.690023	0.0	1700843	172	20.0
1609197399.8	20000	26.339479	0.0	2536859	257	20.0
1609197401.37	20000	25.769377	0.0	4742872	1465	20.0
1609197402.25	20000	25.893929	0.0	4955535	766	20.0
1609197402.56	20000	26.578417	0.0	1260540	225	20.0
1609197403.28	20000	26.862038	0.0	3605246	613	20.0
1609197403.68	20000	27.466725	0.0	2770338	299	20.0
1609197403.97	20000	28.174958	0.0	1855168	200	20.0
1609197404.26	20000	28.886789	0.0	1666915	199	20.0
1609197404.69	20000	29.459909	0.0	1555467	338	20.0
1609197404.99	20000	30.155162	0.0	1008919	218	20.0
1609197405.39	20000	30.758734	0.0	1227619	307	20.0
1609197405.78	20000	31.365063	0.0	1015853	298	20.0
1609197405.98	20000	32.170258	0.0	384076	110	20.0
1609197406.15	20000	33.002917	0.0	295687	82	20.0
1609197406.45	20000	33.69863	0.0	1328674	215	20.0
1609197406.78	20000	34.368764	0.0	1492829	242	20.0
1609197407.13	20000	35.038135	0.0	1484812	241	20.0
1609197407.51	20000	35.641568	0.0	1868314	296	20.0
1609197407.8	20000	36.354948	0.0	1253406	198	20.0
1609197408.03	20000	37.128202	0.0	887933	140	20.0
1609197408.31	20000	37.846219	0.0	1153403	194	20.0
1609197408.64	20000	38.514093	0.0	1249023	244	20.0
1609197409.01	20000	39.146423	0.0	1423973	280	20.0
1609197409.65	20000	39.512884	0.0	1060162	548	20.0
1609197410.33	20000	39.82952	0.0	1080597	596	20.0
1609197410.79	20000	40.37582	0.0	1156442	366	20.0
1609197411.51	20000	40.653595	0.0	2222640	629	20.0
1609197412.24	20000	40.924934	0.0	2587311	632	20.0
1609197412.75	20000	41.411562	0.0	2178351	420	20.0
1609197413.35	20000	41.815744	0.0	3121089	498	20.0
1609197413.67	20000	42.499253	0.0	2857420	219	20.0
1609197413.89	20000	43.277504	0.0	1702477	130	20.0
1609197414.1	20000	44.070059	0.0	1531670	118	20.0
1609197414.37	20000	44.800806	0.0	1863424	176	20.0
1609197414.72	20000	45.455262	0.0	1987392	244	20.0
1609197415.12	20000	46.049859	0.0	2505586	310	20.0
1609197417.37	20000	44.805756	0.0	9620218	2115	20.0
1609197417.85	20000	45.322017	0.0	2561608	386	20.0
1609197418.42	20000	45.751823	0.0	3633991	470	20.0
1609197418.82	20000	46.361414	0.0	3324070	291	20.0
1609197419.04	20000	47.136456	0.0	1560020	136	20.0
1609197419.26	20000	47.92384	0.0	1429188	124	20.0
1609197419.56	20000	48.62307	0.0	1754144	211	20.0
1609197419.84	20000	49.338288	0.0	1626020	195	20.0
1609197420.14	20000	50.041069	0.0	1739228	208	20.0
1609197420.43	20000	50.753155	0.0	1722735	186	20.0
1609197420.68	20000	51.506891	0.0	1538145	157	20.0
1609197420.91	20000	52.269733	0.0	1473412	150	20.0
1609197421.16	20000	53.029472	0.0	1498968	153	20.0
1609197421.52	20000	53.667539	0.0	2247334	270	20.0
1609197422.03	20000	54.159415	0.0	3156442	410	20.0
1609197422.38	20000	54.805201	0.0	1895098	260	20.0
1609197422.84	20000	55.346538	0.0	1939135	366	20.0
1609197423.29	20000	55.90492	0.0	1842874	347	20.0
1609197423.81	20000	56.379015	0.0	2235830	431	20.0
1609197424.33	20000	56.861129	0.0	2202171	425	20.0
1609197425.17	20000	57.019259	0.0	2242042	743	20.0
1609197425.62	20000	57.572704	0.0	1081763	361	20.0
1609197426.53	20000	57.661305	0.0	2409013	820	20.0
1609197427.16	20000	58.038821	0.0	1615028	535	20.0
1609197427.72	20000	58.475747	0.0	1413467	476	20.0
1609197428.37	20000	58.827786	0.0	1632450	557	20.0
1609197430.26	20000	57.936514	0.0	5664827	1778	20.0
1609197432.17	20000	57.031824	0.0	4578115	1797	20.0
1609197432.99	20000	57.2158	0.0	1783835	725	20.0
1609197433.6	20000	57.60474	0.0	1093613	523	20.0
1609197434.35	20000	57.851214	0.0	975642	666	20.0
1609197435.13	20000	58.075393	0.0	1658005	685	20.0
1609197436.35	20000	57.854002	0.0	3055257	1123	20.0
1609197437.79	20000	57.415632	0.0	5355572	1326	20.0
1609197438.53	20000	57.673556	0.0	3278424	640	20.0
1609197438.91	20000	58.296885	0.0	2318501	283	20.0
1609197439.31	20000	58.896973	0.0	2473561	302	20.0
1609197439.59	20000	59.617529	0.0	1730311	185	20.0
1609197440.34	20000	59.891923	0.0	1455812	152	20.0
1609197441.35	20000	59.892898	0.0	2869222	412	20.0
1609197442.81	20000	59.643914	0.0	3226650	353	20.0
1609197443.7	20000	59.64491	0.0	2705936	296	20.0
1609197444.71	20000	59.645928	0.0	2998622	409	20.0
1609197445.64	20000	59.646904	0.0	2928342	329	20.0
1609197446.6	20000	59.64791	0.0	3059979	358	20.0
1609197447.51	20000	59.899003	0.0	3367422	314	20.0
1609197448.81	20000	59.649925	0.0	1950694	204	20.0
1609197449.25	20000	59.970027	0.0	1541020	354	20.0
1609197450.66	20000	59.651893	0.0	2926720	304	20.0
1609197451.59	20000	59.652898	0.0	2991202	331	20.0
1609197452.51	20000	59.903924	0.0	3002106	325	20.0
1609197453.34	20000	59.904915	0.0	2015412	238	20.0
1609197454.34	20000	59.906	0.0	2894863	394	20.0
1609197455.66	20000	59.656935	0.0	2185316	229	20.0
1609197456.68	20000	59.657898	0.0	3370605	419	20.0
1609197457.25	20000	59.977583	0.0	3492243	468	20.0
1609197458.52	20000	59.909917	0.0	1307592	174	20.0
1609197459.8	20000	59.660932	0.0	1881404	185	20.0
1609197460.53	20000	59.911982	0.0	1806471	143	20.0
1609197461.79	20000	59.662884	0.0	1945842	163	20.0
1609197462.56	20000	59.913912	0.0	2538877	177	20.0
1609197463.33	20000	59.915021	0.0	2298557	177	20.0
1609197464.64	20000	59.665925	0.0	2831497	213	20.0
1609197465.57	20000	59.842599	0.0	3200905	325	20.0
1609197466.36	20000	59.917993	0.0	2180586	200	20.0
1609197467.59	20000	59.668951	0.0	1500505	137	20.0
1609197468.34	20000	59.919936	0.0	1939246	156	20.0
1609197469.56	20000	59.920934	0.0	1599193	129	20.0
1609197470.33	20000	59.922	0.0	2364826	181	20.0
1609197471.62	20000	59.672938	0.0	2517454	191	20.0
1609197472.39	20000	59.923937	0.0	1883143	175	20.0
1609197473.64	20000	59.674939	0.0	1726706	161	20.0
1609197474.8	20000	59.675912	0.0	707364	61	20.0
1609197475.46	20000	59.926997	0.0	796460	69	20.0
1609197476.6	20000	59.6779	0.0	596962	50	20.0
1609197477.32	20000	59.929012	0.0	947625	136	20.0
1609197478.53	20000	59.929942	0.0	832859	120	20.0
1609197479.63	20000	59.680956	0.0	151562	14	20.0
1609197480.72	20000	59.682007	0.0	90390	8	20.0
1609197481.78	20000	59.683016	0.0	50278	3	20.0
1609197482.33	20000	59.933987	0.0	26471	1	20.0
1609197483.37	20000	59.935017	0.0	40620	2	20.0
1609197483.73	4000	1.000999	0.042	334032	30	-0.8399999999999999
1609197484.95	16000	1.318319	0.251	11007815	1045	-1.0199999999999996
1609197485.93	20000	1.437049	0.075	8849724	852	14.5
1609197486.34	20000	2.02674	0.0	3191121	312	20.0
1609197486.6	20000	2.796233	0.0	1661718	162	20.0
1609197486.8	20000	3.593266	0.0	1315024	116	20.0
1609197486.95	20000	4.451069	0.0	698359	58	20.0
1609197487.1	20000	5.298473	0.0	730082	60	20.0
1609197487.54	20000	5.855292	0.0	4047415	344	20.0
1609197487.89	20000	6.507286	0.0	2863079	253	20.0
1609197488.38	20000	7.023625	0.0	4167844	382	20.0
1609197489.02	20000	7.383152	0.0	5571764	532	20.0
1609197489.62	20000	7.783587	0.0	4925652	494	20.0
1609197489.89	20000	8.510927	0.0	2030157	182	20.0
1609197490.18	20000	9.221006	0.0	2240782	196	20.0
1609197490.47	20000	9.93612	0.0	2211169	194	20.0
1609197490.59	20000	10.821272	0.0	382046	32	20.0
1609197490.77	20000	11.639411	0.0	1113969	95	20.0
1609197490.92	20000	12.483168	0.0	820127	71	20.0
1609197491.57	20000	12.835164	0.0	6357933	536	20.0
1609197492.06	20000	13.350011	0.0	4814284	378	20.0
1609197492.43	20000	13.985875	0.0	3419258	263	20.0
1609197492.83	20000	14.579847	0.0	3944328	303	20.0
1609197493.27	20000	15.146658	0.0	4284196	330	20.0
1609197493.6	20000	15.816991	0.0	3022025	233	20.0
1609197493.91	20000	16.507427	0.0	2248581	216	20.0
1609197495.02	20000	16.401379	0.0	9946363	963	20.0
1609197495.85	20000	16.569981	0.0	11684632	690	20.0
1609197496.09	20000	17.336357	0.0	1849732	142	20.0
1609197496.33	20000	18.08721	0.0	1942795	149	20.0
1609197496.56	20000	18.866267	0.0	1704756	131	20.0
1609197496.78	20000	19.645594	0.0	1697111	130	20.0
1609197496.97	20000	20.455948	0.0	1529441	100	20.0
1609197497.16	20000	21.264661	0.0	1568649	103	20.0
1609197497.36	20000	22.066752	0.0	1677618	110	20.0
1609197497.54	20000	22.88788	0.0	1415096	93	20.0
