1608548286.38	4000	1.000999	0.03	60629	20	-0.6000000000000001
1608548289.41	4000	1.256153	2.254	6594552	2881	-41.08
1608548291.54	4000	1.389074	0.936	4402139	2034	-14.719999999999999
1608548293.11	20000	1.31223	0.475	3191121	1465	-5.5
1608548293.88	20000	1.537261	0.0	1661718	687	20.0
1608548294.82	20000	1.602004	0.0	1315024	849	20.0
1608548295.2	20000	2.220092	0.0	698359	298	20.0
1608548295.43	20000	2.991655	0.0	730082	145	20.0
1608548296.4	20000	3.027685	0.0	4047415	860	20.0
1608548297.19	20000	3.240213	0.0	2863079	692	20.0
1608548298.19	20000	3.241092	0.0	4167844	901	20.0
1608548299.16	20000	3.27237	0.0	5571764	860	20.0
1608548300.36	20000	3.075	0.0	4925652	1092	20.0
1608548300.87	20000	3.562636	0.0	2030157	420	20.0
1608548301.44	20000	3.996858	0.0	2240782	475	20.0
1608548302.01	20000	4.423062	0.0	2211169	482	20.0
1608548302.17	20000	5.264046	0.0	382046	78	20.0
1608548303.17	20000	5.263412	0.0	1113969	915	20.0
1608548303.43	20000	6.003679	0.0	820127	172	20.0
1608548304.92	20000	5.517849	0.0	6357933	1375	20.0
1608548306.36	20000	5.083192	0.0	4814284	1330	20.0
1608548307.49	20000	4.952196	0.0	3419258	1034	20.0
1608548308.24	20000	5.204739	0.0	3944328	647	20.0
1608548310.38	20000	4.072056	0.0	4284196	2031	20.0
1608548311.58	20000	3.866123	0.0	3022025	1100	20.0
1608548312.59	20000	3.856715	0.0	2248581	920	20.0
1608548315.47	12000	1.974395	0.0	8032438	2746	4.0
1608548319.44	8000	1.311117	2.306	7838407	3848	-42.12
1608548320.44	20000	1.368366	0.059	1849732	909	6.82
1608548321.41	20000	1.428901	0.023	1942795	875	19.54
1608548321.85	20000	1.988069	0.0	1704756	353	20.0
1608548322.29	20000	2.54989	0.0	1697111	351	20.0
1608548323.41	20000	2.427618	0.0	1529441	1032	20.0
1608548324.39	20000	2.451627	0.0	1568649	886	20.0
1608548324.94	20000	2.90133	0.0	1677618	463	20.0
1608548325.39	20000	3.452295	0.0	1415096	363	20.0
1608548325.88	20000	3.962146	0.0	1894067	402	20.0
1608548326.22	20000	4.627299	0.0	1186604	251	20.0
1608548326.98	20000	4.868862	0.0	1068386	674	20.0
1608548327.73	20000	5.117126	0.0	1700843	664	20.0
1608548328.51	20000	5.333885	0.0	2536859	693	20.0
1608548329.77	20000	5.082226	0.0	4742872	1146	20.0
1608548331.6	20000	4.245834	0.0	4955535	1734	20.0
1608548332.04	20000	4.812866	0.0	1260540	346	20.0
1608548333.42	20000	4.435539	0.0	3605246	1280	20.0
1608548334.06	20000	4.793612	0.0	2770338	548	20.0
1608548334.52	20000	5.329303	0.0	1855168	378	20.0
1608548334.97	20000	5.878717	0.0	1666915	363	20.0
1608548335.39	20000	6.45962	0.0	1555467	333	20.0
1608548335.67	20000	7.180578	0.0	1008919	197	20.0
1608548336.0	20000	7.852528	0.0	1227619	241	20.0
1608548336.29	20000	8.570891	0.0	1015853	198	20.0
1608548336.44	20000	9.421501	0.0	384076	70	20.0
1608548336.58	20000	10.283599	0.0	295687	55	20.0
1608548336.93	20000	10.931316	0.0	1328674	261	20.0
1608548337.31	20000	11.548659	0.0	1492829	293	20.0
1608548337.67	20000	12.194385	0.0	1484812	267	20.0
1608548338.1	20000	12.767542	0.0	1868314	336	20.0
1608548338.41	20000	13.457189	0.0	1253406	222	20.0
1608548338.65	20000	14.214947	0.0	887933	158	20.0
1608548338.94	20000	14.922327	0.0	1153403	206	20.0
1608548339.26	20000	15.612156	0.0	1249023	224	20.0
1608548339.58	20000	16.2844	0.0	1423973	242	20.0
1608548339.85	20000	17.02248	0.0	1060162	178	20.0
1608548340.11	20000	17.756772	0.0	1080597	181	20.0
1608548340.39	20000	18.477857	0.0	1156442	194	20.0
1608548340.79	20000	19.087221	0.0	2222640	302	20.0
1608548341.23	20000	19.64157	0.0	2587311	352	20.0
1608548341.65	20000	20.223754	0.0	2178351	328	20.0
1608548342.25	20000	20.629892	0.0	3121089	499	20.0
1608548343.61	20000	20.265358	0.0	2857420	1271	20.0
1608548343.93	20000	20.94822	0.0	1702477	227	20.0
1608548344.22	20000	21.655933	0.0	1531670	204	20.0
1608548344.6	20000	22.27965	0.0	1863424	287	20.0
1608548345.04	20000	22.839146	0.0	1987392	350	20.0
1608548345.64	20000	23.240129	0.0	2505586	507	20.0
1608548350.09	20000	19.792914	0.0	9620218	4311	20.0
1608548351.59	20000	19.291889	0.0	2561608	1407	20.0
1608548352.6	20000	19.284217	0.0	3633991	909	20.0
1608548353.19	20000	19.698371	0.0	3324070	485	20.0
1608548353.5	20000	20.383194	0.0	1560020	229	20.0
1608548353.88	20000	21.009923	0.0	1429188	288	20.0
1608548354.32	20000	21.568678	0.0	1754144	354	20.0
1608548354.76	20000	22.130186	0.0	1626020	350	20.0
1608548355.24	20000	22.651878	0.0	1739228	389	20.0
1608548355.74	20000	23.149712	0.0	1722735	415	20.0
1608548356.23	20000	23.666086	0.0	1538145	397	20.0
1608548356.65	20000	24.246356	0.0	1473412	333	20.0
1608548357.03	20000	24.864453	0.0	1498968	295	20.0
1608548357.56	20000	25.336533	0.0	2247334	437	20.0
1608548358.23	20000	25.669326	0.0	3156442	570	20.0
1608548358.69	20000	26.210778	0.0	1895098	371	20.0
1608548359.21	20000	26.686915	0.0	1939135	435	20.0
1608548359.66	20000	27.241357	0.0	1842874	356	20.0
1608548360.11	20000	27.793445	0.0	2235830	356	20.0
1608548360.55	20000	28.3504	0.0	2202171	353	20.0
1608548361.12	20000	28.78255	0.0	2242042	477	20.0
1608548361.44	20000	29.466913	0.0	1081763	228	20.0
1608548362.88	20000	29.025116	0.0	2409013	1348	20.0
1608548363.56	20000	29.34254	0.0	1615028	594	20.0
1608548363.99	20000	29.912013	0.0	1413467	343	20.0
1608548364.48	20000	30.427325	0.0	1632450	397	20.0
1608548366.7	20000	29.211085	0.0	5664827	2104	20.0
1608548367.47	20000	29.447348	0.0	4578115	657	20.0
1608548367.83	20000	30.081628	0.0	1783835	270	20.0
1608548368.08	20000	30.830016	0.0	1093613	167	20.0
1608548368.31	20000	31.597738	0.0	975642	148	20.0
1608548368.68	20000	32.236432	0.0	1658005	273	20.0
1608548369.38	20000	32.538399	0.0	3055257	604	20.0
1608548370.32	20000	32.596432	0.0	5355572	838	20.0
1608548370.81	20000	33.106509	0.0	3278424	395	20.0
1608548371.14	20000	33.777983	0.0	2318501	237	20.0
1608548371.49	20000	34.431578	0.0	2473561	254	20.0
1608548371.77	20000	35.151608	0.0	1730311	193	20.0
1608548372.02	20000	35.900375	0.0	1455812	165	20.0
1608548372.44	20000	36.479857	0.0	2869222	327	20.0
1608548372.93	20000	36.992464	0.0	3226650	393	20.0
1608548373.36	20000	37.563826	0.0	2705936	336	20.0
1608548373.81	20000	38.110915	0.0	2998622	359	20.0
1608548374.25	20000	38.674962	0.0	2928342	343	20.0
1608548374.72	20000	39.207705	0.0	3059979	372	20.0
1608548375.28	20000	39.643174	0.0	3367422	467	20.0
1608548375.64	20000	40.291279	0.0	1950694	262	20.0
1608548375.88	20000	41.050116	0.0	1541020	152	20.0
1608548376.27	20000	41.66523	0.0	2926720	289	20.0
1608548376.65	20000	42.282125	0.0	2991202	288	20.0
1608548376.94	20000	42.993888	0.0	3002106	195	20.0
1608548377.16	20000	43.771966	0.0	2015412	131	20.0
1608548377.45	20000	44.487814	0.0	2894863	188	20.0
1608548377.7	20000	45.239124	0.0	2185316	155	20.0
1608548378.09	20000	45.850934	0.0	3370605	289	20.0
1608548378.48	20000	46.45307	0.0	3492243	299	20.0
1608548378.71	20000	47.22548	0.0	1307592	141	20.0
1608548379.07	20000	47.873576	0.0	1881404	264	20.0
1608548379.41	20000	48.53229	0.0	1806471	253	20.0
1608548379.76	20000	49.17813	0.0	1945842	266	20.0
1608548380.2	20000	49.746414	0.0	2538877	340	20.0
1608548380.59	20000	50.349348	0.0	2298557	308	20.0
1608548381.66	20000	50.279659	0.0	2831497	976	20.0
1608548382.95	20000	49.998662	0.0	3200905	1186	20.0
1608548383.46	20000	50.489563	0.0	2180586	421	20.0
1608548386.85	20000	48.098656	0.0	1500505	3292	20.0
1608548387.72	20000	48.22773	0.0	1939246	782	20.0
1608548388.25	20000	48.700465	0.0	1599193	441	20.0
1608548389.32	20000	48.634951	0.0	2364826	977	20.0
1608548390.37	20000	48.581285	0.0	2517454	963	20.0
1608548391.37	20000	48.58674	0.0	1883143	907	20.0
1608548391.94	20000	49.01671	0.0	1726706	483	20.0
1608548392.14	20000	49.811364	0.0	707364	123	20.0
1608548392.37	20000	50.589962	0.0	796460	139	20.0
1608548392.55	20000	51.405568	0.0	596962	103	20.0
1608548392.78	20000	52.176202	0.0	947625	145	20.0
1608548392.98	20000	52.97913	0.0	832859	113	20.0
1608548393.08	20000	53.880581	0.0	151562	18	20.0
1608548393.16	20000	54.797238	0.0	90390	10	20.0
1608548393.23	20000	55.73504	0.0	50278	4	20.0
1608548393.27	20000	56.687959	0.0	26471	4	20.0
1608548393.31	20000	57.650061	0.0	40620	3	20.0
1608548393.34	8000	58.056306	6.083	11647	8	-121.66
1608548393.72	4000	1.000999	-6.028	335737	44	120.56
1608548395.16	4000	1.336527	0.497	6594552	1307	-5.9399999999999995
1608548396.95	8000	1.297513	0.729	7078153	1671	-10.58
1608548397.69	20000	1.610898	0.0	3191121	631	8.0
1608548398.11	20000	2.188585	0.0	1661718	335	20.0
1608548398.46	20000	2.838873	0.0	1315024	264	20.0
1608548398.69	20000	3.618705	0.0	698359	139	20.0
1608548398.91	20000	4.389878	0.0	730082	142	20.0
1608548399.82	20000	4.488732	0.0	4047415	804	20.0
1608548400.54	20000	4.769719	0.0	2863079	627	20.0
1608548401.66	20000	4.643473	0.0	4167844	1026	20.0
1608548403.05	20000	4.256155	0.0	5571764	1279	20.0
1608548404.28	20000	4.03212	0.0	4925652	1118	20.0
1608548404.83	20000	4.475867	0.0	2030157	464	20.0
1608548405.46	20000	4.852279	0.0	2240782	531	20.0
1608548406.03	20000	5.280159	0.0	2211169	481	20.0
1608548406.19	20000	6.12411	0.0	382046	74	20.0
1608548406.5	20000	6.810066	0.0	1113969	221	20.0
1608548406.75	20000	7.56388	0.0	820127	164	20.0
1608548408.28	20000	7.034891	0.0	6357933	1417	20.0
1608548409.76	20000	6.558973	0.0	4814284	1367	20.0
1608548410.84	20000	6.477094	0.0	3419258	981	20.0
1608548411.96	20000	6.362741	0.0	3944328	1010	20.0
1608548413.26	20000	6.061733	0.0	4284196	1197	20.0
1608548414.29	20000	6.025925	0.0	3022025	939	20.0
1608548415.2	20000	6.123743	0.0	2248581	806	20.0
1608548417.79	20000	4.534822	0.0	9946363	2439	20.0
1608548421.76	20000	1.561057	0.0	11684632	3823	20.0
1608548422.31	20000	2.011845	0.0	1849732	459	20.0
1608548422.86	20000	2.462513	0.0	1942795	460	20.0
1608548423.46	20000	2.870883	0.0	1704756	503	20.0
1608548424.07	20000	3.26114	0.0	1697111	523	20.0
