1608524776.57	4000	1.000999	0.014	60629	5	-0.44799999999999995
1608524777.91	20000	1.260476	0.561	11007815	1235	-13.952000000000002
1608524778.99	16000	1.500544	0.0	8849724	1022	12.0
1608524779.33	12000	2.163907	0.0	2846282	304	8.0
1608524779.48	12000	3.019784	0.0	1379579	126	12.0
1608524779.59	12000	3.926734	0.0	1083781	97	12.0
1608524779.67	16000	4.847789	0.0	698359	62	12.0
1608524779.75	20000	5.7695	0.0	730082	64	16.0
1608524780.15	20000	6.372752	0.0	4047415	366	20.0
1608524780.43	20000	7.09349	0.0	2863079	254	20.0
1608524780.81	20000	7.717064	0.0	4167844	339	20.0
1608524781.3	20000	8.221565	0.0	5571764	455	20.0
1608524781.76	20000	8.768541	0.0	4925652	415	20.0
1608524781.95	20000	9.576843	0.0	2030157	172	20.0
1608524782.16	20000	10.366118	0.0	2240782	190	20.0
1608524782.37	20000	11.157894	0.0	2211169	188	20.0
1608524782.42	20000	12.11083	0.0	382046	34	20.0
1608524782.54	20000	12.990251	0.0	1113969	106	20.0
1608524782.63	20000	13.898675	0.0	820127	77	20.0
1608524783.29	20000	14.241295	0.0	6357933	608	20.0
1608524783.83	20000	14.703034	0.0	4814284	501	20.0
1608524784.22	20000	15.311711	0.0	3419258	362	20.0
1608524784.78	20000	15.757541	0.0	3944328	523	20.0
1608524785.45	20000	16.088099	0.0	4284196	636	20.0
1608524785.85	16000	16.690169	0.0	3022025	372	12.0
1608524786.15	16000	17.391899	0.0	2248581	277	16.0
1608524787.21	16000	17.333539	0.0	9946363	997	16.0
1608524788.32	16000	17.219765	0.0	11684632	1045	16.0
1608524788.49	16000	18.05087	0.0	1849732	148	16.0
1608524788.65	16000	18.893716	0.0	1942795	137	16.0
1608524788.79	20000	19.752669	0.0	1704756	120	16.0
1608524788.93	20000	20.614086	0.0	1697111	120	20.0
1608524789.06	20000	21.487901	0.0	1529441	108	20.0
1608524789.19	20000	22.353864	0.0	1568649	109	20.0
1608524789.33	20000	23.217564	0.0	1677618	119	20.0
1608524789.45	20000	24.102008	0.0	1415096	98	20.0
1608524789.59	20000	24.962219	0.0	1894067	119	20.0
1608524789.68	20000	25.872042	0.0	1186604	74	20.0
1608524789.76	20000	26.788481	0.0	1068386	66	20.0
1608524789.89	20000	27.66157	0.0	1700843	106	20.0
1608524790.08	20000	28.477476	0.0	2536859	159	20.0
1608524790.41	20000	29.141982	0.0	4742872	300	20.0
1608524790.72	20000	29.833034	0.0	4955535	270	20.0
1608524790.81	20000	30.748059	0.0	1260540	67	20.0
1608524791.03	20000	31.525287	0.0	3605246	196	20.0
1608524791.2	20000	32.352866	0.0	2770338	149	20.0
1608524791.32	20000	33.235215	0.0	1855168	100	20.0
1608524791.43	20000	34.128879	0.0	1666915	89	20.0
1608524791.52	20000	35.040736	0.0	1555467	72	20.0
1608524791.58	20000	35.979611	0.0	1008919	47	20.0
1608524791.65	20000	36.907248	0.0	1227619	57	20.0
1608524791.72	20000	37.846021	0.0	1015853	47	20.0
1608524791.75	20000	38.817897	0.0	384076	17	20.0
1608524791.77	20000	39.795418	0.0	295687	13	20.0
1608524791.85	20000	40.720471	0.0	1328674	61	20.0
1608524791.93	20000	41.633896	0.0	1492829	69	20.0
1608524792.02	20000	42.548656	0.0	1484812	69	20.0
1608524792.13	20000	43.443778	0.0	1868314	86	20.0
1608524792.2	20000	44.369889	0.0	1253406	58	20.0
1608524792.26	20000	45.313232	0.0	887933	42	20.0
1608524792.33	20000	46.244031	0.0	1153403	53	20.0
1608524792.4	20000	47.169789	0.0	1249023	57	20.0
1608524792.48	20000	48.090127	0.0	1423973	62	20.0
1608524792.55	20000	49.028761	0.0	1060162	46	20.0
1608524792.61	20000	49.966559	0.0	1080597	47	20.0
1608524792.69	20000	50.894979	0.0	1156442	54	20.0
1608524792.8	20000	51.775005	0.0	2222640	96	20.0
1608524792.94	20000	52.638936	0.0	2587311	111	20.0
1608524793.06	20000	53.521889	0.0	2178351	94	20.0
1608524793.23	20000	54.354133	0.0	3121089	139	20.0
1608524793.38	20000	55.205018	0.0	2857420	123	20.0
1608524793.47	20000	56.111786	0.0	1702477	72	20.0
1608524793.56	20000	57.026848	0.0	1531670	66	20.0
1608524793.66	20000	57.92602	0.0	1863424	81	20.0
1608524793.77	20000	58.818367	0.0	1987392	86	20.0
1608524793.9	20000	59.687616	0.0	2505586	109	20.0
1608524794.88	20000	59.843496	0.0	9620218	419	20.0
1608524796.03	20000	59.594508	0.0	2561608	120	20.0
1608524796.76	20000	59.8455	0.0	3633991	204	20.0
1608524797.99	20000	59.846554	0.0	3324070	196	20.0
1608524799.1	20000	59.597497	0.0	1560020	86	20.0
1608524800.2	20000	59.598561	0.0	1429188	77	20.0
1608524800.81	20000	59.849508	0.0	1754144	96	20.0
1608524801.93	20000	59.850502	0.0	1626020	95	20.0
1608524803.06	20000	59.601516	0.0	1739228	103	20.0
1608524804.17	20000	59.602496	0.0	1722735	94	20.0
1608524804.78	20000	59.853496	0.0	1538145	89	20.0
1608524805.89	20000	59.854498	0.0	1473412	88	20.0
1608524807.0	20000	59.605484	0.0	1498968	86	20.0
1608524808.15	20000	59.606579	0.0	2247334	129	20.0
1608524808.86	20000	59.857491	0.0	3156442	178	20.0
1608524810.0	20000	59.608496	0.0	1895098	113	20.0
1608524811.16	20000	59.60949	0.0	1939135	134	20.0
1608524811.83	20000	59.860499	0.0	1842874	152	20.0
1608524813.11	20000	59.611514	0.0	2235830	254	20.0
1608524814.03	20000	59.612498	0.0	2202171	295	20.0
1608524814.81	20000	59.863509	0.0	2242042	261	20.0
1608524815.93	20000	59.864499	0.0	1081763	96	20.0
1608524817.16	20000	59.61549	0.0	2409013	203	20.0
1608524817.84	20000	59.866487	0.0	1615028	160	20.0
1608524819.02	20000	59.617493	0.0	1413467	154	20.0
1608524820.24	20000	59.618495	0.0	1632450	203	20.0
1608524820.87	20000	59.745337	0.0	5664827	583	20.0
1608524821.85	20000	59.870498	0.0	4578115	444	20.0
1608524823.05	20000	59.621531	0.0	1783835	179	20.0
1608524824.19	20000	59.62252	0.0	1093613	122	20.0
1608524824.83	20000	59.873528	0.0	975642	115	20.0
1608524826.05	20000	59.62451	0.0	1658005	195	20.0
1608524826.68	20000	59.936461	0.0	3055257	613	20.0
1608524828.16	20000	59.46397	0.0	5355572	1434	20.0
1608524829.06	8000	59.627505	0.0	1820110	372	-4.0
1608524829.8	8000	59.878585	0.0	1448467	219	8.0
1608524831.0	8000	59.629522	0.0	1521463	179	8.0
1608524832.12	8000	59.630521	0.0	1006183	102	8.0
1608524833.23	8000	59.63152	0.0	831839	93	8.0
1608524834.11	20000	59.632522	0.0	2869222	351	8.0
1608524834.99	20000	59.883497	0.0	3226650	353	20.0
1608524835.82	20000	59.884576	0.0	2705936	301	20.0
1608524837.17	20000	59.635501	0.0	2998622	320	20.0
1608524837.96	20000	59.886629	0.0	2928342	272	20.0
1608524839.24	20000	59.637509	0.0	3059979	247	20.0
1608524840.03	20000	59.638491	0.0	3367422	260	20.0
1608524841.21	20000	59.639592	0.0	1950694	163	20.0
1608524841.85	20000	59.890498	0.0	1541020	116	20.0
1608524843.1	20000	59.6415	0.0	2926720	224	20.0
1608524843.83	20000	59.892496	0.0	2991202	199	20.0
1608524845.03	20000	59.643435	0.0	3002106	167	20.0
1608524846.19	20000	59.644523	0.0	2015412	132	20.0
1608524846.92	20000	59.895515	0.0	2894863	197	20.0
1608524848.09	20000	59.646522	0.0	2185316	155	20.0
1608524848.9	20000	59.897489	0.0	3370605	272	20.0
1608524850.21	20000	59.648598	0.0	3492243	288	20.0
1608524850.84	20000	59.899526	0.0	1307592	102	20.0
1608524852.03	20000	59.650498	0.0	1881404	167	20.0
1608524852.79	20000	59.901517	0.0	1806471	245	20.0
1608524854.01	20000	59.65251	0.0	1945842	187	20.0
1608524855.22	20000	59.653527	0.0	2538877	187	20.0
1608524855.95	20000	59.904278	0.0	2298557	211	20.0
1608524857.22	20000	59.655544	0.0	2831497	241	20.0
1608524858.02	20000	59.65651	0.0	3200905	271	20.0
1608524858.75	20000	59.907523	0.0	2180586	199	20.0
1608524859.9	20000	59.908525	0.0	1500505	130	20.0
1608524861.08	20000	59.659521	0.0	1939246	160	20.0
1608524861.83	20000	59.910516	0.0	1599193	230	20.0
1608524863.12	20000	59.661374	0.0	2364826	264	20.0
1608524863.81	20000	59.912371	0.0	2517454	174	20.0
1608524864.97	20000	59.913483	0.0	1883143	131	20.0
1608524866.11	20000	59.664542	0.0	1726706	123	20.0
1608524867.18	20000	59.665506	0.0	707364	51	20.0
1608524867.75	20000	59.916386	0.0	796460	60	20.0
1608524868.81	20000	59.91735	0.0	596962	45	20.0
1608524869.9	20000	59.918346	0.0	947625	72	20.0
1608524870.99	20000	59.919341	0.0	832859	66	20.0
1608524872.01	20000	59.670257	0.0	151562	10	20.0
1608524873.03	20000	59.671388	0.0	90390	5	20.0
1608524874.05	20000	59.672375	0.0	50278	1	20.0
1608524875.06	16000	59.673477	0.0	26471	3	12.0
1608524876.08	8000	59.674477	0.0	26015	1	0.0
1608524876.36	4000	1.000999	0.013	60629	3	-0.4159999999999999
1608524877.24	20000	1.281586	0.139	11007815	782	-0.4480000000000004
1608524877.93	20000	1.821363	0.0	8849724	629	20.0
1608524878.19	16000	2.559009	0.0	3191121	235	12.0
1608524878.33	16000	3.513977	0.0	1661718	123	16.0
1608524878.45	16000	4.408421	0.0	1315024	95	16.0
1608524878.52	20000	5.343533	0.0	698359	51	16.0
1608524878.59	20000	6.269373	0.0	730082	53	20.0
1608524878.93	20000	6.954854	0.0	4047415	303	20.0
1608524879.19	20000	7.692046	0.0	2863079	239	20.0
1608524879.58	20000	8.305594	0.0	4167844	356	20.0
1608524880.12	20000	8.771913	0.0	5571764	496	20.0
1608524880.68	20000	9.207513	0.0	4925652	528	20.0
1608524880.92	20000	9.969529	0.0	2030157	217	20.0
1608524881.16	20000	10.735718	0.0	2240782	212	20.0
1608524881.38	20000	11.51303	0.0	2211169	202	20.0
1608524881.43	20000	12.467343	0.0	382046	34	20.0
1608524881.54	20000	13.350815	0.0	1113969	101	20.0
1608524881.63	20000	14.262531	0.0	820127	74	20.0
1608524882.26	20000	14.639351	0.0	6357933	583	20.0
1608524882.74	20000	15.160837	0.0	4814284	441	20.0
1608524883.09	20000	15.810843	0.0	3419258	321	20.0
1608524883.55	20000	16.35342	0.0	3944328	429	20.0
1608524884.04	20000	16.857704	0.0	4284196	466	20.0
1608524884.43	20000	17.47609	0.0	3022025	357	20.0
1608524884.72	20000	18.187121	0.0	2248581	264	20.0
1608524885.98	20000	17.921014	0.0	9946363	1202	20.0
1608524887.5	16000	17.409787	0.0	11684632	1443	12.0
1608524887.74	12000	18.166533	0.0	1491397	218	8.0
1608524887.99	12000	18.920671	0.0	1560434	229	12.0
1608524888.21	12000	19.695092	0.0	1396705	207	12.0
1608524888.44	12000	20.46863	0.0	1392963	210	12.0
1608524888.69	16000	21.218122	0.0	1529441	230	12.0
1608524888.95	20000	21.962888	0.0	1568649	235	16.0
