1608622943.18	4000	1.000999	0.125	60629	114	-4.0
1608622959.02	20000	1.410417	15.23	11007815	15742	-483.36
1608622960.47	2000	1.322331	0.103	1121405	1419	-19.296
1608622961.41	2000	1.442384	0.048	728514	928	0.46399999999999997
1608622962.34	2000	1.510973	0.0	508013	918	2.0
1608622963.24	2000	1.618477	0.0	395538	881	2.0
1608622963.65	2000	2.204999	0.0	297276	402	2.0
1608622964.0	2000	2.860568	0.0	247728	333	2.0
1608622966.09	2000	1.765345	0.0	1172629	2080	2.0
1608622967.1	2000	1.764154	0.0	740561	988	2.0
1608622967.93	2000	1.926709	0.0	905521	824	2.0
1608622968.92	2000	1.94551	0.0	975494	968	2.0
1608622969.73	2000	2.128698	0.0	873443	803	2.0
1608622970.11	2000	2.751522	0.0	420093	365	2.0
1608622970.51	2000	3.354804	0.0	432386	385	2.0
1608622970.91	2000	3.955426	0.0	430845	389	2.0
1608622971.02	2000	4.850638	0.0	114664	94	2.0
1608622971.33	4000	5.538437	0.0	376357	297	2.0
1608622971.49	4000	6.374298	0.0	197626	154	4.0
1608622974.57	4000	4.303015	0.0	2995445	3049	4.0
1608622975.73	2000	4.143137	0.0	922146	1144	0.0
1608622976.33	2000	4.767998	0.0	760526	589	2.0
1608622976.99	2000	5.109588	0.0	866360	646	2.0
1608622977.6	2000	5.49848	0.0	821406	598	2.0
1608622978.04	2000	6.061441	0.0	576666	424	2.0
1608622978.31	2000	6.797612	0.0	399536	251	2.0
1608622981.51	4000	4.591786	0.0	4647286	3164	2.0
1608622984.19	2000	2.91119	0.0	2158640	2659	0.0
1608622984.56	2000	3.551249	0.0	352618	348	2.0
1608622984.93	2000	4.179894	0.0	355918	361	2.0
1608622985.28	2000	5.027986	0.0	335697	343	2.0
1608622985.75	2000	5.584022	0.0	336592	454	2.0
1608622986.11	2000	6.225092	0.0	257949	346	2.0
1608622986.41	2000	6.92746	0.0	254944	286	2.0
1608622986.75	2000	7.593107	0.0	280530	324	2.0
1608622987.07	2000	8.265959	0.0	274347	317	2.0
1608622987.67	2000	8.666544	0.0	407719	588	2.0
1608622988.05	2000	9.296391	0.0	221839	359	2.0
1608622988.37	2000	9.975515	0.0	208863	310	2.0
1608622988.92	2000	10.421167	0.0	331412	543	2.0
1608622989.83	2000	10.51183	0.0	560025	898	2.0
1608622990.5	2000	10.846254	0.0	480043	655	2.0
1608622991.25	2000	11.0985	0.0	639392	736	2.0
1608622991.76	2000	11.585233	0.0	307952	502	2.0
1608622993.01	2000	11.339054	0.0	852435	1233	2.0
1608622994.0	2000	11.346512	0.0	548688	981	2.0
1608622994.53	2000	11.817555	0.0	370252	519	2.0
1608622994.93	2000	12.423476	0.0	330522	383	2.0
1608622995.27	2000	13.08371	0.0	298688	328	2.0
1608622995.6	2000	13.748915	0.0	200752	324	2.0
1608622996.07	2000	14.279936	0.0	280436	459	2.0
1608622996.44	2000	14.918092	0.0	254413	351	2.0
1608622996.57	2000	15.790954	0.0	92084	116	2.0
1608622996.68	2000	16.673136	0.0	85090	107	2.0
1608622997.08	2000	17.275608	0.0	285433	387	2.0
1608622997.52	2000	17.83701	0.0	361866	429	2.0
1608622998.62	4000	17.742256	0.0	808254	1081	2.0
1608622999.37	2000	17.991753	0.0	396965	736	0.0
1608622999.74	2000	18.6244	0.0	264442	356	2.0
1608623000.02	2000	19.344712	0.0	201160	269	2.0
1608623000.33	2000	20.036084	0.0	227906	298	2.0
1608623000.96	2000	20.406242	0.0	301480	619	2.0
1608623001.5	2000	20.863939	0.0	401522	531	2.0
1608623001.78	2000	21.58922	0.0	296659	264	2.0
1608623002.06	2000	22.305713	0.0	306130	273	2.0
1608623002.36	2000	23.008611	0.0	320231	286	2.0
1608623002.97	2000	23.404564	0.0	505705	592	2.0
1608623003.67	2000	23.702328	0.0	560900	689	2.0
1608623004.31	2000	24.057573	0.0	477844	633	2.0
1608623005.52	2000	23.851596	0.0	593358	1193	2.0
1608623006.5	2000	23.870777	0.0	552627	969	2.0
1608623006.93	2000	24.446055	0.0	356467	413	2.0
1608623007.29	2000	25.090319	0.0	298528	344	2.0
1608623007.71	2000	25.665531	0.0	372582	414	2.0
1608623008.23	2000	26.148494	0.0	432861	506	2.0
1608623008.83	2000	26.550983	0.0	576027	585	2.0
1608623010.98	2000	25.402153	0.0	2234357	2130	2.0
1608623011.44	2000	25.941215	0.0	560537	448	2.0
1608623011.98	2000	26.405272	0.0	577595	525	2.0
1608623012.73	2000	26.656812	0.0	643057	736	2.0
1608623013.23	2000	27.156932	0.0	299663	488	2.0
1608623013.76	2000	27.629993	0.0	284317	516	2.0
1608623014.4	2000	27.991281	0.0	341921	627	2.0
1608623014.68	2000	28.710045	0.0	337442	267	2.0
1608623014.98	2000	29.407979	0.0	361712	291	2.0
1608623015.28	2000	30.11045	0.0	356599	287	2.0
1608623015.68	2000	30.924496	0.0	349268	391	2.0
1608623016.14	2000	31.464599	0.0	330614	447	2.0
1608623016.78	4000	31.830051	0.0	568078	619	2.0
1608623017.26	2000	32.347299	0.0	462525	469	0.0
1608623018.47	2000	32.140027	0.0	845902	1195	2.0
1608623018.85	2000	32.764372	0.0	452278	364	2.0
1608623019.19	2000	33.426897	0.0	403995	326	2.0
1608623019.66	2000	33.956148	0.0	391858	460	2.0
1608623020.51	2000	34.110848	0.0	447328	830	2.0
1608623021.12	2000	34.495483	0.0	442130	604	2.0
1608623021.7	2000	34.916713	0.0	467709	567	2.0
1608623021.99	2000	35.628584	0.0	242111	277	2.0
1608623022.65	2000	35.973503	0.0	564856	643	2.0
1608623023.11	2000	36.511619	0.0	387198	448	2.0
1608623023.51	2000	37.114679	0.0	371539	386	2.0
1608623023.85	2000	37.776628	0.0	364606	328	2.0
1608623024.61	2000	38.011327	0.0	883642	752	2.0
1608623025.13	2000	38.496746	0.0	678863	503	2.0
1608623025.41	2000	39.212555	0.0	376102	273	2.0
1608623025.81	4000	39.818629	0.0	564053	380	2.0
1608623026.15	4000	40.475633	0.0	493680	331	4.0
1608623026.81	4000	40.821385	0.0	823677	642	4.0
1608623027.59	4000	41.037557	0.0	878603	771	4.0
1608623028.66	4000	40.966319	0.0	1192759	1057	4.0
1608623029.45	2000	41.178496	0.0	569070	773	0.0
1608623029.99	2000	41.639615	0.0	587015	527	2.0
1608623030.55	2000	42.087221	0.0	600946	540	2.0
1608623030.86	2000	42.778936	0.0	296369	298	2.0
1608623031.16	2000	43.480128	0.0	286854	289	2.0
1608623031.64	2000	43.995234	0.0	566404	473	2.0
1608623032.59	4000	44.052079	0.0	1350143	925	2.0
1608623033.04	2000	44.600174	0.0	594594	438	0.0
1608623034.02	4000	44.624816	0.0	1231535	957	2.0
1608623034.41	2000	45.230593	0.0	474066	381	0.0
1608623034.88	2000	45.762251	0.0	623944	456	2.0
1608623035.38	2000	46.265453	0.0	654640	484	2.0
1608623035.72	2000	46.918988	0.0	416970	335	2.0
1608623036.04	2000	47.606762	0.0	336627	302	2.0
1608623036.94	4000	47.701108	0.0	1043429	889	2.0
1608623037.8	4000	47.842052	0.0	1080376	845	4.0
1608623038.26	2000	48.391174	0.0	584579	430	0.0
1608623038.57	2000	49.076746	0.0	441665	303	2.0
1608623038.97	2000	49.682435	0.0	567172	383	2.0
1608623039.32	2000	50.331752	0.0	503622	339	2.0
1608623041.02	4000	49.628722	0.0	1450968	1685	2.0
1608623041.66	2000	49.988844	0.0	657376	624	0.0
1608623041.8	2000	50.856734	0.0	207349	121	2.0
1608623042.08	2000	51.577872	0.0	432669	268	2.0
1608623042.35	2000	52.300799	0.0	432968	266	2.0
1608623042.83	2000	52.829528	0.0	461467	459	2.0
1608623044.07	4000	52.592556	0.0	1008090	1222	2.0
1608623044.63	2000	53.030333	0.0	602139	546	0.0
1608623045.49	2000	53.173757	0.0	716984	844	2.0
1608623046.71	2000	52.946733	0.0	719449	1215	2.0
1608623047.06	2000	53.597792	0.0	335356	338	2.0
1608623047.29	2000	54.37566	0.0	213548	211	2.0
1608623047.63	2000	55.089437	0.0	339747	327	2.0
1608623047.98	2000	55.897481	0.0	339538	342	2.0
1608623048.48	2000	56.398263	0.0	477871	486	2.0
1608623049.46	4000	56.420369	0.0	951381	961	2.0
1608623049.92	2000	56.956752	0.0	462611	450	0.0
1608623050.36	2000	57.522299	0.0	415951	423	2.0
1608623050.52	2000	58.359832	0.0	156751	151	2.0
1608623050.7	2000	59.188833	0.0	181344	161	2.0
1608623051.34	2000	59.561256	0.0	138957	135	2.0
1608623052.18	4000	59.812265	0.0	385891	327	2.0
1608623053.47	4000	59.563261	0.0	375542	271	4.0
1608623054.54	8000	59.564231	0.0	95334	58	4.0
1608623055.08	8000	59.81521	0.0	52187	23	8.0
1608623056.11	8000	59.816201	0.0	32002	21	8.0
1608623057.13	4000	59.817235	0.0	20475	1	0.0
1608623058.14	4000	59.818174	0.0	22446	2	4.0
1608623058.7	4000	1.000999	0.064	60629	49	-2.048
1608623069.82	20000	1.321711	10.427	11007815	11027	-329.664
1608623070.92	2000	1.469398	0.0	1121405	1077	-16.0
1608623071.9	2000	1.489498	0.0	728514	965	2.0
1608623072.61	2000	1.782157	0.0	508013	695	2.0
1608623073.03	2000	2.36584	0.0	395538	405	2.0
1608623073.34	2000	3.055903	0.0	297276	298	2.0
1608623073.6	2000	3.797782	0.0	247728	248	2.0
1608623074.59	2000	3.806965	0.0	1172629	977	2.0
1608623075.31	2000	4.083186	0.0	740561	711	2.0
1608623076.14	2000	4.258696	0.0	905521	812	2.0
1608623076.94	2000	4.45723	0.0	975494	788	2.0
1608623077.67	2000	4.728102	0.0	873443	717	2.0
1608623078.01	2000	5.392653	0.0	420093	324	2.0
1608623078.37	2000	6.031991	0.0	432386	349	2.0
1608623078.73	2000	6.672502	0.0	430845	349	2.0
1608623078.81	2000	7.589629	0.0	114664	72	2.0
1608623079.1	4000	8.302209	0.0	376357	272	2.0
1608623079.25	4000	9.153123	0.0	197626	140	4.0
1608623082.89	8000	6.518675	0.0	4001900	3598	4.0
1608623083.49	2000	6.922065	0.0	922146	581	-4.0
1608623083.95	2000	7.458585	0.0	760526	452	2.0
1608623084.47	2000	7.940051	0.0	866360	506	2.0
1608623084.95	2000	8.458515	0.0	821406	469	2.0
1608623085.3	2000	9.113947	0.0	576666	333	2.0
1608623085.91	4000	9.499028	0.0	1055512	600	2.0
1608623088.55	4000	8.097098	0.0	4647286	2598	4.0
1608623089.57	2000	8.072821	0.0	2158640	1000	0.0
1608623089.74	2000	8.906235	0.0	352618	155	2.0
1608623089.92	2000	9.727799	0.0	355918	168	2.0
1608623090.1	2000	10.541717	0.0	335697	176	2.0
1608623090.29	2000	11.355052	0.0	336592	177	2.0
1608623090.86	8000	11.787199	0.0	1029204	554	2.0
