1608544868.92	4000	1.000999	0.026	60629	15	-0.8319999999999999
1608544872.37	16000	1.398179	2.754	11007815	3315	-84.128
1608544875.39	16000	1.351474	1.722	8849724	2974	-39.104
1608544877.83	16000	1.25506	1.297	3191121	2405	-25.503999999999998
1608544878.35	12000	1.761156	0.0	1379579	495	8.0
1608544878.76	12000	2.357875	0.0	1083781	387	12.0
1608544878.76	16000	2.350303	0.0	1083781	387	12.0
1608544878.77	12000	2.34401	0.0	1083781	387	8.0
1608544878.77	16000	2.33829	0.0	1083781	387	12.0
1608544879.36	16000	2.758235	0.0	698359	568	16.0
1608544879.36	12000	2.750103	0.0	698359	568	8.0
1608544879.78	12000	3.34142	0.0	508812	397	12.0
1608544890.77	8000	59.616026	0.0	432861	54	4.0
1608544890.78	16000	59.404831	0.0	432861	54	8.0
1608544891.61	16000	59.617061	0.0	2505586	316	16.0
1608544892.73	16000	59.459914	0.0	9620218	1059	16.0
1608544893.53	16000	59.832359	0.0	2561608	286	16.0
1608544894.49	16000	59.870008	0.0	3633991	431	16.0
1608544895.45	16000	59.871055	0.0	3324070	430	16.0
1608544896.68	16000	59.622029	0.0	1560020	215	16.0
1608544897.43	16000	59.873033	0.0	1429188	235	16.0
1608544898.69	16000	59.624023	0.0	1754144	242	16.0
1608544899.47	16000	59.87501	0.0	1626020	255	16.0
1608544900.79	16000	59.625945	0.0	1739228	306	16.0
1608544901.56	16000	59.7903	0.0	1722735	253	16.0
1608544902.33	16000	59.87798	0.0	1538145	245	16.0
1608544903.54	16000	59.879024	0.0	1473412	193	16.0
1608544904.72	16000	59.630027	0.0	1498968	163	16.0
1608544905.62	16000	59.631009	0.0	2247334	381	16.0
1608544906.43	16000	59.765028	0.0	3156442	790	16.0
1608544907.44	16000	59.883037	0.0	1895098	487	16.0
1608544908.46	16000	59.884018	0.0	1939135	500	16.0
1608544909.8	16000	59.63503	0.0	1842874	318	16.0
1608544911.55	16000	58.661681	0.0	2235830	1724	16.0
1608544912.41	16000	58.796297	0.0	2202171	839	16.0
1608544913.09	16000	59.111082	0.0	2242042	667	16.0
1608544913.6	16000	59.603207	0.0	1081763	494	16.0
1608544914.77	16000	59.436144	0.0	2409013	1148	16.0
1608544914.78	12000	59.427635	0.0	2409013	1148	8.0
1608544915.25	12000	59.959702	0.0	1336691	454	12.0
1608544916.61	12000	59.642008	0.0	1179696	341	12.0
1608544917.4	12000	59.893036	0.0	1291599	270	12.0
1608544917.4	16000	59.804862	0.0	1291599	270	12.0
1608544919.15	16000	59.063375	0.0	5664827	1708	16.0
1608544920.83	16000	58.380645	0.0	4578115	1654	16.0
1608544921.41	16000	58.808028	0.0	1783835	556	16.0
1608544921.75	16000	59.461193	0.0	1093613	333	16.0
1608544922.57	16000	59.811345	0.0	975642	297	16.0
1608544923.6	16000	59.649037	0.0	1658005	515	16.0
1608544925.04	16000	59.175019	0.0	3055257	1420	16.0
1608544926.8	16000	58.421894	0.0	5355572	1723	16.0
1608544927.71	16000	58.50591	0.0	3278424	893	16.0
1608544928.38	16000	58.839444	0.0	2318501	648	16.0
1608544929.25	16000	58.973934	0.0	2473561	847	16.0
1608544929.96	16000	59.259379	0.0	1730311	698	16.0
1608544930.85	16000	59.374705	0.0	1455812	868	16.0
1608544933.0	16000	58.221038	0.0	2869222	2132	16.0
1608544933.01	12000	58.213649	0.0	2869222	2132	8.0
1608544933.02	8000	58.207447	0.0	2869222	2132	4.0
1608544933.5	4000	58.726082	0.0	1350143	456	0.0
1608544933.5	8000	58.71895	0.0	1350143	456	4.0
1608544934.05	8000	59.179955	0.0	1618621	525	8.0
1608544934.05	12000	59.172961	0.0	1618621	525	8.0
1608544934.06	16000	59.167623	0.0	1618621	525	12.0
1608544934.58	16000	59.646501	0.0	2998622	501	16.0
1608544935.59	16000	59.661072	0.0	2928342	487	16.0
1608544936.71	16000	59.662029	0.0	3059979	595	16.0
1608544937.32	16000	59.915178	0.0	3367422	579	16.0
1608544938.58	16000	59.664028	0.0	1950694	243	16.0
1608544939.77	16000	59.665021	0.0	1541020	175	16.0
1608544940.35	16000	59.879478	0.0	2926720	560	16.0
1608544941.7	16000	59.667023	0.0	2991202	817	16.0
1608544942.54	16000	59.691423	0.0	3002106	819	16.0
1608544943.57	16000	59.669037	0.0	2015412	506	16.0
1608544944.55	16000	59.685173	0.0	2894863	960	16.0
1608544945.54	16000	59.700261	0.0	2185316	967	16.0
1608544946.77	16000	59.466631	0.0	3370605	1211	16.0
1608544947.61	16000	59.633071	0.0	3492243	808	16.0
1608544948.37	16000	59.92402	0.0	1307592	248	16.0
1608544949.64	16000	59.675018	0.0	1881404	253	16.0
1608544950.98	16000	59.567722	0.0	1806471	314	16.0
1608544951.53	16000	59.938608	0.0	1945842	522	16.0
1608544952.78	16000	59.819809	0.0	2538877	731	16.0
1608544953.91	16000	59.570782	0.0	2298557	599	16.0
1608544954.55	16000	59.921969	0.0	2831497	616	16.0
1608544955.73	16000	59.822821	0.0	3200905	658	16.0
1608544957.14	16000	59.573827	0.0	2180586	377	16.0
1608544957.49	16000	59.986313	0.0	1500505	331	16.0
1608544958.98	16000	59.575807	0.0	1939246	473	16.0
1608544959.87	16000	59.826705	0.0	1599193	362	16.0
1608544960.48	16000	59.996091	0.0	2364826	588	16.0
1608544961.89	16000	59.828789	0.0	2517454	889	16.0
1608544963.16	16000	59.316385	0.0	1883143	1247	16.0
1608544964.34	16000	59.14116	0.0	1726706	1156	16.0
1608544964.56	16000	59.924353	0.0	707364	202	16.0
1608544965.8	16000	59.832753	0.0	796460	228	16.0
1608544965.81	12000	59.669298	0.0	796460	228	8.0
1608544965.82	16000	59.662575	0.0	796460	228	12.0
1608544966.92	16000	59.583823	0.0	596962	85	16.0
1608544968.1	16000	59.584812	0.0	947625	165	16.0
1608544968.78	16000	59.835794	0.0	832859	162	16.0
1608544969.81	16000	59.83682	0.0	151562	18	16.0
1608544970.83	16000	59.837797	0.0	90390	10	16.0
1608544971.85	16000	59.838789	0.0	50278	3	16.0
1608544972.86	16000	59.839773	0.0	26471	1	16.0
1608544973.88	16000	59.840803	0.0	40620	2	16.0
1608544974.4	16000	59.718116	0.0	15267	3	16.0
