1609222750.23	4000	1.000999	0.018	60629	7	-0.3599999999999999
1609222751.67	4000	1.432471	0.759	6594552	1299	-11.18
1609222752.59	4000	1.732286	0.0	4402139	824	4.0
1609222753.25	20000	2.099146	0.0	3191121	556	4.0
1609222753.62	20000	2.729063	0.0	1661718	283	20.0
1609222753.93	20000	3.422532	0.0	1315024	223	20.0
1609222754.12	20000	4.227109	0.0	698359	114	20.0
1609222754.33	20000	5.022301	0.0	730082	124	20.0
1609222755.12	20000	5.230004	0.0	4047415	694	20.0
1609222755.61	20000	5.744957	0.0	2863079	393	20.0
1609222756.28	20000	6.072008	0.0	4167844	571	20.0
1609222757.16	20000	6.198417	0.0	5571764	767	20.0
1609222757.97	20000	6.391012	0.0	4925652	704	20.0
1609222758.32	20000	7.038923	0.0	2030157	266	20.0
1609222758.69	20000	7.66397	0.0	2240782	288	20.0
1609222759.07	20000	8.293274	0.0	2211169	285	20.0
1609222759.18	20000	9.175876	0.0	382046	37	20.0
1609222759.38	20000	9.983019	0.0	1113969	113	20.0
1609222759.54	20000	10.820714	0.0	820127	82	20.0
1609222760.31	20000	11.056709	0.0	6357933	655	20.0
1609222760.92	20000	11.444306	0.0	4814284	512	20.0
1609222761.46	20000	11.902472	0.0	3419258	448	20.0
1609222762.13	20000	12.24025	0.0	3944328	566	20.0
1609222762.86	20000	12.50974	0.0	4284196	632	20.0
1609222763.41	20000	12.960927	0.0	3022025	457	20.0
1609222763.85	20000	13.52453	0.0	2248581	349	20.0
1609222765.53	20000	12.845925	0.0	9946363	1532	20.0
1609222767.66	20000	11.715235	0.0	11684632	1997	20.0
1609222768.04	20000	12.333627	0.0	1849732	295	20.0
1609222768.44	20000	12.937013	0.0	1942795	311	20.0
1609222768.8	20000	13.57941	0.0	1704756	274	20.0
1609222769.15	20000	14.221707	0.0	1697111	273	20.0
1609222769.51	20000	14.868404	0.0	1529441	268	20.0
1609222769.87	20000	15.506834	0.0	1568649	276	20.0
1609222770.25	20000	16.127371	0.0	1677618	294	20.0
1609222770.59	20000	16.793076	0.0	1415096	253	20.0
1609222771.01	20000	17.370826	0.0	1894067	337	20.0
1609222771.31	20000	18.070906	0.0	1186604	218	20.0
1609222771.6	20000	18.78588	0.0	1068386	204	20.0
1609222772.01	20000	19.376243	0.0	1700843	327	20.0
1609222772.57	20000	19.813456	0.0	2536859	475	20.0
1609222773.55	20000	19.8353	0.0	4742872	877	20.0
1609222774.57	20000	19.81729	0.0	4955535	916	20.0
1609222774.89	20000	20.499562	0.0	1260540	236	20.0
1609222775.68	20000	20.703678	0.0	3605246	700	20.0
1609222776.32	20000	21.067812	0.0	2770338	547	20.0
1609222776.78	20000	21.610788	0.0	1855168	371	20.0
1609222777.2	20000	22.194311	0.0	1666915	332	20.0
1609222777.6	20000	22.788662	0.0	1555467	322	20.0
1609222777.89	20000	23.500307	0.0	1008919	207	20.0
1609222778.23	20000	24.167716	0.0	1227619	250	20.0
1609222778.54	20000	24.858178	0.0	1015853	225	20.0
1609222778.7	20000	25.694952	0.0	384076	82	20.0
1609222778.84	20000	26.552416	0.0	295687	62	20.0
1609222779.22	20000	27.175209	0.0	1328674	296	20.0
1609222779.56	20000	27.834878	0.0	1492829	257	20.0
1609222779.9	20000	28.497228	0.0	1484812	255	20.0
1609222780.3	20000	29.097985	0.0	1868314	315	20.0
1609222780.59	20000	29.815745	0.0	1253406	200	20.0
1609222780.82	20000	30.587468	0.0	887933	141	20.0
1609222781.08	20000	31.321769	0.0	1153403	185	20.0
1609222781.39	20000	32.010758	0.0	1249023	230	20.0
1609222781.76	20000	32.642041	0.0	1423973	287	20.0
1609222782.06	20000	33.349012	0.0	1060162	212	20.0
1609222782.38	20000	34.032341	0.0	1080597	235	20.0
1609222782.73	20000	34.674237	0.0	1156442	276	20.0
1609222783.37	20000	35.039623	0.0	2222640	547	20.0
1609222784.19	20000	35.221553	0.0	2587311	729	20.0
1609222784.72	20000	35.690882	0.0	2178351	441	20.0
1609222785.44	20000	35.972796	0.0	3121089	623	20.0
1609222786.09	20000	36.323198	0.0	2857420	559	20.0
1609222786.59	20000	36.824146	0.0	1702477	408	20.0
1609222787.07	20000	37.344089	0.0	1531670	396	20.0
1609222787.75	20000	37.664631	0.0	1863424	587	20.0
1609222788.54	20000	37.877659	0.0	1987392	700	20.0
1609222789.55	20000	37.865264	0.0	2505586	923	20.0
1609222792.92	20000	35.502366	0.0	9620218	3230	20.0
1609222793.79	20000	35.632769	0.0	2561608	780	20.0
1609222794.88	20000	35.546827	0.0	3633991	990	20.0
1609222795.83	20000	35.59845	0.0	3324070	852	20.0
1609222796.31	20000	36.115853	0.0	1560020	397	20.0
1609222796.78	20000	36.649517	0.0	1429188	380	20.0
1609222797.33	20000	37.095	0.0	1754144	468	20.0
1609222797.87	20000	37.553033	0.0	1626020	455	20.0
1609222798.49	20000	37.94529	0.0	1739228	521	20.0
1609222799.24	20000	38.193062	0.0	1722735	663	20.0
1609222799.8	20000	38.627983	0.0	1538145	480	20.0
1609222800.35	20000	39.08519	0.0	1473412	460	20.0
1609222800.84	20000	39.587355	0.0	1498968	413	20.0
1609222801.64	20000	39.790378	0.0	2247334	709	20.0
1609222802.74	20000	39.691316	0.0	3156442	1004	20.0
1609222803.26	20000	40.175955	0.0	1895098	430	20.0
1609222803.66	20000	40.777848	0.0	1939135	313	20.0
1609222804.04	20000	41.402088	0.0	1842874	289	20.0
1609222804.47	20000	41.964512	0.0	2235830	350	20.0
1609222804.91	20000	42.532166	0.0	2202171	344	20.0
1609222805.35	20000	43.094712	0.0	2242042	351	20.0
1609222805.6	20000	43.842337	0.0	1081763	163	20.0
1609222806.05	20000	44.387337	0.0	2409013	367	20.0
1609222806.38	20000	45.058096	0.0	1615028	245	20.0
1609222806.71	20000	45.735777	0.0	1413467	240	20.0
1609222807.07	20000	46.375336	0.0	1632450	278	20.0
1609222808.24	20000	46.204909	0.0	5664827	1064	20.0
1609222809.25	20000	46.199097	0.0	4578115	904	20.0
1609222809.69	20000	46.762764	0.0	1783835	351	20.0
1609222809.98	20000	47.465311	0.0	1093613	215	20.0
1609222810.25	20000	48.194921	0.0	975642	191	20.0
1609222810.64	20000	48.813819	0.0	1658005	298	20.0
1609222811.27	20000	49.180705	0.0	3055257	540	20.0
1609222812.23	20000	49.234437	0.0	5355572	842	20.0
1609222812.8	20000	49.658506	0.0	3278424	474	20.0
1609222813.21	20000	50.24146	0.0	2318501	329	20.0
1609222813.66	20000	50.800564	0.0	2473561	353	20.0
1609222813.99	20000	51.465622	0.0	1730311	249	20.0
1609222814.28	20000	52.173575	0.0	1455812	209	20.0
1609222814.82	20000	52.643936	0.0	2869222	442	20.0
1609222815.42	20000	53.044882	0.0	3226650	506	20.0
1609222815.98	20000	53.479469	0.0	2705936	474	20.0
1609222816.61	20000	53.855777	0.0	2998622	532	20.0
1609222817.25	20000	54.216704	0.0	2928342	547	20.0
1609222817.83	20000	54.635631	0.0	3059979	488	20.0
1609222818.44	20000	55.028524	0.0	3367422	514	20.0
1609222818.81	20000	55.652168	0.0	1950694	281	20.0
1609222819.12	20000	56.345271	0.0	1541020	223	20.0
1609222819.66	20000	56.812674	0.0	2926720	440	20.0
1609222820.23	20000	57.241802	0.0	2991202	479	20.0
1609222820.8	20000	57.670284	0.0	3002106	481	20.0
1609222821.21	20000	58.259091	0.0	2015412	324	20.0
1609222821.79	20000	58.680843	0.0	2894863	488	20.0
1609222822.26	20000	59.21117	0.0	2185316	382	20.0
1609222823.03	20000	59.44106	0.0	3370605	678	20.0
1609222823.88	20000	59.595442	0.0	3492243	751	20.0
1609222824.75	20000	59.733189	0.0	1307592	288	20.0
1609222825.76	20000	59.734207	0.0	1881404	415	20.0
1609222826.8	20000	59.735191	0.0	1806471	445	20.0
1609222827.94	20000	59.736083	0.0	1945842	555	20.0
1609222828.63	20000	59.852967	0.0	2538877	597	20.0
1609222829.72	20000	59.988193	0.0	2298557	502	20.0
1609222830.62	20000	59.859761	0.0	2831497	813	20.0
1609222831.73	20000	59.752302	0.0	3200905	1016	20.0
1609222832.56	20000	59.919838	0.0	2180586	747	20.0
1609222833.63	20000	59.992141	0.0	1500505	477	20.0
1609222834.81	20000	59.743177	0.0	1939246	595	20.0
1609222835.51	20000	59.978894	0.0	1599193	615	20.0
1609222836.62	20000	59.867121	0.0	2364826	1023	20.0
1609222837.77	20000	59.716411	0.0	2517454	1061	20.0
1609222838.76	20000	59.733642	0.0	1883143	898	20.0
1609222839.71	20000	59.778465	0.0	1726706	869	20.0
1609222840.61	20000	59.999217	0.0	707364	320	20.0
1609222842.12	20000	59.500112	0.0	796460	420	20.0
1609222842.5	20000	59.994944	0.0	596962	302	20.0
1609222844.03	20000	59.502183	0.0	947625	451	20.0
1609222844.5	20000	59.992286	0.0	832859	389	20.0
1609222846.13	20000	59.504168	0.0	151562	51	20.0
1609222847.22	20000	59.50523	0.0	90390	19	20.0
1609222847.79	20000	59.756236	0.0	50278	6	20.0
1609222848.84	20000	59.757224	0.0	26471	1	20.0
1609222849.88	20000	59.758219	0.0	40620	4	20.0
1609222850.27	4000	1.000999	0.077	334032	66	-1.54
1609222851.78	4000	1.350099	0.587	6594552	1389	-7.74
1609222852.74	4000	1.413865	0.0	4402139	854	4.0
1609222853.39	16000	1.779089	0.0	3191121	547	4.0
1609222853.75	20000	2.416934	0.0	1661718	276	16.0
1609222854.04	20000	3.12623	0.0	1315024	209	20.0
1609222854.23	20000	3.937411	0.0	698359	109	20.0
1609222854.43	20000	4.743523	0.0	730082	114	20.0
1609222855.13	20000	5.036382	0.0	4047415	613	20.0
1609222855.65	20000	5.519774	0.0	2863079	425	20.0
1609222856.31	20000	5.859803	0.0	4167844	564	20.0
1609222857.21	20000	5.967145	0.0	5571764	790	20.0
1609222858.01	20000	6.162428	0.0	4925652	705	20.0
1609222858.38	20000	6.795452	0.0	2030157	284	20.0
1609222858.77	20000	7.408006	0.0	2240782	302	20.0
1609222859.12	20000	8.053353	0.0	2211169	269	20.0
1609222859.25	20000	8.931239	0.0	382046	45	20.0
1609222859.46	20000	9.716417	0.0	1113969	135	20.0
1609222859.64	20000	10.538357	0.0	820127	99	20.0
1609222860.54	20000	10.641927	0.0	6357933	792	20.0
1609222861.3	20000	10.881512	0.0	4814284	661	20.0
1609222861.92	20000	11.268997	0.0	3419258	519	20.0
1609222862.74	20000	11.444905	0.0	3944328	720	20.0
1609222863.64	20000	11.545204	0.0	4284196	802	20.0
1609222864.2	20000	11.989804	0.0	3022025	465	20.0
1609222864.63	20000	12.559217	0.0	2248581	345	20.0
1609222866.26	20000	11.932012	0.0	9946363	1484	20.0
1609222868.72	20000	10.474465	0.0	11684632	2307	20.0
1609222869.24	20000	10.950952	0.0	1849732	438	20.0
1609222869.78	20000	11.40886	0.0	1942795	456	20.0
1609222870.27	20000	11.921245	0.0	1704756	403	20.0
1609222870.76	20000	12.436119	0.0	1697111	401	20.0
1609222871.18	20000	13.014654	0.0	1529441	337	20.0
1609222871.61	20000	13.585863	0.0	1568649	346	20.0
1609222872.09	20000	14.110876	0.0	1677618	392	20.0
