1608613656.53	4000	1.000999	0.017	60629	6	-0.544
1608613658.29	20000	1.314995	1.05	11007815	1660	-29.6
1608613659.71	12000	1.320435	0.168	9061343	1361	-1.3760000000000003
1608613660.0	8000	2.027332	0.0	1798447	268	4.0
1608613660.16	8000	2.911937	0.0	946554	141	8.0
1608613660.29	8000	3.781823	0.0	768486	116	8.0
1608613660.37	8000	4.70695	0.0	398693	62	8.0
1608613660.5	16000	5.575097	0.0	730082	116	8.0
1608613661.18	20000	5.891361	0.0	4047415	655	16.0
1608613661.64	20000	6.441956	0.0	2863079	420	20.0
1608613662.28	20000	6.80183	0.0	4167844	607	20.0
1608613663.08	16000	6.994655	0.0	5571764	768	12.0
1608613663.87	16000	7.215267	0.0	4925652	735	16.0
1608613664.14	12000	7.946152	0.0	1630440	248	8.0
1608613664.42	12000	8.660922	0.0	1712120	268	12.0
1608613664.81	16000	9.278016	0.0	2211169	360	12.0
1608613664.88	16000	10.205609	0.0	382046	59	16.0
1608613665.07	16000	11.010422	0.0	1113969	180	16.0
1608613665.22	20000	11.864455	0.0	820127	132	16.0
1608613666.46	20000	11.628058	0.0	6357933	1192	20.0
1608613667.23	16000	11.86268	0.0	4814284	730	12.0
1608613667.62	12000	12.469996	0.0	2713103	356	8.0
1608613668.05	12000	13.043074	0.0	3070467	400	12.0
1608613668.58	12000	13.509566	0.0	3391518	504	12.0
1608613668.93	8000	14.160646	0.0	1926191	326	4.0
1608613669.36	16000	14.738034	0.0	2248581	397	8.0
1608613671.66	16000	13.432026	0.0	9946363	2243	16.0
1608613673.1	8000	13.000473	0.0	7838407	1377	0.0
1608613673.33	8000	13.764357	0.0	1127469	211	8.0
1608613673.54	8000	14.553226	0.0	1179779	194	8.0
1608613673.74	8000	15.360237	0.0	1078151	177	8.0
1608613673.93	8000	16.166015	0.0	1086181	179	8.0
1608613674.21	16000	16.89321	0.0	1529441	253	8.0
1608613674.47	20000	17.629312	0.0	1568649	246	16.0
1608613674.75	20000	18.351808	0.0	1677618	257	20.0
1608613674.98	20000	19.118422	0.0	1415096	216	20.0
1608613675.3	20000	19.807606	0.0	1894067	291	20.0
1608613675.56	20000	20.543389	0.0	1186604	248	20.0
1608613675.81	20000	21.292168	0.0	1068386	233	20.0
1608613676.21	20000	21.899394	0.0	1700843	375	20.0
1608613677.13	16000	21.974035	0.0	2536859	902	12.0
1608613677.49	8000	22.618724	0.0	1172467	336	0.0
1608613677.92	8000	23.20445	0.0	1818385	391	8.0
1608613678.12	8000	23.990856	0.0	890138	186	8.0
1608613678.59	8000	24.523406	0.0	2345010	445	8.0
1608613678.91	8000	25.206152	0.0	1735323	297	8.0
1608613679.25	16000	25.865893	0.0	1855168	317	8.0
1608613679.59	16000	26.523991	0.0	1666915	323	16.0
1608613679.94	16000	27.17982	0.0	1555467	326	16.0
1608613680.16	16000	27.953251	0.0	1008919	210	16.0
1608613680.44	16000	28.681381	0.0	1227619	256	16.0
1608613680.68	16000	29.441288	0.0	1015853	223	16.0
1608613680.77	16000	30.347266	0.0	384076	81	16.0
1608613680.85	20000	31.272393	0.0	295687	62	16.0
1608613681.16	20000	31.964651	0.0	1328674	292	20.0
1608613681.6	20000	32.523452	0.0	1492829	422	20.0
1608613682.2	16000	32.921439	0.0	1484812	583	12.0
1608613682.73	12000	33.402751	0.0	1524381	496	8.0
1608613682.98	8000	34.147971	0.0	755853	228	4.0
1608613683.13	8000	34.992577	0.0	481371	143	8.0
1608613683.34	8000	35.784693	0.0	632141	189	8.0
1608613683.46	8000	36.66778	0.0	627832	103	8.0
1608613683.69	16000	37.440575	0.0	1423973	208	8.0
1608613683.86	20000	38.268953	0.0	1060162	154	16.0
1608613684.04	20000	39.095729	0.0	1080597	157	20.0
1608613684.22	20000	39.910748	0.0	1156442	169	20.0
1608613684.55	20000	40.58871	0.0	2222640	299	20.0
1608613684.9	20000	41.238565	0.0	2587311	326	20.0
1608613685.19	20000	41.942031	0.0	2178351	273	20.0
1608613685.62	20000	42.521388	0.0	3121089	393	20.0
1608613686.01	20000	43.132212	0.0	2857420	363	20.0
1608613686.24	20000	43.895492	0.0	1702477	215	20.0
1608613686.46	20000	44.681386	0.0	1531670	197	20.0
1608613686.74	20000	45.40471	0.0	1863424	257	20.0
1608613687.03	20000	46.109257	0.0	1987392	275	20.0
1608613687.41	20000	46.73794	0.0	2505586	347	20.0
1608613688.86	20000	46.288815	0.0	9620218	1385	20.0
1608613689.26	16000	46.887847	0.0	2561608	377	12.0
1608613689.81	16000	47.334596	0.0	3633991	524	16.0
1608613690.23	12000	47.916233	0.0	2707022	389	8.0
1608613690.43	12000	48.720257	0.0	1258293	179	12.0
1608613690.6	12000	49.547574	0.0	1132545	157	12.0
1608613690.87	20000	50.280873	0.0	1754144	244	12.0
1608613691.12	20000	51.035568	0.0	1626020	226	20.0
1608613691.38	20000	51.775039	0.0	1739228	242	20.0
1608613691.67	20000	52.482396	0.0	1722735	273	20.0
1608613691.95	20000	53.209206	0.0	1538145	254	20.0
1608613692.21	20000	53.947954	0.0	1473412	244	20.0
1608613692.47	20000	54.683687	0.0	1498968	247	20.0
1608613692.89	20000	55.270579	0.0	2247334	388	20.0
1608613693.47	20000	55.689834	0.0	3156442	543	20.0
1608613693.77	16000	56.385713	0.0	1895098	283	12.0
1608613694.09	16000	57.075255	0.0	1939135	290	16.0
1608613694.38	16000	57.780146	0.0	1842874	275	16.0
1608613694.71	16000	58.454738	0.0	2235830	304	16.0
1608613695.02	16000	59.138782	0.0	2202171	295	16.0
1608613695.35	20000	59.815792	0.0	2242042	300	16.0
1608613696.51	20000	59.842849	0.0	1081763	140	20.0
1608613697.38	20000	59.843873	0.0	2409013	354	20.0
1608613698.66	20000	59.594804	0.0	1615028	250	20.0
1608613699.39	20000	59.845821	0.0	1413467	211	20.0
1608613700.64	20000	59.596894	0.0	1632450	234	20.0
1608613701.51	20000	59.664355	0.0	5664827	820	20.0
1608613702.26	16000	59.916382	0.0	4578115	713	12.0
1608613703.55	16000	59.849888	0.0	1783835	271	16.0
1608613704.71	16000	59.600766	0.0	1093613	136	16.0
1608613705.34	16000	59.851894	0.0	975642	122	16.0
1608613706.58	16000	59.60284	0.0	1658005	212	16.0
1608613707.54	20000	59.853864	0.0	3055257	430	16.0
1608613708.31	20000	59.865492	0.0	5355572	738	20.0
1608613709.8	20000	59.60589	0.0	3278424	457	20.0
1608613710.67	16000	59.606866	0.0	2318501	347	12.0
1608613711.27	16000	59.917537	0.0	2473561	570	16.0
1608613712.6	12000	59.608899	0.0	1359018	304	8.0
1608613713.79	12000	59.609765	0.0	1134985	174	12.0
1608613714.36	16000	59.819839	0.0	2869222	542	12.0
1608613715.58	16000	59.611893	0.0	3226650	691	16.0
1608613716.65	12000	59.612887	0.0	2155956	534	8.0
1608613717.68	12000	59.613808	0.0	2411136	507	12.0
1608613718.52	8000	59.828538	0.0	1780068	313	4.0
1608613719.34	8000	59.865852	0.0	1844656	308	8.0
1608613720.8	12000	59.616818	0.0	2690936	432	8.0
1608613721.53	12000	59.867863	0.0	1552444	206	12.0
1608613722.75	16000	59.61887	0.0	1541020	200	12.0
1608613723.25	20000	59.93891	0.0	2926720	466	16.0
1608613724.8	20000	59.620879	0.0	2991202	515	20.0
1608613725.59	16000	59.605133	0.0	3002106	768	12.0
1608613726.5	12000	59.872802	0.0	1575943	392	8.0
1608613727.62	12000	59.623873	0.0	2268474	594	12.0
1608613728.67	8000	59.62485	0.0	1269548	522	4.0
1608613729.61	8000	59.588902	0.0	2108361	920	8.0
1608613730.48	4000	59.87685	0.0	1535058	349	0.0
1608613731.67	8000	59.627852	0.0	752992	162	4.0
1608613732.82	8000	59.628853	0.0	1143645	130	8.0
1608613733.44	8000	59.87989	0.0	1081066	104	8.0
1608613734.57	8000	59.630856	0.0	1175321	115	8.0
1608613735.38	20000	59.881885	0.0	2538877	277	8.0
1608613736.67	20000	59.632911	0.0	2298557	266	20.0
1608613737.46	20000	59.883935	0.0	2831497	260	20.0
1608613738.78	20000	59.634917	0.0	3200905	292	20.0
1608613739.49	20000	59.8859	0.0	2180586	184	20.0
1608613740.63	20000	59.636861	0.0	1500505	127	20.0
1608613741.81	20000	59.637899	0.0	1939246	157	20.0
1608613742.59	20000	59.638907	0.0	1599193	260	20.0
1608613743.24	20000	59.970356	0.0	2364826	625	20.0
1608613744.24	20000	59.974133	0.0	2517454	973	20.0
1608613745.81	8000	59.641803	0.0	1060685	552	-4.0
1608613749.16	8000	57.060001	0.0	1011581	3321	8.0
1608613749.79	2000	57.422822	0.0	156751	623	-4.0
1608613749.92	2000	58.292842	0.0	181344	119	2.0
1608613750.03	2000	59.192571	0.0	138957	88	2.0
1608613750.67	2000	59.646832	0.0	198063	131	2.0
1608613751.79	2000	59.64782	0.0	181915	109	2.0
1608613752.81	2000	59.648897	0.0	46143	3	2.0
1608613753.33	8000	59.89979	0.0	52187	4	2.0
1608613754.34	8000	59.900735	0.0	32002	2	8.0
1608613755.36	8000	59.901851	0.0	22693	4	8.0
1608613756.37	4000	59.902629	0.0	22446	4	0.0
1608613756.68	4000	1.000999	0.015	60629	6	-0.48
1608613758.33	20000	1.283965	0.916	11007815	1560	-25.312
1608613759.76	16000	1.296822	0.189	8849724	1377	5.952
1608613760.07	8000	1.984944	0.0	1798447	285	0.0
1608613760.24	8000	2.890282	0.0	946554	150	8.0
1608613760.39	8000	3.743279	0.0	768486	121	8.0
1608613760.46	8000	4.668548	0.0	398693	61	8.0
1608613760.59	16000	5.537091	0.0	730082	115	8.0
1608613761.25	20000	5.882107	0.0	4047415	624	16.0
1608613761.71	20000	6.424414	0.0	2863079	433	20.0
1608613762.34	20000	6.790332	0.0	4167844	604	20.0
1608613763.17	16000	6.960869	0.0	5571764	791	12.0
1608613763.9	16000	7.23578	0.0	4925652	688	16.0
1608613764.15	12000	7.98298	0.0	1630440	229	8.0
1608613764.49	16000	8.643198	0.0	2240782	315	12.0
1608613764.84	16000	9.301356	0.0	2211169	311	16.0
1608613764.9	16000	10.237155	0.0	382046	53	16.0
1608613765.09	20000	11.051753	0.0	1113969	170	16.0
1608613765.23	20000	11.913305	0.0	820127	124	20.0
1608613766.31	20000	11.829561	0.0	6357933	1044	20.0
1608613767.23	16000	11.913361	0.0	4814284	879	12.0
1608613767.75	12000	12.392557	0.0	2713103	496	8.0
1608613768.36	12000	12.782632	0.0	3070467	583	12.0
1608613768.89	8000	13.253521	0.0	2599148	502	4.0
1608613769.35	8000	13.797772	0.0	1926191	426	8.0
1608613769.68	8000	14.464611	0.0	1427209	314	8.0
1608613771.58	12000	13.569218	0.0	8032438	1841	8.0
1608613772.89	8000	13.258804	0.0	7838407	1254	4.0
1608613773.09	8000	14.059318	0.0	1127469	182	8.0
1608613773.31	8000	14.845867	0.0	1179779	196	8.0
1608613773.5	8000	15.651193	0.0	1078151	179	8.0
1608613773.7	8000	16.453543	0.0	1086181	180	8.0
1608613773.98	16000	17.17977	0.0	1529441	253	8.0
1608613774.25	20000	17.902309	0.0	1568649	260	16.0
