1608631853.56	4000	1.000999	0.014	60629	4	-0.28000000000000025
1608631854.89	20000	1.491671	0.79	11007815	1156	-11.8
1608631856.06	20000	1.550054	0.0	8849724	1052	20.0
1608631856.58	20000	2.131556	0.0	3191121	424	20.0
1608631856.91	20000	2.833698	0.0	1661718	237	20.0
1608631857.18	20000	3.563022	0.0	1315024	187	20.0
1608631857.36	20000	4.384544	0.0	698359	98	20.0
1608631857.53	20000	5.211055	0.0	730082	93	20.0
1608631858.16	20000	5.590493	0.0	4047415	527	20.0
1608631858.61	20000	6.136722	0.0	2863079	363	20.0
1608631859.23	20000	6.514646	0.0	4167844	526	20.0
1608631860.14	20000	6.607323	0.0	5571764	801	20.0
1608631860.86	20000	6.886392	0.0	4925652	619	20.0
1608631861.19	20000	7.558085	0.0	2030157	241	20.0
1608631861.53	20000	8.217377	0.0	2240782	252	20.0
1608631861.86	20000	8.892537	0.0	2211169	239	20.0
1608631861.98	20000	9.773488	0.0	382046	40	20.0
1608631862.18	20000	10.57211	0.0	1113969	119	20.0
1608631862.35	20000	11.402302	0.0	820127	88	20.0
1608631863.13	20000	11.628956	0.0	6357933	663	20.0
1608631863.72	20000	12.036106	0.0	4814284	491	20.0
1608631864.16	20000	12.600143	0.0	3419258	343	20.0
1608631864.66	20000	13.104743	0.0	3944328	399	20.0
1608631865.2	20000	13.564984	0.0	4284196	440	20.0
1608631865.61	20000	14.148221	0.0	3022025	323	20.0
1608631865.96	20000	14.806099	0.0	2248581	252	20.0
1608631867.32	20000	14.443123	0.0	9946363	1234	20.0
1608631868.79	20000	13.971439	0.0	11684632	1336	20.0
1608631869.09	20000	14.677901	0.0	1849732	207	20.0
1608631869.4	20000	15.371242	0.0	1942795	217	20.0
1608631869.67	20000	16.094026	0.0	1704756	190	20.0
1608631869.95	20000	16.816649	0.0	1697111	190	20.0
1608631870.21	20000	17.559962	0.0	1529441	171	20.0
1608631870.47	20000	18.299961	0.0	1568649	174	20.0
1608631870.73	20000	19.040875	0.0	1677618	173	20.0
1608631870.96	20000	19.811061	0.0	1415096	146	20.0
1608631871.24	20000	20.529196	0.0	1894067	196	20.0
1608631871.45	20000	21.324508	0.0	1186604	122	20.0
1608631871.65	20000	22.125936	0.0	1068386	108	20.0
1608631871.91	20000	22.861927	0.0	1700843	181	20.0
1608631872.27	20000	23.504973	0.0	2536859	270	20.0
1608631872.86	20000	23.922831	0.0	4742872	483	20.0
1608631873.46	20000	24.322173	0.0	4955535	498	20.0
1608631873.69	20000	25.089914	0.0	1260540	148	20.0
1608631874.22	20000	25.565174	0.0	3605246	429	20.0
1608631874.65	20000	26.13204	0.0	2770338	343	20.0
1608631874.99	20000	26.794176	0.0	1855168	243	20.0
1608631875.29	20000	27.491117	0.0	1666915	219	20.0
1608631875.58	20000	28.205848	0.0	1555467	201	20.0
1608631875.79	20000	28.994783	0.0	1008919	129	20.0
1608631876.03	20000	29.754882	0.0	1227619	158	20.0
1608631876.24	20000	30.544809	0.0	1015853	130	20.0
1608631876.37	20000	31.420876	0.0	384076	48	20.0
1608631876.48	20000	32.307994	0.0	295687	36	20.0
1608631876.72	20000	33.068492	0.0	1328674	157	20.0
1608631877.0	20000	33.798391	0.0	1492829	176	20.0
1608631877.26	20000	34.537144	0.0	1484812	175	20.0
1608631877.56	20000	35.233918	0.0	1868314	217	20.0
1608631877.78	20000	36.01267	0.0	1253406	138	20.0
1608631877.96	20000	36.834879	0.0	887933	97	20.0
1608631878.17	20000	37.625669	0.0	1153403	126	20.0
1608631878.39	20000	38.406214	0.0	1249023	137	20.0
1608631878.65	20000	39.145757	0.0	1423973	176	20.0
1608631878.87	20000	39.92745	0.0	1060162	136	20.0
1608631879.1	20000	40.706346	0.0	1080597	139	20.0
1608631879.33	20000	41.475066	0.0	1156442	149	20.0
1608631879.7	20000	42.108893	0.0	2222640	279	20.0
1608631880.11	20000	42.693143	0.0	2587311	320	20.0
1608631880.47	20000	43.336279	0.0	2178351	269	20.0
1608631880.99	20000	43.818219	0.0	3121089	425	20.0
1608631881.47	20000	44.33817	0.0	2857420	388	20.0
1608631881.82	20000	44.985044	0.0	1702477	261	20.0
1608631882.14	20000	45.666126	0.0	1531670	235	20.0
1608631882.52	20000	46.29388	0.0	1863424	286	20.0
1608631882.89	20000	46.918146	0.0	1987392	289	20.0
1608631883.35	20000	47.463734	0.0	2505586	365	20.0
1608631885.07	20000	46.742456	0.0	9620218	1597	20.0
1608631885.57	20000	47.248658	0.0	2561608	401	20.0
1608631886.2	20000	47.618581	0.0	3633991	531	20.0
1608631886.8	20000	48.021948	0.0	3324070	499	20.0
1608631887.12	20000	48.694227	0.0	1560020	243	20.0
1608631887.43	20000	49.389435	0.0	1429188	223	20.0
1608631887.77	20000	50.05037	0.0	1754144	250	20.0
1608631888.09	20000	50.735346	0.0	1626020	232	20.0
1608631888.42	20000	51.402241	0.0	1739228	248	20.0
1608631888.74	20000	52.081228	0.0	1722735	237	20.0
1608631889.04	20000	52.785292	0.0	1538145	209	20.0
1608631889.32	20000	53.502506	0.0	1473412	199	20.0
1608631889.61	20000	54.213585	0.0	1498968	206	20.0
1608631890.07	20000	54.760572	0.0	2247334	365	20.0
1608631890.66	20000	55.164037	0.0	3156442	506	20.0
1608631891.03	20000	55.802995	0.0	1895098	275	20.0
1608631891.39	20000	56.435884	0.0	1939135	282	20.0
1608631891.77	20000	57.065558	0.0	1842874	283	20.0
1608631892.22	20000	57.615162	0.0	2235830	363	20.0
1608631892.67	20000	58.164907	0.0	2202171	357	20.0
1608631893.13	20000	58.706497	0.0	2242042	372	20.0
1608631893.39	20000	59.445919	0.0	1081763	177	20.0
1608631893.87	20000	59.96731	0.0	2409013	388	20.0
1608631895.21	20000	59.859433	0.0	1615028	257	20.0
1608631896.06	20000	59.860387	0.0	1413467	259	20.0
1608631896.99	20000	59.861418	0.0	1632450	346	20.0
1608631898.03	20000	59.80661	0.0	5664827	934	20.0
1608631898.86	20000	59.982156	0.0	4578115	727	20.0
1608631900.26	20000	59.614421	0.0	1783835	308	20.0
1608631901.0	20000	59.865403	0.0	1093613	151	20.0
1608631902.22	20000	59.866441	0.0	975642	123	20.0
1608631903.02	20000	59.867442	0.0	1658005	217	20.0
1608631904.45	20000	59.618494	0.0	3055257	334	20.0
1608631905.07	20000	59.780866	0.0	5355572	515	20.0
1608631906.46	20000	59.620491	0.0	3278424	299	20.0
1608631907.21	20000	59.80036	0.0	2318501	153	20.0
1608631908.44	20000	59.622489	0.0	2473561	137	20.0
1608631909.11	20000	59.873393	0.0	1730311	79	20.0
1608631910.26	20000	59.624417	0.0	1455812	57	20.0
1608631911.47	20000	59.625471	0.0	2869222	114	20.0
1608631912.21	20000	59.876381	0.0	3226650	152	20.0
1608631913.43	20000	59.627397	0.0	2705936	123	20.0
1608631914.15	20000	59.878488	0.0	2998622	132	20.0
1608631915.39	20000	59.629461	0.0	2928342	144	20.0
1608631916.14	20000	59.880454	0.0	3059979	151	20.0
1608631917.43	20000	59.631485	0.0	3367422	200	20.0
1608631918.13	20000	59.882393	0.0	1950694	110	20.0
1608631919.39	20000	59.63338	0.0	1541020	167	20.0
1608631920.35	20000	59.634497	0.0	2926720	371	20.0
1608631921.1	20000	59.885416	0.0	2991202	153	20.0
1608631922.41	20000	59.636409	0.0	3002106	217	20.0
1608631923.15	20000	59.887406	0.0	2015412	152	20.0
1608631924.45	20000	59.638386	0.0	2894863	199	20.0
1608631925.19	20000	59.8894	0.0	2185316	152	20.0
1608631926.07	20000	59.890384	0.0	3370605	284	20.0
1608631927.03	20000	59.891383	0.0	3492243	358	20.0
1608631928.29	20000	59.642396	0.0	1307592	159	20.0
1608631929.06	20000	59.893473	0.0	1881404	185	20.0
1608631930.3	20000	59.644388	0.0	1806471	148	20.0
1608631931.04	20000	59.895386	0.0	1945842	152	20.0
1608631932.33	20000	59.646454	0.0	2538877	191	20.0
1608631933.1	20000	59.897506	0.0	2298557	187	20.0
1608631934.41	20000	59.648396	0.0	2831497	214	20.0
1608631935.25	20000	59.649401	0.0	3200905	242	20.0
1608631935.99	20000	59.900391	0.0	2180586	145	20.0
1608631937.18	20000	59.901391	0.0	1500505	98	20.0
1608631938.38	20000	59.652466	0.0	1939246	117	20.0
1608631939.06	20000	59.90329	0.0	1599193	90	20.0
1608631940.28	20000	59.6545	0.0	2364826	127	20.0
1608631940.98	20000	59.905386	0.0	2517454	118	20.0
1608631942.18	20000	59.906384	0.0	1883143	101	20.0
1608631943.33	20000	59.657377	0.0	1726706	65	20.0
1608631944.44	20000	59.658496	0.0	707364	27	20.0
1608631945.05	20000	59.909382	0.0	796460	27	20.0
1608631946.15	20000	59.910422	0.0	596962	20	20.0
1608631947.27	20000	59.661486	0.0	947625	35	20.0
1608631948.39	20000	59.662489	0.0	832859	34	20.0
1608631949.47	20000	59.663422	0.0	151562	6	20.0
1608631950.05	20000	59.914404	0.0	90390	3	20.0
1608631951.11	20000	59.91539	0.0	50278	2	20.0
1608631952.16	20000	59.916391	0.0	26471	4	20.0
1608631953.2	20000	59.917492	0.0	40620	1	20.0
1608631953.54	4000	1.000999	0.031	334032	19	-0.6200000000000001
1608631954.4	20000	1.424956	0.0	11007815	679	4.0
1608631955.12	20000	1.702151	0.0	8849724	599	20.0
1608631955.52	20000	2.326018	0.0	3191121	305	20.0
1608631955.77	20000	3.081833	0.0	1661718	158	20.0
1608631955.98	20000	3.899201	0.0	1315024	125	20.0
1608631956.11	20000	4.764993	0.0	698359	53	20.0
1608631956.25	20000	5.627593	0.0	730082	56	20.0
1608631956.67	20000	6.20746	0.0	4047415	317	20.0
1608631956.99	20000	6.890811	0.0	2863079	225	20.0
1608631957.35	20000	7.533443	0.0	4167844	256	20.0
1608631957.8	20000	8.083238	0.0	5571764	342	20.0
1608631958.35	20000	8.530922	0.0	4925652	448	20.0
1608631958.66	20000	9.221317	0.0	2030157	219	20.0
1608631959.0	20000	9.884409	0.0	2240782	240	20.0
1608631959.25	20000	10.634792	0.0	2211169	159	20.0
1608631959.36	20000	11.525856	0.0	382046	26	20.0
1608631959.53	20000	12.360735	0.0	1113969	80	20.0
1608631959.67	20000	13.219781	0.0	820127	58	20.0
1608631960.25	20000	13.637146	0.0	6357933	472	20.0
1608631960.72	20000	14.166233	0.0	4814284	368	20.0
1608631961.08	20000	14.806631	0.0	3419258	264	20.0
1608631961.5	20000	15.39263	0.0	3944328	315	20.0
1608631961.95	20000	15.952812	0.0	4284196	343	20.0
1608631962.31	20000	16.585743	0.0	3022025	256	20.0
1608631962.59	20000	17.30432	0.0	2248581	191	20.0
1608631963.58	20000	17.320501	0.0	9946363	857	20.0
1608631964.73	20000	17.162311	0.0	11684632	1023	20.0
1608631964.99	20000	17.908962	0.0	1849732	161	20.0
1608631965.26	20000	18.638839	0.0	1942795	183	20.0
1608631965.51	20000	19.391921	0.0	1704756	161	20.0
1608631965.75	20000	20.145777	0.0	1697111	159	20.0
1608631965.98	20000	20.91614	0.0	1529441	143	20.0
1608631966.29	20000	21.616686	0.0	1568649	213	20.0
1608631966.6	20000	22.302878	0.0	1677618	228	20.0
