1608527239.71	4000	1.000999	0.036	60629	1	-1.1520000000000001
1608527239.81	2000	1.912287	0.0	1072422	87	0.0
1608527239.92	2000	2.81168	0.0	1121405	91	2.0
1608527239.99	2000	3.741004	0.0	728514	59	2.0
1608527240.04	2000	4.695912	0.0	508013	35	2.0
1608527240.08	2000	5.655014	0.0	395538	31	2.0
1608527240.12	2000	6.623847	0.0	297276	23	2.0
1608527240.15	4000	7.611558	0.0	222226	17	2.0
1608527240.32	8000	8.442853	0.0	1838971	151	4.0
1608527240.45	8000	9.314489	0.0	1382199	113	8.0
1608527240.62	8000	10.149943	0.0	2052265	145	8.0
1608527240.95	12000	10.822724	0.0	4074608	288	8.0
1608527241.25	12000	11.522216	0.0	3844696	274	12.0
1608527241.42	16000	12.355582	0.0	2030157	144	12.0
1608527241.61	16000	13.159154	0.0	2240782	173	16.0
1608527241.81	16000	13.96564	0.0	2211169	175	16.0
1608527241.85	16000	14.925231	0.0	382046	29	16.0
1608527241.95	16000	15.824442	0.0	1113969	88	16.0
1608527242.03	20000	16.748325	0.0	820127	64	16.0
1608527242.57	20000	17.209756	0.0	6357933	493	20.0
1608527242.93	20000	17.85049	0.0	4814284	329	20.0
1608527243.19	20000	18.592312	0.0	3419258	234	20.0
1608527243.48	20000	19.29857	0.0	3944328	269	20.0
1608527243.79	20000	19.992377	0.0	4284196	279	20.0
1608527244.01	20000	20.77513	0.0	3022025	196	20.0
1608527244.18	20000	21.611393	0.0	2248581	146	20.0
1608527244.89	20000	21.896878	0.0	9946363	640	20.0
1608527245.66	20000	22.124812	0.0	11684632	713	20.0
1608527245.77	20000	23.01664	0.0	1849732	91	20.0
1608527245.88	20000	23.904156	0.0	1942795	96	20.0
1608527245.99	20000	24.79938	0.0	1704756	82	20.0
1608527246.09	20000	25.700478	0.0	1697111	84	20.0
1608527246.18	20000	26.61128	0.0	1529441	76	20.0
1608527246.27	20000	27.519632	0.0	1568649	78	20.0
1608527246.37	20000	28.42067	0.0	1677618	83	20.0
1608527246.46	20000	29.336153	0.0	1415096	72	20.0
1608527246.58	20000	30.219069	0.0	1894067	100	20.0
1608527246.66	20000	31.139767	0.0	1186604	64	20.0
1608527246.73	20000	32.067494	0.0	1068386	58	20.0
1608527246.84	20000	33.053998	0.0	1700843	93	20.0
1608527247.01	20000	34.019146	0.0	2536859	142	20.0
1608527247.31	20000	34.720623	0.0	4742872	260	20.0
1608527247.6	20000	35.432575	0.0	4955535	255	20.0
1608527247.67	20000	36.358201	0.0	1260540	58	20.0
1608527247.87	20000	37.164267	0.0	3605246	166	20.0
1608527248.02	20000	38.008182	0.0	2770338	127	20.0
1608527248.13	20000	38.904412	0.0	1855168	85	20.0
1608527248.22	20000	39.810521	0.0	1666915	76	20.0
1608527248.31	20000	40.723332	0.0	1555467	71	20.0
1608527248.37	20000	41.662537	0.0	1008919	46	20.0
1608527248.45	20000	42.591893	0.0	1227619	55	20.0
1608527248.51	20000	43.531739	0.0	1015853	45	20.0
1608527248.54	20000	44.503735	0.0	384076	16	20.0
1608527248.56	20000	45.481552	0.0	295687	12	20.0
1608527248.63	20000	46.412641	0.0	1328674	56	20.0
1608527248.71	20000	47.333673	0.0	1492829	63	20.0
1608527248.79	20000	48.253449	0.0	1484812	63	20.0
1608527248.89	20000	49.154777	0.0	1868314	80	20.0
1608527248.96	20000	50.086441	0.0	1253406	53	20.0
1608527249.01	20000	51.035409	0.0	887933	37	20.0
1608527249.08	20000	51.971759	0.0	1153403	48	20.0
1608527249.14	20000	52.903864	0.0	1249023	53	20.0
1608527249.22	20000	53.826248	0.0	1423973	60	20.0
1608527249.28	20000	54.765392	0.0	1060162	45	20.0
1608527249.35	20000	55.704146	0.0	1080597	45	20.0
1608527249.41	20000	56.638986	0.0	1156442	49	20.0
1608527249.53	20000	57.51971	0.0	2222640	98	20.0
1608527249.7	20000	58.352976	0.0	2587311	132	20.0
1608527249.84	20000	59.218981	0.0	2178351	113	20.0
1608527250.53	20000	59.56239	0.0	3121089	162	20.0
1608527251.74	20000	59.563386	0.0	2857420	189	20.0
1608527252.36	20000	59.814334	0.0	1702477	95	20.0
1608527253.46	20000	59.815373	0.0	1531670	85	20.0
1608527254.58	20000	59.566406	0.0	1863424	96	20.0
1608527255.71	20000	59.56739	0.0	1987392	108	20.0
1608527256.37	20000	59.818222	0.0	2505586	131	20.0
1608527257.44	20000	59.819341	0.0	9620218	510	20.0
1608527258.61	20000	59.570435	0.0	2561608	136	20.0
1608527259.34	20000	59.821352	0.0	3633991	202	20.0
1608527260.55	20000	59.572322	0.0	3324070	185	20.0
1608527261.66	20000	59.573316	0.0	1560020	84	20.0
1608527262.26	20000	59.824336	0.0	1429188	77	20.0
1608527263.37	20000	59.825327	0.0	1754144	94	20.0
1608527264.49	20000	59.82633	0.0	1626020	94	20.0
1608527265.63	20000	59.577344	0.0	1739228	122	20.0
1608527266.26	20000	59.828343	0.0	1722735	108	20.0
1608527267.38	20000	59.829408	0.0	1538145	97	20.0
1608527268.49	20000	59.830353	0.0	1473412	85	20.0
1608527269.61	20000	59.581336	0.0	1498968	98	20.0
1608527270.29	20000	59.832327	0.0	2247334	163	20.0
1608527271.55	20000	59.583363	0.0	3156442	230	20.0
1608527272.71	20000	59.584432	0.0	1895098	139	20.0
1608527273.37	20000	59.83532	0.0	1939135	133	20.0
1608527274.52	20000	59.586363	0.0	1842874	127	20.0
1608527275.7	20000	59.587349	0.0	2235830	159	20.0
1608527276.38	20000	59.838423	0.0	2202171	154	20.0
1608527277.56	20000	59.58928	0.0	2242042	157	20.0
1608527278.65	20000	59.590382	0.0	1081763	71	20.0
1608527279.34	20000	59.84133	0.0	2409013	164	20.0
1608527280.47	20000	59.842375	0.0	1615028	110	20.0
1608527281.6	20000	59.593401	0.0	1413467	110	20.0
1608527282.24	20000	59.844363	0.0	1632450	126	20.0
1608527283.72	20000	59.595322	0.0	5664827	434	20.0
1608527284.58	20000	59.596329	0.0	4578115	323	20.0
1608527285.73	20000	59.597431	0.0	1783835	120	20.0
1608527286.32	20000	59.848462	0.0	1093613	81	20.0
1608527287.41	20000	59.849324	0.0	975642	72	20.0
1608527288.55	20000	59.600337	0.0	1658005	117	20.0
1608527289.34	20000	59.851328	0.0	3055257	258	20.0
1608527290.36	20000	59.852325	0.0	5355572	479	20.0
1608527291.68	20000	59.603424	0.0	3278424	287	20.0
1608527292.45	20000	59.854345	0.0	2318501	248	20.0
1608527293.25	20000	59.855431	0.0	2473561	274	20.0
1608527294.46	20000	59.856344	0.0	1730311	195	20.0
1608527295.69	20000	59.607381	0.0	1455812	205	20.0
1608527296.48	20000	59.815393	0.0	2869222	265	20.0
1608527297.31	20000	59.859353	0.0	3226650	298	20.0
1608527298.62	20000	59.610317	0.0	2705936	284	20.0
1608527299.51	20000	59.611337	0.0	2998622	367	20.0
1608527300.38	20000	59.862344	0.0	2928342	340	20.0
1608527301.25	20000	59.863373	0.0	3059979	344	20.0
1608527302.65	20000	59.61437	0.0	3367422	368	20.0
1608527303.38	20000	59.865329	0.0	1950694	207	20.0
1608527304.57	20000	59.616327	0.0	1541020	172	20.0
1608527305.4	20000	59.867348	0.0	2926720	302	20.0
1608527306.25	20000	59.86834	0.0	2991202	324	20.0
1608527307.51	20000	59.619411	0.0	3002106	231	20.0
1608527308.68	20000	59.620331	0.0	2015412	145	20.0
1608527309.49	20000	59.871446	0.0	2894863	286	20.0
1608527310.27	20000	59.87232	0.0	2185316	252	20.0
1608527311.54	20000	59.623419	0.0	3370605	240	20.0
1608527312.35	20000	59.874344	0.0	3492243	269	20.0
1608527313.46	20000	59.875318	0.0	1307592	91	20.0
1608527314.64	20000	59.626413	0.0	1881404	155	20.0
1608527315.3	20000	59.877312	0.0	1806471	128	20.0
1608527316.46	20000	59.878422	0.0	1945842	141	20.0
1608527317.64	20000	59.629322	0.0	2538877	150	20.0
1608527318.3	20000	59.880326	0.0	2298557	143	20.0
1608527319.53	20000	59.631322	0.0	2831497	197	20.0
1608527320.35	20000	59.882326	0.0	3200905	296	20.0
1608527321.53	20000	59.633422	0.0	2180586	145	20.0
1608527322.67	20000	59.634347	0.0	1500505	128	20.0
1608527323.36	20000	59.885434	0.0	1939246	163	20.0
1608527324.52	20000	59.636338	0.0	1599193	136	20.0
1608527325.31	20000	59.887349	0.0	2364826	265	20.0
1608527326.58	20000	59.638322	0.0	2517454	241	20.0
1608527327.29	20000	59.889321	0.0	1883143	190	20.0
1608527328.46	20000	59.890412	0.0	1726706	142	20.0
1608527329.54	20000	59.641349	0.0	707364	66	20.0
1608527330.63	20000	59.642327	0.0	796460	76	20.0
1608527331.72	20000	59.643323	0.0	596962	70	20.0
1608527332.33	20000	59.894329	0.0	947625	96	20.0
1608527333.43	20000	59.895322	0.0	832859	77	20.0
1608527334.46	20000	59.896311	0.0	151562	14	20.0
1608527335.48	20000	59.897322	0.0	90390	11	20.0
1608527336.5	20000	59.648405	0.0	50278	3	20.0
1608527337.51	20000	59.649327	0.0	26471	3	20.0
1608527338.53	20000	59.650315	0.0	40620	1	20.0
1608527338.89	4000	1.000999	0.045	335737	34	-1.44
1608527339.01	2000	2.001999	0.0	1072422	95	0.0
1608527339.13	2000	3.002999	0.0	1121405	103	2.0
1608527339.21	2000	3.972569	0.0	728514	67	2.0
1608527339.27	2000	4.911737	0.0	508013	47	2.0
1608527339.32	2000	5.860527	0.0	395538	36	2.0
1608527339.37	4000	6.817414	0.0	274373	25	2.0
1608527339.4	4000	7.786689	0.0	222226	20	4.0
1608527339.61	8000	8.577818	0.0	1838971	173	4.0
1608527339.76	8000	9.430221	0.0	1382199	129	8.0
1608527339.97	8000	10.216153	0.0	2052265	193	8.0
1608527340.39	12000	10.804334	0.0	4074608	374	8.0
1608527340.76	12000	11.427948	0.0	3844696	352	12.0
1608527340.97	16000	12.220805	0.0	2030157	185	12.0
1608527341.19	16000	12.998348	0.0	2240782	205	16.0
1608527341.42	16000	13.774061	0.0	2211169	206	16.0
1608527341.46	16000	14.729548	0.0	382046	34	16.0
1608527341.58	16000	15.614383	0.0	1113969	103	16.0
1608527341.67	20000	16.527434	0.0	820127	76	16.0
1608527342.35	20000	16.847354	0.0	6357933	638	20.0
1608527342.92	20000	17.274443	0.0	4814284	542	20.0
1608527343.24	20000	17.960378	0.0	3419258	288	20.0
1608527343.54	20000	18.663165	0.0	3944328	271	20.0
1608527343.86	20000	19.3404	0.0	4284196	295	20.0
1608527344.09	20000	20.11195	0.0	3022025	208	20.0
1608527344.25	20000	20.954767	0.0	2248581	139	20.0
1608527344.93	20000	21.272869	0.0	9946363	620	20.0
1608527345.76	20000	21.664184	0.0	11684632	761	20.0
1608527345.9	20000	22.523663	0.0	1849732	121	20.0
1608527346.05	20000	23.378164	0.0	1942795	126	20.0
1608527346.16	20000	24.268032	0.0	1704756	92	20.0
1608527346.27	20000	25.163461	0.0	1697111	85	20.0
1608527346.36	20000	26.06859	0.0	1529441	77	20.0
1608527346.46	20000	26.971433	0.0	1568649	79	20.0
1608527346.57	20000	27.866975	0.0	1677618	84	20.0
