1608510379.85	4000	1.000999	0.02	60629	11	-0.6400000000000001
1608510382.63	16000	1.411908	2.096	11007815	2636	-63.072
1608510384.4	16000	1.40222	0.424	8849724	1718	2.4320000000000004
1608510385.17	16000	1.650983	0.0	3191121	741	16.0
1608510385.62	16000	2.201648	0.0	1661718	430	16.0
1608510385.95	16000	2.871408	0.0	1315024	312	16.0
1608510386.13	16000	3.692856	0.0	698359	165	16.0
1608510386.32	16000	4.506778	0.0	730082	171	16.0
1608510387.17	16000	4.656795	0.0	4047415	817	16.0
1608510387.73	16000	5.09943	0.0	2863079	530	16.0
1608510388.7	16000	5.12485	0.0	4167844	945	16.0
1608510389.85	16000	4.980364	0.0	5571764	1106	16.0
1608510390.74	16000	5.091562	0.0	4925652	854	16.0
1608510391.12	16000	5.714986	0.0	2030157	355	16.0
1608510391.53	16000	6.301028	0.0	2240782	391	16.0
1608510391.92	16000	6.910746	0.0	2211169	368	16.0
1608510392.0	16000	7.836574	0.0	382046	60	16.0
1608510392.19	16000	8.641927	0.0	1113969	179	16.0
1608510392.34	16000	9.496674	0.0	820127	131	16.0
1608510393.66	16000	9.182036	0.0	6357933	1269	16.0
1608510394.81	16000	9.032546	0.0	4814284	1109	16.0
1608510395.53	16000	9.307914	0.0	3419258	694	16.0
1608510396.46	16000	9.383302	0.0	3944328	894	16.0
1608510397.6	16000	9.240586	0.0	4284196	1110	16.0
1608510398.4	16000	9.438704	0.0	3022025	774	16.0
1608510398.98	16000	9.867244	0.0	2248581	549	16.0
1608510401.24	16000	8.604948	0.0	9946363	2203	16.0
1608510403.85	16000	6.995511	0.0	11684632	2534	16.0
1608510404.34	16000	7.503526	0.0	1849732	472	16.0
1608510404.85	16000	7.994893	0.0	1942795	490	16.0
1608510405.31	16000	8.544728	0.0	1704756	431	16.0
1608510405.75	16000	9.098397	0.0	1697111	425	16.0
1608510406.12	16000	9.727345	0.0	1529441	354	16.0
1608510406.51	16000	10.344761	0.0	1568649	365	16.0
1608510406.92	16000	10.930546	0.0	1677618	387	16.0
1608510407.27	16000	11.585954	0.0	1415096	329	16.0
1608510407.73	16000	12.126624	0.0	1894067	442	16.0
1608510407.97	16000	12.885897	0.0	1186604	226	16.0
1608510408.18	16000	13.675542	0.0	1068386	196	16.0
1608510408.51	16000	14.345936	0.0	1700843	313	16.0
1608510408.98	16000	14.879038	0.0	2536859	443	16.0
1608510409.79	16000	15.066521	0.0	4742872	775	16.0
1608510410.66	16000	15.195905	0.0	4955535	835	16.0
1608510410.92	16000	15.943514	0.0	1260540	236	16.0
1608510411.8	16000	16.069973	0.0	3605246	845	16.0
1608510412.44	16000	16.420905	0.0	2770338	618	16.0
1608510412.86	16000	16.99858	0.0	1855168	404	16.0
1608510413.18	16000	17.681237	0.0	1666915	300	16.0
1608510413.48	16000	18.384742	0.0	1555467	280	16.0
1608510413.68	16000	19.190102	0.0	1008919	180	16.0
1608510413.92	16000	19.94812	0.0	1227619	227	16.0
1608510414.14	16000	20.730685	0.0	1015853	203	16.0
1608510414.23	16000	21.644144	0.0	384076	74	16.0
1608510414.29	16000	22.57651	0.0	295687	57	16.0
1608510414.58	16000	23.292479	0.0	1328674	268	16.0
1608510414.88	16000	23.988754	0.0	1492829	287	16.0
1608510415.14	16000	24.735852	0.0	1484812	236	16.0
1608510415.46	16000	25.418771	0.0	1868314	298	16.0
1608510415.67	16000	26.204225	0.0	1253406	199	16.0
1608510415.83	16000	27.049371	0.0	887933	140	16.0
1608510416.04	16000	27.838285	0.0	1153403	196	16.0
1608510416.27	16000	28.607699	0.0	1249023	214	16.0
1608510416.53	16000	29.346405	0.0	1423973	245	16.0
1608510416.74	16000	30.144779	0.0	1060162	181	16.0
1608510416.98	16000	30.9009	0.0	1080597	225	16.0
1608510417.29	16000	31.587796	0.0	1156442	297	16.0
1608510417.88	16000	32.002284	0.0	2222640	564	16.0
1608510418.35	16000	32.531226	0.0	2587311	448	16.0
1608510418.75	16000	33.133931	0.0	2178351	377	16.0
1608510419.5	16000	33.388966	0.0	3121089	720	16.0
1608510420.34	16000	33.54709	0.0	2857420	816	16.0
1608510420.91	16000	33.980246	0.0	1702477	547	16.0
1608510421.29	16000	34.599873	0.0	1531670	362	16.0
1608510421.75	16000	35.139131	0.0	1863424	441	16.0
1608510422.07	16000	35.81937	0.0	1987392	299	16.0
1608510422.41	16000	36.486115	0.0	2505586	311	16.0
1608510424.05	16000	35.843781	0.0	9620218	1583	16.0
1608510424.74	16000	36.153436	0.0	2561608	664	16.0
1608510425.24	16000	36.659758	0.0	3633991	464	16.0
1608510425.61	16000	37.287042	0.0	3324070	346	16.0
1608510425.79	16000	38.10826	0.0	1560020	162	16.0
1608510425.96	16000	38.940761	0.0	1429188	151	16.0
1608510426.17	16000	39.724827	0.0	1754144	196	16.0
1608510426.38	16000	40.52494	0.0	1626020	182	16.0
1608510426.6	16000	41.305614	0.0	1739228	200	16.0
1608510426.81	16000	42.091307	0.0	1722735	193	16.0
1608510427.01	16000	42.887932	0.0	1538145	184	16.0
1608510427.22	16000	43.679533	0.0	1473412	191	16.0
1608510427.44	16000	44.468197	0.0	1498968	194	16.0
1608510427.75	16000	45.155525	0.0	2247334	292	16.0
1608510428.33	16000	45.575012	0.0	3156442	554	16.0
1608510428.74	16000	46.172477	0.0	1895098	383	16.0
1608510429.15	16000	46.761628	0.0	1939135	389	16.0
1608510429.54	16000	47.369177	0.0	1842874	372	16.0
1608510430.03	16000	47.878486	0.0	2235830	468	16.0
1608510430.61	16000	48.303239	0.0	2202171	553	16.0
1608510431.18	16000	48.736502	0.0	2242042	540	16.0
1608510431.44	16000	49.470501	0.0	1081763	247	16.0
1608510432.01	16000	49.90072	0.0	2409013	547	16.0
1608510432.38	16000	50.537632	0.0	1615028	342	16.0
1608510432.7	16000	51.220166	0.0	1413467	299	16.0
1608510433.07	16000	51.851297	0.0	1632450	351	16.0
1608510434.35	16000	51.566897	0.0	5664827	1246	16.0
1608510435.32	16000	51.60366	0.0	4578115	929	16.0
1608510435.72	16000	52.205448	0.0	1783835	379	16.0
1608510435.96	16000	52.960049	0.0	1093613	231	16.0
1608510436.17	16000	53.75189	0.0	975642	186	16.0
1608510436.51	16000	54.415	0.0	1658005	319	16.0
1608510437.14	16000	54.790289	0.0	3055257	599	16.0
1608510438.43	16000	54.498798	0.0	5355572	1251	16.0
1608510439.46	16000	54.465343	0.0	3278424	1005	16.0
1608510440.16	16000	54.77191	0.0	2318501	671	16.0
1608510440.8	16000	55.128179	0.0	2473561	623	16.0
1608510441.28	16000	55.645099	0.0	1730311	464	16.0
1608510441.72	16000	56.212363	0.0	1455812	413	16.0
1608510442.39	16000	56.538902	0.0	2869222	647	16.0
1608510443.05	16000	56.885242	0.0	3226650	627	16.0
1608510443.46	16000	57.472616	0.0	2705936	388	16.0
1608510443.92	16000	58.015931	0.0	2998622	430	16.0
1608510444.32	16000	58.613373	0.0	2928342	373	16.0
1608510444.73	16000	59.207463	0.0	3059979	380	16.0
1608510445.19	16000	59.751451	0.0	3367422	428	16.0
1608510446.47	16000	59.654398	0.0	1950694	260	16.0
1608510447.22	16000	59.905315	0.0	1541020	231	16.0
1608510448.18	16000	59.906291	0.0	2926720	435	16.0
1608510449.16	16000	59.907353	0.0	2991202	452	16.0
1608510450.13	16000	59.814986	0.0	3002106	941	16.0
1608510451.09	16000	59.851951	0.0	2015412	942	16.0
1608510452.2	16000	59.905149	0.0	2894863	586	16.0
1608510453.29	16000	59.661403	0.0	2185316	566	16.0
1608510453.96	16000	59.98999	0.0	3370605	638	16.0
1608510455.29	16000	59.66332	0.0	3492243	799	16.0
1608510456.03	16000	59.924181	0.0	1307592	718	16.0
1608510457.12	16000	59.915325	0.0	1881404	576	16.0
1608510458.36	16000	59.666329	0.0	1806471	712	16.0
1608510459.05	16000	59.90211	0.0	1945842	671	16.0
1608510460.21	16000	59.918394	0.0	2538877	630	16.0
1608510461.23	16000	59.919294	0.0	2298557	502	16.0
1608510462.36	16000	59.670368	0.0	2831497	588	16.0
1608510463.13	16000	59.831125	0.0	3200905	740	16.0
1608510464.2	16000	59.922292	0.0	2180586	549	16.0
1608510465.2	16000	59.923302	0.0	1500505	477	16.0
1608510466.39	16000	59.674345	0.0	1939246	669	16.0
1608510467.32	16000	59.645013	0.0	1599193	907	16.0
1608510468.07	16000	59.894855	0.0	2364826	727	16.0
1608510469.15	16000	59.81354	0.0	2517454	1055	16.0
1608510470.14	16000	59.928392	0.0	1883143	472	16.0
1608510471.53	16000	59.679383	0.0	1726706	368	16.0
1608510472.12	16000	59.930296	0.0	707364	69	16.0
1608510473.22	16000	59.931331	0.0	796460	82	16.0
1608510474.29	16000	59.682344	0.0	596962	59	16.0
1608510475.41	16000	59.683339	0.0	947625	96	16.0
1608510476.53	16000	59.684363	0.0	832859	112	16.0
1608510477.06	16000	59.93538	0.0	151562	17	16.0
1608510478.09	16000	59.936374	0.0	90390	10	16.0
1608510479.1	16000	59.937373	0.0	50278	2	16.0
1608510480.12	16000	59.938385	0.0	26471	3	16.0
1608510481.13	16000	59.939386	0.0	40620	2	16.0
1608510481.48	4000	1.000999	0.034	335737	23	-1.088
1608510482.4	16000	1.360194	0.0	11007815	807	4.0
1608510483.35	16000	1.440367	0.0	8849724	886	16.0
1608510483.96	16000	1.853886	0.0	3191121	578	16.0
1608510484.28	16000	2.536691	0.0	1661718	299	16.0
1608510484.81	16000	3.003022	0.0	1315024	516	16.0
1608510485.1	16000	3.718321	0.0	698359	271	16.0
1608510485.55	16000	4.270347	0.0	730082	434	16.0
1608510496.52	16000	59.53139	0.0	676507	79	16.0
1608510496.53	16000	59.355277	0.0	676507	79	16.0
1608510497.28	16000	59.782386	0.0	1987392	231	16.0
1608510498.19	16000	59.783386	0.0	2505586	380	16.0
1608510499.44	16000	59.441356	0.0	9620218	1190	16.0
1608510500.19	16000	59.785391	0.0	2561608	219	16.0
1608510501.54	16000	59.536391	0.0	3633991	317	16.0
1608510502.33	16000	59.787393	0.0	3324070	256	16.0
1608510503.47	16000	59.538382	0.0	1560020	116	16.0
1608510504.1	16000	59.789377	0.0	1429188	114	16.0
1608510505.27	16000	59.790379	0.0	1754144	142	16.0
1608510506.42	16000	59.541385	0.0	1626020	135	16.0
1608510507.12	16000	59.792407	0.0	1739228	180	16.0
1608510508.33	16000	59.793376	0.0	1722735	178	16.0
1608510509.47	16000	59.544374	0.0	1538145	124	16.0
1608510510.13	16000	59.7954	0.0	1473412	131	16.0
1608510511.28	16000	59.796389	0.0	1498968	134	16.0
1608510512.49	16000	59.547466	0.0	2247334	184	16.0
1608510513.37	16000	59.548403	0.0	3156442	355	16.0
1608510514.11	16000	59.799463	0.0	1895098	211	16.0
1608510515.35	16000	59.800466	0.0	1939135	217	16.0
1608510516.13	16000	59.801471	0.0	1842874	258	16.0
1608510517.56	16000	59.552455	0.0	2235830	407	16.0
1608510518.19	16000	59.713358	0.0	2202171	608	16.0
1608510519.2	16000	59.804469	0.0	2242042	481	16.0
