1608520235.62	4000	1.000999	0.025	60629	15	-0.5
1608520237.68	4000	1.369814	1.346	6594552	1927	-22.92
1608520239.16	8000	1.329407	0.186	7078153	1364	0.27999999999999936
1608520239.83	20000	1.70886	0.0	3191121	571	8.0
1608520240.21	20000	2.328364	0.0	1661718	298	20.0
1608520240.53	20000	3.014241	0.0	1315024	234	20.0
1608520240.73	20000	3.811447	0.0	698359	124	20.0
1608520240.94	20000	4.604025	0.0	730082	130	20.0
1608520241.79	20000	4.760722	0.0	4047415	750	20.0
1608520242.42	20000	5.132686	0.0	2863079	541	20.0
1608520243.39	20000	5.154902	0.0	4167844	878	20.0
1608520244.43	20000	5.123869	0.0	5571764	929	20.0
1608520245.29	20000	5.257514	0.0	4925652	767	20.0
1608520245.73	20000	5.819725	0.0	2030157	353	20.0
1608520246.23	20000	6.326444	0.0	2240782	409	20.0
1608520246.71	20000	6.847914	0.0	2211169	391	20.0
1608520246.85	20000	7.704871	0.0	382046	65	20.0
1608520247.13	20000	8.430036	0.0	1113969	195	20.0
1608520247.35	20000	9.208754	0.0	820127	143	20.0
1608520248.56	20000	9.00954	0.0	6357933	1089	20.0
1608520249.47	20000	9.093606	0.0	4814284	808	20.0
1608520250.12	20000	9.439262	0.0	3419258	564	20.0
1608520250.9	20000	9.65684	0.0	3944328	692	20.0
1608520251.84	20000	9.725331	0.0	4284196	837	20.0
1608520252.58	20000	9.988378	0.0	3022025	647	20.0
1608520253.14	20000	10.427856	0.0	2248581	472	20.0
1608520255.46	20000	9.109954	0.0	9946363	2179	20.0
1608520257.76	20000	7.808194	0.0	11684632	2157	20.0
1608520258.08	20000	8.49066	0.0	1849732	234	20.0
1608520258.41	20000	9.159694	0.0	1942795	246	20.0
1608520258.68	20000	9.886774	0.0	1704756	190	20.0
1608520258.95	20000	10.623114	0.0	1697111	181	20.0
1608520259.19	20000	11.378452	0.0	1529441	163	20.0
1608520259.45	20000	12.126738	0.0	1568649	167	20.0
1608520259.73	20000	12.842721	0.0	1677618	194	20.0
1608520259.99	20000	13.589198	0.0	1415096	170	20.0
1608520260.3	20000	14.275951	0.0	1894067	229	20.0
1608520260.52	20000	15.053652	0.0	1186604	142	20.0
1608520260.76	20000	15.821326	0.0	1068386	154	20.0
1608520261.08	20000	16.493282	0.0	1700843	247	20.0
1608520261.54	20000	17.037682	0.0	2536859	370	20.0
1608520262.47	20000	17.10804	0.0	4742872	832	20.0
1608520263.6	20000	16.981788	0.0	4955535	1024	20.0
1608520263.91	20000	17.668793	0.0	1260540	234	20.0
1608520264.66	20000	17.922601	0.0	3605246	653	20.0
1608520265.16	20000	18.425912	0.0	2770338	407	20.0
1608520265.51	20000	19.071362	0.0	1855168	272	20.0
1608520265.84	20000	19.749227	0.0	1666915	239	20.0
1608520266.14	20000	20.445546	0.0	1555467	224	20.0
1608520266.37	20000	21.222793	0.0	1008919	144	20.0
1608520266.62	20000	21.969337	0.0	1227619	174	20.0
1608520266.84	20000	22.749767	0.0	1015853	141	20.0
1608520266.97	20000	23.623317	0.0	384076	51	20.0
1608520267.08	20000	24.508658	0.0	295687	39	20.0
1608520267.35	20000	25.243574	0.0	1328674	186	20.0
1608520267.63	20000	25.95951	0.0	1492829	202	20.0
1608520267.91	20000	26.686235	0.0	1484812	183	20.0
1608520268.23	20000	27.369737	0.0	1868314	232	20.0
1608520268.46	20000	28.133982	0.0	1253406	156	20.0
1608520268.66	20000	28.940169	0.0	887933	116	20.0
1608520268.9	20000	29.69446	0.0	1153403	166	20.0
1608520269.16	20000	30.43522	0.0	1249023	179	20.0
1608520269.45	20000	31.149802	0.0	1423973	205	20.0
1608520269.73	20000	31.876421	0.0	1060162	194	20.0
1608520270.05	20000	32.551007	0.0	1080597	247	20.0
1608520270.4	20000	33.208419	0.0	1156442	265	20.0
1608520271.04	20000	33.561706	0.0	2222640	561	20.0
1608520271.76	20000	33.850862	0.0	2587311	623	20.0
1608520272.24	20000	34.368604	0.0	2178351	397	20.0
1608520272.86	20000	34.748558	0.0	3121089	531	20.0
1608520273.4	20000	35.211284	0.0	2857420	448	20.0
1608520273.75	20000	35.864154	0.0	1702477	266	20.0
1608520274.07	20000	36.53998	0.0	1531670	243	20.0
1608520274.45	20000	37.161781	0.0	1863424	297	20.0
1608520274.92	20000	37.689691	0.0	1987392	390	20.0
1608520275.56	20000	38.056938	0.0	2505586	547	20.0
1608520277.57	20000	37.041067	0.0	9620218	1890	20.0
1608520278.58	20000	37.037348	0.0	2561608	916	20.0
1608520280.77	20000	35.850703	0.0	3633991	2093	20.0
1608520281.55	20000	36.066734	0.0	3324070	691	20.0
1608520281.86	20000	36.761688	0.0	1560020	223	20.0
1608520282.13	20000	37.492187	0.0	1429188	189	20.0
1608520282.44	20000	38.178627	0.0	1754144	232	20.0
1608520282.73	20000	38.888842	0.0	1626020	207	20.0
1608520283.02	20000	39.606009	0.0	1739228	198	20.0
1608520283.3	20000	40.325804	0.0	1722735	196	20.0
1608520283.57	20000	41.059864	0.0	1538145	174	20.0
1608520283.81	20000	41.819772	0.0	1473412	157	20.0
1608520284.05	20000	42.579249	0.0	1498968	157	20.0
1608520284.37	20000	43.256716	0.0	2247334	236	20.0
1608520284.8	20000	43.827687	0.0	3156442	338	20.0
1608520285.1	20000	44.527991	0.0	1895098	216	20.0
1608520285.41	20000	45.2234	0.0	1939135	221	20.0
1608520285.7	20000	45.928981	0.0	1842874	210	20.0
1608520286.11	20000	46.522624	0.0	2235830	323	20.0
1608520286.51	20000	47.119273	0.0	2202171	317	20.0
1608520286.99	20000	47.645196	0.0	2242042	388	20.0
1608520287.28	20000	48.359905	0.0	1081763	204	20.0
1608520287.86	20000	48.778031	0.0	2409013	486	20.0
1608520288.34	20000	49.297586	0.0	1615028	399	20.0
1608520288.77	20000	49.871542	0.0	1413467	343	20.0
1608520289.24	20000	50.397938	0.0	1632450	391	20.0
1608520290.66	20000	49.9807	0.0	5664827	1313	20.0
1608520291.71	20000	49.928453	0.0	4578115	954	20.0
1608520292.14	20000	50.502694	0.0	1783835	343	20.0
1608520292.43	20000	51.215623	0.0	1093613	209	20.0
1608520292.69	20000	51.950615	0.0	975642	186	20.0
1608520293.23	20000	52.412824	0.0	1658005	449	20.0
1608520294.13	20000	52.519761	0.0	3055257	806	20.0
1608520295.5	20000	52.143742	0.0	5355572	1270	20.0
1608520296.34	20000	52.311903	0.0	3278424	739	20.0
1608520296.91	20000	52.735815	0.0	2318501	493	20.0
1608520297.46	20000	53.194396	0.0	2473561	456	20.0
1608520297.86	20000	53.796331	0.0	1730311	313	20.0
1608520298.2	20000	54.448496	0.0	1455812	265	20.0
1608520298.82	20000	54.838871	0.0	2869222	522	20.0
1608520299.52	20000	55.139175	0.0	3226650	610	20.0
1608520300.1	20000	55.558584	0.0	2705936	495	20.0
1608520300.73	20000	55.93069	0.0	2998622	542	20.0
1608520301.24	20000	56.413266	0.0	2928342	431	20.0
1608520301.78	20000	56.8743	0.0	3059979	450	20.0
1608520302.31	20000	57.35145	0.0	3367422	431	20.0
1608520302.64	20000	58.0168	0.0	1950694	249	20.0
1608520302.91	20000	58.753237	0.0	1541020	183	20.0
1608520303.34	20000	59.326123	0.0	2926720	333	20.0
1608520303.77	20000	59.897462	0.0	2991202	341	20.0
1608520305.19	20000	59.625796	0.0	3002106	338	20.0
1608520306.06	20000	59.626786	0.0	2015412	283	20.0
1608520307.13	20000	59.627764	0.0	2894863	486	20.0
1608520308.11	20000	59.628767	0.0	2185316	390	20.0
1608520308.84	20000	59.831531	0.0	3370605	637	20.0
1608520310.01	20000	59.8808	0.0	3492243	576	20.0
1608520311.27	20000	59.631781	0.0	1307592	179	20.0
1608520312.11	20000	59.632763	0.0	1881404	251	20.0
1608520312.93	20000	59.883782	0.0	1806471	237	20.0
1608520313.83	20000	59.884771	0.0	1945842	316	20.0
1608520314.95	20000	59.88578	0.0	2538877	527	20.0
1608520316.07	20000	59.636761	0.0	2298557	529	20.0
1608520317.07	20000	59.607716	0.0	2831497	914	20.0
1608520317.96	20000	59.721969	0.0	3200905	795	20.0
1608520319.01	20000	59.830232	0.0	2180586	463	20.0
1608520319.98	20000	59.890772	0.0	1500505	381	20.0
1608520321.01	20000	59.891771	0.0	1939246	453	20.0
1608520321.99	20000	59.892782	0.0	1599193	394	20.0
1608520322.81	20000	59.87598	0.0	2364826	727	20.0
1608520323.83	20000	59.859247	0.0	2517454	932	20.0
1608520325.0	20000	59.886323	0.0	1883143	590	20.0
1608520326.05	20000	59.64677	0.0	1726706	460	20.0
1608520326.85	20000	59.897775	0.0	707364	221	20.0
1608520328.2	20000	59.648785	0.0	796460	269	20.0
1608520328.97	20000	59.899781	0.0	596962	198	20.0
1608520329.85	20000	59.900731	0.0	947625	293	20.0
1608520331.13	20000	59.651765	0.0	832859	204	20.0
1608520332.23	20000	59.652757	0.0	151562	26	20.0
1608520332.81	20000	59.903767	0.0	90390	10	20.0
1608520333.88	20000	59.904771	0.0	50278	4	20.0
1608520334.92	20000	59.905774	0.0	26471	4	20.0
1608520335.96	20000	59.906772	0.0	40620	2	20.0
1608520336.35	4000	1.000999	0.061	334032	49	-1.2199999999999998
1608520337.4	4000	1.342251	0.108	6594552	923	1.8399999999999999
1608520338.52	20000	1.313153	0.07	8849724	987	2.6000000000000014
1608520338.94	20000	1.911581	0.0	3191121	332	20.0
1608520339.19	20000	2.664768	0.0	1661718	164	20.0
1608520339.4	20000	3.455083	0.0	1315024	130	20.0
1608520339.55	20000	4.310703	0.0	698359	68	20.0
1608520339.69	20000	5.161519	0.0	730082	72	20.0
1608520340.18	20000	5.678437	0.0	4047415	387	20.0
1608520340.52	20000	6.338351	0.0	2863079	253	20.0
1608520340.99	20000	6.87274	0.0	4167844	369	20.0
1608520341.56	20000	7.305236	0.0	5571764	462	20.0
1608520342.07	20000	7.794382	0.0	4925652	408	20.0
1608520342.31	20000	8.555521	0.0	2030157	156	20.0
1608520342.56	20000	9.298696	0.0	2240782	173	20.0
1608520342.82	20000	10.045213	0.0	2211169	170	20.0
1608520342.92	20000	10.943409	0.0	382046	28	20.0
1608520343.08	20000	11.782294	0.0	1113969	82	20.0
1608520343.22	20000	12.649953	0.0	820127	55	20.0
1608520343.76	20000	13.110512	0.0	6357933	434	20.0
1608520344.19	20000	13.676026	0.0	4814284	334	20.0
1608520344.53	20000	14.337355	0.0	3419258	247	20.0
1608520344.91	20000	14.957276	0.0	3944328	286	20.0
1608520345.38	20000	15.495516	0.0	4284196	365	20.0
1608520345.74	20000	16.136524	0.0	3022025	270	20.0
1608520346.02	20000	16.852209	0.0	2248581	201	20.0
1608520347.21	20000	16.670133	0.0	9946363	1051	20.0
1608520349.64	20000	15.237087	0.0	11684632	2293	20.0
1608520350.25	20000	15.631543	0.0	1849732	520	20.0
1608520351.0	20000	15.87742	0.0	1942795	670	20.0
1608520352.06	20000	15.818594	0.0	1704756	977	20.0
1608520359.15	20000	9.728187	0.0	1697111	7004	20.0
1608520359.27	2000	10.612182	0.0	257949	33	-16.0
1608520359.38	2000	11.503649	0.0	254944	34	2.0
