1608496553.46	4000	1.000999	0.014	60629	4	-0.28000000000000025
1608496554.55	20000	1.326543	0.387	11007815	927	-3.74
1608496555.43	20000	1.67648	0.0	8849724	758	20.0
1608496555.79	20000	2.416774	0.0	3191121	269	20.0
1608496556.02	20000	3.193419	0.0	1661718	139	20.0
1608496556.21	20000	4.001633	0.0	1315024	110	20.0
1608496556.35	20000	4.905233	0.0	698359	56	20.0
1608496556.48	20000	5.767915	0.0	730082	60	20.0
1608496556.92	20000	6.3403	0.0	4047415	336	20.0
1608496557.25	20000	7.007615	0.0	2863079	237	20.0
1608496557.71	20000	7.549627	0.0	4167844	356	20.0
1608496558.29	20000	7.965329	0.0	5571764	479	20.0
1608496558.91	20000	8.347332	0.0	4925652	519	20.0
1608496559.21	20000	9.050487	0.0	2030157	213	20.0
1608496559.48	20000	9.783477	0.0	2240782	180	20.0
1608496559.74	20000	10.521575	0.0	2211169	177	20.0
1608496559.85	20000	11.41382	0.0	382046	30	20.0
1608496560.02	20000	12.24534	0.0	1113969	89	20.0
1608496560.17	20000	13.095701	0.0	820127	63	20.0
1608496560.73	20000	13.53334	0.0	6357933	455	20.0
1608496561.18	20000	14.089724	0.0	4814284	344	20.0
1608496561.6	20000	14.668701	0.0	3419258	328	20.0
1608496562.08	20000	15.186041	0.0	3944328	387	20.0
1608496562.6	20000	15.673554	0.0	4284196	415	20.0
1608496562.98	20000	16.291144	0.0	3022025	292	20.0
1608496563.28	20000	16.987332	0.0	2248581	217	20.0
1608496564.26	20000	17.016735	0.0	9946363	843	20.0
1608496565.48	20000	16.798717	0.0	11684632	1082	20.0
1608496565.71	20000	17.565706	0.0	1849732	149	20.0
1608496565.95	20000	18.325104	0.0	1942795	156	20.0
1608496566.17	20000	19.105238	0.0	1704756	138	20.0
1608496566.41	20000	19.863641	0.0	1697111	158	20.0
1608496566.65	20000	20.625603	0.0	1529441	156	20.0
1608496566.9	20000	21.383326	0.0	1568649	160	20.0
1608496567.15	20000	22.128796	0.0	1677618	172	20.0
1608496567.36	20000	22.924906	0.0	1415096	124	20.0
1608496567.58	20000	23.703914	0.0	1894067	136	20.0
1608496567.74	20000	24.539384	0.0	1186604	84	20.0
1608496567.9	20000	25.383618	0.0	1068386	77	20.0
1608496568.11	20000	26.179511	0.0	1700843	122	20.0
1608496568.4	20000	26.888923	0.0	2536859	203	20.0
1608496568.98	20000	27.311291	0.0	4742872	479	20.0
1608496569.53	20000	27.754689	0.0	4955535	453	20.0
1608496569.72	20000	28.573408	0.0	1260540	102	20.0
1608496570.1	20000	29.189164	0.0	3605246	293	20.0
1608496570.43	20000	29.86691	0.0	2770338	235	20.0
1608496570.68	20000	30.611281	0.0	1855168	172	20.0
1608496570.92	20000	31.374343	0.0	1666915	154	20.0
1608496571.15	20000	32.149243	0.0	1555467	143	20.0
1608496571.32	20000	32.976919	0.0	1008919	93	20.0
1608496571.49	20000	33.808322	0.0	1227619	88	20.0
1608496571.64	20000	34.656137	0.0	1015853	73	20.0
1608496571.75	20000	35.551619	0.0	384076	26	20.0
1608496571.84	20000	36.454977	0.0	295687	21	20.0
1608496572.02	20000	37.279116	0.0	1328674	96	20.0
1608496572.21	20000	38.089657	0.0	1492829	108	20.0
1608496572.4	20000	38.900891	0.0	1484812	106	20.0
1608496572.62	20000	39.682728	0.0	1868314	134	20.0
1608496572.79	20000	40.513222	0.0	1253406	89	20.0
1608496572.94	20000	41.369905	0.0	887933	62	20.0
1608496573.1	20000	42.20821	0.0	1153403	81	20.0
1608496573.27	20000	43.039271	0.0	1249023	88	20.0
1608496573.46	20000	43.849179	0.0	1423973	108	20.0
1608496573.62	20000	44.687551	0.0	1060162	80	20.0
1608496573.79	20000	45.525308	0.0	1080597	81	20.0
1608496573.95	20000	46.358604	0.0	1156442	88	20.0
1608496574.22	20000	47.104443	0.0	2222640	170	20.0
1608496574.52	20000	47.791786	0.0	2587311	214	20.0
1608496574.79	20000	48.520329	0.0	2178351	186	20.0
1608496575.15	20000	49.165309	0.0	3121089	266	20.0
1608496575.47	20000	49.844198	0.0	2857420	232	20.0
1608496575.69	20000	50.628177	0.0	1702477	131	20.0
1608496575.89	20000	51.428033	0.0	1531670	118	20.0
1608496576.12	20000	52.198591	0.0	1863424	144	20.0
1608496576.36	20000	52.961549	0.0	1987392	153	20.0
1608496576.67	20000	53.654893	0.0	2505586	219	20.0
1608496577.65	20000	53.676073	0.0	9620218	855	20.0
1608496577.97	20000	54.351598	0.0	2561608	236	20.0
1608496578.4	20000	54.925595	0.0	3633991	332	20.0
1608496578.77	20000	55.557483	0.0	3324070	275	20.0
1608496578.98	20000	56.345203	0.0	1560020	128	20.0
1608496579.18	20000	57.145344	0.0	1429188	118	20.0
1608496579.41	20000	57.915048	0.0	1754144	144	20.0
1608496579.64	20000	58.690483	0.0	1626020	140	20.0
1608496579.88	20000	59.455012	0.0	1739228	149	20.0
1608496580.61	20000	59.797842	0.0	1722735	148	20.0
1608496581.83	20000	59.548847	0.0	1538145	128	20.0
1608496582.54	20000	59.799837	0.0	1473412	126	20.0
1608496583.76	20000	59.800843	0.0	1498968	137	20.0
1608496584.55	20000	59.801849	0.0	2247334	202	20.0
1608496585.88	20000	59.552854	0.0	3156442	244	20.0
1608496586.61	20000	59.803858	0.0	1895098	132	20.0
1608496587.84	20000	59.554838	0.0	1939135	148	20.0
1608496588.61	20000	59.805859	0.0	1842874	181	20.0
1608496589.88	20000	59.556812	0.0	2235830	189	20.0
1608496590.63	20000	59.807848	0.0	2202171	159	20.0
1608496591.88	20000	59.558837	0.0	2242042	165	20.0
1608496592.54	20000	59.809839	0.0	1081763	77	20.0
1608496593.82	20000	59.560839	0.0	2409013	186	20.0
1608496595.02	20000	59.561845	0.0	1615028	116	20.0
1608496595.73	20000	59.812828	0.0	1413467	119	20.0
1608496596.94	20000	59.563836	0.0	1632450	125	20.0
1608496597.48	20000	59.873396	0.0	5664827	434	20.0
1608496598.92	20000	59.565844	0.0	4578115	347	20.0
1608496599.66	20000	59.816831	0.0	1783835	147	20.0
1608496600.81	20000	59.567837	0.0	1093613	74	20.0
1608496601.97	20000	59.568821	0.0	975642	75	20.0
1608496602.69	20000	59.819844	0.0	1658005	131	20.0
1608496604.01	20000	59.570853	0.0	3055257	229	20.0
1608496604.54	20000	59.818288	0.0	5355572	429	20.0
1608496605.88	20000	59.572834	0.0	3278424	249	20.0
1608496606.65	20000	59.82386	0.0	2318501	190	20.0
1608496607.93	20000	59.574839	0.0	2473561	187	20.0
1608496608.64	20000	59.825861	0.0	1730311	123	20.0
1608496609.84	20000	59.576835	0.0	1455812	118	20.0
1608496610.64	20000	59.827853	0.0	2869222	217	20.0
1608496611.99	20000	59.578825	0.0	3226650	251	20.0
1608496612.78	20000	59.829844	0.0	2705936	196	20.0
1608496613.6	20000	59.830847	0.0	2998622	232	20.0
1608496614.94	20000	59.581834	0.0	2928342	247	20.0
1608496615.78	20000	59.832853	0.0	3059979	252	20.0
1608496616.74	20000	59.833824	0.0	3367422	362	20.0
1608496617.99	20000	59.58482	0.0	1950694	162	20.0
1608496618.72	20000	59.83585	0.0	1541020	144	20.0
1608496619.54	20000	59.836828	0.0	2926720	229	20.0
1608496620.87	20000	59.58784	0.0	2991202	236	20.0
1608496621.68	20000	59.83883	0.0	3002106	215	20.0
1608496622.94	20000	59.589837	0.0	2015412	172	20.0
1608496623.77	20000	59.840849	0.0	2894863	238	20.0
1608496625.02	20000	59.591841	0.0	2185316	173	20.0
1608496625.44	20000	59.932662	0.0	3370605	328	20.0
1608496626.88	20000	59.593834	0.0	3492243	346	20.0
1608496627.56	20000	59.844844	0.0	1307592	95	20.0
1608496628.81	20000	59.59584	0.0	1881404	157	20.0
1608496629.55	20000	59.846835	0.0	1806471	154	20.0
1608496630.79	20000	59.59785	0.0	1945842	144	20.0
1608496631.56	20000	59.848851	0.0	2538877	182	20.0
1608496632.84	20000	59.599853	0.0	2298557	190	20.0
1608496633.7	20000	59.850859	0.0	2831497	267	20.0
1608496634.54	20000	59.851846	0.0	3200905	242	20.0
1608496635.8	20000	59.602835	0.0	2180586	167	20.0
1608496637.0	20000	59.603829	0.0	1500505	116	20.0
1608496637.76	20000	59.854835	0.0	1939246	175	20.0
1608496639.0	20000	59.605826	0.0	1599193	152	20.0
1608496639.78	20000	59.856853	0.0	2364826	194	20.0
1608496640.59	20000	59.857844	0.0	2517454	220	20.0
1608496641.83	20000	59.60883	0.0	1883143	155	20.0
1608496642.59	20000	59.859852	0.0	1726706	171	20.0
1608496643.74	20000	59.860854	0.0	707364	69	20.0
1608496644.89	20000	59.611842	0.0	796460	69	20.0
1608496646.02	20000	59.612845	0.0	596962	48	20.0
1608496646.68	20000	59.863852	0.0	947625	87	20.0
1608496647.83	20000	59.614835	0.0	832859	68	20.0
1608496648.92	20000	59.615845	0.0	151562	10	20.0
1608496650.0	20000	59.616847	0.0	90390	5	20.0
1608496650.56	20000	59.867838	0.0	50278	2	20.0
1608496651.61	20000	59.868845	0.0	26471	4	20.0
1608496652.65	20000	59.869853	0.0	40620	2	20.0
1608496652.99	4000	1.000999	0.04	334032	29	-0.7999999999999998
1608496654.18	20000	1.315659	0.227	11007815	1015	-0.5399999999999991
1608496655.11	20000	1.408156	0.0	8849724	805	20.0
1608496655.47	20000	2.047262	0.0	3191121	268	20.0
1608496655.7	20000	2.850305	0.0	1661718	139	20.0
1608496655.88	20000	3.664672	0.0	1315024	104	20.0
1608496656.02	20000	4.535848	0.0	698359	50	20.0
1608496656.15	20000	5.398553	0.0	730082	51	20.0
1608496656.54	20000	6.010513	0.0	4047415	293	20.0
1608496656.84	20000	6.714685	0.0	2863079	207	20.0
1608496657.36	20000	7.195913	0.0	4167844	421	20.0
1608496658.02	20000	7.535989	0.0	5571764	555	20.0
1608496658.59	20000	7.96657	0.0	4925652	469	20.0
1608496658.87	20000	8.686607	0.0	2030157	193	20.0
1608496659.18	20000	9.371527	0.0	2240782	228	20.0
1608496659.5	20000	10.060336	0.0	2211169	225	20.0
1608496659.61	20000	10.946498	0.0	382046	38	20.0
1608496659.8	20000	11.754636	0.0	1113969	112	20.0
1608496659.96	20000	12.600909	0.0	820127	74	20.0
1608496660.65	20000	12.907021	0.0	6357933	586	20.0
1608496661.15	20000	13.410093	0.0	4814284	399	20.0
1608496661.51	20000	14.051692	0.0	3419258	267	20.0
1608496661.91	20000	14.650843	0.0	3944328	308	20.0
1608496662.37	20000	15.199101	0.0	4284196	357	20.0
1608496662.72	20000	15.857161	0.0	3022025	251	20.0
1608496662.99	20000	16.574885	0.0	2248581	188	20.0
1608496663.99	20000	16.578092	0.0	9946363	869	20.0
1608496665.04	20000	16.529329	0.0	11684632	915	20.0
1608496665.28	20000	17.285674	0.0	1849732	158	20.0
1608496665.54	20000	18.033904	0.0	1942795	166	20.0
1608496665.77	20000	18.798469	0.0	1704756	143	20.0
1608496666.01	20000	19.55845	0.0	1697111	156	20.0
1608496666.25	20000	20.325887	0.0	1529441	149	20.0
1608496666.48	20000	21.091495	0.0	1568649	152	20.0
1608496666.73	20000	21.844419	0.0	1677618	163	20.0
