1608505267.92	4000	1.000999	0.021	60629	10	-0.41999999999999993
1608505268.25	2000	1.703987	0.0	1072422	257	0.0
1608505270.07	8000	1.479892	0.598	7078153	1760	-9.96
1608505270.92	20000	2.033248	0.0	3191121	815	8.0
1608505271.39	20000	2.583605	0.0	1661718	444	20.0
1608505271.74	20000	3.231253	0.0	1315024	332	20.0
1608505271.91	20000	4.062256	0.0	698359	151	20.0
1608505272.09	20000	4.887652	0.0	730082	159	20.0
1608505272.97	20000	5.009514	0.0	4047415	845	20.0
1608505273.53	20000	5.449105	0.0	2863079	535	20.0
1608505274.37	20000	5.609598	0.0	4167844	807	20.0
1608505275.52	20000	5.468161	0.0	5571764	1100	20.0
1608505276.45	20000	5.527455	0.0	4925652	896	20.0
1608505276.84	20000	6.142052	0.0	2030157	361	20.0
1608505277.27	20000	6.711873	0.0	2240782	405	20.0
1608505277.7	20000	7.288873	0.0	2211169	399	20.0
1608505277.78	20000	8.204697	0.0	382046	69	20.0
1608505278.01	20000	8.979606	0.0	1113969	209	20.0
1608505278.18	20000	9.810495	0.0	820127	152	20.0
1608505279.43	20000	9.554603	0.0	6357933	1211	20.0
1608505280.43	20000	9.55594	0.0	4814284	958	20.0
1608505281.09	20000	9.901845	0.0	3419258	623	20.0
1608505281.79	20000	10.205074	0.0	3944328	655	20.0
1608505282.37	20000	10.625697	0.0	4284196	546	20.0
1608505282.78	20000	11.216635	0.0	3022025	382	20.0
1608505283.08	20000	11.912277	0.0	2248581	281	20.0
1608505284.42	20000	11.575548	0.0	9946363	1262	20.0
1608505285.9	20000	11.095261	0.0	11684632	1406	20.0
1608505286.16	20000	11.8344	0.0	1849732	240	20.0
1608505286.44	20000	12.560056	0.0	1942795	252	20.0
1608505286.68	20000	13.317381	0.0	1704756	220	20.0
1608505286.92	20000	14.079543	0.0	1697111	217	20.0
1608505287.14	20000	14.86369	0.0	1529441	196	20.0
1608505287.36	20000	15.642892	0.0	1568649	201	20.0
1608505287.6	20000	16.406028	0.0	1677618	216	20.0
1608505287.79	20000	17.210495	0.0	1415096	177	20.0
1608505288.02	20000	17.985038	0.0	1894067	202	20.0
1608505288.16	20000	18.840645	0.0	1186604	126	20.0
1608505288.3	20000	19.709516	0.0	1068386	114	20.0
1608505288.5	20000	20.506738	0.0	1700843	182	20.0
1608505288.8	20000	21.210838	0.0	2536859	271	20.0
1608505289.35	20000	21.65842	0.0	4742872	514	20.0
1608505289.96	20000	22.055125	0.0	4955535	565	20.0
1608505290.14	20000	22.866909	0.0	1260540	169	20.0
1608505290.66	20000	23.348819	0.0	3605246	488	20.0
1608505291.06	20000	23.950222	0.0	2770338	373	20.0
1608505291.34	20000	24.67846	0.0	1855168	249	20.0
1608505291.58	20000	25.43319	0.0	1666915	224	20.0
1608505291.81	20000	26.207867	0.0	1555467	207	20.0
1608505291.95	20000	27.066339	0.0	1008919	124	20.0
1608505292.12	20000	27.896478	0.0	1227619	151	20.0
1608505292.27	20000	28.752365	0.0	1015853	126	20.0
1608505292.33	20000	29.692871	0.0	384076	46	20.0
1608505292.38	20000	30.644127	0.0	295687	35	20.0
1608505292.56	20000	31.461819	0.0	1328674	165	20.0
1608505292.77	20000	32.256205	0.0	1492829	186	20.0
1608505292.98	20000	33.047597	0.0	1484812	190	20.0
1608505293.24	20000	33.784582	0.0	1868314	242	20.0
1608505293.42	20000	34.604469	0.0	1253406	162	20.0
1608505293.55	20000	35.473489	0.0	887933	114	20.0
1608505293.72	20000	36.307228	0.0	1153403	148	20.0
1608505293.89	20000	37.137373	0.0	1249023	151	20.0
1608505294.08	20000	37.951492	0.0	1423973	166	20.0
1608505294.22	20000	38.811973	0.0	1060162	123	20.0
1608505294.36	20000	39.669212	0.0	1080597	125	20.0
1608505294.52	20000	40.516733	0.0	1156442	134	20.0
1608505294.8	20000	41.236333	0.0	2222640	260	20.0
1608505295.11	20000	41.927226	0.0	2587311	283	20.0
1608505295.38	20000	42.659896	0.0	2178351	238	20.0
1608505295.75	20000	43.286295	0.0	3121089	344	20.0
1608505296.08	20000	43.958733	0.0	2857420	301	20.0
1608505296.28	20000	44.760613	0.0	1702477	177	20.0
1608505296.46	20000	45.581596	0.0	1531670	159	20.0
1608505296.68	20000	46.365659	0.0	1863424	194	20.0
1608505296.9	20000	47.139851	0.0	1987392	204	20.0
1608505297.18	20000	47.862495	0.0	2505586	253	20.0
1608505298.27	20000	47.777168	0.0	9620218	1023	20.0
1608505298.59	20000	48.455922	0.0	2561608	293	20.0
1608505299.03	20000	49.016568	0.0	3633991	408	20.0
1608505299.42	20000	49.624531	0.0	3324070	364	20.0
1608505299.61	20000	50.434784	0.0	1560020	170	20.0
1608505299.79	20000	51.261422	0.0	1429188	156	20.0
1608505299.98	20000	52.069467	0.0	1754144	171	20.0
1608505300.16	20000	52.895896	0.0	1626020	155	20.0
1608505300.34	20000	53.71042	0.0	1739228	165	20.0
1608505300.53	20000	54.523856	0.0	1722735	164	20.0
1608505300.7	20000	55.35814	0.0	1538145	147	20.0
1608505300.86	20000	56.199438	0.0	1473412	139	20.0
1608505301.02	20000	57.033478	0.0	1498968	145	20.0
1608505301.27	20000	57.789003	0.0	2247334	219	20.0
1608505301.62	20000	58.442904	0.0	3156442	309	20.0
1608505301.82	20000	59.234807	0.0	1895098	185	20.0
1608505302.06	20000	59.998468	0.0	1939135	215	20.0
1608505303.29	20000	59.794631	0.0	1842874	208	20.0
1608505304.67	20000	59.545595	0.0	2235830	350	20.0
1608505305.48	20000	59.796614	0.0	2202171	290	20.0
1608505306.3	20000	59.797636	0.0	2242042	289	20.0
1608505307.53	20000	59.548606	0.0	1081763	209	20.0
1608505308.43	20000	59.799601	0.0	2409013	371	20.0
1608505309.62	20000	59.550607	0.0	1615028	162	20.0
1608505310.27	20000	59.801605	0.0	1413467	132	20.0
1608505311.45	20000	59.802604	0.0	1632450	157	20.0
1608505312.45	20000	59.803623	0.0	5664827	453	20.0
1608505313.37	20000	59.804614	0.0	4578115	379	20.0
1608505314.57	20000	59.555605	0.0	1783835	184	20.0
1608505315.71	20000	59.556607	0.0	1093613	117	20.0
1608505316.35	20000	59.807728	0.0	975642	119	20.0
1608505317.61	20000	59.558633	0.0	1658005	241	20.0
1608505318.57	20000	59.559693	0.0	3055257	430	20.0
1608505319.33	20000	59.746693	0.0	5355572	723	20.0
1608505320.29	20000	59.811604	0.0	3278424	426	20.0
1608505321.62	20000	59.562708	0.0	2318501	313	20.0
1608505322.56	20000	59.563545	0.0	2473561	407	20.0
1608505323.32	20000	59.814613	0.0	1730311	241	20.0
1608505324.52	20000	59.565696	0.0	1455812	180	20.0
1608505325.5	20000	59.816615	0.0	2869222	446	20.0
1608505326.58	20000	59.567576	0.0	3226650	553	20.0
1608505327.52	20000	59.568558	0.0	2705936	413	20.0
1608505328.42	20000	59.819604	0.0	2998622	372	20.0
1608505329.27	20000	59.820647	0.0	2928342	310	20.0
1608505330.54	20000	59.571685	0.0	3059979	249	20.0
1608505331.31	20000	59.822696	0.0	3367422	233	20.0
1608505332.48	20000	59.82364	0.0	1950694	152	20.0
1608505333.65	20000	59.574705	0.0	1541020	143	20.0
1608505334.45	20000	59.825688	0.0	2926720	273	20.0
1608505335.28	20000	59.826689	0.0	2991202	303	20.0
1608505336.65	20000	59.577609	0.0	3002106	347	20.0
1608505337.42	20000	59.828642	0.0	2015412	242	20.0
1608505338.28	20000	59.829624	0.0	2894863	325	20.0
1608505339.55	20000	59.580583	0.0	2185316	243	20.0
1608505340.55	20000	59.581594	0.0	3370605	471	20.0
1608505341.58	20000	59.582569	0.0	3492243	497	20.0
1608505342.29	20000	59.833652	0.0	1307592	182	20.0
1608505343.68	20000	59.5846	0.0	1881404	366	20.0
1608505344.53	20000	59.585613	0.0	1806471	325	20.0
1608505345.33	20000	59.83662	0.0	1945842	280	20.0
1608505346.7	20000	59.587611	0.0	2538877	343	20.0
1608505347.52	20000	59.588601	0.0	2298557	298	20.0
1608505348.47	20000	59.798717	0.0	2831497	416	20.0
1608505349.54	20000	59.590631	0.0	3200905	537	20.0
1608505350.45	20000	59.841618	0.0	2180586	389	20.0
1608505351.34	20000	59.842662	0.0	1500505	360	20.0
1608505352.42	20000	59.843653	0.0	1939246	564	20.0
1608505353.35	20000	59.844644	0.0	1599193	401	20.0
1608505354.45	20000	59.845617	0.0	2364826	577	20.0
1608505355.14	20000	59.975882	0.0	2517454	663	20.0
1608505356.57	20000	59.597709	0.0	1883143	411	20.0
1608505357.38	20000	59.848708	0.0	1726706	283	20.0
1608505358.48	20000	59.849648	0.0	707364	83	20.0
1608505359.58	20000	59.600616	0.0	796460	79	20.0
1608505360.65	20000	59.601606	0.0	596962	55	20.0
1608505361.75	20000	59.602698	0.0	947625	81	20.0
1608505362.34	20000	59.853604	0.0	832859	73	20.0
1608505363.37	20000	59.854686	0.0	151562	12	20.0
1608505364.39	20000	59.855639	0.0	90390	5	20.0
1608505365.41	20000	59.856665	0.0	50278	2	20.0
1608505366.43	20000	59.857695	0.0	26471	3	20.0
1608505367.44	20000	59.858594	0.0	40620	2	20.0
1608505367.79	4000	1.000999	0.037	334032	25	-0.7400000000000002
1608505369.03	20000	1.28696	0.25	11007815	1124	-1.0
1608505384.05	20000	1.307249	14.015	8849724	14961	-260.3
1608505384.51	20000	1.874736	0.0	3191121	425	20.0
1608505384.75	20000	2.634429	0.0	1661718	215	20.0
1608505384.94	20000	3.44371	0.0	1315024	171	20.0
1608505385.05	20000	4.337942	0.0	698359	89	20.0
1608505385.16	20000	5.229093	0.0	730082	94	20.0
1608505385.76	20000	5.629974	0.0	4047415	569	20.0
1608505386.21	20000	6.183702	0.0	2863079	418	20.0
1608505386.85	20000	6.544248	0.0	4167844	607	20.0
1608505387.68	20000	6.71069	0.0	5571764	788	20.0
1608505388.38	20000	7.007916	0.0	4925652	662	20.0
1608505388.65	20000	7.739404	0.0	2030157	246	20.0
1608505388.95	20000	8.442762	0.0	2240782	272	20.0
1608505389.24	20000	9.151184	0.0	2211169	268	20.0
1608505389.3	20000	10.093103	0.0	382046	45	20.0
1608505389.45	20000	10.944813	0.0	1113969	130	20.0
1608505389.56	20000	11.834511	0.0	820127	93	20.0
1608505390.35	20000	12.054178	0.0	6357933	736	20.0
1608505390.94	20000	12.459146	0.0	4814284	559	20.0
1608505391.37	20000	13.031022	0.0	3419258	398	20.0
1608505391.87	20000	13.532512	0.0	3944328	465	20.0
1608505392.41	20000	13.988969	0.0	4284196	506	20.0
1608505392.86	20000	14.547183	0.0	3022025	415	20.0
1608505393.19	20000	15.215191	0.0	2248581	309	20.0
1608505394.64	20000	14.766723	0.0	9946363	1381	20.0
1608505396.42	20000	13.983946	0.0	11684632	1711	20.0
1608505396.73	20000	14.680189	0.0	1849732	281	20.0
1608505397.05	20000	15.362975	0.0	1942795	296	20.0
1608505397.33	20000	16.083592	0.0	1704756	259	20.0
1608505397.61	20000	16.804137	0.0	1697111	260	20.0
1608505397.87	20000	17.547053	0.0	1529441	236	20.0
1608505398.13	20000	18.284537	0.0	1568649	243	20.0
1608505398.41	20000	19.004485	0.0	1677618	259	20.0
