1608511144.42	4000	1.000999	0.018	60629	9	-0.3599999999999999
1608511145.87	4000	1.251271	0.668	6594552	1307	-9.36
1608511147.51	20000	1.386459	0.443	8849724	1512	-4.859999999999999
1608511148.2	20000	1.726485	0.0	3191121	590	20.0
1608511148.75	20000	2.178632	0.0	1661718	458	20.0
1608511149.19	20000	2.735039	0.0	1315024	361	20.0
1608511149.38	20000	3.550149	0.0	698359	104	20.0
1608511149.57	20000	4.359195	0.0	730082	110	20.0
1608511150.3	20000	4.632549	0.0	4047415	623	20.0
1608511151.01	20000	4.923186	0.0	2863079	610	20.0
1608511151.84	20000	5.091298	0.0	4167844	735	20.0
1608511152.94	20000	4.996675	0.0	5571764	988	20.0
1608511153.91	20000	5.025441	0.0	4925652	869	20.0
1608511154.34	20000	5.593192	0.0	2030157	346	20.0
1608511154.79	20000	6.148515	0.0	2240782	358	20.0
1608511155.23	20000	6.709665	0.0	2211169	353	20.0
1608511155.37	20000	7.568628	0.0	382046	63	20.0
1608511155.65	20000	8.285848	0.0	1113969	203	20.0
1608511155.89	20000	9.053263	0.0	820127	149	20.0
1608511157.15	20000	8.786984	0.0	6357933	1158	20.0
1608511158.04	20000	8.898468	0.0	4814284	779	20.0
1608511158.66	20000	9.284419	0.0	3419258	520	20.0
1608511159.34	20000	9.602067	0.0	3944328	587	20.0
1608511160.29	20000	9.654436	0.0	4284196	848	20.0
1608511161.1	20000	9.844573	0.0	3022025	717	20.0
1608511161.6	20000	10.342118	0.0	2248581	415	20.0
1608511163.96	20000	8.992418	0.0	9946363	2213	20.0
1608511166.7	20000	7.252983	0.0	11684632	2587	20.0
1608511167.18	20000	7.764452	0.0	1849732	403	20.0
1608511167.71	20000	8.241428	0.0	1942795	437	20.0
1608511168.19	20000	8.76149	0.0	1704756	391	20.0
1608511168.62	20000	9.333183	0.0	1697111	342	20.0
1608511169.0	20000	9.954523	0.0	1529441	294	20.0
1608511169.39	20000	10.568721	0.0	1568649	302	20.0
1608511169.73	20000	11.226499	0.0	1677618	257	20.0
1608511170.03	20000	11.927341	0.0	1415096	216	20.0
1608511170.41	20000	12.551959	0.0	1894067	291	20.0
1608511170.72	20000	13.233079	0.0	1186604	231	20.0
1608511171.02	20000	13.942618	0.0	1068386	210	20.0
1608511171.43	20000	14.525909	0.0	1700843	333	20.0
1608511172.04	20000	14.923607	0.0	2536859	513	20.0
1608511173.01	20000	14.947011	0.0	4742872	876	20.0
1608511173.97	20000	14.993358	0.0	4955535	842	20.0
1608511174.26	20000	15.702262	0.0	1260540	209	20.0
1608511174.93	20000	16.030424	0.0	3605246	579	20.0
1608511175.47	20000	16.496967	0.0	2770338	441	20.0
1608511175.86	20000	17.107926	0.0	1855168	301	20.0
1608511176.22	20000	17.752854	0.0	1666915	270	20.0
1608511176.56	20000	18.413174	0.0	1555467	256	20.0
1608511176.81	20000	19.158794	0.0	1008919	173	20.0
1608511177.1	20000	19.866123	0.0	1227619	211	20.0
1608511177.36	20000	20.610931	0.0	1015853	174	20.0
1608511177.65	20000	21.324298	0.0	384076	209	20.0
1608511177.79	20000	22.185518	0.0	295687	62	20.0
1608511178.17	20000	22.807423	0.0	1328674	296	20.0
1608511178.6	20000	23.372797	0.0	1492829	344	20.0
1608511179.06	20000	23.919148	0.0	1484812	372	20.0
1608511179.63	20000	24.349929	0.0	1868314	485	20.0
1608511180.07	20000	24.912496	0.0	1253406	356	20.0
1608511180.4	20000	25.582934	0.0	887933	251	20.0
1608511180.69	20000	26.292655	0.0	1153403	211	20.0
1608511181.0	20000	26.982496	0.0	1249023	229	20.0
1608511181.34	20000	27.641363	0.0	1423973	261	20.0
1608511181.66	20000	28.319912	0.0	1060162	242	20.0
1608511182.01	20000	28.971119	0.0	1080597	269	20.0
1608511182.38	20000	29.603252	0.0	1156442	289	20.0
1608511182.92	20000	30.067854	0.0	2222640	449	20.0
1608511183.55	20000	30.439828	0.0	2587311	540	20.0
1608511184.28	20000	30.708491	0.0	2178351	646	20.0
1608511185.16	20000	30.834926	0.0	3121089	780	20.0
1608511185.86	20000	31.132165	0.0	2857420	612	20.0
1608511186.28	20000	31.711216	0.0	1702477	335	20.0
1608511186.68	20000	32.308299	0.0	1531670	320	20.0
1608511187.19	20000	32.807319	0.0	1863424	418	20.0
1608511187.73	20000	33.268325	0.0	1987392	454	20.0
1608511188.41	20000	33.584945	0.0	2505586	595	20.0
1608511191.56	20000	31.434887	0.0	9620218	3027	20.0
1608511192.44	20000	31.559057	0.0	2561608	788	20.0
1608511193.85	20000	31.148983	0.0	3633991	1317	20.0
1608511195.39	20000	30.611789	0.0	3324070	1447	20.0
1608511196.2	20000	30.799598	0.0	1560020	727	20.0
1608511196.85	20000	31.15392	0.0	1429188	558	20.0
1608511197.52	20000	31.485065	0.0	1754144	581	20.0
1608511198.02	20000	31.980998	0.0	1626020	419	20.0
1608511198.56	20000	32.445282	0.0	1739228	450	20.0
1608511199.08	20000	32.926575	0.0	1722735	432	20.0
1608511199.55	20000	33.455282	0.0	1538145	386	20.0
1608511199.91	20000	34.101397	0.0	1473412	270	20.0
1608511200.27	20000	34.742045	0.0	1498968	276	20.0
1608511200.76	20000	35.247544	0.0	2247334	408	20.0
1608511201.43	20000	35.584012	0.0	3156442	571	20.0
1608511201.81	20000	36.206798	0.0	1895098	292	20.0
1608511202.18	20000	36.8331	0.0	1939135	287	20.0
1608511202.54	20000	37.475663	0.0	1842874	272	20.0
1608511203.0	20000	38.010416	0.0	2235830	379	20.0
1608511203.47	20000	38.550755	0.0	2202171	373	20.0
1608511203.95	20000	39.071598	0.0	2242042	382	20.0
1608511204.21	20000	39.804561	0.0	1081763	185	20.0
1608511204.72	20000	40.297984	0.0	2409013	419	20.0
1608511205.1	20000	40.920933	0.0	1615028	290	20.0
1608511205.44	20000	41.58374	0.0	1413467	253	20.0
1608511205.82	20000	42.202994	0.0	1632450	295	20.0
1608511206.93	20000	42.093263	0.0	5664827	1001	20.0
1608511207.73	20000	42.289544	0.0	4578115	704	20.0
1608511208.04	20000	42.986844	0.0	1783835	217	20.0
1608511208.25	20000	43.772214	0.0	1093613	132	20.0
1608511208.45	20000	44.573145	0.0	975642	118	20.0
1608511208.74	20000	45.283794	0.0	1658005	205	20.0
1608511209.23	20000	45.80372	0.0	3055257	391	20.0
1608511210.08	20000	45.950483	0.0	5355572	750	20.0
1608511210.66	20000	46.367731	0.0	3278424	491	20.0
1608511211.0	20000	47.036298	0.0	2318501	244	20.0
1608511211.34	20000	47.688153	0.0	2473561	260	20.0
1608511211.61	20000	48.422059	0.0	1730311	181	20.0
1608511211.82	20000	49.213378	0.0	1455812	125	20.0
1608511212.16	20000	49.873802	0.0	2869222	248	20.0
1608511212.53	20000	50.501954	0.0	3226650	280	20.0
1608511212.83	20000	51.212972	0.0	2705936	200	20.0
1608511213.13	20000	51.907331	0.0	2998622	215	20.0
1608511213.43	20000	52.608298	0.0	2928342	210	20.0
1608511213.74	20000	53.302613	0.0	3059979	213	20.0
1608511214.06	20000	53.981953	0.0	3367422	227	20.0
1608511214.28	20000	54.766791	0.0	1950694	128	20.0
1608511214.46	20000	55.583197	0.0	1541020	100	20.0
1608511214.76	20000	56.288988	0.0	2926720	206	20.0
1608511215.09	20000	56.958001	0.0	2991202	238	20.0
1608511215.42	20000	57.624512	0.0	3002106	240	20.0
1608511215.67	20000	58.377189	0.0	2015412	160	20.0
1608511216.06	20000	58.992228	0.0	2894863	294	20.0
1608511216.37	20000	59.684249	0.0	2185316	221	20.0
1608511217.27	20000	59.878465	0.0	3370605	313	20.0
1608511218.63	20000	59.629468	0.0	3492243	265	20.0
1608511219.33	20000	59.880452	0.0	1307592	109	20.0
1608511220.58	20000	59.631293	0.0	1881404	159	20.0
1608511221.32	20000	59.882437	0.0	1806471	164	20.0
1608511222.59	20000	59.633484	0.0	1945842	177	20.0
1608511223.4	20000	59.8845	0.0	2538877	224	20.0
1608511224.2	20000	59.885469	0.0	2298557	207	20.0
1608511225.59	20000	59.636459	0.0	2831497	294	20.0
1608511226.09	20000	59.971708	0.0	3200905	409	20.0
1608511227.46	20000	59.638378	0.0	2180586	278	20.0
1608511228.3	20000	59.889457	0.0	1500505	254	20.0
1608511229.6	20000	59.640474	0.0	1939246	218	20.0
1608511230.36	20000	59.891386	0.0	1599193	171	20.0
1608511231.2	20000	59.892488	0.0	2364826	246	20.0
1608511232.53	20000	59.643467	0.0	2517454	238	20.0
1608511233.33	20000	59.894479	0.0	1883143	220	20.0
1608511234.66	20000	59.645475	0.0	1726706	242	20.0
1608511235.37	20000	59.896468	0.0	707364	127	20.0
1608511236.62	20000	59.647484	0.0	796460	172	20.0
1608511237.32	20000	59.898362	0.0	596962	118	20.0
1608511238.59	20000	59.649462	0.0	947625	185	20.0
1608511239.37	20000	59.854857	0.0	832859	202	20.0
1608511240.48	20000	59.651465	0.0	151562	26	20.0
1608511241.57	20000	59.652404	0.0	90390	12	20.0
1608511242.63	20000	59.653423	0.0	50278	5	20.0
1608511243.18	20000	59.904466	0.0	26471	1	20.0
1608511244.22	20000	59.905476	0.0	40620	4	20.0
1608511244.6	4000	1.000999	0.064	334032	53	-1.2800000000000002
1608511246.36	20000	1.340279	0.828	11007815	1595	-12.559999999999999
1608511247.43	20000	1.297449	0.0	8849724	942	20.0
1608511247.86	20000	1.907439	0.0	3191121	332	20.0
1608511248.11	20000	2.662396	0.0	1661718	160	20.0
1608511248.32	20000	3.446868	0.0	1315024	125	20.0
1608511248.47	20000	4.300884	0.0	698359	66	20.0
1608511248.62	20000	5.151904	0.0	730082	70	20.0
1608511249.06	20000	5.709577	0.0	4047415	346	20.0
1608511249.37	20000	6.402164	0.0	2863079	219	20.0
1608511249.79	20000	6.985372	0.0	4167844	319	20.0
1608511250.26	20000	7.512161	0.0	5571764	367	20.0
1608511250.69	20000	8.090626	0.0	4925652	323	20.0
1608511250.91	20000	8.867293	0.0	2030157	135	20.0
1608511251.17	20000	9.612086	0.0	2240782	166	20.0
1608511251.42	20000	10.362028	0.0	2211169	164	20.0
1608511251.53	20000	11.249921	0.0	382046	26	20.0
1608511251.7	20000	12.0853	0.0	1113969	82	20.0
1608511251.84	20000	12.944935	0.0	820127	60	20.0
1608511252.31	20000	13.475686	0.0	6357933	360	20.0
1608511252.68	20000	14.10006	0.0	4814284	273	20.0
1608511252.98	20000	14.808631	0.0	3419258	195	20.0
1608511253.3	20000	15.484904	0.0	3944328	225	20.0
1608511253.65	20000	16.139108	0.0	4284196	244	20.0
1608511253.92	20000	16.872839	0.0	3022025	172	20.0
1608511254.23	20000	17.558275	0.0	2248581	225	20.0
1608511255.22	20000	17.572392	0.0	9946363	860	20.0
1608511256.44	20000	17.356639	0.0	11684632	1080	20.0
1608511256.9	20000	17.897326	0.0	1849732	374	20.0
1608511257.39	20000	18.399561	0.0	1942795	413	20.0
1608511257.85	20000	18.946835	0.0	1704756	359	20.0
1608511258.66	20000	19.133186	0.0	1697111	729	20.0
1608511288.44	20000	1.258999	10.897	1529441	29682	-197.94
1608511288.68	4000	2.050699	0.0	779865	152	-12.0
