1608550940.1	4000	1.000999	0.03	60629	21	-0.6000000000000001
1608550943.3	4000	1.483816	2.66	6594552	3069	-49.2
1608550945.11	4000	1.384759	0.384	4402139	1710	-3.6799999999999997
1608550946.52	20000	1.31823	0.329	3191121	1308	-2.58
1608550947.36	20000	1.476491	0.0	1661718	756	20.0
1608550948.05	20000	1.786474	0.0	1315024	597	20.0
1608550948.46	20000	2.379024	0.0	698359	325	20.0
1608550948.89	20000	2.956784	0.0	730082	340	20.0
1608550950.8	16000	2.047974	0.0	4047415	1810	12.0
1608550951.81	16000	2.037684	0.0	2863079	920	16.0
1608550953.09	16000	1.756195	0.0	4167844	1184	16.0
1608550955.26	16000	1.4056	0.823	5571764	2072	-0.46000000000000085
1608550956.81	16000	1.479248	0.622	4925652	1450	3.5600000000000005
1608550957.54	20000	1.751447	0.0	2030157	638	16.0
1608550958.65	20000	1.640597	0.0	2240782	1022	20.0
1608550959.71	20000	1.582886	0.0	2211169	968	20.0
1608550959.94	20000	2.353842	0.0	382046	149	20.0
1608550960.33	20000	2.96736	0.0	1113969	300	20.0
1608550960.63	20000	3.66515	0.0	820127	220	20.0
1608550962.87	20000	2.428059	0.0	6357933	2125	20.0
1608550963.93	20000	2.37563	0.0	4814284	951	20.0
1608550964.73	20000	2.57173	0.0	3419258	708	20.0
1608550965.63	20000	2.676554	0.0	3944328	796	20.0
1608550967.34	20000	1.959305	0.0	4284196	1615	20.0
1608550968.34	20000	1.967984	0.0	3022025	897	20.0
1608550969.16	20000	2.147869	0.0	2248581	731	20.0
1608550970.23	8000	2.073149	0.0	6361262	955	-4.0
1608550971.81	12000	1.497847	0.0	9808342	1422	8.0
1608550972.35	20000	1.96093	0.0	1849732	446	12.0
1608550973.03	20000	2.276925	0.0	1942795	596	20.0
1608550973.36	20000	2.950735	0.0	1704756	239	20.0
1608550973.68	20000	3.627507	0.0	1697111	238	20.0
1608550973.98	20000	4.329149	0.0	1529441	215	20.0
1608550974.33	20000	4.986245	0.0	1568649	258	20.0
1608550974.7	20000	5.617719	0.0	1677618	284	20.0
1608550975.02	20000	6.295123	0.0	1415096	238	20.0
1608550975.94	20000	6.385086	0.0	1894067	826	20.0
1608550976.3	20000	7.021085	0.0	1186604	273	20.0
1608550976.6	20000	7.713837	0.0	1068386	214	20.0
1608550977.04	20000	8.283112	0.0	1700843	343	20.0
1608550978.29	20000	8.033078	0.0	2536859	1157	20.0
1608550980.59	20000	6.730214	0.0	4742872	2199	20.0
1608550981.97	20000	6.354301	0.0	4955535	1270	20.0
1608550982.44	20000	6.882597	0.0	1260540	388	20.0
1608550983.83	20000	6.493306	0.0	3605246	1296	20.0
1608550984.85	20000	6.475957	0.0	2770338	925	20.0
1608550985.49	20000	6.840316	0.0	1855168	542	20.0
1608550986.03	20000	7.29613	0.0	1666915	459	20.0
1608550986.45	20000	7.881483	0.0	1555467	330	20.0
1608550986.74	20000	8.592842	0.0	1008919	207	20.0
1608550987.07	20000	9.25866	0.0	1227619	252	20.0
1608550987.31	20000	10.019213	0.0	1015853	159	20.0
1608550987.45	20000	10.882879	0.0	384076	57	20.0
1608550987.57	20000	11.760569	0.0	295687	44	20.0
1608550987.86	20000	12.471351	0.0	1328674	206	20.0
1608550988.18	20000	13.155967	0.0	1492829	231	20.0
1608550988.49	20000	13.844498	0.0	1484812	228	20.0
1608550988.87	20000	14.471642	0.0	1868314	286	20.0
1608550989.14	20000	15.197303	0.0	1253406	192	20.0
1608550989.38	20000	15.958175	0.0	887933	158	20.0
1608550989.68	20000	16.663459	0.0	1153403	206	20.0
1608550989.98	20000	17.357718	0.0	1249023	223	20.0
1608550990.33	20000	18.011366	0.0	1423973	262	20.0
1608550990.62	20000	18.725732	0.0	1060162	203	20.0
1608550990.91	20000	19.437625	0.0	1080597	207	20.0
1608550991.21	20000	20.135712	0.0	1156442	221	20.0
1608550991.77	20000	20.574963	0.0	2222640	473	20.0
1608550992.42	20000	20.93157	0.0	2587311	553	20.0
1608550992.99	20000	21.361996	0.0	2178351	474	20.0
1608550994.61	20000	20.738066	0.0	3121089	1532	20.0
1608550995.88	20000	20.472429	0.0	2857420	1172	20.0
1608550996.54	20000	20.814108	0.0	1702477	570	20.0
1608550997.15	20000	21.201541	0.0	1531670	528	20.0
1608550998.57	20000	20.783714	0.0	1863424	1329	20.0
1608550999.68	20000	20.675996	0.0	1987392	1022	20.0
1608551000.64	20000	20.710933	0.0	2505586	877	20.0
1608551005.64	20000	16.72033	0.0	9620218	4859	20.0
1608551006.9	20000	16.454916	0.0	2561608	1174	20.0
1608551008.53	20000	15.82921	0.0	3633991	1529	20.0
1608551010.12	20000	15.238015	0.0	3324070	1496	20.0
1608551010.92	20000	15.439585	0.0	1560020	715	20.0
1608551011.64	20000	15.725111	0.0	1429188	630	20.0
1608551012.55	20000	15.814007	0.0	1754144	826	20.0
1608551014.49	20000	14.869117	0.0	1626020	1855	20.0
1608551015.27	20000	15.097401	0.0	1739228	685	20.0
1608551015.87	20000	15.499352	0.0	1722735	509	20.0
1608551016.42	20000	15.949423	0.0	1538145	465	20.0
1608551017.08	20000	16.28627	0.0	1473412	579	20.0
1608551017.79	20000	16.577232	0.0	1498968	624	20.0
1608551018.83	20000	16.540501	0.0	2247334	949	20.0
1608551020.23	20000	16.139666	0.0	3156442	1305	20.0
1608551021.1	20000	16.274768	0.0	1895098	779	20.0
1608551022.24	20000	16.136164	0.0	1939135	1051	20.0
1608551023.4	20000	15.974402	0.0	1842874	1076	20.0
1608551024.29	20000	16.080203	0.0	2235830	806	20.0
1608551025.43	20000	15.9467	0.0	2202171	1045	20.0
1608551026.29	20000	16.082819	0.0	2242042	775	20.0
1608551026.73	20000	16.647429	0.0	1081763	352	20.0
1608551027.61	20000	16.767354	0.0	2409013	786	20.0
1608551028.21	20000	17.167801	0.0	1615028	513	20.0
1608551028.75	20000	17.627264	0.0	1413467	455	20.0
1608551029.38	20000	18.003378	0.0	1632450	540	20.0
1608551031.87	20000	16.514258	0.0	5664827	2381	20.0
1608551034.58	20000	14.802236	0.0	4578115	2606	20.0
1608551035.38	20000	15.010035	0.0	1783835	703	20.0
1608551035.93	20000	15.454126	0.0	1093613	465	20.0
1608551036.44	20000	15.942725	0.0	975642	420	20.0
1608551037.34	20000	16.048805	0.0	1658005	806	20.0
1608551038.54	20000	15.846617	0.0	3055257	1111	20.0
1608551040.89	20000	14.499312	0.0	5355572	2242	20.0
1608551042.46	20000	13.927943	0.0	3278424	1477	20.0
1608551043.59	20000	13.797286	0.0	2318501	1043	20.0
1608551044.57	20000	13.818302	0.0	2473561	888	20.0
1608551045.31	20000	14.082122	0.0	1730311	651	20.0
1608551046.03	20000	14.368127	0.0	1455812	629	20.0
1608551047.55	20000	13.847097	0.0	2869222	1427	20.0
1608551048.96	20000	13.43905	0.0	3226650	1315	20.0
1608551050.09	20000	13.305739	0.0	2705936	1038	20.0
1608551051.35	20000	13.052611	0.0	2998622	1162	20.0
1608551052.37	20000	13.033586	0.0	2928342	927	20.0
1608551053.4	20000	13.003393	0.0	3059979	937	20.0
1608551054.5	20000	12.906775	0.0	3367422	999	20.0
1608551055.16	20000	13.244696	0.0	1950694	574	20.0
1608551055.69	20000	13.709623	0.0	1541020	450	20.0
1608551056.65	20000	13.758036	0.0	2926720	860	20.0
1608551057.57	20000	13.836417	0.0	2991202	828	20.0
1608551058.42	20000	13.989445	0.0	3002106	756	20.0
1608551058.94	20000	14.470815	0.0	2015412	423	20.0
1608551059.62	20000	14.792022	0.0	2894863	587	20.0
1608551060.12	20000	15.291878	0.0	2185316	412	20.0
1608551060.93	20000	15.47717	0.0	3370605	715	20.0
1608551061.85	20000	15.566248	0.0	3492243	815	20.0
1608551062.17	20000	16.24659	0.0	1307592	235	20.0
1608551062.59	20000	16.821348	0.0	1881404	339	20.0
1608551063.01	20000	17.407957	0.0	1806471	325	20.0
1608551063.45	20000	17.969539	0.0	1945842	351	20.0
1608551064.02	20000	18.400057	0.0	2538877	479	20.0
1608551064.55	20000	18.869039	0.0	2298557	444	20.0
1608551065.39	20000	19.027943	0.0	2831497	749	20.0
1608551066.09	20000	19.327568	0.0	3200905	606	20.0
1608551066.55	20000	19.870745	0.0	2180586	369	20.0
1608551066.95	20000	20.466628	0.0	1500505	317	20.0
1608551067.47	20000	20.957101	0.0	1939246	423	20.0
1608551068.0	20000	21.422927	0.0	1599193	449	20.0
1608551068.79	20000	21.632555	0.0	2364826	702	20.0
1608551069.45	20000	21.976542	0.0	2517454	564	20.0
1608551070.09	20000	22.339295	0.0	1883143	549	20.0
1608551070.73	20000	22.700794	0.0	1726706	553	20.0
1608551070.98	20000	23.444325	0.0	707364	174	20.0
1608551071.26	20000	24.166431	0.0	796460	197	20.0
1608551071.49	20000	24.938983	0.0	596962	147	20.0
1608551071.82	20000	25.60893	0.0	947625	247	20.0
1608551072.14	20000	26.292644	0.0	832859	235	20.0
1608551072.26	20000	27.169128	0.0	151562	33	20.0
1608551072.36	20000	28.073768	0.0	90390	20	20.0
1608551072.43	20000	29.00664	0.0	50278	9	20.0
1608551072.48	20000	29.958428	0.0	26471	1	20.0
1608551072.52	20000	30.917965	0.0	40620	7	20.0
1608551072.91	4000	1.000999	0.095	334032	82	-1.9
1608551074.72	4000	1.3694	0.901	6594552	1684	-14.02
1608551077.23	20000	1.433667	1.55	8849724	2375	-27.0
1608551078.1	20000	1.592953	0.0	3191121	770	20.0
1608551078.55	20000	2.145306	0.0	1661718	362	20.0
1608551078.93	20000	2.764273	0.0	1315024	297	20.0
1608551079.17	20000	3.52093	0.0	698359	162	20.0
1608551079.43	20000	4.269701	0.0	730082	170	20.0
1608551080.77	20000	3.927229	0.0	4047415	1240	20.0
1608551081.4	20000	4.29516	0.0	2863079	541	20.0
1608551082.38	20000	4.312146	0.0	4167844	885	20.0
1608551083.9	20000	3.803063	0.0	5571764	1405	20.0
1608551085.06	20000	3.636746	0.0	4925652	1063	20.0
1608551085.6	20000	4.095082	0.0	2030157	455	20.0
1608551086.26	20000	4.444451	0.0	2240782	564	20.0
1608551086.91	20000	4.789597	0.0	2211169	565	20.0
1608551087.08	20000	5.618042	0.0	382046	92	20.0
1608551087.44	20000	6.259126	0.0	1113969	277	20.0
1608551087.73	20000	6.975399	0.0	820127	202	20.0
1608551089.35	20000	6.354944	0.0	6357933	1512	20.0
1608551090.64	20000	6.062802	0.0	4814284	1189	20.0
1608551091.65	20000	6.057836	0.0	3419258	909	20.0
1608551092.77	20000	5.936546	0.0	3944328	1025	20.0
1608551094.02	20000	5.692897	0.0	4284196	1144	20.0
1608551095.05	20000	5.656726	0.0	3022025	944	20.0
1608551095.81	20000	5.902748	0.0	2248581	666	20.0
1608551098.78	20000	3.935361	0.0	9946363	2819	20.0
1608551102.46	20000	1.249528	0.0	11684632	3543	20.0
1608551103.12	20000	1.595654	0.0	1849732	565	20.0
1608551103.78	20000	1.933613	0.0	1942795	575	20.0
1608551104.37	20000	2.346344	0.0	1704756	500	20.0
1608551104.98	20000	2.742968	0.0	1697111	514	20.0
