1608534248.24	4000	1.000999	0.027	60629	18	-0.8639999999999999
1608534259.0	16000	5.90721	6.281	1861181	497	-196.992
1608534259.01	16000	5.892691	0.0	1861181	497	16.0
1608534259.98	16000	5.922444	0.0	4167844	937	16.0
1608534261.24	16000	5.666018	0.0	5571764	1216	16.0
1608534262.38	16000	5.521641	0.0	4925652	1111	16.0
1608534262.9	16000	6.00474	0.0	2030157	495	16.0
1608534263.35	16000	6.558373	0.0	2240782	422	16.0
1608534263.75	16000	7.154602	0.0	2211169	381	16.0
1608534263.83	16000	8.077991	0.0	382046	63	16.0
1608534264.04	16000	8.871061	0.0	1113969	191	16.0
1608534264.16	16000	9.750894	0.0	820127	106	16.0
1608534265.06	16000	9.854184	0.0	6357933	855	16.0
1608534265.88	16000	10.029898	0.0	4814284	787	16.0
1608534266.94	16000	9.975926	0.0	3419258	1024	16.0
1608534267.79	16000	10.127433	0.0	3944328	817	16.0
1608534268.54	16000	10.372666	0.0	4284196	724	16.0
1608534269.04	16000	10.874038	0.0	3022025	474	16.0
1608534269.39	16000	11.529111	0.0	2248581	322	16.0
1608534273.17	16000	8.743444	0.0	9946363	3717	16.0
1608534277.51	16000	5.411109	0.0	11684632	4249	16.0
1608534278.66	16000	5.256208	0.0	1849732	1136	16.0
1608534279.84	16000	5.079859	0.0	1942795	1155	16.0
1608534280.93	16000	4.987837	0.0	1704756	1074	16.0
1608534281.41	8000	5.515144	0.0	1086181	451	0.0
1608534281.76	8000	6.161839	0.0	1029204	337	8.0
1608534282.13	8000	6.798886	0.0	1054251	346	8.0
1608534282.13	12000	6.791552	0.0	1054251	346	8.0
1608534282.14	16000	6.784542	0.0	1054251	346	12.0
1608534283.19	16000	6.737851	0.0	1677618	1027	16.0
1608534283.69	16000	7.233012	0.0	1415096	487	16.0
1608534284.32	16000	7.611238	0.0	1894067	604	16.0
1608534284.64	16000	8.289538	0.0	1186604	305	16.0
1608534284.94	16000	8.999882	0.0	1068386	274	16.0
1608534285.38	16000	9.551741	0.0	1700843	422	16.0
1608534286.02	16000	9.908605	0.0	2536859	619	16.0
1608534287.24	16000	9.691744	0.0	4742872	1181	16.0
1608534288.42	16000	9.509118	0.0	4955535	1148	16.0
1608534288.84	16000	10.092639	0.0	1260540	400	16.0
1608534290.3	16000	9.640953	0.0	3605246	1424	16.0
1608534291.3	16000	9.641348	0.0	2770338	974	16.0
1608534291.66	16000	10.279377	0.0	1855168	341	16.0
1608534291.98	16000	10.955746	0.0	1666915	306	16.0
1608534292.3	16000	11.635582	0.0	1555467	301	16.0
1608534292.57	16000	12.368872	0.0	1008919	250	16.0
1608534292.89	16000	13.053484	0.0	1227619	298	16.0
1608534293.15	16000	13.793165	0.0	1015853	246	16.0
1608534293.24	16000	14.699526	0.0	384076	82	16.0
1608534293.3	16000	15.641754	0.0	295687	46	16.0
1608534293.54	16000	16.405658	0.0	1328674	219	16.0
1608534293.8	16000	17.141996	0.0	1492829	247	16.0
1608534294.07	16000	17.880187	0.0	1484812	245	16.0
1608534294.37	16000	18.57484	0.0	1868314	286	16.0
1608534294.57	16000	19.381616	0.0	1253406	178	16.0
1608534294.71	16000	20.242496	0.0	887933	125	16.0
1608534294.89	16000	21.062378	0.0	1153403	163	16.0
1608534295.08	16000	21.86996	0.0	1249023	178	16.0
1608534295.31	16000	22.6412	0.0	1423973	211	16.0
1608534295.51	16000	23.443869	0.0	1060162	182	16.0
1608534295.71	16000	24.24369	0.0	1080597	185	16.0
1608534295.93	16000	25.029426	0.0	1156442	198	16.0
1608534296.37	16000	25.592109	0.0	2222640	417	16.0
1608534297.07	16000	25.890913	0.0	2587311	671	16.0
1608534297.66	16000	26.297154	0.0	2178351	572	16.0
1608534298.65	16000	26.305822	0.0	3121089	966	16.0
1608534299.83	16000	26.128059	0.0	2857420	1153	16.0
1608534300.44	16000	26.520383	0.0	1702477	588	16.0
1608534300.87	16000	27.09304	0.0	1531670	408	16.0
1608534301.59	16000	27.376365	0.0	1863424	697	16.0
1608534302.8	16000	27.170902	0.0	1987392	1186	16.0
1608534303.71	16000	27.252768	0.0	2505586	894	16.0
1608534309.19	16000	22.77886	0.0	9620218	5414	16.0
1608534309.2	12000	22.769823	0.0	9620218	5414	8.0
1608534309.61	12000	23.361417	0.0	2122146	390	12.0
1608534309.62	16000	23.353152	0.0	2122146	390	12.0
1608534310.18	16000	23.786761	0.0	3633991	540	16.0
1608534310.67	16000	24.296477	0.0	3324070	463	16.0
1608534310.91	16000	25.066576	0.0	1560020	211	16.0
1608534311.12	16000	25.856789	0.0	1429188	194	16.0
1608534311.39	16000	26.581077	0.0	1754144	256	16.0
1608534311.85	16000	27.128428	0.0	1626020	434	16.0
1608534312.33	16000	27.643831	0.0	1739228	465	16.0
1608534313.02	16000	27.954636	0.0	1722735	670	16.0
1608534313.48	16000	28.500692	0.0	1538145	435	16.0
1608534313.73	16000	29.243868	0.0	1473412	238	16.0
1608534314.0	16000	29.983942	0.0	1498968	243	16.0
1608534314.39	16000	30.594223	0.0	2247334	359	16.0
1608534314.83	16000	31.149932	0.0	3156442	417	16.0
1608534315.1	16000	31.879421	0.0	1895098	249	16.0
1608534315.38	16000	32.60665	0.0	1939135	254	16.0
1608534315.91	16000	33.078511	0.0	1842874	508	16.0
1608534316.55	16000	33.437982	0.0	2235830	619	16.0
1608534317.2	16000	33.785718	0.0	2202171	630	16.0
1608534317.92	16000	34.072499	0.0	2242042	691	16.0
1608534318.28	16000	34.713144	0.0	1081763	342	16.0
1608534319.18	16000	34.80664	0.0	2409013	884	16.0
1608534320.08	16000	34.908513	0.0	1615028	879	16.0
1608534320.88	16000	35.111787	0.0	1413467	778	16.0
1608534320.89	12000	35.102724	0.0	1413467	778	8.0
1608534321.5	12000	35.488448	0.0	1291599	599	12.0
1608534321.51	8000	35.480544	0.0	1291599	599	4.0
1608534322.31	8000	35.680387	0.0	2424481	774	8.0
1608534322.32	12000	35.671694	0.0	2424481	774	8.0
1608534324.8	12000	34.191701	0.0	3284299	2452	12.0
1608534325.55	12000	34.448159	0.0	1412347	727	12.0
1608534326.06	12000	34.934829	0.0	909953	497	12.0
1608534326.51	12000	35.484428	0.0	808459	436	12.0
1608534326.52	8000	35.476034	0.0	808459	436	4.0
1608534327.19	8000	35.813017	0.0	1104267	648	8.0
1608534327.96	8000	36.043666	0.0	1592936	750	8.0
1608534329.09	8000	35.915901	0.0	2618824	1104	8.0
1608534329.63	8000	36.369888	0.0	1820110	527	8.0
1608534329.64	12000	36.361026	0.0	1820110	527	8.0
1608534330.0	12000	37.003417	0.0	1890880	340	12.0
1608534330.01	16000	36.995184	0.0	1890880	340	12.0
1608534330.47	16000	37.531256	0.0	2473561	444	16.0
1608534330.88	16000	38.125632	0.0	1730311	387	16.0
1608534331.22	16000	38.781959	0.0	1455812	324	16.0
1608534332.09	16000	38.920291	0.0	2869222	838	16.0
1608534333.13	16000	38.877785	0.0	3226650	1016	16.0
1608534334.04	16000	38.964789	0.0	2705936	888	16.0
1608534335.41	16000	38.604405	0.0	2998622	1336	16.0
1608534346.5	16000	59.657306	0.0	197766	18	16.0
1608534346.5	16000	59.538703	0.0	197766	18	16.0
1608534347.61	16000	59.658244	0.0	947625	91	16.0
1608534348.18	16000	59.909259	0.0	832859	53	16.0
1608534349.2	16000	59.910239	0.0	151562	8	16.0
1608534350.22	16000	59.911322	0.0	90390	4	16.0
1608534351.24	16000	59.912316	0.0	50278	2	16.0
1608534352.25	16000	59.913353	0.0	26471	1	16.0
1608534353.27	16000	59.914277	0.0	40620	1	16.0
1608534353.78	16000	59.848031	0.0	15267	3	16.0
