1608537091.39	4000	1.000999	0.023	60629	13	-0.45999999999999996
1608537091.79	2000	1.630522	0.0	1072422	333	0.0
1608537092.15	2000	2.267518	0.0	1121405	347	2.0
1608537093.14	20000	2.282469	0.0	3191121	947	2.0
1608537093.47	20000	2.951138	0.0	1661718	312	20.0
1608537093.74	20000	3.688276	0.0	1315024	246	20.0
1608537093.88	20000	4.5461	0.0	698359	129	20.0
1608537094.03	20000	5.397501	0.0	730082	135	20.0
1608537095.0	20000	5.714218	0.0	4047415	937	20.0
1608537095.69	20000	6.026731	0.0	2863079	661	20.0
1608537096.7	20000	6.018468	0.0	4167844	976	20.0
1608537097.79	20000	5.926376	0.0	5571764	1046	20.0
1608537098.8	20000	5.916839	0.0	4925652	973	20.0
1608537099.27	20000	6.4527	0.0	2030157	442	20.0
1608537099.74	20000	6.976718	0.0	2240782	454	20.0
1608537100.21	20000	7.510637	0.0	2211169	444	20.0
1608537100.3	20000	8.424428	0.0	382046	72	20.0
1608537100.54	20000	9.182692	0.0	1113969	218	20.0
1608537100.72	20000	10.007238	0.0	820127	160	20.0
1608537102.01	20000	9.716155	0.0	6357933	1240	20.0
1608537102.98	20000	9.746457	0.0	4814284	930	20.0
1608537103.68	20000	10.044899	0.0	3419258	670	20.0
1608537104.56	20000	10.17291	0.0	3944328	836	20.0
1608537105.57	20000	10.160971	0.0	4284196	976	20.0
1608537106.24	20000	10.493145	0.0	3022025	640	20.0
1608537106.7	20000	11.033589	0.0	2248581	434	20.0
1608537108.97	20000	9.764619	0.0	9946363	2185	20.0
1608537111.59	20000	8.155313	0.0	11684632	2526	20.0
1608537111.92	20000	8.818701	0.0	1849732	306	20.0
1608537112.26	20000	9.476557	0.0	1942795	319	20.0
1608537112.55	20000	10.184863	0.0	1704756	271	20.0
1608537112.85	20000	10.892639	0.0	1697111	270	20.0
1608537113.11	20000	11.628311	0.0	1529441	244	20.0
1608537113.42	20000	12.32312	0.0	1568649	283	20.0
1608537113.79	20000	12.953331	0.0	1677618	347	20.0
1608537114.1	20000	13.641093	0.0	1415096	292	20.0
1608537114.46	20000	14.280013	0.0	1894067	339	20.0
1608537114.68	20000	15.06595	0.0	1186604	195	20.0
1608537114.87	20000	15.872807	0.0	1068386	175	20.0
1608537115.18	20000	16.570474	0.0	1700843	282	20.0
1608537115.65	20000	17.09641	0.0	2536859	450	20.0
1608537116.54	20000	17.2122	0.0	4742872	847	20.0
1608537117.45	20000	17.300668	0.0	4955535	874	20.0
1608537117.71	20000	18.039205	0.0	1260540	242	20.0
1608537118.41	20000	18.337961	0.0	3605246	669	20.0
1608537118.88	20000	18.875719	0.0	2770338	435	20.0
1608537119.19	20000	19.56461	0.0	1855168	290	20.0
1608537119.47	20000	20.284421	0.0	1666915	258	20.0
1608537119.73	20000	21.021399	0.0	1555467	243	20.0
1608537119.91	20000	21.845581	0.0	1008919	152	20.0
1608537120.12	20000	22.636513	0.0	1227619	191	20.0
1608537120.3	20000	23.461813	0.0	1015853	157	20.0
1608537120.37	20000	24.392421	0.0	384076	55	20.0
1608537120.42	20000	25.336744	0.0	295687	42	20.0
1608537120.64	20000	26.120452	0.0	1328674	199	20.0
1608537120.88	20000	26.877138	0.0	1492829	225	20.0
1608537121.13	20000	27.632572	0.0	1484812	223	20.0
1608537121.49	20000	28.268781	0.0	1868314	342	20.0
1608537121.79	20000	28.971191	0.0	1253406	279	20.0
1608537122.01	20000	29.757942	0.0	887933	197	20.0
1608537122.28	20000	30.484185	0.0	1153403	257	20.0
1608537122.47	20000	31.295448	0.0	1249023	170	20.0
1608537122.68	20000	32.083997	0.0	1423973	193	20.0
1608537122.85	20000	32.922689	0.0	1060162	143	20.0
1608537123.01	20000	33.757796	0.0	1080597	146	20.0
1608537123.19	20000	34.583208	0.0	1156442	156	20.0
1608537123.49	20000	35.286935	0.0	2222640	273	20.0
1608537123.82	20000	35.957989	0.0	2587311	303	20.0
1608537124.09	20000	36.680973	0.0	2178351	254	20.0
1608537124.49	20000	37.289675	0.0	3121089	364	20.0
1608537124.85	20000	37.927144	0.0	2857420	335	20.0
1608537125.07	20000	38.706918	0.0	1702477	198	20.0
1608537125.27	20000	39.508439	0.0	1531670	179	20.0
1608537127.15	20000	38.625514	0.0	1863424	1851	20.0
1608537127.75	20000	39.028495	0.0	1987392	574	20.0
1608537128.35	20000	39.428708	0.0	2505586	573	20.0
1608537129.99	20000	38.788906	0.0	9620218	1577	20.0
1608537131.24	20000	38.542455	0.0	2561608	1218	20.0
1608537133.73	20000	37.052794	0.0	3633991	2459	20.0
1608537134.89	20000	36.896438	0.0	3324070	1126	20.0
1608537135.45	20000	37.334907	0.0	1560020	541	20.0
1608537136.43	20000	37.354826	0.0	1429188	961	20.0
1608537137.36	20000	37.426174	0.0	1754144	907	20.0
1608537137.85	20000	37.937527	0.0	1626020	469	20.0
1608537138.37	20000	38.4197	0.0	1739228	497	20.0
1608537138.9	20000	38.892583	0.0	1722735	504	20.0
1608537139.38	20000	39.416166	0.0	1538145	454	20.0
1608537139.67	20000	40.122382	0.0	1473412	274	20.0
1608537139.97	20000	40.827173	0.0	1498968	276	20.0
1608537140.41	20000	41.388008	0.0	2247334	414	20.0
1608537141.19	20000	41.610488	0.0	3156442	750	20.0
1608537141.68	20000	42.115672	0.0	1895098	473	20.0
1608537142.22	20000	42.575034	0.0	1939135	518	20.0
1608537142.72	20000	43.074985	0.0	1842874	479	20.0
1608537143.34	20000	43.465119	0.0	2235830	588	20.0
1608537144.15	20000	43.654013	0.0	2202171	784	20.0
1608537144.89	20000	43.911679	0.0	2242042	719	20.0
1608537145.23	20000	44.574617	0.0	1081763	317	20.0
1608537146.02	20000	44.780692	0.0	2409013	769	20.0
1608537146.55	20000	45.259499	0.0	1615028	502	20.0
1608537146.92	20000	45.887148	0.0	1413467	353	20.0
1608537147.35	20000	46.456787	0.0	1632450	409	20.0
1608537149.55	20000	45.255174	0.0	5664827	2159	20.0
1608537150.41	20000	45.400412	0.0	4578115	818	20.0
1608537151.16	20000	45.653524	0.0	1783835	724	20.0
1608537151.57	20000	46.242759	0.0	1093613	393	20.0
1608537151.79	20000	47.025067	0.0	975642	201	20.0
1608537152.15	20000	47.662649	0.0	1658005	342	20.0
1608537152.89	20000	47.927483	0.0	3055257	708	20.0
1608537155.34	20000	46.475219	0.0	5355572	2406	20.0
1608537157.25	20000	45.566145	0.0	3278424	1880	20.0
1608537158.12	20000	45.69668	0.0	2318501	845	20.0
1608537158.73	20000	46.092552	0.0	2473561	580	20.0
1608537158.98	20000	46.837416	0.0	1730311	227	20.0
1608537159.2	20000	47.623728	0.0	1455812	191	20.0
1608537159.63	20000	48.194351	0.0	2869222	401	20.0
1608537160.28	20000	48.540684	0.0	3226650	624	20.0
1608537160.9	20000	48.920446	0.0	2705936	593	20.0
1608537161.61	20000	49.212527	0.0	2998622	681	20.0
1608537162.0	20000	49.821392	0.0	2928342	363	20.0
1608537162.41	20000	50.414815	0.0	3059979	380	20.0
1608537162.89	20000	50.941084	0.0	3367422	446	20.0
1608537163.17	20000	51.653661	0.0	1950694	265	20.0
1608537163.4	20000	52.424624	0.0	1541020	209	20.0
1608537163.89	20000	52.945522	0.0	2926720	454	20.0
1608537164.42	20000	53.419395	0.0	2991202	498	20.0
1608537165.01	20000	53.826692	0.0	3002106	555	20.0
1608537165.42	20000	54.416214	0.0	2015412	389	20.0
1608537165.97	20000	54.860341	0.0	2894863	529	20.0
1608537166.39	20000	55.443121	0.0	2185316	393	20.0
1608537166.98	20000	55.857166	0.0	3370605	557	20.0
1608537167.57	20000	56.265218	0.0	3492243	559	20.0
1608537167.95	20000	56.886749	0.0	1307592	359	20.0
1608537168.5	20000	57.343724	0.0	1881404	519	20.0
1608537169.22	20000	57.620436	0.0	1806471	702	20.0
1608537169.97	20000	57.872489	0.0	1945842	727	20.0
1608537170.83	20000	58.01687	0.0	2538877	829	20.0
1608537171.51	20000	58.335083	0.0	2298557	657	20.0
1608537173.09	20000	57.75032	0.0	2831497	1557	20.0
1608537174.66	20000	57.182935	0.0	3200905	1539	20.0
1608537175.47	20000	57.374647	0.0	2180586	786	20.0
1608537175.96	20000	57.890927	0.0	1500505	464	20.0
1608537176.55	20000	58.295452	0.0	1939246	574	20.0
1608537176.93	20000	58.919139	0.0	1599193	358	20.0
1608537177.46	20000	59.392254	0.0	2364826	504	20.0
1608537178.02	20000	59.826703	0.0	2517454	542	20.0
1608537178.96	20000	59.949245	0.0	1883143	410	20.0
1608537180.36	20000	59.700259	0.0	1726706	376	20.0
1608537181.0	20000	59.951393	0.0	707364	112	20.0
1608537182.13	20000	59.952035	0.0	796460	110	20.0
1608537183.22	20000	59.703268	0.0	596962	74	20.0
1608537183.96	20000	59.954238	0.0	947625	222	20.0
1608537185.16	20000	59.705374	0.0	832859	175	20.0
1608537186.22	20000	59.706274	0.0	151562	48	20.0
1608537187.28	20000	59.707136	0.0	90390	40	20.0
1608537188.31	20000	59.708254	0.0	50278	12	20.0
1608537189.33	20000	59.709297	0.0	26471	5	20.0
1608537190.36	20000	59.710077	0.0	40620	16	20.0
1608537190.76	4000	1.000999	0.094	334032	83	-1.88
1608537192.26	8000	1.375404	0.598	9869079	1405	-7.960000000000001
1608537193.35	20000	1.432208	0.117	8849724	1020	5.66
1608537193.72	20000	2.067012	0.0	3191121	336	20.0
1608537194.0	20000	2.808246	0.0	1661718	265	20.0
1608537194.24	20000	3.572917	0.0	1315024	217	20.0
1608537194.37	20000	4.444078	0.0	698359	113	20.0
1608537194.51	20000	5.302929	0.0	730082	119	20.0
1608537195.19	20000	5.622607	0.0	4047415	647	20.0
1608537195.67	20000	6.146619	0.0	2863079	449	20.0
1608537196.27	20000	6.552069	0.0	4167844	562	20.0
1608537197.0	20000	6.82242	0.0	5571764	685	20.0
1608537197.56	20000	7.263127	0.0	4925652	520	20.0
1608537197.79	20000	8.029269	0.0	2030157	213	20.0
1608537198.05	20000	8.768226	0.0	2240782	238	20.0
1608537198.31	20000	9.510355	0.0	2211169	236	20.0
1608537198.37	20000	10.456735	0.0	382046	39	20.0
1608537198.51	20000	11.315972	0.0	1113969	116	20.0
1608537198.61	20000	12.213864	0.0	820127	86	20.0
1608537199.71	20000	12.120215	0.0	6357933	1048	20.0
1608537200.27	20000	12.554208	0.0	4814284	527	20.0
1608537200.66	20000	13.168341	0.0	3419258	356	20.0
1608537201.09	20000	13.737194	0.0	3944328	399	20.0
1608537201.56	20000	14.272292	0.0	4284196	430	20.0
1608537201.89	20000	14.947526	0.0	3022025	298	20.0
1608537202.12	20000	15.711119	0.0	2248581	212	20.0
1608537203.09	20000	15.747736	0.0	9946363	900	20.0
1608537204.11	20000	15.724105	0.0	11684632	953	20.0
1608537204.29	20000	16.543863	0.0	1849732	156	20.0
1608537204.48	20000	17.357685	0.0	1942795	164	20.0
1608537204.65	20000	18.193066	0.0	1704756	145	20.0
1608537204.81	20000	19.028347	0.0	1697111	143	20.0
1608537204.93	20000	19.915582	0.0	1529441	93	20.0
1608537205.05	20000	20.794464	0.0	1568649	95	20.0
1608537205.17	20000	21.671889	0.0	1677618	102	20.0
