1608528190.6	4000	1.000999	0.044	60629	1	-0.8799999999999999
1608528192.57	20000	1.392275	1.313	11007815	1811	-22.26
1608528193.38	4000	1.83873	0.0	4402139	698	-12.0
1608528193.76	8000	2.488431	0.0	1798447	284	4.0
1608528193.99	8000	3.259338	0.0	946554	148	8.0
1608528194.28	16000	3.968409	0.0	1315024	207	8.0
1608528194.49	16000	4.757667	0.0	698359	130	16.0
1608528194.72	20000	5.534203	0.0	730082	144	16.0
1608528195.57	20000	5.680149	0.0	4047415	760	20.0
1608528196.11	20000	6.148181	0.0	2863079	444	20.0
1608528196.74	20000	6.514255	0.0	4167844	539	20.0
1608528197.5	20000	6.751472	0.0	5571764	659	20.0
1608528198.23	20000	7.02671	0.0	4925652	623	20.0
1608528198.57	20000	7.683166	0.0	2030157	259	20.0
1608528198.96	20000	8.30213	0.0	2240782	292	20.0
1608528199.33	20000	8.924871	0.0	2211169	289	20.0
1608528199.46	20000	9.795608	0.0	382046	50	20.0
1608528199.7	20000	10.562246	0.0	1113969	150	20.0
1608528199.89	20000	11.371384	0.0	820127	110	20.0
1608528200.86	20000	11.400983	0.0	6357933	864	20.0
1608528201.61	20000	11.658084	0.0	4814284	643	20.0
1608528202.15	20000	12.123597	0.0	3419258	442	20.0
1608528202.73	20000	12.533541	0.0	3944328	486	20.0
1608528203.35	20000	12.922403	0.0	4284196	517	20.0
1608528203.79	20000	13.477133	0.0	3022025	353	20.0
1608528204.15	20000	14.124562	0.0	2248581	263	20.0
1608528205.4	20000	13.869006	0.0	9946363	1125	20.0
1608528206.89	20000	13.37913	0.0	11684632	1355	20.0
1608528207.21	20000	14.058809	0.0	1849732	233	20.0
1608528207.55	20000	14.725649	0.0	1942795	248	20.0
1608528207.86	20000	15.416438	0.0	1704756	226	20.0
1608528208.17	20000	16.106402	0.0	1697111	224	20.0
1608528208.45	20000	16.822081	0.0	1529441	202	20.0
1608528208.74	20000	17.535636	0.0	1568649	204	20.0
1608528209.05	20000	18.232373	0.0	1677618	218	20.0
1608528209.31	20000	18.965641	0.0	1415096	184	20.0
1608528209.63	20000	19.646203	0.0	1894067	235	20.0
1608528209.86	20000	20.423281	0.0	1186604	143	20.0
1608528210.07	20000	21.214008	0.0	1068386	128	20.0
1608528210.36	20000	21.9259	0.0	1700843	206	20.0
1608528210.73	20000	22.556219	0.0	2536859	282	20.0
1608528211.35	20000	22.931533	0.0	4742872	523	20.0
1608528211.99	20000	23.301094	0.0	4955535	520	20.0
1608528212.2	20000	24.08948	0.0	1260540	131	20.0
1608528212.71	20000	24.58312	0.0	3605246	412	20.0
1608528213.15	20000	25.138513	0.0	2770338	355	20.0
1608528213.47	20000	25.817735	0.0	1855168	237	20.0
1608528213.73	20000	26.559407	0.0	1666915	175	20.0
1608528213.98	20000	27.313335	0.0	1555467	162	20.0
1608528214.17	20000	28.127459	0.0	1008919	105	20.0
1608528214.38	20000	28.918051	0.0	1227619	128	20.0
1608528214.56	20000	29.736226	0.0	1015853	101	20.0
1608528214.67	20000	30.62403	0.0	384076	34	20.0
1608528214.78	20000	31.520757	0.0	295687	26	20.0
1608528214.98	20000	32.314234	0.0	1328674	123	20.0
1608528215.21	20000	33.093038	0.0	1492829	139	20.0
1608528215.43	20000	33.870064	0.0	1484812	138	20.0
1608528215.77	20000	34.529932	0.0	1868314	257	20.0
1608528216.03	20000	35.273762	0.0	1253406	173	20.0
1608528216.23	20000	36.070929	0.0	887933	122	20.0
1608528216.47	20000	36.830243	0.0	1153403	159	20.0
1608528216.73	20000	37.572755	0.0	1249023	174	20.0
1608528217.02	20000	38.291083	0.0	1423973	199	20.0
1608528217.25	20000	39.059647	0.0	1060162	148	20.0
1608528217.48	20000	39.824832	0.0	1080597	152	20.0
1608528217.7	20000	40.605737	0.0	1156442	136	20.0
1608528218.06	20000	41.25196	0.0	2222640	263	20.0
1608528218.46	20000	41.854743	0.0	2587311	307	20.0
1608528218.79	20000	42.523782	0.0	2178351	240	20.0
1608528219.23	20000	43.084239	0.0	3121089	347	20.0
1608528219.63	20000	43.68155	0.0	2857420	312	20.0
1608528219.9	20000	44.417115	0.0	1702477	179	20.0
1608528220.14	20000	45.172867	0.0	1531670	161	20.0
1608528220.43	20000	45.891474	0.0	1863424	197	20.0
1608528220.71	20000	46.608636	0.0	1987392	195	20.0
1608528221.04	20000	47.276195	0.0	2505586	244	20.0
1608528222.11	20000	47.214014	0.0	9620218	939	20.0
1608528222.45	20000	47.874393	0.0	2561608	248	20.0
1608528222.98	20000	48.342575	0.0	3633991	433	20.0
1608528223.48	20000	48.844239	0.0	3324070	403	20.0
1608528223.74	20000	49.582435	0.0	1560020	177	20.0
1608528223.99	20000	50.335369	0.0	1429188	164	20.0
1608528224.28	20000	51.049904	0.0	1754144	202	20.0
1608528224.56	20000	51.773118	0.0	1626020	186	20.0
1608528224.81	20000	52.515067	0.0	1739228	171	20.0
1608528225.07	20000	53.261778	0.0	1722735	169	20.0
1608528225.3	20000	54.027922	0.0	1538145	151	20.0
1608528225.53	20000	54.800819	0.0	1473412	144	20.0
1608528225.77	20000	55.562056	0.0	1498968	155	20.0
1608528226.09	20000	56.239608	0.0	2247334	234	20.0
1608528226.52	20000	56.817502	0.0	3156442	330	20.0
1608528226.93	20000	57.410234	0.0	1895098	324	20.0
1608528227.34	20000	57.994157	0.0	1939135	331	20.0
1608528227.8	20000	58.536734	0.0	1842874	371	20.0
1608528228.43	20000	58.913598	0.0	2235830	538	20.0
1608528228.84	20000	59.500473	0.0	2202171	328	20.0
1608528229.72	20000	59.694357	0.0	2242042	288	20.0
1608528230.44	20000	59.945357	0.0	1081763	135	20.0
1608528231.88	20000	59.696342	0.0	2409013	352	20.0
1608528232.73	20000	59.697356	0.0	1615028	264	20.0
1608528233.58	20000	59.948339	0.0	1413467	265	20.0
1608528234.53	20000	59.949356	0.0	1632450	365	20.0
1608528235.56	20000	59.79009	0.0	5664827	921	20.0
1608528236.68	20000	59.701349	0.0	4578115	526	20.0
1608528237.44	20000	59.952333	0.0	1783835	168	20.0
1608528238.63	20000	59.953354	0.0	1093613	102	20.0
1608528239.81	20000	59.704319	0.0	975642	99	20.0
1608528240.62	20000	59.955248	0.0	1658005	224	20.0
1608528241.71	20000	59.706363	0.0	3055257	493	20.0
1608528242.97	20000	59.384321	0.0	5355572	1162	20.0
1608528243.81	20000	59.541014	0.0	3278424	753	20.0
1608528244.43	20000	59.927585	0.0	2318501	528	20.0
1608528245.65	20000	59.710335	0.0	2473561	632	20.0
1608528246.68	20000	59.711344	0.0	1730311	447	20.0
1608528247.58	20000	59.962326	0.0	1455812	313	20.0
1608528248.36	20000	59.996246	0.0	2869222	692	20.0
1608528249.41	20000	59.949039	0.0	3226650	950	20.0
1608528250.81	20000	59.715355	0.0	2705936	808	20.0
1608528251.69	20000	59.669898	0.0	2998622	792	20.0
1608528252.68	20000	59.68044	0.0	2928342	901	20.0
1608528253.68	20000	59.682156	0.0	3059979	909	20.0
1608528254.83	20000	59.531257	0.0	3367422	1059	20.0
1608528255.43	20000	59.932436	0.0	1950694	513	20.0
1608528256.88	20000	59.72133	0.0	1541020	362	20.0
1608528257.86	20000	59.687554	0.0	2926720	388	20.0
1608528258.75	20000	59.72335	0.0	2991202	291	20.0
1608528259.66	20000	59.724321	0.0	3002106	318	20.0
1608528260.49	20000	59.975321	0.0	2015412	239	20.0
1608528261.45	20000	59.97635	0.0	2894863	365	20.0
1608528262.82	20000	59.727349	0.0	2185316	288	20.0
1608528263.83	20000	59.728394	0.0	3370605	416	20.0
1608528264.39	20000	59.989752	0.0	3492243	463	20.0
1608528265.64	20000	59.980355	0.0	1307592	171	20.0
1608528266.46	20000	59.981351	0.0	1881404	235	20.0
1608528267.75	20000	59.732344	0.0	1806471	205	20.0
1608528268.51	20000	59.98335	0.0	1945842	175	20.0
1608528269.84	20000	59.734253	0.0	2538877	231	20.0
1608528270.67	20000	59.73535	0.0	2298557	245	20.0
1608528271.61	20000	59.986336	0.0	2831497	350	20.0
1608528272.71	20000	59.737357	0.0	3200905	509	20.0
1608528273.73	20000	59.738317	0.0	2180586	433	20.0
1608528274.57	20000	59.989313	0.0	1500505	253	20.0
1608528275.46	20000	59.990323	0.0	1939246	299	20.0
1608528276.76	20000	59.741346	0.0	1599193	218	20.0
1608528277.62	20000	59.992339	0.0	2364826	273	20.0
1608528278.49	20000	59.993339	0.0	2517454	277	20.0
1608528279.78	20000	59.744345	0.0	1883143	201	20.0
1608528280.66	20000	59.745366	0.0	1726706	297	20.0
1608528281.87	20000	59.746339	0.0	707364	132	20.0
1608528282.63	20000	59.997328	0.0	796460	175	20.0
1608528283.84	20000	59.748317	0.0	596962	123	20.0
1608528284.79	20000	59.749364	0.0	947625	367	20.0
1608528285.73	20000	59.750353	0.0	832859	353	20.0
1608528286.86	20000	59.751337	0.0	151562	60	20.0
1608528287.96	20000	59.50232	0.0	90390	22	20.0
1608528289.02	20000	59.503333	0.0	50278	6	20.0
1608528290.07	20000	59.504321	0.0	26471	1	20.0
1608528291.11	20000	59.505333	0.0	40620	4	20.0
1608528291.5	4000	1.000999	0.084	334032	72	-1.6799999999999997
1608528292.9	4000	1.367446	0.473	6594552	1266	-5.460000000000001
1608528293.88	8000	1.400359	0.0	7078153	863	4.0
1608528294.32	20000	1.969016	0.0	3191121	334	8.0
1608528294.57	20000	2.735368	0.0	1661718	169	20.0
1608528294.79	20000	3.518197	0.0	1315024	135	20.0
1608528294.94	20000	4.367726	0.0	698359	70	20.0
1608528295.1	20000	5.20791	0.0	730082	80	20.0
1608528295.65	20000	5.663811	0.0	4047415	449	20.0
1608528296.05	20000	6.257671	0.0	2863079	317	20.0
1608528296.63	20000	6.685361	0.0	4167844	473	20.0
1608528297.32	20000	6.99357	0.0	5571764	586	20.0
1608528297.91	20000	7.404352	0.0	4925652	478	20.0
1608528298.18	20000	8.137872	0.0	2030157	182	20.0
1608528298.46	20000	8.85354	0.0	2240782	199	20.0
1608528298.75	20000	9.570782	0.0	2211169	196	20.0
1608528298.86	20000	10.46007	0.0	382046	33	20.0
1608528299.04	20000	11.281245	0.0	1113969	98	20.0
1608528299.2	20000	12.119058	0.0	820127	82	20.0
1608528299.96	20000	12.361328	0.0	6357933	651	20.0
1608528300.55	20000	12.7754	0.0	4814284	485	20.0
1608528300.99	20000	13.33713	0.0	3419258	345	20.0
1608528301.4	20000	13.928654	0.0	3944328	311	20.0
1608528301.83	20000	14.493105	0.0	4284196	338	20.0
1608528302.15	20000	15.176228	0.0	3022025	226	20.0
1608528302.39	20000	15.934585	0.0	2248581	155	20.0
1608528303.23	20000	16.09401	0.0	9946363	693	20.0
1608528304.24	20000	16.092944	0.0	11684632	866	20.0
1608528304.48	20000	16.847712	0.0	1849732	158	20.0
1608528304.74	20000	17.593274	0.0	1942795	166	20.0
1608528304.97	20000	18.363151	0.0	1704756	146	20.0
1608528305.26	20000	19.069745	0.0	1697111	208	20.0
1608528305.55	20000	19.789581	0.0	1529441	197	20.0
1608528305.84	20000	20.497323	0.0	1568649	199	20.0
1608528306.56	20000	20.777874	0.0	1677618	635	20.0
