1608594714.02	4000	1.000999	0.015	60629	4	-0.2999999999999998
1608594715.24	20000	1.453285	0.643	11007815	1047	-8.86
1608594716.16	20000	1.755296	0.0	8849724	796	20.0
1608594716.54	20000	2.482394	0.0	3191121	274	20.0
1608594716.77	20000	3.248711	0.0	1661718	141	20.0
1608594716.97	20000	4.048382	0.0	1315024	110	20.0
1608594717.12	20000	4.923929	0.0	698359	58	20.0
1608594717.27	20000	5.773473	0.0	730082	63	20.0
1608594717.73	20000	6.319028	0.0	4047415	342	20.0
1608594718.1	20000	6.943714	0.0	2863079	275	20.0
1608594718.61	20000	7.441115	0.0	4167844	402	20.0
1608594719.27	20000	7.783055	0.0	5571764	548	20.0
1608594719.85	20000	8.193751	0.0	4925652	481	20.0
1608594720.12	20000	8.925695	0.0	2030157	176	20.0
1608594720.42	20000	9.640169	0.0	2240782	194	20.0
1608594720.7	20000	10.352558	0.0	2211169	192	20.0
1608594720.81	20000	11.239572	0.0	382046	31	20.0
1608594720.99	20000	12.065024	0.0	1113969	89	20.0
1608594721.14	20000	12.914849	0.0	820127	66	20.0
1608594721.77	20000	13.286174	0.0	6357933	518	20.0
1608594722.31	20000	13.747475	0.0	4814284	435	20.0
1608594722.72	20000	14.341077	0.0	3419258	307	20.0
1608594723.21	20000	14.851779	0.0	3944328	387	20.0
1608594723.73	20000	15.328423	0.0	4284196	422	20.0
1608594724.11	20000	15.949651	0.0	3022025	281	20.0
1608594724.41	20000	16.648008	0.0	2248581	210	20.0
1608594725.58	20000	16.480824	0.0	9946363	1030	20.0
1608594727.15	20000	15.91244	0.0	11684632	1431	20.0
1608594727.47	20000	16.592867	0.0	1849732	231	20.0
1608594727.8	20000	17.261567	0.0	1942795	242	20.0
1608594728.12	20000	17.95032	0.0	1704756	224	20.0
1608594728.43	20000	18.638956	0.0	1697111	222	20.0
1608594728.72	20000	19.352119	0.0	1529441	200	20.0
1608594729.0	20000	20.066516	0.0	1568649	198	20.0
1608594729.3	20000	20.766121	0.0	1677618	212	20.0
1608594729.57	20000	21.501954	0.0	1415096	179	20.0
1608594729.9	20000	22.177395	0.0	1894067	237	20.0
1608594730.12	20000	22.952819	0.0	1186604	136	20.0
1608594730.33	20000	23.745135	0.0	1068386	122	20.0
1608594730.61	20000	24.460765	0.0	1700843	197	20.0
1608594730.99	20000	25.085728	0.0	2536859	283	20.0
1608594731.6	20000	25.476237	0.0	4742872	506	20.0
1608594732.23	20000	25.84758	0.0	4955535	525	20.0
1608594732.45	20000	26.63046	0.0	1260540	131	20.0
1608594732.93	20000	27.154193	0.0	3605246	378	20.0
1608594733.31	20000	27.77536	0.0	2770338	284	20.0
1608594733.59	20000	28.490291	0.0	1855168	189	20.0
1608594733.85	20000	29.233386	0.0	1666915	170	20.0
1608594734.09	20000	29.993808	0.0	1555467	151	20.0
1608594734.27	20000	30.811731	0.0	1008919	98	20.0
1608594734.48	20000	31.608297	0.0	1227619	119	20.0
1608594734.66	20000	32.425875	0.0	1015853	99	20.0
1608594734.78	20000	33.309021	0.0	384076	36	20.0
1608594734.89	20000	34.201076	0.0	295687	27	20.0
1608594735.11	20000	34.983114	0.0	1328674	133	20.0
1608594735.35	20000	35.744585	0.0	1492829	150	20.0
1608594735.58	20000	36.509628	0.0	1484812	150	20.0
1608594735.86	20000	37.232432	0.0	1868314	189	20.0
1608594736.08	20000	38.009234	0.0	1253406	137	20.0
1608594736.27	20000	38.829847	0.0	887933	95	20.0
1608594736.49	20000	39.61585	0.0	1153403	126	20.0
1608594736.71	20000	40.384682	0.0	1249023	135	20.0
1608594736.96	20000	41.141453	0.0	1423973	156	20.0
1608594737.16	20000	41.937752	0.0	1060162	119	20.0
1608594737.37	20000	42.732457	0.0	1080597	122	20.0
1608594737.58	20000	43.518511	0.0	1156442	130	20.0
1608594737.93	20000	44.175764	0.0	2222640	251	20.0
1608594738.29	20000	44.813045	0.0	2587311	269	20.0
1608594738.61	20000	45.495093	0.0	2178351	226	20.0
1608594739.02	20000	46.08245	0.0	3121089	316	20.0
1608594739.4	20000	46.709716	0.0	2857420	275	20.0
1608594739.65	20000	47.45613	0.0	1702477	163	20.0
1608594739.89	20000	48.221704	0.0	1531670	147	20.0
1608594740.16	20000	48.951793	0.0	1863424	179	20.0
1608594740.44	20000	49.668931	0.0	1987392	191	20.0
1608594740.78	20000	50.332942	0.0	2505586	242	20.0
1608594741.89	20000	50.221768	0.0	9620218	980	20.0
1608594742.27	20000	50.847451	0.0	2561608	280	20.0
1608594742.77	20000	51.349474	0.0	3633991	398	20.0
1608594743.21	20000	51.904174	0.0	3324070	347	20.0
1608594743.46	20000	52.654986	0.0	1560020	161	20.0
1608594743.7	20000	53.420862	0.0	1429188	146	20.0
1608594743.97	20000	54.15243	0.0	1754144	179	20.0
1608594744.21	20000	54.90778	0.0	1626020	156	20.0
1608594744.47	20000	55.652231	0.0	1739228	166	20.0
1608594744.72	20000	56.399365	0.0	1722735	165	20.0
1608594744.96	20000	57.161909	0.0	1538145	147	20.0
1608594745.21	20000	57.914115	0.0	1473412	160	20.0
1608594745.46	20000	58.663202	0.0	1498968	162	20.0
1608594745.8	20000	59.32883	0.0	2247334	244	20.0
1608594746.25	20000	59.878079	0.0	3156442	355	20.0
1608594747.56	20000	59.573693	0.0	1895098	215	20.0
1608594748.38	20000	59.824753	0.0	1939135	229	20.0
1608594749.73	20000	59.575667	0.0	1842874	250	20.0
1608594750.6	20000	59.576751	0.0	2235830	274	20.0
1608594751.48	20000	59.827652	0.0	2202171	287	20.0
1608594752.41	20000	59.828689	0.0	2242042	335	20.0
1608594753.65	20000	59.579652	0.0	1081763	150	20.0
1608594754.57	20000	59.580658	0.0	2409013	333	20.0
1608594755.36	20000	59.831658	0.0	1615028	200	20.0
1608594756.63	20000	59.582676	0.0	1413467	175	20.0
1608594757.42	20000	59.833715	0.0	1632450	202	20.0
1608594758.17	20000	59.966978	0.0	5664827	636	20.0
1608594759.32	20000	59.835756	0.0	4578115	544	20.0
1608594760.63	20000	59.586742	0.0	1783835	220	20.0
1608594761.36	20000	59.837738	0.0	1093613	143	20.0
1608594762.55	20000	59.838733	0.0	975642	101	20.0
1608594763.78	20000	59.589732	0.0	1658005	146	20.0
1608594764.21	20000	59.934624	0.0	3055257	332	20.0
1608594765.4	20000	59.841744	0.0	5355572	583	20.0
1608594766.33	20000	59.84274	0.0	3278424	327	20.0
1608594767.68	20000	59.593727	0.0	2318501	249	20.0
1608594768.53	20000	59.844721	0.0	2473561	252	20.0
1608594769.35	20000	59.845754	0.0	1730311	230	20.0
1608594770.64	20000	59.59669	0.0	1455812	195	20.0
1608594771.51	20000	59.847746	0.0	2869222	279	20.0
1608594772.4	20000	59.848689	0.0	3226650	288	20.0
1608594773.71	20000	59.599748	0.0	2705936	217	20.0
1608594774.57	20000	59.600677	0.0	2998622	260	20.0
1608594775.4	20000	59.851679	0.0	2928342	233	20.0
1608594776.7	20000	59.60266	0.0	3059979	210	20.0
1608594777.54	20000	59.85378	0.0	3367422	230	20.0
1608594778.77	20000	59.604745	0.0	1950694	135	20.0
1608594779.47	20000	59.855749	0.0	1541020	110	20.0
1608594780.79	20000	59.606751	0.0	2926720	222	20.0
1608594781.62	20000	59.607647	0.0	2991202	241	20.0
1608594782.49	20000	59.858727	0.0	3002106	267	20.0
1608594783.8	20000	59.609749	0.0	2015412	217	20.0
1608594784.65	20000	59.610756	0.0	2894863	251	20.0
1608594785.39	20000	59.861759	0.0	2185316	149	20.0
1608594786.74	20000	59.612753	0.0	3370605	250	20.0
1608594787.63	20000	59.613754	0.0	3492243	289	20.0
1608594788.33	20000	59.864752	0.0	1307592	111	20.0
1608594789.58	20000	59.615732	0.0	1881404	153	20.0
1608594790.32	20000	59.866758	0.0	1806471	153	20.0
1608594791.59	20000	59.617679	0.0	1945842	179	20.0
1608594792.46	20000	59.868638	0.0	2538877	266	20.0
1608594793.31	20000	59.869656	0.0	2298557	260	20.0
1608594794.72	20000	59.620652	0.0	2831497	307	20.0
1608594795.64	20000	59.621731	0.0	3200905	323	20.0
1608594796.45	20000	59.872652	0.0	2180586	219	20.0
1608594797.69	20000	59.623765	0.0	1500505	153	20.0
1608594798.49	20000	59.874708	0.0	1939246	206	20.0
1608594799.75	20000	59.625674	0.0	1599193	160	20.0
1608594800.57	20000	59.626681	0.0	2364826	221	20.0
1608594801.4	20000	59.877734	0.0	2517454	233	20.0
1608594802.66	20000	59.628744	0.0	1883143	172	20.0
1608594803.41	20000	59.879758	0.0	1726706	159	20.0
1608594804.56	20000	59.630695	0.0	707364	64	20.0
1608594805.72	20000	59.631738	0.0	796460	77	20.0
1608594806.36	20000	59.882737	0.0	596962	55	20.0
1608594807.53	20000	59.883708	0.0	947625	79	20.0
1608594808.69	20000	59.634692	0.0	832859	69	20.0
1608594809.78	20000	59.635676	0.0	151562	11	20.0
1608594810.37	20000	59.88673	0.0	90390	6	20.0
1608594811.43	20000	59.887656	0.0	50278	2	20.0
1608594812.48	20000	59.888668	0.0	26471	3	20.0
1608594813.52	20000	59.889661	0.0	40620	1	20.0
1608594813.86	4000	1.000999	0.031	334032	20	-0.6200000000000001
1608594814.72	20000	1.419344	0.0	11007815	682	4.0
1608594815.38	20000	1.755428	0.0	8849724	535	20.0
1608594815.69	20000	2.476598	0.0	3191121	205	20.0
1608594815.88	20000	3.281354	0.0	1661718	106	20.0
1608594816.06	20000	4.1099	0.0	1315024	84	20.0
1608594816.18	20000	4.984343	0.0	698359	44	20.0
1608594816.31	20000	5.878742	0.0	730082	45	20.0
1608594816.69	20000	6.502631	0.0	4047415	276	20.0
1608594816.98	20000	7.211649	0.0	2863079	195	20.0
1608594817.37	20000	7.82505	0.0	4167844	285	20.0
1608594817.88	20000	8.318532	0.0	5571764	398	20.0
1608594818.33	20000	8.863114	0.0	4925652	351	20.0
1608594818.59	20000	9.607281	0.0	2030157	158	20.0
1608594818.85	20000	10.342751	0.0	2240782	174	20.0
1608594819.12	20000	11.079855	0.0	2211169	172	20.0
1608594819.23	20000	11.969896	0.0	382046	28	20.0
1608594819.4	20000	12.79834	0.0	1113969	86	20.0
1608594819.56	20000	13.640165	0.0	820127	71	20.0
1608594820.24	20000	13.96396	0.0	6357933	564	20.0
1608594820.78	20000	14.427133	0.0	4814284	432	20.0
1608594821.18	20000	15.022533	0.0	3419258	308	20.0
1608594821.63	20000	15.578309	0.0	3944328	346	20.0
1608594822.11	20000	16.100542	0.0	4284196	368	20.0
1608594822.47	20000	16.739574	0.0	3022025	261	20.0
1608594822.77	20000	17.438625	0.0	2248581	207	20.0
1608594823.83	20000	17.376647	0.0	9946363	929	20.0
1608594825.13	20000	17.08586	0.0	11684632	1151	20.0
1608594825.4	20000	17.808956	0.0	1849732	187	20.0
1608594825.7	20000	18.516985	0.0	1942795	199	20.0
1608594825.97	20000	19.242935	0.0	1704756	174	20.0
1608594826.23	20000	19.980278	0.0	1697111	174	20.0
1608594826.48	20000	20.735713	0.0	1529441	156	20.0
1608594826.74	20000	21.480341	0.0	1568649	165	20.0
1608594827.01	20000	22.211999	0.0	1677618	177	20.0
1608594827.24	20000	22.977192	0.0	1415096	149	20.0
