1609140440.28	4000	1.000999	0.017	60629	7	-0.33999999999999986
1609140441.52	4000	1.256423	0.461	6594552	1165	-5.220000000000001
1609140442.25	4000	1.748972	0.0	4402139	690	4.0
1609140442.42	4000	2.580322	0.0	1043358	152	4.0
1609140442.58	8000	3.521385	0.0	946554	136	4.0
1609140442.7	8000	4.396062	0.0	768486	110	8.0
1609140442.77	8000	5.325693	0.0	398693	57	8.0
1609140442.84	8000	6.262948	0.0	358785	50	8.0
1609140443.13	8000	6.990941	0.0	1838971	267	8.0
1609140443.43	12000	7.686824	0.0	1861181	276	8.0
1609140443.88	12000	8.237557	0.0	2835412	425	12.0
1609140444.49	12000	8.625651	0.0	4074608	581	12.0
1609140445.06	12000	9.064825	0.0	3844696	529	12.0
1609140445.29	12000	9.832588	0.0	1630440	213	12.0
1609140445.53	12000	10.594796	0.0	1712120	218	12.0
1609140445.84	16000	11.283806	0.0	2211169	283	12.0
1609140445.9	16000	12.223609	0.0	382046	47	16.0
1609140446.06	16000	13.065634	0.0	1113969	142	16.0
1609140446.18	16000	13.947814	0.0	820127	102	16.0
1609140447.07	16000	14.059482	0.0	6357933	848	16.0
1609140447.75	16000	14.376424	0.0	4814284	650	16.0
1609140448.25	16000	14.885054	0.0	3419258	464	16.0
1609140448.85	20000	15.28318	0.0	3944328	572	16.0
1609140449.51	16000	15.626755	0.0	4284196	624	12.0
1609140449.98	16000	16.156339	0.0	3022025	445	16.0
1609140450.33	16000	16.804226	0.0	2248581	329	16.0
1609140451.87	16000	16.267785	0.0	9946363	1460	16.0
1609140453.25	12000	15.883832	0.0	9808342	1317	8.0
1609140453.4	8000	16.734741	0.0	1127469	128	4.0
1609140453.56	8000	17.583	0.0	1179779	134	8.0
1609140453.7	8000	18.44306	0.0	1078151	123	8.0
1609140453.84	8000	19.296812	0.0	1086181	123	8.0
1609140453.98	8000	20.16422	0.0	1029204	117	8.0
1609140454.15	12000	20.994736	0.0	1314540	150	8.0
1609140454.32	12000	21.825701	0.0	1407326	150	12.0
1609140454.46	12000	22.684763	0.0	1196263	122	12.0
1609140454.65	12000	23.498673	0.0	1627563	166	12.0
1609140454.76	12000	24.381883	0.0	987649	101	12.0
1609140454.87	12000	25.279299	0.0	864635	88	12.0
1609140455.07	16000	26.082923	0.0	1700843	175	12.0
1609140455.38	16000	26.769494	0.0	2536859	290	16.0
1609140456.04	16000	27.107814	0.0	4742872	627	16.0
1609140456.87	16000	27.283558	0.0	4955535	788	16.0
1609140457.1	16000	28.054377	0.0	1260540	212	16.0
1609140457.79	16000	28.362661	0.0	3605246	663	16.0
1609140458.34	16000	28.812168	0.0	2770338	524	16.0
1609140458.66	12000	29.491183	0.0	1498439	298	8.0
1609140458.95	12000	30.209231	0.0	1329461	264	12.0
1609140459.21	12000	30.942888	0.0	1254418	249	12.0
1609140459.39	12000	31.768902	0.0	879546	159	12.0
1609140459.6	12000	32.561601	0.0	1055149	193	12.0
1609140459.77	12000	33.386094	0.0	883588	160	12.0
1609140459.85	12000	34.312519	0.0	347560	61	12.0
1609140459.92	16000	35.243447	0.0	295687	52	12.0
1609140460.18	16000	35.982561	0.0	1328674	244	16.0
1609140460.47	16000	36.69241	0.0	1492829	272	16.0
1609140460.76	16000	37.400903	0.0	1484812	273	16.0
1609140461.13	16000	38.034606	0.0	1868314	344	16.0
1609140461.38	16000	38.787385	0.0	1253406	228	16.0
1609140461.56	16000	39.608064	0.0	887933	164	16.0
1609140461.79	20000	40.376433	0.0	1153403	213	16.0
1609140462.04	20000	41.128486	0.0	1249023	230	20.0
1609140462.32	20000	41.850649	0.0	1423973	261	20.0
1609140462.53	20000	42.644197	0.0	1060162	189	20.0
1609140462.74	20000	43.434423	0.0	1080597	193	20.0
1609140462.96	20000	44.211048	0.0	1156442	207	20.0
1609140463.36	20000	44.810811	0.0	2222640	379	20.0
1609140463.76	20000	45.421053	0.0	2587311	368	20.0
1609140464.09	20000	46.091763	0.0	2178351	309	20.0
1609140464.53	20000	46.651296	0.0	3121089	414	20.0
1609140464.92	20000	47.264286	0.0	2857420	362	20.0
1609140465.15	20000	48.030112	0.0	1702477	214	20.0
1609140465.37	20000	48.81222	0.0	1531670	199	20.0
1609140465.66	20000	49.525358	0.0	1863424	266	20.0
1609140465.97	20000	50.214301	0.0	1987392	281	20.0
1609140466.36	20000	50.827642	0.0	2505586	363	20.0
1609140468.0	20000	50.188464	0.0	9620218	1578	20.0
1609140468.44	16000	50.745837	0.0	2561608	416	12.0
1609140468.94	12000	51.24247	0.0	2951725	471	8.0
1609140469.41	12000	51.778288	0.0	2707022	439	12.0
1609140469.65	12000	52.535899	0.0	1258293	223	12.0
1609140469.87	12000	53.319089	0.0	1132545	201	12.0
1609140470.14	12000	54.050424	0.0	1405832	250	12.0
1609140470.42	12000	54.782174	0.0	1314152	249	12.0
1609140470.77	12000	55.425014	0.0	1387998	331	12.0
1609140471.11	12000	56.082223	0.0	1362449	326	12.0
1609140471.4	12000	56.791262	0.0	1219048	274	12.0
1609140471.72	16000	57.478728	0.0	1473412	289	12.0
1609140472.03	16000	58.165736	0.0	1498968	295	16.0
1609140472.5	16000	58.702656	0.0	2247334	440	16.0
1609140473.15	16000	59.050993	0.0	3156442	625	16.0
1609140473.59	16000	59.608452	0.0	1895098	420	16.0
1609140474.6	16000	59.654674	0.0	1939135	486	16.0
1609140475.51	12000	59.905655	0.0	1424538	385	8.0
1609140476.45	12000	59.906595	0.0	1714252	417	12.0
1609140477.34	12000	59.907628	0.0	1710495	373	12.0
1609140478.33	12000	59.908601	0.0	1751030	467	12.0
1609140479.57	12000	59.659633	0.0	875075	217	12.0
1609140480.46	12000	59.910688	0.0	1998050	368	12.0
1609140481.67	12000	59.661692	0.0	1336691	188	12.0
1609140482.31	12000	59.912689	0.0	1179696	120	12.0
1609140483.45	12000	59.913606	0.0	1291599	120	12.0
1609140484.34	12000	59.914605	0.0	4082189	360	12.0
1609140485.73	12000	59.665663	0.0	3284299	355	12.0
1609140486.41	12000	59.916611	0.0	1412347	165	12.0
1609140487.57	16000	59.667659	0.0	1093613	134	12.0
1609140488.73	16000	59.668691	0.0	975642	135	16.0
1609140489.52	16000	59.919661	0.0	1658005	274	16.0
1609140490.52	16000	59.920614	0.0	3055257	475	16.0
1609140491.41	16000	59.806151	0.0	5355572	850	16.0
1609140492.59	16000	59.672614	0.0	3278424	646	16.0
1609140493.57	16000	59.67363	0.0	2318501	447	16.0
1609140494.47	12000	59.924655	0.0	2005276	378	8.0
1609140495.76	12000	59.675624	0.0	1359018	264	12.0
1609140496.46	12000	59.926629	0.0	1134985	189	12.0
1609140497.35	12000	59.927649	0.0	2294159	358	12.0
1609140498.77	12000	59.678637	0.0	2601076	396	12.0
1609140499.54	12000	59.848107	0.0	2155956	251	12.0
1609140500.39	12000	59.930644	0.0	2411136	323	12.0
1609140501.77	12000	59.681682	0.0	2355841	349	12.0
1609140502.62	16000	59.682611	0.0	3059979	321	12.0
1609140503.52	16000	59.933695	0.0	3367422	373	16.0
1609140504.35	16000	59.934698	0.0	1950694	304	16.0
1609140505.62	16000	59.685617	0.0	1541020	246	16.0
1609140506.68	16000	59.686618	0.0	2926720	535	16.0
1609140507.3	16000	59.930802	0.0	2991202	592	16.0
1609140508.49	16000	59.938713	0.0	3002106	655	16.0
1609140509.35	12000	59.939697	0.0	1575943	338	8.0
1609140510.37	12000	59.940708	0.0	2268474	494	12.0
1609140511.35	12000	59.941677	0.0	1727401	460	12.0
1609140512.57	12000	59.69263	0.0	2744751	691	12.0
1609140513.48	8000	59.94361	0.0	2206878	380	4.0
1609140514.62	8000	59.694686	0.0	752992	124	8.0
1609140515.32	8000	59.945702	0.0	1143645	183	8.0
1609140516.51	8000	59.946603	0.0	1081066	172	8.0
1609140517.35	8000	59.947642	0.0	1175321	312	8.0
1609140518.59	12000	59.698676	0.0	2029094	714	8.0
1609140519.71	12000	59.699634	0.0	1857827	589	12.0
1609140520.29	8000	59.953583	0.0	1735873	563	4.0
1609140521.47	8000	59.951676	0.0	1955680	648	8.0
1609140522.77	4000	59.702634	0.0	854393	283	0.0
1609140523.47	4000	59.953618	0.0	602217	180	4.0
1609140524.73	4000	59.704622	0.0	819411	247	4.0
1609140525.54	4000	59.955612	0.0	705221	287	4.0
1609140526.37	4000	59.956616	0.0	905448	315	4.0
1609140527.78	8000	59.707614	0.0	1466703	381	4.0
1609140528.4	8000	59.958607	0.0	1060685	107	8.0
1609140529.52	8000	59.959742	0.0	1011581	102	8.0
1609140530.58	8000	59.71071	0.0	422329	38	8.0
1609140531.65	8000	59.711608	0.0	458857	39	8.0
1609140532.7	12000	59.71269	0.0	449729	34	8.0
1609140533.78	12000	59.713641	0.0	748394	60	12.0
1609140534.43	12000	59.964618	0.0	676139	136	12.0
1609140535.47	12000	59.965715	0.0	123294	21	12.0
1609140540.49	12000	55.772541	0.0	70186	5005	12.0
1609140540.51	8000	56.757399	0.0	32002	2	4.0
1609140540.52	4000	57.74467	0.0	20475	3	0.0
1609140540.53	8000	58.73087	0.0	26015	1	4.0
1609140540.84	4000	1.000999	0.015	60629	5	-0.2999999999999998
1609140541.74	4000	1.283536	0.168	6594552	831	0.6400000000000001
1609140542.39	4000	1.858166	0.0	4402139	607	4.0
1609140542.55	4000	2.697143	0.0	1043358	144	4.0
1609140542.7	8000	3.548074	0.0	946554	129	4.0
1609140542.82	8000	4.452628	0.0	768486	103	8.0
1609140542.88	8000	5.400822	0.0	398693	49	8.0
1609140542.94	8000	6.341216	0.0	358785	46	8.0
1609140543.21	8000	7.073207	0.0	1838971	250	8.0
1609140543.51	12000	7.795253	0.0	1861181	251	8.0
1609140543.92	12000	8.384152	0.0	2835412	386	12.0
1609140544.51	12000	8.792858	0.0	4074608	561	12.0
1609140545.07	12000	9.234493	0.0	3844696	527	12.0
1609140545.31	12000	9.99314	0.0	1630440	223	12.0
1609140545.57	12000	10.740481	0.0	1712120	233	12.0
1609140545.89	16000	11.41368	0.0	2211169	300	12.0
1609140545.96	16000	12.350708	0.0	382046	49	16.0
1609140546.12	16000	13.185407	0.0	1113969	149	16.0
1609140546.25	16000	14.061482	0.0	820127	109	16.0
1609140547.17	16000	14.146776	0.0	6357933	872	16.0
1609140547.88	16000	14.436975	0.0	4814284	674	16.0
1609140548.4	16000	14.909456	0.0	3419258	495	16.0
1609140549.0	20000	15.313796	0.0	3944328	562	16.0
1609140549.63	16000	15.687687	0.0	4284196	594	12.0
1609140550.08	16000	16.237549	0.0	3022025	421	16.0
1609140550.42	16000	16.897861	0.0	2248581	316	16.0
1609140552.03	16000	16.286433	0.0	9946363	1528	16.0
1609140553.57	12000	15.748223	0.0	9808342	1474	8.0
1609140553.75	8000	16.570529	0.0	1127469	157	4.0
1609140553.94	8000	17.383437	0.0	1179779	170	8.0
1609140554.12	8000	18.204473	0.0	1078151	164	8.0
1609140554.3	8000	19.023158	0.0	1086181	165	8.0
