1609218903.01	4000	1.000999	0.031	60629	1	-0.6200000000000001
1609218904.24	4000	1.361642	0.539	6594552	1099	-6.779999999999999
1609218904.52	2000	2.078197	0.0	1121405	192	0.0
1609218904.79	4000	3.021029	0.0	1043358	179	2.0
1609218905.01	8000	3.822385	0.0	946554	121	4.0
1609218905.29	16000	4.559891	0.0	1315024	178	8.0
1609218905.47	16000	5.391097	0.0	698359	92	16.0
1609218905.65	20000	6.21455	0.0	730082	97	16.0
1609218906.37	20000	6.486965	0.0	4047415	632	20.0
1609218906.93	20000	7.033512	0.0	2863079	465	20.0
1609218907.76	20000	7.32056	0.0	4167844	723	20.0
1609218908.59	20000	7.483975	0.0	5571764	726	20.0
1609218909.4	20000	7.680202	0.0	4925652	699	20.0
1609218909.78	20000	8.297045	0.0	2030157	295	20.0
1609218910.29	20000	8.787985	0.0	2240782	422	20.0
1609218910.8	20000	9.284888	0.0	2211169	417	20.0
1609218910.92	20000	10.16322	0.0	382046	42	20.0
1609218911.13	20000	10.95597	0.0	1113969	126	20.0
1609218911.3	20000	11.783724	0.0	820127	92	20.0
1609218912.19	20000	11.894059	0.0	6357933	781	20.0
1609218912.96	20000	12.1257	0.0	4814284	668	20.0
1609218913.54	20000	12.55058	0.0	3419258	482	20.0
1609218914.13	20000	12.961176	0.0	3944328	496	20.0
1609218914.71	20000	13.374287	0.0	4284196	490	20.0
1609218915.17	20000	13.915742	0.0	3022025	367	20.0
1609218915.54	20000	14.54834	0.0	2248581	279	20.0
1609218917.07	20000	14.024984	0.0	9946363	1383	20.0
1609218918.45	20000	13.647376	0.0	11684632	1240	20.0
1609218918.7	20000	14.396691	0.0	1849732	164	20.0
1609218918.96	20000	15.13728	0.0	1942795	174	20.0
1609218919.2	20000	15.897364	0.0	1704756	156	20.0
1609218919.44	20000	16.659417	0.0	1697111	156	20.0
1609218919.66	20000	17.436627	0.0	1529441	140	20.0
1609218919.89	20000	18.208248	0.0	1568649	145	20.0
1609218920.15	20000	18.950784	0.0	1677618	166	20.0
1609218920.37	20000	19.728153	0.0	1415096	141	20.0
1609218920.65	20000	20.454787	0.0	1894067	189	20.0
1609218920.85	20000	21.25573	0.0	1186604	118	20.0
1609218921.04	20000	22.061142	0.0	1068386	114	20.0
1609218921.31	20000	22.794671	0.0	1700843	183	20.0
1609218921.67	20000	23.432325	0.0	2536859	273	20.0
1609218922.26	20000	23.852089	0.0	4742872	475	20.0
1609218922.84	20000	24.269146	0.0	4955535	480	20.0
1609218923.04	20000	25.071972	0.0	1260540	113	20.0
1609218923.46	20000	25.650623	0.0	3605246	326	20.0
1609218923.8	20000	26.30989	0.0	2770338	251	20.0
1609218924.05	20000	27.058055	0.0	1855168	166	20.0
1609218924.29	20000	27.824247	0.0	1666915	150	20.0
1609218924.51	20000	28.601679	0.0	1555467	140	20.0
1609218924.69	20000	29.429054	0.0	1008919	90	20.0
1609218924.88	20000	30.237865	0.0	1227619	110	20.0
1609218925.06	20000	31.060338	0.0	1015853	96	20.0
1609218925.18	20000	31.939843	0.0	384076	34	20.0
1609218925.28	20000	32.835022	0.0	295687	26	20.0
1609218925.49	20000	33.627923	0.0	1328674	126	20.0
1609218925.72	20000	34.403498	0.0	1492829	142	20.0
1609218925.94	20000	35.180021	0.0	1484812	141	20.0
1609218926.2	20000	35.926068	0.0	1868314	168	20.0
1609218926.39	20000	36.731454	0.0	1253406	112	20.0
1609218926.55	20000	37.571942	0.0	887933	79	20.0
1609218926.74	20000	38.387712	0.0	1153403	103	20.0
1609218926.94	20000	39.192757	0.0	1249023	112	20.0
1609218927.16	20000	39.967604	0.0	1423973	140	20.0
1609218927.35	20000	40.781406	0.0	1060162	104	20.0
1609218927.54	20000	41.592688	0.0	1080597	105	20.0
1609218927.73	20000	42.396753	0.0	1156442	113	20.0
1609218928.03	20000	43.106048	0.0	2222640	204	20.0
1609218928.32	20000	43.808764	0.0	2587311	209	20.0
1609218928.59	20000	44.547646	0.0	2178351	175	20.0
1609218928.93	20000	45.205407	0.0	3121089	252	20.0
1609218929.34	20000	45.799491	0.0	2857420	316	20.0
1609218929.61	20000	46.528683	0.0	1702477	187	20.0
1609218929.86	20000	47.276548	0.0	1531670	169	20.0
1609218930.19	20000	47.947302	0.0	1863424	231	20.0
1609218930.53	20000	48.610556	0.0	1987392	250	20.0
1609218930.93	20000	49.20688	0.0	2505586	316	20.0
1609218931.89	20000	49.249665	0.0	9620218	837	20.0
1609218932.21	20000	49.931025	0.0	2561608	231	20.0
1609218932.64	20000	50.50562	0.0	3633991	329	20.0
1609218933.03	20000	51.112364	0.0	3324070	299	20.0
1609218933.25	20000	51.893052	0.0	1560020	136	20.0
1609218933.46	20000	52.686263	0.0	1429188	124	20.0
1609218933.7	20000	53.448326	0.0	1754144	153	20.0
1609218933.93	20000	54.222692	0.0	1626020	141	20.0
1609218934.17	20000	54.982738	0.0	1739228	152	20.0
1609218934.4	20000	55.746052	0.0	1722735	152	20.0
1609218934.62	20000	56.527369	0.0	1538145	136	20.0
1609218934.84	20000	57.314773	0.0	1473412	129	20.0
1609218935.06	20000	58.098109	0.0	1498968	135	20.0
1609218935.36	20000	58.799605	0.0	2247334	212	20.0
1609218935.75	20000	59.41062	0.0	3156442	299	20.0
1609218936.51	20000	59.827437	0.0	1895098	178	20.0
1609218937.81	20000	59.578484	0.0	1939135	211	20.0
1609218938.62	20000	59.579361	0.0	1842874	220	20.0
1609218939.5	20000	59.830497	0.0	2235830	290	20.0
1609218940.4	20000	59.831451	0.0	2202171	310	20.0
1609218941.74	20000	59.582466	0.0	2242042	244	20.0
1609218942.46	20000	59.833459	0.0	1081763	139	20.0
1609218943.42	20000	59.834383	0.0	2409013	370	20.0
1609218944.7	20000	59.585473	0.0	1615028	196	20.0
1609218945.46	20000	59.836464	0.0	1413467	172	20.0
1609218946.77	20000	59.587468	0.0	1632450	225	20.0
1609218948.07	20000	59.097744	0.0	5664827	1193	20.0
1609218949.34	20000	58.831435	0.0	4578115	1166	20.0
1609218949.77	20000	59.402503	0.0	1783835	343	20.0
1609218950.56	20000	59.841457	0.0	1093613	209	20.0
1609218951.76	20000	59.592472	0.0	975642	119	20.0
1609218952.58	20000	59.84351	0.0	1658005	229	20.0
1609218953.61	20000	59.594493	0.0	3055257	446	20.0
1609218954.6	20000	59.571837	0.0	5355572	885	20.0
1609218955.34	20000	59.83486	0.0	3278424	642	20.0
1609218956.53	20000	59.847468	0.0	2318501	601	20.0
1609218957.21	20000	59.966349	0.0	2473561	592	20.0
1609218958.67	20000	59.599487	0.0	1730311	377	20.0
1609218959.63	20000	59.600426	0.0	1455812	376	20.0
1609218960.36	20000	59.818307	0.0	2869222	639	20.0
1609218961.54	20000	59.829091	0.0	3226650	584	20.0
1609218962.41	20000	59.773097	0.0	2705936	776	20.0
1609218963.51	20000	59.854452	0.0	2998622	509	20.0
1609218964.55	20000	59.855404	0.0	2928342	451	20.0
1609218965.63	20000	59.606399	0.0	3059979	470	20.0
1609218966.19	20000	59.996975	0.0	3367422	466	20.0
1609218967.59	20000	59.608209	0.0	1950694	305	20.0
1609218968.39	20000	59.859368	0.0	1541020	216	20.0
1609218969.35	20000	59.860402	0.0	2926720	368	20.0
1609218970.8	20000	59.611357	0.0	2991202	361	20.0
1609218971.26	20000	59.932642	0.0	3002106	369	20.0
1609218972.58	20000	59.863154	0.0	2015412	225	20.0
1609218973.52	20000	59.864107	0.0	2894863	354	20.0
1609218974.43	20000	59.865387	0.0	2185316	307	20.0
1609218975.44	20000	59.866376	0.0	3370605	419	20.0
1609218976.57	20000	59.794258	0.0	3492243	538	20.0
1609218977.82	20000	59.618399	0.0	1307592	156	20.0
1609218978.63	20000	59.619281	0.0	1881404	220	20.0
1609218979.53	20000	59.870466	0.0	1806471	305	20.0
1609218980.43	20000	59.871378	0.0	1945842	316	20.0
1609218981.36	20000	59.872281	0.0	2538877	345	20.0
1609218982.36	20000	59.873358	0.0	2298557	406	20.0
1609218983.54	20000	59.874123	0.0	2831497	588	20.0
1609218984.63	20000	59.625276	0.0	3200905	502	20.0
1609218985.61	20000	59.626422	0.0	2180586	385	20.0
1609218986.48	20000	59.877389	0.0	1500505	288	20.0
1609218988.07	20000	59.136482	0.0	1939246	1505	20.0
1609218989.27	20000	58.936576	0.0	1599193	1115	20.0
1609218989.77	20000	59.440685	0.0	2364826	408	20.0
1609218990.29	20000	59.918699	0.0	2517454	436	20.0
1609218991.57	20000	59.882212	0.0	1883143	190	20.0
1609218992.5	20000	59.883378	0.0	1726706	332	20.0
1609218993.76	20000	59.634416	0.0	707364	180	20.0
1609218994.47	20000	59.885294	0.0	796460	128	20.0
1609218995.65	20000	59.636313	0.0	596962	93	20.0
1609218996.4	20000	59.887447	0.0	947625	169	20.0
1609218997.79	20000	59.63843	0.0	832859	309	20.0
1609218998.41	20000	59.889406	0.0	151562	36	20.0
1609218999.49	20000	59.890444	0.0	90390	9	20.0
1609219000.55	20000	59.891442	0.0	50278	5	20.0
1609219001.6	20000	59.642455	0.0	26471	1	20.0
1609219002.64	20000	59.643445	0.0	40620	3	20.0
1609219002.99	4000	1.000999	0.053	334032	41	-1.06
1609219003.9	4000	1.378509	0.0	6594552	778	4.0
1609219004.93	16000	1.374539	0.0	8849724	888	4.0
1609219005.32	20000	1.988374	0.0	3191121	295	16.0
1609219005.54	20000	2.784421	0.0	1661718	142	20.0
1609219005.74	20000	3.590744	0.0	1315024	110	20.0
1609219005.87	20000	4.454892	0.0	698359	57	20.0
1609219006.01	20000	5.315298	0.0	730082	60	20.0
1609219006.45	20000	5.880633	0.0	4047415	340	20.0
1609219006.72	20000	6.613161	0.0	2863079	178	20.0
1609219007.07	20000	7.259044	0.0	4167844	259	20.0
1609219007.53	20000	7.806623	0.0	5571764	345	20.0
1609219007.92	20000	8.412849	0.0	4925652	294	20.0
1609219008.13	20000	9.208118	0.0	2030157	120	20.0
1609219008.35	20000	9.989698	0.0	2240782	133	20.0
1609219008.58	20000	10.760107	0.0	2211169	144	20.0
1609219008.68	20000	11.659463	0.0	382046	25	20.0
1609219008.83	20000	12.50665	0.0	1113969	74	20.0
1609219008.96	20000	13.37524	0.0	820127	54	20.0
1609219009.5	20000	13.839007	0.0	6357933	432	20.0
1609219009.95	20000	14.389477	0.0	4814284	348	20.0
1609219010.3	20000	15.041002	0.0	3419258	247	20.0
1609219010.73	20000	15.61458	0.0	3944328	326	20.0
1609219011.2	20000	16.144204	0.0	4284196	372	20.0
1609219011.56	20000	16.789794	0.0	3022025	263	20.0
1609219011.84	20000	17.502433	0.0	2248581	201	20.0
1609219012.89	20000	17.458475	0.0	9946363	907	20.0
1609219014.02	20000	17.333778	0.0	11684632	990	20.0
1609219014.24	20000	18.109535	0.0	1849732	141	20.0
1609219014.47	20000	18.877516	0.0	1942795	148	20.0
1609219014.77	20000	19.583047	0.0	1704756	211	20.0
1609219015.06	20000	20.291706	0.0	1697111	210	20.0
1609219015.33	20000	21.021389	0.0	1529441	188	20.0
1609219015.58	20000	21.77973	0.0	1568649	160	20.0
1609219015.8	20000	22.553731	0.0	1677618	141	20.0
1609219016.0	20000	23.353583	0.0	1415096	119	20.0
