1608615172.74	4000	1.000999	0.125	60629	115	-4.0
1608615175.14	2000	1.433353	1.752	1072422	2378	-56.064
1608615177.64	2000	1.437418	1.502	1121405	2482	-46.064
1608615179.12	2000	1.439832	0.481	728514	1465	-13.392
1608615180.64	2000	1.419463	0.5	508013	1506	-14.0
1608615181.18	2000	1.876915	0.0	395538	531	2.0
1608615181.59	2000	2.463753	0.0	297276	401	2.0
1608615181.97	2000	3.092675	0.0	247728	360	2.0
1608615184.48	2000	1.578488	0.0	1172629	2500	2.0
1608615185.68	2000	1.425051	0.049	740561	1188	0.43199999999999994
1608615187.15	2000	1.475172	0.519	905521	1455	-14.608
1608615188.73	2000	1.4952	0.591	975494	1556	-16.912
1608615189.92	2000	1.336948	0.035	873443	1179	0.8799999999999999
1608615190.5	2000	1.752623	0.0	420093	572	2.0
1608615191.16	2000	2.099066	0.0	432386	642	2.0
1608615191.89	2000	2.372153	0.0	430845	715	2.0
1608615192.13	2000	3.134506	0.0	114664	228	2.0
1608615192.7	2000	3.564599	0.0	272444	560	2.0
1608615192.93	2000	4.328574	0.0	180836	225	2.0
1608615195.23	2000	3.034387	0.0	1138797	2279	2.0
1608615197.32	2000	1.940484	0.0	922146	2079	2.0
1608615198.43	2000	1.833425	0.0	760526	1094	2.0
1608615199.76	2000	1.502527	0.0	866360	1318	2.0
1608615201.11	2000	1.382259	0.223	821406	1330	-5.136
1608615202.0	2000	1.491269	0.0	576666	879	2.0
1608615202.56	2000	1.936042	0.0	399536	544	2.0
1608615207.77	2000	1.357432	3.636	2503359	5185	-114.352
1608615211.75	2000	1.495679	3.118	2158640	3961	-97.776
1608615212.03	2000	2.218909	0.0	352618	265	2.0
1608615212.33	2000	2.92286	0.0	355918	286	2.0
1608615212.61	2000	3.642846	0.0	335697	270	2.0
1608615212.88	2000	4.37588	0.0	336592	257	2.0
1608615213.52	4000	4.730362	0.0	769288	628	2.0
1608615214.16	4000	5.092187	0.0	779865	625	4.0
1608615214.85	4000	5.405692	0.0	838056	674	4.0
1608615215.44	4000	5.813523	0.0	709811	580	4.0
1608615216.37	4000	5.888819	0.0	997014	911	4.0
1608615216.93	4000	6.32717	0.0	576726	551	4.0
1608615217.33	4000	7.03456	0.0	481423	390	4.0
1608615217.96	4000	7.532152	0.0	753582	611	4.0
1608615218.96	4000	7.534619	0.0	1035369	982	4.0
1608615219.83	4000	7.658959	0.0	420196	863	4.0
1608615219.84	2000	7.651972	0.0	420196	863	0.0
1608615220.29	2000	8.200467	0.0	639392	440	2.0
1608615220.51	2000	8.987156	0.0	307952	201	2.0
1608615221.17	2000	9.331358	0.0	852435	641	2.0
1608615221.17	4000	9.322937	0.0	852435	641	2.0
1608615222.28	4000	9.216511	0.0	1116845	1092	4.0
1608615223.29	4000	9.204707	0.0	770196	998	4.0
1608615224.32	4000	9.181382	0.0	678418	1009	4.0
1608615224.32	2000	9.173566	0.0	678418	1009	0.0
1608615224.73	2000	9.767687	0.0	298688	396	2.0
1608615224.96	2000	10.537077	0.0	200752	220	2.0
1608615225.26	2000	11.244347	0.0	280436	282	2.0
1608615225.52	2000	11.97957	0.0	254413	252	2.0
1608615225.62	2000	12.884832	0.0	92084	85	2.0
1608615225.71	2000	13.796193	0.0	85090	80	2.0
1608615226.13	2000	14.373906	0.0	285433	412	2.0
1608615227.02	2000	14.483512	0.0	361866	878	2.0
1608615227.61	2000	14.903059	0.0	347546	569	2.0
1608615228.19	2000	15.321707	0.0	396965	570	2.0
1608615228.56	2000	15.954228	0.0	264442	357	2.0
1608615228.84	2000	16.673685	0.0	201160	270	2.0
1608615229.34	2000	17.172373	0.0	227906	492	2.0
1608615230.05	2000	17.458721	0.0	301480	703	2.0
1608615230.73	2000	18.014367	0.0	401522	660	2.0
1608615231.2	2000	18.546633	0.0	296659	456	2.0
1608615231.71	2000	19.035217	0.0	306130	501	2.0
1608615232.17	2000	19.573547	0.0	320231	450	2.0
1608615232.88	2000	19.868511	0.0	505705	692	2.0
1608615233.64	2000	20.109868	0.0	560900	745	2.0
1608615234.34	2000	20.403641	0.0	477844	695	2.0
1608615235.31	2000	20.443798	0.0	593358	950	2.0
1608615236.11	2000	20.635685	0.0	552627	795	2.0
1608615236.49	2000	21.264993	0.0	356467	360	2.0
1608615236.8	2000	21.953364	0.0	298528	302	2.0
1608615237.2	2000	22.553269	0.0	372582	391	2.0
1608615237.72	2000	23.035908	0.0	432861	507	2.0
1608615238.94	2000	22.819967	0.0	576027	1204	2.0
1608615241.01	2000	21.747646	0.0	2234357	2052	2.0
1608615241.94	2000	21.817886	0.0	560537	917	2.0
1608615243.03	2000	21.73275	0.0	577595	1074	2.0
1608615243.56	2000	22.195239	0.0	643057	525	2.0
1608615243.81	2000	22.946573	0.0	299663	238	2.0
1608615244.03	2000	23.728731	0.0	284317	209	2.0
1608615244.27	2000	24.49069	0.0	341921	227	2.0
1608615244.28	4000	24.483564	0.0	341921	227	2.0
1608615244.79	4000	24.97603	0.0	730895	497	4.0
1608615245.42	4000	25.342656	0.0	731159	620	4.0
1608615246.14	4000	25.620398	0.0	678447	710	4.0
1608615247.01	4000	25.755125	0.0	621176	853	4.0
1608615248.08	4000	25.683539	0.0	556204	1061	4.0
1608615249.03	4000	25.733771	0.0	568078	938	4.0
1608615249.04	2000	25.72697	0.0	568078	938	0.0
1608615249.98	2000	25.790244	0.0	462525	927	2.0
1608615251.0	2000	25.770318	0.0	845902	1008	2.0
1608615251.46	2000	26.310484	0.0	452278	447	2.0
1608615251.88	2000	26.889055	0.0	403995	411	2.0
1608615252.23	2000	27.541637	0.0	391858	337	2.0
1608615252.61	2000	28.168008	0.0	447328	362	2.0
1608615252.61	4000	28.161215	0.0	447328	362	2.0
1608615253.3	4000	28.470657	0.0	819353	680	4.0
1608615254.11	4000	28.661335	0.0	864484	796	4.0
1608615254.94	4000	28.832994	0.0	496044	816	4.0
1608615265.81	4000	38.985046	0.0	629131	576	4.0
1608615265.82	4000	38.97746	0.0	629131	576	4.0
1608615267.14	4000	38.658103	0.0	1204741	1307	4.0
1608615268.49	4000	38.312433	0.0	1227805	1331	4.0
1608615268.49	2000	38.305191	0.0	1227805	1331	0.0
1608615269.38	2000	38.641433	0.0	654640	869	2.0
1608615269.96	2000	39.060867	0.0	416970	568	2.0
1608615270.45	2000	39.565355	0.0	336627	484	2.0
1608615271.33	2000	39.692727	0.0	598150	861	2.0
1608615271.94	2000	40.075744	0.0	590759	605	2.0
1608615272.47	2000	40.555487	0.0	584579	508	2.0
1608615272.84	2000	41.187689	0.0	441665	355	2.0
1608615273.29	2000	41.73836	0.0	567172	437	2.0
1608615273.29	4000	41.730787	0.0	567172	437	2.0
1608615273.92	4000	42.109365	0.0	818102	608	4.0
1608615275.27	4000	41.756597	0.0	1450968	1338	4.0
1608615276.36	4000	41.663874	0.0	1535058	1077	4.0
1608615276.65	4000	42.37503	0.0	516135	277	4.0
1608615277.09	4000	42.937544	0.0	781150	425	4.0
1608615277.53	4000	43.496393	0.0	723162	428	4.0
1608615278.3	8000	43.727652	0.0	1175321	748	4.0
1608615279.45	8000	43.586713	0.0	1515596	1125	8.0
1608615280.66	8000	43.375603	0.0	1397801	1196	8.0
1608615280.66	4000	43.367924	0.0	1397801	1196	0.0
1608615281.9	4000	43.344675	0.0	1141486	1225	4.0
1608615284.24	4000	42.012562	0.0	1305395	2317	4.0
1608615284.24	2000	42.005733	0.0	1305395	2317	0.0
1608615284.47	2000	42.776049	0.0	335356	220	2.0
1608615284.62	2000	43.628608	0.0	213548	137	2.0
1608615284.86	2000	44.392273	0.0	339747	226	2.0
1608615284.87	4000	44.385511	0.0	339747	226	2.0
1608615285.45	4000	44.805093	0.0	705221	570	4.0
1608615286.69	4000	44.5664	0.0	905448	1227	4.0
1608615288.14	4000	44.116446	0.0	951381	1436	4.0
1608615289.06	4000	44.196013	0.0	663404	908	4.0
1608615289.07	2000	44.189129	0.0	663404	908	0.0
1608615289.5	2000	44.757948	0.0	415951	421	2.0
1608615289.64	2000	45.61418	0.0	156751	134	2.0
1608615289.81	2000	46.446058	0.0	181344	159	2.0
1608615289.94	2000	47.317754	0.0	138957	118	2.0
1608615289.95	4000	47.310743	0.0	138957	118	2.0
1608615290.29	4000	47.970644	0.0	385891	331	4.0
1608615290.74	4000	48.522852	0.0	375542	438	4.0
1608615290.82	4000	49.439444	0.0	71077	74	4.0
1608615290.87	4000	50.395366	0.0	37732	35	4.0
1608615290.9	4000	51.364955	0.0	26108	23	4.0
1608615290.92	4000	52.341258	0.0	20475	15	4.0
1608615290.95	4000	53.314904	0.0	22446	18	4.0
1608615290.96	4000	53.738735	0.0	8343	1	4.0
