1608625974.73	4000	1.000999	0.016	60629	5	-0.31999999999999984
1608625976.35	20000	1.495694	1.081	11007815	1472	-17.62
1608625977.51	20000	1.559454	0.0	8849724	1101	20.0
1608625977.95	20000	2.142897	0.0	3191121	412	20.0
1608625978.19	20000	2.929371	0.0	1661718	217	20.0
1608625978.38	20000	3.738733	0.0	1315024	170	20.0
1608625978.49	20000	4.631114	0.0	698359	90	20.0
1608625978.6	20000	5.520561	0.0	730082	94	20.0
1608625979.11	20000	6.015098	0.0	4047415	475	20.0
1608625979.47	20000	6.653606	0.0	2863079	335	20.0
1608625979.94	20000	7.185967	0.0	4167844	436	20.0
1608625980.54	20000	7.584236	0.0	5571764	564	20.0
1608625981.14	20000	7.984499	0.0	4925652	566	20.0
1608625981.4	20000	8.7264	0.0	2030157	236	20.0
1608625981.69	20000	9.446486	0.0	2240782	256	20.0
1608625981.95	20000	10.178124	0.0	2211169	245	20.0
1608625982.01	20000	11.123592	0.0	382046	41	20.0
1608625982.15	20000	11.985675	0.0	1113969	123	20.0
1608625982.26	20000	12.87913	0.0	820127	89	20.0
1608625982.94	20000	13.194373	0.0	6357933	640	20.0
1608625983.42	20000	13.715503	0.0	4814284	435	20.0
1608625983.77	20000	14.370415	0.0	3419258	317	20.0
1608625984.18	20000	14.958479	0.0	3944328	382	20.0
1608625984.63	20000	15.508231	0.0	4284196	415	20.0
1608625985.08	20000	16.062475	0.0	3022025	419	20.0
1608625985.42	20000	16.727312	0.0	2248581	311	20.0
1608625986.94	20000	16.20438	0.0	9946363	1449	20.0
1608625988.28	20000	15.864534	0.0	11684632	1269	20.0
1608625988.48	20000	16.661408	0.0	1849732	182	20.0
1608625988.69	20000	17.452033	0.0	1942795	189	20.0
1608625988.88	20000	18.274467	0.0	1704756	156	20.0
1608625989.05	20000	19.094543	0.0	1697111	154	20.0
1608625989.21	20000	19.936063	0.0	1529441	140	20.0
1608625989.38	20000	20.772759	0.0	1568649	143	20.0
1608625989.55	20000	21.597034	0.0	1677618	152	20.0
1608625989.7	20000	22.450629	0.0	1415096	128	20.0
1608625989.89	20000	23.258932	0.0	1894067	171	20.0
1608625990.02	20000	24.133359	0.0	1186604	106	20.0
1608625990.13	20000	25.020884	0.0	1068386	96	20.0
1608625990.31	20000	25.848658	0.0	1700843	153	20.0
1608625990.56	20000	26.594147	0.0	2536859	229	20.0
1608625991.0	20000	27.157575	0.0	4742872	400	20.0
1608625991.45	20000	27.710288	0.0	4955535	412	20.0
1608625991.58	20000	28.579357	0.0	1260540	103	20.0
1608625991.91	20000	29.2475	0.0	3605246	301	20.0
1608625992.17	20000	29.988747	0.0	2770338	232	20.0
1608625992.35	20000	30.811226	0.0	1855168	155	20.0
1608625992.51	20000	31.65163	0.0	1666915	139	20.0
1608625992.66	20000	32.503096	0.0	1555467	129	20.0
1608625992.77	20000	33.391921	0.0	1008919	94	20.0
1608625992.91	20000	34.25901	0.0	1227619	115	20.0
1608625993.02	20000	35.146826	0.0	1015853	95	20.0
1608625993.07	20000	36.098462	0.0	384076	34	20.0
1608625993.11	20000	37.059957	0.0	295687	26	20.0
1608625993.25	20000	37.916509	0.0	1328674	126	20.0
1608625993.42	20000	38.757498	0.0	1492829	141	20.0
1608625993.58	20000	39.5978	0.0	1484812	141	20.0
1608625993.77	20000	40.399549	0.0	1868314	177	20.0
1608625993.92	20000	41.261019	0.0	1253406	120	20.0
1608625994.03	20000	42.150095	0.0	887933	84	20.0
1608625994.16	20000	43.021327	0.0	1153403	109	20.0
1608625994.29	20000	43.884034	0.0	1249023	118	20.0
1608625994.45	20000	44.729047	0.0	1423973	136	20.0
1608625994.57	20000	45.611499	0.0	1060162	101	20.0
1608625994.69	20000	46.492272	0.0	1080597	102	20.0
1608625994.81	20000	47.368379	0.0	1156442	107	20.0
1608625995.04	20000	48.139789	0.0	2222640	205	20.0
1608625995.31	20000	48.875304	0.0	2587311	239	20.0
1608625995.53	20000	49.652581	0.0	2178351	200	20.0
1608625995.83	20000	50.353599	0.0	3121089	273	20.0
1608625996.1	20000	51.090525	0.0	2857420	235	20.0
1608625996.26	20000	51.928361	0.0	1702477	141	20.0
1608625996.41	20000	52.781983	0.0	1531670	125	20.0
1608625996.58	20000	53.608319	0.0	1863424	153	20.0
1608625996.78	20000	54.412313	0.0	1987392	174	20.0
1608625997.06	20000	55.133276	0.0	2505586	252	20.0
1608625998.07	20000	55.126282	0.0	9620218	946	20.0
1608625998.33	20000	55.865902	0.0	2561608	234	20.0
1608625998.69	20000	56.503179	0.0	3633991	332	20.0
1608625999.04	20000	57.158727	0.0	3324070	316	20.0
1608625999.2	20000	57.992818	0.0	1560020	146	20.0
1608625999.36	20000	58.839807	0.0	1429188	134	20.0
1608625999.55	20000	59.654363	0.0	1754144	165	20.0
1608626000.72	20000	59.587844	0.0	1626020	153	20.0
1608626001.37	20000	59.838802	0.0	1739228	125	20.0
1608626002.52	20000	59.834485	0.0	1722735	124	20.0
1608626003.64	20000	59.590827	0.0	1538145	106	20.0
1608626004.78	20000	59.591839	0.0	1473412	115	20.0
1608626005.42	20000	59.842808	0.0	1498968	115	20.0
1608626006.61	20000	59.59384	0.0	2247334	173	20.0
1608626007.46	20000	59.844803	0.0	3156442	315	20.0
1608626008.7	20000	59.595823	0.0	1895098	212	20.0
1608626009.4	20000	59.846815	0.0	1939135	184	20.0
1608626010.62	20000	59.597816	0.0	1842874	196	20.0
1608626011.39	20000	59.848813	0.0	2235830	240	20.0
1608626012.73	20000	59.599824	0.0	2202171	320	20.0
1608626013.56	20000	59.850815	0.0	2242042	300	20.0
1608626014.72	20000	59.601837	0.0	1081763	142	20.0
1608626015.25	20000	59.966826	0.0	2409013	505	20.0
1608626016.63	20000	59.603815	0.0	1615028	361	20.0
1608626017.39	20000	59.854809	0.0	1413467	238	20.0
1608626018.62	20000	59.605852	0.0	1632450	204	20.0
1608626019.48	20000	59.741555	0.0	5664827	816	20.0
1608626020.71	20000	59.60783	0.0	4578115	698	20.0
1608626021.57	20000	59.858818	0.0	1783835	328	20.0
1608626022.82	20000	59.609837	0.0	1093613	224	20.0
1608626023.5	20000	59.860814	0.0	975642	161	20.0
1608626024.79	20000	59.611839	0.0	1658005	269	20.0
1608626025.71	20000	59.61274	0.0	3055257	384	20.0
1608626026.47	20000	59.753986	0.0	5355572	722	20.0
1608626027.45	20000	59.86482	0.0	3278424	446	20.0
1608626028.81	20000	59.61584	0.0	2318501	332	20.0
1608626029.62	20000	59.616818	0.0	2473561	279	20.0
1608626030.84	20000	59.617823	0.0	1730311	199	20.0
1608626031.56	20000	59.851011	0.0	1455812	197	20.0
1608626032.49	20000	59.86981	0.0	2869222	402	20.0
1608626033.61	20000	59.620834	0.0	3226650	589	20.0
1608626034.26	20000	59.980151	0.0	2705936	613	20.0
1608626035.48	20000	59.872796	0.0	2998622	692	20.0
1608626036.8	20000	59.623831	0.0	2928342	290	20.0
1608626037.52	20000	59.874871	0.0	3059979	194	20.0
1608626038.73	20000	59.625831	0.0	3367422	184	20.0
1608626039.85	20000	59.626824	0.0	1950694	96	20.0
1608626040.45	20000	59.877862	0.0	1541020	78	20.0
1608626041.64	20000	59.628828	0.0	2926720	161	20.0
1608626042.83	20000	59.629841	0.0	2991202	163	20.0
1608626043.52	20000	59.880823	0.0	3002106	159	20.0
1608626044.68	20000	59.631819	0.0	2015412	135	20.0
1608626045.43	20000	59.882812	0.0	2894863	215	20.0
1608626046.6	20000	59.883819	0.0	2185316	145	20.0
1608626047.84	20000	59.634836	0.0	3370605	214	20.0
1608626048.62	20000	59.635843	0.0	3492243	248	20.0
1608626049.74	20000	59.636845	0.0	1307592	99	20.0
1608626050.41	20000	59.887805	0.0	1881404	139	20.0
1608626051.59	20000	59.888819	0.0	1806471	156	20.0
1608626052.78	20000	59.639837	0.0	1945842	165	20.0
1608626053.51	20000	59.890823	0.0	2538877	209	20.0
1608626054.72	20000	59.641839	0.0	2298557	174	20.0
1608626055.46	20000	59.892821	0.0	2831497	212	20.0
1608626056.74	20000	59.643836	0.0	3200905	242	20.0
1608626057.41	20000	59.894817	0.0	2180586	149	20.0
1608626058.63	20000	59.645831	0.0	1500505	194	20.0
1608626059.85	20000	59.646821	0.0	1939246	194	20.0
1608626060.51	20000	59.8978	0.0	1599193	140	20.0
1608626061.77	20000	59.648821	0.0	2364826	234	20.0
1608626062.68	20000	59.649832	0.0	2517454	384	20.0
1608626063.37	20000	59.900818	0.0	1883143	174	20.0
1608626064.51	20000	59.901818	0.0	1726706	103	20.0
1608626065.57	20000	59.902788	0.0	707364	43	20.0
1608626066.64	20000	59.65383	0.0	796460	53	20.0
1608626067.7	20000	59.654815	0.0	596962	38	20.0
1608626068.78	20000	59.65583	0.0	947625	58	20.0
1608626069.85	20000	59.656833	0.0	832859	47	20.0
1608626070.37	20000	59.907782	0.0	151562	8	20.0
1608626071.39	20000	59.908815	0.0	90390	4	20.0
1608626072.41	20000	59.909775	0.0	50278	1	20.0
1608626073.42	20000	59.910805	0.0	26471	1	20.0
1608626074.44	20000	59.911805	0.0	40620	2	20.0
1608626074.8	4000	1.000999	0.054	334032	43	-1.08
1608626076.36	20000	1.331963	0.614	11007815	1466	-8.28
1608626077.64	20000	1.310196	0.227	8849724	1223	15.46
1608626078.11	20000	1.868246	0.0	3191121	436	20.0
1608626078.42	20000	2.560525	0.0	1661718	286	20.0
1608626078.69	20000	3.289601	0.0	1315024	252	20.0
1608626078.84	20000	4.14221	0.0	698359	132	20.0
1608626078.99	20000	4.987935	0.0	730082	139	20.0
1608626080.36	20000	4.622106	0.0	4047415	1334	20.0
1608626081.03	20000	4.949547	0.0	2863079	644	20.0
1608626082.41	20000	4.5686	0.0	4167844	1346	20.0
1608626083.17	20000	4.811273	0.0	5571764	714	20.0
1608626084.23	20000	4.752343	0.0	4925652	1023	20.0
1608626084.54	20000	5.445131	0.0	2030157	285	20.0
1608626084.88	20000	6.10533	0.0	2240782	315	20.0
1608626085.22	20000	6.770271	0.0	2211169	311	20.0
1608626085.29	20000	7.694445	0.0	382046	61	20.0
1608626085.51	20000	8.477383	0.0	1113969	199	20.0
1608626085.68	20000	9.315535	0.0	820127	146	20.0
1608626086.47	20000	9.517833	0.0	6357933	751	20.0
1608626086.8	20000	10.193348	0.0	4814284	284	20.0
1608626087.04	20000	10.953894	0.0	3419258	200	20.0
1608626087.31	20000	11.681966	0.0	3944328	237	20.0
1608626087.64	20000	12.358803	0.0	4284196	289	20.0
1608626087.87	20000	13.128263	0.0	3022025	202	20.0
1608626088.04	20000	13.953583	0.0	2248581	150	20.0
1608626088.72	20000	14.289532	0.0	9946363	596	20.0
1608626089.5	20000	14.49741	0.0	11684632	711	20.0
1608626089.67	20000	15.331842	0.0	1849732	143	20.0
1608626089.84	20000	16.159627	0.0	1942795	151	20.0
1608626090.0	20000	17.005135	0.0	1704756	133	20.0
1608626090.15	20000	17.853415	0.0	1697111	132	20.0
1608626090.29	20000	18.71371	0.0	1529441	120	20.0
1608626090.47	20000	19.536904	0.0	1568649	154	20.0
1608626090.66	20000	20.350642	0.0	1677618	166	20.0
