1608610812.42	4000	1.000999	0.02	60629	10	-0.6400000000000001
1608610812.7	2000	1.778879	0.0	1072422	253	0.0
1608610812.99	2000	2.525296	0.0	1121405	271	2.0
1608610813.18	2000	3.33519	0.0	728514	174	2.0
1608610813.31	2000	4.206911	0.0	508013	117	2.0
1608610813.41	2000	5.102371	0.0	395538	93	2.0
1608610813.49	2000	6.0229	0.0	297276	69	2.0
1608610813.56	4000	6.958078	0.0	222226	51	2.0
1608610813.87	4000	7.647411	0.0	1213073	298	4.0
1608610814.23	8000	8.291164	0.0	1382199	336	4.0
1608610814.65	8000	8.870886	0.0	2052265	400	8.0
1608610815.26	8000	9.264227	0.0	3005823	583	8.0
1608610815.77	8000	9.754119	0.0	2879726	489	8.0
1608610816.06	12000	10.457998	0.0	1630440	275	8.0
1608610816.41	12000	11.110492	0.0	1712120	331	12.0
1608610816.94	16000	11.585205	0.0	2211169	503	12.0
1608610817.03	16000	12.491401	0.0	382046	83	16.0
1608610817.29	16000	13.231701	0.0	1113969	247	16.0
1608610817.49	16000	14.038257	0.0	820127	181	16.0
1608610818.83	16000	13.696114	0.0	6357933	1296	16.0
1608610820.01	16000	13.741025	0.0	4814284	1143	16.0
1608610821.26	16000	13.49784	0.0	3419258	1214	16.0
1608610822.45	16000	13.303031	0.0	3944328	1165	16.0
1608610824.65	16000	12.109847	0.0	4284196	2161	16.0
1608610825.61	16000	12.153286	0.0	3022025	932	16.0
1608610826.22	16000	12.540104	0.0	2248581	592	16.0
1608610828.98	16000	10.776604	0.0	9946363	2677	16.0
1608610830.43	12000	10.337251	0.0	9808342	1376	8.0
1608610830.63	12000	11.134258	0.0	1491397	185	12.0
1608610830.89	16000	11.869916	0.0	1942795	243	12.0
1608610831.13	16000	12.639396	0.0	1704756	212	16.0
1608610831.36	16000	13.407941	0.0	1697111	206	16.0
1608610831.55	16000	14.218595	0.0	1529441	172	16.0
1608610831.74	16000	15.024872	0.0	1568649	176	16.0
1608610831.95	20000	15.817849	0.0	1677618	189	16.0
1608610832.13	20000	16.641582	0.0	1415096	159	20.0
1608610832.37	20000	17.406277	0.0	1894067	214	20.0
1608610832.53	20000	18.242879	0.0	1186604	146	20.0
1608610832.68	20000	19.095813	0.0	1068386	132	20.0
1608610832.91	20000	19.868255	0.0	1700843	210	20.0
1608610833.24	20000	20.531161	0.0	2536859	315	20.0
1608610833.87	20000	20.908629	0.0	4742872	588	20.0
1608610834.51	20000	21.267429	0.0	4955535	606	20.0
1608610834.68	20000	22.105765	0.0	1260540	145	20.0
1608610835.13	20000	22.653006	0.0	3605246	418	20.0
1608610835.5	20000	23.279413	0.0	2770338	349	20.0
1608610835.79	20000	23.989263	0.0	1855168	270	20.0
1608610836.05	20000	24.72826	0.0	1666915	242	20.0
1608610836.3	20000	25.484095	0.0	1555467	226	20.0
1608610836.47	20000	26.309769	0.0	1008919	159	20.0
1608610836.7	20000	27.088769	0.0	1227619	205	20.0
1608610836.88	20000	27.905222	0.0	1015853	169	20.0
1608610836.96	20000	28.831355	0.0	384076	62	20.0
1608610837.02	20000	29.771562	0.0	295687	47	20.0
1608610837.26	20000	30.534118	0.0	1328674	222	20.0
1608610837.51	20000	31.283254	0.0	1492829	233	20.0
1608610837.75	20000	32.041127	0.0	1484812	225	20.0
1608610838.06	20000	32.737437	0.0	1868314	284	20.0
1608610838.26	20000	33.531147	0.0	1253406	190	20.0
1608610838.41	20000	34.383371	0.0	887933	132	20.0
1608610838.6	20000	35.190688	0.0	1153403	175	20.0
1608610838.81	20000	35.984123	0.0	1249023	190	20.0
1608610839.05	20000	36.749419	0.0	1423973	218	20.0
1608610839.23	20000	37.571942	0.0	1060162	161	20.0
1608610839.4	20000	38.398012	0.0	1080597	159	20.0
1608610839.57	20000	39.231528	0.0	1156442	147	20.0
1608610839.88	20000	39.922456	0.0	2222640	286	20.0
1608610840.24	20000	40.565141	0.0	2587311	333	20.0
1608610840.51	20000	41.288481	0.0	2178351	255	20.0
1608610840.89	20000	41.919669	0.0	3121089	341	20.0
1608610841.22	20000	42.581948	0.0	2857420	312	20.0
1608610841.44	20000	43.367429	0.0	1702477	196	20.0
1608610841.68	20000	44.122996	0.0	1531670	226	20.0
1608610841.98	20000	44.827293	0.0	1863424	276	20.0
1608610842.3	20000	45.513132	0.0	1987392	294	20.0
1608610842.65	20000	46.16038	0.0	2505586	330	20.0
1608610843.78	20000	46.029523	0.0	9620218	1073	20.0
1608610844.04	20000	46.776961	0.0	2561608	229	20.0
1608610844.39	20000	47.423396	0.0	3633991	325	20.0
1608610844.77	20000	48.040221	0.0	3324070	358	20.0
1608610844.96	20000	48.855529	0.0	1560020	168	20.0
1608610845.13	20000	49.685657	0.0	1429188	153	20.0
1608610845.34	20000	50.478154	0.0	1754144	188	20.0
1608610845.62	20000	51.194496	0.0	1626020	264	20.0
1608610845.98	20000	51.841879	0.0	1739228	335	20.0
1608610846.33	20000	52.491545	0.0	1722735	332	20.0
1608610846.99	20000	52.83511	0.0	1538145	638	20.0
1608610847.66	20000	53.157951	0.0	1473412	659	20.0
1608610848.26	20000	53.565717	0.0	1498968	576	20.0
1608610848.71	20000	54.116034	0.0	2247334	428	20.0
1608610849.2	20000	54.6242	0.0	3156442	465	20.0
1608610849.49	20000	55.333305	0.0	1895098	270	20.0
1608610849.77	20000	56.059787	0.0	1939135	255	20.0
1608610850.03	20000	56.797245	0.0	1842874	242	20.0
1608610850.35	20000	57.480571	0.0	2235830	295	20.0
1608610850.73	20000	58.097454	0.0	2202171	360	20.0
1608610851.15	20000	58.680298	0.0	2242042	396	20.0
1608610851.36	20000	59.474417	0.0	1081763	189	20.0
1608610851.85	20000	59.988199	0.0	2409013	463	20.0
1608610853.18	20000	59.853762	0.0	1615028	318	20.0
1608610854.47	20000	59.604742	0.0	1413467	262	20.0
1608610854.85	20000	59.986374	0.0	1632450	364	20.0
1608610856.2	20000	59.634274	0.0	5664827	1311	20.0
1608610857.28	20000	59.559146	0.0	4578115	1042	20.0
1608610858.26	20000	59.608825	0.0	1783835	460	20.0
1608610859.2	20000	59.859739	0.0	1093613	419	20.0
1608610860.25	20000	59.610713	0.0	975642	535	20.0
1608610861.3	20000	59.611751	0.0	1658005	526	20.0
1608610861.96	20000	59.882257	0.0	3055257	634	20.0
1608610863.08	20000	59.761028	0.0	5355572	1086	20.0
1608610864.35	20000	59.614789	0.0	3278424	734	20.0
1608610865.02	20000	59.828401	0.0	2318501	649	20.0
1608610866.28	20000	59.616693	0.0	2473561	736	20.0
1608610867.33	20000	59.617738	0.0	1730311	525	20.0
1608610868.33	20000	59.618748	0.0	1455812	480	20.0
1608610869.53	20000	59.322016	0.0	2869222	1178	20.0
1608610870.74	20000	59.106286	0.0	3226650	1190	20.0
1608610871.44	20000	59.411639	0.0	2705936	671	20.0
1608610872.05	20000	59.799781	0.0	2998622	588	20.0
1608610873.13	20000	59.873881	0.0	2928342	547	20.0
1608610874.29	20000	59.62475	0.0	3059979	629	20.0
1608610874.98	20000	59.878284	0.0	3367422	662	20.0
1608610876.36	20000	59.62672	0.0	1950694	351	20.0
1608610877.11	20000	59.877858	0.0	1541020	236	20.0
1608610878.07	20000	59.878855	0.0	2926720	434	20.0
1608610879.0	20000	59.879844	0.0	2991202	408	20.0
1608610880.42	20000	59.630854	0.0	3002106	393	20.0
1608610881.19	20000	59.881722	0.0	2015412	244	20.0
1608610882.03	20000	59.882857	0.0	2894863	315	20.0
1608610883.36	20000	59.633749	0.0	2185316	313	20.0
1608610884.31	20000	59.634731	0.0	3370605	420	20.0
1608610885.2	20000	59.885788	0.0	3492243	357	20.0
1608610886.35	20000	59.636756	0.0	1307592	129	20.0
1608610887.05	20000	59.88789	0.0	1881404	178	20.0
1608610888.24	20000	59.63885	0.0	1806471	179	20.0
1608610889.48	20000	59.639834	0.0	1945842	211	20.0
1608610889.91	20000	59.961639	0.0	2538877	411	20.0
1608610891.43	20000	59.641825	0.0	2298557	496	20.0
1608610892.13	20000	59.740432	0.0	2831497	682	20.0
1608610893.26	20000	59.643741	0.0	3200905	594	20.0
1608610894.11	20000	59.894748	0.0	2180586	335	20.0
1608610895.11	20000	59.895856	0.0	1500505	477	20.0
1608610896.33	20000	59.646813	0.0	1939246	684	20.0
1608610897.3	20000	59.647747	0.0	1599193	452	20.0
1608610898.37	20000	59.648731	0.0	2364826	545	20.0
1608610899.31	20000	59.649838	0.0	2517454	413	20.0
1608610900.09	20000	59.900708	0.0	1883143	265	20.0
1608610901.35	20000	59.651826	0.0	1726706	233	20.0
1608610902.46	20000	59.652762	0.0	707364	96	20.0
1608610903.11	20000	59.903806	0.0	796460	137	20.0
1608610904.31	20000	59.654817	0.0	596962	176	20.0
1608610905.28	20000	59.655753	0.0	947625	457	20.0
1608610906.11	20000	59.906754	0.0	832859	316	20.0
1608610907.16	20000	59.907848	0.0	151562	34	20.0
1608610908.19	20000	59.908849	0.0	90390	15	20.0
1608610909.21	20000	59.909794	0.0	50278	6	20.0
1608610910.22	20000	59.910799	0.0	26471	1	20.0
1608610911.24	20000	59.661857	0.0	40620	3	20.0
1608610911.58	4000	1.000999	0.057	335737	45	-1.8239999999999998
1608610911.76	2000	2.001999	0.0	1072422	152	0.0
1608610911.93	2000	2.929131	0.0	1121405	153	2.0
1608610912.05	2000	3.81641	0.0	728514	99	2.0
1608610912.13	2000	4.734951	0.0	508013	69	2.0
1608610912.19	2000	5.669838	0.0	395538	53	2.0
1608610912.25	4000	6.617769	0.0	274373	36	2.0
1608610912.29	4000	7.576661	0.0	222226	30	4.0
1608610912.57	8000	8.295453	0.0	1838971	254	4.0
1608610912.79	8000	9.076384	0.0	1382199	190	8.0
1608610913.02	8000	9.850581	0.0	2052265	205	8.0
1608610913.46	12000	10.412329	0.0	4074608	402	8.0
1608610913.86	12000	11.009817	0.0	3844696	377	12.0
1608610914.08	16000	11.794571	0.0	2030157	193	12.0
1608610914.31	16000	12.564497	0.0	2240782	212	16.0
1608610914.54	16000	13.33675	0.0	2211169	210	16.0
1608610914.58	16000	14.29155	0.0	382046	35	16.0
1608610914.7	16000	15.175119	0.0	1113969	104	16.0
1608610914.79	20000	16.086897	0.0	820127	77	16.0
1608610915.54	20000	16.34102	0.0	6357933	703	20.0
1608610916.07	20000	16.805499	0.0	4814284	505	20.0
1608610916.43	20000	17.448867	0.0	3419258	331	20.0
1608610916.84	20000	18.041403	0.0	3944328	382	20.0
1608610917.24	20000	18.642893	0.0	4284196	371	20.0
1608610917.53	20000	19.352568	0.0	3022025	267	20.0
1608610917.75	20000	20.138747	0.0	2248581	194	20.0
1608610918.65	20000	20.451487	0.0	9946363	833	20.0
1608610919.75	20000	20.356206	0.0	11684632	1025	20.0
1608610919.94	20000	21.16834	0.0	1849732	168	20.0
1608610920.15	20000	21.955458	0.0	1942795	189	20.0
1608610920.33	20000	22.772066	0.0	1704756	166	20.0
1608610920.52	20000	23.58917	0.0	1697111	166	20.0
1608610920.69	20000	24.423167	0.0	1529441	149	20.0
1608610920.86	20000	25.2518	0.0	1568649	152	20.0
1608610921.1	20000	26.013381	0.0	1677618	219	20.0
