1608538038.36	4000	1.000999	0.017	60629	7	-0.544
1608538040.23	20000	1.28334	1.122	11007815	1774	-31.904000000000003
1608538041.61	12000	1.388467	0.155	9061343	1315	-0.96
1608538041.91	8000	2.081607	0.0	1798447	281	4.0
1608538042.08	8000	2.941516	0.0	946554	147	8.0
1608538042.21	8000	3.808969	0.0	768486	118	8.0
1608538042.27	8000	4.746255	0.0	398693	51	8.0
1608538042.39	16000	5.633892	0.0	730082	96	8.0
1608538042.97	20000	6.061026	0.0	4047415	543	16.0
1608538043.36	20000	6.664586	0.0	2863079	367	20.0
1608538043.89	20000	7.136684	0.0	4167844	496	20.0
1608538044.63	20000	7.400146	0.0	5571764	698	20.0
1608538045.32	16000	7.711288	0.0	4925652	652	12.0
1608538045.62	16000	8.412869	0.0	2030157	278	16.0
1608538045.95	16000	9.083539	0.0	2240782	308	16.0
1608538046.27	16000	9.760887	0.0	2211169	301	16.0
1608538046.33	16000	10.703653	0.0	382046	45	16.0
1608538046.48	20000	11.552491	0.0	1113969	137	16.0
1608538046.59	20000	12.439184	0.0	820127	98	20.0
1608538047.41	20000	12.623682	0.0	6357933	774	20.0
1608538048.0	20000	13.039336	0.0	4814284	550	20.0
1608538048.43	20000	13.606593	0.0	3419258	400	20.0
1608538048.95	20000	14.0852	0.0	3944328	491	20.0
1608538049.5	16000	14.534095	0.0	4284196	518	12.0
1608538049.89	16000	15.152436	0.0	3022025	355	16.0
1608538050.17	16000	15.866847	0.0	2248581	263	16.0
1608538051.25	20000	15.790773	0.0	9946363	1013	16.0
1608538052.43	16000	15.617272	0.0	11684632	1100	12.0
1608538052.64	16000	16.407951	0.0	1849732	180	16.0
1608538052.85	16000	17.198247	0.0	1942795	190	16.0
1608538053.03	16000	18.012631	0.0	1704756	167	16.0
1608538053.22	16000	18.828327	0.0	1697111	166	16.0
1608538053.4	20000	19.648878	0.0	1529441	162	16.0
1608538053.59	20000	20.453365	0.0	1568649	178	20.0
1608538053.8	20000	21.24406	0.0	1677618	190	20.0
1608538053.98	20000	22.068038	0.0	1415096	160	20.0
1608538054.22	20000	22.833576	0.0	1894067	215	20.0
1608538054.37	20000	23.686138	0.0	1186604	132	20.0
1608538054.5	20000	24.551474	0.0	1068386	119	20.0
1608538054.71	20000	25.342825	0.0	1700843	191	20.0
1608538055.03	20000	26.029374	0.0	2536859	284	20.0
1608538055.55	20000	26.503908	0.0	4742872	490	20.0
1608538056.06	20000	27.001143	0.0	4955535	469	20.0
1608538056.19	20000	27.867623	0.0	1260540	118	20.0
1608538056.56	20000	28.503734	0.0	3605246	337	20.0
1608538056.84	20000	29.223578	0.0	2770338	257	20.0
1608538057.03	20000	30.033169	0.0	1855168	172	20.0
1608538057.2	20000	30.861285	0.0	1666915	154	20.0
1608538057.37	20000	31.698408	0.0	1555467	146	20.0
1608538057.48	20000	32.584852	0.0	1008919	99	20.0
1608538057.62	20000	33.44694	0.0	1227619	122	20.0
1608538057.73	20000	34.333558	0.0	1015853	99	20.0
1608538057.78	20000	35.285996	0.0	384076	36	20.0
1608538057.83	20000	36.247427	0.0	295687	28	20.0
1608538057.97	20000	37.095023	0.0	1328674	130	20.0
1608538058.14	20000	37.930216	0.0	1492829	147	20.0
1608538058.3	20000	38.767836	0.0	1484812	147	20.0
1608538058.53	20000	39.543091	0.0	1868314	206	20.0
1608538058.68	20000	40.388294	0.0	1253406	139	20.0
1608538058.8	20000	41.276355	0.0	887933	98	20.0
1608538058.94	20000	42.132281	0.0	1153403	128	20.0
1608538059.1	20000	42.977555	0.0	1249023	138	20.0
1608538059.28	20000	43.801736	0.0	1423973	158	20.0
1608538059.41	20000	44.664908	0.0	1060162	121	20.0
1608538059.56	20000	45.521154	0.0	1080597	128	20.0
1608538059.71	20000	46.368795	0.0	1156442	137	20.0
1608538060.0	20000	47.081895	0.0	2222640	265	20.0
1608538060.33	20000	47.749728	0.0	2587311	309	20.0
1608538060.59	20000	48.494091	0.0	2178351	233	20.0
1608538060.95	20000	49.133987	0.0	3121089	335	20.0
1608538061.28	20000	49.802739	0.0	2857420	307	20.0
1608538061.48	20000	50.604161	0.0	1702477	178	20.0
1608538061.66	20000	51.423918	0.0	1531670	160	20.0
1608538061.88	20000	52.207805	0.0	1863424	195	20.0
1608538062.11	20000	52.977971	0.0	1987392	208	20.0
1608538062.4	20000	53.690772	0.0	2505586	264	20.0
1608538063.51	20000	53.584174	0.0	9620218	1047	20.0
1608538063.8	20000	54.287774	0.0	2561608	273	20.0
1608538064.22	20000	54.870429	0.0	3633991	387	20.0
1608538064.62	20000	55.475893	0.0	3324070	367	20.0
1608538064.81	16000	56.282809	0.0	1560020	175	12.0
1608538064.99	20000	57.103798	0.0	1429188	161	16.0
1608538065.21	20000	57.886097	0.0	1754144	198	20.0
1608538065.42	20000	58.678473	0.0	1626020	178	20.0
1608538065.63	20000	59.466269	0.0	1739228	191	20.0
1608538066.34	20000	59.85844	0.0	1722735	189	20.0
1608538067.52	20000	59.609423	0.0	1538145	161	20.0
1608538068.7	20000	59.610426	0.0	1473412	157	20.0
1608538069.4	20000	59.861432	0.0	1498968	175	20.0
1608538070.73	20000	59.61244	0.0	2247334	314	20.0
1608538071.17	20000	59.938809	0.0	3156442	403	20.0
1608538072.43	20000	59.86442	0.0	1895098	241	20.0
1608538073.71	20000	59.615425	0.0	1939135	252	20.0
1608538074.5	20000	59.61643	0.0	1842874	273	20.0
1608538075.36	20000	59.867427	0.0	2235830	335	20.0
1608538076.69	20000	59.618449	0.0	2202171	310	20.0
1608538077.56	20000	59.619463	0.0	2242042	341	20.0
1608538078.25	20000	59.870454	0.0	1081763	173	20.0
1608538079.66	20000	59.621441	0.0	2409013	392	20.0
1608538080.44	20000	59.872418	0.0	1615028	256	20.0
1608538081.68	20000	59.623417	0.0	1413467	226	20.0
1608538082.52	20000	59.624426	0.0	1632450	318	20.0
1608538083.6	20000	59.515393	0.0	5664827	1035	20.0
1608538084.39	16000	59.732403	0.0	4578115	748	12.0
1608538085.66	12000	59.62744	0.0	1412347	238	8.0
1608538086.35	12000	59.87844	0.0	909953	174	12.0
1608538087.51	12000	59.629431	0.0	808459	151	12.0
1608538088.32	12000	59.880435	0.0	1370506	290	12.0
1608538089.58	16000	59.631425	0.0	3055257	726	12.0
1608538090.76	16000	59.368408	0.0	5355572	1136	16.0
1608538091.16	8000	59.969098	0.0	1820110	377	0.0
1608538092.47	8000	59.884438	0.0	1448467	299	8.0
1608538093.3	8000	59.885437	0.0	1521463	305	8.0
1608538094.52	8000	59.636435	0.0	1006183	202	8.0
1608538095.73	12000	59.637426	0.0	1134985	194	8.0
1608538096.25	16000	59.884667	0.0	2869222	482	12.0
1608538097.32	16000	59.889434	0.0	3226650	547	16.0
1608538098.33	16000	59.890434	0.0	2705936	482	16.0
1608538099.4	16000	59.89144	0.0	2998622	548	16.0
1608538100.45	16000	59.874339	0.0	2928342	521	16.0
1608538101.39	12000	59.893438	0.0	2451277	413	8.0
1608538102.34	12000	59.894436	0.0	2690936	426	12.0
1608538103.6	12000	59.64543	0.0	1552444	237	12.0
1608538104.35	16000	59.896443	0.0	1541020	225	12.0
1608538105.29	16000	59.89743	0.0	2926720	417	16.0
1608538106.74	16000	59.648427	0.0	2991202	415	16.0
1608538107.19	16000	59.951748	0.0	3002106	417	16.0
1608538108.49	20000	59.650418	0.0	2015412	278	16.0
1608538109.44	20000	59.901445	0.0	2894863	424	20.0
1608538110.29	16000	59.902437	0.0	2185316	328	12.0
1608538111.32	16000	59.903439	0.0	3370605	496	16.0
1608538112.37	16000	59.904443	0.0	3492243	518	16.0
1608538113.59	16000	59.655415	0.0	1307592	205	16.0
1608538114.43	16000	59.888336	0.0	1881404	321	16.0
1608538115.27	16000	59.907418	0.0	1806471	316	16.0
1608538116.63	16000	59.658424	0.0	1945842	336	16.0
1608538117.58	16000	59.659421	0.0	2538877	422	16.0
1608538118.5	16000	59.660438	0.0	2298557	394	16.0
1608538119.58	16000	59.661425	0.0	2831497	554	16.0
1608538120.24	16000	59.914827	0.0	3200905	632	16.0
1608538121.6	12000	59.663438	0.0	1699891	331	8.0
1608538122.35	12000	59.914442	0.0	1171248	235	12.0
1608538123.73	12000	59.665419	0.0	1549070	356	12.0
1608538124.53	12000	59.66641	0.0	1299702	286	12.0
1608538125.58	16000	59.667431	0.0	2364826	520	12.0
1608538126.24	16000	59.916116	0.0	2517454	639	16.0
1608538127.66	12000	59.669424	0.0	1469635	392	8.0
1608538128.47	8000	59.902347	0.0	1011581	278	4.0
1608538129.6	8000	59.671429	0.0	422329	114	8.0
1608538130.29	12000	59.922437	0.0	622694	174	8.0
1608538131.45	12000	59.923445	0.0	449729	150	12.0
1608538132.71	16000	59.674429	0.0	947625	235	12.0
1608538133.37	16000	59.925424	0.0	832859	137	16.0
1608538134.4	20000	59.926435	0.0	151562	22	16.0
1608538135.43	20000	59.927439	0.0	90390	10	20.0
1608538136.45	16000	59.928427	0.0	50278	5	12.0
1608538137.46	12000	59.929424	0.0	24518	1	8.0
1608538138.48	8000	59.930444	0.0	26015	0	4.0
1608538138.8	4000	1.000999	0.016	60629	5	-0.512
1608538140.42	20000	1.283776	0.885	11007815	1529	-24.32
1608538141.61	16000	1.447715	0.026	8849724	1120	11.168
1608538141.85	8000	2.205058	0.0	1798447	216	0.0
1608538141.97	8000	3.085551	0.0	946554	103	8.0
1608538142.07	8000	3.988907	0.0	768486	83	8.0
1608538142.14	12000	4.937749	0.0	533454	58	8.0
1608538142.24	20000	5.840616	0.0	730082	79	12.0
1608538142.72	20000	6.36421	0.0	4047415	447	20.0
1608538143.04	20000	7.046975	0.0	2863079	293	20.0
1608538143.48	20000	7.599796	0.0	4167844	413	20.0
1608538144.07	20000	8.019078	0.0	5571764	544	20.0
1608538144.58	20000	8.515204	0.0	4925652	469	20.0
1608538144.8	20000	9.291131	0.0	2030157	192	20.0
1608538145.08	20000	10.011409	0.0	2240782	259	20.0
1608538145.37	20000	10.719498	0.0	2211169	270	20.0
1608538145.43	20000	11.662151	0.0	382046	44	20.0
1608538145.59	20000	12.511594	0.0	1113969	135	20.0
1608538145.7	20000	13.391917	0.0	820127	96	20.0
1608538146.55	20000	13.539573	0.0	6357933	813	20.0
1608538147.17	20000	13.928427	0.0	4814284	573	20.0
1608538147.57	20000	14.523111	0.0	3419258	377	20.0
1608538148.06	20000	15.037217	0.0	3944328	455	20.0
1608538148.64	16000	15.462096	0.0	4284196	540	12.0
1608538149.07	16000	16.029238	0.0	3022025	407	16.0
1608538149.43	16000	16.67139	0.0	2248581	337	16.0
1608538150.87	16000	16.231278	0.0	9946363	1377	16.0
1608538152.25	12000	15.853582	0.0	9808342	1315	8.0
1608538152.44	8000	16.663238	0.0	1127469	172	4.0
1608538152.7	12000	17.402716	0.0	1560434	239	8.0
1608538152.94	12000	18.168963	0.0	1396705	215	12.0
1608538153.21	12000	18.898918	0.0	1392963	252	12.0
1608538153.51	16000	19.600069	0.0	1529441	278	12.0
1608538153.81	20000	20.296444	0.0	1568649	285	16.0
