1608542407.94	4000	1.000999	0.021	60629	10	-0.41999999999999993
1608542408.25	2000	1.713299	0.0	1072422	247	0.0
1608542410.56	8000	1.458374	1.045	7078153	2235	-18.9
1608542411.24	20000	2.03658	0.0	3191121	655	8.0
1608542411.59	20000	2.855498	0.0	1661718	328	20.0
1608542411.85	20000	3.603075	0.0	1315024	233	20.0
1608542411.98	20000	4.469058	0.0	698359	118	20.0
1608542412.12	20000	5.330356	0.0	730082	124	20.0
1608542413.09	20000	5.357272	0.0	4047415	943	20.0
1608542414.04	20000	5.409911	0.0	2863079	922	20.0
1608542414.96	20000	5.489931	0.0	4167844	887	20.0
1608542417.78	20000	3.674028	0.0	5571764	2775	20.0
1608542420.6	20000	1.857382	0.0	4925652	2772	20.0
1608542421.34	20000	2.11154	0.0	2030157	724	20.0
1608542422.31	20000	2.15092	0.0	2240782	936	20.0
1608542423.78	20000	1.678225	0.0	2211169	1450	20.0
1608542424.13	20000	2.326605	0.0	382046	337	20.0
1608542424.99	20000	2.474229	0.0	1113969	836	20.0
1608542425.42	20000	3.039265	0.0	820127	419	20.0
1608542427.85	8000	1.611181	0.0	4001900	2384	-4.0
1608542429.79	8000	1.48396	0.814	3029729	1916	-8.280000000000001
1608542431.01	8000	1.298806	0.032	2083035	1195	7.36
1608542432.6	8000	1.331442	0.62	2281353	1565	-4.4
1608542433.99	8000	1.452477	0.513	2599148	1369	-2.26
1608542435.01	8000	1.466303	0.034	1926191	1000	7.32
1608542435.82	8000	1.66237	0.0	1427209	786	8.0
1608542436.89	2000	1.595254	0.0	2503359	1028	-4.0
1608542437.76	2000	1.717292	0.0	2158640	855	2.0
1608542438.88	20000	1.60635	0.0	1849732	1090	2.0
1608542439.49	20000	2.032706	0.0	1942795	596	20.0
1608542440.04	20000	2.674785	0.0	1704756	523	20.0
1608542440.6	20000	3.11466	0.0	1697111	540	20.0
1608542441.02	20000	3.692167	0.0	1529441	403	20.0
1608542441.38	20000	4.340909	0.0	1568649	333	20.0
1608542441.75	20000	4.965759	0.0	1677618	355	20.0
1608542442.03	20000	5.689649	0.0	1415096	256	20.0
1608542442.37	20000	6.347971	0.0	1894067	320	20.0
1608542442.59	20000	7.129719	0.0	1186604	200	20.0
1608542442.79	20000	7.93289	0.0	1068386	180	20.0
1608542443.15	20000	8.578249	0.0	1700843	333	20.0
1608542443.7	20000	9.027471	0.0	2536859	527	20.0
1608542445.93	20000	7.797733	0.0	4742872	2186	20.0
1608542447.98	20000	6.749821	0.0	4955535	2007	20.0
1608542448.61	20000	7.118618	0.0	1260540	611	20.0
1608542450.0	20000	6.732082	0.0	3605246	1356	20.0
1608542450.56	20000	7.169753	0.0	2770338	535	20.0
1608542450.95	20000	7.784687	0.0	1855168	362	20.0
1608542451.62	20000	8.107107	0.0	1666915	657	20.0
1608542452.16	20000	8.568449	0.0	1555467	518	20.0
1608542452.47	20000	9.265711	0.0	1008919	285	20.0
1608542452.84	20000	9.899105	0.0	1227619	349	20.0
1608542453.11	20000	10.626362	0.0	1015853	253	20.0
1608542453.21	20000	11.522246	0.0	384076	90	20.0
1608542453.3	20000	12.438928	0.0	295687	68	20.0
1608542453.64	20000	13.0982	0.0	1328674	322	20.0
1608542454.12	20000	13.623485	0.0	1492829	453	20.0
1608542454.95	20000	13.787926	0.0	1484812	816	20.0
1608542455.43	20000	14.310436	0.0	1868314	455	20.0
1608542455.76	20000	14.987847	0.0	1253406	304	20.0
1608542456.05	20000	15.69055	0.0	887933	270	20.0
1608542456.86	20000	15.880892	0.0	1153403	791	20.0
1608542457.33	20000	16.413675	0.0	1249023	449	20.0
1608542457.82	20000	16.924003	0.0	1423973	470	20.0
1608542458.29	20000	17.462339	0.0	1060162	444	20.0
1608542458.83	20000	17.921343	0.0	1080597	523	20.0
1608542459.19	20000	18.556243	0.0	1156442	346	20.0
1608542459.78	20000	18.973361	0.0	2222640	559	20.0
1608542460.4	20000	19.352001	0.0	2587311	596	20.0
1608542460.91	20000	19.840758	0.0	2178351	489	20.0
1608542461.7	20000	20.058013	0.0	3121089	755	20.0
1608542462.44	20000	20.311741	0.0	2857420	721	20.0
1608542462.91	20000	20.850824	0.0	1702477	441	20.0
1608542463.31	20000	21.44754	0.0	1531670	383	20.0
1608542463.8	20000	21.957084	0.0	1863424	468	20.0
1608542464.31	20000	22.44831	0.0	1987392	486	20.0
1608542464.95	20000	22.812047	0.0	2505586	611	20.0
1608542467.02	20000	21.742505	0.0	9620218	1987	20.0
1608542467.48	20000	22.278267	0.0	2561608	434	20.0
1608542468.12	20000	22.644487	0.0	3633991	602	20.0
1608542468.62	20000	23.139525	0.0	3324070	477	20.0
1608542468.87	20000	23.898876	0.0	1560020	222	20.0
1608542469.11	20000	24.650724	0.0	1429188	229	20.0
1608542469.53	20000	25.237923	0.0	1754144	393	20.0
1608542469.92	20000	25.854318	0.0	1626020	364	20.0
1608542470.38	20000	26.393347	0.0	1739228	439	20.0
1608542470.86	20000	26.913785	0.0	1722735	460	20.0
1608542471.17	20000	27.603463	0.0	1538145	289	20.0
1608542471.39	20000	28.38178	0.0	1473412	202	20.0
1608542471.61	20000	29.161128	0.0	1498968	200	20.0
1608542471.94	20000	29.83754	0.0	2247334	301	20.0
1608542472.39	20000	30.381534	0.0	3156442	427	20.0
1608542472.67	20000	31.103395	0.0	1895098	257	20.0
1608542472.96	20000	31.817846	0.0	1939135	264	20.0
1608542473.37	20000	32.409287	0.0	1842874	388	20.0
1608542473.96	20000	32.8244	0.0	2235830	562	20.0
1608542474.44	20000	33.340652	0.0	2202171	460	20.0
1608542474.92	20000	33.861548	0.0	2242042	454	20.0
1608542475.37	20000	34.411706	0.0	1081763	430	20.0
1608542476.56	20000	34.223023	0.0	2409013	1163	20.0
1608542477.09	20000	34.69357	0.0	1615028	510	20.0
1608542477.58	20000	35.199913	0.0	1413467	465	20.0
1608542478.36	20000	35.421361	0.0	1632450	756	20.0
1608542482.23	20000	32.559475	0.0	5664827	3815	20.0
1608542485.54	20000	30.251603	0.0	4578115	3271	20.0
1608542486.69	20000	30.100268	0.0	1783835	1129	20.0
1608542487.34	20000	30.447852	0.0	1093613	632	20.0
1608542487.93	20000	30.858994	0.0	975642	572	20.0
1608542488.98	20000	30.809875	0.0	1658005	1026	20.0
1608542492.06	20000	28.733729	0.0	3055257	3041	20.0
1608542497.41	20000	24.388249	0.0	5355572	5301	20.0
1608542498.04	20000	24.754479	0.0	3278424	606	20.0
1608542498.8	20000	25.00079	0.0	2318501	730	20.0
1608542499.57	20000	25.229216	0.0	2473561	745	20.0
1608542500.0	20000	25.798617	0.0	1730311	409	20.0
1608542500.32	20000	26.48001	0.0	1455812	300	20.0
1608542500.82	20000	26.977102	0.0	2869222	477	20.0
1608542501.33	20000	27.470585	0.0	3226650	478	20.0
1608542501.63	20000	28.172343	0.0	2705936	270	20.0
1608542501.96	20000	28.844609	0.0	2998622	300	20.0
1608542502.28	20000	29.523167	0.0	2928342	295	20.0
1608542502.64	20000	30.16497	0.0	3059979	330	20.0
1608542503.03	20000	30.771746	0.0	3367422	364	20.0
1608542503.27	20000	31.536873	0.0	1950694	212	20.0
1608542503.49	20000	32.319753	0.0	1541020	196	20.0
1608542503.89	20000	32.919286	0.0	2926720	375	20.0
1608542504.29	20000	33.519123	0.0	2991202	371	20.0
1608542504.6	20000	34.207934	0.0	3002106	284	20.0
1608542504.82	20000	34.994919	0.0	2015412	190	20.0
1608542505.12	20000	35.692695	0.0	2894863	274	20.0
1608542505.4	20000	36.414532	0.0	2185316	255	20.0
1608542505.93	20000	36.883863	0.0	3370605	500	20.0
1608542506.39	20000	37.42149	0.0	3492243	432	20.0
1608542506.53	20000	38.283201	0.0	1307592	111	20.0
1608542506.72	20000	39.098975	0.0	1881404	163	20.0
1608542506.9	20000	39.92154	0.0	1806471	156	20.0
1608542507.09	20000	40.732248	0.0	1945842	168	20.0
1608542507.35	20000	41.469785	0.0	2538877	238	20.0
1608542507.64	20000	42.181669	0.0	2298557	265	20.0
1608542508.0	20000	42.826364	0.0	2831497	328	20.0
1608542508.46	20000	43.359084	0.0	3200905	437	20.0
1608542508.9	20000	43.924873	0.0	2180586	410	20.0
1608542509.2	20000	44.622608	0.0	1500505	282	20.0
1608542509.55	20000	45.277705	0.0	1939246	322	20.0
1608542509.83	20000	45.997519	0.0	1599193	259	20.0
1608542510.24	20000	46.588441	0.0	2364826	385	20.0
1608542510.62	20000	47.21242	0.0	2517454	351	20.0
1608542510.9	20000	47.930328	0.0	1883143	260	20.0
1608542511.16	20000	48.670125	0.0	1726706	238	20.0
1608542511.27	20000	49.557996	0.0	707364	96	20.0
1608542511.45	20000	50.382557	0.0	796460	159	20.0
1608542511.59	20000	51.250085	0.0	596962	119	20.0
1608542511.8	20000	52.036206	0.0	947625	188	20.0
1608542511.98	20000	52.853755	0.0	832859	166	20.0
1608542512.02	20000	53.812871	0.0	151562	28	20.0
1608542512.05	20000	54.787666	0.0	90390	14	20.0
1608542512.07	20000	55.770901	0.0	50278	6	20.0
1608542512.08	20000	56.760036	0.0	26471	1	20.0
1608542512.09	20000	57.747216	0.0	40620	4	20.0
1608542512.11	8000	58.163071	3.079	11647	6	-61.58
1608542524.91	4000	1.000999	9.429	335737	12490	-188.58
1608542527.14	8000	1.281924	1.246	9869079	2132	-20.92
1608542528.57	20000	1.433305	0.55	8849724	1363	-3.0
1608542529.08	20000	1.949008	0.0	3191121	474	20.0
1608542529.35	20000	2.682384	0.0	1661718	245	20.0
1608542529.55	20000	3.477482	0.0	1315024	186	20.0
1608542529.67	20000	4.363147	0.0	698359	98	20.0
1608542529.79	20000	5.239515	0.0	730082	103	20.0
1608542530.41	20000	5.62692	0.0	4047415	581	20.0
1608542530.85	20000	6.181319	0.0	2863079	417	20.0
1608542531.49	20000	6.543468	0.0	4167844	603	20.0
1608542532.29	20000	6.741279	0.0	5571764	761	20.0
1608542533.03	20000	7.005086	0.0	4925652	701	20.0
1608542533.35	20000	7.692087	0.0	2030157	290	20.0
1608542533.7	20000	8.336159	0.0	2240782	333	20.0
1608542534.06	20000	8.980371	0.0	2211169	333	20.0
1608542534.13	20000	9.910846	0.0	382046	55	20.0
1608542534.32	20000	10.723123	0.0	1113969	172	20.0
1608542534.45	20000	11.589151	0.0	820127	117	20.0
1608542535.38	20000	11.662115	0.0	6357933	884	20.0
1608542536.32	20000	11.729679	0.0	4814284	897	20.0
1608542536.94	20000	12.110573	0.0	3419258	590	20.0
1608542537.63	20000	12.418786	0.0	3944328	661	20.0
1608542538.36	20000	12.68613	0.0	4284196	700	20.0
1608542538.89	20000	13.160214	0.0	3022025	500	20.0
1608542539.29	20000	13.764063	0.0	2248581	373	20.0
1608542541.05	20000	13.000266	0.0	9946363	1702	20.0
1608542543.18	20000	11.867872	0.0	11684632	2063	20.0
1608542543.49	20000	12.562721	0.0	1849732	277	20.0
1608542544.13	20000	12.92296	0.0	1942795	619	20.0
1608542544.6	20000	13.457264	0.0	1704756	445	20.0
1608542544.91	20000	14.149461	0.0	1697111	286	20.0
