1608608349.59	4000	1.000999	0.022	60629	13	-0.7039999999999997
1608608351.86	20000	1.489314	1.728	11007815	2170	-51.296
1608608352.93	8000	1.653016	0.0	7078153	1014	-4.0
1608608353.2	8000	2.481555	0.0	1798447	252	8.0
1608608353.35	8000	3.334515	0.0	946554	132	8.0
1608608353.48	8000	4.20241	0.0	768486	113	8.0
1608608353.55	8000	5.133766	0.0	398693	57	8.0
1608608353.67	20000	6.012195	0.0	730082	107	8.0
1608608354.31	20000	6.40226	0.0	4047415	608	20.0
1608608354.75	20000	6.964647	0.0	2863079	412	20.0
1608608355.38	20000	7.333759	0.0	4167844	599	20.0
1608608356.16	16000	7.552283	0.0	5571764	743	12.0
1608608356.88	16000	7.839513	0.0	4925652	676	16.0
1608608357.13	12000	8.591551	0.0	1630440	225	8.0
1608608357.46	16000	9.256946	0.0	2240782	312	12.0
1608608357.8	16000	9.919173	0.0	2211169	316	16.0
1608608357.87	16000	10.854375	0.0	382046	53	16.0
1608608358.04	20000	11.681052	0.0	1113969	158	16.0
1608608358.17	20000	12.551139	0.0	820127	115	20.0
1608608359.1	20000	12.621766	0.0	6357933	888	20.0
1608608359.8	20000	12.921229	0.0	4814284	667	20.0
1608608360.31	16000	13.416083	0.0	3419258	469	12.0
1608608360.88	16000	13.848554	0.0	3944328	538	16.0
1608608361.5	16000	14.23167	0.0	4284196	587	16.0
1608608361.87	12000	14.86204	0.0	2424462	344	8.0
1608608362.21	16000	15.517517	0.0	2248581	319	12.0
1608608363.68	16000	15.047858	0.0	9946363	1408	16.0
1608608365.02	12000	14.715546	0.0	9808342	1258	8.0
1608608365.18	8000	15.552663	0.0	1127469	140	4.0
1608608365.4	12000	16.336025	0.0	1560434	196	8.0
1608608365.64	12000	17.090039	0.0	1396705	228	12.0
1608608365.89	12000	17.845602	0.0	1392963	227	12.0
1608608366.16	16000	18.572829	0.0	1529441	250	12.0
1608608366.43	20000	19.304838	0.0	1568649	250	16.0
1608608366.69	20000	20.051466	0.0	1677618	235	20.0
1608608366.9	20000	20.836746	0.0	1415096	198	20.0
1608608367.19	20000	21.550824	0.0	1894067	266	20.0
1608608367.37	20000	22.369114	0.0	1186604	166	20.0
1608608367.52	20000	23.220309	0.0	1068386	125	20.0
1608608367.74	20000	23.999124	0.0	1700843	202	20.0
1608608368.07	20000	24.671411	0.0	2536859	303	20.0
1608608368.72	20000	25.029707	0.0	4742872	607	20.0
1608608369.45	20000	25.299395	0.0	4955535	694	20.0
1608608369.65	20000	26.099619	0.0	1260540	184	20.0
1608608370.21	16000	26.537899	0.0	3605246	532	12.0
1608608370.66	16000	27.103053	0.0	2770338	411	16.0
1608608370.96	16000	27.79473	0.0	1855168	278	16.0
1608608371.22	16000	28.526265	0.0	1666915	250	16.0
1608608371.47	20000	29.277172	0.0	1555467	231	16.0
1608608371.64	16000	30.113059	0.0	1008919	149	12.0
1608608371.84	20000	30.915749	0.0	1227619	182	16.0
1608608372.0	20000	31.750062	0.0	1015853	150	20.0
1608608372.07	20000	32.682702	0.0	384076	55	20.0
1608608372.13	20000	33.629948	0.0	295687	42	20.0
1608608372.34	20000	34.417834	0.0	1328674	198	20.0
1608608372.57	20000	35.186261	0.0	1492829	215	20.0
1608608372.8	20000	35.958224	0.0	1484812	211	20.0
1608608373.09	20000	36.672745	0.0	1868314	267	20.0
1608608373.28	20000	37.47979	0.0	1253406	177	20.0
1608608373.42	20000	38.340206	0.0	887933	125	20.0
1608608373.59	20000	39.172061	0.0	1153403	153	20.0
1608608373.77	20000	39.990542	0.0	1249023	166	20.0
1608608373.98	20000	40.785167	0.0	1423973	190	20.0
1608608374.14	20000	41.629101	0.0	1060162	140	20.0
1608608374.3	20000	42.470997	0.0	1080597	143	20.0
1608608374.47	20000	43.303587	0.0	1156442	151	20.0
1608608374.78	20000	43.994563	0.0	2222640	288	20.0
1608608375.14	20000	44.636019	0.0	2587311	336	20.0
1608608375.44	20000	45.33064	0.0	2178351	282	20.0
1608608375.87	20000	45.905348	0.0	3121089	402	20.0
1608608376.26	20000	46.512937	0.0	2857420	368	20.0
1608608376.5	20000	47.27507	0.0	1702477	218	20.0
1608608376.72	20000	48.053398	0.0	1531670	202	20.0
1608608376.99	20000	48.786509	0.0	1863424	247	20.0
1608608377.28	20000	49.502207	0.0	1987392	264	20.0
1608608377.63	20000	50.1485	0.0	2505586	330	20.0
1608608378.93	20000	49.849351	0.0	9620218	1239	20.0
1608608379.27	16000	50.514222	0.0	2561608	310	12.0
1608608379.73	16000	51.048229	0.0	3633991	435	16.0
1608608380.16	16000	51.623919	0.0	3324070	395	16.0
1608608380.38	16000	52.41314	0.0	1560020	184	16.0
1608608380.58	16000	53.212106	0.0	1429188	179	16.0
1608608380.84	20000	53.948409	0.0	1754144	242	16.0
1608608381.08	20000	54.706306	0.0	1626020	224	20.0
1608608381.34	20000	55.446169	0.0	1739228	240	20.0
1608608381.59	20000	56.196095	0.0	1722735	232	20.0
1608608381.82	20000	56.974395	0.0	1538145	203	20.0
1608608382.03	20000	57.760545	0.0	1473412	195	20.0
1608608382.25	20000	58.544555	0.0	1498968	198	20.0
1608608382.56	20000	59.229618	0.0	2247334	292	20.0
1608608382.97	20000	59.8214	0.0	3156442	380	20.0
1608608384.22	20000	59.603524	0.0	1895098	228	20.0
1608608384.81	20000	59.987374	0.0	1939135	565	20.0
1608608386.04	16000	59.855498	0.0	1842874	704	12.0
1608608387.26	8000	59.606506	0.0	1202900	191	0.0
1608608387.94	8000	59.857489	0.0	1236644	166	8.0
1608608389.2	8000	59.608482	0.0	1286142	233	8.0
1608608390.35	8000	59.609607	0.0	675899	134	8.0
1608608391.02	16000	59.787009	0.0	2409013	637	8.0
1608608392.43	16000	59.611615	0.0	1615028	393	16.0
1608608393.12	16000	59.862521	0.0	1413467	171	16.0
1608608394.34	16000	59.613396	0.0	1632450	198	16.0
1608608395.05	16000	59.75727	0.0	5664827	667	16.0
1608608396.14	16000	59.865555	0.0	4578115	556	16.0
1608608397.43	16000	59.616617	0.0	1783835	261	16.0
1608608398.11	20000	59.86765	0.0	1093613	171	16.0
1608608399.32	20000	59.618626	0.0	975642	187	20.0
1608608400.24	20000	59.61963	0.0	1658005	402	20.0
1608608400.99	16000	59.819639	0.0	3055257	727	12.0
1608608402.05	16000	59.762208	0.0	5355572	1021	16.0
1608608403.36	8000	59.622574	0.0	1820110	284	0.0
1608608404.08	8000	59.873549	0.0	1448467	199	8.0
1608608405.32	8000	59.624609	0.0	1521463	226	8.0
1608608406.05	12000	59.875509	0.0	1359018	200	8.0
1608608407.3	16000	59.626614	0.0	1455812	224	12.0
1608608408.3	20000	59.627512	0.0	2869222	474	16.0
1608608408.89	20000	59.932061	0.0	3226650	558	20.0
1608608410.39	16000	59.629591	0.0	2705936	479	12.0
1608608410.88	16000	59.942045	0.0	2998622	460	16.0
1608608412.32	16000	59.631517	0.0	2928342	417	16.0
1608608413.21	16000	59.632552	0.0	3059979	356	16.0
1608608414.11	16000	59.883527	0.0	3367422	369	16.0
1608608415.34	16000	59.634512	0.0	1950694	209	16.0
1608608416.03	20000	59.885604	0.0	1541020	177	16.0
1608608417.03	20000	59.886613	0.0	2926720	468	20.0
1608608418.03	20000	59.887513	0.0	2991202	466	20.0
1608608418.97	20000	59.888646	0.0	3002106	419	20.0
1608608420.33	20000	59.639635	0.0	2015412	341	20.0
1608608420.93	16000	59.900899	0.0	2894863	573	12.0
1608608422.42	16000	59.641502	0.0	2185316	465	16.0
1608608422.98	12000	59.856404	0.0	2744751	530	8.0
1608608424.03	12000	59.89362	0.0	2853458	532	12.0
1608608425.28	12000	59.644615	0.0	1012501	230	12.0
1608608426.28	12000	59.645498	0.0	1508766	480	12.0
1608608427.15	8000	59.896617	0.0	1081066	342	4.0
1608608428.01	8000	59.897542	0.0	1175321	346	8.0
1608608429.4	8000	59.648576	0.0	1515596	368	8.0
1608608430.19	8000	59.854014	0.0	1397801	265	8.0
1608608431.01	8000	59.900524	0.0	1735873	306	8.0
1608608432.0	12000	59.901577	0.0	2580724	461	8.0
1608608432.97	16000	59.902552	0.0	2180586	447	12.0
1608608434.39	16000	59.653636	0.0	1500505	394	16.0
1608608435.05	16000	59.797948	0.0	1939246	642	16.0
1608608436.39	8000	59.655519	0.0	1004408	324	0.0
1608608437.33	8000	59.656608	0.0	1393009	417	8.0
1608608438.11	8000	59.907607	0.0	1466703	263	8.0
1608608439.24	8000	59.658608	0.0	1060685	108	8.0
1608608440.34	8000	59.659547	0.0	1011581	87	8.0
1608608441.43	16000	59.660611	0.0	707364	60	8.0
1608608442.02	20000	59.911544	0.0	796460	69	16.0
1608608443.09	20000	59.912609	0.0	596962	63	20.0
1608608444.21	20000	59.66351	0.0	947625	97	20.0
1608608445.3	20000	59.664496	0.0	832859	74	20.0
1608608446.33	20000	59.665518	0.0	151562	12	20.0
1608608447.35	20000	59.666494	0.0	90390	6	20.0
1608608448.37	20000	59.667624	0.0	50278	2	20.0
1608608449.38	16000	59.668595	0.0	26471	3	12.0
1608608450.4	8000	59.669531	0.0	26015	3	0.0
1608608450.71	4000	1.000999	0.013	60629	4	-0.4159999999999999
1608608451.91	20000	1.281542	0.462	11007815	1107	-10.784
1608608454.58	16000	1.302367	1.447	8849724	2619	-34.304
1608608455.38	4000	1.569125	0.0	1043358	780	-8.0
1608608455.91	4000	2.044263	0.0	567502	510	4.0
1608608456.86	2000	2.091259	0.0	395538	938	0.0
1608608459.38	2000	1.258952	0.688	297276	2506	-20.016
1608608459.76	2000	1.883061	0.0	247728	365	2.0
1608608460.11	2000	2.527588	0.0	1172629	342	2.0
1608608460.22	2000	3.420055	0.0	740561	95	2.0
1608608460.35	2000	4.291125	0.0	905521	117	2.0
1608608460.49	2000	5.153054	0.0	975494	126	2.0
1608608460.89	8000	5.75105	0.0	2879726	376	2.0
1608608461.07	20000	6.572452	0.0	2030157	159	8.0
1608608461.22	20000	7.424983	0.0	2240782	130	20.0
1608608461.37	20000	8.278271	0.0	2211169	128	20.0
1608608461.4	20000	9.246584	0.0	382046	21	20.0
1608608461.48	20000	10.171164	0.0	1113969	64	20.0
1608608461.54	20000	11.112829	0.0	820127	47	20.0
1608608461.95	20000	11.70584	0.0	6357933	371	20.0
1608608462.26	20000	12.396446	0.0	4814284	281	20.0
1608608462.48	20000	13.173102	0.0	3419258	200	20.0
1608608462.74	20000	13.916094	0.0	3944328	230	20.0
1608608463.03	20000	14.630892	0.0	4284196	259	20.0
1608608463.31	20000	15.348598	0.0	3022025	259	20.0
1608608463.52	20000	16.138258	0.0	2248581	193	20.0
1608608464.6	20000	16.05556	0.0	9946363	1028	20.0
1608608466.4	20000	15.500426	0.0	11684632	1723	20.0
1608608466.65	12000	16.248649	0.0	1491397	226	4.0
1608608466.91	12000	16.993414	0.0	1560434	237	12.0
1608608467.12	12000	17.782363	0.0	1396705	193	12.0
1608608467.31	12000	18.587797	0.0	1392963	178	12.0
1608608467.53	16000	19.371081	0.0	1529441	196	12.0
1608608467.75	20000	20.151677	0.0	1568649	201	16.0
