1608523450.51	4000	1.000999	0.021	60629	11	-0.6720000000000002
1608523453.82	20000	1.481895	2.763	11007815	3215	-84.416
1608523454.88	4000	1.648763	0.0	4402139	1019	-12.0
1608523455.14	4000	2.489723	0.0	1043358	244	4.0
1608523455.29	4000	3.345314	0.0	567502	129	4.0
1608523455.41	4000	4.230066	0.0	472646	101	4.0
1608523455.48	4000	5.161984	0.0	274373	57	4.0
1608523455.65	16000	5.988665	0.0	730082	157	4.0
1608523456.6	20000	6.036621	0.0	4047415	921	16.0
1608523457.4	16000	6.241939	0.0	2863079	769	12.0
1608523458.49	8000	6.147472	0.0	2052265	1066	0.0
1608523459.09	4000	6.555366	0.0	2054811	567	0.0
1608523460.2	4000	6.442687	0.0	1928241	1085	4.0
1608523460.52	4000	7.12692	0.0	898461	300	4.0
1608523460.78	4000	7.866852	0.0	929156	246	4.0
1608523461.03	4000	8.618608	0.0	886614	234	4.0
1608523461.08	8000	9.568244	0.0	150125	35	4.0
1608523461.24	8000	10.410229	0.0	555328	145	8.0
1608523461.66	16000	10.984654	0.0	820127	409	8.0
1608523464.07	12000	9.581626	0.0	5045162	2361	8.0
1608523464.65	4000	10.004864	0.0	2226527	552	-4.0
1608523465.01	4000	10.641414	0.0	1501029	345	4.0
1608523465.38	4000	11.275295	0.0	1558531	344	4.0
1608523465.7	4000	11.951171	0.0	1856343	301	4.0
1608523465.95	4000	12.701029	0.0	1433055	232	4.0
1608523466.35	16000	13.308807	0.0	2248581	365	4.0
1608523468.73	16000	11.923718	0.0	9946363	2318	16.0
1608523470.47	8000	11.18593	0.0	7838407	1681	0.0
1608523470.62	4000	12.037661	0.0	764013	130	0.0
1608523470.77	4000	12.887449	0.0	795179	136	4.0
1608523470.91	4000	13.748332	0.0	741228	126	4.0
1608523471.12	8000	14.543293	0.0	1086181	186	4.0
1608523471.36	12000	15.304471	0.0	1276651	220	8.0
1608523471.6	20000	16.068955	0.0	1568649	216	12.0
1608523471.85	20000	16.819032	0.0	1677618	232	20.0
1608523472.06	20000	17.607504	0.0	1415096	195	20.0
1608523472.34	20000	18.32686	0.0	1894067	261	20.0
1608523472.51	20000	19.15955	0.0	1186604	152	20.0
1608523472.66	20000	20.009448	0.0	1068386	135	20.0
1608523472.9	20000	20.766968	0.0	1700843	214	20.0
1608523473.25	20000	21.419925	0.0	2536859	324	20.0
1608523474.36	20000	21.314585	0.0	4742872	1071	20.0
1608523475.53	16000	21.141136	0.0	4955535	1136	12.0
1608523475.7	8000	21.970654	0.0	890138	152	0.0
1608523476.13	8000	22.543846	0.0	2345010	405	8.0
1608523476.46	8000	23.220638	0.0	1735323	303	8.0
1608523476.71	8000	23.967291	0.0	1153767	238	8.0
1608523477.01	12000	24.672814	0.0	1329461	274	8.0
1608523477.35	16000	25.330458	0.0	1555467	321	12.0
1608523477.58	16000	26.103025	0.0	1008919	213	16.0
1608523477.86	16000	26.819622	0.0	1227619	266	16.0
1608523478.1	16000	27.585373	0.0	1015853	220	16.0
1608523478.19	16000	28.492664	0.0	384076	81	16.0
1608523478.26	20000	29.420732	0.0	295687	61	16.0
1608523479.48	20000	29.203951	0.0	1328674	1194	20.0
1608523479.7	4000	29.988334	0.0	755974	199	-12.0
1608523479.93	4000	30.759913	0.0	808254	214	4.0
1608523480.17	4000	31.522243	0.0	848961	224	4.0
1608523480.32	4000	32.370531	0.0	531866	139	4.0
1608523480.41	4000	33.277108	0.0	318027	81	4.0
1608523480.7	20000	33.988834	0.0	1153403	269	4.0
1608523481.01	20000	34.678078	0.0	1249023	294	20.0
1608523481.37	16000	35.324814	0.0	1423973	336	12.0
1608523481.62	16000	36.07908	0.0	1060162	231	16.0
1608523481.87	16000	36.829679	0.0	1080597	234	16.0
1608523482.13	16000	37.562503	0.0	1156442	251	16.0
1608523482.98	16000	37.713604	0.0	2222640	828	16.0
1608523483.6	8000	38.099456	0.0	1363367	595	0.0
1608523483.87	8000	38.830071	0.0	1137409	252	8.0
1608523484.27	8000	39.426287	0.0	1719028	384	8.0
1608523484.72	8000	39.981847	0.0	1582861	425	8.0
1608523485.02	8000	40.68302	0.0	901281	284	8.0
1608523485.29	8000	41.417916	0.0	798342	251	8.0
1608523486.09	12000	41.611836	0.0	1439296	786	8.0
1608523486.69	8000	42.019061	0.0	1153146	570	4.0
1608523487.21	8000	42.49418	0.0	1472726	507	8.0
1608523489.19	4000	41.518487	0.0	3596154	1942	0.0
1608523489.56	2000	42.147147	0.0	560537	356	0.0
1608523489.83	2000	42.874855	0.0	577595	260	2.0
1608523490.5	4000	43.209502	0.0	1410236	647	2.0
1608523490.8	4000	43.914225	0.0	659155	282	4.0
1608523491.05	4000	44.662181	0.0	563159	239	4.0
1608523491.52	8000	45.199163	0.0	1072056	445	4.0
1608523491.73	8000	45.986903	0.0	1005233	197	8.0
1608523491.95	8000	46.767889	0.0	1040790	204	8.0
1608523492.23	12000	47.481509	0.0	1362449	267	8.0
1608523492.49	12000	48.226795	0.0	1219048	239	12.0
1608523492.75	16000	48.964082	0.0	1473412	242	12.0
1608523493.02	20000	49.69823	0.0	1498968	248	16.0
1608523493.42	20000	50.303976	0.0	2247334	374	20.0
1608523493.91	20000	50.807329	0.0	3156442	470	20.0
1608523494.21	16000	51.510475	0.0	1895098	276	12.0
1608523494.52	16000	52.207748	0.0	1939135	282	16.0
1608523494.86	16000	52.869047	0.0	1842874	318	16.0
1608523495.26	16000	53.461403	0.0	2235830	386	16.0
1608523495.65	16000	54.07445	0.0	2202171	363	16.0
1608523496.02	16000	54.705908	0.0	2242042	344	16.0
1608523496.2	16000	55.524924	0.0	1081763	164	16.0
1608523496.61	16000	56.12447	0.0	2409013	377	16.0
1608523496.91	16000	56.822115	0.0	1615028	284	16.0
1608523497.17	20000	57.556544	0.0	1413467	248	16.0
1608523497.48	20000	58.250699	0.0	1632450	287	20.0
1608523498.43	20000	58.299106	0.0	5664827	910	20.0
1608523499.23	16000	58.506283	0.0	4578115	758	12.0
1608523499.48	12000	59.251499	0.0	1412347	233	8.0
1608523500.13	12000	59.767817	0.0	909953	133	12.0
1608523501.29	16000	59.518801	0.0	975642	138	12.0
1608523502.07	16000	59.769807	0.0	1658005	254	16.0
1608523502.99	20000	59.770676	0.0	3055257	383	16.0
1608523504.03	20000	59.771755	0.0	5355572	507	20.0
1608523505.3	20000	59.522794	0.0	3278424	239	20.0
1608523506.01	20000	59.773676	0.0	2318501	186	20.0
1608523507.26	20000	59.524765	0.0	2473561	225	20.0
1608523508.41	20000	59.525809	0.0	1730311	123	20.0
1608523509.08	20000	59.776816	0.0	1455812	151	20.0
1608523510.11	20000	59.777647	0.0	2869222	507	20.0
1608523511.45	20000	59.528757	0.0	3226650	302	20.0
1608523511.77	20000	59.979798	0.0	2705936	297	20.0
1608523513.15	20000	59.780658	0.0	2998622	356	20.0
1608523514.08	20000	59.781754	0.0	2928342	399	20.0
1608523514.77	20000	59.979347	0.0	3059979	668	20.0
1608523516.15	16000	59.783688	0.0	3367422	848	12.0
1608523516.98	12000	59.784622	0.0	1552444	305	8.0
1608523518.13	8000	59.785712	0.0	873968	130	4.0
1608523519.45	12000	59.536783	0.0	2277016	289	8.0
1608523519.8	12000	59.95546	0.0	2335112	326	12.0
1608523521.26	16000	59.53876	0.0	3002106	430	12.0
1608523522.08	20000	59.789595	0.0	2015412	294	16.0
1608523523.16	20000	59.790803	0.0	2894863	559	20.0
1608523524.16	16000	59.791785	0.0	2185316	477	12.0
1608523524.93	16000	59.834993	0.0	3370605	733	16.0
1608523526.37	12000	59.543717	0.0	2853458	409	8.0
1608523527.01	12000	59.794671	0.0	1012501	117	12.0
1608523528.26	12000	59.54578	0.0	1508766	234	12.0
1608523529.04	16000	59.796659	0.0	1806471	253	12.0
1608523530.26	16000	59.547803	0.0	1945842	199	16.0
1608523531.02	20000	59.798875	0.0	2538877	232	16.0
1608523532.26	20000	59.549895	0.0	2298557	217	20.0
1608523533.54	20000	59.562292	0.0	2831497	255	20.0
1608523534.36	20000	59.813347	0.0	3200905	295	20.0
1608523535.6	20000	59.564244	0.0	2180586	218	20.0
1608523536.25	20000	59.815348	0.0	1500505	132	20.0
1608523537.42	20000	59.566169	0.0	1939246	147	20.0
1608523538.55	20000	59.567251	0.0	1599193	110	20.0
1608523539.23	20000	59.818346	0.0	2364826	147	20.0
1608523540.41	20000	59.81936	0.0	2517454	154	20.0
1608523541.55	20000	59.570361	0.0	1883143	128	20.0
1608523542.28	20000	59.821347	0.0	1726706	205	20.0
1608523543.56	20000	59.572356	0.0	707364	261	20.0
1608523574.4	20000	29.595425	0.0	796460	30822	20.0
1608523574.45	2000	30.54746	0.0	138957	33	-16.0
1608523574.51	2000	31.487838	0.0	198063	49	2.0
1608523574.57	2000	32.431971	0.0	181915	44	2.0
1608523574.58	2000	33.414478	0.0	46143	8	2.0
1608523574.6	2000	34.402187	0.0	32698	3	2.0
1608523574.61	8000	35.386963	0.0	32002	4	2.0
1608523574.62	8000	36.377707	0.0	22693	1	8.0
1608523574.64	4000	37.367299	0.0	22446	0	0.0
1608523574.65	4000	37.784788	2.784	8343	9	-89.088
1608523574.95	4000	1.000999	-2.763	60629	11	92.416
1608523578.31	20000	1.288993	2.624	11007815	3257	-79.968
1608523579.13	4000	1.711039	0.0	4402139	777	-12.0
1608523579.32	4000	2.539134	0.0	1043358	179	4.0
1608523579.43	4000	3.432821	0.0	567502	96	4.0
1608523579.53	4000	4.338324	0.0	472646	78	4.0
1608523579.59	4000	5.281195	0.0	274373	44	4.0
1608523579.73	20000	6.140971	0.0	730082	124	4.0
1608523580.39	20000	6.491831	0.0	4047415	634	20.0
1608523580.84	20000	7.049641	0.0	2863079	418	20.0
1608523581.47	20000	7.421018	0.0	4167844	600	20.0
1608523582.36	16000	7.52644	0.0	5571764	855	12.0
1608523583.62	16000	7.267178	0.0	4925652	1225	16.0
1608523584.25	8000	7.639103	0.0	1267052	604	0.0
1608523584.91	8000	7.984819	0.0	1316661	639	8.0
1608523585.21	4000	8.68196	0.0	886614	286	0.0
1608523585.24	4000	9.652356	0.0	90752	19	4.0
1608523585.35	4000	10.546073	0.0	376357	93	4.0
1608523585.44	8000	11.45257	0.0	323573	80	4.0
1608523586.71	8000	11.190737	0.0	4001900	1232	8.0
1608523588.05	8000	10.85142	0.0	3029729	1314	8.0
1608523588.41	4000	11.492326	0.0	1501029	339	0.0
1608523588.77	4000	12.126155	0.0	1558531	348	4.0
1608523589.29	4000	12.614764	0.0	1856343	491	4.0
1608523589.84	4000	13.060177	0.0	1433055	537	4.0
1608523590.3	4000	13.598515	0.0	1055512	445	4.0
1608523592.95	8000	11.948645	0.0	6361262	2597	4.0
1608523594.27	4000	11.632901	0.0	5615227	1272	0.0
1608523594.43	4000	12.476818	0.0	764013	142	4.0
1608523594.59	4000	13.314974	0.0	795179	147	4.0
1608523594.74	4000	14.164036	0.0	741228	137	4.0
1608523594.9	4000	15.008982	0.0	760332	140	4.0
1608523595.21	16000	15.695585	0.0	1529441	293	4.0
