1608538990.23	4000	1.000999	0.02	60629	9	-0.3999999999999999
1608538992.33	4000	1.251855	1.309	6594552	1944	-22.18
1608538993.97	8000	1.385861	0.442	7078153	1527	-4.84
1608538994.87	20000	1.503519	0.0	3191121	804	8.0
1608538995.42	20000	1.959475	0.0	1661718	454	20.0
1608538995.88	20000	2.499455	0.0	1315024	373	20.0
1608538996.15	20000	3.232868	0.0	698359	184	20.0
1608538996.4	20000	3.97921	0.0	730082	170	20.0
1608538997.46	20000	3.920961	0.0	4047415	959	20.0
1608538998.28	20000	4.10845	0.0	2863079	712	20.0
1608538999.63	20000	3.755731	0.0	4167844	1252	20.0
1608539001.18	20000	3.210675	0.0	5571764	1440	20.0
1608539002.5	20000	2.886044	0.0	4925652	1219	20.0
1608539003.04	20000	3.344882	0.0	2030157	455	20.0
1608539003.6	20000	3.791149	0.0	2240782	464	20.0
1608539004.15	20000	4.244386	0.0	2211169	458	20.0
1608539004.31	20000	5.076249	0.0	382046	89	20.0
1608539004.67	20000	5.723905	0.0	1113969	269	20.0
1608539004.95	20000	6.439311	0.0	820127	196	20.0
1608539006.66	20000	5.732856	0.0	6357933	1597	20.0
1608539008.0	20000	5.399873	0.0	4814284	1232	20.0
1608539008.82	20000	5.571716	0.0	3419258	734	20.0
1608539010.03	20000	5.368508	0.0	3944328	1105	20.0
1608539011.26	20000	5.145984	0.0	4284196	1121	20.0
1608539012.21	20000	5.191694	0.0	3022025	853	20.0
1608539012.82	20000	5.581773	0.0	2248581	518	20.0
1608539015.02	20000	4.376751	0.0	9946363	2057	20.0
1608539017.75	20000	2.650529	0.0	11684632	2591	20.0
1608539018.23	20000	3.174928	0.0	1849732	388	20.0
1608539018.71	20000	3.691766	0.0	1942795	393	20.0
1608539019.16	20000	4.248955	0.0	1704756	344	20.0
1608539019.53	20000	4.880515	0.0	1697111	280	20.0
1608539019.87	20000	5.541675	0.0	1529441	253	20.0
1608539020.21	20000	6.196898	0.0	1568649	260	20.0
1608539020.58	20000	6.826198	0.0	1677618	283	20.0
1608539020.9	20000	7.504473	0.0	1415096	238	20.0
1608539021.32	20000	8.088655	0.0	1894067	327	20.0
1608539021.63	20000	8.783769	0.0	1186604	222	20.0
1608539021.91	20000	9.501645	0.0	1068386	200	20.0
1608539022.32	20000	10.08896	0.0	1700843	327	20.0
1608539022.96	20000	10.458735	0.0	2536859	540	20.0
1608539023.96	20000	10.456254	0.0	4742872	901	20.0
1608539025.34	20000	10.073183	0.0	4955535	1278	20.0
1608539025.69	20000	10.729547	0.0	1260540	257	20.0
1608539026.46	20000	10.955192	0.0	3605246	678	20.0
1608539026.98	20000	11.439048	0.0	2770338	426	20.0
1608539027.32	20000	12.099681	0.0	1855168	253	20.0
1608539027.58	20000	12.845133	0.0	1666915	170	20.0
1608539027.82	20000	13.601508	0.0	1555467	160	20.0
1608539028.01	20000	14.417205	0.0	1008919	102	20.0
1608539028.22	20000	15.208035	0.0	1227619	124	20.0
1608539028.55	20000	15.872256	0.0	1015853	253	20.0
1608539028.73	20000	16.700282	0.0	384076	92	20.0
1608539028.88	20000	17.551289	0.0	295687	70	20.0
1608539029.36	20000	18.068137	0.0	1328674	400	20.0
1608539030.42	20000	18.013567	0.0	1492829	970	20.0
1608539030.73	20000	18.69745	0.0	1484812	231	20.0
1608539031.11	20000	19.318017	0.0	1868314	292	20.0
1608539031.47	20000	19.961135	0.0	1253406	274	20.0
1608539031.8	20000	20.631716	0.0	887933	242	20.0
1608539032.2	20000	21.232283	0.0	1153403	314	20.0
1608539032.96	20000	21.47667	0.0	1249023	673	20.0
1608539033.57	20000	21.867374	0.0	1423973	523	20.0
1608539033.95	20000	22.484426	0.0	1060162	300	20.0
1608539034.35	20000	23.090327	0.0	1080597	311	20.0
1608539034.85	20000	23.593823	0.0	1156442	414	20.0
1608539035.59	20000	23.851282	0.0	2222640	653	20.0
1608539036.29	20000	24.146917	0.0	2587311	613	20.0
1608539037.25	20000	24.19652	0.0	2178351	860	20.0
1608539038.92	20000	23.523209	0.0	3121089	1576	20.0
1608539040.34	20000	23.101399	0.0	2857420	1330	20.0
1608539041.31	20000	23.134389	0.0	1702477	880	20.0
1608539041.87	20000	23.574142	0.0	1531670	468	20.0
1608539042.44	20000	24.0123	0.0	1863424	474	20.0
1608539042.81	20000	24.64042	0.0	1987392	284	20.0
1608539043.26	20000	25.191212	0.0	2505586	359	20.0
1608539045.19	20000	24.259484	0.0	9620218	1804	20.0
1608539045.97	20000	24.482479	0.0	2561608	684	20.0
1608539047.05	20000	24.403924	0.0	3633991	981	20.0
1608539048.84	20000	23.613838	0.0	3324070	1695	20.0
1608539049.35	20000	24.10528	0.0	1560020	415	20.0
1608539049.77	20000	24.68443	0.0	1429188	337	20.0
1608539050.27	20000	25.184539	0.0	1754144	414	20.0
1608539050.72	20000	25.736867	0.0	1626020	363	20.0
1608539051.2	20000	26.25922	0.0	1739228	388	20.0
1608539051.65	20000	26.805319	0.0	1722735	368	20.0
1608539052.07	20000	27.395098	0.0	1538145	326	20.0
1608539052.46	20000	28.005303	0.0	1473412	306	20.0
1608539052.85	20000	28.611664	0.0	1498968	309	20.0
1608539053.41	20000	29.057343	0.0	2247334	467	20.0
1608539054.21	20000	29.254684	0.0	3156442	709	20.0
1608539054.74	20000	29.729714	0.0	1895098	437	20.0
1608539055.28	20000	30.182462	0.0	1939135	459	20.0
1608539055.83	20000	30.642466	0.0	1842874	453	20.0
1608539056.47	20000	31.000926	0.0	2235830	554	20.0
1608539057.04	20000	31.43129	0.0	2202171	480	20.0
1608539057.58	20000	31.887706	0.0	2242042	450	20.0
1608539057.85	20000	32.619601	0.0	1081763	185	20.0
1608539058.36	20000	33.11261	0.0	2409013	417	20.0
1608539058.69	20000	33.781588	0.0	1615028	246	20.0
1608539058.99	20000	34.48102	0.0	1413467	216	20.0
1608539059.33	20000	35.146212	0.0	1632450	250	20.0
1608539060.28	20000	35.199121	0.0	5664827	843	20.0
1608539061.05	20000	35.428854	0.0	4578115	670	20.0
1608539061.4	20000	36.082949	0.0	1783835	259	20.0
1608539061.64	20000	36.839069	0.0	1093613	154	20.0
1608539061.86	20000	37.618293	0.0	975642	138	20.0
1608539062.19	20000	38.296	0.0	1658005	237	20.0
1608539062.75	20000	38.733997	0.0	3055257	468	20.0
1608539063.63	20000	38.859051	0.0	5355572	770	20.0
1608539064.01	20000	39.470957	0.0	3278424	293	20.0
1608539064.31	20000	40.17703	0.0	2318501	207	20.0
1608539064.68	20000	40.816646	0.0	2473561	271	20.0
1608539064.98	20000	41.510317	0.0	1730311	213	20.0
1608539065.24	20000	42.247234	0.0	1455812	179	20.0
1608539066.58	20000	41.90833	0.0	2869222	1247	20.0
1608539066.95	20000	42.543132	0.0	3226650	271	20.0
1608539067.27	20000	43.225936	0.0	2705936	227	20.0
1608539067.64	20000	43.856867	0.0	2998622	279	20.0
1608539068.04	20000	44.452523	0.0	2928342	313	20.0
1608539068.46	20000	45.032225	0.0	3059979	327	20.0
1608539071.68	20000	42.81568	0.0	3367422	3122	20.0
1608539072.55	20000	42.944793	0.0	1950694	782	20.0
1608539072.93	20000	43.568826	0.0	1541020	290	20.0
1608539073.74	20000	43.762294	0.0	2926720	714	20.0
1608539074.85	20000	43.651629	0.0	2991202	1017	20.0
1608539075.3	20000	44.203618	0.0	3002106	356	20.0
1608539075.63	20000	44.876052	0.0	2015412	241	20.0
1608539076.08	20000	45.424815	0.0	2894863	359	20.0
1608539076.44	20000	46.064384	0.0	2185316	271	20.0
1608539077.38	20000	46.129506	0.0	3370605	841	20.0
1608539079.56	20000	44.950245	0.0	3492243	2084	20.0
1608539080.18	20000	45.325992	0.0	1307592	539	20.0
1608539081.5	20000	45.00953	0.0	1881404	1230	20.0
1608539081.99	20000	45.519441	0.0	1806471	404	20.0
1608539082.51	20000	45.996395	0.0	1945842	434	20.0
1608539083.13	20000	46.379594	0.0	2538877	527	20.0
1608539083.68	20000	46.831167	0.0	2298557	460	20.0
1608539084.28	20000	47.236693	0.0	2831497	501	20.0
1608539084.9	20000	47.61551	0.0	3200905	522	20.0
1608539085.32	20000	48.191232	0.0	2180586	335	20.0
1608539085.79	20000	48.728546	0.0	1500505	376	20.0
1608539086.61	20000	48.90442	0.0	1939246	736	20.0
1608539087.93	20000	48.592185	0.0	1599193	1225	20.0
1608539089.05	20000	48.46398	0.0	2364826	1038	20.0
1608539091.34	20000	47.179543	0.0	2517454	2191	20.0
1608539092.24	20000	47.282428	0.0	1883143	809	20.0
1608539092.9	20000	47.617164	0.0	1726706	578	20.0
1608539093.19	20000	48.336644	0.0	707364	198	20.0
1608539093.49	20000	49.030758	0.0	796460	225	20.0
1608539093.72	20000	49.803451	0.0	596962	146	20.0
1608539094.02	20000	50.504096	0.0	947625	215	20.0
1608539094.29	20000	51.231738	0.0	832859	189	20.0
1608539094.4	20000	52.122617	0.0	151562	31	20.0
1608539094.5	20000	53.030445	0.0	90390	17	20.0
1608539094.56	20000	53.965029	0.0	50278	7	20.0
1608539094.61	20000	54.915266	0.0	26471	1	20.0
1608539094.66	20000	55.875125	0.0	40620	5	20.0
1608539095.1	4000	1.000999	0.137	334032	125	-2.74
1608539098.7	4000	1.413839	2.735	6594552	3465	-50.7
1608539102.76	8000	1.302761	2.925	7078153	3931	-54.5
1608539103.35	20000	1.731671	0.0	3191121	492	8.0
1608539103.7	20000	2.389021	0.0	1661718	255	20.0
1608539103.96	20000	3.129083	0.0	1315024	169	20.0
1608539104.13	20000	3.959099	0.0	698359	89	20.0
1608539104.3	20000	4.7852	0.0	730082	93	20.0
1608539104.96	20000	5.123993	0.0	4047415	565	20.0
1608539105.51	20000	5.584201	0.0	2863079	450	20.0
1608539106.16	20000	5.933779	0.0	4167844	551	20.0
1608539106.92	20000	6.167969	0.0	5571764	659	20.0
1608539107.52	20000	6.570472	0.0	4925652	494	20.0
1608539107.81	20000	7.27962	0.0	2030157	196	20.0
1608539108.12	20000	7.975871	0.0	2240782	211	20.0
1608539108.42	20000	8.675892	0.0	2211169	209	20.0
1608539108.54	20000	9.560119	0.0	382046	34	20.0
1608539108.73	20000	10.372504	0.0	1113969	104	20.0
1608539108.87	20000	11.231974	0.0	820127	58	20.0
1608539109.44	20000	11.664135	0.0	6357933	453	20.0
1608539109.92	20000	12.182792	0.0	4814284	377	20.0
1608539110.33	20000	12.768441	0.0	3419258	321	20.0
1608539110.79	20000	13.309053	0.0	3944328	363	20.0
1608539111.22	20000	13.882043	0.0	4284196	330	20.0
1608539111.55	20000	14.556239	0.0	3022025	233	20.0
1608539111.84	20000	15.264984	0.0	2248581	201	20.0
1608539113.5	20000	14.609379	0.0	9946363	1506	20.0
1608539120.13	20000	8.981923	0.0	11684632	6481	20.0
1608539120.37	20000	9.738535	0.0	1849732	156	20.0
1608539120.62	20000	10.487528	0.0	1942795	164	20.0
1608539120.84	20000	11.269618	0.0	1704756	130	20.0
1608539121.01	20000	12.100783	0.0	1697111	83	20.0
1608539121.17	20000	12.941311	0.0	1529441	75	20.0
