1609227320.09	4000	1.000999	0.017	60629	8	-0.33999999999999986
1609227321.31	4000	1.420033	0.543	6594552	1084	-6.859999999999999
1609227322.68	8000	1.39562	0.0	7078153	1240	4.0
1609227323.36	20000	1.732802	0.0	3191121	584	8.0
1609227323.74	20000	2.360024	0.0	1661718	286	20.0
1609227324.0	20000	3.099492	0.0	1315024	176	20.0
1609227324.15	20000	3.944332	0.0	698359	75	20.0
1609227324.31	20000	4.785065	0.0	730082	78	20.0
1609227324.86	20000	5.245955	0.0	4047415	444	20.0
1609227325.33	20000	5.774737	0.0	2863079	372	20.0
1609227325.97	20000	6.1295	0.0	4167844	545	20.0
1609227326.98	20000	6.119362	0.0	5571764	903	20.0
1609227327.76	20000	6.345105	0.0	4925652	674	20.0
1609227328.12	20000	6.986824	0.0	2030157	271	20.0
1609227328.51	20000	7.599049	0.0	2240782	300	20.0
1609227328.89	20000	8.213632	0.0	2211169	296	20.0
1609227329.02	20000	9.084332	0.0	382046	50	20.0
1609227329.26	20000	9.851899	0.0	1113969	150	20.0
1609227329.45	20000	10.660462	0.0	820127	110	20.0
1609227330.44	20000	10.666646	0.0	6357933	885	20.0
1609227331.25	20000	10.860999	0.0	4814284	693	20.0
1609227331.86	20000	11.24992	0.0	3419258	517	20.0
1609227332.67	20000	11.442771	0.0	3944328	708	20.0
1609227333.42	20000	11.691955	0.0	4284196	650	20.0
1609227333.95	20000	12.17078	0.0	3022025	426	20.0
1609227334.85	20000	12.269924	0.0	2248581	811	20.0
1609227336.31	20000	11.809944	0.0	9946363	1317	20.0
1609227338.37	20000	10.744389	0.0	11684632	1933	20.0
1609227338.77	20000	11.345895	0.0	1849732	313	20.0
1609227339.17	20000	11.950221	0.0	1942795	310	20.0
1609227339.52	20000	12.605165	0.0	1704756	261	20.0
1609227339.86	20000	13.261614	0.0	1697111	260	20.0
1609227340.17	20000	13.952127	0.0	1529441	227	20.0
1609227340.49	20000	14.637113	0.0	1568649	231	20.0
1609227340.82	20000	15.303444	0.0	1677618	248	20.0
1609227341.24	20000	15.890417	0.0	1415096	331	20.0
1609227341.98	20000	16.152159	0.0	1894067	654	20.0
1609227342.45	20000	16.677329	0.0	1186604	390	20.0
1609227342.89	20000	17.237725	0.0	1068386	351	20.0
1609227343.43	20000	17.704337	0.0	1700843	449	20.0
1609227344.14	20000	17.990345	0.0	2536859	625	20.0
1609227345.17	20000	17.965257	0.0	4742872	921	20.0
1609227346.11	20000	18.027058	0.0	4955535	836	20.0
1609227346.38	20000	18.754914	0.0	1260540	189	20.0
1609227347.02	20000	19.116017	0.0	3605246	546	20.0
1609227347.51	20000	19.630044	0.0	2770338	395	20.0
1609227347.85	20000	20.282978	0.0	1855168	260	20.0
1609227348.22	20000	20.921339	0.0	1666915	276	20.0
1609227348.61	20000	21.530488	0.0	1555467	304	20.0
1609227348.89	20000	22.250439	0.0	1008919	197	20.0
1609227349.17	20000	22.971646	0.0	1227619	195	20.0
1609227349.39	20000	23.750659	0.0	1015853	139	20.0
1609227349.52	20000	24.62034	0.0	384076	50	20.0
1609227349.64	20000	25.502434	0.0	295687	38	20.0
1609227349.91	20000	26.237069	0.0	1328674	182	20.0
1609227350.38	20000	26.76948	0.0	1492829	383	20.0
1609227350.97	20000	27.173736	0.0	1484812	511	20.0
1609227351.79	20000	27.357413	0.0	1868314	729	20.0
1609227352.21	20000	27.935638	0.0	1253406	329	20.0
1609227352.45	20000	28.700096	0.0	887933	155	20.0
1609227352.73	20000	29.416341	0.0	1153403	202	20.0
1609227353.04	20000	30.112675	0.0	1249023	219	20.0
1609227353.43	20000	30.727146	0.0	1423973	302	20.0
1609227353.73	20000	31.421592	0.0	1060162	223	20.0
1609227354.04	20000	32.112347	0.0	1080597	228	20.0
1609227354.3	20000	32.85397	0.0	1156442	177	20.0
1609227354.73	20000	33.425093	0.0	2222640	340	20.0
1609227355.22	20000	33.94347	0.0	2587311	393	20.0
1609227355.63	20000	34.533497	0.0	2178351	323	20.0
1609227356.19	20000	34.973995	0.0	3121089	468	20.0
1609227356.75	20000	35.408097	0.0	2857420	475	20.0
1609227357.12	20000	36.041223	0.0	1702477	281	20.0
1609227357.51	20000	36.656338	0.0	1531670	300	20.0
1609227357.96	20000	37.202886	0.0	1863424	368	20.0
1609227358.29	20000	37.873122	0.0	1987392	243	20.0
1609227358.64	20000	38.526811	0.0	2505586	257	20.0
1609227360.75	20000	37.417967	0.0	9620218	1981	20.0
1609227361.21	20000	37.958076	0.0	2561608	366	20.0
1609227361.62	20000	38.547647	0.0	3633991	315	20.0
1609227362.01	20000	39.162933	0.0	3324070	288	20.0
1609227362.21	20000	39.959772	0.0	1560020	117	20.0
1609227362.39	20000	40.780294	0.0	1429188	95	20.0
1609227362.6	20000	41.572259	0.0	1754144	115	20.0
1609227362.8	20000	42.378963	0.0	1626020	107	20.0
1609227363.0	20000	43.177142	0.0	1739228	115	20.0
1609227363.21	20000	43.970721	0.0	1722735	121	20.0
1609227363.42	20000	44.76158	0.0	1538145	124	20.0
1609227363.62	20000	45.55896	0.0	1473412	119	20.0
1609227363.83	20000	46.35329	0.0	1498968	122	20.0
1609227364.1	20000	47.083824	0.0	2247334	183	20.0
1609227364.61	20000	47.574514	0.0	3156442	417	20.0
1609227364.94	20000	48.23852	0.0	1895098	248	20.0
1609227365.29	20000	48.895138	0.0	1939135	257	20.0
1609227365.64	20000	49.546897	0.0	1842874	249	20.0
1609227366.03	20000	50.156323	0.0	2235830	304	20.0
1609227366.52	20000	50.665882	0.0	2202171	403	20.0
1609227367.06	20000	51.131177	0.0	2242042	441	20.0
1609227367.31	20000	51.87983	0.0	1081763	169	20.0
1609227367.75	20000	52.434504	0.0	2409013	357	20.0
1609227368.08	20000	53.113025	0.0	1615028	238	20.0
1609227368.55	20000	53.645956	0.0	1413467	384	20.0
1609227369.11	20000	54.079069	0.0	1632450	481	20.0
1609227370.18	20000	54.010192	0.0	5664827	963	20.0
1609227371.15	20000	54.045601	0.0	4578115	866	20.0
1609227371.62	20000	54.57234	0.0	1783835	389	20.0
1609227371.94	20000	55.254546	0.0	1093613	237	20.0
1609227372.24	20000	55.961544	0.0	975642	212	20.0
1609227372.81	20000	56.402837	0.0	1658005	473	20.0
1609227373.54	20000	56.661675	0.0	3055257	639	20.0
1609227374.7	20000	56.496325	0.0	5355572	1061	20.0
1609227375.64	20000	56.561541	0.0	3278424	838	20.0
1609227376.28	20000	56.927564	0.0	2318501	543	20.0
1609227376.89	20000	57.309776	0.0	2473561	526	20.0
1609227377.32	20000	57.88901	0.0	1730311	335	20.0
1609227377.61	20000	58.593376	0.0	1455812	210	20.0
1609227378.12	20000	59.085482	0.0	2869222	419	20.0
1609227378.66	20000	59.553835	0.0	3226650	441	20.0
1609227379.62	20000	59.642986	0.0	2705936	369	20.0
1609227380.63	20000	59.643991	0.0	2998622	415	20.0
1609227381.56	20000	59.652781	0.0	2928342	838	20.0
1609227382.56	20000	59.895934	0.0	3059979	404	20.0
1609227383.57	20000	59.646942	0.0	3367422	418	20.0
1609227384.42	20000	59.897907	0.0	1950694	265	20.0
1609227385.69	20000	59.648916	0.0	1541020	177	20.0
1609227386.65	20000	59.649985	0.0	2926720	368	20.0
1609227387.38	20000	59.833807	0.0	2991202	629	20.0
1609227388.57	20000	59.651994	0.0	3002106	595	20.0
1609227389.4	20000	59.822936	0.0	2015412	735	20.0
1609227390.64	20000	59.653999	0.0	2894863	650	20.0
1609227391.54	20000	59.681798	0.0	2185316	813	20.0
1609227392.37	20000	59.851905	0.0	3370605	735	20.0
1609227393.28	20000	59.944645	0.0	3492243	807	20.0
1609227394.66	20000	59.658008	0.0	1307592	300	20.0
1609227395.64	20000	59.585644	0.0	1881404	889	20.0
1609227396.28	20000	59.94353	0.0	1806471	553	20.0
1609227397.64	20000	59.66099	0.0	1945842	767	20.0
1609227398.55	20000	59.679456	0.0	2538877	810	20.0
1609227399.29	20000	59.93499	0.0	2298557	657	20.0
1609227401.06	20000	59.164014	0.0	2831497	1681	20.0
1609227402.11	20000	59.116904	0.0	3200905	955	20.0
1609227402.81	20000	59.425942	0.0	2180586	605	20.0
1609227403.3	20000	59.927832	0.0	1500505	413	20.0
1609227405.54	20000	58.689186	0.0	1939246	2154	20.0
1609227406.41	20000	58.828365	0.0	1599193	778	20.0
1609227407.39	20000	58.84904	0.0	2364826	891	20.0
1609227408.28	20000	58.95648	0.0	2517454	804	20.0
1609227408.91	20000	59.329832	0.0	1883143	541	20.0
1609227409.47	20000	59.770347	0.0	1726706	474	20.0
1609227410.67	20000	59.674004	0.0	707364	123	20.0
1609227411.47	20000	59.924994	0.0	796460	210	20.0
1609227412.65	20000	59.676002	0.0	596962	100	20.0
1609227413.35	20000	59.926995	0.0	947625	123	20.0
1609227414.53	20000	59.927967	0.0	832859	90	20.0
1609227415.62	20000	59.678993	0.0	151562	13	20.0
1609227416.7	20000	59.679996	0.0	90390	10	20.0
1609227417.76	20000	59.680989	0.0	50278	3	20.0
1609227418.81	20000	59.681973	0.0	26471	4	20.0
1609227419.35	20000	59.932971	0.0	40620	3	20.0
1609227419.68	4000	1.000999	0.042	334032	30	-0.8399999999999999
1609227420.78	8000	1.316332	0.139	9869079	941	1.2200000000000006
1609227421.67	16000	1.450052	0.0	8849724	761	8.0
1609227421.98	20000	2.150802	0.0	3191121	221	16.0
1609227422.19	20000	2.964105	0.0	1661718	115	20.0
1609227422.37	20000	3.787617	0.0	1315024	89	20.0
1609227422.5	20000	4.657922	0.0	698359	47	20.0
1609227422.63	20000	5.531899	0.0	730082	43	20.0
1609227422.97	20000	6.187665	0.0	4047415	247	20.0
1609227423.24	20000	6.920877	0.0	2863079	174	20.0
1609227423.6	20000	7.566638	0.0	4167844	255	20.0
1609227424.05	20000	8.110203	0.0	5571764	350	20.0
1609227424.46	20000	8.699156	0.0	4925652	308	20.0
1609227424.73	20000	9.438639	0.0	2030157	174	20.0
1609227425.01	20000	10.15949	0.0	2240782	192	20.0
1609227425.28	20000	10.882449	0.0	2211169	189	20.0
1609227425.4	20000	11.771535	0.0	382046	32	20.0
1609227425.6	20000	12.566534	0.0	1113969	122	20.0
1609227425.82	20000	13.353206	0.0	820127	132	20.0
1609227426.92	20000	13.246701	0.0	6357933	997	20.0
1609227428.07	20000	13.100085	0.0	4814284	1044	20.0
1609227429.21	20000	12.960464	0.0	3419258	1042	20.0
1609227431.81	8000	11.358819	0.0	2281353	2506	-4.0
1609227432.67	16000	11.503411	0.0	4284196	753	8.0
1609227432.98	16000	12.191563	0.0	3022025	217	16.0
1609227433.24	16000	12.940564	0.0	2248581	160	16.0
1609227433.88	8000	13.302528	0.0	6361262	524	0.0
1609227434.53	4000	13.649081	0.0	5615227	545	0.0
1609227435.02	20000	14.156598	0.0	1849732	393	4.0
1609227435.52	20000	14.657213	0.0	1942795	412	20.0
1609227436.02	20000	15.156937	0.0	1704756	415	20.0
1609227436.52	20000	15.658726	0.0	1697111	413	20.0
1609227437.9	20000	15.28206	0.0	1529441	1291	20.0
1609227438.71	16000	15.47757	0.0	1568649	721	12.0
1609227439.94	12000	15.248135	0.0	1407326	1137	8.0
