1609223230.97	4000	1.000999	0.014	60629	4	-0.28000000000000025
1609223232.25	16000	1.405408	0.6	11007815	1106	-8.0
1609223233.14	16000	1.745383	0.0	8849724	766	16.0
1609223233.5	20000	2.413561	0.0	3191121	261	16.0
1609223233.73	20000	3.19031	0.0	1661718	135	20.0
1609223233.93	20000	3.998877	0.0	1315024	111	20.0
1609223234.07	20000	4.870517	0.0	698359	55	20.0
1609223234.22	20000	5.726755	0.0	730082	61	20.0
1609223234.66	20000	6.283236	0.0	4047415	344	20.0
1609223235.02	20000	6.923122	0.0	2863079	266	20.0
1609223235.52	20000	7.422536	0.0	4167844	399	20.0
1609223236.21	20000	7.736955	0.0	5571764	570	20.0
1609223236.85	20000	8.101658	0.0	4925652	529	20.0
1609223237.24	20000	8.70849	0.0	2030157	303	20.0
1609223237.67	20000	9.283257	0.0	2240782	335	20.0
1609223238.04	20000	9.911276	0.0	2211169	280	20.0
1609223238.17	20000	10.784274	0.0	382046	46	20.0
1609223238.39	20000	11.562558	0.0	1113969	136	20.0
1609223238.58	20000	12.378425	0.0	820127	99	20.0
1609223239.32	20000	12.634974	0.0	6357933	635	20.0
1609223239.88	20000	13.080562	0.0	4814284	451	20.0
1609223240.28	20000	13.681467	0.0	3419258	301	20.0
1609223240.73	20000	14.227521	0.0	3944328	346	20.0
1609223241.14	20000	14.820986	0.0	4284196	306	20.0
1609223241.45	20000	15.511384	0.0	3022025	215	20.0
1609223241.7	20000	16.25908	0.0	2248581	159	20.0
1609223242.47	20000	16.496672	0.0	9946363	633	20.0
1609223243.28	20000	16.680042	0.0	11684632	676	20.0
1609223243.47	20000	17.490197	0.0	1849732	100	20.0
1609223243.67	20000	18.29567	0.0	1942795	105	20.0
1609223243.85	20000	19.117318	0.0	1704756	90	20.0
1609223244.02	20000	19.948672	0.0	1697111	79	20.0
1609223244.18	20000	20.788614	0.0	1529441	71	20.0
1609223244.34	20000	21.626721	0.0	1568649	72	20.0
1609223244.51	20000	22.459226	0.0	1677618	77	20.0
1609223244.66	20000	23.30734	0.0	1415096	65	20.0
1609223244.84	20000	24.131437	0.0	1894067	87	20.0
1609223244.98	20000	24.991636	0.0	1186604	55	20.0
1609223245.11	20000	25.860299	0.0	1068386	45	20.0
1609223245.28	20000	26.699254	0.0	1700843	73	20.0
1609223245.49	20000	27.491185	0.0	2536859	108	20.0
1609223245.8	20000	28.180682	0.0	4742872	205	20.0
1609223246.12	20000	28.861901	0.0	4955535	215	20.0
1609223246.26	20000	29.72254	0.0	1260540	54	20.0
1609223246.51	20000	30.469197	0.0	3605246	156	20.0
1609223246.73	20000	31.257164	0.0	2770338	120	20.0
1609223246.9	20000	32.083419	0.0	1855168	82	20.0
1609223247.07	20000	32.914971	0.0	1666915	79	20.0
1609223247.23	20000	33.75379	0.0	1555467	72	20.0
1609223247.36	20000	34.62155	0.0	1008919	47	20.0
1609223247.51	20000	35.479274	0.0	1227619	58	20.0
1609223247.65	20000	36.340488	0.0	1015853	47	20.0
1609223247.75	20000	37.241715	0.0	384076	18	20.0
1609223247.84	20000	38.148126	0.0	295687	13	20.0
1609223248.0	20000	38.988722	0.0	1328674	74	20.0
1609223248.17	20000	39.818154	0.0	1492829	83	20.0
1609223248.34	20000	40.649113	0.0	1484812	83	20.0
1609223248.54	20000	41.457039	0.0	1868314	105	20.0
1609223248.69	20000	42.30201	0.0	1253406	69	20.0
1609223248.83	20000	43.169725	0.0	887933	49	20.0
1609223248.98	20000	44.016137	0.0	1153403	67	20.0
1609223249.14	20000	44.857598	0.0	1249023	72	20.0
1609223249.31	20000	45.688738	0.0	1423973	83	20.0
1609223249.46	20000	46.53649	0.0	1060162	61	20.0
1609223249.61	20000	47.387804	0.0	1080597	62	20.0
1609223249.77	20000	48.235486	0.0	1156442	67	20.0
1609223249.98	20000	49.02138	0.0	2222640	124	20.0
1609223250.22	20000	49.785899	0.0	2587311	144	20.0
1609223250.43	20000	50.575007	0.0	2178351	121	20.0
1609223250.7	20000	51.307339	0.0	3121089	173	20.0
1609223250.95	20000	52.058221	0.0	2857420	157	20.0
1609223251.14	20000	52.867803	0.0	1702477	92	20.0
1609223251.31	20000	53.69654	0.0	1531670	82	20.0
1609223251.5	20000	54.508395	0.0	1863424	100	20.0
1609223251.7	20000	55.313354	0.0	1987392	106	20.0
1609223251.92	20000	56.088046	0.0	2505586	135	20.0
1609223252.58	20000	56.433056	0.0	9620218	528	20.0
1609223252.81	20000	57.200979	0.0	2561608	140	20.0
1609223253.12	20000	57.890518	0.0	3633991	214	20.0
1609223253.42	20000	58.597958	0.0	3324070	195	20.0
1609223253.6	20000	59.414072	0.0	1560020	91	20.0
1609223254.28	20000	59.847549	0.0	1429188	83	20.0
1609223255.47	20000	59.59851	0.0	1754144	104	20.0
1609223256.65	20000	59.599596	0.0	1626020	89	20.0
1609223257.34	20000	59.850587	0.0	1739228	101	20.0
1609223258.54	20000	59.601547	0.0	1722735	104	20.0
1609223259.22	20000	59.852563	0.0	1538145	88	20.0
1609223260.39	20000	59.853571	0.0	1473412	85	20.0
1609223261.56	20000	59.604564	0.0	1498968	84	20.0
1609223262.29	20000	59.855543	0.0	2247334	135	20.0
1609223263.61	20000	59.60656	0.0	3156442	219	20.0
1609223264.36	20000	59.857595	0.0	1895098	156	20.0
1609223265.67	20000	59.608614	0.0	1939135	220	20.0
1609223266.5	20000	59.609627	0.0	1842874	241	20.0
1609223267.35	20000	59.860541	0.0	2235830	259	20.0
1609223268.64	20000	59.611553	0.0	2202171	195	20.0
1609223269.42	20000	59.612534	0.0	2242042	189	20.0
1609223270.61	20000	59.613561	0.0	1081763	106	20.0
1609223271.47	20000	59.614571	0.0	2409013	263	20.0
1609223272.26	20000	59.865632	0.0	1615028	200	20.0
1609223273.5	20000	59.616561	0.0	1413467	150	20.0
1609223274.25	20000	59.867637	0.0	1632450	157	20.0
1609223275.43	20000	59.618552	0.0	5664827	573	20.0
1609223276.05	20000	59.988946	0.0	4578115	511	20.0
1609223277.35	20000	59.87064	0.0	1783835	213	20.0
1609223278.57	20000	59.621581	0.0	1093613	128	20.0
1609223279.35	20000	59.87172	0.0	975642	194	20.0
1609223280.46	20000	59.623549	0.0	1658005	517	20.0
1609223281.15	20000	59.892278	0.0	3055257	598	20.0
1609223282.08	20000	59.96509	0.0	5355572	819	20.0
1609223283.57	20000	59.626558	0.0	3278424	386	20.0
1609223284.41	20000	59.877507	0.0	2318501	245	20.0
1609223285.28	20000	59.878593	0.0	2473561	280	20.0
1609223286.58	20000	59.629609	0.0	1730311	210	20.0
1609223287.33	20000	59.880618	0.0	1455812	158	20.0
1609223288.24	20000	59.881614	0.0	2869222	314	20.0
1609223289.18	20000	59.882548	0.0	3226650	344	20.0
1609223290.53	20000	59.633557	0.0	2705936	251	20.0
1609223291.37	20000	59.884608	0.0	2998622	246	20.0
1609223292.19	20000	59.885606	0.0	2928342	227	20.0
1609223293.55	20000	59.636622	0.0	3059979	257	20.0
1609223294.4	20000	59.806008	0.0	3367422	254	20.0
1609223295.64	20000	59.638533	0.0	1950694	149	20.0
1609223296.33	20000	59.889601	0.0	1541020	101	20.0
1609223297.59	20000	59.640533	0.0	2926720	162	20.0
1609223298.39	20000	59.89154	0.0	2991202	196	20.0
1609223299.2	20000	59.892542	0.0	3002106	211	20.0
1609223300.43	20000	59.643553	0.0	2015412	142	20.0
1609223301.26	20000	59.894544	0.0	2894863	234	20.0
1609223302.54	20000	59.645614	0.0	2185316	179	20.0
1609223303.4	20000	59.896561	0.0	3370605	266	20.0
1609223304.31	20000	59.897557	0.0	3492243	313	20.0
1609223305.57	20000	59.648541	0.0	1307592	177	20.0
1609223306.34	20000	59.899572	0.0	1881404	177	20.0
1609223307.57	20000	59.650553	0.0	1806471	133	20.0
1609223308.34	20000	59.901553	0.0	1945842	178	20.0
1609223309.66	20000	59.652618	0.0	2538877	215	20.0
1609223310.44	20000	59.653562	0.0	2298557	195	20.0
1609223311.3	20000	59.904567	0.0	2831497	258	20.0
1609223312.64	20000	59.655547	0.0	3200905	247	20.0
1609223313.42	20000	59.906601	0.0	2180586	181	20.0
1609223314.22	20000	59.90763	0.0	1500505	216	20.0
1609223315.53	20000	59.658539	0.0	1939246	209	20.0
1609223316.23	20000	59.909564	0.0	1599193	110	20.0
1609223317.49	20000	59.660549	0.0	2364826	165	20.0
1609223318.27	20000	59.911579	0.0	2517454	179	20.0
1609223319.5	20000	59.662624	0.0	1883143	137	20.0
1609223320.22	20000	59.913557	0.0	1726706	131	20.0
1609223321.36	20000	59.914558	0.0	707364	54	20.0
1609223322.51	20000	59.665535	0.0	796460	64	20.0
1609223323.65	20000	59.666596	0.0	596962	47	20.0
1609223324.3	20000	59.917625	0.0	947625	66	20.0
1609223325.44	20000	59.668574	0.0	832859	50	20.0
1609223326.53	20000	59.669617	0.0	151562	8	20.0
1609223327.61	20000	59.670541	0.0	90390	5	20.0
1609223328.17	20000	59.921578	0.0	50278	2	20.0
1609223329.22	20000	59.922639	0.0	26471	3	20.0
1609223330.27	20000	59.923541	0.0	40620	1	20.0
1609223330.61	4000	1.000999	0.036	334032	24	-0.7199999999999998
1609223331.23	4000	1.648882	0.0	6594552	493	4.0
1609223332.13	16000	1.752645	0.0	8849724	752	4.0
1609223332.54	20000	2.372192	0.0	3191121	302	16.0
1609223332.81	20000	3.097088	0.0	1661718	177	20.0
1609223333.04	20000	3.890229	0.0	1315024	141	20.0
1609223333.2	20000	4.733494	0.0	698359	74	20.0
1609223333.36	20000	5.571966	0.0	730082	77	20.0
1609223333.83	20000	6.102837	0.0	4047415	370	20.0
1609223334.19	20000	6.745731	0.0	2863079	262	20.0
1609223334.68	20000	7.254871	0.0	4167844	381	20.0
1609223335.3	20000	7.634444	0.0	5571764	509	20.0
1609223335.94	20000	7.994101	0.0	4925652	536	20.0
1609223336.25	20000	8.685175	0.0	2030157	219	20.0
1609223336.6	20000	9.33565	0.0	2240782	258	20.0
1609223336.95	20000	9.985682	0.0	2211169	260	20.0
1609223337.08	20000	10.858397	0.0	382046	43	20.0
1609223337.3	20000	11.641664	0.0	1113969	130	20.0
1609223337.48	20000	12.459147	0.0	820127	97	20.0
1609223338.37	20000	12.569416	0.0	6357933	775	20.0
1609223339.04	20000	12.908385	0.0	4814284	557	20.0
1609223339.56	20000	13.387252	0.0	3419258	422	20.0
1609223340.25	20000	13.698669	0.0	3944328	579	20.0
1609223341.0	20000	13.951393	0.0	4284196	646	20.0
1609223341.53	20000	14.421162	0.0	3022025	435	20.0
1609223341.9	20000	15.051519	0.0	2248581	279	20.0
1609223343.22	20000	14.732054	0.0	9946363	1184	20.0
1609223344.93	20000	14.018566	0.0	11684632	1577	20.0
1609223345.29	20000	14.657916	0.0	1849732	268	20.0
1609223345.67	20000	15.278506	0.0	1942795	288	20.0
1609223346.02	20000	15.936393	0.0	1704756	253	20.0
1609223346.36	20000	16.592448	0.0	1697111	252	20.0
1609223346.7	20000	17.25844	0.0	1529441	246	20.0
1609223347.04	20000	17.916686	0.0	1568649	254	20.0
1609223347.4	20000	18.556564	0.0	1677618	273	20.0
1609223347.73	20000	19.22844	0.0	1415096	240	20.0
