1609213978.8	4000	1.000999	0.014	60629	4	-0.28000000000000025
1609213980.13	16000	1.493726	0.794	11007815	1144	-11.88
1609213981.22	20000	1.626448	0.0	8849724	963	16.0
1609213981.68	20000	2.273432	0.0	3191121	354	20.0
1609213981.98	20000	2.993072	0.0	1661718	207	20.0
1609213982.24	20000	3.735606	0.0	1315024	163	20.0
1609213982.41	20000	4.561235	0.0	698359	86	20.0
1609213982.59	20000	5.383471	0.0	730082	89	20.0
1609213983.21	20000	5.766383	0.0	4047415	517	20.0
1609213983.68	20000	6.301104	0.0	2863079	366	20.0
1609213984.32	20000	6.654265	0.0	4167844	543	20.0
1609213985.16	20000	6.819087	0.0	5571764	725	20.0
1609213985.89	20000	7.088444	0.0	4925652	624	20.0
1609213986.23	20000	7.754	0.0	2030157	241	20.0
1609213986.59	20000	8.394242	0.0	2240782	266	20.0
1609213986.93	20000	9.054045	0.0	2211169	246	20.0
1609213987.06	20000	9.927931	0.0	382046	41	20.0
1609213987.27	20000	10.715904	0.0	1113969	124	20.0
1609213987.45	20000	11.538238	0.0	820127	90	20.0
1609213988.25	20000	11.73605	0.0	6357933	687	20.0
1609213988.87	20000	12.114191	0.0	4814284	510	20.0
1609213989.33	20000	12.654639	0.0	3419258	358	20.0
1609213989.85	20000	13.13909	0.0	3944328	409	20.0
1609213990.4	20000	13.593288	0.0	4284196	437	20.0
1609213990.8	20000	14.193451	0.0	3022025	303	20.0
1609213991.11	20000	14.880795	0.0	2248581	214	20.0
1609213992.19	20000	14.803188	0.0	9946363	947	20.0
1609213993.43	20000	14.565506	0.0	11684632	1099	20.0
1609213993.69	20000	15.30158	0.0	1849732	172	20.0
1609213993.95	20000	16.046005	0.0	1942795	164	20.0
1609213994.19	20000	16.810973	0.0	1704756	143	20.0
1609213994.42	20000	17.577364	0.0	1697111	142	20.0
1609213994.64	20000	18.359304	0.0	1529441	129	20.0
1609213994.85	20000	19.146115	0.0	1568649	122	20.0
1609213995.08	20000	19.926434	0.0	1677618	128	20.0
1609213995.27	20000	20.72884	0.0	1415096	108	20.0
1609213995.51	20000	21.493318	0.0	1894067	145	20.0
1609213995.69	20000	22.314189	0.0	1186604	91	20.0
1609213995.86	20000	23.142216	0.0	1068386	86	20.0
1609213996.09	20000	23.916491	0.0	1700843	137	20.0
1609213996.39	20000	24.617734	0.0	2536859	204	20.0
1609213996.89	20000	25.120338	0.0	4742872	392	20.0
1609213997.43	20000	25.577475	0.0	4955535	437	20.0
1609213997.63	20000	26.380025	0.0	1260540	110	20.0
1609213998.05	20000	26.966028	0.0	3605246	313	20.0
1609213998.39	20000	27.622965	0.0	2770338	247	20.0
1609213998.65	20000	28.367459	0.0	1855168	161	20.0
1609213998.87	20000	29.141106	0.0	1666915	133	20.0
1609213999.09	20000	29.929233	0.0	1555467	120	20.0
1609213999.25	20000	30.763885	0.0	1008919	77	20.0
1609213999.44	20000	31.580626	0.0	1227619	95	20.0
1609213999.6	20000	32.415254	0.0	1015853	77	20.0
1609213999.72	20000	33.301883	0.0	384076	28	20.0
1609213999.82	20000	34.197815	0.0	295687	20	20.0
1609214000.01	20000	35.014783	0.0	1328674	95	20.0
1609214000.2	20000	35.818218	0.0	1492829	107	20.0
1609214000.4	20000	36.621891	0.0	1484812	106	20.0
1609214000.63	20000	37.395699	0.0	1868314	134	20.0
1609214000.81	20000	38.212348	0.0	1253406	91	20.0
1609214000.97	20000	39.054033	0.0	887933	72	20.0
1609214001.15	20000	39.872609	0.0	1153403	94	20.0
1609214001.36	20000	40.671339	0.0	1249023	105	20.0
1609214001.56	20000	41.46516	0.0	1423973	116	20.0
1609214001.74	20000	42.290471	0.0	1060162	87	20.0
1609214001.94	20000	43.091191	0.0	1080597	110	20.0
1609214002.14	20000	43.888371	0.0	1156442	116	20.0
1609214002.46	20000	44.569994	0.0	2222640	225	20.0
1609214002.82	20000	45.210755	0.0	2587311	262	20.0
1609214003.15	20000	45.881895	0.0	2178351	235	20.0
1609214003.59	20000	46.4459	0.0	3121089	337	20.0
1609214003.99	20000	47.044821	0.0	2857420	302	20.0
1609214004.26	20000	47.775152	0.0	1702477	177	20.0
1609214004.51	20000	48.52571	0.0	1531670	159	20.0
1609214004.8	20000	49.239094	0.0	1863424	194	20.0
1609214005.1	20000	49.9412	0.0	1987392	206	20.0
1609214005.45	20000	50.58751	0.0	2505586	260	20.0
1609214006.61	20000	50.430759	0.0	9620218	1025	20.0
1609214007.0	20000	51.047865	0.0	2561608	285	20.0
1609214007.52	20000	51.525805	0.0	3633991	420	20.0
1609214008.0	20000	52.047983	0.0	3324070	376	20.0
1609214008.26	20000	52.786585	0.0	1560020	171	20.0
1609214008.51	20000	53.541245	0.0	1429188	156	20.0
1609214008.79	20000	54.257935	0.0	1754144	192	20.0
1609214009.04	20000	55.007449	0.0	1626020	160	20.0
1609214009.31	20000	55.745756	0.0	1739228	172	20.0
1609214009.57	20000	56.486579	0.0	1722735	170	20.0
1609214009.81	20000	57.244657	0.0	1538145	151	20.0
1609214010.05	20000	58.00541	0.0	1473412	143	20.0
1609214010.29	20000	58.769534	0.0	1498968	147	20.0
1609214010.6	20000	59.454534	0.0	2247334	221	20.0
1609214011.52	20000	59.617161	0.0	3156442	313	20.0
1609214012.3	20000	59.868123	0.0	1895098	190	20.0
1609214013.58	20000	59.619179	0.0	1939135	189	20.0
1609214014.35	20000	59.870174	0.0	1842874	177	20.0
1609214015.68	20000	59.621156	0.0	2235830	236	20.0
1609214016.14	20000	59.922357	0.0	2202171	362	20.0
1609214017.64	20000	59.62315	0.0	2242042	409	20.0
1609214018.42	20000	59.874149	0.0	1081763	188	20.0
1609214019.51	20000	59.62514	0.0	2409013	489	20.0
1609214020.44	20000	59.626133	0.0	1615028	345	20.0
1609214021.27	20000	59.877153	0.0	1413467	233	20.0
1609214022.63	20000	59.62814	0.0	1632450	264	20.0
1609214023.75	20000	59.325206	0.0	5664827	1006	20.0
1609214024.58	20000	59.487836	0.0	4578115	731	20.0
1609214025.45	20000	59.631149	0.0	1783835	273	20.0
1609214026.66	20000	59.632152	0.0	1093613	117	20.0
1609214027.33	20000	59.883164	0.0	975642	82	20.0
1609214028.55	20000	59.634159	0.0	1658005	122	20.0
1609214029.43	20000	59.885156	0.0	3055257	282	20.0
1609214030.15	20000	59.924487	0.0	5355572	610	20.0
1609214031.55	20000	59.637146	0.0	3278424	289	20.0
1609214032.28	20000	59.888161	0.0	2318501	139	20.0
1609214033.54	20000	59.639169	0.0	2473561	158	20.0
1609214034.26	20000	59.89017	0.0	1730311	130	20.0
1609214035.43	20000	59.891172	0.0	1455812	81	20.0
1609214036.66	20000	59.642162	0.0	2869222	123	20.0
1609214037.39	20000	59.888577	0.0	3226650	137	20.0
1609214038.61	20000	59.644148	0.0	2705936	117	20.0
1609214039.36	20000	59.895165	0.0	2998622	149	20.0
1609214040.65	20000	59.646153	0.0	2928342	197	20.0
1609214041.44	20000	59.647162	0.0	3059979	192	20.0
1609214042.22	20000	59.898184	0.0	3367422	175	20.0
1609214043.41	20000	59.899172	0.0	1950694	103	20.0
1609214044.59	20000	59.650158	0.0	1541020	86	20.0
1609214045.36	20000	59.90117	0.0	2926720	170	20.0
1609214046.68	20000	59.65216	0.0	2991202	228	20.0
1609214047.47	20000	59.653163	0.0	3002106	187	20.0
1609214048.67	20000	59.654165	0.0	2015412	111	20.0
1609214049.12	20000	59.971883	0.0	2894863	356	20.0
1609214050.56	20000	59.656165	0.0	2185316	342	20.0
1609214051.58	20000	59.65715	0.0	3370605	415	20.0
1609214052.51	20000	59.658148	0.0	3492243	328	20.0
1609214053.2	20000	59.909165	0.0	1307592	99	20.0
1609214054.51	20000	59.660161	0.0	1881404	217	20.0
1609214055.4	20000	59.911135	0.0	1806471	296	20.0
1609214056.31	20000	59.91215	0.0	1945842	316	20.0
1609214057.25	20000	59.913157	0.0	2538877	342	20.0
1609214058.6	20000	59.664148	0.0	2298557	250	20.0
1609214059.5	20000	59.665058	0.0	2831497	305	20.0
1609214060.48	20000	59.666158	0.0	3200905	373	20.0
1609214061.38	20000	59.917173	0.0	2180586	307	20.0
1609214062.19	20000	59.918153	0.0	1500505	226	20.0
1609214063.6	20000	59.669166	0.0	1939246	312	20.0
1609214064.48	20000	59.66365	0.0	1599193	294	20.0
1609214065.32	20000	59.921156	0.0	2364826	231	20.0
1609214066.58	20000	59.672153	0.0	2517454	166	20.0
1609214067.29	20000	59.923159	0.0	1883143	119	20.0
1609214068.48	20000	59.674145	0.0	1726706	100	20.0
1609214069.61	20000	59.675142	0.0	707364	39	20.0
1609214070.24	20000	59.926154	0.0	796460	44	20.0
1609214071.36	20000	59.927158	0.0	596962	30	20.0
1609214072.49	20000	59.678144	0.0	947625	40	20.0
1609214073.61	20000	59.679159	0.0	832859	31	20.0
1609214074.2	20000	59.930167	0.0	151562	5	20.0
1609214075.28	20000	59.931172	0.0	90390	2	20.0
1609214076.35	20000	59.932174	0.0	50278	2	20.0
1609214077.4	20000	59.933172	0.0	26471	4	20.0
1609214078.44	20000	59.934169	0.0	40620	1	20.0
1609214078.77	4000	1.000999	0.034	334032	18	-0.6800000000000002
1609214079.61	20000	1.433976	0.0	11007815	663	4.0
1609214080.29	20000	1.751859	0.0	8849724	548	20.0
1609214080.59	20000	2.473354	0.0	3191121	203	20.0
1609214080.79	20000	3.276472	0.0	1661718	106	20.0
1609214080.97	20000	4.104279	0.0	1315024	84	20.0
1609214081.09	20000	4.975734	0.0	698359	43	20.0
1609214081.23	20000	5.864924	0.0	730082	42	20.0
1609214081.61	20000	6.487956	0.0	4047415	274	20.0
1609214081.9	20000	7.197202	0.0	2863079	193	20.0
1609214082.29	20000	7.81111	0.0	4167844	282	20.0
1609214082.8	20000	8.302988	0.0	5571764	399	20.0
1609214083.25	20000	8.846498	0.0	4925652	352	20.0
1609214083.51	20000	9.592114	0.0	2030157	162	20.0
1609214083.79	20000	10.312653	0.0	2240782	178	20.0
1609214084.06	20000	11.043556	0.0	2211169	177	20.0
1609214084.17	20000	11.928963	0.0	382046	29	20.0
1609214084.35	20000	12.758015	0.0	1113969	83	20.0
1609214084.49	20000	13.615484	0.0	820127	56	20.0
1609214085.05	20000	14.053654	0.0	6357933	446	20.0
1609214085.53	20000	14.579235	0.0	4814284	366	20.0
1609214085.91	20000	15.19373	0.0	3419258	283	20.0
1609214086.35	20000	15.76128	0.0	3944328	327	20.0
1609214086.84	20000	16.272587	0.0	4284196	384	20.0
1609214087.22	20000	16.89488	0.0	3022025	269	20.0
1609214087.51	20000	17.606855	0.0	2248581	193	20.0
1609214088.55	20000	17.56224	0.0	9946363	907	20.0
1609214090.44	20000	16.675659	0.0	11684632	1748	20.0
1609214090.77	20000	17.346305	0.0	1849732	238	20.0
1609214091.11	20000	18.006643	0.0	1942795	250	20.0
1609214091.41	20000	18.710273	0.0	1704756	205	20.0
1609214091.68	20000	19.44329	0.0	1697111	176	20.0
1609214091.92	20000	20.195802	0.0	1529441	158	20.0
1609214092.18	20000	20.942106	0.0	1568649	162	20.0
1609214092.44	20000	21.676821	0.0	1677618	166	20.0
