1608614609.52	4000	1.000999	0.097	60629	86	-1.94
1608614611.99	2000	1.39832	1.838	1072422	2376	-36.76
1608614614.31	2000	1.488065	1.409	1121405	2235	-26.18
1608614616.09	2000	1.398521	0.686	728514	1693	-11.72
1608614617.61	8000	1.335226	0.456	946554	1429	-7.119999999999999
1608614619.5	8000	1.284237	0.597	768486	1812	-3.9399999999999995
1608614620.2	8000	1.590812	0.0	398693	607	8.0
1608614620.82	8000	1.967702	0.0	358785	541	8.0
1608614623.84	8000	1.38465	1.437	1838971	2931	-20.74
1608614625.18	4000	1.322374	0.272	927735	1243	-5.44
1608614626.64	2000	1.345634	0.481	905521	1367	-9.62
1608614628.36	2000	1.342985	0.707	975494	1640	-12.14
1608614630.47	2000	1.301349	1.062	873443	2019	-19.24
1608614631.62	2000	1.364225	0.215	420093	1071	-2.3
1608614632.38	2000	1.606311	0.0	432386	677	2.0
1608614633.06	2000	1.928837	0.0	430845	596	2.0
1608614633.46	12000	2.530899	0.0	243072	312	2.0
1608614634.75	12000	2.236318	0.0	793783	1209	12.0
1608614635.69	12000	2.519145	0.0	531720	858	12.0
1608614641.5	4000	1.499084	3.79	2995445	5707	-79.8
1608614644.26	2000	1.289523	1.548	922146	2667	-30.96
1608614645.82	2000	1.355466	0.602	760526	1469	-10.04
1608614646.61	2000	1.564581	0.0	866360	708	2.0
1608614647.35	2000	1.823467	0.0	821406	657	2.0
1608614647.89	2000	2.288576	0.0	576666	452	2.0
1608614648.29	2000	2.88985	0.0	399536	318	2.0
1608614650.43	2000	1.750121	0.0	2503359	2049	2.0
1608614652.48	2000	1.463807	0.765	2158640	1963	-13.3
1608614653.88	12000	1.479464	0.416	1491397	1313	-6.32
1608614655.64	12000	1.253934	0.302	1560434	1670	5.96
1608614656.93	12000	1.306699	0.349	1396705	1210	5.02
1608614658.91	12000	1.406136	1.076	1392963	1892	-9.52
1608614660.52	12000	1.483201	0.685	1276651	1523	-1.6999999999999993
1608614662.92	12000	1.415261	1.333	1314540	2309	-14.66
1608614665.04	8000	1.253522	0.956	1132419	2027	-15.120000000000001
1608614666.7	8000	1.460756	0.868	977239	1575	-9.36
1608614668.63	8000	1.329975	0.798	1356524	1842	-7.960000000000001
1608614669.95	8000	1.378764	0.368	801103	1233	0.6399999999999997
1608614671.07	8000	1.49757	0.231	686354	1023	3.38
1608614672.3	8000	1.479106	0.219	1097671	1152	3.62
1608614674.57	8000	1.448877	1.236	1598754	2176	-16.72
1608614675.76	8000	1.434959	0.178	1172467	1106	4.4399999999999995
1608614678.45	8000	1.363386	1.613	1818385	2595	-24.259999999999998
1608614679.21	8000	1.603803	0.0	890138	675	8.0
1608614681.44	8000	1.478093	1.104	2345010	2139	-14.079999999999998
1608614684.82	8000	1.332728	2.231	1735323	3289	-36.62
1608614686.26	8000	1.314827	0.42	1153767	1344	-0.40000000000000036
1608614687.31	8000	1.485724	0.225	1020736	966	3.5
1608614688.18	8000	1.612019	0.0	965874	790	8.0
1608614689.27	20000	1.532147	0.0	1008919	991	8.0
1608614691.48	20000	1.463912	1.143	1227619	2128	-2.8599999999999994
1608614692.49	20000	1.456953	0.0	1015853	924	20.0
1608614692.87	20000	2.071061	0.0	384076	306	20.0
1608614693.18	20000	2.763949	0.0	295687	226	20.0
1608614694.57	20000	2.372629	0.0	1328674	1306	20.0
1608614696.84	20000	1.361208	0.255	1492829	2177	14.9
1608614697.89	20000	1.367233	0.056	1484812	962	18.88
1608614699.48	20000	1.423753	0.65	1868314	1504	7.0
1608614700.52	20000	1.388646	0.0	1253406	943	20.0
1608614701.47	20000	1.443091	0.0	887933	864	20.0
1608614702.8	20000	1.326353	0.213	1153403	1243	15.74
1608614704.46	20000	1.289652	0.626	1249023	1577	7.48
1608614706.51	20000	1.416432	1.178	1423973	1963	-3.5599999999999987
1608614707.57	20000	1.357116	0.0	1060162	974	20.0
1608614708.3	12000	1.630762	0.0	812821	638	4.0
1608614709.02	12000	1.909256	0.0	856497	637	12.0
1608614710.64	12000	1.348099	0.057	1700457	1524	10.86
1608614711.94	12000	1.406236	0.354	1970588	1206	4.92
1608614713.04	12000	1.307971	0.0	1652704	1011	12.0
1608614714.91	12000	1.262709	0.822	2412882	1778	-4.440000000000001
1608614717.3	12000	1.343821	1.46	2213643	2298	-17.2
1608614719.51	12000	1.305612	1.174	1294662	2128	-11.48
1608614720.49	12000	1.480932	0.158	1157734	898	8.84
1608614722.56	12000	1.390398	0.978	1439296	1982	-7.559999999999999
1608614724.67	12000	1.369306	1.081	1558739	2015	-9.620000000000001
1608614726.3	8000	1.451894	0.716	1472726	1545	-10.32
1608614732.14	2000	1.418614	4.803	2234357	5742	-100.06
1608614732.83	2000	1.72946	0.0	560537	597	2.0
1608614733.43	2000	2.129543	0.0	577595	518	2.0
1608614734.57	4000	1.989172	0.0	1410236	1054	2.0
1608614735.58	8000	2.034489	0.0	953056	924	4.0
1608614736.55	12000	2.23665	0.0	1132545	877	8.0
1608614738.26	16000	1.524883	0.0	1754144	1623	12.0
1608614739.66	16000	1.258724	0.131	1626020	1311	13.379999999999999
1608614741.26	16000	1.390402	0.731	1739228	1513	1.3800000000000008
1608614743.46	16000	1.372182	1.181	1722735	2112	-7.620000000000001
1608614745.44	16000	1.304254	0.915	1538145	1895	-2.3000000000000007
1608614746.53	16000	1.465839	0.252	1473412	1002	10.96
1608614747.42	12000	1.577894	0.0	1180684	799	8.0
1608614748.53	12000	1.470452	0.0	1739841	1017	12.0
1608614750.22	12000	1.474173	0.693	2506643	1588	-1.8599999999999994
1608614751.19	12000	1.501195	0.0	1488968	887	12.0
1608614752.42	16000	1.418781	0.145	1939135	1137	9.1
1608614753.97	16000	1.314773	0.439	1842874	1454	7.220000000000001
1608614755.82	16000	1.254074	0.794	2235830	1763	0.11999999999999922
1608614757.41	16000	1.299029	0.63	2202171	1494	3.4000000000000004
1608614759.17	16000	1.423216	0.89	2242042	1671	-1.8000000000000007
1608614759.95	16000	1.650154	0.0	1081763	690	16.0
1608614761.58	16000	1.3207	0.307	2409013	1538	9.86
1608614762.55	16000	1.37886	0.029	1615028	884	15.42
1608614763.48	16000	1.457466	0.0	1413467	833	16.0
1608614764.33	12000	1.608389	0.0	1291599	761	8.0
1608614766.83	12000	1.41027	1.302	4082189	2397	-14.04
1608614769.21	12000	1.46259	1.433	3284299	2287	-16.66
1608614770.59	20000	1.396091	0.316	1783835	1293	5.68
1608614771.18	20000	1.813314	0.0	1093613	500	20.0
1608614771.72	20000	2.268584	0.0	975642	463	20.0
1608614772.75	20000	2.240795	0.0	1658005	941	20.0
1608614774.52	12000	1.473718	0.0	2325287	1674	4.0
1608614776.15	8000	1.466824	0.622	2618824	1533	-8.44
1608614777.6	8000	1.339599	0.324	1820110	1365	1.5199999999999996
1608614778.86	16000	1.414086	0.334	2318501	1168	1.3200000000000003
1608614780.35	16000	1.498871	0.577	2473561	1403	4.460000000000001
1608614781.29	16000	1.559171	0.0	1730311	853	16.0
1608614782.08	16000	1.775261	0.0	1455812	699	16.0
1608614783.95	16000	1.329656	0.424	2869222	1778	7.52
1608614785.53	16000	1.254062	0.503	3226650	1484	5.9399999999999995
1608614786.17	16000	1.613051	0.0	2705936	545	16.0
1608614786.91	16000	1.873762	0.0	2998622	645	16.0
1608614787.76	20000	2.023441	0.0	2928342	757	16.0
1608614788.85	20000	1.932938	0.0	3059979	998	20.0
