1608624082.03	4000	1.000999	0.013	60629	3	-0.4159999999999999
1608624082.13	2000	1.945678	0.0	1072422	58	0.0
1608624082.23	2000	2.845797	0.0	1121405	85	2.0
1608624082.29	2000	3.779421	0.0	728514	54	2.0
1608624082.35	2000	4.739021	0.0	508013	42	2.0
1608624082.39	2000	5.699027	0.0	395538	29	2.0
1608624082.42	4000	6.664852	0.0	274373	19	2.0
1608624082.45	4000	7.640831	0.0	222226	16	4.0
1608624082.62	8000	8.501368	0.0	1838971	140	4.0
1608624082.74	8000	9.381539	0.0	1382199	105	8.0
1608624082.92	8000	10.201004	0.0	2052265	159	8.0
1608624083.29	12000	10.834491	0.0	4074608	330	8.0
1608624083.63	12000	11.494477	0.0	3844696	310	12.0
1608624083.82	16000	12.306416	0.0	2030157	163	12.0
1608624084.07	16000	13.049748	0.0	2240782	239	16.0
1608624084.33	16000	13.795826	0.0	2211169	235	16.0
1608624084.38	16000	14.745554	0.0	382046	39	16.0
1608624084.51	16000	15.614284	0.0	1113969	118	16.0
1608624084.61	20000	16.515781	0.0	820127	86	16.0
1608624085.32	20000	16.811583	0.0	6357933	661	20.0
1608624085.84	20000	17.285439	0.0	4814284	495	20.0
1608624086.19	20000	17.937949	0.0	3419258	323	20.0
1608624086.59	20000	18.540011	0.0	3944328	373	20.0
1608624087.03	20000	19.103054	0.0	4284196	411	20.0
1608624087.35	20000	19.786179	0.0	3022025	296	20.0
1608624087.59	20000	20.548925	0.0	2248581	220	20.0
1608624088.73	20000	20.633565	0.0	9946363	1064	20.0
1608624090.14	20000	20.224698	0.0	11684632	1336	20.0
1608624090.41	20000	20.957966	0.0	1849732	247	20.0
1608624090.69	20000	21.678391	0.0	1942795	260	20.0
1608624090.94	20000	22.438082	0.0	1704756	222	20.0
1608624091.17	20000	23.199602	0.0	1697111	213	20.0
1608624091.38	20000	23.98961	0.0	1529441	192	20.0
1608624091.6	20000	24.774845	0.0	1568649	196	20.0
1608624091.83	20000	25.545822	0.0	1677618	211	20.0
1608624092.0	20000	26.375363	0.0	1415096	153	20.0
1608624092.22	20000	27.155181	0.0	1894067	201	20.0
1608624092.36	20000	28.013311	0.0	1186604	126	20.0
1608624092.49	20000	28.885653	0.0	1068386	112	20.0
1608624092.69	20000	29.685421	0.0	1700843	182	20.0
1608624092.99	20000	30.390687	0.0	2536859	270	20.0
1608624093.54	20000	30.840912	0.0	4742872	513	20.0
1608624094.12	20000	31.256973	0.0	4955535	547	20.0
1608624094.28	20000	32.097201	0.0	1260540	142	20.0
1608624094.73	20000	32.655423	0.0	3605246	411	20.0
1608624095.1	20000	33.287947	0.0	2770338	342	20.0
1608624095.36	20000	34.024281	0.0	1855168	244	20.0
1608624095.6	20000	34.785563	0.0	1666915	219	20.0
1608624095.82	20000	35.563803	0.0	1555467	204	20.0
1608624095.96	20000	36.425161	0.0	1008919	123	20.0
1608624096.13	20000	37.261899	0.0	1227619	147	20.0
1608624096.26	20000	38.124894	0.0	1015853	121	20.0
1608624096.32	20000	39.068645	0.0	384076	44	20.0
1608624096.37	20000	40.022131	0.0	295687	34	20.0
1608624096.55	20000	40.845709	0.0	1328674	159	20.0
1608624096.75	20000	41.648797	0.0	1492829	179	20.0
1608624096.94	20000	42.452981	0.0	1484812	178	20.0
1608624097.2	20000	43.200909	0.0	1868314	231	20.0
1608624097.37	20000	44.02938	0.0	1253406	154	20.0
1608624097.49	20000	44.905167	0.0	887933	108	20.0
1608624097.65	20000	45.746684	0.0	1153403	142	20.0
1608624097.83	20000	46.569423	0.0	1249023	160	20.0
1608624098.05	20000	47.353742	0.0	1423973	195	20.0
1608624098.22	20000	48.185864	0.0	1060162	153	20.0
1608624098.39	20000	49.01372	0.0	1080597	155	20.0
1608624098.57	20000	49.830167	0.0	1156442	167	20.0
1608624098.92	20000	50.486096	0.0	2222640	322	20.0
1608624099.3	20000	51.102536	0.0	2587311	358	20.0
1608624099.63	20000	51.779218	0.0	2178351	301	20.0
1608624100.1	20000	52.306247	0.0	3121089	448	20.0
1608624100.57	20000	52.841733	0.0	2857420	440	20.0
1608624100.85	20000	53.561516	0.0	1702477	261	20.0
1608624101.08	20000	54.333011	0.0	1531670	210	20.0
1608624101.35	20000	55.065087	0.0	1863424	249	20.0
1608624101.63	20000	55.778952	0.0	1987392	266	20.0
1608624102.0	20000	56.417955	0.0	2505586	338	20.0
1608624103.42	20000	55.992064	0.0	9620218	1368	20.0
1608624103.81	20000	56.610641	0.0	2561608	355	20.0
1608624104.34	20000	57.077925	0.0	3633991	502	20.0
1608624104.83	20000	57.589589	0.0	3324070	461	20.0
1608624105.06	20000	58.361525	0.0	1560020	211	20.0
1608624105.27	20000	59.152952	0.0	1429188	191	20.0
1608624105.52	20000	59.90033	0.0	1754144	234	20.0
1608624106.76	20000	59.833441	0.0	1626020	217	20.0
1608624108.0	20000	59.584482	0.0	1739228	216	20.0
1608624108.74	20000	59.835387	0.0	1722735	218	20.0
1608624109.95	20000	59.586382	0.0	1538145	195	20.0
1608624110.71	20000	59.837346	0.0	1473412	236	20.0
1608624111.98	20000	59.588461	0.0	1498968	242	20.0
1608624112.86	20000	59.589458	0.0	2247334	359	20.0
1608624113.9	20000	59.590463	0.0	3156442	518	20.0
1608624114.72	20000	59.841405	0.0	1895098	297	20.0
1608624116.04	20000	59.592436	0.0	1939135	296	20.0
1608624116.91	20000	59.593432	0.0	1842874	347	20.0
1608624117.78	20000	59.844445	0.0	2235830	345	20.0
1608624118.61	20000	59.845384	0.0	2202171	311	20.0
1608624119.93	20000	59.596443	0.0	2242042	295	20.0
1608624120.59	20000	59.847379	0.0	1081763	146	20.0
1608624121.89	20000	59.598491	0.0	2409013	274	20.0
1608624123.08	20000	59.599357	0.0	1615028	163	20.0
1608624123.7	20000	59.850469	0.0	1413467	100	20.0
1608624124.84	20000	59.851369	0.0	1632450	116	20.0
1608624125.76	20000	59.852388	0.0	5664827	373	20.0
1608624126.59	20000	59.853422	0.0	4578115	298	20.0
1608624127.74	20000	59.854415	0.0	1783835	121	20.0
1608624128.82	20000	59.855372	0.0	1093613	67	20.0
1608624129.9	20000	59.606474	0.0	975642	61	20.0
1608624131.01	20000	59.607367	0.0	1658005	85	20.0
1608624131.67	20000	59.858395	0.0	3055257	137	20.0
1608624132.93	20000	59.609461	0.0	5355572	218	20.0
1608624133.63	20000	59.860354	0.0	3278424	166	20.0
1608624134.76	20000	59.861376	0.0	2318501	107	20.0
1608624135.9	20000	59.612458	0.0	2473561	111	20.0
1608624137.0	20000	59.613406	0.0	1730311	73	20.0
1608624138.08	20000	59.614372	0.0	1455812	69	20.0
1608624138.79	20000	59.817706	0.0	2869222	178	20.0
1608624140.03	20000	59.616459	0.0	3226650	215	20.0
1608624140.74	20000	59.867507	0.0	2705936	176	20.0
1608624141.96	20000	59.618377	0.0	2998622	196	20.0
1608624142.69	20000	59.869457	0.0	2928342	203	20.0
1608624143.96	20000	59.620403	0.0	3059979	235	20.0
1608624144.72	20000	59.871463	0.0	3367422	239	20.0
1608624145.87	20000	59.622369	0.0	1950694	118	20.0
1608624147.0	20000	59.623352	0.0	1541020	115	20.0
1608624147.72	20000	59.874381	0.0	2926720	187	20.0
1608624148.95	20000	59.625441	0.0	2991202	204	20.0
1608624149.85	20000	59.62648	0.0	3002106	369	20.0
1608624151.05	20000	59.627405	0.0	2015412	183	20.0
1608624151.94	20000	59.628404	0.0	2894863	359	20.0
1608624152.65	20000	59.879466	0.0	2185316	191	20.0
1608624154.01	20000	59.630355	0.0	3370605	322	20.0
1608624154.86	20000	59.631365	0.0	3492243	319	20.0
1608624155.99	20000	59.632416	0.0	1307592	113	20.0
1608624156.73	20000	59.883365	0.0	1881404	210	20.0
1608624157.75	20000	59.72788	0.0	1806471	999	20.0
1608624158.88	20000	59.63536	0.0	1945842	614	20.0
1608624160.09	20000	59.6364	0.0	2538877	179	20.0
1608624160.8	20000	59.887455	0.0	2298557	189	20.0
1608624162.07	20000	59.638368	0.0	2831497	238	20.0
1608624162.81	20000	59.889409	0.0	3200905	213	20.0
1608624163.99	20000	59.640458	0.0	2180586	156	20.0
1608624164.63	20000	59.891369	0.0	1500505	120	20.0
1608624165.81	20000	59.892458	0.0	1939246	146	20.0
1608624166.94	20000	59.643412	0.0	1599193	115	20.0
1608624168.08	20000	59.644454	0.0	2364826	114	20.0
1608624168.71	20000	59.895349	0.0	2517454	101	20.0
1608624169.8	20000	59.896359	0.0	1883143	77	20.0
1608624170.88	20000	59.647401	0.0	1726706	59	20.0
1608624171.93	20000	59.648457	0.0	707364	32	20.0
1608624172.99	20000	59.649458	0.0	796460	40	20.0
1608624174.03	20000	59.650376	0.0	596962	25	20.0
1608624174.6	20000	59.9014	0.0	947625	51	20.0
1608624175.66	20000	59.90237	0.0	832859	42	20.0
1608624176.68	20000	59.903341	0.0	151562	8	20.0
1608624177.7	20000	59.904348	0.0	90390	6	20.0
1608624178.71	20000	59.905167	0.0	50278	2	20.0
1608624179.73	20000	59.90644	0.0	26471	4	20.0
1608624180.75	20000	59.907347	0.0	40620	8	20.0
1608624181.09	4000	1.000999	0.035	335737	23	-1.12
1608624181.19	2000	2.001999	0.0	1072422	76	0.0
1608624181.29	2000	3.002999	0.0	1121405	78	2.0
1608624181.35	2000	4.003999	0.0	728514	51	2.0
1608624181.4	2000	4.979823	0.0	508013	35	2.0
1608624181.45	2000	5.93105	0.0	395538	36	2.0
1608624181.5	4000	6.889165	0.0	274373	24	2.0
1608624181.53	4000	7.857976	0.0	222226	19	4.0
1608624181.73	8000	8.65697	0.0	1838971	173	4.0
1608624181.88	8000	9.508889	0.0	1382199	130	8.0
1608624182.1	8000	10.292973	0.0	2052265	193	8.0
1608624182.51	12000	10.890441	0.0	4074608	377	8.0
1608624182.87	12000	11.53305	0.0	3844696	330	12.0
1608624183.07	16000	12.33679	0.0	2030157	174	12.0
1608624183.28	16000	13.126477	0.0	2240782	192	16.0
1608624183.47	16000	13.931795	0.0	2211169	177	16.0
1608624183.51	16000	14.896764	0.0	382046	24	16.0
1608624183.6	16000	15.810489	0.0	1113969	73	16.0
1608624183.66	20000	16.745601	0.0	820127	53	16.0
1608624184.13	20000	17.277462	0.0	6357933	424	20.0
1608624184.51	20000	17.902989	0.0	4814284	342	20.0
1608624184.89	20000	18.522363	0.0	3419258	356	20.0
1608624185.33	20000	19.0865	0.0	3944328	410	20.0
1608624185.89	20000	19.526347	0.0	4284196	532	20.0
1608624186.3	20000	20.112751	0.0	3022025	393	20.0
1608624186.61	20000	20.801216	0.0	2248581	292	20.0
1608624188.03	20000	20.617688	0.0	9946363	1341	20.0
1608624189.95	20000	19.694287	0.0	11684632	1852	20.0
1608624190.44	20000	20.21067	0.0	1849732	464	20.0
1608624190.7	20000	20.94844	0.0	1942795	242	20.0
1608624190.93	20000	21.721252	0.0	1704756	207	20.0
1608624191.16	20000	22.487964	0.0	1697111	205	20.0
1608624191.37	20000	23.283132	0.0	1529441	186	20.0
1608624191.63	20000	24.02353	0.0	1568649	241	20.0
1608624191.96	20000	24.69575	0.0	1677618	308	20.0
