1608544307.61	4000	1.000999	0.022	60629	13	-0.43999999999999995
1608544309.62	4000	1.46527	1.448	6594552	1871	-24.96
1608544312.19	8000	1.33406	1.18	7078153	2441	-19.6
1608544314.66	20000	1.250681	1.365	3191121	2365	-19.3
1608544315.4	20000	1.528798	0.0	1661718	647	20.0
1608544316.63	20000	1.302822	0.0	1315024	1134	20.0
1608544317.38	20000	1.554041	0.0	698359	660	20.0
1608544317.96	20000	1.969708	0.0	730082	496	20.0
1608544320.35	12000	1.282539	0.701	2514829	2286	-10.02
1608544321.52	12000	1.485279	0.371	1861181	1079	4.58
1608544322.55	8000	1.456286	0.0	2052265	934	4.0
1608544323.18	8000	1.827913	0.0	3005823	532	8.0
1608544323.69	8000	2.323714	0.0	2879726	408	8.0
1608544324.06	20000	2.952306	0.0	2030157	276	8.0
1608544324.45	20000	3.568491	0.0	2240782	292	20.0
1608544324.81	20000	4.210196	0.0	2211169	266	20.0
1608544324.93	20000	5.081498	0.0	382046	44	20.0
1608544325.16	20000	5.861031	0.0	1113969	133	20.0
1608544325.34	20000	6.678229	0.0	820127	97	20.0
1608544326.3	20000	6.72169	0.0	6357933	842	20.0
1608544327.15	20000	6.874504	0.0	4814284	729	20.0
1608544327.7	20000	7.320267	0.0	3419258	448	20.0
1608544328.3	20000	7.725175	0.0	3944328	491	20.0
1608544328.86	20000	8.161143	0.0	4284196	457	20.0
1608544329.28	20000	8.739202	0.0	3022025	322	20.0
1608544329.64	20000	9.386651	0.0	2248581	258	20.0
1608544330.99	20000	9.034072	0.0	9946363	1204	20.0
1608544332.81	20000	8.213849	0.0	11684632	1678	20.0
1608544333.24	20000	8.787443	0.0	1849732	333	20.0
1608544333.62	20000	9.406561	0.0	1942795	288	20.0
1608544333.95	20000	10.079242	0.0	1704756	235	20.0
1608544334.28	20000	10.753034	0.0	1697111	235	20.0
1608544334.59	20000	11.439166	0.0	1529441	223	20.0
1608544334.93	20000	12.108644	0.0	1568649	238	20.0
1608544335.27	20000	12.760725	0.0	1677618	253	20.0
1608544335.6	20000	13.435061	0.0	1415096	236	20.0
1608544336.03	20000	14.006846	0.0	1894067	334	20.0
1608544336.33	20000	14.708985	0.0	1186604	208	20.0
1608544336.56	20000	15.479663	0.0	1068386	140	20.0
1608544336.87	20000	16.169682	0.0	1700843	220	20.0
1608544337.3	20000	16.745099	0.0	2536859	330	20.0
1608544338.15	20000	16.892783	0.0	4742872	745	20.0
1608544338.95	20000	17.094163	0.0	4955535	690	20.0
1608544339.2	20000	17.839168	0.0	1260540	165	20.0
1608544339.73	20000	18.316578	0.0	3605246	420	20.0
1608544340.13	20000	18.916609	0.0	2770338	303	20.0
1608544340.43	20000	19.619917	0.0	1855168	203	20.0
1608544340.74	20000	20.311159	0.0	1666915	215	20.0
1608544341.03	20000	21.017054	0.0	1555467	201	20.0
1608544341.25	20000	21.79876	0.0	1008919	129	20.0
1608544341.52	20000	22.529869	0.0	1227619	180	20.0
1608544341.85	20000	23.204721	0.0	1015853	238	20.0
1608544342.02	20000	24.03244	0.0	384076	87	20.0
1608544342.17	20000	24.881765	0.0	295687	66	20.0
1608544342.58	20000	25.476065	0.0	1328674	318	20.0
1608544343.05	20000	26.001613	0.0	1492829	385	20.0
1608544343.53	20000	26.528594	0.0	1484812	381	20.0
1608544344.12	20000	26.935662	0.0	1868314	499	20.0
1608544344.52	20000	27.534117	0.0	1253406	308	20.0
1608544344.76	20000	28.294786	0.0	887933	152	20.0
1608544345.05	20000	29.008175	0.0	1153403	198	20.0
1608544345.36	20000	29.704355	0.0	1249023	215	20.0
1608544345.79	20000	30.274178	0.0	1423973	342	20.0
1608544346.15	20000	30.914506	0.0	1060162	272	20.0
1608544346.56	20000	31.507804	0.0	1080597	320	20.0
1608544347.78	20000	31.280209	0.0	1156442	1140	20.0
1608544348.87	20000	31.19625	0.0	2222640	991	20.0
1608544349.78	20000	31.286842	0.0	2587311	815	20.0
1608544350.89	20000	31.177496	0.0	2178351	1016	20.0
1608544352.12	20000	30.954046	0.0	3121089	1127	20.0
1608544352.9	20000	31.167777	0.0	2857420	690	20.0
1608544353.35	20000	31.719624	0.0	1702477	357	20.0
1608544353.79	20000	32.283847	0.0	1531670	345	20.0
1608544354.32	20000	32.750865	0.0	1863424	441	20.0
1608544355.04	20000	33.038541	0.0	1987392	619	20.0
1608544356.04	20000	33.030625	0.0	2505586	912	20.0
1608544359.32	20000	30.761095	0.0	9620218	3138	20.0
1608544360.3	20000	30.776491	0.0	2561608	888	20.0
1608544362.07	20000	30.013198	0.0	3633991	1661	20.0
1608544363.18	20000	29.896978	0.0	3324070	1011	20.0
1608544363.68	20000	30.398916	0.0	1560020	409	20.0
1608544364.16	20000	30.916925	0.0	1429188	393	20.0
1608544364.74	20000	31.341783	0.0	1754144	484	20.0
1608544365.3	20000	31.780818	0.0	1626020	463	20.0
1608544366.0	20000	32.082883	0.0	1739228	598	20.0
1608544366.88	20000	32.208364	0.0	1722735	781	20.0
1608544367.94	20000	32.150577	0.0	1538145	965	20.0
1608544369.12	20000	31.963743	0.0	1473412	1095	20.0
1608544369.98	20000	32.110547	0.0	1498968	764	20.0
1608544370.72	20000	32.364253	0.0	2247334	653	20.0
1608544371.35	20000	32.741742	0.0	3156442	525	20.0
1608544371.77	20000	33.323611	0.0	1895098	327	20.0
1608544372.23	20000	33.862385	0.0	1939135	369	20.0
1608544372.67	20000	34.421383	0.0	1842874	349	20.0
1608544373.25	20000	34.839228	0.0	2235830	488	20.0
1608544373.76	20000	35.33671	0.0	2202171	410	20.0
1608544374.13	20000	35.963951	0.0	2242042	279	20.0
1608544374.36	20000	36.743231	0.0	1081763	134	20.0
1608544374.75	20000	37.350752	0.0	2409013	291	20.0
1608544375.02	20000	38.076563	0.0	1615028	185	20.0
1608544375.27	20000	38.825721	0.0	1413467	161	20.0
1608544375.56	20000	39.544802	0.0	1632450	186	20.0
1608544376.56	20000	39.53779	0.0	5664827	896	20.0
1608544377.92	20000	39.187057	0.0	4578115	1244	20.0
1608544378.54	20000	39.559223	0.0	1783835	537	20.0
1608544378.91	20000	40.191962	0.0	1093613	279	20.0
1608544379.24	20000	40.862387	0.0	975642	243	20.0
1608544379.75	20000	41.356304	0.0	1658005	417	20.0
1608544380.7	20000	41.410035	0.0	3055257	847	20.0
1608544383.04	20000	40.065297	0.0	5355572	2237	20.0
1608544384.0	20000	40.111338	0.0	3278424	854	20.0
1608544384.54	20000	40.572729	0.0	2318501	443	20.0
1608544385.0	20000	41.115729	0.0	2473561	362	20.0
1608544385.32	20000	41.790584	0.0	1730311	233	20.0
1608544385.61	20000	42.505209	0.0	1455812	195	20.0
1608544386.2	20000	42.920366	0.0	2869222	488	20.0
1608544386.9	20000	43.218455	0.0	3226650	603	20.0
1608544387.65	20000	43.471195	0.0	2705936	652	20.0
1608544388.61	20000	43.504462	0.0	2998622	869	20.0
1608544389.54	20000	43.584124	0.0	2928342	824	20.0
1608544390.37	20000	43.751128	0.0	3059979	736	20.0
1608544391.2	20000	43.918958	0.0	3367422	731	20.0
1608544391.7	20000	44.423159	0.0	1950694	404	20.0
1608544392.05	20000	45.06798	0.0	1541020	265	20.0
1608544392.66	20000	45.462173	0.0	2926720	506	20.0
1608544393.25	20000	45.877077	0.0	2991202	488	20.0
1608544393.85	20000	46.271623	0.0	3002106	508	20.0
1608544394.44	20000	46.688257	0.0	2015412	492	20.0
1608544395.23	20000	46.893918	0.0	2894863	697	20.0
1608544395.85	20000	47.278253	0.0	2185316	513	20.0
1608544396.67	20000	47.460125	0.0	3370605	719	20.0
1608544397.96	20000	47.166743	0.0	3492243	1193	20.0
1608544398.67	20000	47.460306	0.0	1307592	616	20.0
1608544400.17	20000	46.961636	0.0	1881404	1405	20.0
1608544401.13	20000	47.003737	0.0	1806471	867	20.0
1608544401.79	20000	47.345945	0.0	1945842	565	20.0
1608544402.26	20000	47.875808	0.0	2538877	374	20.0
1608544402.69	20000	48.443	0.0	2298557	338	20.0
1608544403.28	20000	48.857813	0.0	2831497	487	20.0
1608544403.95	20000	49.185515	0.0	3200905	574	20.0
1608544404.48	20000	49.662555	0.0	2180586	430	20.0
1608544404.86	20000	50.276106	0.0	1500505	286	20.0
1608544405.22	20000	50.920579	0.0	1939246	263	20.0
1608544405.53	20000	51.613593	0.0	1599193	217	20.0
1608544405.95	20000	52.194731	0.0	2364826	323	20.0
1608544406.4	20000	52.740317	0.0	2517454	357	20.0
1608544406.77	20000	53.380619	0.0	1883143	267	20.0
1608544407.05	20000	54.10052	0.0	1726706	187	20.0
1608544407.21	20000	54.93719	0.0	707364	75	20.0
1608544407.39	20000	55.763035	0.0	796460	85	20.0
1608544407.54	20000	56.611893	0.0	596962	63	20.0
1608544407.73	20000	57.420764	0.0	947625	101	20.0
1608544407.91	20000	58.243024	0.0	832859	90	20.0
1608544408.01	20000	59.144503	0.0	151562	15	20.0
1608544408.6	20000	59.751718	0.0	90390	7	20.0
1608544409.66	20000	59.502749	0.0	50278	3	20.0
1608544410.72	20000	59.50375	0.0	26471	1	20.0
1608544411.76	20000	59.504729	0.0	40620	3	20.0
1608544412.12	4000	1.000999	0.052	334032	40	-1.04
1608544413.87	20000	1.332962	0.8	11007815	1575	-12.0
1608544415.56	20000	1.447555	0.774	8849724	1562	4.52
1608544416.01	20000	1.990345	0.0	3191121	354	20.0
1608544416.24	20000	2.786727	0.0	1661718	133	20.0
1608544416.44	20000	3.591086	0.0	1315024	105	20.0
1608544416.58	20000	4.448908	0.0	698359	55	20.0
1608544416.72	20000	5.304576	0.0	730082	58	20.0
1608544417.2	20000	5.826289	0.0	4047415	376	20.0
1608544417.59	20000	6.443049	0.0	2863079	284	20.0
1608544418.2	20000	6.830124	0.0	4167844	507	20.0
1608544419.2	20000	6.834257	0.0	5571764	883	20.0
1608544420.18	20000	6.856087	0.0	4925652	870	20.0
1608544420.75	20000	7.282613	0.0	2030157	481	20.0
1608544421.35	20000	7.684727	0.0	2240782	504	20.0
1608544421.94	20000	8.096397	0.0	2211169	496	20.0
1608544422.1	20000	8.937144	0.0	382046	70	20.0
1608544422.4	20000	9.638847	0.0	1113969	211	20.0
1608544422.64	20000	10.398759	0.0	820127	155	20.0
1608544424.29	20000	9.750297	0.0	6357933	1533	20.0
1608544425.12	20000	9.920609	0.0	4814284	717	20.0
1608544425.55	20000	10.493759	0.0	3419258	325	20.0
1608544426.03	20000	11.013938	0.0	3944328	377	20.0
1608544426.57	20000	11.474748	0.0	4284196	435	20.0
1608544426.98	20000	12.070185	0.0	3022025	307	20.0
1608544427.4	20000	12.643075	0.0	2248581	333	20.0
1608544429.51	20000	11.540089	0.0	9946363	1963	20.0
1608544432.37	20000	9.679349	0.0	11684632	2720	20.0
1608544432.91	20000	10.137374	0.0	1849732	450	20.0
1608544433.57	20000	10.481334	0.0	1942795	564	20.0
1608544434.19	20000	10.861084	0.0	1704756	530	20.0
1608544434.9	20000	11.147259	0.0	1697111	624	20.0
1608544435.28	20000	11.777651	0.0	1529441	281	20.0
