1609208927.83	4000	1.000999	0.014	60629	4	-0.28000000000000025
1609208928.65	4000	1.460395	0.251	6594552	670	-1.0199999999999996
1609208929.78	8000	1.586183	0.0	7078153	1005	4.0
1609208930.72	16000	1.765889	0.0	3191121	844	8.0
1609208931.41	20000	2.082284	0.0	1661718	598	16.0
1609208931.89	20000	2.602352	0.0	1315024	396	20.0
1609208932.15	20000	3.339317	0.0	698359	181	20.0
1609208932.43	20000	4.069544	0.0	730082	189	20.0
1609208933.35	20000	4.140445	0.0	4047415	826	20.0
1609208933.85	20000	4.647816	0.0	2863079	401	20.0
1609208934.32	20000	5.176023	0.0	4167844	372	20.0
1609208934.89	20000	5.610659	0.0	5571764	459	20.0
1609208935.34	20000	6.160506	0.0	4925652	347	20.0
1609208935.57	20000	6.931543	0.0	2030157	142	20.0
1609208935.87	20000	7.632617	0.0	2240782	211	20.0
1609208936.21	20000	8.292005	0.0	2211169	253	20.0
1609208936.33	20000	9.169629	0.0	382046	42	20.0
1609208936.54	20000	9.960435	0.0	1113969	127	20.0
1609208936.72	20000	10.784857	0.0	820127	92	20.0
1609208938.28	20000	10.221886	0.0	6357933	1451	20.0
1609208939.7	20000	9.807797	0.0	4814284	1311	20.0
1609208941.19	20000	9.317102	0.0	3419258	1396	20.0
1609208943.12	20000	8.388488	0.0	3944328	1832	20.0
1609208945.14	20000	7.372726	0.0	4284196	1914	20.0
1609208946.61	16000	6.900619	0.0	3022025	1379	12.0
1609208947.81	16000	6.700887	0.0	2248581	1105	16.0
1609208950.64	16000	4.868627	0.0	9946363	2683	16.0
1609208955.01	8000	1.506312	0.0	7838407	4231	0.0
1609208955.41	20000	2.106224	0.0	1849732	310	8.0
1609208955.82	20000	2.694634	0.0	1942795	325	20.0
1609208956.12	20000	3.398774	0.0	1704756	209	20.0
1609208956.41	20000	4.105494	0.0	1697111	208	20.0
1609208956.68	20000	4.833386	0.0	1529441	187	20.0
1609208957.04	20000	5.476014	0.0	1568649	274	20.0
1609208957.5	20000	6.019857	0.0	1677618	370	20.0
1609208957.9	20000	6.621528	0.0	1415096	315	20.0
1609208958.49	20000	7.030072	0.0	1894067	505	20.0
1609208958.89	20000	7.634613	0.0	1186604	312	20.0
1609208959.26	20000	8.268579	0.0	1068386	283	20.0
1609208959.8	20000	8.730128	0.0	1700843	453	20.0
1609208960.55	20000	8.97186	0.0	2536859	668	20.0
1609208961.82	20000	8.70715	0.0	4742872	1162	20.0
1609208963.05	20000	8.482574	0.0	4955535	1124	20.0
1609208963.37	20000	9.159163	0.0	1260540	231	20.0
1609208964.06	20000	9.473985	0.0	3605246	587	20.0
1609208964.48	20000	10.054693	0.0	2770338	325	20.0
1609208964.78	20000	10.749622	0.0	1855168	217	20.0
1609208965.03	20000	11.508051	0.0	1666915	155	20.0
1609208965.25	20000	12.285004	0.0	1555467	136	20.0
1609208965.42	20000	13.114955	0.0	1008919	88	20.0
1609208965.61	20000	13.924606	0.0	1227619	107	20.0
1609208965.78	20000	14.753222	0.0	1015853	89	20.0
1609208965.9	20000	15.641047	0.0	384076	33	20.0
1609208966.0	20000	16.536597	0.0	295687	24	20.0
1609208966.2	20000	17.337847	0.0	1328674	116	20.0
1609208966.42	20000	18.123909	0.0	1492829	131	20.0
1609208966.63	20000	18.909814	0.0	1484812	130	20.0
1609208966.89	20000	19.660356	0.0	1868314	164	20.0
1609208967.09	20000	20.451131	0.0	1253406	119	20.0
1609208967.26	20000	21.285593	0.0	887933	83	20.0
1609208967.45	20000	22.09201	0.0	1153403	109	20.0
1609208967.66	20000	22.889677	0.0	1249023	118	20.0
1609208967.88	20000	23.669593	0.0	1423973	136	20.0
1609208968.06	20000	24.492596	0.0	1060162	93	20.0
1609208968.24	20000	25.313777	0.0	1080597	95	20.0
1609208968.42	20000	26.130548	0.0	1156442	102	20.0
1609208968.71	20000	26.845326	0.0	2222640	198	20.0
1609208969.02	20000	27.52889	0.0	2587311	228	20.0
1609208969.3	20000	28.254301	0.0	2178351	187	20.0
1609208969.66	20000	28.893696	0.0	3121089	270	20.0
1609208970.0	20000	29.553031	0.0	2857420	249	20.0
1609208970.25	20000	30.31168	0.0	1702477	157	20.0
1609208970.47	20000	31.084894	0.0	1531670	142	20.0
1609208970.73	20000	31.825466	0.0	1863424	172	20.0
1609208971.01	20000	32.553047	0.0	1987392	184	20.0
1609208971.33	20000	33.229562	0.0	2505586	234	20.0
1609208972.35	20000	33.210892	0.0	9620218	894	20.0
1609208972.68	20000	33.886031	0.0	2561608	234	20.0
1609208973.11	20000	34.456779	0.0	3633991	334	20.0
1609208973.51	20000	35.053922	0.0	3324070	307	20.0
1609208973.74	20000	35.824511	0.0	1560020	144	20.0
1609208973.96	20000	36.608148	0.0	1429188	131	20.0
1609208974.23	20000	37.335978	0.0	1754144	184	20.0
1609208974.49	20000	38.079472	0.0	1626020	171	20.0
1609208974.76	20000	38.809518	0.0	1739228	181	20.0
1609208975.04	20000	39.533413	0.0	1722735	190	20.0
1609208975.31	20000	40.260178	0.0	1538145	189	20.0
1609208975.58	20000	40.995361	0.0	1473412	181	20.0
1609208975.85	20000	41.72493	0.0	1498968	184	20.0
1609208976.22	20000	42.355189	0.0	2247334	281	20.0
1609208976.71	20000	42.862874	0.0	3156442	398	20.0
1609208977.04	20000	43.534446	0.0	1895098	242	20.0
1609208977.4	20000	44.179276	0.0	1939135	268	20.0
1609208977.74	20000	44.838569	0.0	1842874	254	20.0
1609208978.22	20000	45.356818	0.0	2235830	393	20.0
1609208978.79	20000	45.787889	0.0	2202171	481	20.0
1609208979.62	20000	45.970346	0.0	2242042	728	20.0
1609208980.07	20000	46.517902	0.0	1081763	361	20.0
1609208980.85	20000	46.739593	0.0	2409013	690	20.0
1609208981.28	20000	47.304724	0.0	1615028	348	20.0
1609208981.65	20000	47.931195	0.0	1413467	288	20.0
1609208982.06	20000	48.530589	0.0	1632450	311	20.0
1609208982.98	20000	48.607371	0.0	5664827	814	20.0
1609208983.69	20000	48.899592	0.0	4578115	605	20.0
1609208984.01	20000	49.576438	0.0	1783835	233	20.0
1609208984.26	20000	50.331556	0.0	1093613	160	20.0
1609208984.49	20000	51.104688	0.0	975642	143	20.0
1609208984.82	20000	51.772464	0.0	1658005	245	20.0
1609208985.26	20000	52.334578	0.0	3055257	345	20.0
1609208985.91	20000	52.690019	0.0	5355572	538	20.0
1609208986.25	20000	53.347364	0.0	3278424	248	20.0
1609208986.51	20000	54.09201	0.0	2318501	166	20.0
1609208986.77	20000	54.824118	0.0	2473561	177	20.0
1609208986.99	20000	55.613625	0.0	1730311	123	20.0
1609208987.18	20000	56.419719	0.0	1455812	108	20.0
1609208987.49	20000	57.111845	0.0	2869222	216	20.0
1609208987.83	20000	57.77323	0.0	3226650	244	20.0
1609208988.13	20000	58.473913	0.0	2705936	210	20.0
1609208988.47	20000	59.135994	0.0	2998622	247	20.0
1609208988.8	20000	59.804132	0.0	2928342	240	20.0
1609208990.15	20000	59.639373	0.0	3059979	251	20.0
1609208991.02	20000	59.640471	0.0	3367422	275	20.0
1609208991.75	20000	59.891487	0.0	1950694	135	20.0
1609208992.94	20000	59.89247	0.0	1541020	106	20.0
1609208993.74	20000	59.89346	0.0	2926720	207	20.0
1609208995.06	20000	59.644447	0.0	2991202	219	20.0
1609208995.94	20000	59.895458	0.0	3002106	285	20.0
1609208996.72	20000	59.896471	0.0	2015412	191	20.0
1609208998.1	20000	59.647395	0.0	2894863	275	20.0
1609208998.89	20000	59.898482	0.0	2185316	206	20.0
1609208999.86	20000	59.899461	0.0	3370605	376	20.0
1609209000.86	20000	59.900341	0.0	3492243	394	20.0
1609209002.09	20000	59.651484	0.0	1307592	135	20.0
1609209002.89	20000	59.902396	0.0	1881404	212	20.0
1609209003.73	20000	59.903489	0.0	1806471	247	20.0
1609209005.02	20000	59.654373	0.0	1945842	707	20.0
1609209005.99	20000	59.65548	0.0	2538877	372	20.0
1609209006.8	20000	59.906397	0.0	2298557	223	20.0
1609209008.13	20000	59.657477	0.0	2831497	234	20.0
1609209009.13	20000	59.494483	0.0	3200905	903	20.0
1609209010.33	20000	59.293515	0.0	2180586	1112	20.0
1609209010.88	20000	59.755859	0.0	1500505	451	20.0
1609209011.92	20000	59.911461	0.0	1939246	448	20.0
1609209012.77	20000	59.912486	0.0	1599193	264	20.0
1609209014.16	20000	59.663471	0.0	2364826	298	20.0
1609209015.05	20000	59.664462	0.0	2517454	301	20.0
1609209015.87	20000	59.915466	0.0	1883143	232	20.0
1609209017.18	20000	59.666467	0.0	1726706	218	20.0
1609209017.84	20000	59.917482	0.0	707364	73	20.0
1609209019.0	20000	59.668465	0.0	796460	82	20.0
1609209020.14	20000	59.669484	0.0	596962	55	20.0
1609209020.81	20000	59.920483	0.0	947625	86	20.0
1609209021.97	20000	59.671466	0.0	832859	76	20.0
1609209023.07	20000	59.672466	0.0	151562	13	20.0
1609209024.16	20000	59.673458	0.0	90390	7	20.0
1609209024.72	20000	59.924461	0.0	50278	4	20.0
1609209025.77	20000	59.925475	0.0	26471	4	20.0
1609209026.81	20000	59.926477	0.0	40620	2	20.0
1609209027.15	4000	1.000999	0.043	334032	30	-0.8599999999999999
1609209028.34	16000	1.327513	0.226	11007815	1022	-0.5199999999999996
1609209029.22	20000	1.469237	0.024	8849724	750	15.52
1609209029.55	20000	2.141571	0.0	3191121	230	20.0
1609209029.76	20000	2.950295	0.0	1661718	121	20.0
1609209029.94	20000	3.764085	0.0	1315024	95	20.0
1609209030.08	20000	4.633211	0.0	698359	50	20.0
1609209030.21	20000	5.499452	0.0	730082	52	20.0
1609209030.55	20000	6.160974	0.0	4047415	242	20.0
1609209030.81	20000	6.899312	0.0	2863079	169	20.0
1609209031.16	20000	7.555879	0.0	4167844	246	20.0
1609209031.57	20000	8.146387	0.0	5571764	303	20.0
1609209031.93	20000	8.782726	0.0	4925652	260	20.0
1609209032.13	20000	9.585739	0.0	2030157	107	20.0
1609209032.34	20000	10.379161	0.0	2240782	117	20.0
1609209032.55	20000	11.169117	0.0	2211169	122	20.0
1609209032.65	20000	12.069361	0.0	382046	21	20.0
1609209032.79	20000	12.926158	0.0	1113969	53	20.0
1609209032.92	20000	13.800343	0.0	820127	45	20.0
1609209033.39	20000	14.335568	0.0	6357933	356	20.0
1609209033.79	20000	14.936182	0.0	4814284	300	20.0
1609209034.09	20000	15.628758	0.0	3419258	212	20.0
1609209034.45	20000	16.278048	0.0	3944328	254	20.0
1609209034.84	20000	16.887399	0.0	4284196	294	20.0
1609209035.14	20000	17.587943	0.0	3022025	206	20.0
1609209035.38	20000	18.344517	0.0	2248581	156	20.0
1609209036.24	20000	18.484496	0.0	9946363	734	20.0
1609209037.35	20000	18.376814	0.0	11684632	972	20.0
1609209037.6	20000	19.125908	0.0	1849732	164	20.0
1609209037.87	20000	19.864908	0.0	1942795	173	20.0
1609209038.11	20000	20.625544	0.0	1704756	152	20.0
1609209038.35	20000	21.386732	0.0	1697111	151	20.0
1609209038.59	20000	22.144673	0.0	1529441	153	20.0
1609209038.83	20000	22.908881	0.0	1568649	151	20.0
1609209039.08	20000	23.656967	0.0	1677618	161	20.0
