1608638482.06	4000	1.000999	0.015	60629	6	-0.2999999999999998
1608638483.63	20000	1.464664	1.003	11007815	1400	-16.06
1608638484.95	20000	1.393941	0.0	8849724	1196	20.0
1608638485.49	20000	1.884207	0.0	3191121	436	20.0
1608638485.8	20000	2.574184	0.0	1661718	225	20.0
1608638486.05	20000	3.326577	0.0	1315024	164	20.0
1608638486.21	20000	4.160413	0.0	698359	86	20.0
1608638486.39	20000	4.989035	0.0	730082	90	20.0
1608638486.99	20000	5.383174	0.0	4047415	511	20.0
1608638487.45	20000	5.924568	0.0	2863079	366	20.0
1608638488.17	20000	6.210938	0.0	4167844	618	20.0
1608638489.27	20000	6.106858	0.0	5571764	999	20.0
1608638490.22	20000	6.160701	0.0	4925652	843	20.0
1608638490.64	20000	6.742748	0.0	2030157	330	20.0
1608638491.05	20000	7.336148	0.0	2240782	319	20.0
1608638491.42	20000	7.96719	0.0	2211169	282	20.0
1608638491.54	20000	8.841527	0.0	382046	46	20.0
1608638491.77	20000	9.618716	0.0	1113969	140	20.0
1608638491.94	20000	10.443097	0.0	820127	96	20.0
1608638492.79	20000	10.5978	0.0	6357933	737	20.0
1608638493.51	20000	10.877014	0.0	4814284	622	20.0
1608638494.02	20000	11.366858	0.0	3419258	418	20.0
1608638494.54	20000	11.84918	0.0	3944328	422	20.0
1608638495.09	20000	12.300773	0.0	4284196	450	20.0
1608638495.49	20000	12.900253	0.0	3022025	310	20.0
1608638495.81	20000	13.583623	0.0	2248581	230	20.0
1608638496.88	20000	13.510354	0.0	9946363	945	20.0
1608638498.16	20000	13.232952	0.0	11684632	1142	20.0
1608638498.43	20000	13.960141	0.0	1849732	187	20.0
1608638498.72	20000	14.678526	0.0	1942795	196	20.0
1608638498.97	20000	15.42736	0.0	1704756	167	20.0
1608638499.21	20000	16.189378	0.0	1697111	155	20.0
1608638499.43	20000	16.966447	0.0	1529441	140	20.0
1608638499.66	20000	17.740464	0.0	1568649	142	20.0
1608638499.9	20000	18.503706	0.0	1677618	152	20.0
1608638500.17	20000	19.23425	0.0	1415096	186	20.0
1608638500.5	20000	19.899827	0.0	1894067	249	20.0
1608638500.74	20000	20.663292	0.0	1186604	155	20.0
1608638500.99	20000	21.423746	0.0	1068386	159	20.0
1608638501.58	20000	21.82998	0.0	1700843	500	20.0
1608638502.47	20000	21.938947	0.0	2536859	802	20.0
1608638503.22	20000	22.190258	0.0	4742872	648	20.0
1608638503.67	20000	22.743838	0.0	4955535	344	20.0
1608638503.84	20000	23.573437	0.0	1260540	86	20.0
1608638504.18	20000	24.231628	0.0	3605246	248	20.0
1608638504.46	20000	24.950504	0.0	2770338	190	20.0
1608638504.67	20000	25.739436	0.0	1855168	127	20.0
1608638504.87	20000	26.544173	0.0	1666915	114	20.0
1608638505.08	20000	27.339633	0.0	1555467	111	20.0
1608638505.23	20000	28.188998	0.0	1008919	71	20.0
1608638505.4	20000	29.02003	0.0	1227619	87	20.0
1608638505.55	20000	29.866988	0.0	1015853	72	20.0
1608638505.66	20000	30.762989	0.0	384076	27	20.0
1608638505.76	20000	31.664932	0.0	295687	20	20.0
1608638505.93	20000	32.488774	0.0	1328674	95	20.0
1608638506.16	20000	33.263456	0.0	1492829	140	20.0
1608638506.38	20000	34.041809	0.0	1484812	140	20.0
1608638506.64	20000	34.78126	0.0	1868314	177	20.0
1608638506.84	20000	35.583256	0.0	1253406	117	20.0
1608638507.0	20000	36.427856	0.0	887933	76	20.0
1608638507.16	20000	37.261806	0.0	1153403	84	20.0
1608638507.34	20000	38.088447	0.0	1249023	93	20.0
1608638507.53	20000	38.898887	0.0	1423973	105	20.0
1608638507.7	20000	39.725571	0.0	1060162	78	20.0
1608638507.87	20000	40.56309	0.0	1080597	79	20.0
1608638508.03	20000	41.398181	0.0	1156442	82	20.0
1608638508.28	20000	42.154191	0.0	2222640	155	20.0
1608638508.55	20000	42.881662	0.0	2587311	181	20.0
1608638508.79	20000	43.640698	0.0	2178351	152	20.0
1608638509.12	20000	44.316978	0.0	3121089	231	20.0
1608638509.44	20000	45.001814	0.0	2857420	224	20.0
1608638509.66	20000	45.781811	0.0	1702477	133	20.0
1608638509.87	20000	46.569068	0.0	1531670	118	20.0
1608638510.1	20000	47.344425	0.0	1863424	138	20.0
1608638510.33	20000	48.11034	0.0	1987392	144	20.0
1608638510.61	20000	48.837086	0.0	2505586	182	20.0
1608638511.57	20000	48.873963	0.0	9620218	837	20.0
1608638511.91	20000	49.532803	0.0	2561608	250	20.0
1608638512.99	20000	49.456536	0.0	3633991	982	20.0
1608638513.37	20000	50.072066	0.0	3324070	291	20.0
1608638513.59	20000	50.853422	0.0	1560020	136	20.0
1608638513.8	20000	51.646551	0.0	1429188	125	20.0
1608638514.05	20000	52.4087	0.0	1754144	154	20.0
1608638514.28	20000	53.1679	0.0	1626020	150	20.0
1608638514.53	20000	53.922131	0.0	1739228	162	20.0
1608638514.78	20000	54.676058	0.0	1722735	160	20.0
1608638515.01	20000	55.445066	0.0	1538145	143	20.0
1608638515.23	20000	56.220237	0.0	1473412	138	20.0
1608638515.46	20000	56.994055	0.0	1498968	141	20.0
1608638515.76	20000	57.693494	0.0	2247334	212	20.0
1608638516.2	20000	58.256932	0.0	3156442	340	20.0
1608638516.53	20000	58.925381	0.0	1895098	246	20.0
1608638516.87	20000	59.588095	0.0	1939135	251	20.0
1608638517.68	20000	59.849827	0.0	1842874	215	20.0
1608638519.01	20000	59.600716	0.0	2235830	247	20.0
1608638519.83	20000	59.851829	0.0	2202171	229	20.0
1608638520.64	20000	59.852859	0.0	2242042	223	20.0
1608638521.83	20000	59.853815	0.0	1081763	100	20.0
1608638522.73	20000	59.854858	0.0	2409013	306	20.0
1608638523.97	20000	59.605921	0.0	1615028	159	20.0
1608638524.69	20000	59.856899	0.0	1413467	128	20.0
1608638525.94	20000	59.607857	0.0	1632450	162	20.0
1608638526.85	20000	59.622261	0.0	5664827	805	20.0
1608638527.95	20000	59.609886	0.0	4578115	499	20.0
1608638528.71	20000	59.860914	0.0	1783835	178	20.0
1608638529.91	20000	59.611906	0.0	1093613	114	20.0
1608638530.69	20000	59.862872	0.0	975642	199	20.0
1608638531.98	20000	59.61382	0.0	1658005	202	20.0
1608638532.93	20000	59.614838	0.0	3055257	354	20.0
1608638533.72	20000	59.753741	0.0	5355572	691	20.0
1608638534.74	20000	59.866915	0.0	3278424	419	20.0
1608638536.09	20000	59.617894	0.0	2318501	259	20.0
1608638536.94	20000	59.540985	0.0	2473561	759	20.0
1608638537.91	20000	59.619828	0.0	1730311	385	20.0
1608638538.74	20000	59.870837	0.0	1455812	245	20.0
1608638539.7	20000	59.871832	0.0	2869222	370	20.0
1608638540.5	20000	59.983094	0.0	3226650	703	20.0
1608638541.88	20000	59.62385	0.0	2705936	783	20.0
1608638542.89	20000	59.624841	0.0	2998622	414	20.0
1608638543.75	20000	59.875822	0.0	2928342	272	20.0
1608638545.07	20000	59.494479	0.0	3059979	225	20.0
1608638545.87	20000	59.62786	0.0	3367422	207	20.0
1608638547.09	20000	59.628893	0.0	1950694	117	20.0
1608638547.76	20000	59.879895	0.0	1541020	84	20.0
1608638549.03	20000	59.630852	0.0	2926720	182	20.0
1608638549.81	20000	59.881811	0.0	2991202	186	20.0
1608638551.1	20000	59.632815	0.0	3002106	193	20.0
1608638551.84	20000	59.883806	0.0	2015412	154	20.0
1608638552.65	20000	59.88482	0.0	2894863	212	20.0
1608638553.89	20000	59.635911	0.0	2185316	155	20.0
1608638554.53	20000	59.969069	0.0	3370605	545	20.0
1608638555.8	20000	59.887819	0.0	3492243	672	20.0
1608638557.04	20000	59.638865	0.0	1307592	164	20.0
1608638557.78	20000	59.889891	0.0	1881404	146	20.0
1608638559.07	20000	59.640816	0.0	1806471	203	20.0
1608638559.86	20000	59.869392	0.0	1945842	191	20.0
1608638560.65	20000	59.892907	0.0	2538877	201	20.0
1608638561.96	20000	59.643835	0.0	2298557	221	20.0
1608638562.89	20000	59.644839	0.0	2831497	344	20.0
1608638563.88	20000	59.645907	0.0	3200905	398	20.0
1608638564.8	20000	59.896809	0.0	2180586	320	20.0
1608638565.7	20000	59.897862	0.0	1500505	318	20.0
1608638566.74	20000	59.898901	0.0	1939246	452	20.0
1608638567.65	20000	59.899824	0.0	1599193	321	20.0
1608638568.75	20000	59.900834	0.0	2364826	510	20.0
1608638569.98	20000	59.651913	0.0	2517454	645	20.0
1608638570.53	20000	59.978973	0.0	1883143	469	20.0
1608638572.03	20000	59.653866	0.0	1726706	414	20.0
1608638572.75	20000	59.904937	0.0	707364	130	20.0
1608638573.93	20000	59.655852	0.0	796460	101	20.0
1608638575.08	20000	59.656883	0.0	596962	72	20.0
1608638575.85	20000	59.907928	0.0	947625	184	20.0
1608638577.05	20000	59.658829	0.0	832859	121	20.0
1608638577.65	20000	59.909948	0.0	151562	10	20.0
1608638578.73	20000	59.910829	0.0	90390	5	20.0
1608638579.79	20000	59.911825	0.0	50278	2	20.0
1608638580.84	20000	59.912846	0.0	26471	4	20.0
1608638581.88	20000	59.663864	0.0	40620	1	20.0
1608638582.2	4000	1.000999	0.031	334032	20	-0.6200000000000001
1608638582.94	20000	1.533831	0.0	11007815	562	4.0
1608638583.49	20000	1.988697	0.0	8849724	420	20.0
1608638583.7	20000	2.772509	0.0	3191121	122	20.0
1608638583.85	20000	3.625138	0.0	1661718	64	20.0
1608638583.99	20000	4.518963	0.0	1315024	50	20.0
1608638584.1	20000	5.405782	0.0	698359	27	20.0
1608638584.21	20000	6.296275	0.0	730082	28	20.0
1608638584.46	20000	7.044965	0.0	4047415	157	20.0
1608638584.66	20000	7.865547	0.0	2863079	110	20.0
1608638584.92	20000	8.6113	0.0	4167844	157	20.0
1608638585.24	20000	9.296028	0.0	5571764	209	20.0
1608638585.55	20000	9.984819	0.0	4925652	209	20.0
1608638585.76	20000	10.776711	0.0	2030157	124	20.0
1608638585.98	20000	11.557143	0.0	2240782	134	20.0
1608638586.2	20000	12.337804	0.0	2211169	132	20.0
1608638586.3	20000	13.235785	0.0	382046	22	20.0
1608638586.46	20000	14.081714	0.0	1113969	66	20.0
1608638586.8	20000	14.744014	0.0	820127	256	20.0
1608638587.59	20000	14.955115	0.0	6357933	678	20.0
1608638588.41	20000	15.13631	0.0	4814284	717	20.0
1608638595.67	20000	8.87157	0.0	3419258	7167	20.0
1608638597.32	20000	8.222758	0.0	3944328	1555	20.0
1608638599.27	20000	7.278867	0.0	4284196	1849	20.0
1608638600.66	20000	6.882076	0.0	3022025	1306	20.0
1608638601.72	20000	6.822116	0.0	2248581	970	20.0
1608638605.43	12000	4.112983	0.0	8032438	3576	4.0
1608638610.07	16000	1.253814	0.778	11684632	4497	-3.5600000000000005
1608638610.59	20000	1.731024	0.0	1849732	437	16.0
1608638611.16	20000	2.165078	0.0	1942795	480	20.0
1608638611.66	20000	2.661873	0.0	1704756	418	20.0
1608638612.19	20000	3.138939	0.0	1697111	439	20.0
1608638612.67	20000	3.660119	0.0	1529441	396	20.0
1608638613.22	20000	4.106692	0.0	1568649	472	20.0
