1609223952.17	4000	1.000999	0.018	60629	6	-0.3599999999999999
1609223953.4	4000	1.412508	0.539	6594552	1088	-6.779999999999999
1609223954.21	4000	1.821377	0.0	4402139	715	4.0
1609223954.82	20000	2.23481	0.0	3191121	506	4.0
1609223955.17	20000	2.889372	0.0	1661718	260	20.0
1609223955.46	20000	3.598772	0.0	1315024	206	20.0
1609223955.65	20000	4.40877	0.0	698359	108	20.0
1609223955.85	20000	5.213499	0.0	730082	113	20.0
1609223956.74	20000	5.323822	0.0	4047415	791	20.0
1609223957.31	20000	5.749971	0.0	2863079	483	20.0
1609223958.05	20000	6.010828	0.0	4167844	631	20.0
1609223958.81	20000	6.252298	0.0	5571764	654	20.0
1609223959.52	20000	6.540697	0.0	4925652	611	20.0
1609223959.87	20000	7.197234	0.0	2030157	254	20.0
1609223960.25	20000	7.820216	0.0	2240782	289	20.0
1609223960.63	20000	8.440978	0.0	2211169	289	20.0
1609223960.76	20000	9.310272	0.0	382046	48	20.0
1609223961.0	20000	10.079423	0.0	1113969	144	20.0
1609223961.19	20000	10.879693	0.0	820127	109	20.0
1609223962.17	20000	10.900264	0.0	6357933	867	20.0
1609223962.93	20000	11.145799	0.0	4814284	652	20.0
1609223963.47	20000	11.606797	0.0	3419258	441	20.0
1609223964.07	20000	12.002634	0.0	3944328	508	20.0
1609223964.69	20000	12.385074	0.0	4284196	517	20.0
1609223965.15	20000	12.930299	0.0	3022025	361	20.0
1609223965.5	20000	13.579657	0.0	2248581	263	20.0
1609223966.78	20000	13.297781	0.0	9946363	1136	20.0
1609223968.24	20000	12.835781	0.0	11684632	1323	20.0
1609223968.57	20000	13.515579	0.0	1849732	234	20.0
1609223968.9	20000	14.182359	0.0	1942795	246	20.0
1609223969.21	20000	14.875286	0.0	1704756	221	20.0
1609223969.53	20000	15.557976	0.0	1697111	222	20.0
1609223969.82	20000	16.269094	0.0	1529441	203	20.0
1609223970.11	20000	16.977895	0.0	1568649	206	20.0
1609223970.41	20000	17.672479	0.0	1677618	218	20.0
1609223970.68	20000	18.40272	0.0	1415096	184	20.0
1609223971.02	20000	19.067531	0.0	1894067	247	20.0
1609223971.25	20000	19.83908	0.0	1186604	143	20.0
1609223971.46	20000	20.628613	0.0	1068386	129	20.0
1609223971.75	20000	21.337596	0.0	1700843	206	20.0
1609223972.15	20000	21.946467	0.0	2536859	302	20.0
1609223972.77	20000	22.320426	0.0	4742872	524	20.0
1609223973.41	20000	22.688089	0.0	4955535	530	20.0
1609223973.62	20000	23.473748	0.0	1260540	131	20.0
1609223974.1	20000	23.99928	0.0	3605246	377	20.0
1609223974.54	20000	24.553671	0.0	2770338	354	20.0
1609223974.87	20000	25.23049	0.0	1855168	236	20.0
1609223975.16	20000	25.942733	0.0	1666915	202	20.0
1609223975.41	20000	26.693252	0.0	1555467	163	20.0
1609223975.6	20000	27.503068	0.0	1008919	104	20.0
1609223975.81	20000	28.291305	0.0	1227619	128	20.0
1609223976.0	20000	29.100523	0.0	1015853	107	20.0
1609223976.12	20000	29.982367	0.0	384076	37	20.0
1609223976.23	20000	30.874477	0.0	295687	26	20.0
1609223976.44	20000	31.668364	0.0	1328674	123	20.0
1609223976.66	20000	32.444161	0.0	1492829	138	20.0
1609223976.89	20000	33.220003	0.0	1484812	138	20.0
1609223977.16	20000	33.948485	0.0	1868314	184	20.0
1609223977.42	20000	34.688857	0.0	1253406	173	20.0
1609223977.63	20000	35.483072	0.0	887933	122	20.0
1609223977.87	20000	36.239717	0.0	1153403	159	20.0
1609223978.13	20000	36.982114	0.0	1249023	172	20.0
1609223978.42	20000	37.697074	0.0	1423973	199	20.0
1609223978.65	20000	38.465447	0.0	1060162	148	20.0
1609223978.89	20000	39.231384	0.0	1080597	151	20.0
1609223979.13	20000	39.986374	0.0	1156442	161	20.0
1609223979.49	20000	40.627869	0.0	2222640	263	20.0
1609223979.89	20000	41.228568	0.0	2587311	307	20.0
1609223980.23	20000	41.887827	0.0	2178351	251	20.0
1609223980.67	20000	42.448148	0.0	3121089	346	20.0
1609223981.08	20000	43.039314	0.0	2857420	317	20.0
1609223981.35	20000	43.773931	0.0	1702477	180	20.0
1609223981.6	20000	44.527226	0.0	1531670	161	20.0
1609223981.88	20000	45.243701	0.0	1863424	196	20.0
1609223982.18	20000	45.950107	0.0	1987392	208	20.0
1609223982.51	20000	46.616125	0.0	2505586	243	20.0
1609223983.58	20000	46.553971	0.0	9620218	938	20.0
1609223983.92	20000	47.212778	0.0	2561608	248	20.0
1609223984.42	20000	47.711469	0.0	3633991	406	20.0
1609223984.92	20000	48.212495	0.0	3324070	404	20.0
1609223985.19	20000	48.941355	0.0	1560020	186	20.0
1609223985.44	20000	49.692193	0.0	1429188	164	20.0
1609223985.73	20000	50.403615	0.0	1754144	202	20.0
1609223986.01	20000	51.129278	0.0	1626020	187	20.0
1609223986.28	20000	51.859782	0.0	1739228	183	20.0
1609223986.53	20000	52.60363	0.0	1722735	169	20.0
1609223986.77	20000	53.36877	0.0	1538145	151	20.0
1609223987.0	20000	54.141002	0.0	1473412	144	20.0
1609223987.23	20000	54.90711	0.0	1498968	148	20.0
1609223987.56	20000	55.583257	0.0	2247334	235	20.0
1609223987.98	20000	56.158761	0.0	3156442	330	20.0
1609223988.31	20000	56.83002	0.0	1895098	243	20.0
1609223988.73	20000	57.411823	0.0	1939135	332	20.0
1609223989.14	20000	58.009699	0.0	1842874	314	20.0
1609223989.77	20000	58.37568	0.0	2235830	536	20.0
1609223990.3	20000	58.842674	0.0	2202171	443	20.0
1609223990.68	20000	59.46347	0.0	2242042	291	20.0
1609223991.41	20000	59.938113	0.0	1081763	138	20.0
1609223992.3	20000	59.93906	0.0	2409013	303	20.0
1609223993.64	20000	59.690063	0.0	1615028	250	20.0
1609223994.46	20000	59.941117	0.0	1413467	231	20.0
1609223995.36	20000	59.942107	0.0	1632450	307	20.0
1609223996.61	20000	59.547555	0.0	5664827	1138	20.0
1609223997.4	20000	59.756102	0.0	4578115	683	20.0
1609223998.7	20000	59.695117	0.0	1783835	204	20.0
1609223999.38	20000	59.946124	0.0	1093613	102	20.0
1609224000.55	20000	59.69711	0.0	975642	81	20.0
1609224001.31	20000	59.947833	0.0	1658005	169	20.0
1609224002.31	20000	59.949125	0.0	3055257	413	20.0
1609224003.29	20000	59.873103	0.0	5355572	867	20.0
1609224004.59	20000	59.700912	0.0	3278424	699	20.0
1609224005.21	20000	59.954421	0.0	2318501	534	20.0
1609224006.37	20000	59.952726	0.0	2473561	563	20.0
1609224007.43	20000	59.953815	0.0	1730311	469	20.0
1609224008.39	20000	59.955052	0.0	1455812	375	20.0
1609224009.6	20000	59.706027	0.0	2869222	619	20.0
1609224010.53	20000	59.634226	0.0	3226650	836	20.0
1609224011.49	20000	59.683222	0.0	2705936	858	20.0
1609224012.44	20000	59.728979	0.0	2998622	859	20.0
1609224013.31	20000	59.863879	0.0	2928342	772	20.0
1609224014.35	20000	59.827904	0.0	3059979	942	20.0
1609224015.45	20000	59.72784	0.0	3367422	1001	20.0
1609224016.66	20000	59.69091	0.0	1950694	622	20.0
1609224017.65	20000	59.71399	0.0	1541020	404	20.0
1609224018.33	20000	59.853942	0.0	2926720	573	20.0
1609224019.32	20000	59.966066	0.0	2991202	397	20.0
1609224020.7	20000	59.716973	0.0	3002106	292	20.0
1609224021.51	20000	59.718044	0.0	2015412	214	20.0
1609224022.46	20000	59.969014	0.0	2894863	357	20.0
1609224023.34	20000	59.969823	0.0	2185316	290	20.0
1609224024.39	20000	59.971023	0.0	3370605	452	20.0
1609224025.42	20000	59.949963	0.0	3492243	431	20.0
1609224026.67	20000	59.72298	0.0	1307592	171	20.0
1609224027.53	20000	59.723826	0.0	1881404	269	20.0
1609224028.33	20000	59.975097	0.0	1806471	204	20.0
1609224029.6	20000	59.725926	0.0	1945842	172	20.0
1609224030.42	20000	59.977007	0.0	2538877	231	20.0
1609224031.25	20000	59.978018	0.0	2298557	234	20.0
1609224032.64	20000	59.729102	0.0	2831497	295	20.0
1609224033.66	20000	59.730025	0.0	3200905	429	20.0
1609224034.64	20000	59.731022	0.0	2180586	385	20.0
1609224035.54	20000	59.732054	0.0	1500505	306	20.0
1609224036.44	20000	59.983053	0.0	1939246	312	20.0
1609224037.25	20000	59.984021	0.0	1599193	219	20.0
1609224038.65	20000	59.735085	0.0	2364826	313	20.0
1609224039.53	20000	59.73607	0.0	2517454	283	20.0
1609224040.33	20000	59.987036	0.0	1883143	208	20.0
1609224041.62	20000	59.738014	0.0	1726706	200	20.0
1609224042.34	20000	59.989081	0.0	707364	132	20.0
1609224043.58	20000	59.740055	0.0	796460	156	20.0
1609224044.29	20000	59.991135	0.0	596962	131	20.0
1609224045.61	20000	59.742093	0.0	947625	228	20.0
1609224046.52	20000	59.743113	0.0	832859	332	20.0
1609224047.67	20000	59.744108	0.0	151562	60	20.0
1609224048.26	20000	59.995095	0.0	90390	24	20.0
1609224049.33	20000	59.996071	0.0	50278	11	20.0
1609224050.38	20000	59.997101	0.0	26471	2	20.0
1609224051.43	20000	59.998112	0.0	40620	4	20.0
1609224051.81	4000	1.000999	0.077	334032	66	-1.54
1609224053.38	4000	1.362777	0.639	6594552	1438	-8.78
1609224054.29	4000	1.472403	0.0	4402139	811	4.0
1609224054.85	20000	1.930621	0.0	3191121	451	4.0
1609224055.14	20000	2.642757	0.0	1661718	201	20.0
1609224055.38	20000	3.399355	0.0	1315024	158	20.0
1609224055.55	20000	4.234948	0.0	698359	84	20.0
1609224055.7	20000	5.078366	0.0	730082	75	20.0
1609224056.22	20000	5.561081	0.0	4047415	418	20.0
1609224056.61	20000	6.173442	0.0	2863079	295	20.0
1609224057.17	20000	6.609993	0.0	4167844	463	20.0
1609224057.92	20000	6.870215	0.0	5571764	624	20.0
1609224058.58	20000	7.206615	0.0	4925652	558	20.0
1609224058.87	20000	7.919392	0.0	2030157	196	20.0
1609224059.18	20000	8.609646	0.0	2240782	218	20.0
1609224059.49	20000	9.30242	0.0	2211169	214	20.0
1609224059.61	20000	10.184805	0.0	382046	34	20.0
1609224059.79	20000	11.000376	0.0	1113969	98	20.0
1609224059.95	20000	11.843637	0.0	820127	73	20.0
1609224060.63	20000	12.163245	0.0	6357933	568	20.0
1609224061.23	20000	12.56205	0.0	4814284	492	20.0
1609224061.69	20000	13.106615	0.0	3419258	347	20.0
1609224062.19	20000	13.608264	0.0	3944328	397	20.0
1609224062.71	20000	14.091022	0.0	4284196	416	20.0
1609224063.04	20000	14.755788	0.0	3022025	237	20.0
1609224063.31	20000	15.486723	0.0	2248581	177	20.0
1609224064.18	20000	15.617892	0.0	9946363	719	20.0
1609224065.16	20000	15.64667	0.0	11684632	830	20.0
1609224065.38	20000	16.422706	0.0	1849732	132	20.0
1609224065.61	20000	17.194735	0.0	1942795	140	20.0
1609224065.84	20000	17.961225	0.0	1704756	146	20.0
1609224066.08	20000	18.730431	0.0	1697111	145	20.0
1609224066.29	20000	19.514421	0.0	1529441	131	20.0
1609224066.53	20000	20.280961	0.0	1568649	148	20.0
1609224066.81	20000	21.003687	0.0	1677618	190	20.0
1609224067.07	20000	21.735509	0.0	1415096	183	20.0
