1608492950.22	4000	1.000999	0.013	60629	4	-0.4159999999999999
1608492951.28	20000	1.299119	0.307	11007815	958	-5.824
1608492952.17	20000	1.631648	0.0	8849724	838	20.0
1608492952.48	16000	2.349841	0.0	3191121	282	12.0
1608492952.65	16000	3.18465	0.0	1661718	146	16.0
1608492952.78	16000	4.053821	0.0	1315024	115	16.0
1608492952.86	20000	4.981925	0.0	698359	60	16.0
1608492952.94	20000	5.939934	0.0	730082	63	20.0
1608492953.3	20000	6.573105	0.0	4047415	339	20.0
1608492953.56	20000	7.314582	0.0	2863079	234	20.0
1608492953.94	20000	7.943087	0.0	4167844	342	20.0
1608492954.45	20000	8.429831	0.0	5571764	477	20.0
1608492954.96	20000	8.969282	0.0	4925652	428	20.0
1608492955.15	20000	9.731408	0.0	2030157	170	20.0
1608492955.35	20000	10.528628	0.0	2240782	180	20.0
1608492955.56	20000	11.329131	0.0	2211169	179	20.0
1608492955.6	20000	12.283806	0.0	382046	32	20.0
1608492955.71	20000	13.175277	0.0	1113969	90	20.0
1608492955.79	20000	14.096024	0.0	820127	65	20.0
1608492956.39	20000	14.502112	0.0	6357933	551	20.0
1608492956.87	20000	15.019893	0.0	4814284	448	20.0
1608492957.19	20000	15.703547	0.0	3419258	290	20.0
1608492957.5	20000	16.393587	0.0	3944328	280	20.0
1608492957.84	20000	17.056338	0.0	4284196	303	20.0
1608492958.08	20000	17.817454	0.0	3022025	214	20.0
1608492958.27	20000	18.620947	0.0	2248581	176	20.0
1608492959.12	20000	18.77893	0.0	9946363	784	20.0
1608492960.06	20000	18.837427	0.0	11684632	871	20.0
1608492960.25	20000	19.64581	0.0	1849732	173	20.0
1608492960.46	20000	20.433403	0.0	1942795	193	20.0
1608492960.65	20000	21.246485	0.0	1704756	169	20.0
1608492960.84	20000	22.059133	0.0	1697111	168	20.0
1608492961.01	20000	22.890849	0.0	1529441	152	20.0
1608492961.17	20000	23.729051	0.0	1568649	145	20.0
1608492961.34	20000	24.566632	0.0	1677618	144	20.0
1608492961.48	20000	25.421236	0.0	1415096	119	20.0
1608492961.67	20000	26.237526	0.0	1894067	162	20.0
1608492961.79	20000	27.119096	0.0	1186604	101	20.0
1608492961.9	20000	28.011874	0.0	1068386	91	20.0
1608492962.06	20000	28.846752	0.0	1700843	146	20.0
1608492962.3	20000	29.609846	0.0	2536859	213	20.0
1608492962.74	20000	30.175039	0.0	4742872	400	20.0
1608492963.19	20000	30.726205	0.0	4955535	413	20.0
1608492963.3	20000	31.612137	0.0	1260540	98	20.0
1608492963.62	20000	32.302238	0.0	3605246	282	20.0
1608492963.86	20000	33.056279	0.0	2770338	216	20.0
1608492964.02	20000	33.893307	0.0	1855168	144	20.0
1608492964.17	20000	34.742474	0.0	1666915	132	20.0
1608492964.32	20000	35.595759	0.0	1555467	130	20.0
1608492964.42	20000	36.497449	0.0	1008919	84	20.0
1608492964.54	20000	37.379673	0.0	1227619	101	20.0
1608492964.64	20000	38.280629	0.0	1015853	84	20.0
1608492964.68	20000	39.238195	0.0	384076	31	20.0
1608492964.72	20000	40.203663	0.0	295687	23	20.0
1608492964.85	20000	41.077724	0.0	1328674	111	20.0
1608492964.99	20000	41.936851	0.0	1492829	124	20.0
1608492965.13	20000	42.796003	0.0	1484812	124	20.0
1608492965.35	20000	43.578756	0.0	1868314	198	20.0
1608492965.5	20000	44.430342	0.0	1253406	132	20.0
1608492965.61	20000	45.32298	0.0	887933	92	20.0
1608492965.75	20000	46.18148	0.0	1153403	121	20.0
1608492965.9	20000	47.0339	0.0	1249023	131	20.0
1608492966.06	20000	47.867591	0.0	1423973	150	20.0
1608492966.18	20000	48.751256	0.0	1060162	101	20.0
1608492966.29	20000	49.642761	0.0	1080597	92	20.0
1608492966.41	20000	50.528899	0.0	1156442	98	20.0
1608492966.62	20000	51.317315	0.0	2222640	190	20.0
1608492966.87	20000	52.071417	0.0	2587311	221	20.0
1608492967.07	20000	52.864499	0.0	2178351	187	20.0
1608492967.34	20000	53.601139	0.0	3121089	236	20.0
1608492967.56	20000	54.377246	0.0	2857420	200	20.0
1608492967.7	20000	55.24076	0.0	1702477	118	20.0
1608492967.83	20000	56.116495	0.0	1531670	106	20.0
1608492967.97	20000	56.968416	0.0	1863424	130	20.0
1608492968.13	20000	57.811273	0.0	1987392	138	20.0
1608492968.38	20000	58.569176	0.0	2505586	220	20.0
1608492969.28	20000	58.670365	0.0	9620218	840	20.0
1608492969.5	20000	59.444768	0.0	2561608	202	20.0
1608492970.32	20000	59.831549	0.0	3633991	287	20.0
1608492971.12	20000	59.843576	0.0	3324070	271	20.0
1608492972.27	20000	59.84464	0.0	1560020	123	20.0
1608492973.41	20000	59.595586	0.0	1429188	126	20.0
1608492974.56	20000	59.596586	0.0	1754144	127	20.0
1608492975.21	20000	59.847608	0.0	1626020	123	20.0
1608492976.38	20000	59.598624	0.0	1739228	148	20.0
1608492977.55	20000	59.5996	0.0	1722735	147	20.0
1608492978.2	20000	59.850615	0.0	1538145	128	20.0
1608492979.34	20000	59.851602	0.0	1473412	119	20.0
1608492980.47	20000	59.602638	0.0	1498968	110	20.0
1608492981.18	20000	59.853568	0.0	2247334	185	20.0
1608492982.47	20000	59.6046	0.0	3156442	266	20.0
1608492983.15	20000	59.855637	0.0	1895098	156	20.0
1608492984.34	20000	59.856625	0.0	1939135	166	20.0
1608492985.51	20000	59.607653	0.0	1842874	154	20.0
1608492986.19	20000	59.858648	0.0	2235830	158	20.0
1608492987.39	20000	59.609644	0.0	2202171	172	20.0
1608492988.58	20000	59.610593	0.0	2242042	165	20.0
1608492989.19	20000	59.861608	0.0	1081763	85	20.0
1608492990.41	20000	59.61263	0.0	2409013	200	20.0
1608492991.57	20000	59.61359	0.0	1615028	141	20.0
1608492992.22	20000	59.864644	0.0	1413467	129	20.0
1608492993.38	20000	59.61562	0.0	1632450	136	20.0
1608492994.41	20000	59.616637	0.0	5664827	489	20.0
1608492995.33	20000	59.867644	0.0	4578115	384	20.0
1608492996.49	20000	59.618628	0.0	1783835	133	20.0
1608492997.59	20000	59.619619	0.0	1093613	87	20.0
1608492998.18	20000	59.870639	0.0	975642	72	20.0
1608492999.33	20000	59.871593	0.0	1658005	126	20.0
1608493000.12	20000	59.87265	0.0	3055257	267	20.0
1608493001.13	20000	59.873655	0.0	5355572	468	20.0
1608493002.44	20000	59.624597	0.0	3278424	279	20.0
1608493003.15	20000	59.875615	0.0	2318501	190	20.0
1608493004.38	20000	59.626594	0.0	2473561	201	20.0
1608493005.53	20000	59.627512	0.0	1730311	134	20.0
1608493006.17	20000	59.878654	0.0	1455812	115	20.0
1608493007.43	20000	59.629576	0.0	2869222	228	20.0
1608493008.18	20000	59.880642	0.0	3226650	229	20.0
1608493009.4	20000	59.631657	0.0	2705936	192	20.0
1608493010.18	20000	59.882544	0.0	2998622	248	20.0
1608493011.44	20000	59.633611	0.0	2928342	239	20.0
1608493012.25	20000	59.884644	0.0	3059979	284	20.0
1608493013.57	20000	59.635534	0.0	3367422	277	20.0
1608493014.24	20000	59.886629	0.0	1950694	152	20.0
1608493015.38	20000	59.63765	0.0	1541020	120	20.0
1608493016.18	20000	59.888644	0.0	2926720	279	20.0
1608493017.5	20000	59.639612	0.0	2991202	284	20.0
1608493018.24	20000	59.890692	0.0	3002106	223	20.0
1608493019.42	20000	59.641629	0.0	2015412	149	20.0
1608493020.2	20000	59.892641	0.0	2894863	261	20.0
1608493021.42	20000	59.643629	0.0	2185316	197	20.0
1608493022.23	20000	59.89465	0.0	3370605	277	20.0
1608493023.56	20000	59.645658	0.0	3492243	298	20.0
1608493024.18	20000	59.896686	0.0	1307592	103	20.0
1608493025.35	20000	59.897652	0.0	1881404	149	20.0
1608493026.53	20000	59.648546	0.0	1806471	159	20.0
1608493027.21	20000	59.899639	0.0	1945842	152	20.0
1608493028.43	20000	59.650614	0.0	2538877	199	20.0
1608493029.19	20000	59.90165	0.0	2298557	233	20.0
1608493030.51	20000	59.652616	0.0	2831497	293	20.0
1608493031.34	20000	59.903632	0.0	3200905	304	20.0
1608493032.57	20000	59.654622	0.0	2180586	200	20.0
1608493033.2	20000	59.905599	0.0	1500505	111	20.0
1608493034.37	20000	59.656592	0.0	1939246	144	20.0
1608493035.52	20000	59.657575	0.0	1599193	129	20.0
1608493036.24	20000	59.908593	0.0	2364826	196	20.0
1608493037.47	20000	59.659573	0.0	2517454	210	20.0
1608493038.16	20000	59.910596	0.0	1883143	164	20.0
1608493039.35	20000	59.911584	0.0	1726706	164	20.0
1608493040.42	20000	59.662581	0.0	707364	55	20.0
1608493041.52	20000	59.66359	0.0	796460	79	20.0
1608493042.58	20000	59.664579	0.0	596962	43	20.0
1608493043.19	20000	59.915609	0.0	947625	96	20.0
1608493044.3	20000	59.916622	0.0	832859	90	20.0
1608493045.32	20000	59.917633	0.0	151562	12	20.0
1608493046.34	20000	59.918637	0.0	90390	5	20.0
1608493047.36	20000	59.669648	0.0	50278	2	20.0
1608493048.37	16000	59.670567	0.0	26471	4	12.0
1608493049.4	8000	59.671576	0.0	26015	4	0.0
1608493049.71	4000	1.000999	0.012	60629	3	-0.3839999999999999
1608493050.62	20000	1.280915	0.168	11007815	807	-1.3760000000000012
1608493051.44	20000	1.680753	0.0	8849724	759	20.0
1608493051.74	16000	2.404174	0.0	3191121	266	12.0
1608493051.89	16000	3.254634	0.0	1661718	129	16.0
1608493052.02	16000	4.130089	0.0	1315024	106	16.0
1608493052.09	20000	5.061913	0.0	698359	54	16.0
1608493052.16	20000	5.993024	0.0	730082	56	20.0
1608493052.5	20000	6.670601	0.0	4047415	317	20.0
1608493052.76	20000	7.411691	0.0	2863079	236	20.0
1608493053.18	20000	8.001881	0.0	4167844	379	20.0
1608493053.72	20000	8.455219	0.0	5571764	506	20.0
1608493054.2	20000	8.98271	0.0	4925652	437	20.0
1608493054.4	20000	9.781445	0.0	2030157	181	20.0
1608493054.62	20000	10.561749	0.0	2240782	198	20.0
1608493054.83	20000	11.350885	0.0	2211169	191	20.0
1608493054.87	20000	12.307491	0.0	382046	31	20.0
1608493054.99	20000	13.197737	0.0	1113969	95	20.0
1608493055.07	20000	14.112478	0.0	820127	70	20.0
1608493055.67	20000	14.519194	0.0	6357933	550	20.0
1608493056.19	20000	14.993241	0.0	4814284	490	20.0
1608493056.57	20000	15.617063	0.0	3419258	347	20.0
1608493056.96	20000	16.234183	0.0	3944328	351	20.0
1608493057.35	20000	16.836784	0.0	4284196	364	20.0
1608493057.64	20000	17.554934	0.0	3022025	256	20.0
1608493057.86	20000	18.335296	0.0	2248581	200	20.0
1608493058.81	20000	18.380458	0.0	9946363	891	20.0
1608493059.74	20000	18.451732	0.0	11684632	860	20.0
1608493059.9	20000	19.296494	0.0	1849732	135	20.0
1608493060.06	20000	20.134683	0.0	1942795	143	20.0
1608493060.21	20000	20.991785	0.0	1704756	125	20.0
1608493060.35	20000	21.849428	0.0	1697111	125	20.0
1608493060.48	20000	22.714878	0.0	1529441	109	20.0
1608493060.62	20000	23.582068	0.0	1568649	115	20.0
1608493060.76	20000	24.43984	0.0	1677618	122	20.0
