1608604558.15	4000	1.000999	0.073	60629	63	-2.336
1608604559.86	2000	1.392379	1.011	1072422	1654	-32.352
1608604562.03	2000	1.404878	1.184	1121405	2156	-35.888
1608604563.43	2000	1.340108	0.327	728514	1378	-8.464
1608604564.42	2000	1.418148	0.072	508013	982	-0.3039999999999998
1608604565.29	2000	1.550942	0.0	395538	856	2.0
1608604565.96	2000	1.880814	0.0	297276	659	2.0
1608604566.55	2000	2.289363	0.0	247728	581	2.0
1608604568.88	2000	1.494393	0.531	1172629	2313	-14.992
1608604570.09	2000	1.288556	0.0	740561	1194	2.0
1608604571.5	2000	1.277936	0.399	905521	1396	-10.768
1608604572.85	2000	1.427781	0.502	975494	1338	-14.064
1608604574.65	2000	1.431233	0.801	873443	1784	-23.632
1608604575.63	2000	1.483947	0.027	420093	963	1.1360000000000001
1608604576.3	2000	1.808126	0.0	432386	665	2.0
1608604576.93	2000	2.179316	0.0	430845	618	2.0
1608604577.11	2000	3.006453	0.0	114664	164	2.0
1608604577.52	2000	3.591512	0.0	272444	406	2.0
1608604577.77	2000	4.342696	0.0	180836	239	2.0
1608604579.42	2000	3.693034	0.0	1138797	1636	2.0
1608604580.68	2000	3.432208	0.0	922146	1248	2.0
1608604581.89	2000	3.223519	0.0	760526	1196	2.0
1608604583.35	2000	2.769194	0.0	866360	1440	2.0
1608604584.45	2000	2.667011	0.0	821406	1089	2.0
1608604585.24	2000	2.878979	0.0	576666	776	2.0
1608604585.83	2000	3.29377	0.0	399536	574	2.0
1608604589.53	2000	1.27373	0.684	2503359	3679	-19.888
1608604591.93	2000	1.459055	1.578	2158640	2373	-48.496
1608604592.34	2000	2.046002	0.0	352618	402	2.0
1608604592.76	2000	2.622379	0.0	355918	414	2.0
1608604593.13	2000	3.261628	0.0	335697	351	2.0
1608604593.5	2000	3.88752	0.0	336592	364	2.0
1608604593.79	2000	4.600584	0.0	257949	278	2.0
1608604594.04	2000	5.348799	0.0	254944	243	2.0
1608604594.34	2000	6.056221	0.0	280530	283	2.0
1608604594.62	2000	6.769994	0.0	274347	276	2.0
1608604595.0	2000	7.389671	0.0	407719	370	2.0
1608604595.2	2000	8.195718	0.0	221839	185	2.0
1608604595.63	4000	8.769843	0.0	481423	410	2.0
1608604596.22	4000	9.177767	0.0	753582	580	4.0
1608604597.01	4000	9.389159	0.0	1035369	775	4.0
1608604597.36	4000	10.041015	0.0	420196	337	4.0
1608604598.12	4000	10.284248	0.0	876880	744	4.0
1608604598.77	4000	10.636331	0.0	659947	636	4.0
1608604600.23	4000	10.171469	0.0	1538893	1450	4.0
1608604601.54	4000	9.861248	0.0	1116845	1295	4.0
1608604601.55	2000	9.854085	0.0	1116845	1295	0.0
1608604602.68	2000	9.722545	0.0	370252	1121	2.0
1608604603.82	2000	9.808674	0.0	330522	1126	2.0
1608604604.34	2000	10.29373	0.0	298688	503	2.0
1608604604.68	2000	10.959349	0.0	200752	323	2.0
1608604605.17	2000	11.467468	0.0	280436	481	2.0
1608604605.7	2000	11.935969	0.0	254413	520	2.0
1608604605.89	2000	12.744139	0.0	92084	181	2.0
1608604606.07	2000	13.563648	0.0	85090	170	2.0
1608604606.87	2000	13.767913	0.0	285433	785	2.0
1608604607.47	2000	14.16744	0.0	361866	589	2.0
1608604608.02	2000	14.622872	0.0	347546	533	2.0
1608604608.62	2000	15.01936	0.0	396965	590	2.0
1608604609.0	2000	15.643808	0.0	264442	364	2.0
1608604609.31	2000	16.33851	0.0	201160	294	2.0
1608604609.65	2000	16.992408	0.0	227906	334	2.0
1608604610.1	2000	17.545314	0.0	301480	436	2.0
1608604610.77	2000	17.873098	0.0	401522	659	2.0
1608604611.22	2000	18.432689	0.0	296659	428	2.0
1608604611.68	2000	18.967938	0.0	306130	453	2.0
1608604612.13	2000	19.522894	0.0	320231	433	2.0
1608604612.83	2000	19.817969	0.0	505705	694	2.0
1608604613.8	2000	19.848543	0.0	560900	958	2.0
1608604614.75	2000	19.905362	0.0	477844	932	2.0
1608604615.62	2000	20.029196	0.0	593358	864	2.0
1608604616.34	2000	20.313221	0.0	552627	703	2.0
1608604616.8	2000	20.855643	0.0	356467	446	2.0
1608604617.18	2000	21.478659	0.0	298528	367	2.0
1608604617.7	2000	21.959384	0.0	372582	509	2.0
1608604618.38	2000	22.283743	0.0	432861	664	2.0
1608604619.37	2000	22.290714	0.0	576027	980	2.0
1608604622.17	2000	20.488847	0.0	2234357	2778	2.0
1608604622.83	2000	20.83036	0.0	560537	647	2.0
1608604623.64	2000	21.02848	0.0	577595	789	2.0
1608604624.54	2000	21.123222	0.0	643057	893	2.0
1608604624.96	2000	21.707582	0.0	299663	405	2.0
1608604625.26	2000	22.410124	0.0	284317	288	2.0
1608604625.61	2000	23.053095	0.0	341921	346	2.0
1608604625.97	2000	23.701401	0.0	337442	342	2.0
1608604626.31	2000	24.358158	0.0	361712	333	2.0
1608604626.66	2000	25.007781	0.0	356599	339	2.0
1608604627.01	2000	25.665109	0.0	349268	332	2.0
1608604627.33	2000	26.33964	0.0	330614	316	2.0
1608604627.34	4000	26.33193	0.0	330614	316	2.0
1608604627.34	2000	26.327211	0.0	330614	316	0.0
1608604627.7	2000	26.974313	0.0	348018	344	2.0
1608604628.21	2000	27.468164	0.0	462525	495	2.0
1608604629.32	2000	27.355908	0.0	845902	1099	2.0
1608604629.86	2000	27.817322	0.0	452278	527	2.0
1608604630.28	2000	28.401556	0.0	403995	405	2.0
1608604630.66	2000	29.016916	0.0	391858	374	2.0
1608604631.09	2000	29.587353	0.0	447328	418	2.0
1608604631.66	2000	30.019392	0.0	442130	557	2.0
1608604632.27	2000	30.407216	0.0	467709	601	2.0
1608604632.64	2000	31.040384	0.0	242111	356	2.0
1608604633.42	2000	31.267332	0.0	564856	762	2.0
1608604633.91	2000	31.77084	0.0	387198	486	2.0
1608604634.39	2000	32.290778	0.0	371539	470	2.0
1608604634.9	2000	32.78291	0.0	364606	497	2.0
1608604636.1	2000	32.59192	0.0	883642	1178	2.0
1608604637.04	2000	32.65104	0.0	678863	929	2.0
1608604637.54	2000	33.151588	0.0	376102	487	2.0
1608604637.91	2000	33.777965	0.0	268819	363	2.0
1608604638.2	2000	34.486774	0.0	249895	281	2.0
1608604638.61	2000	35.080176	0.0	388840	396	2.0
1608604639.13	2000	35.566523	0.0	510672	502	2.0
1608604639.84	2000	35.84963	0.0	813914	705	2.0
1608604640.34	2000	36.352846	0.0	569070	485	2.0
1608604640.35	4000	36.34585	0.0	569070	485	2.0
1608604641.31	4000	36.396125	0.0	982243	938	4.0
1608604642.86	4000	35.837461	0.0	1004344	1537	4.0
1608604642.87	2000	35.830212	0.0	1004344	1537	0.0
1608604643.25	2000	36.447624	0.0	296369	374	2.0
1608604643.5	2000	37.195775	0.0	286854	242	2.0
1608604644.0	2000	37.6968	0.0	566404	488	2.0
1608604644.49	2000	38.209757	0.0	695021	475	2.0
1608604644.5	4000	38.202658	0.0	695021	475	2.0
1608604645.22	4000	38.479477	0.0	1085010	710	4.0
1608604646.16	4000	38.545283	0.0	1231535	919	4.0
1608604647.04	4000	38.66764	0.0	1204741	863	4.0
1608604647.89	4000	38.818752	0.0	1227805	835	4.0
1608604648.86	4000	38.84525	0.0	1328172	959	4.0
1608604649.45	4000	39.260087	0.0	755940	572	4.0
1608604649.9	4000	39.807999	0.0	542221	440	4.0
1608604650.76	4000	39.947359	0.0	1043429	846	4.0
1608604651.85	4000	39.861777	0.0	1080376	1070	4.0
1608604653.07	4000	39.644508	0.0	1087843	1202	4.0
1608604653.7	4000	40.012842	0.0	735758	619	4.0
1608604654.67	4000	40.047953	0.0	1086740	951	4.0
1608604655.49	4000	40.228201	0.0	818102	807	4.0
1608604657.09	4000	39.626392	0.0	1450968	1586	4.0
1608604658.51	4000	39.201454	0.0	1535058	1409	4.0
1608604658.52	2000	39.194101	0.0	1535058	1409	0.0
1608604658.68	2000	40.035676	0.0	207349	150	2.0
1608604658.69	4000	40.029031	0.0	207349	150	2.0
1608604659.29	4000	40.431333	0.0	781150	586	4.0
1608604659.79	4000	40.928346	0.0	723162	491	4.0
1608604660.33	4000	41.391212	0.0	787496	524	4.0
1608604661.03	4000	41.688506	0.0	1008090	689	4.0
1608604661.7	4000	42.019695	0.0	920901	655	4.0
1608604662.61	4000	42.115161	0.0	1141486	890	4.0
1608604663.8	4000	41.92357	0.0	1305395	1177	4.0
1608604664.74	4000	41.989323	0.0	854393	921	4.0
1608604665.47	4000	42.253533	0.0	602217	723	4.0
1608604665.48	2000	42.245676	0.0	602217	723	0.0
1608604665.88	2000	42.849438	0.0	339747	387	2.0
1608604666.27	2000	43.459086	0.0	339538	380	2.0
1608604666.71	2000	44.019102	0.0	477871	428	2.0
1608604667.17	2000	44.563019	0.0	491670	445	2.0
1608604667.58	2000	45.14962	0.0	462611	402	2.0
1608604667.59	4000	45.141755	0.0	462611	402	2.0
1608604668.2	4000	45.533508	0.0	662118	598	4.0
1608604668.75	4000	1.000999	0.048	60629	36	-1.536
1608604686.67	8000	9.83336	6.468	922146	846	-202.976
1608604686.68	4000	9.826053	0.0	922146	846	0.0
1608604687.98	4000	9.522621	0.0	1501029	1290	4.0
1608604689.48	4000	9.025419	0.0	1558531	1482	4.0
1608604690.97	4000	8.540584	0.0	1856343	1467	4.0
1608604692.18	4000	8.324283	0.0	1433055	1201	4.0
1608604693.24	4000	8.269868	0.0	1055512	1039	4.0
1608604697.08	4000	5.65407	0.0	4647286	3811	4.0
1608604700.93	4000	2.808173	0.0	5615227	3797	4.0
1608604701.39	4000	3.347708	0.0	764013	445	4.0
1608604701.86	4000	3.880468	0.0	795179	454	4.0
1608604702.31	4000	4.435236	0.0	741228	431	4.0
1608604702.31	8000	4.427484	0.0	741228	431	4.0
1608604702.96	8000	4.784617	0.0	1086181	627	8.0
1608604703.57	8000	5.174755	0.0	1029204	593	8.0
1608604704.21	8000	5.539945	0.0	1054251	619	8.0
1608604704.91	8000	5.83887	0.0	1132419	685	8.0
1608604705.53	8000	6.221476	0.0	977239	603	8.0
1608604706.31	8000	6.434546	0.0	1356524	771	8.0
1608604706.75	8000	6.995221	0.0	801103	424	8.0
1608604707.13	8000	7.622023	0.0	686354	360	8.0
1608604707.72	8000	8.033844	0.0	1097671	573	8.0
1608604708.57	8000	8.17714	0.0	1598754	839	8.0
1608604709.16	8000	8.594543	0.0	1172467	568	8.0
1608604710.06	8000	8.698108	0.0	1818385	877	8.0
1608604710.51	8000	9.246313	0.0	890138	436	8.0
1608604711.65	8000	9.102348	0.0	2345010	1121	8.0
1608604712.47	8000	9.285539	0.0	1735323	798	8.0
1608604712.98	8000	9.775268	0.0	1153767	494	8.0
1608604713.58	12000	10.183113	0.0	1329461	570	8.0
1608604714.14	12000	10.621031	0.0	1254418	543	12.0
