1608559088.36	4000	1.000999	0.037	60629	1	-1.1840000000000002
1608559088.59	2000	1.786754	0.0	1072422	216	0.0
1608559088.84	2000	2.573818	0.0	1121405	228	2.0
1608559089.0	2000	3.413766	0.0	728514	147	2.0
1608559089.1	2000	4.312507	0.0	508013	89	2.0
1608559089.17	2000	5.237519	0.0	395538	64	2.0
1608559089.23	2000	6.17911	0.0	297276	47	2.0
1608559089.28	4000	7.128735	0.0	222226	34	2.0
1608559089.62	8000	7.796744	0.0	1838971	308	4.0
1608559089.86	8000	8.551134	0.0	1382199	230	8.0
1608559090.24	8000	9.180751	0.0	2052265	351	8.0
1608559090.8	8000	9.6187	0.0	3005823	538	8.0
1608559091.34	8000	10.077368	0.0	2879726	521	8.0
1608559091.66	12000	10.756077	0.0	1630440	299	8.0
1608559092.0	12000	11.425302	0.0	1712120	315	12.0
1608559092.41	16000	12.009725	0.0	2211169	393	12.0
1608559092.49	16000	12.933709	0.0	382046	64	16.0
1608559092.7	16000	13.724925	0.0	1113969	195	16.0
1608559092.86	16000	14.569414	0.0	820127	143	16.0
1608559094.19	16000	14.240459	0.0	6357933	1282	16.0
1608559095.36	16000	14.068843	0.0	4814284	1135	16.0
1608559096.08	16000	14.603319	0.0	3419258	686	16.0
1608559096.78	16000	14.903086	0.0	3944328	668	16.0
1608559097.62	16000	15.057945	0.0	4284196	813	16.0
1608559098.25	20000	15.437113	0.0	3022025	594	16.0
1608559098.66	20000	16.026629	0.0	2248581	389	20.0
1608559100.42	20000	15.263528	0.0	9946363	1686	20.0
1608559102.38	20000	14.300875	0.0	11684632	1894	20.0
1608559102.69	16000	15.000062	0.0	1849732	282	12.0
1608559103.0	20000	15.684619	0.0	1942795	295	16.0
1608559103.33	20000	16.358573	0.0	1704756	307	20.0
1608559103.71	20000	16.982192	0.0	1697111	350	20.0
1608559104.04	20000	17.64724	0.0	1529441	316	20.0
1608559104.42	20000	18.274181	0.0	1568649	356	20.0
1608559104.83	20000	18.857802	0.0	1677618	397	20.0
1608559105.19	20000	19.500326	0.0	1415096	339	20.0
1608559105.8	20000	19.899365	0.0	1894067	581	20.0
1608559106.17	20000	20.523172	0.0	1186604	361	20.0
1608559106.62	20000	21.079856	0.0	1068386	429	20.0
1608559107.27	20000	21.424403	0.0	1700843	637	20.0
1608559108.04	20000	21.662479	0.0	2536859	739	20.0
1608559110.13	20000	20.572563	0.0	4742872	2052	20.0
1608559112.6	20000	19.103654	0.0	4955535	2426	20.0
1608559113.24	20000	19.463333	0.0	1260540	625	20.0
1608559114.5	20000	19.207711	0.0	3605246	1222	20.0
1608559115.27	20000	19.437067	0.0	2770338	745	20.0
1608559115.86	20000	19.848332	0.0	1855168	569	20.0
1608559116.56	20000	20.149221	0.0	1666915	680	20.0
1608559117.42	20000	20.284757	0.0	1555467	842	20.0
1608559117.82	20000	20.891462	0.0	1008919	376	20.0
1608559118.26	20000	21.443515	0.0	1227619	431	20.0
1608559118.51	20000	22.196109	0.0	1015853	232	20.0
1608559118.61	20000	23.098905	0.0	384076	86	20.0
1608559118.69	20000	24.02157	0.0	295687	64	20.0
1608559119.01	20000	24.701062	0.0	1328674	304	20.0
1608559119.39	20000	25.326307	0.0	1492829	357	20.0
1608559119.8	20000	25.917684	0.0	1484812	389	20.0
1608559120.3	20000	26.42028	0.0	1868314	478	20.0
1608559120.59	20000	27.124347	0.0	1253406	279	20.0
1608559120.8	20000	27.91358	0.0	887933	197	20.0
1608559121.08	20000	28.640612	0.0	1153403	257	20.0
1608559121.38	20000	29.336848	0.0	1249023	288	20.0
1608559121.75	20000	29.968954	0.0	1423973	351	20.0
1608559122.03	20000	30.693163	0.0	1060162	260	20.0
1608559122.32	20000	31.402652	0.0	1080597	275	20.0
1608559122.7	20000	32.02738	0.0	1156442	359	20.0
1608559123.37	20000	32.353535	0.0	2222640	654	20.0
1608559124.0	20000	32.72402	0.0	2587311	604	20.0
1608559124.54	20000	33.185327	0.0	2178351	517	20.0
1608559125.48	20000	33.250584	0.0	3121089	909	20.0
1608559126.99	20000	32.739139	0.0	2857420	1488	20.0
1608559127.62	20000	33.106856	0.0	1702477	612	20.0
1608559128.01	20000	33.72151	0.0	1531670	367	20.0
1608559128.41	20000	34.327002	0.0	1863424	375	20.0
1608559128.72	20000	35.013798	0.0	1987392	292	20.0
1608559129.11	20000	35.622416	0.0	2505586	368	20.0
1608559131.26	20000	34.474808	0.0	9620218	2089	20.0
1608559131.72	20000	35.011158	0.0	2561608	440	20.0
1608559132.36	20000	35.371834	0.0	3633991	611	20.0
1608559132.9	20000	35.841247	0.0	3324070	502	20.0
1608559133.15	20000	36.589007	0.0	1560020	234	20.0
1608559133.39	20000	37.346897	0.0	1429188	224	20.0
1608559133.73	20000	38.012126	0.0	1754144	316	20.0
1608559134.04	20000	38.702113	0.0	1626020	293	20.0
1608559134.51	20000	39.237012	0.0	1739228	445	20.0
1608559134.95	20000	39.790747	0.0	1722735	426	20.0
1608559135.35	20000	40.395655	0.0	1538145	374	20.0
1608559135.7	20000	41.044266	0.0	1473412	333	20.0
1608559136.06	20000	41.686132	0.0	1498968	339	20.0
1608559136.61	20000	42.139519	0.0	2247334	525	20.0
1608559137.4	20000	42.344465	0.0	3156442	768	20.0
1608559137.88	20000	42.868471	0.0	1895098	455	20.0
1608559138.37	20000	43.384641	0.0	1939135	465	20.0
1608559138.97	20000	43.776989	0.0	1842874	587	20.0
1608559139.86	20000	43.893953	0.0	2235830	861	20.0
1608559140.7	20000	44.057632	0.0	2202171	815	20.0
1608559141.37	20000	44.38424	0.0	2242042	653	20.0
1608559141.72	20000	45.039005	0.0	1081763	329	20.0
1608559142.59	20000	45.166036	0.0	2409013	850	20.0
1608559143.85	20000	44.91138	0.0	1615028	1235	20.0
1608559144.77	20000	44.988797	0.0	1413467	906	20.0
1608559145.48	20000	45.279331	0.0	1632450	691	20.0
1608559147.41	20000	44.351989	0.0	5664827	1885	20.0
1608559149.48	20000	43.286693	0.0	4578115	2029	20.0
1608559149.87	20000	43.893328	0.0	1783835	374	20.0
1608559150.11	20000	44.648615	0.0	1093613	228	20.0
1608559150.33	20000	45.429551	0.0	975642	203	20.0
1608559150.66	20000	46.101023	0.0	1658005	308	20.0
1608559151.25	20000	46.516458	0.0	3055257	558	20.0
1608559152.51	20000	46.258264	0.0	5355572	1218	20.0
1608559153.02	20000	46.748486	0.0	3278424	483	20.0
1608559153.38	20000	47.385384	0.0	2318501	341	20.0
1608559153.66	20000	48.109093	0.0	2473561	255	20.0
1608559153.85	20000	48.921935	0.0	1730311	169	20.0
1608559154.01	20000	49.763366	0.0	1455812	141	20.0
1608559154.32	20000	50.458364	0.0	2869222	281	20.0
1608559154.64	20000	51.132123	0.0	3226650	300	20.0
1608559154.91	20000	51.864616	0.0	2705936	244	20.0
1608559155.21	20000	52.569061	0.0	2998622	271	20.0
1608559155.5	20000	53.278295	0.0	2928342	267	20.0
1608559155.82	20000	53.958078	0.0	3059979	295	20.0
1608559156.17	20000	54.604905	0.0	3367422	324	20.0
1608559156.38	20000	55.397558	0.0	1950694	187	20.0
1608559156.56	20000	56.218249	0.0	1541020	161	20.0
1608559156.92	20000	56.863489	0.0	2926720	328	20.0
1608559157.28	20000	57.501807	0.0	2991202	336	20.0
1608559157.65	20000	58.132448	0.0	3002106	344	20.0
1608559157.91	20000	58.875989	0.0	2015412	235	20.0
1608559158.27	20000	59.512248	0.0	2894863	339	20.0
1608559159.05	20000	59.912111	0.0	2185316	255	20.0
1608559159.98	20000	59.913217	0.0	3370605	397	20.0
1608559161.12	20000	59.914128	0.0	3492243	606	20.0
1608559161.91	20000	59.915126	0.0	1307592	266	20.0
1608559163.27	20000	59.666221	0.0	1881404	346	20.0
1608559164.22	20000	59.576152	0.0	1806471	921	20.0
1608559164.88	20000	59.910168	0.0	1945842	644	20.0
1608559166.04	20000	59.919146	0.0	2538877	634	20.0
1608559167.15	20000	59.670224	0.0	2298557	580	20.0
1608559167.91	20000	59.887765	0.0	2831497	731	20.0
1608559169.22	20000	59.672128	0.0	3200905	781	20.0
1608559170.0	20000	59.795784	0.0	2180586	761	20.0
1608559171.22	20000	59.674137	0.0	1500505	694	20.0
1608559172.26	20000	59.675125	0.0	1939246	518	20.0
1608559173.03	20000	59.926225	0.0	1599193	250	20.0
1608559174.33	20000	59.677257	0.0	2364826	277	20.0
1608559174.82	20000	59.987895	0.0	2517454	463	20.0
1608559176.22	20000	59.679212	0.0	1883143	380	20.0
1608559177.05	20000	59.930121	0.0	1726706	312	20.0
1608559178.25	20000	59.681217	0.0	707364	178	20.0
1608559179.07	20000	59.917463	0.0	796460	303	20.0
1608559180.3	20000	59.683127	0.0	596962	208	20.0
1608559180.95	20000	59.860085	0.0	947625	630	20.0
1608559182.22	20000	59.685018	0.0	832859	752	20.0
1608559183.31	20000	59.686188	0.0	151562	77	20.0
1608559184.34	20000	59.687196	0.0	90390	20	20.0
1608559185.36	20000	59.688095	0.0	50278	8	20.0
1608559185.88	20000	59.939211	0.0	26471	1	20.0
1608559186.9	20000	59.940169	0.0	40620	5	20.0
1608559187.27	4000	1.000999	0.083	335737	72	-2.656
1608559187.54	2000	2.001999	0.0	1072422	242	0.0
1608559187.8	2000	2.750201	0.0	1121405	245	2.0
1608559187.98	2000	3.576267	0.0	728514	159	2.0
1608559188.1	2000	4.453735	0.0	508013	109	2.0
1608559188.2	2000	5.357872	0.0	395538	84	2.0
1608559188.27	2000	6.282025	0.0	297276	62	2.0
1608559188.34	4000	7.219433	0.0	222226	46	2.0
1608559188.77	8000	7.78957	0.0	1838971	406	4.0
1608559189.1	8000	8.461837	0.0	1382199	312	8.0
1608559189.58	8000	8.977897	0.0	2052265	466	8.0
1608559190.23	8000	9.327048	0.0	3005823	626	8.0
1608559190.85	8000	9.714761	0.0	2879726	590	8.0
1608559191.19	12000	10.368159	0.0	1630440	328	8.0
1608559191.56	12000	11.006864	0.0	1712120	345	12.0
1608559191.98	16000	11.581195	0.0	2211169	403	12.0
1608559192.06	16000	12.505861	0.0	382046	65	16.0
1608559192.27	16000	13.296115	0.0	1113969	197	16.0
1608559192.43	16000	14.140697	0.0	820127	144	16.0
1608559193.68	16000	13.893045	0.0	6357933	1200	16.0
1608559194.59	16000	14.035623	0.0	4814284	873	16.0
1608559195.05	16000	14.749803	0.0	3419258	437	16.0
1608559195.56	16000	15.248155	0.0	3944328	472	16.0
1608559196.27	20000	15.53817	0.0	4284196	680	16.0
1608559197.25	20000	15.555767	0.0	3022025	957	20.0
1608559210.14	20000	3.663909	0.0	2248581	12862	20.0
1608559210.54	2000	4.270611	0.0	2503359	366	-16.0
1608559210.88	2000	4.92915	0.0	2158640	319	2.0
1608559210.95	2000	5.863092	0.0	352618	53	2.0
1608559211.09	4000	6.722765	0.0	795179	124	2.0
1608559211.22	4000	7.593831	0.0	741228	115	4.0
1608559211.41	8000	8.404072	0.0	1086181	171	4.0
1608559211.59	8000	9.228096	0.0	1029204	161	8.0
1608559211.77	8000	10.04714	0.0	1054251	165	8.0
1608559212.01	12000	10.806336	0.0	1407326	220	8.0
