1608567610.5	4000	1.000999	0.022	60629	12	-0.43999999999999995
1608567610.88	2000	1.653516	0.0	1072422	308	0.0
1608567611.22	2000	2.306851	0.0	1121405	329	2.0
1608567612.01	20000	2.525878	0.0	3191121	745	2.0
1608567612.45	20000	3.079115	0.0	1661718	427	20.0
1608567612.92	20000	3.610552	0.0	1315024	452	20.0
1608567613.18	20000	4.35971	0.0	698359	236	20.0
1608567613.38	20000	5.153186	0.0	730082	192	20.0
1608567614.26	20000	5.590448	0.0	4047415	843	20.0
1608567615.07	20000	5.784527	0.0	2863079	778	20.0
1608567616.08	20000	5.774156	0.0	4167844	979	20.0
1608567617.35	20000	5.503569	0.0	5571764	1226	20.0
1608567618.31	20000	5.552726	0.0	4925652	912	20.0
1608567618.76	20000	6.102737	0.0	2030157	426	20.0
1608567619.26	20000	6.602654	0.0	2240782	476	20.0
1608567619.62	20000	7.245048	0.0	2211169	333	20.0
1608567619.69	20000	8.170259	0.0	382046	51	20.0
1608567619.87	20000	8.996997	0.0	1113969	156	20.0
1608567620.0	20000	9.866726	0.0	820127	114	20.0
1608567620.92	20000	9.943271	0.0	6357933	870	20.0
1608567621.59	20000	10.272656	0.0	4814284	631	20.0
1608567622.06	20000	10.811339	0.0	3419258	431	20.0
1608567622.57	20000	11.302119	0.0	3944328	476	20.0
1608567623.09	20000	11.778177	0.0	4284196	490	20.0
1608567623.49	20000	12.381011	0.0	3022025	361	20.0
1608567623.83	20000	13.045541	0.0	2248581	311	20.0
1608567625.24	20000	12.635459	0.0	9946363	1329	20.0
1608567627.04	20000	11.837422	0.0	11684632	1726	20.0
1608567627.32	20000	12.556576	0.0	1849732	260	20.0
1608567627.55	20000	13.320647	0.0	1942795	214	20.0
1608567627.75	20000	14.126809	0.0	1704756	174	20.0
1608567627.94	20000	14.932833	0.0	1697111	173	20.0
1608567628.12	20000	15.757054	0.0	1529441	157	20.0
1608567628.3	20000	16.578504	0.0	1568649	161	20.0
1608567628.51	20000	17.37315	0.0	1677618	184	20.0
1608567628.69	20000	18.18775	0.0	1415096	167	20.0
1608567628.94	20000	18.941886	0.0	1894067	225	20.0
1608567629.1	20000	19.778478	0.0	1186604	136	20.0
1608567629.25	20000	20.636712	0.0	1068386	126	20.0
1608567629.47	20000	21.417712	0.0	1700843	199	20.0
1608567629.79	20000	22.097914	0.0	2536859	296	20.0
1608567630.38	20000	22.505899	0.0	4742872	557	20.0
1608567631.26	20000	22.631163	0.0	4955535	836	20.0
1608567631.46	20000	23.426059	0.0	1260540	187	20.0
1608567631.89	20000	23.995845	0.0	3605246	400	20.0
1608567632.23	20000	24.662052	0.0	2770338	307	20.0
1608567632.46	20000	25.43009	0.0	1855168	209	20.0
1608567632.71	20000	26.182162	0.0	1666915	227	20.0
1608567632.94	20000	26.951291	0.0	1555467	211	20.0
1608567633.1	20000	27.7986	0.0	1008919	136	20.0
1608567633.28	20000	28.614717	0.0	1227619	166	20.0
1608567633.43	20000	29.461916	0.0	1015853	135	20.0
1608567633.5	20000	30.400168	0.0	384076	48	20.0
1608567633.55	20000	31.34995	0.0	295687	37	20.0
1608567633.74	20000	32.157716	0.0	1328674	174	20.0
1608567633.96	20000	32.941373	0.0	1492829	196	20.0
1608567634.18	20000	33.726204	0.0	1484812	195	20.0
1608567634.44	20000	34.460479	0.0	1868314	243	20.0
1608567634.63	20000	35.278483	0.0	1253406	164	20.0
1608567634.76	20000	36.145586	0.0	887933	115	20.0
1608567634.93	20000	36.975363	0.0	1153403	150	20.0
1608567635.12	20000	37.791944	0.0	1249023	163	20.0
1608567635.32	20000	38.585234	0.0	1423973	187	20.0
1608567635.47	20000	39.434903	0.0	1060162	133	20.0
1608567635.61	20000	40.296208	0.0	1080597	122	20.0
1608567635.76	20000	41.147522	0.0	1156442	130	20.0
1608567636.04	20000	41.869183	0.0	2222640	253	20.0
1608567636.36	20000	42.548987	0.0	2587311	294	20.0
1608567636.66	20000	43.252428	0.0	2178351	272	20.0
1608567637.1	20000	43.815797	0.0	3121089	407	20.0
1608567637.54	20000	44.375988	0.0	2857420	410	20.0
1608567638.07	20000	44.851175	0.0	1702477	503	20.0
1608567638.7	20000	45.214189	0.0	1531670	607	20.0
1608567639.57	20000	45.346714	0.0	1863424	845	20.0
1608567639.78	20000	46.135483	0.0	1987392	189	20.0
1608567640.05	20000	46.872068	0.0	2505586	239	20.0
1608567641.12	20000	46.806373	0.0	9620218	1005	20.0
1608567641.43	20000	47.493603	0.0	2561608	284	20.0
1608567641.89	20000	48.037896	0.0	3633991	423	20.0
1608567642.31	20000	48.619037	0.0	3324070	389	20.0
1608567642.52	20000	49.409651	0.0	1560020	189	20.0
1608567642.77	20000	50.162306	0.0	1429188	227	20.0
1608567643.07	20000	50.861406	0.0	1754144	279	20.0
1608567643.35	20000	51.583198	0.0	1626020	258	20.0
1608567643.63	20000	52.299601	0.0	1739228	261	20.0
1608567643.91	20000	53.027715	0.0	1722735	251	20.0
1608567644.15	20000	53.784271	0.0	1538145	223	20.0
1608567644.38	20000	54.550284	0.0	1473412	213	20.0
1608567644.65	20000	55.285802	0.0	1498968	244	20.0
1608567645.08	20000	55.857101	0.0	2247334	406	20.0
1608567645.82	20000	56.112933	0.0	3156442	716	20.0
1608567646.5	20000	56.438224	0.0	1895098	654	20.0
1608567646.91	20000	57.024617	0.0	1939135	392	20.0
1608567647.31	20000	57.630199	0.0	1842874	372	20.0
1608567647.87	20000	58.073517	0.0	2235830	533	20.0
1608567648.48	20000	58.460087	0.0	2202171	589	20.0
1608567649.54	20000	58.398081	0.0	2242042	1037	20.0
1608567649.71	20000	59.235755	0.0	1081763	144	20.0
1608567650.06	20000	59.887626	0.0	2409013	322	20.0
1608567651.3	20000	59.690386	0.0	1615028	216	20.0
1608567652.47	20000	59.69147	0.0	1413467	158	20.0
1608567653.21	20000	59.942404	0.0	1632450	216	20.0
1608567654.08	20000	59.873294	0.0	5664827	819	20.0
1608567655.32	20000	59.694459	0.0	4578115	705	20.0
1608567656.12	20000	59.945411	0.0	1783835	280	20.0
1608567657.28	20000	59.696392	0.0	1093613	143	20.0
1608567658.44	20000	59.697471	0.0	975642	136	20.0
1608567659.25	20000	59.896414	0.0	1658005	282	20.0
1608567660.29	20000	59.699385	0.0	3055257	512	20.0
1608567661.17	20000	59.789762	0.0	5355572	836	20.0
1608567662.19	20000	59.951491	0.0	3278424	495	20.0
1608567663.07	20000	59.952522	0.0	2318501	356	20.0
1608567664.13	20000	59.953467	0.0	2473561	532	20.0
1608567665.38	20000	59.704413	0.0	1730311	231	20.0
1608567666.14	20000	59.955421	0.0	1455812	239	20.0
1608567667.07	20000	59.95637	0.0	2869222	391	20.0
1608567668.5	20000	59.707379	0.0	3226650	400	20.0
1608567669.3	20000	59.708377	0.0	2705936	274	20.0
1608567670.13	20000	59.959374	0.0	2998622	290	20.0
1608567671.39	20000	59.710499	0.0	2928342	229	20.0
1608567672.19	20000	59.959455	0.0	3059979	270	20.0
1608567673.07	20000	59.962478	0.0	3367422	351	20.0
1608567674.28	20000	59.713432	0.0	1950694	184	20.0
1608567675.02	20000	59.964415	0.0	1541020	219	20.0
1608567676.37	20000	59.715272	0.0	2926720	321	20.0
1608567677.28	20000	59.716382	0.0	2991202	381	20.0
1608567678.17	20000	59.967256	0.0	3002106	361	20.0
1608567679.44	20000	59.718406	0.0	2015412	249	20.0
1608567680.46	20000	59.719409	0.0	2894863	487	20.0
1608567681.37	20000	59.720432	0.0	2185316	381	20.0
1608567682.41	20000	59.721372	0.0	3370605	516	20.0
1608567683.08	20000	59.901208	0.0	3492243	631	20.0
1608567684.29	20000	59.723412	0.0	1307592	186	20.0
1608567685.08	20000	59.974372	0.0	1881404	268	20.0
1608567686.3	20000	59.72538	0.0	1806471	190	20.0
1608567687.05	20000	59.976382	0.0	1945842	224	20.0
1608567688.42	20000	59.727425	0.0	2538877	352	20.0
1608567689.38	20000	59.728374	0.0	2298557	426	20.0
1608567690.04	20000	59.944809	0.0	2831497	624	20.0
1608567691.39	20000	59.730405	0.0	3200905	818	20.0
1608567692.1	20000	59.885045	0.0	2180586	688	20.0
1608567693.01	20000	59.982395	0.0	1500505	387	20.0
1608567694.44	20000	59.733415	0.0	1939246	401	20.0
1608567695.34	20000	59.734396	0.0	1599193	380	20.0
1608567696.09	20000	59.902464	0.0	2364826	723	20.0
1608567697.0	20000	59.993013	0.0	2517454	886	20.0
1608567698.06	20000	59.987362	0.0	1883143	538	20.0
1608567699.28	20000	59.73838	0.0	1726706	193	20.0
1608567700.36	20000	59.739376	0.0	707364	65	20.0
1608567701.47	20000	59.740372	0.0	796460	80	20.0
1608567702.04	20000	59.991374	0.0	596962	53	20.0
1608567703.15	20000	59.992391	0.0	947625	85	20.0
1608567704.24	20000	59.993382	0.0	832859	67	20.0
1608567705.26	20000	59.744471	0.0	151562	8	20.0
1608567706.28	20000	59.745422	0.0	90390	5	20.0
1608567707.3	20000	59.746378	0.0	50278	2	20.0
1608567708.32	20000	59.747369	0.0	26471	3	20.0
1608567709.34	20000	59.748385	0.0	40620	3	20.0
1608567714.48	4000	1.000999	0.042	334032	28	-0.8399999999999999
1608567715.64	20000	1.329598	0.198	11007815	1049	0.03999999999999915
1608567716.73	20000	1.315548	0.048	8849724	1031	19.04
1608567717.19	20000	1.89829	0.0	3191121	423	20.0
1608567717.44	20000	2.648172	0.0	1661718	229	20.0
1608567717.64	20000	3.447862	0.0	1315024	181	20.0
1608567717.75	20000	4.336911	0.0	698359	94	20.0
1608567717.87	20000	5.222234	0.0	730082	99	20.0
1608567718.52	20000	5.566718	0.0	4047415	618	20.0
1608567718.99	20000	6.10259	0.0	2863079	438	20.0
1608567719.65	20000	6.438751	0.0	4167844	631	20.0
1608567720.45	20000	6.64266	0.0	5571764	755	20.0
1608567722.07	20000	6.019858	0.0	4925652	1587	20.0
1608567722.58	20000	6.510716	0.0	2030157	480	20.0
1608567723.08	20000	7.00955	0.0	2240782	479	20.0
1608567723.48	20000	7.619633	0.0	2211169	367	20.0
1608567723.55	20000	8.542877	0.0	382046	61	20.0
1608567723.75	20000	9.342341	0.0	1113969	184	20.0
1608567723.91	20000	10.192024	0.0	820127	134	20.0
1608567724.89	20000	10.213272	0.0	6357933	934	20.0
1608567725.66	20000	10.439844	0.0	4814284	737	20.0
1608567726.21	20000	10.896101	0.0	3419258	514	20.0
1608567726.82	20000	11.285544	0.0	3944328	576	20.0
1608567727.56	20000	11.544869	0.0	4284196	700	20.0
1608567728.08	20000	12.021774	0.0	3022025	495	20.0
1608567728.42	20000	12.681404	0.0	2248581	316	20.0
1608567729.97	20000	12.134409	0.0	9946363	1484	20.0
1608567731.97	20000	11.139254	0.0	11684632	1925	20.0
1608567732.28	20000	11.824348	0.0	1849732	293	20.0
1608567732.62	20000	12.493292	0.0	1942795	309	20.0
1608567732.91	20000	13.202535	0.0	1704756	272	20.0
1608567733.21	20000	13.900622	0.0	1697111	283	20.0
1608567733.5	20000	14.617112	0.0	1529441	263	20.0
1608567733.79	20000	15.326834	0.0	1568649	270	20.0
1608567734.1	20000	16.01853	0.0	1677618	287	20.0
