1608592247.38	4000	1.000999	0.017	60629	6	-0.544
1608592247.57	2000	1.869359	0.0	1072422	134	0.0
1608592247.76	2000	2.689287	0.0	1121405	177	2.0
1608592247.89	2000	3.586657	0.0	728514	114	2.0
1608592247.98	2000	4.49499	0.0	508013	78	2.0
1608592248.06	2000	5.42066	0.0	395538	61	2.0
1608592248.11	2000	6.364956	0.0	297276	45	2.0
1608592248.16	4000	7.316248	0.0	222226	33	2.0
1608592248.47	8000	8.013078	0.0	1838971	277	4.0
1608592248.69	8000	8.789926	0.0	1382199	207	8.0
1608592249.02	8000	9.46131	0.0	2052265	309	8.0
1608592249.54	8000	9.944577	0.0	3005823	493	8.0
1608592250.24	12000	10.247625	0.0	3844696	664	8.0
1608592250.54	12000	10.945573	0.0	1630440	287	12.0
1608592250.86	12000	11.629004	0.0	1712120	301	12.0
1608592251.27	16000	12.220867	0.0	2211169	386	12.0
1608592251.34	16000	13.149349	0.0	382046	61	16.0
1608592251.54	16000	13.952947	0.0	1113969	183	16.0
1608592251.68	16000	14.806956	0.0	820127	134	16.0
1608592252.8	16000	14.690743	0.0	6357933	1069	16.0
1608592253.67	16000	14.824125	0.0	4814284	834	16.0
1608592254.29	16000	15.198449	0.0	3419258	599	16.0
1608592254.97	20000	15.746503	0.0	3944328	644	16.0
1608592255.73	20000	15.988411	0.0	4284196	724	20.0
1608592256.28	20000	16.44155	0.0	3022025	520	20.0
1608592256.67	20000	17.047102	0.0	2248581	373	20.0
1608592258.35	20000	16.374168	0.0	9946363	1595	20.0
1608592260.18	20000	15.540456	0.0	11684632	1758	20.0
1608592260.47	20000	16.249618	0.0	1849732	269	20.0
1608592260.78	20000	16.94266	0.0	1942795	287	20.0
1608592261.05	20000	17.671483	0.0	1704756	252	20.0
1608592261.32	20000	18.405119	0.0	1697111	248	20.0
1608592261.56	20000	19.165604	0.0	1529441	222	20.0
1608592261.81	20000	19.918575	0.0	1568649	228	20.0
1608592262.07	20000	20.654306	0.0	1677618	244	20.0
1608592262.3	20000	21.434633	0.0	1415096	202	20.0
1608592262.55	20000	22.176095	0.0	1894067	237	20.0
1608592262.72	20000	23.012018	0.0	1186604	147	20.0
1608592262.87	20000	23.861589	0.0	1068386	133	20.0
1608592263.1	20000	24.629679	0.0	1700843	214	20.0
1608592263.46	20000	25.274134	0.0	2536859	322	20.0
1608592264.12	20000	25.611943	0.0	4742872	627	20.0
1608592264.81	20000	25.922547	0.0	4955535	654	20.0
1608592265.0	20000	26.741084	0.0	1260540	165	20.0
1608592265.51	20000	27.233785	0.0	3605246	478	20.0
1608592265.9	20000	27.838316	0.0	2770338	370	20.0
1608592266.17	20000	28.571134	0.0	1855168	248	20.0
1608592266.4	20000	29.338799	0.0	1666915	214	20.0
1608592266.61	20000	30.12895	0.0	1555467	192	20.0
1608592266.76	20000	30.988185	0.0	1008919	124	20.0
1608592266.92	20000	31.821384	0.0	1227619	151	20.0
1608592267.06	20000	32.682358	0.0	1015853	125	20.0
1608592267.12	20000	33.624672	0.0	384076	45	20.0
1608592267.17	20000	34.579309	0.0	295687	35	20.0
1608592267.35	20000	35.405793	0.0	1328674	159	20.0
1608592267.53	20000	36.221461	0.0	1492829	153	20.0
1608592267.7	20000	37.046869	0.0	1484812	155	20.0
1608592267.92	20000	37.831299	0.0	1868314	196	20.0
1608592268.07	20000	38.684307	0.0	1253406	131	20.0
1608592268.18	20000	39.577513	0.0	887933	92	20.0
1608592268.31	20000	40.441946	0.0	1153403	120	20.0
1608592268.44	20000	41.311659	0.0	1249023	112	20.0
1608592268.59	20000	42.165413	0.0	1423973	128	20.0
1608592268.7	20000	43.054912	0.0	1060162	94	20.0
1608592268.82	20000	43.942657	0.0	1080597	97	20.0
1608592268.94	20000	44.821746	0.0	1156442	103	20.0
1608592269.16	20000	45.599105	0.0	2222640	201	20.0
1608592269.42	20000	46.341689	0.0	2587311	233	20.0
1608592269.64	20000	47.123146	0.0	2178351	197	20.0
1608592269.95	20000	47.814017	0.0	3121089	283	20.0
1608592270.23	20000	48.530848	0.0	2857420	258	20.0
1608592270.42	20000	49.341806	0.0	1702477	168	20.0
1608592270.62	20000	50.145605	0.0	1531670	176	20.0
1608592270.85	20000	50.91679	0.0	1863424	207	20.0
1608592271.1	20000	51.673958	0.0	1987392	223	20.0
1608592271.4	20000	52.366024	0.0	2505586	284	20.0
1608592272.62	20000	52.155955	0.0	9620218	1149	20.0
1608592272.93	20000	52.839603	0.0	2561608	292	20.0
1608592273.37	20000	53.398763	0.0	3633991	412	20.0
1608592273.7	20000	54.072809	0.0	3324070	298	20.0
1608592273.86	20000	54.914995	0.0	1560020	139	20.0
1608592274.01	20000	55.768949	0.0	1429188	128	20.0
1608592274.18	20000	56.593055	0.0	1754144	156	20.0
1608592274.35	20000	57.430284	0.0	1626020	145	20.0
1608592274.57	20000	58.20406	0.0	1739228	203	20.0
1608592274.8	20000	58.983003	0.0	1722735	201	20.0
1608592275.0	20000	59.785996	0.0	1538145	180	20.0
1608592276.19	20000	59.836095	0.0	1473412	171	20.0
1608592277.35	20000	59.587047	0.0	1498968	144	20.0
1608592278.09	20000	59.838097	0.0	2247334	213	20.0
1608592279.42	20000	59.588993	0.0	3156442	303	20.0
1608592280.16	20000	59.840111	0.0	1895098	219	20.0
1608592281.4	20000	59.59101	0.0	1939135	222	20.0
1608592282.12	20000	59.842058	0.0	1842874	188	20.0
1608592283.37	20000	59.593014	0.0	2235830	229	20.0
1608592284.14	20000	59.844116	0.0	2202171	242	20.0
1608592285.42	20000	59.594992	0.0	2242042	254	20.0
1608592286.03	20000	59.846117	0.0	1081763	98	20.0
1608592287.27	20000	59.597115	0.0	2409013	220	20.0
1608592288.43	20000	59.598012	0.0	1615028	136	20.0
1608592289.1	20000	59.849145	0.0	1413467	154	20.0
1608592290.3	20000	59.600051	0.0	1632450	178	20.0
1608592291.02	20000	59.772044	0.0	5664827	677	20.0
1608592292.12	20000	59.852097	0.0	4578115	559	20.0
1608592293.38	20000	59.603097	0.0	1783835	238	20.0
1608592294.04	20000	59.854073	0.0	1093613	141	20.0
1608592295.19	20000	59.855111	0.0	975642	130	20.0
1608592296.02	20000	59.856105	0.0	1658005	307	20.0
1608592297.4	20000	59.607015	0.0	3055257	353	20.0
1608592298.19	20000	59.609951	0.0	5355572	757	20.0
1608592299.21	20000	59.60891	0.0	3278424	478	20.0
1608592300.11	20000	59.860105	0.0	2318501	377	20.0
1608592301.18	20000	59.86111	0.0	2473561	549	20.0
1608592302.21	20000	59.612007	0.0	1730311	503	20.0
1608592303.44	20000	59.613077	0.0	1455812	214	20.0
1608592303.94	20000	59.86925	0.0	2869222	470	20.0
1608592305.0	20000	59.865088	0.0	3226650	526	20.0
1608592306.0	20000	59.866098	0.0	2705936	478	20.0
1608592307.06	20000	59.867099	0.0	2998622	531	20.0
1608592308.14	20000	59.868104	0.0	2928342	556	20.0
1608592308.88	20000	59.935004	0.0	3059979	698	20.0
1608592310.24	20000	59.620105	0.0	3367422	834	20.0
1608592311.14	20000	59.835336	0.0	1950694	379	20.0
1608592312.05	20000	59.872118	0.0	1541020	386	20.0
1608592313.16	20000	59.873103	0.0	2926720	578	20.0
1608592314.28	20000	59.624018	0.0	2991202	600	20.0
1608592314.88	20000	59.938654	0.0	3002106	572	20.0
1608592316.28	20000	59.626021	0.0	2015412	371	20.0
1608592316.84	20000	59.986605	0.0	2894863	530	20.0
1608592318.25	20000	59.628021	0.0	2185316	385	20.0
1608592318.89	20000	59.939722	0.0	3370605	610	20.0
1608592320.08	20000	59.880105	0.0	3492243	660	20.0
1608592321.35	20000	59.631021	0.0	1307592	257	20.0
1608592322.19	20000	59.882107	0.0	1881404	313	20.0
1608592323.33	20000	59.633101	0.0	1806471	619	20.0
1608592324.17	20000	59.884121	0.0	1945842	316	20.0
1608592325.03	20000	59.885097	0.0	2538877	340	20.0
1608592326.32	20000	59.636125	0.0	2298557	269	20.0
1608592327.22	20000	59.637007	0.0	2831497	367	20.0
1608592328.17	20000	59.888096	0.0	3200905	416	20.0
1608592328.98	20000	59.889075	0.0	2180586	285	20.0
1608592330.19	20000	59.890109	0.0	1500505	191	20.0
1608592330.96	20000	59.891119	0.0	1939246	251	20.0
1608592332.19	20000	59.89202	0.0	1599193	210	20.0
1608592333.01	20000	59.893056	0.0	2364826	293	20.0
1608592334.44	20000	59.644065	0.0	2517454	402	20.0
1608592335.16	20000	59.89514	0.0	1883143	202	20.0
1608592336.43	20000	59.646129	0.0	1726706	247	20.0
1608592337.04	20000	59.897134	0.0	707364	95	20.0
1608592338.16	20000	59.898098	0.0	796460	102	20.0
1608592339.31	20000	59.648924	0.0	596962	134	20.0
1608592340.44	20000	59.649961	0.0	947625	117	20.0
1608592341.07	20000	59.901081	0.0	832859	110	20.0
1608592342.1	20000	59.902014	0.0	151562	19	20.0
1608592343.13	20000	59.903022	0.0	90390	11	20.0
1608592344.15	20000	59.90406	0.0	50278	7	20.0
1608592345.16	20000	59.905064	0.0	26471	1	20.0
1608592346.18	20000	59.906026	0.0	40620	4	20.0
1608592346.57	4000	1.000999	0.075	335737	65	-2.4
1608592346.81	2000	2.001999	0.0	1072422	215	0.0
1608592347.1	2000	2.746705	0.0	1121405	279	2.0
1608592347.3	2000	3.552902	0.0	728514	180	2.0
1608592347.44	2000	4.415398	0.0	508013	124	2.0
1608592347.55	2000	5.306256	0.0	395538	95	2.0
1608592347.63	2000	6.224288	0.0	297276	70	2.0
1608592347.69	4000	7.159501	0.0	222226	51	2.0
1608592348.09	8000	7.778201	0.0	1838971	373	4.0
1608592348.37	8000	8.49849	0.0	1382199	265	8.0
1608592348.79	8000	9.084464	0.0	2052265	396	8.0
1608592349.5	8000	9.372853	0.0	3005823	688	8.0
1608592350.2	8000	9.669987	0.0	2879726	682	8.0
1608592350.62	12000	10.253996	0.0	1630440	397	8.0
1608592351.14	12000	10.732213	0.0	1712120	505	12.0
1608592351.73	12000	11.142932	0.0	1662097	573	12.0
1608592351.85	16000	12.02065	0.0	382046	106	12.0
1608592352.12	16000	12.758709	0.0	1113969	247	16.0
1608592352.31	16000	13.564492	0.0	820127	181	16.0
1608592353.7	16000	13.17537	0.0	6357933	1340	16.0
1608592354.69	16000	13.416168	0.0	4814284	956	16.0
1608592355.35	16000	13.760902	0.0	3419258	627	16.0
1608592356.1	16000	14.010435	0.0	3944328	721	16.0
1608592356.94	16000	14.175628	0.0	4284196	803	16.0
1608592357.5	16000	14.615356	0.0	3022025	535	16.0
1608592357.92	16000	15.199207	0.0	2248581	394	16.0
1608592359.68	20000	14.435445	0.0	9946363	1686	16.0
1608592361.63	16000	13.483831	0.0	11684632	1880	12.0
1608592361.95	16000	14.168116	0.0	1849732	296	16.0
1608592362.25	16000	14.871135	0.0	1942795	278	16.0
1608592362.51	16000	15.610104	0.0	1704756	243	16.0
1608592362.77	20000	16.349803	0.0	1697111	242	16.0
1608592363.0	20000	17.125703	0.0	1529441	206	20.0
1608592363.22	20000	17.903625	0.0	1568649	203	20.0
1608592363.46	20000	18.66846	0.0	1677618	216	20.0
