1609165213.37	4000	1.000999	0.015	60629	5	-0.2999999999999998
1609165214.26	4000	1.282067	0.133	6594552	822	1.3399999999999999
1609165214.89	4000	1.870945	0.0	4402139	601	4.0
1609165215.05	4000	2.713016	0.0	1043358	141	4.0
1609165215.2	8000	3.566551	0.0	946554	126	4.0
1609165215.32	8000	4.533007	0.0	768486	103	8.0
1609165215.38	8000	5.488012	0.0	398693	53	8.0
1609165215.45	8000	6.428766	0.0	358785	47	8.0
1609165215.72	8000	7.157366	0.0	1838971	250	8.0
1609165216.0	12000	7.894807	0.0	1861181	253	8.0
1609165216.39	12000	8.499595	0.0	2835412	370	12.0
1609165216.94	12000	8.954413	0.0	4074608	514	12.0
1609165217.46	12000	9.436563	0.0	3844696	487	12.0
1609165217.68	12000	10.209381	0.0	1630440	208	12.0
1609165217.92	12000	10.970794	0.0	1712120	218	12.0
1609165218.24	16000	11.654306	0.0	2211169	288	12.0
1609165218.43	16000	12.469911	0.0	382046	170	16.0
1609165218.65	16000	13.252693	0.0	1113969	200	16.0
1609165218.81	16000	14.090616	0.0	820127	146	16.0
1609165219.99	16000	13.909577	0.0	6357933	1135	16.0
1609165220.83	16000	14.072398	0.0	4814284	801	16.0
1609165221.28	12000	14.617526	0.0	2713103	426	8.0
1609165221.7	12000	15.19868	0.0	3070467	392	12.0
1609165222.18	12000	15.727073	0.0	3391518	434	12.0
1609165222.48	12000	16.420267	0.0	2424462	283	12.0
1609165222.71	12000	17.194198	0.0	1798203	207	12.0
1609165223.75	12000	17.152877	0.0	8032438	983	12.0
1609165224.96	12000	16.948132	0.0	9808342	1135	12.0
1609165225.14	12000	17.768934	0.0	1491397	158	12.0
1609165225.32	12000	18.586882	0.0	1560434	162	12.0
1609165225.52	16000	19.389637	0.0	1704756	174	12.0
1609165225.71	16000	20.197621	0.0	1697111	173	16.0
1609165225.89	16000	21.023365	0.0	1529441	156	16.0
1609165226.08	16000	21.838156	0.0	1568649	159	16.0
1609165226.27	16000	22.647783	0.0	1677618	170	16.0
1609165226.42	16000	23.495856	0.0	1415096	133	16.0
1609165226.62	16000	24.295583	0.0	1894067	178	16.0
1609165226.75	20000	25.1679	0.0	1186604	111	16.0
1609165226.87	20000	26.052312	0.0	1068386	100	20.0
1609165227.05	20000	26.873806	0.0	1700843	161	20.0
1609165227.31	20000	27.609215	0.0	2536859	240	20.0
1609165227.81	20000	28.113682	0.0	4742872	459	20.0
1609165228.33	20000	28.596833	0.0	4955535	481	20.0
1609165228.47	20000	29.451356	0.0	1260540	127	20.0
1609165228.87	20000	30.055942	0.0	3605246	366	20.0
1609165229.18	20000	30.742863	0.0	2770338	281	20.0
1609165229.38	20000	31.548413	0.0	1855168	175	20.0
1609165229.55	20000	32.377163	0.0	1666915	152	20.0
1609165229.71	20000	33.218444	0.0	1555467	142	20.0
1609165229.82	20000	34.109816	0.0	1008919	92	20.0
1609165229.95	20000	34.981475	0.0	1227619	112	20.0
1609165230.06	20000	35.873878	0.0	1015853	92	20.0
1609165230.11	20000	36.825969	0.0	384076	35	20.0
1609165230.15	20000	37.787307	0.0	295687	25	20.0
1609165230.29	20000	38.648981	0.0	1328674	120	20.0
1609165230.5	20000	39.434048	0.0	1492829	196	20.0
1609165230.72	20000	40.221612	0.0	1484812	195	20.0
1609165230.98	20000	40.956027	0.0	1868314	246	20.0
1609165231.16	20000	41.774431	0.0	1253406	164	20.0
1609165231.3	20000	42.637593	0.0	887933	120	20.0
1609165231.66	20000	43.280901	0.0	1153403	339	20.0
1609165232.05	20000	43.894275	0.0	1249023	368	20.0
1609165232.5	20000	44.438813	0.0	1423973	437	20.0
1609165232.87	16000	45.072711	0.0	1060162	349	12.0
1609165233.16	12000	45.786139	0.0	812821	267	8.0
1609165233.33	12000	46.611497	0.0	856497	158	12.0
1609165233.47	12000	47.474363	0.0	1700457	118	12.0
1609165233.63	12000	48.315229	0.0	1970588	136	12.0
1609165233.77	12000	49.181771	0.0	1652704	114	12.0
1609165233.96	12000	49.990561	0.0	2412882	168	12.0
1609165234.14	12000	50.814008	0.0	2213643	152	12.0
1609165234.24	12000	51.7072	0.0	1294662	89	12.0
1609165234.37	16000	52.580881	0.0	1531670	105	12.0
1609165234.52	16000	53.432444	0.0	1863424	128	16.0
1609165234.68	16000	54.272483	0.0	1987392	136	16.0
1609165234.88	16000	55.077522	0.0	2505586	172	16.0
1609165235.62	16000	55.343382	0.0	9620218	674	16.0
1609165235.83	16000	56.127853	0.0	2561608	183	16.0
1609165236.12	16000	56.835843	0.0	3633991	261	16.0
1609165236.41	20000	57.548601	0.0	3324070	256	16.0
1609165236.58	20000	58.381828	0.0	1560020	147	20.0
1609165236.74	20000	59.226391	0.0	1429188	134	20.0
1609165237.42	20000	59.65933	0.0	1754144	164	20.0
1609165238.06	20000	59.910371	0.0	1626020	120	20.0
1609165239.21	20000	59.91137	0.0	1739228	129	20.0
1609165240.36	20000	59.662353	0.0	1722735	121	20.0
1609165241.49	20000	59.663345	0.0	1538145	111	20.0
1609165242.15	20000	59.914359	0.0	1473412	143	20.0
1609165243.32	20000	59.665335	0.0	1498968	146	20.0
1609165244.06	20000	59.916355	0.0	2247334	215	20.0
1609165245.37	20000	59.667355	0.0	3156442	276	20.0
1609165246.07	20000	59.918343	0.0	1895098	178	20.0
1609165247.27	20000	59.919251	0.0	1939135	183	20.0
1609165248.51	20000	59.670368	0.0	1842874	217	20.0
1609165249.37	20000	59.671354	0.0	2235830	338	20.0
1609165250.13	20000	59.922322	0.0	2202171	231	20.0
1609165251.39	20000	59.673356	0.0	2242042	233	20.0
1609165252.08	20000	59.924365	0.0	1081763	176	20.0
1609165253.49	20000	59.675349	0.0	2409013	380	20.0
1609165254.12	20000	59.926339	0.0	1615028	111	20.0
1609165255.25	20000	59.927353	0.0	1413467	98	20.0
1609165256.43	20000	59.67835	0.0	1632450	161	20.0
1609165257.3	20000	59.6813	0.0	5664827	826	20.0
1609165258.32	20000	59.680357	0.0	4578115	485	20.0
1609165259.52	20000	59.681355	0.0	1783835	173	20.0
1609165260.39	20000	59.682389	0.0	1093613	345	20.0
1609165261.07	20000	59.933364	0.0	975642	162	20.0
1609165262.29	20000	59.934358	0.0	1658005	202	20.0
1609165263.17	20000	59.935399	0.0	3055257	349	20.0
1609165264.37	20000	59.686386	0.0	5355572	669	20.0
1609165265.28	20000	59.869559	0.0	3278424	384	20.0
1609165266.08	20000	59.938361	0.0	2318501	262	20.0
1609165267.4	20000	59.689349	0.0	2473561	298	20.0
1609165268.29	20000	59.940355	0.0	1730311	365	20.0
1609165269.07	20000	59.941351	0.0	1455812	256	20.0
1609165270.47	20000	59.692352	0.0	2869222	367	20.0
1609165271.51	20000	59.484825	0.0	3226650	1016	20.0
1609165272.1	16000	59.894778	0.0	2705936	565	12.0
1609165273.09	12000	59.945366	0.0	2411136	461	8.0
1609165274.29	8000	59.946348	0.0	1780068	174	4.0
1609165275.45	8000	59.697361	0.0	1844656	135	8.0
1609165276.1	8000	59.948361	0.0	2010421	126	8.0
1609165277.19	8000	59.949353	0.0	1158554	69	8.0
1609165278.25	8000	59.950375	0.0	873968	45	8.0
1609165279.39	8000	59.701357	0.0	1651288	106	8.0
1609165280.06	12000	59.952372	0.0	2335112	143	8.0
1609165281.23	12000	59.95336	0.0	2348675	150	12.0
1609165282.39	12000	59.704351	0.0	1575943	129	12.0
1609165283.08	12000	59.955348	0.0	2268474	165	12.0
1609165284.22	12000	59.956368	0.0	1727401	123	12.0
1609165285.14	12000	59.957351	0.0	2744751	393	12.0
1609165286.28	16000	59.890563	0.0	3492243	602	12.0
1609165287.47	16000	59.709359	0.0	1307592	164	16.0
1609165288.14	16000	59.960355	0.0	1881404	146	16.0
1609165289.36	16000	59.711349	0.0	1806471	203	16.0
1609165290.1	16000	59.962353	0.0	1945842	212	16.0
1609165291.33	16000	59.713354	0.0	2538877	200	16.0
1609165292.07	16000	59.964364	0.0	2298557	220	16.0
1609165293.45	20000	59.715362	0.0	2831497	352	16.0
1609165294.41	20000	59.716361	0.0	3200905	426	20.0
1609165295.28	20000	59.967365	0.0	2180586	343	20.0
1609165296.12	20000	59.968357	0.0	1500505	318	20.0
1609165297.09	20000	59.969363	0.0	1939246	452	20.0
1609165298.44	20000	59.720353	0.0	1599193	323	20.0
1609165299.52	16000	59.721359	0.0	2364826	556	12.0
1609165300.18	16000	59.844644	0.0	2517454	635	16.0
1609165301.07	12000	59.973354	0.0	1469635	367	8.0
1609165302.42	12000	59.724346	0.0	1366341	326	12.0
1609165303.55	12000	59.725354	0.0	564365	103	12.0
1609165304.14	12000	59.976362	0.0	622694	77	12.0
1609165305.21	12000	59.977359	0.0	449729	54	12.0
1609165306.38	12000	59.728357	0.0	748394	145	12.0
1609165307.49	12000	59.729355	0.0	676139	97	12.0
1609165308.52	12000	59.73036	0.0	123294	8	12.0
1609165309.53	12000	59.731361	0.0	70186	3	12.0
1609165310.05	16000	59.982358	0.0	50278	2	12.0
1609165311.07	12000	59.983351	0.0	24518	4	8.0
1609165312.09	8000	59.984361	0.0	26015	3	4.0
1609165312.39	4000	1.000999	0.013	60629	3	-0.2599999999999998
1609165312.87	4000	1.545926	0.0	6594552	406	4.0
1609165313.11	4000	2.306721	0.0	4402139	209	4.0
1609165313.17	4000	3.242157	0.0	1043358	49	4.0
1609165313.24	8000	4.176454	0.0	946554	44	4.0
1609165313.29	8000	5.12764	0.0	768486	36	8.0
1609165313.32	8000	6.098328	0.0	398693	18	8.0
1609165313.35	8000	7.071211	0.0	358785	16	8.0
1609165313.46	8000	8.045094	0.0	1838971	86	8.0
1609165313.57	12000	9.046094	0.0	1861181	87	8.0
1609165313.73	12000	9.943365	0.0	2835412	135	12.0
1609165313.93	12000	10.743632	0.0	4074608	168	12.0
1609165314.11	12000	11.564793	0.0	3844696	150	12.0
1609165314.19	12000	12.534535	0.0	1630440	63	12.0
1609165314.28	12000	13.502492	0.0	1712120	66	12.0
1609165314.39	16000	14.387016	0.0	2211169	86	12.0
1609165314.42	16000	15.359006	0.0	382046	14	16.0
1609165314.48	16000	16.299853	0.0	1113969	42	16.0
1609165314.53	16000	17.252751	0.0	820127	32	16.0
1609165314.83	16000	17.978255	0.0	6357933	247	16.0
1609165315.04	16000	18.760999	0.0	4814284	182	16.0
1609165315.2	16000	19.603329	0.0	3419258	129	16.0
1609165315.38	20000	20.425002	0.0	3944328	148	16.0
1609165315.57	20000	21.233629	0.0	4284196	161	20.0
1609165315.71	20000	22.095172	0.0	3022025	114	20.0
1609165315.82	20000	22.988701	0.0	2248581	84	20.0
1609165316.5	20000	23.311636	0.0	9946363	598	20.0
1609165317.55	20000	23.259369	0.0	11684632	982	20.0
1609165317.76	20000	24.048413	0.0	1849732	189	20.0
1609165318.05	20000	24.766206	0.0	1942795	263	20.0
1609165318.32	20000	25.494194	0.0	1704756	253	20.0
1609165318.6	20000	26.223897	0.0	1697111	251	20.0
