1608637341.69	4000	1.000999	0.047	60629	1	-1.504
1608637341.81	2000	1.90239	0.0	1072422	98	0.0
1608637341.93	2000	2.791284	0.0	1121405	102	2.0
1608637342.01	2000	3.720531	0.0	728514	65	2.0
1608637342.06	2000	4.664534	0.0	508013	46	2.0
1608637342.11	2000	5.620491	0.0	395538	35	2.0
1608637342.14	2000	6.609262	0.0	297276	25	2.0
1608637342.18	4000	7.576003	0.0	222226	19	2.0
1608637342.37	8000	8.384473	0.0	1838971	170	4.0
1608637342.52	8000	9.240068	0.0	1382199	129	8.0
1608637342.74	8000	10.022713	0.0	2052265	196	8.0
1608637343.17	12000	10.594538	0.0	4074608	390	8.0
1608637343.55	12000	11.209862	0.0	3844696	357	12.0
1608637343.75	16000	12.011859	0.0	2030157	175	12.0
1608637343.96	16000	12.800178	0.0	2240782	193	16.0
1608637344.17	16000	13.59084	0.0	2211169	191	16.0
1608637344.22	16000	14.548621	0.0	382046	31	16.0
1608637344.32	16000	15.441307	0.0	1113969	96	16.0
1608637344.41	20000	16.360127	0.0	820127	70	16.0
1608637344.95	20000	16.814556	0.0	6357933	503	20.0
1608637345.37	20000	17.400848	0.0	4814284	379	20.0
1608637345.66	20000	18.109897	0.0	3419258	266	20.0
1608637346.0	20000	18.774498	0.0	3944328	310	20.0
1608637346.36	20000	19.410765	0.0	4284196	337	20.0
1608637346.62	20000	20.149203	0.0	3022025	238	20.0
1608637346.82	20000	20.952143	0.0	2248581	178	20.0
1608637347.68	20000	21.092971	0.0	9946363	790	20.0
1608637348.7	20000	21.076349	0.0	11684632	938	20.0
1608637348.88	20000	22.060658	0.0	1849732	156	20.0
1608637349.06	20000	22.965464	0.0	1942795	162	20.0
1608637349.22	20000	23.803275	0.0	1704756	142	20.0
1608637349.39	20000	24.641606	0.0	1697111	142	20.0
1608637349.53	20000	25.496157	0.0	1529441	127	20.0
1608637349.69	20000	26.344861	0.0	1568649	133	20.0
1608637349.85	20000	27.183422	0.0	1677618	142	20.0
1608637349.99	20000	28.046955	0.0	1415096	119	20.0
1608637350.17	20000	28.86745	0.0	1894067	160	20.0
1608637350.28	20000	29.751824	0.0	1186604	100	20.0
1608637350.39	20000	30.647302	0.0	1068386	90	20.0
1608637350.55	20000	31.490007	0.0	1700843	140	20.0
1608637350.78	20000	32.261228	0.0	2536859	207	20.0
1608637351.2	20000	32.837357	0.0	4742872	388	20.0
1608637351.68	20000	33.358446	0.0	4955535	445	20.0
1608637351.83	20000	34.208676	0.0	1260540	133	20.0
1608637352.25	20000	34.795149	0.0	3605246	385	20.0
1608637352.56	20000	35.478706	0.0	2770338	292	20.0
1608637352.77	20000	36.269074	0.0	1855168	190	20.0
1608637352.96	20000	37.07966	0.0	1666915	170	20.0
1608637353.14	20000	37.904124	0.0	1555467	159	20.0
1608637353.26	20000	38.787151	0.0	1008919	102	20.0
1608637353.41	20000	39.639975	0.0	1227619	125	20.0
1608637353.52	20000	40.524531	0.0	1015853	99	20.0
1608637353.57	20000	41.478048	0.0	384076	34	20.0
1608637353.61	20000	42.441016	0.0	295687	25	20.0
1608637353.75	20000	43.30547	0.0	1328674	119	20.0
1608637353.9	20000	44.154798	0.0	1492829	134	20.0
1608637354.05	20000	45.004252	0.0	1484812	133	20.0
1608637354.24	20000	45.817115	0.0	1868314	169	20.0
1608637354.37	20000	46.688696	0.0	1253406	112	20.0
1608637354.46	20000	47.595299	0.0	887933	79	20.0
1608637354.58	20000	48.481181	0.0	1153403	99	20.0
1608637354.7	20000	49.359017	0.0	1249023	105	20.0
1608637354.84	20000	50.222546	0.0	1423973	121	20.0
1608637354.94	20000	51.118208	0.0	1060162	89	20.0
1608637355.05	20000	52.011377	0.0	1080597	91	20.0
1608637355.16	20000	52.898697	0.0	1156442	97	20.0
1608637355.38	20000	53.687981	0.0	2222640	189	20.0
1608637355.62	20000	54.447827	0.0	2587311	215	20.0
1608637355.82	20000	55.250488	0.0	2178351	177	20.0
1608637356.1	20000	55.969579	0.0	3121089	255	20.0
1608637356.36	20000	56.711063	0.0	2857420	233	20.0
1608637356.52	20000	57.553074	0.0	1702477	138	20.0
1608637356.67	20000	58.402434	0.0	1531670	132	20.0
1608637356.86	20000	59.211626	0.0	1863424	160	20.0
1608637357.55	20000	59.604977	0.0	1987392	171	20.0
1608637358.27	20000	59.85593	0.0	2505586	191	20.0
1608637359.12	20000	59.955146	0.0	9620218	790	20.0
1608637360.36	20000	59.857926	0.0	2561608	217	20.0
1608637361.7	20000	59.608936	0.0	3633991	311	20.0
1608637362.49	20000	59.609961	0.0	3324070	258	20.0
1608637363.63	20000	59.610886	0.0	1560020	115	20.0
1608637364.25	20000	59.861893	0.0	1429188	104	20.0
1608637365.4	20000	59.862832	0.0	1754144	127	20.0
1608637366.54	20000	59.613906	0.0	1626020	116	20.0
1608637367.68	20000	59.614889	0.0	1739228	122	20.0
1608637368.31	20000	59.865893	0.0	1722735	111	20.0
1608637369.43	20000	59.866886	0.0	1538145	99	20.0
1608637370.55	20000	59.617888	0.0	1473412	94	20.0
1608637371.66	20000	59.618863	0.0	1498968	95	20.0
1608637372.33	20000	59.869874	0.0	2247334	146	20.0
1608637373.56	20000	59.620902	0.0	3156442	205	20.0
1608637374.22	20000	59.871901	0.0	1895098	131	20.0
1608637375.37	20000	59.87291	0.0	1939135	136	20.0
1608637376.54	20000	59.623886	0.0	1842874	143	20.0
1608637377.26	20000	59.874908	0.0	2235830	194	20.0
1608637378.48	20000	59.625879	0.0	2202171	195	20.0
1608637379.24	20000	59.876977	0.0	2242042	236	20.0
1608637380.36	20000	59.877872	0.0	1081763	108	20.0
1608637381.64	20000	59.628859	0.0	2409013	256	20.0
1608637382.4	20000	59.879908	0.0	1615028	222	20.0
1608637383.61	20000	59.630896	0.0	1413467	197	20.0
1608637384.32	20000	59.881875	0.0	1632450	183	20.0
1608637385.56	20000	59.632856	0.0	5664827	702	20.0
1608637386.13	20000	59.968096	0.0	4578115	535	20.0
1608637387.36	20000	59.884857	0.0	1783835	202	20.0
1608637388.49	20000	59.63586	0.0	1093613	114	20.0
1608637389.63	20000	59.636865	0.0	975642	114	20.0
1608637390.37	20000	59.887962	0.0	1658005	218	20.0
1608637391.33	20000	59.888865	0.0	3055257	436	20.0
1608637392.57	20000	59.639894	0.0	5355572	704	20.0
1608637393.59	20000	59.640969	0.0	3278424	489	20.0
1608637394.54	20000	59.641909	0.0	2318501	418	20.0
1608637395.43	20000	59.892865	0.0	2473561	368	20.0
1608637396.65	20000	59.643905	0.0	1730311	202	20.0
1608637397.45	20000	59.892337	0.0	1455812	278	20.0
1608637398.44	20000	59.843247	0.0	2869222	470	20.0
1608637399.38	20000	59.896881	0.0	3226650	408	20.0
1608637400.68	20000	59.647901	0.0	2705936	281	20.0
1608637401.52	20000	59.648906	0.0	2998622	311	20.0
1608637402.36	20000	59.899878	0.0	2928342	305	20.0
1608637403.68	20000	59.650901	0.0	3059979	289	20.0
1608637404.57	20000	59.651892	0.0	3367422	364	20.0
1608637405.31	20000	59.902896	0.0	1950694	215	20.0
1608637406.53	20000	59.653974	0.0	1541020	209	20.0
1608637407.26	20000	59.904872	0.0	2926720	195	20.0
1608637408.54	20000	59.65599	0.0	2991202	255	20.0
1608637409.52	20000	59.656978	0.0	3002106	454	20.0
1608637410.69	20000	59.657865	0.0	2015412	151	20.0
1608637411.39	20000	59.906343	0.0	2894863	158	20.0
1608637412.53	20000	59.659918	0.0	2185316	120	20.0
1608637413.27	20000	59.910965	0.0	3370605	205	20.0
1608637414.46	20000	59.911932	0.0	3492243	168	20.0
1608637415.54	20000	59.662957	0.0	1307592	57	20.0
1608637416.65	20000	59.663965	0.0	1881404	87	20.0
1608637417.24	20000	59.914979	0.0	1806471	74	20.0
1608637418.36	20000	59.915967	0.0	1945842	94	20.0
1608637419.53	20000	59.666924	0.0	2538877	150	20.0
1608637420.69	20000	59.667876	0.0	2298557	132	20.0
1608637421.37	20000	59.91899	0.0	2831497	157	20.0
1608637422.58	20000	59.6699	0.0	3200905	177	20.0
1608637423.22	20000	59.920864	0.0	2180586	121	20.0
1608637424.35	20000	59.921901	0.0	1500505	105	20.0
1608637425.53	20000	59.672949	0.0	1939246	154	20.0
1608637426.66	20000	59.673887	0.0	1599193	116	20.0
1608637427.32	20000	59.924962	0.0	2364826	128	20.0
1608637428.49	20000	59.675876	0.0	2517454	150	20.0
1608637429.64	20000	59.67684	0.0	1883143	121	20.0
1608637430.28	20000	59.92797	0.0	1726706	119	20.0
1608637431.35	20000	59.928981	0.0	707364	57	20.0
1608637432.46	20000	59.929974	0.0	796460	91	20.0
1608637433.52	20000	59.68098	0.0	596962	49	20.0
1608637434.25	20000	59.931944	0.0	947625	198	20.0
1608637435.34	20000	59.9329	0.0	832859	73	20.0
1608637436.38	20000	59.933896	0.0	151562	17	20.0
1608637437.4	20000	59.934902	0.0	90390	6	20.0
1608637438.41	20000	59.935925	0.0	50278	3	20.0
1608637439.43	20000	59.936903	0.0	26471	4	20.0
1608637440.44	20000	59.937904	0.0	40620	3	20.0
1608637440.76	4000	1.000999	0.034	335737	22	-1.088
1608637440.86	2000	2.001999	0.0	1072422	73	0.0
1608637440.95	2000	3.002999	0.0	1121405	76	2.0
1608637441.02	2000	4.003999	0.0	728514	50	2.0
1608637441.06	2000	4.974254	0.0	508013	34	2.0
1608637441.1	2000	5.934678	0.0	395538	26	2.0
1608637441.14	4000	6.90091	0.0	274373	18	2.0
1608637441.16	4000	7.875861	0.0	222226	14	4.0
1608637441.32	8000	8.721437	0.0	1838971	128	4.0
1608637441.44	8000	9.607175	0.0	1382199	96	8.0
1608637441.6	8000	10.442177	0.0	2052265	144	8.0
1608637441.92	12000	11.122144	0.0	4074608	285	8.0
1608637442.56	16000	11.482922	0.0	4925652	600	12.0
1608637442.88	16000	12.164712	0.0	2030157	300	16.0
1608637443.23	16000	12.813703	0.0	2240782	333	16.0
1608637443.59	16000	13.462196	0.0	2211169	334	16.0
1608637443.65	16000	14.396791	0.0	382046	55	16.0
1608637443.83	16000	15.218467	0.0	1113969	166	16.0
1608637443.97	20000	16.085574	0.0	820127	122	16.0
1608637444.7	20000	16.356652	0.0	6357933	691	20.0
1608637445.18	20000	16.87076	0.0	4814284	457	20.0
1608637445.45	20000	17.605749	0.0	3419258	239	20.0
1608637445.75	20000	18.303881	0.0	3944328	276	20.0
1608637446.08	20000	18.977202	0.0	4284196	300	20.0
1608637446.27	20000	19.785016	0.0	3022025	171	20.0
1608637446.42	20000	20.640246	0.0	2248581	127	20.0
1608637447.07	20000	21.036103	0.0	9946363	565	20.0
1608637447.92	20000	21.382709	0.0	11684632	778	20.0
1608637448.06	20000	22.24116	0.0	1849732	123	20.0
1608637448.2	20000	23.104803	0.0	1942795	116	20.0
1608637448.32	20000	23.984335	0.0	1704756	102	20.0
1608637448.44	20000	24.866748	0.0	1697111	100	20.0
1608637448.55	20000	25.758937	0.0	1529441	91	20.0
1608637448.66	20000	26.649403	0.0	1568649	93	20.0
1608637448.78	20000	27.530911	0.0	1677618	100	20.0
