1609225635.35	4000	1.000999	0.024	60629	1	-0.48
1609225636.44	4000	1.383177	0.421	6594552	954	-4.42
1609225636.7	2000	2.121109	0.0	1121405	174	0.0
1609225636.9	2000	3.002813	0.0	728514	112	2.0
1609225637.24	16000	3.829091	0.0	1661718	246	2.0
1609225637.51	16000	4.580546	0.0	1315024	175	16.0
1609225637.69	16000	5.410721	0.0	698359	90	16.0
1609225637.87	20000	6.229842	0.0	730082	96	16.0
1609225638.47	20000	6.625221	0.0	4047415	506	20.0
1609225638.91	20000	7.193425	0.0	2863079	340	20.0
1609225639.53	20000	7.569036	0.0	4167844	528	20.0
1609225640.39	20000	7.929217	0.0	5571764	742	20.0
1609225641.17	20000	8.143158	0.0	4925652	679	20.0
1609225641.51	20000	8.801298	0.0	2030157	249	20.0
1609225641.88	20000	9.435903	0.0	2240782	276	20.0
1609225642.24	20000	10.076925	0.0	2211169	269	20.0
1609225642.37	20000	10.952851	0.0	382046	42	20.0
1609225642.58	20000	11.742536	0.0	1113969	126	20.0
1609225642.75	20000	12.566585	0.0	820127	92	20.0
1609225643.62	20000	12.698685	0.0	6357933	755	20.0
1609225644.32	20000	12.999629	0.0	4814284	593	20.0
1609225644.82	20000	13.501718	0.0	3419258	401	20.0
1609225645.37	20000	13.95941	0.0	3944328	441	20.0
1609225645.9	20000	14.42546	0.0	4284196	430	20.0
1609225646.3	20000	15.031996	0.0	3022025	299	20.0
1609225646.6	20000	15.73125	0.0	2248581	209	20.0
1609225647.7	20000	15.637428	0.0	9946363	953	20.0
1609225649.1	20000	15.231869	0.0	11684632	1262	20.0
1609225649.4	20000	15.932547	0.0	1849732	207	20.0
1609225649.71	20000	16.625129	0.0	1942795	217	20.0
1609225649.99	20000	17.346557	0.0	1704756	191	20.0
1609225650.27	20000	18.06921	0.0	1697111	189	20.0
1609225650.5	20000	18.834983	0.0	1529441	144	20.0
1609225650.74	20000	19.597445	0.0	1568649	148	20.0
1609225650.99	20000	20.34766	0.0	1677618	158	20.0
1609225651.21	20000	21.125647	0.0	1415096	133	20.0
1609225651.48	20000	21.857742	0.0	1894067	175	20.0
1609225651.68	20000	22.6588	0.0	1186604	109	20.0
1609225651.87	20000	23.468023	0.0	1068386	98	20.0
1609225652.12	20000	24.220611	0.0	1700843	155	20.0
1609225652.46	20000	24.880568	0.0	2536859	246	20.0
1609225653.04	20000	25.304436	0.0	4742872	471	20.0
1609225653.68	20000	25.664262	0.0	4955535	535	20.0
1609225653.91	20000	26.438561	0.0	1260540	139	20.0
1609225654.42	20000	26.930623	0.0	3605246	410	20.0
1609225654.84	20000	27.504298	0.0	2770338	331	20.0
1609225655.16	20000	28.193527	0.0	1855168	221	20.0
1609225655.43	20000	28.922706	0.0	1666915	182	20.0
1609225655.68	20000	29.66777	0.0	1555467	166	20.0
1609225655.88	20000	30.47549	0.0	1008919	107	20.0
1609225656.09	20000	31.259656	0.0	1227619	131	20.0
1609225656.29	20000	32.067357	0.0	1015853	107	20.0
1609225656.41	20000	32.945966	0.0	384076	39	20.0
1609225656.52	20000	33.834418	0.0	295687	29	20.0
1609225656.75	20000	34.607399	0.0	1328674	139	20.0
1609225657.0	20000	35.361409	0.0	1492829	156	20.0
1609225657.25	20000	36.117043	0.0	1484812	155	20.0
1609225657.54	20000	36.816062	0.0	1868314	200	20.0
1609225657.77	20000	37.5909	0.0	1253406	136	20.0
1609225657.95	20000	38.408264	0.0	887933	95	20.0
1609225658.17	20000	39.194207	0.0	1153403	125	20.0
1609225658.39	20000	39.97277	0.0	1249023	132	20.0
1609225658.63	20000	40.733455	0.0	1423973	150	20.0
1609225658.83	20000	41.532682	0.0	1060162	111	20.0
1609225659.03	20000	42.332494	0.0	1080597	113	20.0
1609225659.24	20000	43.12428	0.0	1156442	122	20.0
1609225659.59	20000	43.781687	0.0	2222640	250	20.0
1609225659.98	20000	44.395806	0.0	2587311	292	20.0
1609225660.31	20000	45.05698	0.0	2178351	246	20.0
1609225660.76	20000	45.616204	0.0	3121089	343	20.0
1609225661.17	20000	46.207686	0.0	2857420	314	20.0
1609225661.44	20000	46.937814	0.0	1702477	180	20.0
1609225661.69	20000	47.687442	0.0	1531670	162	20.0
1609225661.98	20000	48.399716	0.0	1863424	196	20.0
1609225662.28	20000	49.099129	0.0	1987392	210	20.0
1609225662.64	20000	49.737385	0.0	2505586	268	20.0
1609225663.85	20000	49.52656	0.0	9620218	1078	20.0
1609225664.25	20000	50.127767	0.0	2561608	302	20.0
1609225664.86	20000	50.518142	0.0	3633991	505	20.0
1609225665.42	20000	50.963012	0.0	3324070	458	20.0
1609225665.71	20000	51.674441	0.0	1560020	198	20.0
1609225665.98	20000	52.403502	0.0	1429188	182	20.0
1609225666.3	20000	53.089292	0.0	1754144	223	20.0
1609225666.59	20000	53.799999	0.0	1626020	199	20.0
1609225666.9	20000	54.490657	0.0	1739228	213	20.0
1609225667.2	20000	55.185242	0.0	1722735	211	20.0
1609225667.49	20000	55.897992	0.0	1538145	195	20.0
1609225667.77	20000	56.615642	0.0	1473412	192	20.0
1609225668.06	20000	57.332283	0.0	1498968	195	20.0
1609225668.45	20000	57.937382	0.0	2247334	301	20.0
1609225669.02	20000	58.372511	0.0	3156442	469	20.0
1609225669.39	20000	59.004052	0.0	1895098	279	20.0
1609225669.77	20000	59.624124	0.0	1939135	289	20.0
1609225670.64	20000	59.823701	0.0	1842874	274	20.0
1609225672.04	20000	59.574678	0.0	2235830	312	20.0
1609225672.48	20000	59.923019	0.0	2202171	337	20.0
1609225673.94	20000	59.576674	0.0	2242042	361	20.0
1609225674.71	20000	59.827677	0.0	1081763	178	20.0
1609225675.69	20000	59.828738	0.0	2409013	385	20.0
1609225677.04	20000	59.579687	0.0	1615028	262	20.0
1609225677.9	20000	59.580687	0.0	1413467	275	20.0
1609225678.79	20000	59.831679	0.0	1632450	300	20.0
1609225679.86	20000	59.549626	0.0	5664827	951	20.0
1609225680.79	20000	59.61412	0.0	4578115	833	20.0
1609225681.73	20000	59.834675	0.0	1783835	344	20.0
1609225683.02	20000	59.585678	0.0	1093613	198	20.0
1609225683.82	20000	59.836683	0.0	975642	204	20.0
1609225684.82	20000	59.808708	0.0	1658005	410	20.0
1609225685.56	20000	59.847072	0.0	3055257	646	20.0
1609225686.78	20000	59.632869	0.0	5355572	1106	20.0
1609225687.54	20000	59.872226	0.0	3278424	662	20.0
1609225688.61	20000	59.841694	0.0	2318501	469	20.0
1609225689.68	20000	59.842677	0.0	2473561	472	20.0
1609225691.07	20000	59.593707	0.0	1730311	301	20.0
1609225691.9	20000	59.594691	0.0	1455812	242	20.0
1609225692.5	20000	59.922532	0.0	2869222	497	20.0
1609225693.69	20000	59.846692	0.0	3226650	596	20.0
1609225694.78	20000	59.84769	0.0	2705936	494	20.0
1609225695.91	20000	59.5987	0.0	2998622	530	20.0
1609225696.49	20000	59.927402	0.0	2928342	487	20.0
1609225698.07	20000	59.600677	0.0	3059979	472	20.0
1609225698.7	20000	59.725958	0.0	3367422	529	20.0
1609225699.58	20000	59.852727	0.0	1950694	286	20.0
1609225700.88	20000	59.603681	0.0	1541020	211	20.0
1609225701.89	20000	59.604695	0.0	2926720	423	20.0
1609225702.9	20000	59.60568	0.0	2991202	414	20.0
1609225703.91	20000	59.606647	0.0	3002106	409	20.0
1609225704.81	20000	59.857673	0.0	2015412	306	20.0
1609225705.85	20000	59.608657	0.0	2894863	433	20.0
1609225706.75	20000	59.859692	0.0	2185316	312	20.0
1609225707.88	20000	59.6107	0.0	3370605	534	20.0
1609225708.52	20000	59.918088	0.0	3492243	534	20.0
1609225709.84	20000	59.61267	0.0	1307592	230	20.0
1609225710.76	20000	59.863665	0.0	1881404	325	20.0
1609225711.63	20000	59.864692	0.0	1806471	272	20.0
1609225713.05	20000	59.61565	0.0	1945842	330	20.0
1609225713.59	20000	59.852196	0.0	2538877	439	20.0
1609225714.68	20000	59.867689	0.0	2298557	489	20.0
1609225715.83	20000	59.618696	0.0	2831497	554	20.0
1609225716.5	20000	59.946627	0.0	3200905	573	20.0
1609225718.07	20000	59.620681	0.0	2180586	477	20.0
1609225718.55	20000	59.89128	0.0	1500505	394	20.0
1609225719.58	20000	59.872695	0.0	1939246	431	20.0
1609225721.02	20000	59.623679	0.0	1599193	349	20.0
1609225721.75	20000	59.699949	0.0	2364826	630	20.0
1609225722.54	20000	59.908167	0.0	2517454	697	20.0
1609225723.66	20000	59.876687	0.0	1883143	522	20.0
1609225724.74	20000	59.877685	0.0	1726706	492	20.0
1609225725.58	20000	59.878688	0.0	707364	240	20.0
1609225726.88	20000	59.629659	0.0	796460	205	20.0
1609225727.57	20000	59.880704	0.0	596962	105	20.0
1609225728.82	20000	59.881685	0.0	947625	158	20.0
1609225730.04	20000	59.632681	0.0	832859	128	20.0
1609225730.64	20000	59.8837	0.0	151562	20	20.0
1609225731.73	20000	59.884704	0.0	90390	11	20.0
1609225732.79	20000	59.885688	0.0	50278	4	20.0
1609225733.84	20000	59.636672	0.0	26471	0	20.0
1609225734.88	20000	59.637673	0.0	40620	3	20.0
1609225735.26	4000	1.000999	0.055	334032	43	-1.1
1609225736.25	4000	1.28568	0.0	6594552	849	4.0
1609225737.4	16000	1.293885	0.137	8849724	1018	1.2599999999999998
1609225737.85	20000	1.885706	0.0	3191121	345	16.0
1609225738.11	20000	2.632203	0.0	1661718	164	20.0
1609225738.32	20000	3.416469	0.0	1315024	129	20.0
1609225738.48	20000	4.264919	0.0	698359	67	20.0
1609225738.64	20000	5.110227	0.0	730082	71	20.0
1609225739.13	20000	5.617495	0.0	4047415	387	20.0
1609225739.49	20000	6.252471	0.0	2863079	272	20.0
1609225740.04	20000	6.706656	0.0	4167844	445	20.0
1609225740.83	20000	6.914092	0.0	5571764	684	20.0
1609225741.57	20000	7.171813	0.0	4925652	636	20.0
1609225741.91	20000	7.839416	0.0	2030157	243	20.0
1609225742.25	20000	8.502052	0.0	2240782	247	20.0
1609225742.59	20000	9.160022	0.0	2211169	243	20.0
1609225742.72	20000	10.035275	0.0	382046	40	20.0
1609225742.94	20000	10.811356	0.0	1113969	136	20.0
1609225743.13	20000	11.623459	0.0	820127	102	20.0
1609225744.08	20000	11.66893	0.0	6357933	838	20.0
1609225744.9	20000	11.850423	0.0	4814284	713	20.0
1609225745.46	20000	12.300234	0.0	3419258	455	20.0
1609225746.07	20000	12.68411	0.0	3944328	515	20.0
1609225746.73	20000	13.029146	0.0	4284196	553	20.0
1609225747.28	20000	13.476021	0.0	3022025	458	20.0
1609225747.72	20000	14.038885	0.0	2248581	345	20.0
1609225749.66	20000	13.105597	0.0	9946363	1796	20.0
1609225752.2	20000	11.556714	0.0	11684632	2409	20.0
1609225752.92	20000	11.845115	0.0	1849732	621	20.0
1609225753.51	20000	12.256827	0.0	1942795	495	20.0
1609225753.99	20000	12.776248	0.0	1704756	391	20.0
1609225754.39	20000	13.379412	0.0	1697111	308	20.0
1609225754.75	20000	14.014308	0.0	1529441	277	20.0
1609225755.13	20000	14.634637	0.0	1568649	291	20.0
1609225755.54	20000	15.229545	0.0	1677618	315	20.0
