1608511518.29	4000	1.000999	0.023	60629	14	-0.7359999999999998
1608511520.87	20000	1.47137	2.023	11007815	2481	-60.736000000000004
1608511522.12	8000	1.491137	0.0	7078153	1190	-4.0
1608511522.47	8000	2.138992	0.0	1798447	331	8.0
1608511522.66	8000	2.970652	0.0	946554	173	8.0
1608511522.77	4000	3.864557	0.0	472646	85	0.0
1608511522.86	8000	4.779247	0.0	398693	70	4.0
1608511523.01	16000	5.630338	0.0	730082	132	8.0
1608511524.12	20000	5.518337	0.0	4047415	1081	16.0
1608511524.59	16000	6.053544	0.0	2863079	441	12.0
1608511525.06	12000	6.584674	0.0	2835412	436	8.0
1608511525.95	12000	6.694002	0.0	4074608	854	12.0
1608511526.48	8000	7.158406	0.0	2879726	510	4.0
1608511526.71	8000	7.933824	0.0	1267052	209	8.0
1608511527.02	12000	8.62827	0.0	1712120	283	8.0
1608511527.33	12000	9.317282	0.0	1662097	293	12.0
1608511527.38	12000	10.263956	0.0	243072	42	12.0
1608511527.6	16000	11.042628	0.0	1113969	204	12.0
1608511527.77	20000	11.879021	0.0	820127	149	16.0
1608511528.94	20000	11.712657	0.0	6357933	1123	20.0
1608511529.76	16000	11.895	0.0	4814284	783	12.0
1608511530.23	12000	12.427058	0.0	2713103	440	8.0
1608511530.83	12000	12.831921	0.0	3070467	568	12.0
1608511531.33	8000	13.323442	0.0	2599148	473	4.0
1608511531.7	8000	13.955316	0.0	1926191	347	8.0
1608511532.05	12000	14.609356	0.0	1798203	324	8.0
1608511533.68	16000	13.977137	0.0	9946363	1568	12.0
1608511535.13	8000	13.523726	0.0	7838407	1399	0.0
1608511535.41	8000	14.251945	0.0	1127469	257	8.0
1608511535.7	8000	14.958321	0.0	1179779	278	8.0
1608511535.97	8000	15.690703	0.0	1078151	253	8.0
1608511536.23	8000	16.441056	0.0	1086181	234	8.0
1608511536.45	12000	17.207678	0.0	1276651	206	8.0
1608511536.73	16000	17.932948	0.0	1568649	255	12.0
1608511537.02	20000	18.642356	0.0	1677618	272	16.0
1608511537.31	20000	19.360312	0.0	1415096	265	20.0
1608511537.78	20000	19.890319	0.0	1894067	448	20.0
1608511538.07	16000	20.594284	0.0	1186604	279	12.0
1608511538.4	16000	21.272905	0.0	1068386	305	16.0
1608511538.98	16000	21.691016	0.0	1700843	563	16.0
1608511539.5	12000	22.183879	0.0	2025194	485	8.0
1608511539.75	8000	22.919206	0.0	1172467	235	4.0
1608511540.14	8000	23.533478	0.0	1818385	367	8.0
1608511540.34	8000	24.333037	0.0	890138	185	8.0
1608511541.03	12000	24.647112	0.0	3005751	657	8.0
1608511541.54	12000	25.135624	0.0	2251469	489	12.0
1608511541.89	12000	25.791163	0.0	1498439	326	12.0
1608511542.19	12000	26.486308	0.0	1329461	288	12.0
1608511542.49	12000	27.186206	0.0	1254418	283	12.0
1608511542.71	12000	27.971092	0.0	879546	200	12.0
1608511543.01	16000	28.671509	0.0	1227619	281	12.0
1608511543.25	16000	29.432607	0.0	1015853	223	16.0
1608511543.33	16000	30.349512	0.0	384076	71	16.0
1608511543.4	20000	31.284384	0.0	295687	54	16.0
1608511543.67	20000	32.014426	0.0	1328674	255	20.0
1608511543.98	20000	32.709727	0.0	1492829	286	20.0
1608511544.27	20000	33.418266	0.0	1484812	273	20.0
1608511544.58	20000	34.112497	0.0	1868314	287	20.0
1608511544.79	20000	34.90453	0.0	1253406	191	20.0
1608511544.94	20000	35.750888	0.0	887933	134	20.0
1608511545.13	20000	36.559374	0.0	1153403	176	20.0
1608511545.37	20000	37.326037	0.0	1249023	216	20.0
1608511545.66	20000	38.029387	0.0	1423973	280	20.0
1608511545.89	20000	38.806175	0.0	1060162	208	20.0
1608511546.12	20000	39.576213	0.0	1080597	211	20.0
1608511546.36	20000	40.332307	0.0	1156442	227	20.0
1608511546.84	20000	40.859493	0.0	2222640	450	20.0
1608511547.37	16000	41.330074	0.0	2587311	505	12.0
1608511547.77	16000	41.924874	0.0	2178351	385	16.0
1608511548.35	16000	42.351699	0.0	3121089	545	16.0
1608511548.85	16000	42.850622	0.0	2857420	475	16.0
1608511549.09	12000	43.616389	0.0	1294662	213	8.0
1608511549.35	16000	44.348156	0.0	1531670	247	12.0
1608511549.67	16000	45.029591	0.0	1863424	297	16.0
1608511550.02	16000	45.689578	0.0	1987392	317	16.0
1608511550.44	16000	46.264806	0.0	2505586	402	16.0
1608511552.12	20000	45.582614	0.0	9620218	1620	16.0
1608511552.58	12000	46.126264	0.0	2122146	431	4.0
1608511553.11	8000	46.600121	0.0	2233179	501	4.0
1608511553.62	8000	47.086499	0.0	2053317	492	8.0
1608511553.88	8000	47.834129	0.0	953056	237	8.0
1608511554.1	8000	48.612527	0.0	835287	207	8.0
1608511554.49	12000	49.221364	0.0	1405832	371	8.0
1608511554.88	12000	49.829854	0.0	1314152	373	12.0
1608511555.3	12000	50.416821	0.0	1387998	394	12.0
1608511555.57	12000	51.149546	0.0	1362449	249	12.0
1608511555.81	12000	51.905631	0.0	1219048	228	12.0
1608511556.04	12000	52.675644	0.0	1160520	213	12.0
1608511556.34	16000	53.373815	0.0	1498968	282	12.0
1608511556.93	16000	53.788058	0.0	2247334	565	16.0
1608511557.67	16000	54.054646	0.0	3156442	707	16.0
1608511557.99	12000	54.734658	0.0	1488968	300	8.0
1608511558.31	12000	55.413772	0.0	1507223	303	12.0
1608511558.75	12000	55.976842	0.0	1424538	420	12.0
1608511559.12	8000	56.604871	0.0	1202900	354	4.0
1608511559.47	8000	57.260007	0.0	1236644	328	8.0
1608511559.92	12000	57.810168	0.0	1751030	427	8.0
1608511560.14	12000	58.58475	0.0	875075	211	12.0
1608511560.6	12000	59.139122	0.0	1998050	425	12.0
1608511560.88	12000	59.849339	0.0	1336691	260	12.0
1608511562.18	16000	59.614949	0.0	1413467	278	12.0
1608511563.08	16000	59.86601	0.0	1632450	374	16.0
1608511564.54	16000	59.196004	0.0	5664827	1421	16.0
1608511565.22	8000	59.516133	0.0	1902440	657	0.0
1608511566.11	8000	59.868988	0.0	1031824	378	8.0
1608511566.9	8000	59.869957	0.0	732536	268	8.0
1608511568.11	8000	59.871005	0.0	645392	194	8.0
1608511569.05	8000	59.871894	0.0	1104267	426	8.0
1608511569.77	8000	59.973598	0.0	1592936	693	8.0
1608511570.88	8000	59.858489	0.0	2618824	1092	8.0
1608511571.9	4000	59.874991	0.0	1046702	500	0.0
1608511573.24	4000	59.625999	0.0	982243	323	4.0
1608511574.01	4000	59.877045	0.0	1004344	250	4.0
1608511575.19	4000	59.628023	0.0	687087	170	4.0
1608511576.36	8000	59.628934	0.0	831839	151	4.0
1608511577.24	12000	59.630014	0.0	2294159	347	8.0
1608511577.79	16000	59.960327	0.0	3226650	520	12.0
1608511579.27	16000	59.631997	0.0	2705936	459	16.0
1608511579.83	16000	59.919117	0.0	2998622	532	16.0
1608511580.89	16000	59.88394	0.0	2928342	530	16.0
1608511581.87	12000	59.884998	0.0	2451277	453	8.0
1608511583.33	12000	59.636027	0.0	2690936	429	12.0
1608511584.04	12000	59.887008	0.0	1552444	190	12.0
1608511585.26	16000	59.638002	0.0	1541020	196	12.0
1608511586.16	16000	59.638935	0.0	2926720	370	16.0
1608511587.0	20000	59.889989	0.0	2991202	315	16.0
1608511588.29	20000	59.640984	0.0	3002106	260	20.0
1608511588.96	20000	59.891942	0.0	2015412	145	20.0
1608511590.17	20000	59.642985	0.0	2894863	189	20.0
1608511590.87	20000	59.894004	0.0	2185316	174	20.0
1608511592.25	20000	59.6449	0.0	3370605	337	20.0
1608511593.04	20000	59.895942	0.0	3492243	264	20.0
1608511594.17	20000	59.64698	0.0	1307592	112	20.0
1608511595.36	20000	59.647989	0.0	1881404	162	20.0
1608511596.04	20000	59.890589	0.0	1806471	166	20.0
1608511597.24	20000	59.649917	0.0	1945842	177	20.0
1608511597.98	20000	59.900975	0.0	2538877	213	20.0
1608511599.21	20000	59.651997	0.0	2298557	207	20.0
1608511600.03	20000	59.902986	0.0	2831497	295	20.0
1608511600.98	20000	59.904016	0.0	3200905	416	20.0
1608511602.28	20000	59.655041	0.0	2180586	278	20.0
1608511603.09	20000	59.897601	0.0	1500505	288	20.0
1608511604.33	20000	59.657016	0.0	1939246	217	20.0
1608511605.03	20000	59.908017	0.0	1599193	179	20.0
1608511606.3	20000	59.658997	0.0	2364826	248	20.0
1608511607.06	20000	59.909985	0.0	2517454	238	20.0
1608511608.29	20000	59.661007	0.0	1883143	211	20.0
1608511609.06	20000	59.912037	0.0	1726706	242	20.0
1608511610.17	20000	59.662979	0.0	707364	101	20.0
1608511611.36	20000	59.66397	0.0	796460	171	20.0
1608511612.0	20000	59.914984	0.0	596962	121	20.0
1608511613.2	20000	59.665989	0.0	947625	184	20.0
1608511613.96	20000	59.916906	0.0	832859	235	20.0
1608511615.0	20000	59.917971	0.0	151562	26	20.0
1608511616.02	20000	59.918996	0.0	90390	12	20.0
1608511617.04	16000	59.919954	0.0	50278	5	12.0
1608511618.06	12000	59.920987	0.0	24518	0	8.0
1608511619.08	8000	59.921974	0.0	26015	1	4.0
1608511619.38	4000	1.000999	0.017	60629	6	-0.544
1608511621.11	20000	1.260414	0.971	11007815	1632	-27.072
1608511622.15	12000	1.469357	0.0	9061343	972	4.0
1608511622.37	8000	2.255009	0.0	1798447	187	4.0
1608511622.48	8000	3.142273	0.0	946554	97	8.0
1608511622.57	8000	4.050552	0.0	768486	78	8.0
1608511622.66	16000	4.964755	0.0	698359	71	8.0
1608511622.75	20000	5.918452	0.0	730082	67	16.0
1608511623.18	20000	6.49344	0.0	4047415	392	20.0
1608511623.48	20000	7.192797	0.0	2863079	277	20.0
1608511623.88	20000	7.792876	0.0	4167844	366	20.0
1608511624.34	20000	8.329852	0.0	5571764	426	20.0
1608511624.75	20000	8.921471	0.0	4925652	375	20.0
1608511624.91	20000	9.768574	0.0	2030157	132	20.0
1608511625.08	20000	10.600069	0.0	2240782	146	20.0
1608511625.24	20000	11.435464	0.0	2211169	144	20.0
1608511625.28	20000	12.399051	0.0	382046	24	20.0
1608511625.37	20000	13.312357	0.0	1113969	72	20.0
1608511625.43	20000	14.245231	0.0	820127	53	20.0
1608511625.92	20000	14.768641	0.0	6357933	436	20.0
1608511626.31	20000	15.368327	0.0	4814284	358	20.0
1608511626.59	20000	16.087593	0.0	3419258	254	20.0
1608511626.88	20000	16.803066	0.0	3944328	253	20.0
1608511627.16	20000	17.528874	0.0	4284196	243	20.0
1608511627.36	20000	18.329	0.0	3022025	171	20.0
1608511627.51	20000	19.179238	0.0	2248581	127	20.0
1608511628.14	20000	19.550991	0.0	9946363	566	20.0
1608511628.94	20000	19.75217	0.0	11684632	727	20.0
1608511629.14	20000	20.546189	0.0	1849732	185	20.0
1608511629.36	20000	21.331465	0.0	1942795	194	20.0
1608511629.55	20000	22.14	0.0	1704756	170	20.0
1608511629.74	20000	22.951865	0.0	1697111	169	20.0
1608511629.86	20000	23.833055	0.0	1529441	100	20.0
1608511629.99	20000	24.707894	0.0	1568649	99	20.0
