1608601154.34	4000	1.000999	0.015	60629	5	-0.2999999999999998
1608601155.97	20000	1.418877	0.949	11007815	1452	-14.98
1608601157.34	20000	1.398832	0.015	8849724	1234	19.7
1608601157.88	20000	1.878033	0.0	3191121	438	20.0
1608601158.19	20000	2.56407	0.0	1661718	225	20.0
1608601158.46	20000	3.298441	0.0	1315024	178	20.0
1608601158.64	20000	4.121856	0.0	698359	93	20.0
1608601158.82	20000	4.937406	0.0	730082	98	20.0
1608601159.5	20000	5.261267	0.0	4047415	574	20.0
1608601160.02	20000	5.741165	0.0	2863079	422	20.0
1608601160.79	20000	5.973854	0.0	4167844	665	20.0
1608601161.74	20000	6.027787	0.0	5571764	834	20.0
1608601162.6	20000	6.169362	0.0	4925652	751	20.0
1608601163.02	20000	6.747166	0.0	2030157	330	20.0
1608601163.46	20000	7.312283	0.0	2240782	344	20.0
1608601163.88	20000	7.887909	0.0	2211169	333	20.0
1608601164.02	20000	8.750317	0.0	382046	55	20.0
1608601164.27	20000	9.504186	0.0	1113969	160	20.0
1608601164.46	20000	10.309537	0.0	820127	109	20.0
1608601165.46	20000	10.315463	0.0	6357933	878	20.0
1608601166.28	20000	10.499095	0.0	4814284	711	20.0
1608601166.83	20000	10.946807	0.0	3419258	443	20.0
1608601167.43	20000	11.34315	0.0	3944328	503	20.0
1608601168.08	20000	11.702495	0.0	4284196	537	20.0
1608601168.58	20000	12.197881	0.0	3022025	406	20.0
1608601168.98	20000	12.796091	0.0	2248581	308	20.0
1608601170.53	20000	12.251285	0.0	9946363	1414	20.0
1608601172.14	20000	11.640322	0.0	11684632	1472	20.0
1608601172.46	20000	12.31961	0.0	1849732	229	20.0
1608601172.8	20000	12.985883	0.0	1942795	242	20.0
1608601173.1	20000	13.682195	0.0	1704756	212	20.0
1608601173.41	20000	14.371015	0.0	1697111	219	20.0
1608601173.71	20000	15.078164	0.0	1529441	202	20.0
1608601174.01	20000	15.781679	0.0	1568649	208	20.0
1608601174.32	20000	16.468133	0.0	1677618	220	20.0
1608601174.59	20000	17.195447	0.0	1415096	183	20.0
1608601174.94	20000	17.847469	0.0	1894067	254	20.0
1608601175.19	20000	18.595502	0.0	1186604	152	20.0
1608601175.42	20000	19.374029	0.0	1068386	124	20.0
1608601175.7	20000	20.091771	0.0	1700843	192	20.0
1608601176.08	20000	20.710956	0.0	2536859	289	20.0
1608601176.75	20000	21.044088	0.0	4742872	561	20.0
1608601177.45	20000	21.348615	0.0	4955535	583	20.0
1608601177.68	20000	22.120362	0.0	1260540	137	20.0
1608601178.17	20000	22.623519	0.0	3605246	398	20.0
1608601178.56	20000	23.23985	0.0	2770338	289	20.0
1608601178.84	20000	23.957106	0.0	1855168	191	20.0
1608601179.11	20000	24.693494	0.0	1666915	171	20.0
1608601179.38	20000	25.423264	0.0	1555467	178	20.0
1608601179.6	20000	26.198824	0.0	1008919	134	20.0
1608601179.86	20000	26.948995	0.0	1227619	163	20.0
1608601180.08	20000	27.724925	0.0	1015853	135	20.0
1608601180.21	20000	28.59206	0.0	384076	49	20.0
1608601180.33	20000	29.473384	0.0	295687	34	20.0
1608601180.55	20000	30.253734	0.0	1328674	130	20.0
1608601180.79	20000	31.017439	0.0	1492829	146	20.0
1608601181.03	20000	31.781194	0.0	1484812	145	20.0
1608601181.31	20000	32.504448	0.0	1868314	183	20.0
1608601181.5	20000	33.312508	0.0	1253406	101	20.0
1608601181.66	20000	34.152813	0.0	887933	71	20.0
1608601181.84	20000	34.973037	0.0	1153403	92	20.0
1608601182.03	20000	35.784824	0.0	1249023	100	20.0
1608601182.24	20000	36.580606	0.0	1423973	115	20.0
1608601182.44	20000	37.376751	0.0	1060162	117	20.0
1608601182.66	20000	38.160713	0.0	1080597	129	20.0
1608601182.88	20000	38.935124	0.0	1156442	138	20.0
1608601183.25	20000	39.573505	0.0	2222640	267	20.0
1608601183.74	20000	40.081172	0.0	2587311	397	20.0
1608601184.17	20000	40.65023	0.0	2178351	338	20.0
1608601184.69	20000	41.131794	0.0	3121089	420	20.0
1608601185.16	20000	41.663567	0.0	2857420	371	20.0
1608601185.47	20000	42.35742	0.0	1702477	216	20.0
1608601185.75	20000	43.073578	0.0	1531670	192	20.0
1608601186.08	20000	43.749331	0.0	1863424	234	20.0
1608601186.42	20000	44.404263	0.0	1987392	255	20.0
1608601186.89	20000	44.942375	0.0	2505586	369	20.0
1608601188.7	20000	44.133296	0.0	9620218	1680	20.0
1608601189.15	20000	44.680488	0.0	2561608	358	20.0
1608601189.71	20000	45.123448	0.0	3633991	455	20.0
1608601190.21	20000	45.625663	0.0	3324070	398	20.0
1608601190.53	20000	46.299465	0.0	1560020	237	20.0
1608601190.9	20000	46.937608	0.0	1429188	275	20.0
1608601191.33	20000	47.509898	0.0	1754144	338	20.0
1608601191.64	20000	48.193637	0.0	1626020	226	20.0
1608601191.98	20000	48.862728	0.0	1739228	242	20.0
1608601192.31	20000	49.533957	0.0	1722735	239	20.0
1608601192.56	20000	50.281581	0.0	1538145	162	20.0
1608601192.8	20000	51.040079	0.0	1473412	153	20.0
1608601193.05	20000	51.795548	0.0	1498968	156	20.0
1608601193.37	20000	52.468157	0.0	2247334	234	20.0
1608601193.86	20000	52.98713	0.0	3156442	384	20.0
1608601194.18	20000	53.66574	0.0	1895098	229	20.0
1608601194.53	20000	54.316035	0.0	1939135	258	20.0
1608601194.91	20000	54.93367	0.0	1842874	291	20.0
1608601195.36	20000	55.487949	0.0	2235830	353	20.0
1608601195.93	20000	55.915163	0.0	2202171	480	20.0
1608601196.53	20000	56.315678	0.0	2242042	507	20.0
1608601196.92	20000	56.932641	0.0	1081763	297	20.0
1608601197.64	20000	57.207332	0.0	2409013	632	20.0
1608601198.12	20000	57.730536	0.0	1615028	387	20.0
1608601198.52	20000	58.330976	0.0	1413467	311	20.0
1608601198.91	20000	58.940983	0.0	1632450	301	20.0
1608601200.01	20000	58.848253	0.0	5664827	981	20.0
1608601200.86	20000	58.993	0.0	4578115	749	20.0
1608601201.25	20000	59.609462	0.0	1783835	290	20.0
1608601202.02	20000	59.888424	0.0	1093613	175	20.0
1608601203.27	20000	59.639448	0.0	975642	164	20.0
1608601204.17	20000	59.890521	0.0	1658005	305	20.0
1608601204.89	20000	59.972789	0.0	3055257	615	20.0
1608601206.11	20000	59.749571	0.0	5355572	1112	20.0
1608601206.87	20000	59.991986	0.0	3278424	661	20.0
1608601208.43	20000	59.644241	0.0	2318501	464	20.0
1608601208.94	20000	59.922521	0.0	2473561	420	20.0
1608601210.33	20000	59.646443	0.0	1730311	292	20.0
1608601211.07	20000	59.897441	0.0	1455812	145	20.0
1608601211.98	20000	59.898455	0.0	2869222	313	20.0
1608601213.0	20000	59.899433	0.0	3226650	420	20.0
1608601214.46	20000	59.650376	0.0	2705936	360	20.0
1608601214.9	20000	59.972874	0.0	2998622	346	20.0
1608601216.34	20000	59.652361	0.0	2928342	338	20.0
1608601217.34	20000	59.653336	0.0	3059979	405	20.0
1608601217.91	20000	59.961123	0.0	3367422	473	20.0
1608601219.29	20000	59.655355	0.0	1950694	278	20.0
1608601220.1	20000	59.906424	0.0	1541020	223	20.0
1608601221.17	20000	59.907466	0.0	2926720	469	20.0
1608601222.37	20000	59.658358	0.0	2991202	595	20.0
1608601222.92	20000	59.964895	0.0	3002106	443	20.0
1608601224.29	20000	59.660372	0.0	2015412	279	20.0
1608601225.36	20000	59.661377	0.0	2894863	478	20.0
1608601226.33	20000	59.662339	0.0	2185316	376	20.0
1608601227.03	20000	59.851498	0.0	3370605	603	20.0
1608601228.3	20000	59.664334	0.0	3492243	661	20.0
1608601229.15	20000	59.915423	0.0	1307592	266	20.0
1608601230.09	20000	59.916461	0.0	1881404	342	20.0
1608601231.06	20000	59.917409	0.0	1806471	369	20.0
1608601232.29	20000	59.668368	0.0	1945842	634	20.0
1608601232.98	20000	59.909272	0.0	2538877	593	20.0
1608601234.0	20000	59.920429	0.0	2298557	424	20.0
1608601235.42	20000	59.671412	0.0	2831497	325	20.0
1608601236.31	20000	59.672383	0.0	3200905	296	20.0
1608601237.1	20000	59.923422	0.0	2180586	190	20.0
1608601238.31	20000	59.674353	0.0	1500505	119	20.0
1608601239.06	20000	59.925459	0.0	1939246	158	20.0
1608601240.27	20000	59.676346	0.0	1599193	127	20.0
1608601241.05	20000	59.927419	0.0	2364826	184	20.0
1608601242.34	20000	59.678355	0.0	2517454	193	20.0
1608601243.08	20000	59.929413	0.0	1883143	146	20.0
1608601244.31	20000	59.680406	0.0	1726706	137	20.0
1608601245.45	20000	59.68136	0.0	707364	55	20.0
1608601246.1	20000	59.932406	0.0	796460	62	20.0
1608601247.24	20000	59.683416	0.0	596962	49	20.0
1608601248.01	20000	59.934418	0.0	947625	175	20.0
1608601249.17	20000	59.734549	0.0	832859	1073	20.0
1608601250.43	20000	59.686374	0.0	151562	171	20.0
1608601251.24	20000	59.687386	0.0	90390	237	20.0
1608601252.43	20000	59.688384	0.0	50278	130	20.0
1608601253.02	20000	59.939481	0.0	26471	40	20.0
1608601254.07	20000	59.940429	0.0	40620	5	20.0
1608601254.4	4000	1.000999	0.042	334032	31	-0.8399999999999999
1608601254.6	2000	2.001999	0.0	1072422	103	0.0
1608601254.8	2000	2.882964	0.0	1121405	108	2.0
1608601254.93	2000	3.746102	0.0	728514	51	2.0
1608601255.15	20000	4.53087	0.0	1661718	118	2.0
1608601255.33	20000	5.3492	0.0	1315024	94	20.0
1608601255.47	20000	6.216956	0.0	698359	49	20.0
1608601255.61	20000	7.069969	0.0	730082	62	20.0
1608601256.03	20000	7.657488	0.0	4047415	309	20.0
1608601256.35	20000	8.337203	0.0	2863079	227	20.0
1608601256.78	20000	8.907042	0.0	4167844	331	20.0
1608601257.42	20000	9.271971	0.0	5571764	525	20.0
1608601258.0	20000	9.690129	0.0	4925652	479	20.0
1608601258.3	20000	10.388118	0.0	2030157	210	20.0
1608601258.63	20000	11.063299	0.0	2240782	232	20.0
1608601258.96	20000	11.971897	0.0	2211169	237	20.0
1608601259.09	20000	12.845285	0.0	382046	40	20.0
1608601259.3	20000	13.635473	0.0	1113969	123	20.0
1608601259.48	20000	14.458269	0.0	820127	90	20.0
1608601260.27	20000	14.666356	0.0	6357933	670	20.0
1608601260.87	20000	15.07093	0.0	4814284	489	20.0
1608601261.29	20000	15.648031	0.0	3419258	321	20.0
1608601261.76	20000	16.177946	0.0	3944328	371	20.0
1608601262.25	20000	16.691591	0.0	4284196	382	20.0
1608601262.62	20000	17.320493	0.0	3022025	268	20.0
1608601262.92	20000	18.02012	0.0	2248581	206	20.0
1608601264.13	20000	17.809777	0.0	9946363	1055	20.0
1608601265.84	20000	17.10563	0.0	11684632	1562	20.0
1608601266.2	20000	17.743616	0.0	1849732	271	20.0
1608601266.58	20000	18.366722	0.0	1942795	284	20.0
1608601266.92	20000	19.024853	0.0	1704756	252	20.0
1608601267.29	20000	19.661466	0.0	1697111	273	20.0
1608601267.62	20000	20.326623	0.0	1529441	245	20.0
1608601267.94	20000	21.010109	0.0	1568649	228	20.0
1608601268.22	20000	21.728702	0.0	1677618	191	20.0
