1608583144.58	4000	1.000999	0.016	60629	6	-0.512
1608583146.44	20000	1.370547	1.175	11007815	1767	-33.6
1608583147.82	12000	1.34235	0.095	9061343	1318	0.9600000000000009
1608583148.13	8000	2.029814	0.0	1798447	287	4.0
1608583148.3	8000	2.903779	0.0	946554	150	8.0
1608583148.43	8000	3.766842	0.0	768486	122	8.0
1608583148.5	8000	4.697287	0.0	398693	57	8.0
1608583148.63	16000	5.574453	0.0	730082	106	8.0
1608583149.27	20000	5.939042	0.0	4047415	602	16.0
1608583149.74	20000	6.469177	0.0	2863079	445	20.0
1608583150.45	20000	6.755526	0.0	4167844	681	20.0
1608583151.21	16000	7.002335	0.0	5571764	705	12.0
1608583151.85	16000	7.355298	0.0	4925652	611	16.0
1608583152.07	12000	8.136658	0.0	1630440	199	8.0
1608583152.37	16000	8.840795	0.0	2240782	273	12.0
1608583152.67	16000	9.542016	0.0	2211169	278	16.0
1608583152.73	16000	10.483123	0.0	382046	47	16.0
1608583152.89	20000	11.32576	0.0	1113969	143	16.0
1608583153.01	20000	12.206727	0.0	820127	105	20.0
1608583153.82	20000	12.395674	0.0	6357933	768	20.0
1608583154.38	20000	12.839021	0.0	4814284	521	20.0
1608583154.76	20000	13.458687	0.0	3419258	350	20.0
1608583155.19	20000	14.026602	0.0	3944328	393	20.0
1608583155.66	20000	14.562044	0.0	4284196	433	20.0
1608583156.0	16000	15.222199	0.0	3022025	315	12.0
1608583156.25	20000	15.967416	0.0	2248581	234	16.0
1608583157.52	20000	15.699454	0.0	9946363	1205	20.0
1608583158.7	16000	15.52055	0.0	11684632	1107	12.0
1608583158.88	16000	16.34221	0.0	1849732	158	16.0
1608583159.07	16000	17.155536	0.0	1942795	166	16.0
1608583159.24	16000	17.990678	0.0	1704756	145	16.0
1608583159.4	16000	18.827387	0.0	1697111	144	16.0
1608583159.55	20000	19.678433	0.0	1529441	131	16.0
1608583159.74	20000	20.49235	0.0	1568649	168	20.0
1608583159.94	20000	21.292537	0.0	1677618	180	20.0
1608583160.11	20000	22.124282	0.0	1415096	152	20.0
1608583160.33	20000	22.899423	0.0	1894067	204	20.0
1608583160.48	20000	23.756209	0.0	1186604	127	20.0
1608583160.6	20000	24.631596	0.0	1068386	107	20.0
1608583160.79	20000	25.446693	0.0	1700843	166	20.0
1608583161.07	20000	26.168667	0.0	2536859	248	20.0
1608583161.57	20000	26.667695	0.0	4742872	465	20.0
1608583162.09	20000	27.149718	0.0	4955535	480	20.0
1608583162.23	20000	28.012328	0.0	1260540	121	20.0
1608583162.64	20000	28.605052	0.0	3605246	378	20.0
1608583163.16	20000	29.079424	0.0	2770338	501	20.0
1608583163.52	20000	29.7245	0.0	1855168	334	20.0
1608583163.71	20000	30.534401	0.0	1666915	172	20.0
1608583163.88	20000	31.367208	0.0	1555467	148	20.0
1608583163.99	20000	32.254198	0.0	1008919	96	20.0
1608583164.13	20000	33.121323	0.0	1227619	117	20.0
1608583164.24	20000	34.009404	0.0	1015853	96	20.0
1608583164.29	20000	34.962223	0.0	384076	36	20.0
1608583164.33	20000	35.918	0.0	295687	26	20.0
1608583164.47	20000	36.77576	0.0	1328674	126	20.0
1608583164.66	20000	37.589901	0.0	1492829	168	20.0
1608583164.88	20000	38.371667	0.0	1484812	201	20.0
1608583165.16	20000	39.097732	0.0	1868314	253	20.0
1608583165.34	20000	39.911753	0.0	1253406	169	20.0
1608583165.48	20000	40.77782	0.0	887933	119	20.0
1608583165.63	20000	41.627557	0.0	1153403	132	20.0
1608583165.77	20000	42.490845	0.0	1249023	120	20.0
1608583165.92	20000	43.337341	0.0	1423973	137	20.0
1608583166.04	20000	44.215958	0.0	1060162	101	20.0
1608583166.16	20000	45.096292	0.0	1080597	103	20.0
1608583166.29	20000	45.969925	0.0	1156442	110	20.0
1608583166.53	20000	46.734237	0.0	2222640	214	20.0
1608583166.83	20000	47.432633	0.0	2587311	277	20.0
1608583167.09	20000	48.17307	0.0	2178351	238	20.0
1608583167.46	20000	48.80641	0.0	3121089	342	20.0
1608583167.94	20000	49.325318	0.0	2857420	455	20.0
1608583168.28	20000	49.985585	0.0	1702477	320	20.0
1608583168.59	20000	50.679857	0.0	1531670	288	20.0
1608583168.87	16000	51.403631	0.0	1863424	257	12.0
1608583169.16	16000	52.108804	0.0	1987392	275	16.0
1608583169.53	16000	52.738418	0.0	2505586	347	16.0
1608583170.84	20000	52.432497	0.0	9620218	1248	16.0
1608583171.18	16000	53.0886	0.0	2561608	318	12.0
1608583171.67	16000	53.605035	0.0	3633991	453	16.0
1608583172.15	16000	54.128654	0.0	3324070	446	16.0
1608583172.38	16000	54.901532	0.0	1560020	208	16.0
1608583172.59	16000	55.692183	0.0	1429188	190	16.0
1608583172.82	20000	56.462781	0.0	1754144	210	16.0
1608583173.03	20000	57.249714	0.0	1626020	195	20.0
1608583173.27	20000	58.02092	0.0	1739228	209	20.0
1608583173.49	20000	58.789559	0.0	1722735	205	20.0
1608583173.71	20000	59.575051	0.0	1538145	195	20.0
1608583174.44	20000	59.854202	0.0	1473412	211	20.0
1608583175.67	20000	59.855203	0.0	1498968	215	20.0
1608583176.56	20000	59.856359	0.0	2247334	365	20.0
1608583177.56	20000	59.857436	0.0	3156442	466	20.0
1608583178.89	20000	59.608326	0.0	1895098	312	20.0
1608583179.32	20000	59.965801	0.0	1939135	412	20.0
1608583180.7	16000	59.592914	0.0	1842874	1353	12.0
1608583181.44	4000	59.861441	0.0	728502	220	-8.0
1608583182.68	4000	59.61244	0.0	819353	227	4.0
1608583183.84	4000	59.613367	0.0	864484	139	4.0
1608583184.44	4000	59.864372	0.0	496044	83	4.0
1608583185.67	4000	59.865418	0.0	1258285	216	4.0
1608583186.53	20000	59.866438	0.0	1615028	325	4.0
1608583187.85	20000	59.617347	0.0	1413467	299	20.0
1608583188.72	20000	59.618308	0.0	1632450	346	20.0
1608583190.06	16000	59.241254	0.0	5664827	1301	12.0
1608583190.48	8000	59.82472	0.0	1902440	394	0.0
1608583191.7	8000	59.621309	0.0	1031824	211	8.0
1608583192.85	8000	59.622227	0.0	732536	133	8.0
1608583193.5	8000	59.873338	0.0	645392	128	8.0
1608583194.8	12000	59.624415	0.0	1370506	274	8.0
1608583196.22	20000	59.088545	0.0	3055257	1387	12.0
1608583196.65	8000	59.652485	0.0	2618824	410	-4.0
1608583197.92	8000	59.627376	0.0	1820110	238	8.0
1608583198.62	8000	59.87847	0.0	1448467	178	8.0
1608583199.83	8000	59.629349	0.0	1521463	189	8.0
1608583200.46	8000	59.880359	0.0	1006183	114	8.0
1608583201.65	20000	59.881446	0.0	1455812	167	8.0
1608583202.51	20000	59.882479	0.0	2869222	332	20.0
1608583203.9	20000	59.633472	0.0	3226650	369	20.0
1608583204.76	20000	59.634439	0.0	2705936	330	20.0
1608583205.68	20000	59.885464	0.0	2998622	387	20.0
1608583206.59	20000	59.886422	0.0	2928342	392	20.0
1608583207.54	20000	59.887331	0.0	3059979	417	20.0
1608583208.54	20000	59.888329	0.0	3367422	467	20.0
1608583209.83	16000	59.639336	0.0	1950694	269	12.0
1608583210.56	16000	59.890329	0.0	1541020	209	16.0
1608583211.5	20000	59.891345	0.0	2926720	409	16.0
1608583212.64	20000	59.892465	0.0	2991202	616	20.0
1608583213.73	16000	59.64332	0.0	3002106	554	12.0
1608583214.62	16000	59.894341	0.0	2015412	367	16.0
1608583215.74	16000	59.64533	0.0	2894863	586	16.0
1608583216.61	12000	59.896339	0.0	1727401	354	8.0
1608583217.78	12000	59.647468	0.0	2744751	629	12.0
1608583218.49	8000	59.833086	0.0	2206878	693	4.0
1608583219.76	8000	59.649326	0.0	752992	246	8.0
1608583220.54	8000	59.900349	0.0	1143645	266	8.0
1608583221.84	8000	59.651356	0.0	1081066	277	8.0
1608583222.65	8000	59.902465	0.0	1175321	289	8.0
1608583223.57	8000	59.903398	0.0	1515596	407	8.0
1608583224.57	16000	59.760805	0.0	2298557	973	8.0
1608583226.07	8000	59.269766	0.0	1735873	1468	0.0
1608583226.44	4000	59.892793	0.0	1305395	358	0.0
1608583227.69	4000	59.657322	0.0	854393	233	4.0
1608583228.78	4000	59.658327	0.0	602217	70	4.0
1608583229.44	4000	59.909332	0.0	819411	142	4.0
1608583230.57	4000	59.910434	0.0	705221	112	4.0
1608583231.44	20000	59.911351	0.0	2364826	350	4.0
1608583232.87	20000	59.662335	0.0	2517454	402	20.0
1608583233.66	20000	59.913464	0.0	1883143	264	20.0
1608583234.43	20000	59.914329	0.0	1726706	245	20.0
1608583235.53	20000	59.91533	0.0	707364	83	20.0
1608583236.63	20000	59.916332	0.0	796460	80	20.0
1608583237.71	20000	59.667325	0.0	596962	60	20.0
1608583238.83	20000	59.668441	0.0	947625	99	20.0
1608583239.44	20000	59.919355	0.0	832859	98	20.0
1608583240.47	20000	59.920421	0.0	151562	18	20.0
1608583241.5	20000	59.921404	0.0	90390	12	20.0
1608583242.52	20000	59.922326	0.0	50278	3	20.0
1608583243.53	16000	59.923333	0.0	26471	1	12.0
1608583244.55	8000	59.924317	0.0	26015	1	0.0
1608583244.85	4000	1.000999	0.015	60629	6	-0.48
1608583247.43	20000	1.285875	1.849	11007815	2489	-55.168
1608583248.9	8000	1.371135	0.207	7078153	1422	-10.623999999999999
1608583249.15	4000	2.123044	0.0	1043358	226	0.0
1608583249.29	4000	2.983437	0.0	567502	127	4.0
1608583249.41	4000	3.886758	0.0	472646	105	4.0
1608583249.52	8000	4.783103	0.0	398693	88	4.0
1608583249.65	12000	5.650519	0.0	508812	114	8.0
1608583250.56	20000	5.748604	0.0	4047415	869	12.0
1608583251.15	16000	6.156353	0.0	2863079	568	12.0
1608583251.89	16000	6.419446	0.0	4167844	709	16.0
1608583252.78	12000	6.528435	0.0	4074608	857	8.0
1608583253.46	8000	6.84695	0.0	2879726	652	4.0
1608583253.77	8000	7.541563	0.0	1267052	291	8.0
1608583254.08	8000	8.224581	0.0	1316661	301	8.0
1608583254.4	8000	8.915693	0.0	1263534	293	8.0
1608583254.44	8000	9.873043	0.0	150125	31	8.0
1608583254.64	12000	10.67241	0.0	793783	185	8.0
1608583254.85	16000	11.465705	0.0	820127	192	12.0
1608583256.57	16000	10.744117	0.0	6357933	1678	16.0
1608583257.7	8000	10.620415	0.0	3029729	1093	0.0
1608583258.41	8000	10.904482	0.0	2083035	695	8.0
1608583258.8	4000	11.514576	0.0	1558531	369	0.0
1608583259.3	4000	12.02362	0.0	1856343	470	4.0
1608583259.75	4000	12.567463	0.0	1433055	438	4.0
1608583260.19	8000	13.128826	0.0	1427209	418	4.0
1608583261.95	8000	12.374366	0.0	6361262	1710	8.0
1608583264.45	8000	10.87773	0.0	7838407	2442	8.0
1608583264.69	4000	11.638349	0.0	764013	222	0.0
1608583264.93	4000	12.391614	0.0	795179	232	4.0
1608583265.16	4000	13.161833	0.0	741228	217	4.0
1608583265.4	4000	13.927512	0.0	760332	222	4.0
1608583265.64	4000	14.690461	0.0	769288	224	4.0
1608583266.12	16000	15.206816	0.0	1568649	463	4.0
