1609142364.36	4000	1.000999	0.014	60629	4	-0.28000000000000025
1609142365.1	4000	1.340419	0.046	6594552	663	3.08
1609142365.59	4000	2.019518	0.0	4402139	443	4.0
1609142365.71	4000	2.954287	0.0	1043358	104	4.0
1609142365.83	8000	3.837742	0.0	946554	94	4.0
1609142365.92	8000	4.745781	0.0	768486	76	8.0
1609142365.97	8000	5.693526	0.0	398693	39	8.0
1609142366.02	8000	6.64628	0.0	358785	34	8.0
1609142366.23	8000	7.544599	0.0	1838971	185	8.0
1609142366.47	12000	8.300511	0.0	1861181	219	8.0
1609142366.84	12000	8.937307	0.0	2835412	337	12.0
1609142367.37	12000	9.409993	0.0	4074608	495	12.0
1609142367.91	12000	9.865043	0.0	3844696	512	12.0
1609142368.15	12000	10.629734	0.0	1630440	216	12.0
1609142368.44	12000	11.341687	0.0	1712120	270	12.0
1609142368.85	16000	11.931435	0.0	2211169	382	12.0
1609142368.93	16000	12.855056	0.0	382046	63	16.0
1609142369.14	16000	13.64805	0.0	1113969	192	16.0
1609142369.29	16000	14.493817	0.0	820127	134	16.0
1609142370.33	16000	14.451743	0.0	6357933	998	16.0
1609142371.0	16000	14.787766	0.0	4814284	627	16.0
1609142371.46	16000	15.327323	0.0	3419258	431	16.0
1609142371.97	16000	15.817477	0.0	3944328	480	16.0
1609142372.56	16000	16.224909	0.0	4284196	559	16.0
1609142373.02	16000	16.769543	0.0	3022025	429	16.0
1609142373.37	16000	17.419003	0.0	2248581	328	16.0
1609142374.95	16000	16.845759	0.0	9946363	1495	16.0
1609142376.36	12000	16.434717	0.0	9808342	1346	8.0
1609142376.55	8000	17.245085	0.0	1127469	169	4.0
1609142376.74	8000	18.051099	0.0	1179779	177	8.0
1609142376.92	8000	18.873293	0.0	1078151	162	8.0
1609142377.1	8000	19.694002	0.0	1086181	163	8.0
1609142377.27	8000	20.524854	0.0	1029204	154	8.0
1609142377.54	12000	21.256765	0.0	1314540	247	8.0
1609142377.83	12000	21.968718	0.0	1407326	270	12.0
1609142378.08	12000	22.723994	0.0	1196263	229	12.0
1609142378.44	12000	23.358485	0.0	1627563	348	12.0
1609142378.72	12000	24.077559	0.0	987649	266	12.0
1609142378.97	12000	24.830003	0.0	864635	232	12.0
1609142379.43	16000	25.370727	0.0	1700843	437	12.0
1609142380.05	16000	25.756034	0.0	2536859	593	16.0
1609142380.61	12000	26.19992	0.0	2595110	530	8.0
1609142381.23	12000	26.581077	0.0	3209770	593	12.0
1609142381.45	12000	27.362593	0.0	1080711	202	12.0
1609142382.07	12000	27.740891	0.0	3005751	595	12.0
1609142382.54	12000	28.271493	0.0	2251469	447	12.0
1609142382.86	12000	28.949267	0.0	1498439	301	12.0
1609142383.16	12000	29.65567	0.0	1329461	267	12.0
1609142383.42	12000	30.390552	0.0	1254418	244	12.0
1609142383.6	12000	31.210558	0.0	879546	166	12.0
1609142383.82	12000	31.996018	0.0	1055149	199	12.0
1609142384.0	12000	32.814721	0.0	883588	165	12.0
1609142384.09	16000	33.723623	0.0	384076	69	12.0
1609142384.16	16000	34.657697	0.0	295687	53	16.0
1609142384.43	16000	35.392029	0.0	1328674	249	16.0
1609142384.73	16000	36.092509	0.0	1492829	281	16.0
1609142385.03	16000	36.795738	0.0	1484812	278	16.0
1609142385.39	16000	37.427719	0.0	1868314	348	16.0
1609142385.64	16000	38.184725	0.0	1253406	227	16.0
1609142385.81	20000	39.00866	0.0	887933	160	16.0
1609142386.04	20000	39.784711	0.0	1153403	209	20.0
1609142386.28	20000	40.540909	0.0	1249023	226	20.0
1609142386.58	20000	41.250702	0.0	1423973	272	20.0
1609142386.8	20000	42.026801	0.0	1060162	208	20.0
1609142387.03	20000	42.798595	0.0	1080597	211	20.0
1609142387.27	20000	43.555747	0.0	1156442	227	20.0
1609142387.62	20000	44.214542	0.0	2222640	317	20.0
1609142387.99	20000	44.846574	0.0	2587311	344	20.0
1609142388.3	20000	45.535337	0.0	2178351	289	20.0
1609142388.66	20000	46.175461	0.0	3121089	335	20.0
1609142388.99	20000	46.847112	0.0	2857420	294	20.0
1609142389.19	20000	47.650419	0.0	1702477	176	20.0
1609142389.36	20000	48.474877	0.0	1531670	157	20.0
1609142389.65	20000	49.188187	0.0	1863424	266	20.0
1609142389.96	20000	49.883687	0.0	1987392	284	20.0
1609142390.34	20000	50.501018	0.0	2505586	358	20.0
1609142391.88	20000	49.960646	0.0	9620218	1478	20.0
1609142392.23	16000	50.617573	0.0	2561608	318	12.0
1609142392.68	16000	51.159496	0.0	3633991	428	16.0
1609142393.1	16000	51.742796	0.0	3324070	380	16.0
1609142393.3	16000	52.54553	0.0	1560020	178	16.0
1609142393.49	16000	53.355263	0.0	1429188	170	16.0
1609142393.74	16000	54.108878	0.0	1754144	225	16.0
1609142393.97	16000	54.880529	0.0	1626020	208	16.0
1609142394.21	16000	55.638506	0.0	1739228	223	16.0
1609142394.47	16000	56.380241	0.0	1722735	239	16.0
1609142394.79	16000	57.062821	0.0	1538145	299	16.0
1609142395.09	16000	57.757454	0.0	1473412	285	16.0
1609142395.41	20000	58.447875	0.0	1498968	292	16.0
1609142396.01	20000	58.842149	0.0	2247334	583	20.0
1609142396.77	16000	59.087152	0.0	3156442	727	12.0
1609142397.18	16000	59.67961	0.0	1895098	387	16.0
1609142398.07	16000	59.948316	0.0	1939135	368	16.0
1609142399.33	12000	59.733529	0.0	1424538	245	8.0
1609142400.26	12000	59.734502	0.0	1714252	406	12.0
1609142401.19	12000	59.735614	0.0	1710495	405	12.0
1609142402.01	12000	59.986588	0.0	1751030	300	12.0
1609142403.11	12000	59.987601	0.0	875075	76	12.0
1609142404.27	12000	59.738615	0.0	1998050	141	12.0
1609142404.9	12000	59.989592	0.0	1336691	108	12.0
1609142406.01	12000	59.990581	0.0	1179696	93	12.0
1609142407.17	16000	59.741586	0.0	1632450	131	12.0
1609142408.17	16000	59.742545	0.0	5664827	454	16.0
1609142409.05	16000	59.993554	0.0	4578115	346	16.0
1609142410.2	16000	59.744605	0.0	1783835	128	16.0
1609142411.3	16000	59.745503	0.0	1093613	80	16.0
1609142411.9	16000	59.9965	0.0	975642	76	16.0
1609142413.09	16000	59.997602	0.0	1658005	172	16.0
1609142414.07	20000	59.99858	0.0	3055257	444	16.0
1609142415.07	20000	59.801001	0.0	5355572	961	20.0
1609142417.01	20000	58.861689	0.0	3278424	1911	20.0
1609142418.11	16000	58.767102	0.0	2318501	1072	12.0
1609142418.61	12000	59.264752	0.0	2005276	479	8.0
1609142419.27	8000	59.753588	0.0	1006183	136	4.0
1609142420.36	4000	59.754473	0.0	564465	75	0.0
1609142421.53	4000	59.50561	0.0	1193260	147	4.0
1609142422.4	4000	59.478821	0.0	1350143	850	4.0
1609142423.32	4000	59.757636	0.0	1085010	398	4.0
1609142424.14	4000	59.758507	0.0	1231535	299	4.0
1609142425.44	8000	59.509568	0.0	1780068	278	4.0
1609142426.25	8000	59.760549	0.0	1844656	286	8.0
1609142427.57	8000	59.511564	0.0	2010421	298	8.0
1609142428.19	8000	59.762558	0.0	1158554	102	8.0
1609142429.29	8000	59.76348	0.0	873968	74	8.0
1609142430.47	8000	59.514584	0.0	1651288	157	8.0
1609142431.23	8000	59.765506	0.0	1697771	229	8.0
1609142432.52	12000	59.516561	0.0	2348675	263	8.0
1609142433.17	12000	59.767495	0.0	1575943	125	12.0
1609142434.36	12000	59.76857	0.0	2268474	169	12.0
1609142435.53	12000	59.519526	0.0	1727401	142	12.0
1609142436.27	12000	59.770249	0.0	2744751	212	12.0
1609142437.56	12000	59.521022	0.0	2853458	270	12.0
1609142438.21	16000	59.772337	0.0	1307592	122	12.0
1609142439.39	16000	59.523553	0.0	1881404	160	16.0
1609142440.15	16000	59.774557	0.0	1806471	237	16.0
1609142441.33	16000	59.775463	0.0	1945842	163	16.0
1609142442.59	16000	59.526472	0.0	2538877	222	16.0
1609142443.11	16000	59.788699	0.0	2298557	504	16.0
1609142444.32	16000	59.778618	0.0	2831497	682	16.0
1609142445.12	20000	59.782202	0.0	3200905	771	16.0
1609142446.26	16000	59.780499	0.0	2180586	618	12.0
1609142447.47	16000	59.531303	0.0	1500505	188	16.0
1609142448.29	16000	59.782478	0.0	1939246	296	16.0
1609142449.54	16000	59.53328	0.0	1599193	228	16.0
1609142450.28	12000	59.784282	0.0	1877910	215	8.0
1609142451.51	12000	59.535351	0.0	1991172	206	12.0
1609142452.18	12000	59.786378	0.0	1469635	146	12.0
1609142453.35	12000	59.787493	0.0	1366341	144	12.0
1609142454.45	12000	59.538574	0.0	564365	78	12.0
1609142455.54	12000	59.539486	0.0	622694	72	12.0
1609142456.62	16000	59.290567	0.0	596962	63	12.0
1609142457.24	16000	59.791385	0.0	947625	93	16.0
1609142458.33	16000	59.792467	0.0	832859	80	16.0
1609142459.36	16000	59.79345	0.0	151562	13	16.0
1609142460.39	16000	59.54454	0.0	90390	7	16.0
1609142461.41	16000	59.545507	0.0	50278	3	16.0
1609142462.42	16000	59.546373	0.0	26471	1	16.0
1609142463.44	12000	59.547448	0.0	36255	1	8.0
1609142463.77	4000	1.000999	0.032	334032	20	-0.6400000000000001
1609142464.28	4000	1.757486	0.0	6594552	437	4.0
1609142464.61	4000	2.429136	0.0	4402139	293	4.0
1609142464.7	4000	3.344051	0.0	1043358	69	4.0
1609142464.78	8000	4.25807	0.0	946554	62	4.0
1609142464.84	8000	5.197658	0.0	768486	47	8.0
1609142464.88	8000	6.164395	0.0	398693	20	8.0
1609142464.91	8000	7.133987	0.0	358785	18	8.0
1609142465.04	8000	8.010264	0.0	1838971	97	8.0
1609142465.16	12000	8.884603	0.0	1861181	99	8.0
1609142465.34	12000	9.709141	0.0	2835412	151	12.0
1609142465.59	12000	10.48171	0.0	4074608	216	12.0
1609142465.83	12000	11.244169	0.0	3844696	204	12.0
1609142465.93	12000	12.146781	0.0	1630440	78	12.0
1609142466.04	12000	13.038756	0.0	1712120	83	12.0
1609142466.18	16000	13.903696	0.0	2211169	108	12.0
1609142466.22	16000	14.870548	0.0	382046	18	16.0
1609142466.29	16000	15.798595	0.0	1113969	54	16.0
1609142466.35	16000	16.743331	0.0	820127	40	16.0
1609142466.7	16000	17.387924	0.0	6357933	312	16.0
1609142466.97	16000	18.127264	0.0	4814284	225	16.0
1609142467.14	16000	18.949037	0.0	3419258	150	16.0
1609142467.35	20000	19.745593	0.0	3944328	173	16.0
1609142467.57	20000	20.524204	0.0	4284196	187	20.0
1609142467.73	20000	21.364751	0.0	3022025	132	20.0
1609142467.85	20000	22.243871	0.0	2248581	98	20.0
1609142468.44	20000	22.66089	0.0	9946363	504	20.0
1609142469.11	20000	22.984929	0.0	11684632	603	20.0
1609142469.24	20000	23.864621	0.0	1849732	100	20.0
1609142469.36	20000	24.738308	0.0	1942795	105	20.0
1609142469.48	20000	25.627192	0.0	1704756	92	20.0
1609142469.59	20000	26.517223	0.0	1697111	91	20.0
1609142469.69	20000	27.415425	0.0	1529441	83	20.0
