1608618963.59	4000	1.000999	0.017	60629	8	-0.544
1608618966.3	20000	1.254711	1.939	11007815	2612	-58.048
1608618967.69	8000	1.403791	0.21	7078153	1339	-10.719999999999999
1608618967.89	4000	2.202178	0.0	1043358	179	0.0
1608618968.0	4000	3.092897	0.0	567502	95	4.0
1608618968.1	4000	4.021835	0.0	472646	79	4.0
1608618968.18	8000	4.938494	0.0	398693	66	4.0
1608618968.32	16000	5.7967	0.0	730082	124	8.0
1608618969.21	20000	5.912356	0.0	4047415	854	16.0
1608618969.89	16000	6.228558	0.0	2863079	658	12.0
1608618970.88	16000	6.251019	0.0	4167844	947	16.0
1608618971.52	8000	6.601856	0.0	3005823	614	0.0
1608618972.02	8000	7.107768	0.0	2879726	469	8.0
1608618972.24	8000	7.887245	0.0	1267052	204	8.0
1608618972.46	8000	8.666409	0.0	1316661	205	8.0
1608618972.73	12000	9.397621	0.0	1662097	246	8.0
1608618972.8	16000	10.328297	0.0	382046	54	12.0
1608618972.98	20000	11.14934	0.0	1113969	164	16.0
1608618973.12	20000	12.014579	0.0	820127	119	20.0
1608618974.07	20000	12.06078	0.0	6357933	911	20.0
1608618974.86	20000	12.279315	0.0	4814284	742	20.0
1608618975.46	16000	12.678529	0.0	3419258	566	12.0
1608618976.13	16000	13.001288	0.0	3944328	644	16.0
1608618976.71	12000	13.424411	0.0	3391518	546	8.0
1608618977.04	8000	14.094737	0.0	1926191	307	4.0
1608618977.35	12000	14.784779	0.0	1798203	287	8.0
1608618978.88	16000	14.263713	0.0	9946363	1458	12.0
1608618980.35	8000	13.786585	0.0	7838407	1422	0.0
1608618980.53	8000	14.608979	0.0	1127469	160	8.0
1608618980.68	8000	15.463032	0.0	1179779	130	8.0
1608618980.81	8000	16.328494	0.0	1078151	118	8.0
1608618980.95	8000	17.191192	0.0	1086181	119	8.0
1608618981.14	16000	18.001982	0.0	1529441	168	8.0
1608618981.34	20000	18.81034	0.0	1568649	172	16.0
1608618981.57	20000	19.575404	0.0	1677618	215	20.0
1608618981.81	20000	20.342154	0.0	1415096	217	20.0
1608618982.12	20000	21.031905	0.0	1894067	290	20.0
1608618982.32	20000	21.834575	0.0	1186604	181	20.0
1608618982.49	20000	22.658494	0.0	1068386	160	20.0
1608618982.77	20000	23.382676	0.0	1700843	253	20.0
1608618983.18	20000	23.97695	0.0	2536859	381	20.0
1608618983.88	20000	24.275305	0.0	4742872	665	20.0
1608618984.58	20000	24.580105	0.0	4955535	655	20.0
1608618984.77	16000	25.38268	0.0	1260540	170	12.0
1608618985.3	16000	25.859197	0.0	3605246	492	16.0
1608618985.78	16000	26.382048	0.0	2770338	451	16.0
1608618986.14	16000	27.018487	0.0	1855168	341	16.0
1608618986.47	16000	27.691387	0.0	1666915	306	16.0
1608618986.66	16000	28.502402	0.0	1555467	172	16.0
1608618986.79	16000	29.375996	0.0	1008919	111	16.0
1608618986.94	20000	30.224887	0.0	1227619	135	16.0
1608618987.07	20000	31.097401	0.0	1015853	112	20.0
1608618987.12	20000	32.044055	0.0	384076	40	20.0
1608618987.17	20000	33.00061	0.0	295687	31	20.0
1608618987.33	20000	33.838918	0.0	1328674	147	20.0
1608618987.52	20000	34.652088	0.0	1492829	169	20.0
1608618987.75	20000	35.423166	0.0	1484812	211	20.0
1608618988.04	20000	36.128969	0.0	1868314	273	20.0
1608618988.24	20000	36.9319	0.0	1253406	178	20.0
1608618988.38	20000	37.791597	0.0	887933	125	20.0
1608618988.56	20000	38.613842	0.0	1153403	162	20.0
1608618988.75	20000	39.419355	0.0	1249023	178	20.0
1608618988.98	20000	40.199572	0.0	1423973	203	20.0
1608618989.14	20000	41.032509	0.0	1060162	150	20.0
1608618989.31	20000	41.862702	0.0	1080597	153	20.0
1608618989.5	20000	42.682387	0.0	1156442	164	20.0
1608618989.82	20000	43.362774	0.0	2222640	297	20.0
1608618990.19	20000	43.992187	0.0	2587311	346	20.0
1608618990.5	20000	44.678554	0.0	2178351	292	20.0
1608618990.93	20000	45.247731	0.0	3121089	405	20.0
1608618991.33	20000	45.851843	0.0	2857420	371	20.0
1608618991.58	20000	46.607009	0.0	1702477	226	20.0
1608618991.82	20000	47.361187	0.0	1531670	226	20.0
1608618992.12	20000	48.064158	0.0	1863424	276	20.0
1608618992.44	20000	48.74772	0.0	1987392	294	20.0
1608618992.81	20000	49.378658	0.0	2505586	345	20.0
1608618994.15	20000	49.040891	0.0	9620218	1277	20.0
1608618994.5	16000	49.6885	0.0	2561608	327	12.0
1608618994.94	16000	50.249041	0.0	3633991	409	16.0
1608618995.35	16000	50.846031	0.0	3324070	374	16.0
1608618995.54	16000	51.652597	0.0	1560020	175	16.0
1608618995.71	16000	52.482703	0.0	1429188	149	16.0
1608618995.92	20000	53.279033	0.0	1754144	184	16.0
1608618996.11	20000	54.089345	0.0	1626020	170	20.0
1608618996.31	20000	54.888911	0.0	1739228	182	20.0
1608618996.52	20000	55.689432	0.0	1722735	181	20.0
1608618996.74	20000	56.460345	0.0	1538145	200	20.0
1608618996.96	20000	57.242959	0.0	1473412	199	20.0
1608618997.18	20000	58.021816	0.0	1498968	203	20.0
1608618997.51	20000	58.693442	0.0	2247334	306	20.0
1608618998.12	20000	59.08042	0.0	3156442	585	20.0
1608618998.5	20000	59.703634	0.0	1895098	356	20.0
1608618999.78	16000	59.636814	0.0	1939135	256	12.0
1608619000.54	16000	59.887824	0.0	1842874	242	16.0
1608619001.36	16000	59.888806	0.0	2235830	287	16.0
1608619002.4	16000	59.889854	0.0	2202171	521	16.0
1608619003.39	16000	59.890831	0.0	2242042	453	16.0
1608619004.57	16000	59.891832	0.0	1081763	161	16.0
1608619005.48	16000	59.892836	0.0	2409013	389	16.0
1608619006.78	16000	59.643844	0.0	1615028	280	16.0
1608619007.62	16000	59.644857	0.0	1413467	324	16.0
1608619008.42	16000	59.895806	0.0	1632450	276	16.0
1608619009.62	16000	59.592234	0.0	5664827	1160	16.0
1608619010.8	12000	59.416377	0.0	3284299	1144	8.0
1608619011.53	8000	59.898837	0.0	1031824	207	4.0
1608619012.71	8000	59.649863	0.0	732536	164	8.0
1608619013.46	8000	59.900868	0.0	645392	240	8.0
1608619014.78	8000	59.651849	0.0	1104267	302	8.0
1608619015.57	8000	59.652842	0.0	1592936	268	8.0
1608619016.46	16000	59.765422	0.0	5355572	845	8.0
1608619017.49	16000	59.904835	0.0	3278424	501	16.0
1608619018.79	12000	59.655834	0.0	1890880	273	8.0
1608619019.46	16000	59.768672	0.0	2473561	642	12.0
1608619020.81	12000	59.657842	0.0	1359018	326	8.0
1608619021.49	12000	59.908827	0.0	1134985	170	12.0
1608619022.46	16000	59.909818	0.0	2869222	436	12.0
1608619023.47	16000	59.910711	0.0	3226650	478	16.0
1608619024.82	12000	59.661824	0.0	2155956	320	8.0
1608619025.5	16000	59.730359	0.0	2998622	656	12.0
1608619026.56	16000	59.913823	0.0	2928342	528	16.0
1608619027.47	12000	59.914818	0.0	2451277	388	8.0
1608619028.41	12000	59.915832	0.0	2690936	408	12.0
1608619029.65	12000	59.666826	0.0	1552444	225	12.0
1608619030.52	16000	59.917874	0.0	1541020	347	12.0
1608619031.48	16000	59.918834	0.0	2926720	423	16.0
1608619032.8	16000	59.669816	0.0	2991202	292	16.0
1608619033.63	16000	59.670836	0.0	3002106	308	16.0
1608619034.36	20000	59.921831	0.0	2015412	208	16.0
1608619035.71	20000	59.672834	0.0	2894863	308	20.0
1608619036.56	20000	59.923833	0.0	2185316	319	20.0
1608619037.62	20000	59.67481	0.0	3370605	530	20.0
1608619038.59	20000	59.675835	0.0	3492243	442	20.0
1608619039.75	20000	59.676818	0.0	1307592	144	20.0
1608619040.55	20000	59.927825	0.0	1881404	278	20.0
1608619041.33	20000	59.928816	0.0	1806471	253	20.0
1608619042.7	20000	59.679837	0.0	1945842	350	20.0
1608619043.27	20000	59.977556	0.0	2538877	544	20.0
1608619044.33	16000	59.931832	0.0	2298557	529	12.0
1608619045.34	16000	59.932833	0.0	2831497	478	16.0
1608619046.45	12000	59.933823	0.0	2580724	579	8.0
1608619047.82	8000	59.684819	0.0	1256122	345	4.0
1608619048.52	8000	59.935838	0.0	872352	193	8.0
1608619049.38	12000	59.936855	0.0	1549070	332	8.0
1608619050.63	12000	59.687711	0.0	1299702	233	12.0
1608619051.6	16000	59.688835	0.0	2364826	440	12.0
1608619052.62	16000	59.689842	0.0	2517454	497	16.0
1608619053.5	16000	59.94083	0.0	1883143	366	16.0
1608619054.4	16000	59.941823	0.0	1726706	376	16.0
1608619055.61	16000	59.692813	0.0	707364	191	16.0
1608619056.49	16000	59.943837	0.0	796460	358	16.0
1608619057.65	12000	59.694825	0.0	449729	144	8.0
1608619058.37	12000	59.945842	0.0	748394	203	12.0
1608619059.63	16000	59.696833	0.0	832859	235	12.0
1608619060.69	16000	59.697831	0.0	151562	45	16.0
1608619061.72	16000	59.698798	0.0	90390	19	16.0
1608619062.74	16000	59.699813	0.0	50278	10	16.0
1608619063.76	12000	59.700834	0.0	24518	2	8.0
1608619064.78	8000	59.701838	0.0	26015	2	4.0
1608619065.1	4000	1.000999	0.015	60629	6	-0.48
1608619066.52	20000	1.28402	0.689	11007815	1336	-18.048
1608619067.42	16000	1.6067	0.0	8849724	843	12.0
1608619067.7	12000	2.428624	0.0	2846282	249	8.0
1608619067.84	12000	3.29095	0.0	1379579	119	12.0
1608619067.95	12000	4.180136	0.0	1083781	94	12.0
1608619068.02	16000	5.108097	0.0	698359	56	12.0
1608619068.09	20000	6.038967	0.0	730082	56	16.0
1608619068.44	20000	6.71658	0.0	4047415	318	20.0
1608619068.69	20000	7.468712	0.0	2863079	225	20.0
1608619069.05	20000	8.110581	0.0	4167844	327	20.0
1608619069.52	20000	8.637006	0.0	5571764	439	20.0
1608619069.95	20000	9.213315	0.0	4925652	387	20.0
1608619070.13	20000	10.030835	0.0	2030157	163	20.0
1608619070.33	20000	10.828573	0.0	2240782	182	20.0
1608619070.53	20000	11.628335	0.0	2211169	180	20.0
1608619070.58	20000	12.585596	0.0	382046	30	20.0
1608619070.68	20000	13.480502	0.0	1113969	90	20.0
1608619070.76	20000	14.400777	0.0	820127	66	20.0
1608619071.3	20000	14.867971	0.0	6357933	491	20.0
1608619071.7	20000	15.475475	0.0	4814284	355	20.0
1608619071.98	20000	16.187142	0.0	3419258	248	20.0
1608619072.3	20000	16.865212	0.0	3944328	291	20.0
1608619072.65	20000	17.516164	0.0	4284196	315	20.0
1608619072.91	20000	18.266172	0.0	3022025	222	20.0
1608619073.1	20000	19.07317	0.0	2248581	168	20.0
1608619073.94	20000	19.233909	0.0	9946363	769	20.0
1608619077.1	20000	17.074815	0.0	11684632	3087	20.0
1608619077.84	8000	17.338829	0.0	1127469	713	-4.0
1608619078.27	4000	17.910722	0.0	795179	408	0.0
1608619078.62	4000	18.56086	0.0	741228	335	4.0
1608619078.97	4000	19.203468	0.0	760332	344	4.0
1608619082.49	4000	16.687221	0.0	769288	3495	4.0
1608619082.73	2000	17.452732	0.0	254944	219	0.0
