1608623131.38	4000	1.000999	0.115	60629	104	-3.68
1608623134.54	2000	1.279795	2.38	1072422	3116	-76.16
1608623136.87	2000	1.411211	1.462	1121405	2315	-44.784
1608623138.06	2000	1.374639	0.153	728514	1175	-2.896
1608623138.89	2000	1.553831	0.0	508013	809	2.0
1608623139.79	2000	1.651841	0.0	395538	889	2.0
1608623140.46	2000	1.977843	0.0	297276	662	2.0
1608623140.65	2000	2.790601	0.0	247728	177	2.0
1608623141.57	2000	2.868499	0.0	1172629	908	2.0
1608623142.26	2000	3.182986	0.0	740561	673	2.0
1608623143.18	2000	3.265306	0.0	905521	905	2.0
1608623155.08	4000	3.381292	0.0	866360	1656	2.0
1608623156.2	2000	3.260055	0.0	821406	1108	0.0
1608623156.8	2000	3.660843	0.0	576666	586	2.0
1608623157.17	2000	4.291085	0.0	399536	359	2.0
1608623159.59	2000	2.884653	0.0	2503359	2380	2.0
1608623161.47	2000	1.993746	0.0	2158640	1862	2.0
1608623161.47	4000	1.986305	0.0	2158640	1862	2.0
1608623162.18	4000	2.283363	0.0	764013	693	4.0
1608623162.96	4000	2.506146	0.0	795179	763	4.0
1608623164.1	4000	2.599014	0.0	741228	1129	4.0
1608623164.11	2000	2.590363	0.0	741228	1129	0.0
1608623164.64	2000	3.063509	0.0	336592	514	2.0
1608623164.85	2000	3.848958	0.0	257949	202	2.0
1608623165.07	2000	4.635622	0.0	254944	202	2.0
1608623165.3	2000	5.402876	0.0	280530	222	2.0
1608623165.52	2000	6.189994	0.0	274347	203	2.0
1608623165.52	4000	6.181966	0.0	274347	203	2.0
1608623166.28	4000	6.426352	0.0	997014	744	4.0
1608623166.7	4000	7.003095	0.0	576726	411	4.0
1608623167.07	4000	7.638376	0.0	481423	354	4.0
1608623167.61	4000	8.097342	0.0	753582	529	4.0
1608623168.28	4000	8.430549	0.0	1035369	654	4.0
1608623168.54	4000	9.173888	0.0	420196	245	4.0
1608623169.06	4000	9.649613	0.0	876880	512	4.0
1608623169.61	8000	10.103398	0.0	890138	529	4.0
1608623171.79	8000	9.04021	0.0	2345010	2156	8.0
1608623171.8	4000	9.04021	0.0	2345010	2156	0.0
1608623173.16	4000	8.792302	0.0	1116845	1351	4.0
1608623174.14	4000	8.816928	0.0	770196	962	4.0
1608623174.93	4000	9.030127	0.0	678418	770	4.0
1608623174.94	2000	9.022198	0.0	678418	770	0.0
1608623175.34	2000	9.617288	0.0	298688	395	2.0
1608623175.59	2000	10.368259	0.0	200752	238	2.0
1608623175.93	2000	11.033923	0.0	280436	324	2.0
1608623176.23	2000	11.730512	0.0	254413	293	2.0
1608623176.34	2000	12.621594	0.0	92084	100	2.0
1608623176.44	2000	13.520639	0.0	85090	90	2.0
1608623176.85	2000	14.11819	0.0	285433	391	2.0
1608623177.45	2000	14.513185	0.0	361866	594	2.0
1608623178.01	2000	14.960078	0.0	347546	541	2.0
1608623178.64	2000	15.324305	0.0	396965	624	2.0
1608623179.09	2000	15.882958	0.0	264442	430	2.0
1608623179.42	2000	16.546712	0.0	201160	325	2.0
1608623179.72	2000	17.250425	0.0	227906	286	2.0
1608623180.08	2000	17.890016	0.0	301480	348	2.0
1608623180.56	2000	18.410212	0.0	401522	467	2.0
1608623181.02	2000	18.952694	0.0	296659	446	2.0
1608623181.53	2000	19.441162	0.0	306130	499	2.0
1608623181.97	2000	20.008075	0.0	320231	422	2.0
1608623182.68	2000	20.301683	0.0	505705	694	2.0
1608623183.73	2000	20.252869	0.0	560900	1037	2.0
1608623184.3	2000	20.682781	0.0	477844	557	2.0
1608623185.14	2000	20.843372	0.0	593358	827	2.0
1608623185.97	2000	21.01607	0.0	552627	815	2.0
1608623186.46	2000	21.520565	0.0	356467	484	2.0
1608623186.82	2000	22.161195	0.0	298528	348	2.0
1608623187.27	2000	22.716539	0.0	372582	434	2.0
1608623187.87	2000	23.116232	0.0	432861	589	2.0
1608623188.91	2000	23.081172	0.0	576027	1022	2.0
1608623191.77	2000	21.21404	0.0	2234357	2847	2.0
1608623192.43	2000	21.553286	0.0	560537	648	2.0
1608623193.18	2000	21.80951	0.0	577595	732	2.0
1608623194.25	2000	21.741761	0.0	643057	1055	2.0
1608623194.84	2000	22.151553	0.0	299663	579	2.0
1608623195.43	2000	22.557658	0.0	284317	583	2.0
1608623195.93	2000	23.06408	0.0	341921	482	2.0
1608623196.33	2000	23.661718	0.0	337442	392	2.0
1608623196.75	2000	24.249967	0.0	361712	400	2.0
1608623197.17	2000	24.824629	0.0	356599	414	2.0
1608623197.59	2000	25.407952	0.0	349268	405	2.0
1608623197.93	2000	26.067992	0.0	330614	329	2.0
1608623198.29	2000	26.704889	0.0	348018	352	2.0
1608623198.76	2000	27.238738	0.0	462525	454	2.0
1608623199.65	2000	27.353479	0.0	845902	872	2.0
1608623200.02	2000	27.980299	0.0	452278	362	2.0
1608623200.03	4000	27.973083	0.0	452278	362	2.0
1608623200.63	4000	28.368561	0.0	728813	593	4.0
1608623201.2	4000	28.805532	0.0	631476	550	4.0
1608623201.98	4000	29.027004	0.0	728502	766	4.0
1608623203.47	4000	28.533342	0.0	819353	1481	4.0
1608623203.48	2000	28.526087	0.0	819353	1481	0.0
1608623204.0	2000	29.007229	0.0	467709	509	2.0
1608623204.2	2000	29.806297	0.0	242111	190	2.0
1608623204.68	2000	30.333161	0.0	564856	461	2.0
1608623205.15	2000	30.856441	0.0	387198	465	2.0
1608623205.67	2000	31.339648	0.0	371539	506	2.0
1608623206.05	2000	31.96029	0.0	364606	368	2.0
1608623207.09	2000	31.921815	0.0	883642	1026	2.0
1608623207.97	2000	32.041188	0.0	678863	868	2.0
1608623208.29	2000	32.728449	0.0	376102	302	2.0
1608623208.51	2000	33.504714	0.0	268819	213	2.0
1608623208.72	2000	34.296601	0.0	249895	198	2.0
1608623208.73	4000	34.289954	0.0	249895	198	2.0
1608623210.14	4000	33.878291	0.0	823677	1400	4.0
1608623211.26	4000	33.759768	0.0	878603	1106	4.0
1608623212.67	4000	33.353028	0.0	1192759	1391	4.0
1608623212.69	2000	33.338261	0.0	1192759	1391	0.0
1608623213.21	2000	33.809497	0.0	569070	513	2.0
1608623213.76	2000	34.264757	0.0	587015	533	2.0
1608623214.21	2000	34.816637	0.0	600946	436	2.0
1608623214.21	4000	34.809641	0.0	600946	436	2.0
1608623214.73	4000	35.291534	0.0	687087	508	4.0
1608623215.12	4000	35.907211	0.0	564465	374	4.0
1608623215.99	4000	36.036441	0.0	1193260	857	4.0
1608623217.19	4000	35.840301	0.0	1350143	1182	4.0
1608623218.26	4000	35.766092	0.0	1085010	1060	4.0
1608623219.57	4000	35.454441	0.0	1231535	1298	4.0
1608623220.79	4000	35.24307	0.0	1204741	1198	4.0
1608623220.79	2000	35.236292	0.0	1204741	1198	0.0
1608623221.22	2000	35.810314	0.0	623944	416	2.0
1608623221.23	4000	35.803839	0.0	623944	416	2.0
1608623222.17	4000	35.861548	0.0	1328172	929	4.0
1608623222.74	4000	36.288677	0.0	755940	560	4.0
1608623223.18	4000	36.858683	0.0	542221	419	4.0
1608623224.02	4000	37.015628	0.0	1043429	828	4.0
1608623224.84	4000	37.194826	0.0	1080376	807	4.0
1608623225.85	4000	37.186931	0.0	1087843	993	4.0
1608623226.46	4000	37.575139	0.0	735758	600	4.0
1608623227.32	4000	37.724376	0.0	1086740	836	4.0
1608623227.92	4000	38.122168	0.0	818102	589	4.0
1608623229.12	4000	38.134465	0.0	1450968	1182	4.0
