1608607402.42	4000	1.000999	0.016	60629	6	-0.31999999999999984
1608607405.1	20000	1.317598	1.974	11007815	2540	-35.48
1608607407.14	20000	1.332134	0.804	8849724	1988	3.9200000000000017
1608607407.46	20000	2.013341	0.0	3191121	288	20.0
1608607407.63	20000	2.885026	0.0	1661718	147	20.0
1608607407.77	20000	3.750447	0.0	1315024	116	20.0
1608607407.85	20000	4.673985	0.0	698359	60	20.0
1608607407.92	20000	5.595382	0.0	730082	63	20.0
1608607408.29	20000	6.228422	0.0	4047415	334	20.0
1608607408.52	20000	6.999178	0.0	2863079	202	20.0
1608607408.85	20000	7.672086	0.0	4167844	294	20.0
1608607409.34	20000	8.186623	0.0	5571764	444	20.0
1608607409.94	20000	8.584903	0.0	4925652	566	20.0
1608607410.2	20000	9.329995	0.0	2030157	232	20.0
1608607410.72	20000	9.80359	0.0	2240782	503	20.0
1608607411.25	20000	10.286242	0.0	2211169	494	20.0
1608607411.35	20000	11.179933	0.0	382046	84	20.0
1608607411.63	20000	11.903695	0.0	1113969	257	20.0
1608607411.83	20000	12.697909	0.0	820127	189	20.0
1608607413.78	20000	11.753504	0.0	6357933	1894	20.0
1608607416.0	20000	10.534549	0.0	4814284	2181	20.0
1608607417.55	20000	9.989036	0.0	3419258	1513	20.0
1608607419.33	20000	9.201618	0.0	3944328	1755	20.0
1608607421.47	20000	8.065321	0.0	4284196	2102	20.0
1608607422.62	20000	7.920023	0.0	3022025	1117	20.0
1608607423.13	20000	8.406514	0.0	2248581	491	20.0
1608607427.19	20000	5.348047	0.0	9946363	3988	20.0
1608607429.33	8000	4.213216	0.0	7838407	2075	-4.0
1608607429.59	20000	4.95256	0.0	1849732	227	8.0
1608607429.85	20000	5.69088	0.0	1942795	238	20.0
1608607430.08	20000	6.461981	0.0	1704756	209	20.0
1608607430.31	20000	7.233069	0.0	1697111	208	20.0
1608607430.67	20000	7.877423	0.0	1529441	337	20.0
1608607431.03	20000	8.512796	0.0	1568649	346	20.0
1608607431.44	20000	9.105649	0.0	1677618	387	20.0
1608607431.84	20000	9.709242	0.0	1415096	377	20.0
1608607432.37	20000	10.184361	0.0	1894067	503	20.0
1608607432.7	20000	10.850695	0.0	1186604	315	20.0
1608607433.0	20000	11.54984	0.0	1068386	283	20.0
1608607433.47	20000	12.081918	0.0	1700843	448	20.0
1608607434.16	20000	12.388538	0.0	2536859	669	20.0
1608607435.36	20000	12.197165	0.0	4742872	1156	20.0
1608607436.52	20000	12.036235	0.0	4955535	1123	20.0
1608607436.77	20000	12.785495	0.0	1260540	233	20.0
1608607437.43	20000	13.12313	0.0	3605246	633	20.0
1608607437.79	20000	13.771308	0.0	2770338	324	20.0
1608607438.02	20000	14.534268	0.0	1855168	217	20.0
1608607438.24	20000	15.320918	0.0	1666915	195	20.0
1608607438.42	20000	16.139657	0.0	1555467	161	20.0
1608607438.53	20000	17.033905	0.0	1008919	88	20.0
1608607438.65	20000	17.909373	0.0	1227619	107	20.0
1608607438.76	20000	18.803311	0.0	1015853	88	20.0
1608607438.81	20000	19.757802	0.0	384076	33	20.0
1608607438.85	20000	20.720214	0.0	295687	25	20.0
1608607438.98	20000	21.587154	0.0	1328674	116	20.0
1608607439.13	20000	22.43704	0.0	1492829	131	20.0
1608607439.28	20000	23.287553	0.0	1484812	129	20.0
1608607439.47	20000	24.102565	0.0	1868314	163	20.0
1608607439.6	20000	24.966927	0.0	1253406	108	20.0
1608607439.7	20000	25.874139	0.0	887933	77	20.0
1608607439.82	20000	26.75658	0.0	1153403	101	20.0
1608607439.94	20000	27.629146	0.0	1249023	109	20.0
1608607440.09	20000	28.485523	0.0	1423973	125	20.0
1608607440.2	20000	29.375563	0.0	1060162	93	20.0
1608607440.31	20000	30.263612	0.0	1080597	95	20.0
1608607440.43	20000	31.142997	0.0	1156442	104	20.0
1608607440.67	20000	31.909608	0.0	2222640	212	20.0
1608607440.94	20000	32.638371	0.0	2587311	247	20.0
1608607441.17	20000	33.408078	0.0	2178351	208	20.0
1608607441.49	20000	34.089085	0.0	3121089	290	20.0
1608607441.77	20000	34.809181	0.0	2857420	255	20.0
1608607441.95	20000	35.636351	0.0	1702477	151	20.0
1608607442.11	20000	36.480519	0.0	1531670	137	20.0
1608607442.29	20000	37.293701	0.0	1863424	166	20.0
1608607442.49	20000	38.101015	0.0	1987392	172	20.0
1608607442.73	20000	38.860194	0.0	2505586	215	20.0
1608607443.64	20000	38.953345	0.0	9620218	846	20.0
1608607443.9	20000	39.690305	0.0	2561608	237	20.0
1608607444.27	20000	40.32307	0.0	3633991	338	20.0
1608607444.61	20000	40.984748	0.0	3324070	309	20.0
1608607444.77	20000	41.819969	0.0	1560020	145	20.0
1608607444.93	20000	42.667586	0.0	1429188	133	20.0
1608607445.11	20000	43.482863	0.0	1754144	163	20.0
1608607445.28	20000	44.311243	0.0	1626020	151	20.0
1608607445.47	20000	45.130954	0.0	1739228	160	20.0
1608607445.65	20000	45.951755	0.0	1722735	157	20.0
1608607445.81	20000	46.792953	0.0	1538145	139	20.0
1608607445.96	20000	47.639796	0.0	1473412	134	20.0
1608607446.12	20000	48.483985	0.0	1498968	137	20.0
1608607446.35	20000	49.255106	0.0	2247334	205	20.0
1608607446.67	20000	49.934977	0.0	3156442	291	20.0
1608607446.87	20000	50.737885	0.0	1895098	174	20.0
1608607447.07	20000	51.537596	0.0	1939135	178	20.0
1608607447.26	20000	52.346553	0.0	1842874	169	20.0
1608607447.5	20000	53.109105	0.0	2235830	214	20.0
1608607447.75	20000	53.8544	0.0	2202171	231	20.0
1608607448.02	20000	54.594617	0.0	2242042	235	20.0
1608607448.15	20000	55.457777	0.0	1081763	111	20.0
1608607448.43	20000	56.180801	0.0	2409013	252	20.0
1608607448.65	20000	56.961594	0.0	1615028	198	20.0
1608607448.84	20000	57.769186	0.0	1413467	173	20.0
1608607449.06	20000	58.54978	0.0	1632450	200	20.0
1608607449.81	20000	58.800618	0.0	5664827	705	20.0
1608607450.43	20000	59.187319	0.0	4578115	578	20.0
1608607450.7	20000	59.918536	0.0	1783835	246	20.0
1608607451.87	20000	59.859523	0.0	1093613	150	20.0
1608607453.1	20000	59.610379	0.0	975642	204	20.0
1608607453.66	20000	59.959595	0.0	1658005	536	20.0
1608607455.03	20000	59.612482	0.0	3055257	846	20.0
1608607455.97	20000	59.65354	0.0	5355572	893	20.0
1608607456.97	20000	59.864373	0.0	3278424	471	20.0
1608607457.8	20000	59.865518	0.0	2318501	306	20.0
1608607459.2	20000	59.616623	0.0	2473561	367	20.0
1608607459.89	20000	59.86764	0.0	1730311	172	20.0
1608607461.02	20000	59.618498	0.0	1455812	104	20.0
1608607461.77	20000	59.869533	0.0	2869222	215	20.0
1608607463.06	20000	59.620465	0.0	3226650	266	20.0
1608607463.81	20000	59.871528	0.0	2705936	219	20.0
1608607465.09	20000	59.622615	0.0	2998622	245	20.0
1608607465.82	20000	59.873532	0.0	2928342	203	20.0
1608607467.05	20000	59.62459	0.0	3059979	201	20.0
1608607467.83	20000	59.87555	0.0	3367422	246	20.0
1608607469.0	20000	59.876649	0.0	1950694	144	20.0
1608607470.17	20000	59.627635	0.0	1541020	146	20.0
1608607470.98	20000	59.878562	0.0	2926720	284	20.0
1608607471.77	20000	59.879642	0.0	2991202	253	20.0
1608607473.08	20000	59.630639	0.0	3002106	282	20.0
1608607473.86	20000	59.881552	0.0	2015412	253	20.0
1608607475.19	20000	59.632596	0.0	2894863	303	20.0
1608607475.89	20000	59.883578	0.0	2185316	174	20.0
1608607476.81	20000	59.884609	0.0	3370605	382	20.0
1608607477.92	20000	59.724131	0.0	3492243	1083	20.0
1608607479.13	20000	59.636628	0.0	1307592	685	20.0
1608607479.9	20000	59.887648	0.0	1881404	250	20.0
1608607481.08	20000	59.638621	0.0	1806471	149	20.0
1608607481.82	20000	59.889654	0.0	1945842	218	20.0
1608607483.06	20000	59.640587	0.0	2538877	714	20.0
1608607484.04	20000	59.611395	0.0	2298557	954	20.0
1608607484.82	20000	59.832194	0.0	2831497	752	20.0
1608607485.96	20000	59.893591	0.0	3200905	605	20.0
1608607487.26	20000	59.644667	0.0	2180586	274	20.0
1608607487.94	20000	59.895558	0.0	1500505	168	20.0
1608607489.2	20000	59.646643	0.0	1939246	231	20.0
1608607489.93	20000	59.897588	0.0	1599193	201	20.0
1608607491.26	20000	59.64857	0.0	2364826	304	20.0
1608607492.05	20000	59.64957	0.0	2517454	264	20.0
1608607493.25	20000	59.650562	0.0	1883143	179	20.0
1608607493.94	20000	59.901554	0.0	1726706	165	20.0
1608607495.03	20000	59.652604	0.0	707364	64	20.0
1608607496.12	20000	59.653618	0.0	796460	73	20.0
1608607497.2	20000	59.654552	0.0	596962	62	20.0
1608607497.84	20000	59.905622	0.0	947625	117	20.0
1608607498.94	20000	59.906589	0.0	832859	83	20.0
1608607499.97	20000	59.907457	0.0	151562	12	20.0
1608607500.99	20000	59.908595	0.0	90390	7	20.0
1608607502.01	20000	59.659647	0.0	50278	3	20.0
1608607503.02	20000	59.660662	0.0	26471	4	20.0
1608607504.04	20000	59.66162	0.0	40620	1	20.0
1608607504.38	4000	1.000999	0.03	334032	18	-0.6000000000000001
1608607505.13	20000	1.535803	0.0	11007815	621	4.0
1608607505.66	20000	2.005291	0.0	8849724	468	20.0
1608607505.87	20000	2.799113	0.0	3191121	171	20.0
1608607505.98	20000	3.686134	0.0	1661718	91	20.0
1608607506.07	20000	4.595529	0.0	1315024	72	20.0
1608607506.13	20000	5.544994	0.0	698359	38	20.0
1608607506.18	20000	6.516407	0.0	730082	41	20.0
1608607506.44	20000	7.338418	0.0	4047415	225	20.0
1608607506.63	20000	8.154294	0.0	2863079	159	20.0
1608607506.9	20000	8.901566	0.0	4167844	242	20.0
1608607507.29	20000	9.511006	0.0	5571764	347	20.0
1608607507.64	20000	10.166149	0.0	4925652	307	20.0
1608607507.79	20000	11.018522	0.0	2030157	126	20.0
1608607507.97	20000	11.842245	0.0	2240782	153	20.0
1608607508.14	20000	12.668108	0.0	2211169	151	20.0
1608607508.18	20000	13.628689	0.0	382046	25	20.0
1608607508.27	20000	14.536091	0.0	1113969	76	20.0
1608607508.35	20000	15.466451	0.0	820127	55	20.0
1608607508.84	20000	15.979591	0.0	6357933	437	20.0
1608607509.24	20000	16.579447	0.0	4814284	353	20.0
1608607509.52	20000	17.299336	0.0	3419258	252	20.0
1608607509.84	20000	17.9732	0.0	3944328	294	20.0
1608607510.23	20000	18.58425	0.0	4284196	357	20.0
1608607510.51	20000	19.304639	0.0	3022025	251	20.0
1608607510.73	20000	20.092848	0.0	2248581	186	20.0
1608607511.68	20000	20.141177	0.0	9946363	887	20.0
1608607512.88	20000	19.94298	0.0	11684632	1126	20.0
1608607513.08	20000	20.73922	0.0	1849732	179	20.0
1608607513.3	20000	21.526675	0.0	1942795	188	20.0
1608607513.48	20000	22.340354	0.0	1704756	165	20.0
1608607513.67	20000	23.154306	0.0	1697111	165	20.0
1608607513.84	20000	23.987959	0.0	1529441	146	20.0
1608607514.0	20000	24.824351	0.0	1568649	144	20.0
