1608647214.22	4000	1.000999	0.017	60629	8	-0.33999999999999986
1608647215.82	8000	1.499055	1.063	9869079	1455	-17.26
1608647217.24	20000	1.420542	0.0	8849724	1357	8.0
1608647217.87	20000	1.838927	0.0	3191121	590	20.0
1608647218.15	20000	2.558809	0.0	1661718	258	20.0
1608647218.35	20000	3.351387	0.0	1315024	187	20.0
1608647218.47	20000	4.237013	0.0	698359	99	20.0
1608647218.59	20000	5.117515	0.0	730082	104	20.0
1608647219.21	20000	5.498765	0.0	4047415	586	20.0
1608647219.66	20000	6.045589	0.0	2863079	424	20.0
1608647220.29	20000	6.416103	0.0	4167844	589	20.0
1608647221.09	20000	6.623755	0.0	5571764	747	20.0
1608647221.81	20000	6.903082	0.0	4925652	684	20.0
1608647222.12	20000	7.596394	0.0	2030157	283	20.0
1608647222.47	20000	8.246283	0.0	2240782	326	20.0
1608647222.81	20000	8.901844	0.0	2211169	322	20.0
1608647222.88	20000	9.83401	0.0	382046	54	20.0
1608647223.07	20000	10.648505	0.0	1113969	167	20.0
1608647223.23	20000	11.489543	0.0	820127	143	20.0
1608647224.31	20000	11.406736	0.0	6357933	1034	20.0
1608647224.98	20000	11.74334	0.0	4814284	627	20.0
1608647225.52	20000	12.210837	0.0	3419258	502	20.0
1608647226.16	20000	12.56699	0.0	3944328	605	20.0
1608647226.98	20000	12.740584	0.0	4284196	793	20.0
1608647227.61	20000	13.119396	0.0	3022025	593	20.0
1608647228.07	20000	13.65344	0.0	2248581	441	20.0
1608647229.91	20000	12.8197	0.0	9946363	1768	20.0
1608647231.69	20000	12.036813	0.0	11684632	1711	20.0
1608647231.96	20000	12.764439	0.0	1849732	252	20.0
1608647232.22	20000	13.507069	0.0	1942795	236	20.0
1608647232.44	20000	14.293036	0.0	1704756	190	20.0
1608647232.65	20000	15.081298	0.0	1697111	193	20.0
1608647232.84	20000	15.888446	0.0	1529441	173	20.0
1608647233.04	20000	16.690448	0.0	1568649	178	20.0
1608647233.25	20000	17.484363	0.0	1677618	185	20.0
1608647233.43	20000	18.308851	0.0	1415096	156	20.0
1608647233.66	20000	19.077312	0.0	1894067	209	20.0
1608647233.81	20000	19.928049	0.0	1186604	131	20.0
1608647233.95	20000	20.786226	0.0	1068386	116	20.0
1608647234.17	20000	21.567069	0.0	1700843	198	20.0
1608647234.53	20000	22.212136	0.0	2536859	329	20.0
1608647235.18	20000	22.565111	0.0	4742872	610	20.0
1608647235.8	20000	22.938343	0.0	4955535	590	20.0
1608647235.97	20000	23.771743	0.0	1260540	149	20.0
1608647236.39	20000	24.351996	0.0	3605246	390	20.0
1608647236.71	20000	25.034537	0.0	2770338	291	20.0
1608647236.93	20000	25.818678	0.0	1855168	194	20.0
1608647237.13	20000	26.621467	0.0	1666915	178	20.0
1608647237.36	20000	27.387929	0.0	1555467	215	20.0
1608647237.52	20000	28.233971	0.0	1008919	138	20.0
1608647237.7	20000	29.047939	0.0	1227619	169	20.0
1608647237.86	20000	29.892978	0.0	1015853	139	20.0
1608647237.92	20000	30.828768	0.0	384076	50	20.0
1608647237.98	20000	31.778055	0.0	295687	38	20.0
1608647238.18	20000	32.577467	0.0	1328674	183	20.0
1608647238.41	20000	33.344701	0.0	1492829	212	20.0
1608647238.65	20000	34.111914	0.0	1484812	211	20.0
1608647238.94	20000	34.822069	0.0	1868314	267	20.0
1608647239.13	20000	35.630909	0.0	1253406	173	20.0
1608647239.23	20000	36.528273	0.0	887933	84	20.0
1608647239.36	20000	37.398997	0.0	1153403	111	20.0
1608647239.5	20000	38.260312	0.0	1249023	119	20.0
1608647239.66	20000	39.104767	0.0	1423973	138	20.0
1608647239.78	20000	39.986575	0.0	1060162	101	20.0
1608647239.9	20000	40.865452	0.0	1080597	103	20.0
1608647240.03	20000	41.736528	0.0	1156442	111	20.0
1608647240.29	20000	42.48033	0.0	2222640	232	20.0
1608647240.6	20000	43.172107	0.0	2587311	283	20.0
1608647240.86	20000	43.910095	0.0	2178351	238	20.0
1608647241.22	20000	44.555395	0.0	3121089	325	20.0
1608647241.51	20000	45.265603	0.0	2857420	258	20.0
1608647241.68	20000	46.091811	0.0	1702477	154	20.0
1608647241.84	20000	46.93267	0.0	1531670	137	20.0
1608647242.03	20000	47.743378	0.0	1863424	168	20.0
1608647242.23	20000	48.549079	0.0	1987392	170	20.0
1608647242.46	20000	49.318102	0.0	2505586	206	20.0
1608647243.35	20000	49.431463	0.0	9620218	826	20.0
1608647243.64	20000	50.141641	0.0	2561608	263	20.0
1608647244.04	20000	50.738593	0.0	3633991	374	20.0
1608647244.49	20000	51.293643	0.0	3324070	417	20.0
1608647244.71	20000	52.067066	0.0	1560020	208	20.0
1608647244.92	20000	52.857973	0.0	1429188	190	20.0
1608647245.17	20000	53.611108	0.0	1754144	227	20.0
1608647245.34	20000	54.44178	0.0	1626020	149	20.0
1608647245.52	20000	55.262384	0.0	1739228	160	20.0
1608647245.7	20000	56.082379	0.0	1722735	158	20.0
1608647245.86	20000	56.922808	0.0	1538145	142	20.0
1608647246.02	20000	57.767254	0.0	1473412	135	20.0
1608647246.18	20000	58.60882	0.0	1498968	139	20.0
1608647246.45	20000	59.340145	0.0	2247334	245	20.0
1608647246.82	20000	59.968037	0.0	3156442	345	20.0
1608647248.05	20000	59.844128	0.0	1895098	206	20.0
1608647249.31	20000	59.595189	0.0	1939135	233	20.0
1608647250.01	20000	59.846129	0.0	1842874	171	20.0
1608647251.24	20000	59.597182	0.0	2235830	201	20.0
1608647252.16	20000	59.839629	0.0	2202171	388	20.0
1608647253.43	20000	59.599182	0.0	2242042	244	20.0
1608647254.07	20000	59.850176	0.0	1081763	120	20.0
1608647255.38	20000	59.601192	0.0	2409013	284	20.0
1608647256.13	20000	59.852073	0.0	1615028	230	20.0
1608647257.34	20000	59.603185	0.0	1413467	188	20.0
1608647258.15	20000	59.854121	0.0	1632450	288	20.0
1608647259.24	20000	59.56349	0.0	5664827	1045	20.0
1608647259.93	20000	59.870376	0.0	4578115	658	20.0
1608647261.21	20000	59.607192	0.0	1783835	255	20.0
1608647262.39	20000	59.608174	0.0	1093613	159	20.0
1608647263.09	20000	59.859101	0.0	975642	186	20.0
1608647264.34	20000	59.610194	0.0	1658005	222	20.0
1608647265.18	20000	59.86121	0.0	3055257	314	20.0
1608647266.25	20000	59.612179	0.0	5355572	534	20.0
1608647267.08	20000	59.863185	0.0	3278424	294	20.0
1608647268.31	20000	59.614192	0.0	2318501	207	20.0
1608647269.14	20000	59.865126	0.0	2473561	312	20.0
1608647270.4	20000	59.616191	0.0	1730311	230	20.0
1608647271.13	20000	59.867202	0.0	1455812	208	20.0
1608647272.06	20000	59.868217	0.0	2869222	408	20.0
1608647273.05	20000	59.869131	0.0	3226650	457	20.0
1608647274.44	20000	59.619937	0.0	2705936	361	20.0
1608647275.0	20000	59.82186	0.0	2998622	531	20.0
1608647275.96	20000	59.872187	0.0	2928342	438	20.0
1608647277.31	20000	59.623186	0.0	3059979	318	20.0
1608647278.25	20000	59.62419	0.0	3367422	406	20.0
1608647279.12	20000	59.875223	0.0	1950694	344	20.0
1608647279.97	20000	59.876142	0.0	1541020	323	20.0
1608647281.05	20000	59.87691	0.0	2926720	554	20.0
1608647282.09	20000	59.878195	0.0	2991202	507	20.0
1608647283.0	20000	59.879141	0.0	3002106	385	20.0
1608647284.16	20000	59.880183	0.0	2015412	132	20.0
1608647285.32	20000	59.631186	0.0	2894863	132	20.0
1608647286.44	20000	59.632134	0.0	2185316	97	20.0
1608647287.17	20000	59.874516	0.0	3370605	188	20.0
1608647288.39	20000	59.634184	0.0	3492243	193	20.0
1608647289.01	20000	59.88499	0.0	1307592	93	20.0
1608647290.17	20000	59.886167	0.0	1881404	141	20.0
1608647291.3	20000	59.637185	0.0	1806471	100	20.0
1608647292.43	20000	59.638144	0.0	1945842	107	20.0
1608647293.12	20000	59.889169	0.0	2538877	160	20.0
1608647294.29	20000	59.640179	0.0	2298557	145	20.0
1608647295.03	20000	59.890849	0.0	2831497	216	20.0
1608647296.32	20000	59.642148	0.0	3200905	261	20.0
1608647297.05	20000	59.892885	0.0	2180586	199	20.0
1608647298.2	20000	59.644127	0.0	1500505	130	20.0
1608647299.37	20000	59.645124	0.0	1939246	144	20.0
1608647300.01	20000	59.895779	0.0	1599193	122	20.0
1608647301.26	20000	59.647144	0.0	2364826	218	20.0
1608647301.98	20000	59.898112	0.0	2517454	204	20.0
1608647303.19	20000	59.899127	0.0	1883143	178	20.0
1608647304.41	20000	59.650178	0.0	1726706	196	20.0
1608647305.01	20000	59.900894	0.0	707364	77	20.0
1608647306.11	20000	59.901872	0.0	796460	81	20.0
1608647307.21	20000	59.653138	0.0	596962	80	20.0
1608647308.36	20000	59.654035	0.0	947625	130	20.0
1608647308.97	20000	59.905085	0.0	832859	93	20.0
1608647310.0	20000	59.905905	0.0	151562	10	20.0
1608647311.02	20000	59.906906	0.0	90390	7	20.0
1608647312.04	20000	59.90794	0.0	50278	3	20.0
1608647313.05	20000	59.908899	0.0	26471	4	20.0
1608647314.07	20000	59.909909	0.0	40620	1	20.0
1608647314.41	4000	1.000999	0.037	334032	26	-0.7400000000000002
1608647315.34	20000	1.351481	0.0	11007815	822	4.0
1608647316.06	20000	1.630603	0.0	8849724	665	20.0
1608647316.34	20000	2.382746	0.0	3191121	241	20.0
1608647316.48	20000	3.236359	0.0	1661718	126	20.0
1608647316.6	20000	4.119802	0.0	1315024	99	20.0
1608647316.66	20000	5.057776	0.0	698359	47	20.0
1608647316.73	20000	5.995017	0.0	730082	50	20.0
1608647317.04	20000	6.709448	0.0	4047415	278	20.0
1608647317.26	20000	7.484503	0.0	2863079	196	20.0
1608647317.58	20000	8.163486	0.0	4167844	287	20.0
1608647317.96	20000	8.784719	0.0	5571764	337	20.0
1608647318.3	20000	9.449633	0.0	4925652	298	20.0
1608647318.44	20000	10.306595	0.0	2030157	122	20.0
1608647318.6	20000	11.149135	0.0	2240782	135	20.0
1608647318.79	20000	11.961333	0.0	2211169	164	20.0
1608647318.84	20000	12.919221	0.0	382046	27	20.0
1608647318.94	20000	13.812962	0.0	1113969	82	20.0
1608647319.02	20000	14.736643	0.0	820127	60	20.0
1608647319.54	20000	15.216498	0.0	6357933	473	20.0
1608647319.94	20000	15.821133	0.0	4814284	359	20.0
1608647320.22	20000	16.536201	0.0	3419258	256	20.0
1608647320.55	20000	17.208808	0.0	3944328	296	20.0
1608647320.83	20000	17.927446	0.0	4284196	250	20.0
1608647321.03	20000	18.727621	0.0	3022025	166	20.0
1608647321.18	20000	19.581683	0.0	2248581	124	20.0
1608647321.99	20000	19.775284	0.0	9946363	744	20.0
1608647323.26	20000	19.508497	0.0	11684632	1197	20.0
1608647323.43	20000	20.342876	0.0	1849732	143	20.0
1608647323.6	20000	21.16259	0.0	1942795	151	20.0
1608647323.94	20000	21.823814	0.0	1704756	317	20.0
1608647324.31	20000	22.460593	0.0	1697111	343	20.0
1608647324.64	20000	23.130793	0.0	1529441	308	20.0
1608647329.88	20000	18.886011	0.0	1568649	5219	20.0
1608647330.8	20000	18.967836	0.0	1677618	896	20.0
