1608538417.1	4000	1.000999	0.016	60629	6	-0.31999999999999984
1608538418.85	20000	1.197793	0.913	11007815	1592	-14.260000000000002
1608538419.98	20000	1.418585	0.0	8849724	1064	20.0
1608538420.44	20000	1.98279	0.0	3191121	421	20.0
1608538420.68	20000	2.742242	0.0	1661718	218	20.0
1608538420.88	20000	3.551409	0.0	1315024	172	20.0
1608538420.98	20000	4.448066	0.0	698359	88	20.0
1608538421.1	20000	5.333985	0.0	730082	98	20.0
1608538421.68	20000	5.745123	0.0	4047415	556	20.0
1608538422.09	20000	6.341823	0.0	2863079	379	20.0
1608538422.64	20000	6.797183	0.0	4167844	514	20.0
1608538423.34	20000	7.097859	0.0	5571764	660	20.0
1608538423.94	20000	7.497861	0.0	4925652	562	20.0
1608538424.21	20000	8.226889	0.0	2030157	248	20.0
1608538424.51	20000	8.927441	0.0	2240782	277	20.0
1608538424.81	20000	9.630079	0.0	2211169	274	20.0
1608538424.87	20000	10.570406	0.0	382046	46	20.0
1608538425.02	20000	11.418239	0.0	1113969	133	20.0
1608538425.13	20000	12.307712	0.0	820127	95	20.0
1608538425.93	20000	12.514387	0.0	6357933	747	20.0
1608538426.46	20000	12.986636	0.0	4814284	489	20.0
1608538426.83	20000	13.614609	0.0	3419258	343	20.0
1608538427.25	20000	14.199238	0.0	3944328	374	20.0
1608538427.68	20000	14.76423	0.0	4284196	401	20.0
1608538427.99	20000	15.454713	0.0	3022025	283	20.0
1608538428.24	20000	16.211864	0.0	2248581	220	20.0
1608538429.32	20000	16.130678	0.0	9946363	1018	20.0
1608538430.72	20000	15.733013	0.0	11684632	1327	20.0
1608538430.94	20000	16.505453	0.0	1849732	207	20.0
1608538431.16	20000	17.292763	0.0	1942795	191	20.0
1608538431.34	20000	18.11054	0.0	1704756	161	20.0
1608538431.52	20000	18.929765	0.0	1697111	159	20.0
1608538431.69	20000	19.765967	0.0	1529441	143	20.0
1608538431.86	20000	20.599267	0.0	1568649	148	20.0
1608538432.03	20000	21.422557	0.0	1677618	157	20.0
1608538432.18	20000	22.27329	0.0	1415096	130	20.0
1608538432.38	20000	23.076368	0.0	1894067	175	20.0
1608538432.52	20000	23.948351	0.0	1186604	109	20.0
1608538432.63	20000	24.825957	0.0	1068386	97	20.0
1608538432.82	20000	25.646809	0.0	1700843	157	20.0
1608538433.08	20000	26.383397	0.0	2536859	237	20.0
1608538433.59	20000	26.874788	0.0	4742872	470	20.0
1608538434.13	20000	27.337918	0.0	4955535	499	20.0
1608538434.29	20000	28.179654	0.0	1260540	139	20.0
1608538434.72	20000	28.745275	0.0	3605246	403	20.0
1608538435.06	20000	29.412102	0.0	2770338	308	20.0
1608538435.3	20000	30.169383	0.0	1855168	221	20.0
1608538435.53	20000	30.949601	0.0	1666915	199	20.0
1608538435.73	20000	31.73777	0.0	1555467	184	20.0
1608538435.87	20000	32.599866	0.0	1008919	119	20.0
1608538436.04	20000	33.436453	0.0	1227619	146	20.0
1608538436.16	20000	34.312302	0.0	1015853	107	20.0
1608538436.21	20000	35.260316	0.0	384076	40	20.0
1608538436.26	20000	36.218202	0.0	295687	30	20.0
1608538436.42	20000	37.060608	0.0	1328674	142	20.0
1608538436.6	20000	37.880638	0.0	1492829	159	20.0
1608538436.78	20000	38.701771	0.0	1484812	159	20.0
1608538437.0	20000	39.479307	0.0	1868314	200	20.0
1608538437.15	20000	40.328797	0.0	1253406	131	20.0
1608538437.26	20000	41.219004	0.0	887933	92	20.0
1608538437.4	20000	42.080401	0.0	1153403	121	20.0
1608538437.55	20000	42.93249	0.0	1249023	130	20.0
1608538437.72	20000	43.763822	0.0	1423973	149	20.0
1608538437.85	20000	44.637047	0.0	1060162	110	20.0
1608538437.98	20000	45.507193	0.0	1080597	112	20.0
1608538438.12	20000	46.368585	0.0	1156442	120	20.0
1608538438.38	20000	47.104813	0.0	2222640	241	20.0
1608538438.69	20000	47.798133	0.0	2587311	281	20.0
1608538438.95	20000	48.540134	0.0	2178351	236	20.0
1608538439.31	20000	49.179331	0.0	3121089	334	20.0
1608538439.65	20000	49.846805	0.0	2857420	304	20.0
1608538439.86	20000	50.637823	0.0	1702477	180	20.0
1608538440.04	20000	51.455338	0.0	1531670	162	20.0
1608538440.27	20000	52.22683	0.0	1863424	208	20.0
1608538440.52	20000	52.980564	0.0	1987392	224	20.0
1608538440.83	20000	53.672164	0.0	2505586	283	20.0
1608538441.96	20000	53.538794	0.0	9620218	1069	20.0
1608538442.26	20000	54.237637	0.0	2561608	274	20.0
1608538442.68	20000	54.820781	0.0	3633991	386	20.0
1608538443.06	20000	55.438974	0.0	3324070	352	20.0
1608538443.25	20000	56.253109	0.0	1560020	165	20.0
1608538443.42	20000	57.080744	0.0	1429188	151	20.0
1608538443.63	20000	57.872152	0.0	1754144	187	20.0
1608538443.83	20000	58.676468	0.0	1626020	173	20.0
1608538444.04	20000	59.469737	0.0	1739228	186	20.0
1608538444.76	20000	59.830772	0.0	1722735	197	20.0
1608538445.96	20000	59.581791	0.0	1538145	180	20.0
1608538446.68	20000	59.832776	0.0	1473412	198	20.0
1608538447.89	20000	59.833771	0.0	1498968	191	20.0
1608538448.7	20000	59.834777	0.0	2247334	279	20.0
1608538450.14	20000	59.585764	0.0	3156442	413	20.0
1608538450.95	20000	59.586779	0.0	1895098	282	20.0
1608538451.76	20000	59.837773	0.0	1939135	280	20.0
1608538453.04	20000	59.588751	0.0	1842874	256	20.0
1608538453.92	20000	59.839779	0.0	2235830	353	20.0
1608538454.8	20000	59.840787	0.0	2202171	357	20.0
1608538455.69	20000	59.841791	0.0	2242042	369	20.0
1608538456.88	20000	59.84281	0.0	1081763	171	20.0
1608538457.82	20000	59.84377	0.0	2409013	414	20.0
1608538459.16	20000	59.594765	0.0	1615028	314	20.0
1608538459.91	20000	59.779281	0.0	1413467	227	20.0
1608538460.7	20000	59.84679	0.0	1632450	264	20.0
1608538461.79	20000	59.737571	0.0	5664827	1045	20.0
1608538462.69	20000	59.845503	0.0	4578115	858	20.0
1608538464.04	20000	59.599742	0.0	1783835	324	20.0
1608538464.79	20000	59.850816	0.0	1093613	237	20.0
1608538466.05	20000	59.601752	0.0	975642	239	20.0
1608538466.92	20000	59.78632	0.0	1658005	344	20.0
1608538467.57	20000	59.96145	0.0	3055257	624	20.0
1608538468.69	20000	59.837234	0.0	5355572	1087	20.0
1608538469.88	20000	59.855775	0.0	3278424	655	20.0
1608538470.85	20000	59.856803	0.0	2318501	433	20.0
1608538471.81	20000	59.857818	0.0	2473561	428	20.0
1608538473.12	20000	59.608792	0.0	1730311	290	20.0
1608538473.9	20000	59.793282	0.0	1455812	256	20.0
1608538474.95	20000	59.61077	0.0	2869222	525	20.0
1608538475.56	20000	59.979691	0.0	3226650	579	20.0
1608538477.07	20000	59.612798	0.0	2705936	479	20.0
1608538477.57	20000	59.96984	0.0	2998622	476	20.0
1608538479.05	20000	59.614769	0.0	2928342	451	20.0
1608538479.55	20000	59.992743	0.0	3059979	470	20.0
1608538481.08	20000	59.61678	0.0	3367422	496	20.0
1608538481.87	20000	59.86783	0.0	1950694	268	20.0
1608538483.11	20000	59.618767	0.0	1541020	222	20.0
1608538484.04	20000	59.619841	0.0	2926720	401	20.0
1608538484.99	20000	59.620886	0.0	2991202	420	20.0
1608538485.97	20000	59.621868	0.0	3002106	454	20.0
1608538486.8	20000	59.872786	0.0	2015412	301	20.0
1608538487.74	20000	59.873779	0.0	2894863	415	20.0
1608538489.12	20000	59.62488	0.0	2185316	345	20.0
1608538489.71	20000	59.846947	0.0	3370605	559	20.0
1608538490.86	20000	59.876766	0.0	3492243	625	20.0
1608538492.11	20000	59.627766	0.0	1307592	226	20.0
1608538492.92	20000	59.878767	0.0	1881404	283	20.0
1608538493.75	20000	59.879774	0.0	1806471	310	20.0
1608538495.11	20000	59.630801	0.0	1945842	336	20.0
1608538495.65	20000	59.906191	0.0	2538877	513	20.0
1608538497.13	20000	59.632754	0.0	2298557	449	20.0
1608538497.73	20000	59.834923	0.0	2831497	570	20.0
1608538499.0	20000	59.634771	0.0	3200905	742	20.0
1608538499.57	20000	59.993929	0.0	2180586	545	20.0
1608538500.92	20000	59.886851	0.0	1500505	330	20.0
1608538501.87	20000	59.887859	0.0	1939246	428	20.0
1608538502.82	20000	59.88885	0.0	1599193	426	20.0
1608538504.0	20000	59.639894	0.0	2364826	650	20.0
1608538504.74	20000	59.830126	0.0	2517454	708	20.0
1608538505.8	20000	59.891785	0.0	1883143	538	20.0
1608538506.92	20000	59.892764	0.0	1726706	595	20.0
1608538508.11	20000	59.643771	0.0	707364	175	20.0
1608538508.77	20000	59.89486	0.0	796460	141	20.0
1608538509.89	20000	59.895781	0.0	596962	96	20.0
1608538511.06	20000	59.646775	0.0	947625	145	20.0
1608538511.7	20000	59.89788	0.0	832859	126	20.0
1608538512.74	20000	59.898861	0.0	151562	21	20.0
1608538513.76	20000	59.899869	0.0	90390	10	20.0
1608538514.78	20000	59.900867	0.0	50278	4	20.0
1608538515.8	20000	59.901877	0.0	26471	1	20.0
1608538516.81	20000	59.90287	0.0	40620	3	20.0
1608538517.14	4000	1.000999	0.052	334032	38	-1.04
1608538518.52	20000	1.27928	0.375	11007815	1251	-3.5
1608538519.46	20000	1.355577	0.0	8849724	881	20.0
1608538519.8	20000	2.018399	0.0	3191121	306	20.0
1608538519.98	20000	2.866593	0.0	1661718	157	20.0
1608538520.12	20000	3.722937	0.0	1315024	124	20.0
1608538520.21	20000	4.64145	0.0	698359	65	20.0
1608538520.29	20000	5.558121	0.0	730082	68	20.0
1608538520.74	20000	6.106012	0.0	4047415	422	20.0
1608538521.12	20000	6.728555	0.0	2863079	350	20.0
1608538521.68	20000	7.175725	0.0	4167844	513	20.0
1608538522.44	20000	7.41324	0.0	5571764	720	20.0
1608538523.04	20000	7.815306	0.0	4925652	559	20.0
1608538523.29	20000	8.56953	0.0	2030157	222	20.0
1608538523.56	20000	9.298898	0.0	2240782	247	20.0
1608538523.86	20000	9.999327	0.0	2211169	276	20.0
1608538523.92	20000	10.939273	0.0	382046	46	20.0
1608538524.07	20000	11.784786	0.0	1113969	139	20.0
1608538524.19	20000	12.668133	0.0	820127	101	20.0
1608538525.12	20000	12.737575	0.0	6357933	883	20.0
1608538525.85	20000	13.00744	0.0	4814284	690	20.0
1608538526.34	20000	13.521456	0.0	3419258	455	20.0
1608538526.89	20000	13.974469	0.0	3944328	514	20.0
1608538527.48	20000	14.389	0.0	4284196	553	20.0
1608538527.95	20000	14.920826	0.0	3022025	441	20.0
1608538528.32	20000	15.547106	0.0	2248581	346	20.0
1608538530.15	20000	14.721684	0.0	9946363	1758	20.0
1608538532.44	20000	13.430395	0.0	11684632	2220	20.0
1608538533.0	20000	13.867534	0.0	1849732	541	20.0
1608538533.68	20000	14.192252	0.0	1942795	654	20.0
1608538534.13	20000	14.737632	0.0	1704756	434	20.0
1608538534.59	20000	15.284454	0.0	1697111	432	20.0
1608538534.9	20000	15.977582	0.0	1529441	288	20.0
1608538535.2	20000	16.672945	0.0	1568649	285	20.0
1608538535.53	20000	17.348068	0.0	1677618	305	20.0
