1608561554.15	4000	1.000999	0.02	60629	11	-0.3999999999999999
1608561555.95	4000	1.498681	1.263	6594552	1647	-21.26
1608561558.3	20000	1.384388	0.901	8849724	2222	-14.02
1608561559.18	20000	1.533538	0.0	3191121	776	20.0
1608561559.61	20000	2.098724	0.0	1661718	344	20.0
1608561559.97	20000	2.738865	0.0	1315024	271	20.0
1608561560.2	20000	3.517959	0.0	698359	135	20.0
1608561560.43	20000	4.291046	0.0	730082	142	20.0
1608561561.37	20000	4.344791	0.0	4047415	839	20.0
1608561562.1	20000	4.613917	0.0	2863079	635	20.0
1608561563.08	20000	4.636515	0.0	4167844	872	20.0
1608561564.24	20000	4.47843	0.0	5571764	1049	20.0
1608561565.26	20000	4.456364	0.0	4925652	916	20.0
1608561565.74	20000	4.979215	0.0	2030157	386	20.0
1608561566.28	20000	5.444923	0.0	2240782	443	20.0
1608561566.83	20000	5.895598	0.0	2211169	459	20.0
1608561566.99	20000	6.729952	0.0	382046	75	20.0
1608561567.31	20000	7.414891	0.0	1113969	229	20.0
1608561567.56	20000	8.161515	0.0	820127	168	20.0
1608561568.66	20000	8.062174	0.0	6357933	986	20.0
1608561569.44	20000	8.288243	0.0	4814284	573	20.0
1608561569.92	20000	8.805434	0.0	3419258	385	20.0
1608561570.53	20000	9.19471	0.0	3944328	509	20.0
1608561571.2	20000	9.529925	0.0	4284196	561	20.0
1608561571.69	20000	10.049886	0.0	3022025	383	20.0
1608561572.06	20000	10.667468	0.0	2248581	283	20.0
1608561573.37	20000	10.367392	0.0	9946363	1162	20.0
1608561574.85	20000	9.880037	0.0	11684632	1345	20.0
1608561575.17	20000	10.572639	0.0	1849732	209	20.0
1608561575.47	20000	11.268129	0.0	1942795	210	20.0
1608561575.74	20000	11.99493	0.0	1704756	184	20.0
1608561576.02	20000	12.722327	0.0	1697111	184	20.0
1608561576.26	20000	13.477491	0.0	1529441	155	20.0
1608561576.51	20000	14.227528	0.0	1568649	160	20.0
1608561576.77	20000	14.967974	0.0	1677618	171	20.0
1608561577.01	20000	15.735714	0.0	1415096	145	20.0
1608561577.34	20000	16.39981	0.0	1894067	246	20.0
1608561577.59	20000	17.154457	0.0	1186604	159	20.0
1608561577.82	20000	17.924883	0.0	1068386	143	20.0
1608561578.14	20000	18.608481	0.0	1700843	228	20.0
1608561578.6	20000	19.141938	0.0	2536859	373	20.0
1608561579.35	20000	19.395999	0.0	4742872	639	20.0
1608561580.03	20000	19.723742	0.0	4955535	565	20.0
1608561580.25	20000	20.496861	0.0	1260540	139	20.0
1608561580.76	20000	20.99595	0.0	3605246	401	20.0
1608561581.16	20000	21.593945	0.0	2770338	307	20.0
1608561581.46	20000	22.296032	0.0	1855168	206	20.0
1608561581.73	20000	23.022072	0.0	1666915	185	20.0
1608561581.99	20000	23.761377	0.0	1555467	173	20.0
1608561582.19	20000	24.563152	0.0	1008919	113	20.0
1608561582.42	20000	25.33233	0.0	1227619	144	20.0
1608561582.63	20000	26.127844	0.0	1015853	119	20.0
1608561582.76	20000	27.001221	0.0	384076	44	20.0
1608561582.87	20000	27.886512	0.0	295687	33	20.0
1608561583.12	20000	28.643197	0.0	1328674	157	20.0
1608561583.38	20000	29.386378	0.0	1492829	167	20.0
1608561583.63	20000	30.13109	0.0	1484812	167	20.0
1608561583.94	20000	30.830998	0.0	1868314	211	20.0
1608561584.17	20000	31.598219	0.0	1253406	138	20.0
1608561584.36	20000	32.409055	0.0	887933	103	20.0
1608561584.58	20000	33.187442	0.0	1153403	134	20.0
1608561584.82	20000	33.953163	0.0	1249023	146	20.0
1608561585.07	20000	34.697473	0.0	1423973	167	20.0
1608561585.34	20000	35.429566	0.0	1060162	180	20.0
1608561585.62	20000	36.151759	0.0	1080597	191	20.0
1608561585.91	20000	36.859797	0.0	1156442	204	20.0
1608561586.41	20000	37.362038	0.0	2222640	403	20.0
1608561586.99	20000	37.783902	0.0	2587311	483	20.0
1608561587.38	20000	38.391101	0.0	2178351	299	20.0
1608561587.86	20000	38.913643	0.0	3121089	379	20.0
1608561588.31	20000	39.467212	0.0	2857420	350	20.0
1608561588.62	20000	40.16049	0.0	1702477	216	20.0
1608561588.9	20000	40.8758	0.0	1531670	195	20.0
1608561589.26	20000	41.520564	0.0	1863424	264	20.0
1608561589.85	20000	41.929981	0.0	1987392	500	20.0
1608561590.44	20000	42.343946	0.0	2505586	492	20.0
1608561591.88	20000	41.900633	0.0	9620218	1313	20.0
1608561592.32	20000	42.467526	0.0	2561608	338	20.0
1608561593.13	20000	42.654422	0.0	3633991	711	20.0
1608561593.85	20000	42.935621	0.0	3324070	618	20.0
1608561594.23	20000	43.556995	0.0	1560020	288	20.0
1608561594.56	20000	44.228397	0.0	1429188	238	20.0
1608561594.95	20000	44.837155	0.0	1754144	291	20.0
1608561595.35	20000	45.443081	0.0	1626020	303	20.0
1608561595.86	20000	45.934706	0.0	1739228	417	20.0
1608561596.32	20000	46.468353	0.0	1722735	375	20.0
1608561596.68	20000	47.118014	0.0	1538145	262	20.0
1608561597.01	20000	47.779011	0.0	1473412	251	20.0
1608561597.32	20000	48.475379	0.0	1498968	214	20.0
1608561597.67	20000	49.130281	0.0	2247334	252	20.0
1608561598.12	20000	49.67673	0.0	3156442	355	20.0
1608561598.41	20000	50.383947	0.0	1895098	202	20.0
1608561598.71	20000	51.086539	0.0	1939135	205	20.0
1608561599.0	20000	51.799142	0.0	1842874	194	20.0
1608561599.34	20000	52.463541	0.0	2235830	243	20.0
1608561599.69	20000	53.112138	0.0	2202171	259	20.0
1608561600.05	20000	53.749466	0.0	2242042	262	20.0
1608561600.27	20000	54.53812	0.0	1081763	126	20.0
1608561600.7	20000	55.101133	0.0	2409013	342	20.0
1608561601.02	20000	55.782828	0.0	1615028	228	20.0
1608561601.31	20000	56.492757	0.0	1413467	201	20.0
1608561601.66	20000	57.152757	0.0	1632450	252	20.0
1608561602.64	20000	57.169127	0.0	5664827	874	20.0
1608561603.45	20000	57.360666	0.0	4578115	704	20.0
1608561603.82	20000	57.987792	0.0	1783835	284	20.0
1608561604.08	20000	58.729579	0.0	1093613	173	20.0
1608561604.32	20000	59.492927	0.0	975642	153	20.0
1608561605.18	20000	59.860712	0.0	1658005	274	20.0
1608561606.23	20000	59.611676	0.0	3055257	442	20.0
1608561607.06	20000	59.755388	0.0	5355572	726	20.0
1608561608.12	20000	59.863613	0.0	3278424	461	20.0
1608561609.06	20000	59.86463	0.0	2318501	340	20.0
1608561610.05	20000	59.865696	0.0	2473561	397	20.0
1608561611.45	20000	59.616645	0.0	1730311	303	20.0
1608561612.3	20000	59.617636	0.0	1455812	262	20.0
1608561612.88	20000	59.946976	0.0	2869222	477	20.0
1608561613.98	20000	59.869661	0.0	3226650	508	20.0
1608561615.44	20000	59.62062	0.0	2705936	359	20.0
1608561615.85	20000	59.977186	0.0	2998622	310	20.0
1608561617.25	20000	59.622607	0.0	2928342	302	20.0
1608561618.16	20000	59.873613	0.0	3059979	308	20.0
1608561619.06	20000	59.874618	0.0	3367422	303	20.0
1608561620.32	20000	59.625618	0.0	1950694	164	20.0
1608561621.04	20000	59.876719	0.0	1541020	126	20.0
1608561622.37	20000	59.627712	0.0	2926720	239	20.0
1608561623.11	20000	59.723171	0.0	2991202	638	20.0
1608561624.34	20000	59.490295	0.0	3002106	1138	20.0
1608561625.06	20000	59.779118	0.0	2015412	619	20.0
1608561626.12	20000	59.712775	0.0	2894863	962	20.0
1608561627.14	20000	59.882594	0.0	2185316	425	20.0
1608561628.15	20000	59.882339	0.0	3370605	401	20.0
1608561629.19	20000	59.833228	0.0	3492243	443	20.0
1608561629.98	20000	59.885694	0.0	1307592	201	20.0
1608561631.39	20000	59.636687	0.0	1881404	315	20.0
1608561632.19	20000	59.887701	0.0	1806471	211	20.0
1608561633.01	20000	59.888603	0.0	1945842	223	20.0
1608561634.38	20000	59.639639	0.0	2538877	278	20.0
1608561635.28	20000	59.640689	0.0	2298557	293	20.0
1608561636.29	20000	59.641633	0.0	2831497	412	20.0
1608561636.97	20000	59.871984	0.0	3200905	586	20.0
1608561637.98	20000	59.89365	0.0	2180586	416	20.0
1608561639.45	20000	59.644702	0.0	1500505	370	20.0
1608561640.1	20000	59.748518	0.0	1939246	563	20.0
1608561641.13	20000	59.896614	0.0	1599193	435	20.0
1608561642.28	20000	59.647667	0.0	2364826	557	20.0
1608561643.01	20000	59.843962	0.0	2517454	633	20.0
1608561644.07	20000	59.899672	0.0	1883143	465	20.0
1608561644.96	20000	59.900604	0.0	1726706	301	20.0
1608561646.16	20000	59.901597	0.0	707364	97	20.0
1608561647.42	20000	59.652631	0.0	796460	169	20.0
1608561648.12	20000	59.90371	0.0	596962	117	20.0
1608561649.36	20000	59.65465	0.0	947625	154	20.0
1608561650.05	20000	59.90561	0.0	832859	100	20.0
1608561651.15	20000	59.906699	0.0	151562	13	20.0
1608561652.23	20000	59.657701	0.0	90390	6	20.0
1608561653.3	20000	59.658705	0.0	50278	3	20.0
1608561654.35	20000	59.659706	0.0	26471	4	20.0
1608561655.39	20000	59.660706	0.0	40620	3	20.0
1608561655.76	4000	1.000999	0.069	334032	57	-1.38
1608561658.47	20000	1.337841	1.771	11007815	2542	-31.42
1608561662.92	20000	1.309824	3.401	8849724	4325	-48.019999999999996
1608561663.48	20000	1.781553	0.0	3191121	454	20.0
1608561663.77	20000	2.492479	0.0	1661718	191	20.0
1608561663.99	20000	3.266859	0.0	1315024	137	20.0
1608561664.15	20000	4.110213	0.0	698359	72	20.0
1608561664.31	20000	4.949853	0.0	730082	76	20.0
1608561664.85	20000	5.417326	0.0	4047415	433	20.0
1608561665.26	20000	6.005127	0.0	2863079	317	20.0
1608561665.81	20000	6.452158	0.0	4167844	452	20.0
1608561666.5	20000	6.76753	0.0	5571764	577	20.0
1608561667.23	20000	7.041329	0.0	4925652	623	20.0
1608561667.58	20000	7.686426	0.0	2030157	265	20.0
1608561668.3	20000	7.973108	0.0	2240782	621	20.0
1608561669.24	20000	8.029833	0.0	2211169	852	20.0
1608561669.5	20000	8.768658	0.0	382046	178	20.0
1608561670.1	20000	9.17525	0.0	1113969	506	20.0
1608561670.56	20000	9.718056	0.0	820127	372	20.0
1608561673.67	20000	7.601735	0.0	6357933	3005	20.0
1608561675.38	20000	6.894839	0.0	4814284	1597	20.0
1608561676.64	20000	6.633858	0.0	3419258	1162	20.0
1608561677.48	20000	6.796117	0.0	3944328	737	20.0
1608561678.1	20000	7.181563	0.0	4284196	514	20.0
1608561678.5	20000	7.774743	0.0	3022025	310	20.0
1608561678.82	20000	8.455843	0.0	2248581	227	20.0
1608561679.96	20000	8.326651	0.0	9946363	1000	20.0
1608561681.27	20000	8.013981	0.0	11684632	1173	20.0
1608561681.54	20000	8.74409	0.0	1849732	179	20.0
1608561681.83	20000	9.454454	0.0	1942795	195	20.0
1608561682.11	20000	10.170224	0.0	1704756	193	20.0
1608561682.4	20000	10.887813	0.0	1697111	191	20.0
1608561682.66	20000	11.624315	0.0	1529441	172	20.0
1608561682.93	20000	12.354008	0.0	1568649	179	20.0
1608561683.22	20000	13.069208	0.0	1677618	193	20.0
