1608632414.71	4000	1.000999	0.013	60629	3	-0.4159999999999999
1608632415.64	16000	1.403743	0.231	11007815	781	-3.3919999999999995
1608632416.43	16000	1.841804	0.0	8849724	724	16.0
1608632416.76	16000	2.531811	0.0	3191121	305	16.0
1608632416.95	16000	3.343128	0.0	1661718	170	16.0
1608632417.11	16000	4.192393	0.0	1315024	134	16.0
1608632417.19	16000	5.107548	0.0	698359	70	16.0
1608632417.28	16000	6.020538	0.0	730082	73	16.0
1608632417.73	16000	6.587603	0.0	4047415	424	16.0
1608632418.07	16000	7.254864	0.0	2863079	309	16.0
1608632418.55	16000	7.772969	0.0	4167844	450	16.0
1608632419.3	16000	8.018615	0.0	5571764	704	16.0
1608632420.02	16000	8.307634	0.0	4925652	675	16.0
1608632420.33	16000	8.996512	0.0	2030157	289	16.0
1608632420.66	16000	9.667412	0.0	2240782	308	16.0
1608632420.97	16000	10.359089	0.0	2211169	286	16.0
1608632421.03	16000	11.2984	0.0	382046	48	16.0
1608632421.19	16000	12.139873	0.0	1113969	144	16.0
1608632421.31	16000	13.019231	0.0	820127	105	16.0
1608632422.16	16000	13.166598	0.0	6357933	808	16.0
1608632422.84	16000	13.492016	0.0	4814284	641	16.0
1608632423.37	16000	13.964252	0.0	3419258	500	16.0
1608632423.9	16000	14.431279	0.0	3944328	503	16.0
1608632424.45	16000	14.887672	0.0	4284196	509	16.0
1608632424.81	16000	15.527013	0.0	3022025	336	16.0
1608632425.07	16000	16.263679	0.0	2248581	242	16.0
1608632426.19	16000	16.146242	0.0	9946363	1055	16.0
1608632427.46	16000	15.885678	0.0	11684632	1188	16.0
1608632427.67	16000	16.673197	0.0	1849732	184	16.0
1608632427.89	16000	17.454714	0.0	1942795	199	16.0
1608632428.08	16000	18.261135	0.0	1704756	174	16.0
1608632428.27	16000	19.069946	0.0	1697111	173	16.0
1608632428.45	16000	19.89599	0.0	1529441	157	16.0
1608632428.63	16000	20.71823	0.0	1568649	161	16.0
1608632428.84	16000	21.51056	0.0	1677618	187	16.0
1608632429.01	16000	22.335172	0.0	1415096	158	16.0
1608632429.24	16000	23.103156	0.0	1894067	212	16.0
1608632429.39	16000	23.955102	0.0	1186604	132	16.0
1608632429.53	16000	24.821131	0.0	1068386	119	16.0
1608632429.76	16000	25.59444	0.0	1700843	208	16.0
1608632430.11	16000	26.242233	0.0	2536859	329	16.0
1608632430.75	16000	26.603688	0.0	4742872	601	16.0
1608632431.35	16000	27.00075	0.0	4955535	566	16.0
1608632431.51	16000	27.840605	0.0	1260540	142	16.0
1608632431.95	16000	28.40659	0.0	3605246	406	16.0
1608632432.28	16000	29.071601	0.0	2770338	310	16.0
1608632432.51	16000	29.843175	0.0	1855168	207	16.0
1608632432.72	16000	30.639904	0.0	1666915	185	16.0
1608632432.91	16000	31.448841	0.0	1555467	174	16.0
1608632433.04	16000	32.32131	0.0	1008919	112	16.0
1608632433.19	16000	33.16847	0.0	1227619	137	16.0
1608632433.32	16000	34.03948	0.0	1015853	113	16.0
1608632433.38	16000	34.984361	0.0	384076	41	16.0
1608632433.42	16000	35.941367	0.0	295687	32	16.0
1608632433.59	16000	36.776095	0.0	1328674	148	16.0
1608632433.77	16000	37.601113	0.0	1492829	156	16.0
1608632433.94	16000	38.430391	0.0	1484812	153	16.0
1608632434.15	16000	39.217765	0.0	1868314	194	16.0
1608632434.3	16000	40.066021	0.0	1253406	128	16.0
1608632434.41	16000	40.960084	0.0	887933	91	16.0
1608632434.55	16000	41.825472	0.0	1153403	119	16.0
1608632434.69	16000	42.68165	0.0	1249023	128	16.0
1608632434.86	16000	43.513396	0.0	1423973	151	16.0
1608632434.99	16000	44.383472	0.0	1060162	114	16.0
1608632435.12	16000	45.253985	0.0	1080597	114	16.0
1608632435.26	16000	46.116304	0.0	1156442	123	16.0
1608632435.52	16000	46.857843	0.0	2222640	237	16.0
1608632435.81	16000	47.571032	0.0	2587311	264	16.0
1608632436.05	16000	48.331452	0.0	2178351	217	16.0
1608632436.39	16000	48.993474	0.0	3121089	313	16.0
1608632436.71	16000	49.675973	0.0	2857420	292	16.0
1608632436.93	16000	50.454998	0.0	1702477	201	16.0
1608632437.13	16000	51.256617	0.0	1531670	181	16.0
1608632437.37	16000	52.017218	0.0	1863424	220	16.0
1608632437.62	16000	52.761845	0.0	1987392	235	16.0
1608632437.97	16000	53.413104	0.0	2505586	327	16.0
1608632439.3	16000	53.090051	0.0	9620218	1264	16.0
1608632439.66	16000	53.733372	0.0	2561608	333	16.0
1608632440.12	16000	54.272116	0.0	3633991	432	16.0
1608632440.54	16000	54.846963	0.0	3324070	395	16.0
1608632440.74	16000	55.648954	0.0	1560020	179	16.0
1608632440.92	16000	56.473354	0.0	1429188	158	16.0
1608632441.13	16000	57.260291	0.0	1754144	194	16.0
1608632441.33	16000	58.061994	0.0	1626020	179	16.0
1608632441.55	16000	58.850286	0.0	1739228	192	16.0
1608632441.77	16000	59.629202	0.0	1722735	202	16.0
1608632442.99	16000	59.608276	0.0	1538145	199	16.0
1608632443.69	16000	59.859184	0.0	1473412	180	16.0
1608632444.92	16000	59.610254	0.0	1498968	204	16.0
1608632445.79	16000	59.611253	0.0	2247334	345	16.0
1608632446.78	16000	59.862195	0.0	3156442	461	16.0
1608632447.63	16000	59.86323	0.0	1895098	326	16.0
1608632448.96	16000	59.614275	0.0	1939135	309	16.0
1608632449.75	16000	59.865181	0.0	1842874	267	16.0
1608632450.63	16000	59.866197	0.0	2235830	350	16.0
1608632451.97	16000	59.617263	0.0	2202171	322	16.0
1608632452.8	16000	59.61828	0.0	2242042	304	16.0
1608632453.99	16000	59.619263	0.0	1081763	174	16.0
1608632454.87	16000	59.620283	0.0	2409013	351	16.0
1608632455.65	16000	59.87127	0.0	1615028	262	16.0
1608632456.9	16000	59.622276	0.0	1413467	229	16.0
1608632457.68	16000	59.873283	0.0	1632450	260	16.0
1608632458.75	16000	59.661704	0.0	5664827	1034	16.0
1608632459.76	16000	59.651728	0.0	4578115	973	16.0
1608632460.59	16000	59.876083	0.0	1783835	307	16.0
1608632461.8	16000	59.627154	0.0	1093613	188	16.0
1608632462.99	16000	59.628284	0.0	975642	166	16.0
1608632463.74	16000	59.879255	0.0	1658005	232	16.0
1608632464.67	16000	59.880219	0.0	3055257	395	16.0
1608632465.91	16000	59.631284	0.0	5355572	702	16.0
1608632466.79	16000	59.632292	0.0	3278424	359	16.0
1608632467.57	16000	59.883178	0.0	2318501	254	16.0
1608632468.86	16000	59.634292	0.0	2473561	269	16.0
1608632470.0	16000	59.635274	0.0	1730311	116	16.0
1608632470.6	16000	59.886301	0.0	1455812	80	16.0
1608632471.79	16000	59.887166	0.0	2869222	159	16.0
1608632472.95	16000	59.638277	0.0	3226650	136	16.0
1608632473.59	16000	59.889274	0.0	2705936	107	16.0
1608632474.73	16000	59.890138	0.0	2998622	118	16.0
1608632475.89	16000	59.64128	0.0	2928342	136	16.0
1608632476.56	16000	59.892212	0.0	3059979	135	16.0
1608632477.73	16000	59.893193	0.0	3367422	148	16.0
1608632478.85	16000	59.644283	0.0	1950694	95	16.0
1608632479.96	16000	59.645273	0.0	1541020	84	16.0
1608632480.66	16000	59.896167	0.0	2926720	166	16.0
1608632481.86	16000	59.647279	0.0	2991202	170	16.0
1608632482.46	16000	59.977988	0.0	3002106	578	16.0
1608632483.9	16000	59.649088	0.0	2015412	418	16.0
1608632484.63	16000	59.900199	0.0	2894863	201	16.0
1608632485.81	16000	59.651226	0.0	2185316	158	16.0
1608632486.58	16000	59.902214	0.0	3370605	242	16.0
1608632487.85	16000	59.653267	0.0	3492243	241	16.0
1608632488.96	16000	59.654252	0.0	1307592	90	16.0
1608632489.68	16000	59.905283	0.0	1881404	192	16.0
1608632490.89	16000	59.656271	0.0	1806471	185	16.0
1608632491.61	16000	59.906923	0.0	1945842	205	16.0
1608632492.89	16000	59.658253	0.0	2538877	252	16.0
1608632493.6	16000	59.908998	0.0	2298557	183	16.0
1608632494.84	16000	59.660244	0.0	2831497	219	16.0
1608632495.62	16000	59.911105	0.0	3200905	249	16.0
1608632496.82	16000	59.662232	0.0	2180586	177	16.0
1608632497.95	16000	59.663212	0.0	1500505	113	16.0
1608632498.61	16000	59.913932	0.0	1939246	134	16.0
1608632499.74	16000	59.91501	0.0	1599193	106	16.0
1608632500.92	16000	59.666237	0.0	2364826	155	16.0
1608632501.6	16000	59.91714	0.0	2517454	147	16.0
1608632502.73	16000	59.918234	0.0	1883143	106	16.0
1608632503.84	16000	59.669241	0.0	1726706	92	16.0
1608632504.89	16000	59.670223	0.0	707364	32	16.0
1608632505.95	16000	59.671152	0.0	796460	42	16.0
1608632506.99	16000	59.672216	0.0	596962	22	16.0
1608632507.54	16000	59.923152	0.0	947625	35	16.0
1608632508.59	16000	59.924151	0.0	832859	29	16.0
1608632509.61	16000	59.925117	0.0	151562	5	16.0
1608632510.62	16000	59.926149	0.0	90390	2	16.0
1608632511.64	16000	59.927064	0.0	50278	1	16.0
1608632512.65	16000	59.928178	0.0	26471	3	16.0
1608632513.67	16000	59.929271	0.0	40620	0	16.0
1608632513.99	4000	1.000999	0.029	335737	18	-0.9279999999999999
1608632514.73	16000	1.54979	0.0	11007815	614	4.0
1608632515.29	16000	1.984891	0.0	8849724	507	16.0
1608632515.51	16000	2.765682	0.0	3191121	190	16.0
1608632515.63	16000	3.648421	0.0	1661718	98	16.0
1608632515.72	16000	4.555328	0.0	1315024	78	16.0
1608632515.78	16000	5.524406	0.0	698359	41	16.0
1608632515.84	16000	6.466583	0.0	730082	43	16.0
1608632516.11	16000	7.193473	0.0	4047415	241	16.0
1608632516.31	16000	7.999495	0.0	2863079	171	16.0
1608632516.6	16000	8.734608	0.0	4167844	250	16.0
1608632516.97	16000	9.36058	0.0	5571764	334	16.0
1608632517.31	16000	10.019918	0.0	4925652	304	16.0
1608632517.46	16000	10.869764	0.0	2030157	129	16.0
1608632517.63	16000	11.707429	0.0	2240782	142	16.0
1608632517.79	16000	12.545481	0.0	2211169	140	16.0
1608632517.83	16000	13.509988	0.0	382046	24	16.0
1608632517.91	16000	14.424373	0.0	1113969	71	16.0
1608632517.98	16000	15.359296	0.0	820127	52	16.0
1608632518.56	16000	15.783804	0.0	6357933	537	16.0
1608632519.06	16000	16.281117	0.0	4814284	460	16.0
1608632519.37	16000	16.973713	0.0	3419258	280	16.0
1608632519.71	16000	17.634554	0.0	3944328	310	16.0
1608632520.08	16000	18.264506	0.0	4284196	337	16.0
1608632520.31	16000	19.038993	0.0	3022025	196	16.0
1608632520.47	16000	19.878054	0.0	2248581	137	16.0
1608632521.14	16000	20.205392	0.0	9946363	610	16.0
1608632522.39	16000	19.958478	0.0	11684632	1180	16.0
1608632522.54	16000	20.805277	0.0	1849732	134	16.0
1608632522.7	16000	21.646899	0.0	1942795	140	16.0
1608632522.85	16000	22.504999	0.0	1704756	123	16.0
1608632522.99	16000	23.365822	0.0	1697111	121	16.0
1608632523.11	16000	24.237706	0.0	1529441	111	16.0
1608632523.25	16000	25.102971	0.0	1568649	117	16.0
