1608514357.18	4000	1.000999	0.019	60629	10	-0.6080000000000001
1608514359.83	16000	1.41336	1.979	11007815	2551	-59.328
1608514362.63	16000	1.397269	1.45	8849724	2749	-30.4
1608514363.49	16000	1.5674	0.0	3191121	826	16.0
1608514363.84	16000	2.217176	0.0	1661718	331	16.0
1608514364.09	16000	2.965746	0.0	1315024	234	16.0
1608514364.21	16000	3.845173	0.0	698359	107	16.0
1608514364.34	16000	4.718347	0.0	730082	113	16.0
1608514365.01	16000	5.052299	0.0	4047415	636	16.0
1608514365.44	16000	5.624	0.0	2863079	396	16.0
1608514366.04	16000	6.017362	0.0	4167844	576	16.0
1608514366.81	16000	6.248573	0.0	5571764	731	16.0
1608514367.51	16000	6.555449	0.0	4925652	660	16.0
1608514367.8	16000	7.262396	0.0	2030157	274	16.0
1608514368.12	16000	7.946165	0.0	2240782	296	16.0
1608514368.42	16000	8.641097	0.0	2211169	284	16.0
1608514368.48	16000	9.582059	0.0	382046	47	16.0
1608514368.64	16000	10.425563	0.0	1113969	142	16.0
1608514368.76	16000	11.307363	0.0	820127	103	16.0
1608514369.6	16000	11.47262	0.0	6357933	791	16.0
1608514370.22	16000	11.847071	0.0	4814284	589	16.0
1608514370.67	16000	12.401566	0.0	3419258	418	16.0
1608514371.19	16000	12.884401	0.0	3944328	486	16.0
1608514371.77	16000	13.301352	0.0	4284196	550	16.0
1608514372.19	16000	13.880215	0.0	3022025	393	16.0
1608514372.52	16000	14.551244	0.0	2248581	305	16.0
1608514373.93	16000	14.147493	0.0	9946363	1340	16.0
1608514375.41	16000	13.664927	0.0	11684632	1412	16.0
1608514375.65	16000	14.423979	0.0	1849732	220	16.0
1608514375.91	16000	15.171175	0.0	1942795	231	16.0
1608514376.15	16000	15.93473	0.0	1704756	216	16.0
1608514376.42	16000	16.662864	0.0	1697111	253	16.0
1608514376.66	16000	17.417721	0.0	1529441	228	16.0
1608514376.92	16000	18.164832	0.0	1568649	234	16.0
1608514377.17	16000	18.913448	0.0	1677618	233	16.0
1608514377.37	16000	19.716081	0.0	1415096	179	16.0
1608514377.63	16000	20.455475	0.0	1894067	241	16.0
1608514377.8	16000	21.289665	0.0	1186604	150	16.0
1608514377.95	16000	22.139234	0.0	1068386	135	16.0
1608514378.16	16000	22.930349	0.0	1700843	192	16.0
1608514378.44	16000	23.653935	0.0	2536859	245	16.0
1608514378.94	16000	24.155481	0.0	4742872	465	16.0
1608514379.48	16000	24.607324	0.0	4955535	512	16.0
1608514379.63	16000	25.460528	0.0	1260540	132	16.0
1608514380.04	16000	26.053781	0.0	3605246	380	16.0
1608514380.38	16000	26.717274	0.0	2770338	314	16.0
1608514380.61	16000	27.485454	0.0	1855168	212	16.0
1608514380.82	16000	28.27653	0.0	1666915	190	16.0
1608514381.02	16000	29.082345	0.0	1555467	177	16.0
1608514381.14	16000	29.956621	0.0	1008919	111	16.0
1608514381.29	16000	30.808229	0.0	1227619	133	16.0
1608514381.42	16000	31.683817	0.0	1015853	109	16.0
1608514381.47	16000	32.632131	0.0	384076	41	16.0
1608514381.51	16000	33.590618	0.0	295687	30	16.0
1608514381.67	16000	34.43073	0.0	1328674	143	16.0
1608514381.85	16000	35.25199	0.0	1492829	161	16.0
1608514382.03	16000	36.07395	0.0	1484812	159	16.0
1608514382.26	16000	36.844384	0.0	1868314	212	16.0
1608514382.42	16000	37.683287	0.0	1253406	146	16.0
1608514382.54	16000	38.567122	0.0	887933	102	16.0
1608514382.69	16000	39.418629	0.0	1153403	133	16.0
1608514382.85	16000	40.257473	0.0	1249023	145	16.0
1608514383.04	16000	41.075904	0.0	1423973	166	16.0
1608514383.17	16000	41.942016	0.0	1060162	119	16.0
1608514383.31	16000	42.808149	0.0	1080597	119	16.0
1608514383.45	16000	43.664221	0.0	1156442	128	16.0
1608514383.72	16000	44.396849	0.0	2222640	247	16.0
1608514384.03	16000	45.086042	0.0	2587311	288	16.0
1608514384.29	16000	45.832132	0.0	2178351	233	16.0
1608514384.65	16000	46.472827	0.0	3121089	336	16.0
1608514384.98	16000	47.142371	0.0	2857420	306	16.0
1608514385.19	16000	47.931059	0.0	1702477	192	16.0
1608514385.41	16000	48.715411	0.0	1531670	199	16.0
1608514385.67	16000	49.453688	0.0	1863424	241	16.0
1608514385.95	16000	50.176573	0.0	1987392	257	16.0
1608514386.28	16000	50.842872	0.0	2505586	311	16.0
1608514387.46	16000	50.664104	0.0	9620218	1120	16.0
1608514387.76	16000	51.365944	0.0	2561608	273	16.0
1608514388.18	16000	51.948955	0.0	3633991	387	16.0
1608514388.56	16000	52.565862	0.0	3324070	354	16.0
1608514388.75	16000	53.381898	0.0	1560020	165	16.0
1608514388.92	16000	54.212927	0.0	1429188	151	16.0
1608514389.12	16000	55.008943	0.0	1754144	187	16.0
1608514389.31	16000	55.821951	0.0	1626020	170	16.0
1608514389.51	16000	56.620332	0.0	1739228	182	16.0
1608514389.71	16000	57.421256	0.0	1722735	181	16.0
1608514389.89	16000	58.242732	0.0	1538145	161	16.0
1608514390.07	16000	59.071021	0.0	1473412	154	16.0
1608514390.25	16000	59.886942	0.0	1498968	168	16.0
1608514391.55	16000	59.61366	0.0	2247334	270	16.0
1608514392.43	16000	59.8647	0.0	3156442	357	16.0
1608514393.64	16000	59.615703	0.0	1895098	186	16.0
1608514394.37	16000	59.866723	0.0	1939135	195	16.0
1608514395.6	16000	59.617737	0.0	1842874	207	16.0
1608514396.42	16000	59.868661	0.0	2235830	302	16.0
1608514397.73	16000	59.619746	0.0	2202171	288	16.0
1608514398.53	16000	59.62072	0.0	2242042	276	16.0
1608514399.72	16000	59.621725	0.0	1081763	174	16.0
1608514400.29	16000	59.859662	0.0	2409013	542	16.0
1608514401.6	16000	59.623716	0.0	1615028	294	16.0
1608514402.29	16000	59.874748	0.0	1413467	170	16.0
1608514403.49	16000	59.87569	0.0	1632450	176	16.0
1608514404.29	16000	59.862311	0.0	5664827	758	16.0
1608514405.55	16000	59.627683	0.0	4578115	726	16.0
1608514406.35	16000	59.878754	0.0	1783835	276	16.0
1608514407.54	16000	59.629691	0.0	1093613	169	16.0
1608514408.71	16000	59.630658	0.0	975642	152	16.0
1608514409.51	16000	59.881671	0.0	1658005	282	16.0
1608514410.56	16000	59.632748	0.0	3055257	529	16.0
1608514411.48	16000	59.684139	0.0	5355572	874	16.0
1608514412.59	16000	59.634659	0.0	3278424	586	16.0
1608514413.51	16000	59.88564	0.0	2318501	389	16.0
1608514414.41	16000	59.886746	0.0	2473561	377	16.0
1608514415.73	16000	59.637679	0.0	1730311	302	16.0
1608514416.49	16000	59.888787	0.0	1455812	233	16.0
1608514417.43	16000	59.889662	0.0	2869222	422	16.0
1608514418.43	16000	59.890755	0.0	3226650	467	16.0
1608514419.3	16000	59.891757	0.0	2705936	349	16.0
1608514420.71	16000	59.642674	0.0	2998622	379	16.0
1608514421.63	16000	59.643658	0.0	2928342	399	16.0
1608514422.51	16000	59.894794	0.0	3059979	359	16.0
1608514423.36	16000	59.895789	0.0	3367422	313	16.0
1608514424.54	16000	59.646784	0.0	1950694	161	16.0
1608514425.7	16000	59.647753	0.0	1541020	135	16.0
1608514426.52	16000	59.898659	0.0	2926720	290	16.0
1608514427.41	16000	59.899724	0.0	2991202	368	16.0
1608514428.73	16000	59.650644	0.0	3002106	287	16.0
1608514429.41	16000	59.901755	0.0	2015412	167	16.0
1608514430.75	16000	59.652746	0.0	2894863	314	16.0
1608514431.56	16000	59.653671	0.0	2185316	284	16.0
1608514432.48	16000	59.904685	0.0	3370605	390	16.0
1608514433.39	16000	59.905725	0.0	3492243	375	16.0
1608514434.57	16000	59.656672	0.0	1307592	162	16.0
1608514435.33	16000	59.907732	0.0	1881404	238	16.0
1608514436.58	16000	59.658684	0.0	1806471	230	16.0
1608514437.46	16000	59.909665	0.0	1945842	354	16.0
1608514438.5	16000	59.897961	0.0	2538877	520	16.0
1608514439.38	16000	59.911733	0.0	2298557	350	16.0
1608514440.29	16000	59.912738	0.0	2831497	394	16.0
1608514441.72	16000	59.663723	0.0	3200905	401	16.0
1608514442.49	16000	59.914669	0.0	2180586	251	16.0
1608514443.74	16000	59.665691	0.0	1500505	223	16.0
1608514444.66	16000	59.666717	0.0	1939246	397	16.0
1608514445.49	16000	59.904874	0.0	1599193	315	16.0
1608514446.53	16000	59.668785	0.0	2364826	516	16.0
1608514447.35	16000	59.850035	0.0	2517454	788	16.0
1608514448.38	16000	59.92077	0.0	1883143	519	16.0
1608514449.3	16000	59.92179	0.0	1726706	397	16.0
1608514450.47	16000	59.922765	0.0	707364	153	16.0
1608514451.66	16000	59.673736	0.0	796460	177	16.0
1608514452.77	16000	59.674632	0.0	596962	92	16.0
1608514453.4	16000	59.92566	0.0	947625	108	16.0
1608514454.51	16000	59.926777	0.0	832859	96	16.0
1608514455.54	16000	59.677774	0.0	151562	16	16.0
1608514456.56	16000	59.678753	0.0	90390	6	16.0
1608514457.57	16000	59.679776	0.0	50278	3	16.0
1608514458.59	16000	59.680666	0.0	26471	4	16.0
1608514459.6	16000	59.681767	0.0	40620	1	16.0
1608514459.94	4000	1.000999	0.034	335737	22	-1.088
1608514460.83	16000	1.400118	0.0	11007815	764	4.0
1608514461.49	16000	1.735272	0.0	8849724	606	16.0
1608514461.74	16000	2.512686	0.0	3191121	214	16.0
1608514461.87	16000	3.380909	0.0	1661718	111	16.0
1608514461.98	16000	4.275063	0.0	1315024	88	16.0
1608514462.04	16000	5.2147	0.0	698359	46	16.0
1608514462.1	16000	6.1527	0.0	730082	49	16.0
1608514462.41	16000	6.873325	0.0	4047415	272	16.0
1608514462.63	16000	7.655888	0.0	2863079	192	16.0
1608514462.94	16000	8.347157	0.0	4167844	278	16.0
1608514463.35	16000	8.936145	0.0	5571764	372	16.0
1608514463.74	16000	9.542151	0.0	4925652	360	16.0
1608514463.94	16000	10.344777	0.0	2030157	177	16.0
1608514464.16	16000	11.129053	0.0	2240782	196	16.0
1608514464.37	16000	11.916158	0.0	2211169	193	16.0
1608514464.41	16000	12.873192	0.0	382046	32	16.0
1608514464.53	16000	13.762474	0.0	1113969	97	16.0
1608514464.61	16000	14.680384	0.0	820127	68	16.0
1608514465.18	16000	15.111619	0.0	6357933	528	16.0
1608514465.62	16000	15.676236	0.0	4814284	400	16.0
1608514466.0	16000	16.290109	0.0	3419258	360	16.0
1608514466.45	16000	16.845363	0.0	3944328	416	16.0
1608514467.0	16000	17.299145	0.0	4284196	515	16.0
1608514467.41	16000	17.884764	0.0	3022025	387	16.0
1608514467.7	16000	18.596863	0.0	2248581	266	16.0
1608514468.85	16000	18.448986	0.0	9946363	1088	16.0
1608514473.27	16000	15.027242	0.0	11684632	4348	16.0
1608514473.49	16000	15.815367	0.0	1849732	191	16.0
1608514473.71	16000	16.593669	0.0	1942795	203	16.0
1608514473.91	16000	17.388678	0.0	1704756	185	16.0
1608514474.12	16000	18.185222	0.0	1697111	185	16.0
1608514474.3	16000	19.000807	0.0	1529441	167	16.0
