1609224192.58	4000	1.000999	0.013	60629	2	-0.2599999999999998
1609224193.42	20000	1.388998	0.133	11007815	656	1.3399999999999999
1609224194.12	20000	1.919224	0.0	8849724	569	20.0
1609224194.42	20000	2.616641	0.0	3191121	206	20.0
1609224194.62	20000	3.519483	0.0	1661718	111	20.0
1609224194.8	20000	4.344726	0.0	1315024	88	20.0
1609224194.93	20000	5.215487	0.0	698359	46	20.0
1609224195.06	20000	6.086444	0.0	730082	48	20.0
1609224195.42	20000	6.748593	0.0	4047415	263	20.0
1609224195.67	20000	7.497739	0.0	2863079	160	20.0
1609224196.0	20000	8.16668	0.0	4167844	233	20.0
1609224196.42	20000	8.748377	0.0	5571764	313	20.0
1609224196.82	20000	9.346731	0.0	4925652	297	20.0
1609224197.04	20000	10.129563	0.0	2030157	128	20.0
1609224197.27	20000	10.903391	0.0	2240782	135	20.0
1609224197.49	20000	11.67842	0.0	2211169	133	20.0
1609224197.59	20000	12.577333	0.0	382046	21	20.0
1609224197.74	20000	13.428768	0.0	1113969	67	20.0
1609224197.88	20000	14.298323	0.0	820127	50	20.0
1609224198.37	20000	14.806485	0.0	6357933	385	20.0
1609224198.73	20000	15.443462	0.0	4814284	262	20.0
1609224199.02	20000	16.158428	0.0	3419258	186	20.0
1609224199.34	20000	16.842114	0.0	3944328	214	20.0
1609224199.66	20000	17.518005	0.0	4284196	212	20.0
1609224199.91	20000	18.271866	0.0	3022025	150	20.0
1609224200.11	20000	19.067906	0.0	2248581	112	20.0
1609224200.75	20000	19.432423	0.0	9946363	507	20.0
1609224201.5	20000	19.686494	0.0	11684632	607	20.0
1609224201.67	20000	20.515623	0.0	1849732	82	20.0
1609224201.84	20000	21.341225	0.0	1942795	87	20.0
1609224202.01	20000	22.179088	0.0	1704756	76	20.0
1609224202.17	20000	23.01842	0.0	1697111	76	20.0
1609224202.32	20000	23.866298	0.0	1529441	68	20.0
1609224202.48	20000	24.711028	0.0	1568649	69	20.0
1609224202.64	20000	25.550448	0.0	1677618	74	20.0
1609224202.79	20000	26.405844	0.0	1415096	62	20.0
1609224202.96	20000	27.236624	0.0	1894067	84	20.0
1609224203.09	20000	28.101698	0.0	1186604	52	20.0
1609224203.23	20000	28.972526	0.0	1068386	47	20.0
1609224203.39	20000	29.805546	0.0	1700843	73	20.0
1609224203.59	20000	30.603545	0.0	2536859	113	20.0
1609224203.91	20000	31.290641	0.0	4742872	212	20.0
1609224204.23	20000	31.967385	0.0	4955535	222	20.0
1609224204.37	20000	32.82823	0.0	1260540	56	20.0
1609224204.65	20000	33.553245	0.0	3605246	180	20.0
1609224204.88	20000	34.325009	0.0	2770338	138	20.0
1609224205.06	20000	35.145901	0.0	1855168	92	20.0
1609224205.23	20000	35.971848	0.0	1666915	81	20.0
1609224205.4	20000	36.809098	0.0	1555467	77	20.0
1609224205.54	20000	37.67051	0.0	1008919	56	20.0
1609224205.69	20000	38.518644	0.0	1227619	68	20.0
1609224205.83	20000	39.380051	0.0	1015853	56	20.0
1609224205.93	20000	40.280128	0.0	384076	20	20.0
1609224206.02	20000	41.185532	0.0	295687	16	20.0
1609224206.18	20000	42.029214	0.0	1328674	74	20.0
1609224206.35	20000	42.862162	0.0	1492829	83	20.0
1609224206.52	20000	43.695039	0.0	1484812	82	20.0
1609224206.71	20000	44.503119	0.0	1868314	105	20.0
1609224206.86	20000	45.349538	0.0	1253406	70	20.0
1609224207.0	20000	46.217898	0.0	887933	49	20.0
1609224207.15	20000	47.069932	0.0	1153403	65	20.0
1609224207.3	20000	47.916147	0.0	1249023	70	20.0
1609224207.46	20000	48.75506	0.0	1423973	76	20.0
1609224207.6	20000	49.619288	0.0	1060162	51	20.0
1609224207.74	20000	50.483572	0.0	1080597	52	20.0
1609224207.88	20000	51.343065	0.0	1156442	56	20.0
1609224208.08	20000	52.142064	0.0	2222640	108	20.0
1609224208.3	20000	52.921657	0.0	2587311	127	20.0
1609224208.52	20000	53.703435	0.0	2178351	116	20.0
1609224208.8	20000	54.422079	0.0	3121089	185	20.0
1609224209.08	20000	55.150447	0.0	2857420	169	20.0
1609224209.27	20000	55.961982	0.0	1702477	101	20.0
1609224209.44	20000	56.783962	0.0	1531670	90	20.0
1609224209.64	20000	57.594805	0.0	1863424	101	20.0
1609224209.83	20000	58.399621	0.0	1987392	108	20.0
1609224210.06	20000	59.174493	0.0	2505586	137	20.0
1609224210.72	20000	59.513438	0.0	9620218	536	20.0
1609224211.46	20000	59.851852	0.0	2561608	145	20.0
1609224212.77	20000	59.602791	0.0	3633991	206	20.0
1609224213.56	20000	59.853758	0.0	3324070	188	20.0
1609224214.73	20000	59.604751	0.0	1560020	87	20.0
1609224215.41	20000	59.855753	0.0	1429188	89	20.0
1609224216.6	20000	59.856766	0.0	1754144	99	20.0
1609224217.78	20000	59.607757	0.0	1626020	85	20.0
1609224218.46	20000	59.85875	0.0	1739228	94	20.0
1609224219.65	20000	59.609751	0.0	1722735	89	20.0
1609224220.83	20000	59.610733	0.0	1538145	82	20.0
1609224221.5	20000	59.861732	0.0	1473412	88	20.0
1609224222.68	20000	59.612761	0.0	1498968	91	20.0
1609224223.43	20000	59.863762	0.0	2247334	124	20.0
1609224224.72	20000	59.614833	0.0	3156442	186	20.0
1609224225.45	20000	59.865812	0.0	1895098	135	20.0
1609224226.66	20000	59.616658	0.0	1939135	120	20.0
1609224227.88	20000	59.617783	0.0	1842874	129	20.0
1609224228.64	20000	59.618839	0.0	2235830	172	20.0
1609224229.4	20000	59.869826	0.0	2202171	169	20.0
1609224230.67	20000	59.620769	0.0	2242042	176	20.0
1609224231.86	20000	59.621829	0.0	1081763	106	20.0
1609224232.64	20000	59.622732	0.0	2409013	178	20.0
1609224233.86	20000	59.623813	0.0	1615028	130	20.0
1609224234.58	20000	59.874799	0.0	1413467	127	20.0
1609224235.42	20000	59.875744	0.0	1632450	254	20.0
1609224236.56	20000	59.876782	0.0	5664827	531	20.0
1609224237.62	20000	59.877767	0.0	4578115	454	20.0
1609224238.44	20000	59.878759	0.0	1783835	231	20.0
1609224239.67	20000	59.629757	0.0	1093613	139	20.0
1609224240.85	20000	59.630736	0.0	975642	100	20.0
1609224241.65	20000	59.63181	0.0	1658005	208	20.0
1609224242.73	20000	59.632765	0.0	3055257	479	20.0
1609224243.71	20000	59.558524	0.0	5355572	873	20.0
1609224244.31	20000	59.957208	0.0	3278424	505	20.0
1609224245.72	20000	59.635823	0.0	2318501	324	20.0
1609224246.51	20000	59.88677	0.0	2473561	191	20.0
1609224247.75	20000	59.637778	0.0	1730311	155	20.0
1609224248.49	20000	59.888753	0.0	1455812	149	20.0
1609224249.86	20000	59.639758	0.0	2869222	272	20.0
1609224250.68	20000	59.640764	0.0	3226650	223	20.0
1609224251.43	20000	59.891841	0.0	2705936	155	20.0
1609224252.7	20000	59.642839	0.0	2998622	172	20.0
1609224253.47	20000	59.893849	0.0	2928342	181	20.0
1609224254.76	20000	59.644848	0.0	3059979	193	20.0
1609224255.57	20000	59.793221	0.0	3367422	215	20.0
1609224256.8	20000	59.646782	0.0	1950694	141	20.0
1609224257.49	20000	59.897774	0.0	1541020	95	20.0
1609224258.56	20000	59.898766	0.0	2926720	478	20.0
1609224259.41	20000	59.899774	0.0	2991202	252	20.0
1609224260.74	20000	59.650753	0.0	3002106	240	20.0
1609224261.52	20000	59.901778	0.0	2015412	179	20.0
1609224262.87	20000	59.652837	0.0	2894863	261	20.0
1609224263.64	20000	59.653764	0.0	2185316	169	20.0
1609224264.55	20000	59.904775	0.0	3370605	311	20.0
1609224265.61	20000	59.905859	0.0	3492243	456	20.0
1609224266.38	20000	59.906739	0.0	1307592	185	20.0
1609224267.71	20000	59.657806	0.0	1881404	236	20.0
1609224268.51	20000	59.908858	0.0	1806471	214	20.0
1609224269.84	20000	59.659787	0.0	1945842	238	20.0
1609224270.3	20000	59.99087	0.0	2538877	369	20.0
1609224271.73	20000	59.661764	0.0	2298557	335	20.0
1609224272.69	20000	59.662761	0.0	2831497	369	20.0
1609224273.69	20000	59.663757	0.0	3200905	396	20.0
1609224274.64	20000	59.664758	0.0	2180586	358	20.0
1609224275.46	20000	59.915849	0.0	1500505	233	20.0
1609224276.81	20000	59.666826	0.0	1939246	255	20.0
1609224277.8	20000	59.667749	0.0	1599193	401	20.0
1609224278.7	20000	59.668871	0.0	2364826	311	20.0
1609224279.57	20000	59.919886	0.0	2517454	280	20.0
1609224280.85	20000	59.670813	0.0	1883143	192	20.0
1609224281.59	20000	59.919325	0.0	1726706	154	20.0
1609224282.74	20000	59.672834	0.0	707364	63	20.0
1609224283.39	20000	59.923806	0.0	796460	65	20.0
1609224284.52	20000	59.924753	0.0	596962	46	20.0
1609224285.67	20000	59.675731	0.0	947625	67	20.0
1609224286.82	20000	59.676755	0.0	832859	56	20.0
1609224287.41	20000	59.927763	0.0	151562	9	20.0
1609224288.48	20000	59.928755	0.0	90390	4	20.0
1609224289.55	20000	59.929753	0.0	50278	2	20.0
1609224290.6	20000	59.93078	0.0	26471	4	20.0
1609224291.64	20000	59.681827	0.0	40620	1	20.0
1609224291.97	4000	1.000999	0.032	334032	20	-0.6400000000000001
1609224292.56	4000	1.69864	0.0	6594552	439	4.0
1609224293.18	8000	2.075335	0.0	7078153	498	4.0
1609224293.53	20000	2.728371	0.0	3191121	246	8.0
1609224293.75	20000	3.533393	0.0	1661718	129	20.0
1609224293.93	20000	4.34684	0.0	1315024	100	20.0
1609224294.07	20000	5.206134	0.0	698359	57	20.0
1609224294.22	20000	6.064232	0.0	730082	60	20.0
1609224294.66	20000	6.650421	0.0	4047415	342	20.0
1609224295.0	20000	7.309095	0.0	2863079	242	20.0
1609224295.49	20000	7.816368	0.0	4167844	393	20.0
1609224296.14	20000	8.174096	0.0	5571764	531	20.0
1609224296.73	20000	8.58198	0.0	4925652	489	20.0
1609224297.02	20000	9.294198	0.0	2030157	199	20.0
1609224297.32	20000	9.98923	0.0	2240782	214	20.0
1609224297.63	20000	10.687372	0.0	2211169	212	20.0
1609224297.75	20000	11.562279	0.0	382046	36	20.0
1609224297.94	20000	12.372402	0.0	1113969	106	20.0
1609224298.11	20000	13.209486	0.0	820127	80	20.0
1609224298.85	20000	13.468597	0.0	6357933	631	20.0
1609224299.42	20000	13.89734	0.0	4814284	467	20.0
1609224299.85	20000	14.467606	0.0	3419258	331	20.0
1609224300.34	20000	14.977121	0.0	3944328	390	20.0
1609224300.87	20000	15.44774	0.0	4284196	430	20.0
1609224301.31	20000	16.015671	0.0	3022025	338	20.0
1609224301.66	20000	16.66623	0.0	2248581	257	20.0
1609224303.0	20000	16.329137	0.0	9946363	1188	20.0
1609224304.43	20000	15.898528	0.0	11684632	1290	20.0
1609224304.72	20000	16.608346	0.0	1849732	202	20.0
1609224305.02	20000	17.307846	0.0	1942795	212	20.0
1609224305.34	20000	17.990981	0.0	1704756	229	20.0
1609224305.66	20000	18.674336	0.0	1697111	228	20.0
1609224305.95	20000	19.383281	0.0	1529441	205	20.0
1609224306.23	20000	20.098798	0.0	1568649	199	20.0
1609224306.54	20000	20.797518	0.0	1677618	213	20.0
1609224306.8	20000	21.531219	0.0	1415096	180	20.0
