1608581630.6	4000	1.000999	0.027	60629	17	-0.8639999999999999
1608581631.05	2000	1.606305	0.0	1072422	417	0.0
1608581631.5	2000	2.161822	0.0	1121405	430	2.0
1608581631.78	2000	2.885086	0.0	728514	263	2.0
1608581631.97	2000	3.692377	0.0	508013	181	2.0
1608581632.12	2000	4.54168	0.0	395538	140	2.0
1608581632.24	2000	5.428426	0.0	297276	103	2.0
1608581632.33	2000	6.334996	0.0	247728	84	2.0
1608581632.94	4000	6.727912	0.0	1213073	587	2.0
1608581633.38	4000	7.285806	0.0	927735	429	4.0
1608581634.28	8000	7.386403	0.0	2052265	872	4.0
1608581635.13	8000	7.537278	0.0	3005823	826	8.0
1608581635.98	8000	7.694541	0.0	2879726	822	8.0
1608581636.35	8000	8.320245	0.0	1267052	361	8.0
1608581636.73	8000	8.938711	0.0	1316661	368	8.0
1608581637.1	8000	9.57231	0.0	1263534	352	8.0
1608581637.15	8000	10.524926	0.0	150125	37	8.0
1608581637.38	12000	11.294192	0.0	793783	214	8.0
1608581637.63	16000	12.051208	0.0	820127	227	12.0
1608581639.43	16000	11.497573	0.0	6357933	1750	16.0
1608581640.68	16000	11.249462	0.0	4814284	1211	16.0
1608581641.61	16000	11.321264	0.0	3419258	899	16.0
1608581642.64	16000	11.29244	0.0	3944328	998	16.0
1608581643.64	16000	11.294683	0.0	4284196	964	16.0
1608581644.33	16000	11.606494	0.0	3022025	661	16.0
1608581644.88	16000	12.057642	0.0	2248581	526	16.0
1608581647.53	16000	10.404363	0.0	9946363	2578	16.0
1608581650.58	12000	8.355261	0.0	9808342	2979	8.0
1608581650.9	8000	9.041479	0.0	1127469	294	4.0
1608581651.22	8000	9.717752	0.0	1179779	308	8.0
1608581651.6	12000	10.343329	0.0	1396705	354	8.0
1608581651.97	12000	10.977796	0.0	1392963	348	12.0
1608581652.31	12000	11.63655	0.0	1276651	319	12.0
1608581652.67	16000	12.273018	0.0	1568649	343	12.0
1608581653.04	16000	12.903948	0.0	1677618	352	16.0
1608581653.35	16000	13.591444	0.0	1415096	296	16.0
1608581653.7	16000	14.248901	0.0	1894067	322	16.0
1608581653.91	16000	15.041172	0.0	1186604	191	16.0
1608581654.1	20000	15.852556	0.0	1068386	172	16.0
1608581654.4	20000	16.552085	0.0	1700843	276	20.0
1608581654.81	20000	17.144804	0.0	2536859	384	20.0
1608581655.57	20000	17.383839	0.0	4742872	725	20.0
1608581656.44	20000	17.51399	0.0	4955535	834	20.0
1608581656.67	20000	18.284311	0.0	1260540	212	20.0
1608581657.32	20000	18.636518	0.0	3605246	619	20.0
1608581657.81	20000	19.141948	0.0	2770338	469	20.0
1608581658.15	20000	19.807672	0.0	1855168	313	20.0
1608581658.45	20000	20.507521	0.0	1666915	281	20.0
1608581658.72	20000	21.236593	0.0	1555467	253	20.0
1608581658.9	20000	22.056088	0.0	1008919	164	20.0
1608581659.12	20000	22.838704	0.0	1227619	200	20.0
1608581659.3	20000	23.65716	0.0	1015853	165	20.0
1608581659.38	20000	24.583277	0.0	384076	61	20.0
1608581659.44	20000	25.525241	0.0	295687	46	20.0
1608581659.67	20000	26.295828	0.0	1328674	212	20.0
1608581659.93	20000	27.036545	0.0	1492829	239	20.0
1608581660.19	20000	27.780329	0.0	1484812	239	20.0
1608581660.51	20000	28.462123	0.0	1868314	298	20.0
1608581660.72	20000	29.246353	0.0	1253406	199	20.0
1608581660.88	20000	30.090145	0.0	887933	140	20.0
1608581661.08	20000	30.89148	0.0	1153403	183	20.0
1608581661.29	20000	31.676893	0.0	1249023	198	20.0
1608581661.55	20000	32.427191	0.0	1423973	224	20.0
1608581661.73	20000	33.240597	0.0	1060162	170	20.0
1608581661.92	20000	34.050976	0.0	1080597	174	20.0
1608581662.13	20000	34.84798	0.0	1156442	187	20.0
1608581662.51	20000	35.465804	0.0	2222640	360	20.0
1608581663.06	20000	35.92216	0.0	2587311	519	20.0
1608581663.51	20000	36.463146	0.0	2178351	435	20.0
1608581664.31	20000	36.67444	0.0	3121089	763	20.0
1608581664.92	20000	37.06331	0.0	2857420	586	20.0
1608581665.26	20000	37.720365	0.0	1702477	324	20.0
1608581665.56	20000	38.424651	0.0	1531670	278	20.0
1608581665.85	20000	39.13678	0.0	1863424	266	20.0
1608581666.15	20000	39.831867	0.0	1987392	285	20.0
1608581666.54	20000	40.447625	0.0	2505586	358	20.0
1608581667.93	20000	40.055499	0.0	9620218	1328	20.0
1608581668.3	20000	40.684434	0.0	2561608	346	20.0
1608581668.81	20000	41.180846	0.0	3633991	472	20.0
1608581669.26	20000	41.733253	0.0	3324070	419	20.0
1608581669.47	20000	42.519797	0.0	1560020	196	20.0
1608581669.69	20000	43.306182	0.0	1429188	194	20.0
1608581669.96	20000	44.034024	0.0	1754144	251	20.0
1608581670.21	20000	44.782541	0.0	1626020	232	20.0
1608581670.48	20000	45.514602	0.0	1739228	249	20.0
1608581670.77	20000	46.220357	0.0	1722735	274	20.0
1608581671.05	20000	46.946894	0.0	1538145	254	20.0
1608581671.31	20000	47.685413	0.0	1473412	243	20.0
1608581671.58	20000	48.422383	0.0	1498968	244	20.0
1608581671.96	20000	49.039439	0.0	2247334	351	20.0
1608581672.48	20000	49.517101	0.0	3156442	496	20.0
1608581672.78	20000	50.217571	0.0	1895098	276	20.0
1608581673.09	20000	50.917018	0.0	1939135	280	20.0
1608581673.37	20000	51.631776	0.0	1842874	265	20.0
1608581673.7	20000	52.300927	0.0	2235830	310	20.0
1608581674.02	20000	52.987288	0.0	2202171	292	20.0
1608581674.34	20000	53.668081	0.0	2242042	298	20.0
1608581674.5	20000	54.509448	0.0	1081763	142	20.0
1608581674.85	20000	55.154062	0.0	2409013	331	20.0
1608581675.1	20000	55.904851	0.0	1615028	223	20.0
1608581675.32	20000	56.69043	0.0	1413467	196	20.0
1608581675.57	20000	57.444014	0.0	1632450	227	20.0
1608581676.56	20000	57.450581	0.0	5664827	952	20.0
1608581677.48	20000	57.533199	0.0	4578115	884	20.0
1608581677.91	20000	58.100554	0.0	1783835	413	20.0
1608581678.2	20000	58.811858	0.0	1093613	273	20.0
1608581678.46	20000	59.554169	0.0	975642	242	20.0
1608581679.38	20000	59.64297	0.0	1658005	396	20.0
1608581680.47	20000	59.64387	0.0	3055257	567	20.0
1608581681.55	20000	59.473275	0.0	5355572	1023	20.0
1608581682.17	20000	59.85101	0.0	3278424	595	20.0
1608581683.61	20000	59.646974	0.0	2318501	418	20.0
1608581684.48	20000	59.647916	0.0	2473561	337	20.0
1608581685.24	20000	59.898891	0.0	1730311	248	20.0
1608581686.49	20000	59.649919	0.0	1455812	227	20.0
1608581687.07	20000	59.950832	0.0	2869222	556	20.0
1608581688.22	20000	59.901888	0.0	3226650	615	20.0
1608581689.21	20000	59.902787	0.0	2705936	465	20.0
1608581690.31	20000	59.903882	0.0	2998622	568	20.0
1608581691.39	20000	59.654872	0.0	2928342	558	20.0
1608581692.48	20000	59.655938	0.0	3059979	560	20.0
1608581693.1	20000	59.928329	0.0	3367422	591	20.0
1608581694.46	20000	59.657862	0.0	1950694	337	20.0
1608581695.25	20000	59.90896	0.0	1541020	271	20.0
1608581696.27	20000	59.909943	0.0	2926720	490	20.0
1608581697.29	20000	59.910898	0.0	2991202	486	20.0
1608581698.54	20000	59.661895	0.0	3002106	720	20.0
1608581699.07	20000	59.965219	0.0	2015412	507	20.0
1608581700.23	20000	59.913905	0.0	2894863	633	20.0
1608581701.46	20000	59.664979	0.0	2185316	202	20.0
1608581702.23	20000	59.915884	0.0	3370605	236	20.0
1608581703.48	20000	59.666966	0.0	3492243	223	20.0
1608581704.58	20000	59.667975	0.0	1307592	88	20.0
1608581705.24	20000	59.918871	0.0	1881404	133	20.0
1608581706.39	20000	59.669935	0.0	1806471	131	20.0
1608581707.58	20000	59.670975	0.0	1945842	162	20.0
1608581708.34	20000	59.861646	0.0	2538877	237	20.0
1608581709.58	20000	59.672869	0.0	2298557	212	20.0
1608581710.35	20000	59.923918	0.0	2831497	241	20.0
1608581711.2	20000	59.924976	0.0	3200905	325	20.0
1608581712.56	20000	59.675856	0.0	2180586	327	20.0
1608581713.29	20000	59.927004	0.0	1500505	211	20.0
1608581714.12	20000	59.927893	0.0	1939246	315	20.0
1608581715.12	20000	59.928974	0.0	1599193	480	20.0
1608581716.16	20000	59.929964	0.0	2364826	517	20.0
1608581717.14	20000	59.930981	0.0	2517454	455	20.0
1608581718.58	20000	59.681973	0.0	1883143	416	20.0
1608581719.52	20000	59.68281	0.0	1726706	416	20.0
1608581720.3	20000	59.933932	0.0	707364	269	20.0
1608581721.17	20000	59.934961	0.0	796460	351	20.0
1608581722.37	20000	59.935968	0.0	596962	186	20.0
1608581723.43	20000	59.68701	0.0	947625	547	20.0
1608581724.33	20000	59.93799	0.0	832859	378	20.0
1608581725.37	20000	59.938986	0.0	151562	27	20.0
1608581726.39	20000	59.689974	0.0	90390	12	20.0
1608581727.41	20000	59.690976	0.0	50278	6	20.0
1608581728.43	20000	59.691943	0.0	26471	1	20.0
1608581729.44	20000	59.692944	0.0	40620	2	20.0
1608581729.79	4000	1.000999	0.058	335737	47	-1.8559999999999999
1608581729.97	2000	2.001999	0.0	1072422	158	0.0
1608581730.16	2000	2.907853	0.0	1121405	173	2.0
1608581730.29	2000	3.782534	0.0	728514	111	2.0
1608581730.38	2000	4.691833	0.0	508013	77	2.0
1608581730.45	2000	5.62105	0.0	395538	59	2.0
1608581730.51	2000	6.563585	0.0	297276	44	2.0
1608581730.56	4000	7.514086	0.0	222226	32	2.0
1608581730.87	8000	8.205553	0.0	1838971	285	4.0
1608581731.08	8000	8.9976	0.0	1382199	191	8.0
1608581731.38	8000	9.698962	0.0	2052265	278	8.0
1608581731.97	12000	10.108085	0.0	4074608	555	8.0
1608581732.52	12000	10.553609	0.0	3844696	529	12.0
1608581732.76	12000	11.314876	0.0	1630440	223	12.0
1608581733.09	16000	11.99154	0.0	2240782	301	12.0
1608581733.4	16000	12.680204	0.0	2211169	293	16.0
1608581733.46	16000	13.621342	0.0	382046	49	16.0
1608581733.62	16000	14.463017	0.0	1113969	147	16.0
1608581733.74	16000	15.343777	0.0	820127	107	16.0
1608581734.51	20000	15.579751	0.0	6357933	720	16.0
1608581735.06	20000	16.029231	0.0	4814284	520	20.0
1608581735.46	20000	16.623417	0.0	3419258	381	20.0
1608581735.93	20000	17.15701	0.0	3944328	441	20.0
1608581736.51	20000	17.583428	0.0	4284196	546	20.0
1608581736.91	20000	18.175686	0.0	3022025	386	20.0
1608581737.15	20000	19.042479	0.0	2248581	215	20.0
1608581738.12	20000	19.193909	0.0	9946363	895	20.0
1608581739.11	20000	19.210001	0.0	11684632	916	20.0
1608581739.3	20000	20.018825	0.0	1849732	171	20.0
1608581739.5	20000	20.820745	0.0	1942795	180	20.0
1608581739.68	20000	21.64461	0.0	1704756	157	20.0
1608581739.85	20000	22.470303	0.0	1697111	157	20.0
1608581740.01	20000	23.312577	0.0	1529441	140	20.0
1608581740.17	20000	24.152985	0.0	1568649	143	20.0
1608581740.34	20000	24.981752	0.0	1677618	152	20.0
