1608583907.76	4000	1.000999	0.125	60629	115	-2.5
1608583908.2	2000	1.617827	0.0	1072422	352	0.0
1608583908.56	2000	2.257396	0.0	1121405	271	2.0
1608583908.82	2000	2.997592	0.0	728514	175	2.0
1608583909.31	12000	3.513688	0.0	1379579	394	2.0
1608583909.78	16000	4.036552	0.0	1315024	387	12.0
1608583910.09	20000	4.733583	0.0	698359	222	16.0
1608583910.43	20000	5.396626	0.0	730082	259	20.0
1608583912.1	20000	4.955592	0.0	4047415	1559	20.0
1608583913.0	16000	5.055026	0.0	2863079	805	12.0
1608583913.77	16000	5.289674	0.0	4167844	667	16.0
1608583914.68	20000	5.379225	0.0	5571764	802	16.0
1608583915.43	20000	5.626133	0.0	4925652	651	20.0
1608583915.78	20000	6.278979	0.0	2030157	259	20.0
1608583916.24	20000	6.824733	0.0	2240782	275	20.0
1608583916.6	20000	7.465924	0.0	2211169	270	20.0
1608583916.73	20000	8.331803	0.0	382046	44	20.0
1608583916.95	20000	9.109826	0.0	1113969	135	20.0
1608583917.14	20000	9.920406	0.0	820127	104	20.0
1608583918.09	20000	9.974354	0.0	6357933	830	20.0
1608583918.85	20000	10.211869	0.0	4814284	657	20.0
1608583919.44	20000	10.623534	0.0	3419258	492	20.0
1608583920.12	20000	10.950009	0.0	3944328	573	20.0
1608583920.84	20000	11.232675	0.0	4284196	615	20.0
1608583921.37	20000	11.697409	0.0	3022025	443	20.0
1608583921.8	20000	12.273532	0.0	2248581	327	20.0
1608583923.37	20000	11.70031	0.0	9946363	1420	20.0
1608583925.11	20000	10.965551	0.0	11684632	1589	20.0
1608583925.48	20000	11.600806	0.0	1849732	274	20.0
1608583925.86	20000	12.217455	0.0	1942795	287	20.0
1608583926.16	20000	12.914846	0.0	1704756	218	20.0
1608583926.44	20000	13.638129	0.0	1697111	190	20.0
1608583926.7	20000	14.382725	0.0	1529441	171	20.0
1608583926.96	20000	15.121905	0.0	1568649	176	20.0
1608583927.22	20000	15.858497	0.0	1677618	177	20.0
1608583927.46	20000	16.623295	0.0	1415096	150	20.0
1608583927.74	20000	17.33705	0.0	1894067	201	20.0
1608583927.95	20000	18.128443	0.0	1186604	125	20.0
1608583928.18	20000	18.902812	0.0	1068386	143	20.0
1608583928.52	20000	19.565438	0.0	1700843	251	20.0
1608583928.99	20000	20.092306	0.0	2536859	375	20.0
1608583929.68	20000	20.403372	0.0	4742872	588	20.0
1608583930.33	20000	20.759071	0.0	4955535	545	20.0
1608583930.53	20000	21.55623	0.0	1260540	118	20.0
1608583930.97	20000	22.119014	0.0	3605246	341	20.0
1608583931.37	20000	22.720559	0.0	2770338	307	20.0
1608583931.67	20000	23.422692	0.0	1855168	211	20.0
1608583931.95	20000	24.140644	0.0	1666915	194	20.0
1608583932.28	20000	24.816952	0.0	1555467	236	20.0
1608583932.54	20000	25.555477	0.0	1008919	173	20.0
1608583932.83	20000	26.261186	0.0	1227619	211	20.0
1608583933.09	20000	27.004275	0.0	1015853	174	20.0
1608583933.2	20000	27.894239	0.0	384076	30	20.0
1608583933.31	20000	28.793096	0.0	295687	24	20.0
1608583933.5	20000	29.601337	0.0	1328674	110	20.0
1608583933.71	20000	30.392196	0.0	1492829	124	20.0
1608583933.92	20000	31.183638	0.0	1484812	122	20.0
1608583934.18	20000	31.926331	0.0	1868314	171	20.0
1608583934.4	20000	32.701236	0.0	1253406	139	20.0
1608583934.58	20000	33.520945	0.0	887933	98	20.0
1608583934.8	20000	34.308538	0.0	1153403	128	20.0
1608583935.02	20000	35.084565	0.0	1249023	140	20.0
1608583935.26	20000	35.845545	0.0	1423973	143	20.0
1608583935.46	20000	36.653251	0.0	1060162	108	20.0
1608583935.65	20000	37.460455	0.0	1080597	109	20.0
1608583935.85	20000	38.258391	0.0	1156442	117	20.0
1608583936.17	20000	38.941875	0.0	2222640	227	20.0
1608583936.53	20000	39.582372	0.0	2587311	266	20.0
1608583936.85	20000	40.268002	0.0	2178351	224	20.0
1608583937.27	20000	40.848051	0.0	3121089	323	20.0
1608583937.66	20000	41.452425	0.0	2857420	301	20.0
1608583937.94	20000	42.176839	0.0	1702477	175	20.0
1608583938.19	20000	42.92998	0.0	1531670	158	20.0
1608583938.46	20000	43.655116	0.0	1863424	186	20.0
1608583938.75	20000	44.367356	0.0	1987392	199	20.0
1608583939.1	20000	45.0258	0.0	2505586	251	20.0
1608583940.65	20000	44.471297	0.0	9620218	1426	20.0
1608583941.09	20000	45.028992	0.0	2561608	349	20.0
1608583941.67	20000	45.457023	0.0	3633991	473	20.0
1608583942.2	20000	45.92583	0.0	3324070	434	20.0
1608583942.52	20000	46.602926	0.0	1560020	225	20.0
1608583942.82	20000	47.310689	0.0	1429188	207	20.0
1608583943.16	20000	47.971249	0.0	1754144	255	20.0
1608583943.54	20000	48.591953	0.0	1626020	292	20.0
1608583943.94	20000	49.193783	0.0	1739228	313	20.0
1608583944.5	20000	49.627384	0.0	1722735	478	20.0
1608583945.17	20000	49.96407	0.0	1538145	578	20.0
1608583945.5	20000	50.629747	0.0	1473412	249	20.0
1608583945.84	20000	51.29208	0.0	1498968	253	20.0
1608583946.29	20000	51.843044	0.0	2247334	359	20.0
1608583946.81	20000	52.329888	0.0	3156442	417	20.0
1608583947.14	20000	52.993174	0.0	1895098	250	20.0
1608583947.61	20000	53.528406	0.0	1939135	373	20.0
1608583948.05	20000	54.085272	0.0	1842874	355	20.0
1608583948.58	20000	54.558939	0.0	2235830	437	20.0
1608583949.11	20000	55.032722	0.0	2202171	435	20.0
1608583949.67	20000	55.476492	0.0	2242042	460	20.0
1608583949.97	20000	56.171676	0.0	1081763	223	20.0
1608583950.57	20000	56.577132	0.0	2409013	505	20.0
1608583951.0	20000	57.149402	0.0	1615028	342	20.0
1608583951.36	20000	57.781221	0.0	1413467	285	20.0
1608583951.77	20000	58.374132	0.0	1632450	322	20.0
1608583952.74	20000	58.406373	0.0	5664827	860	20.0
1608583953.45	20000	58.698221	0.0	4578115	607	20.0
1608583953.78	20000	59.366144	0.0	1783835	246	20.0
1608583954.52	20000	59.853508	0.0	1093613	150	20.0
1608583955.73	20000	59.604515	0.0	975642	133	20.0
1608583956.53	20000	59.855536	0.0	1658005	214	20.0
1608583957.56	20000	59.606468	0.0	3055257	431	20.0
1608583958.52	20000	59.631506	0.0	5355572	857	20.0
1608583959.65	20000	59.608415	0.0	3278424	524	20.0
1608583960.6	20000	59.609084	0.0	2318501	363	20.0
1608583961.27	20000	59.892103	0.0	2473561	570	20.0
1608583962.76	20000	59.611374	0.0	1730311	409	20.0
1608583963.53	20000	59.862437	0.0	1455812	182	20.0
1608583964.53	20000	59.863473	0.0	2869222	404	20.0
1608583965.56	20000	59.614163	0.0	3226650	433	20.0
1608583966.49	20000	59.865315	0.0	2705936	331	20.0
1608583967.6	20000	59.616394	0.0	2998622	514	20.0
1608583968.23	20000	59.933777	0.0	2928342	529	20.0
1608583969.46	20000	59.868215	0.0	3059979	632	20.0
1608583970.65	20000	59.619197	0.0	3367422	584	20.0
1608583971.55	20000	59.620252	0.0	1950694	311	20.0
1608583972.32	20000	59.871195	0.0	1541020	188	20.0
1608583973.7	20000	59.622499	0.0	2926720	283	20.0
1608583974.56	20000	59.623428	0.0	2991202	256	20.0
1608583975.42	20000	59.874477	0.0	3002106	275	20.0
1608583976.73	20000	59.625495	0.0	2015412	209	20.0
1608583977.64	20000	59.626445	0.0	2894863	317	20.0
1608583978.44	20000	59.877473	0.0	2185316	208	20.0
1608583979.43	20000	59.878436	0.0	3370605	396	20.0
1608583980.54	20000	59.879295	0.0	3492243	509	20.0
1608583981.75	20000	59.630379	0.0	1307592	123	20.0
1608583982.57	20000	59.631264	0.0	1881404	226	20.0
1608583983.55	20000	59.632369	0.0	1806471	394	20.0
1608583984.36	20000	59.883347	0.0	1945842	227	20.0
1608583985.32	20000	59.884455	0.0	2538877	363	20.0
1608583986.75	20000	59.635386	0.0	2298557	332	20.0
1608583987.27	20000	59.911654	0.0	2831497	426	20.0
1608583988.66	20000	59.637333	0.0	3200905	791	20.0
1608583989.27	20000	59.917623	0.0	2180586	517	20.0
1608583990.63	20000	59.639479	0.0	1500505	272	20.0
1608583991.54	20000	59.890179	0.0	1939246	315	20.0
1608583992.35	20000	59.891472	0.0	1599193	224	20.0
1608583993.31	20000	59.892357	0.0	2364826	372	20.0
1608583994.79	20000	59.64324	0.0	2517454	382	20.0
1608583995.34	20000	59.854027	0.0	1883143	458	20.0
1608583996.42	20000	59.895428	0.0	1726706	493	20.0
1608583997.7	20000	59.646469	0.0	707364	180	20.0
1608583998.42	20000	59.897376	0.0	796460	131	20.0
1608583999.34	20000	59.898464	0.0	596962	340	20.0
1608584000.64	20000	59.649419	0.0	947625	205	20.0
1608584001.36	20000	59.900432	0.0	832859	133	20.0
1608584002.47	20000	59.901408	0.0	151562	22	20.0
1608584003.55	20000	59.6524	0.0	90390	11	20.0
1608584004.62	20000	59.653491	0.0	50278	3	20.0
1608584005.67	20000	59.654435	0.0	26471	4	20.0
1608584006.71	20000	59.655413	0.0	40620	2	20.0
1608584007.06	4000	1.000999	0.042	334032	26	-0.8399999999999999
1608584007.75	4000	1.591975	0.0	6594552	557	4.0
1608584008.71	20000	1.631226	0.0	8849724	823	4.0
1608584009.07	20000	2.298028	0.0	3191121	258	20.0
1608584009.29	20000	3.077332	0.0	1661718	133	20.0
1608584009.48	20000	3.904949	0.0	1315024	106	20.0
1608584009.63	20000	4.759566	0.0	698359	60	20.0
1608584009.78	20000	5.610376	0.0	730082	68	20.0
1608584010.26	20000	6.128317	0.0	4047415	383	20.0
1608584010.62	20000	6.77164	0.0	2863079	265	20.0
1608584011.05	20000	7.337609	0.0	4167844	337	20.0
1608584011.61	20000	7.777905	0.0	5571764	451	20.0
1608584012.06	20000	8.3347	0.0	4925652	342	20.0
1608584012.29	20000	9.106167	0.0	2030157	141	20.0
1608584012.53	20000	9.860781	0.0	2240782	155	20.0
1608584012.76	20000	10.634361	0.0	2211169	137	20.0
1608584012.87	20000	11.530855	0.0	382046	22	20.0
1608584013.02	20000	12.379443	0.0	1113969	68	20.0
1608584013.15	20000	13.246554	0.0	820127	50	20.0
1608584013.68	20000	13.723529	0.0	6357933	414	20.0
1608584014.29	20000	14.113552	0.0	4814284	508	20.0
1608584014.75	20000	14.650568	0.0	3419258	366	20.0
1608584015.29	20000	15.113796	0.0	3944328	437	20.0
1608584016.0	20000	15.400391	0.0	4284196	612	20.0
1608584016.63	20000	15.772545	0.0	3022025	533	20.0
1608584017.1	20000	16.303426	0.0	2248581	381	20.0
1608584024.9	20000	9.511208	0.0	9946363	7648	20.0
1608584025.74	4000	9.66719	0.0	5615227	730	-12.0
1608584026.16	20000	10.244393	0.0	1849732	333	4.0
1608584026.6	20000	10.80594	0.0	1942795	350	20.0
1608584027.01	20000	11.403059	0.0	1704756	313	20.0
1608584027.41	20000	12.001736	0.0	1697111	312	20.0
1608584027.8	20000	12.617707	0.0	1529441	296	20.0
1608584028.23	20000	13.179189	0.0	1568649	350	20.0
1608584028.7	20000	13.715905	0.0	1677618	375	20.0
