1609227560.55	4000	1.000999	0.028	60629	19	-0.56
1609227563.51	4000	1.429428	2.334	6594552	2829	-42.68
1609227565.72	4000	1.339061	0.873	4402139	2111	-13.46
1609227566.58	8000	1.501435	0.0	1798447	762	4.0
1609227567.37	16000	1.710307	0.0	1661718	698	8.0
1609227568.36	16000	1.721504	0.0	1315024	905	16.0
1609227568.58	16000	2.503349	0.0	698359	138	16.0
1609227568.81	16000	3.27829	0.0	730082	145	16.0
1609227569.8	16000	3.287501	0.0	4047415	895	16.0
1609227570.57	16000	3.524092	0.0	2863079	672	16.0
1609227571.51	16000	3.576581	0.0	4167844	850	16.0
1609227572.53	16000	3.55753	0.0	5571764	903	16.0
1609227573.72	20000	3.375985	0.0	4925652	1079	16.0
1609227574.23	20000	3.866909	0.0	2030157	421	20.0
1609227574.8	20000	4.295398	0.0	2240782	482	20.0
1609227575.38	20000	4.714169	0.0	2211169	482	20.0
1609227575.76	20000	5.332607	0.0	382046	304	20.0
1609227576.48	16000	5.616946	0.0	1113969	632	12.0
1609227576.73	16000	6.362975	0.0	820127	172	16.0
1609227577.93	12000	6.166786	0.0	5045162	1088	8.0
1609227578.99	12000	6.105278	0.0	3858422	964	12.0
1609227579.81	8000	6.295547	0.0	2083035	715	4.0
1609227580.59	8000	6.511435	0.0	2281353	695	8.0
1609227581.1	8000	6.999847	0.0	2599148	423	8.0
1609227581.96	16000	7.147623	0.0	3022025	759	8.0
1609227582.64	8000	7.469983	0.0	1427209	590	0.0
1609227584.83	4000	6.277018	0.0	4647286	2088	0.0
1609227587.03	4000	5.076682	0.0	5615227	2091	4.0
1609227587.67	20000	5.442433	0.0	1849732	546	4.0
1609227588.51	20000	5.598471	0.0	1942795	757	20.0
1609227589.24	16000	5.873196	0.0	1704756	641	12.0
1609227590.6	16000	5.514568	0.0	1697111	1273	16.0
1609227591.12	16000	5.993376	0.0	1529441	436	16.0
1609227591.92	16000	6.191429	0.0	1568649	718	16.0
1609227592.98	16000	6.129961	0.0	1677618	977	16.0
1609227593.78	16000	6.331607	0.0	1415096	713	16.0
1609227594.65	20000	6.463436	0.0	1894067	782	16.0
1609227594.98	20000	7.137334	0.0	1186604	244	20.0
1609227595.28	20000	7.835662	0.0	1068386	219	20.0
1609227596.22	16000	7.898534	0.0	1700843	851	12.0
1609227597.7	16000	7.422779	0.0	2536859	1378	16.0
1609227598.98	20000	7.141359	0.0	4742872	1180	16.0
1609227600.96	16000	6.166362	0.0	4955535	1873	12.0
1609227601.42	20000	6.700279	0.0	1260540	385	16.0
1609227602.27	20000	6.849566	0.0	3605246	757	20.0
1609227603.19	20000	6.93083	0.0	2770338	830	20.0
1609227603.96	20000	7.168122	0.0	1855168	668	20.0
1609227604.63	20000	7.492623	0.0	1666915	593	20.0
1609227605.15	20000	7.981118	0.0	1555467	428	20.0
1609227605.51	20000	8.62132	0.0	1008919	276	20.0
1609227606.07	20000	9.056371	0.0	1227619	481	20.0
1609227606.55	20000	9.577352	0.0	1015853	398	20.0
1609227606.71	20000	10.419466	0.0	384076	72	20.0
1609227606.85	20000	11.286118	0.0	295687	55	20.0
1609227607.19	20000	11.941811	0.0	1328674	261	20.0
1609227607.57	20000	12.564876	0.0	1492829	294	20.0
1609227607.98	20000	13.158459	0.0	1484812	323	20.0
1609227608.47	20000	13.665949	0.0	1868314	407	20.0
1609227608.8	20000	14.340122	0.0	1253406	244	20.0
1609227609.05	20000	15.085332	0.0	887933	173	20.0
1609227609.36	20000	15.778127	0.0	1153403	226	20.0
1609227609.69	20000	16.454156	0.0	1249023	242	20.0
1609227610.05	20000	17.092068	0.0	1423973	280	20.0
1609227610.34	20000	17.803375	0.0	1060162	208	20.0
1609227610.63	20000	18.517134	0.0	1080597	205	20.0
1609227610.92	20000	19.229045	0.0	1156442	206	20.0
1609227611.4	20000	19.741166	0.0	2222640	401	20.0
1609227611.96	20000	20.186933	0.0	2587311	464	20.0
1609227612.44	20000	20.708565	0.0	2178351	393	20.0
1609227613.07	20000	21.078871	0.0	3121089	538	20.0
1609227613.64	20000	21.511789	0.0	2857420	476	20.0
1609227613.95	20000	22.196887	0.0	1702477	231	20.0
1609227614.24	20000	22.906404	0.0	1531670	208	20.0
1609227614.58	20000	23.569666	0.0	1863424	253	20.0
1609227614.99	20000	24.168146	0.0	1987392	317	20.0
1609227615.47	20000	24.681449	0.0	2505586	400	20.0
1609227617.81	20000	23.342	0.0	9620218	2206	20.0
1609227618.36	20000	23.798435	0.0	2561608	453	20.0
1609227619.32	20000	23.834073	0.0	3633991	870	20.0
1609227621.14	20000	23.01997	0.0	3324070	1721	20.0
1609227621.83	20000	23.328735	0.0	1560020	606	20.0
1609227622.65	20000	23.508191	0.0	1429188	737	20.0
1609227623.65	20000	23.515722	0.0	1754144	907	20.0
1609227624.71	20000	23.451165	0.0	1626020	981	20.0
1609227625.28	20000	23.887134	0.0	1739228	480	20.0
1609227625.76	20000	24.403582	0.0	1722735	400	20.0
1609227626.07	20000	25.098108	0.0	1538145	223	20.0
1609227626.36	20000	25.802659	0.0	1473412	213	20.0
1609227626.66	20000	26.503942	0.0	1498968	217	20.0
1609227627.21	20000	26.960504	0.0	2247334	455	20.0
1609227627.97	20000	27.200295	0.0	3156442	667	20.0
1609227628.48	20000	27.688377	0.0	1895098	424	20.0
1609227629.05	20000	28.124513	0.0	1939135	477	20.0
1609227629.61	20000	28.559992	0.0	1842874	477	20.0
1609227630.14	20000	29.03049	0.0	2235830	442	20.0
1609227630.67	20000	29.508327	0.0	2202171	435	20.0
1609227631.16	20000	30.014225	0.0	2242042	405	20.0
1609227631.44	20000	30.737215	0.0	1081763	193	20.0
1609227632.02	20000	31.159936	0.0	2409013	490	20.0
1609227632.46	20000	31.715623	0.0	1615028	361	20.0
1609227632.82	20000	32.357547	0.0	1413467	274	20.0
1609227633.17	20000	33.008072	0.0	1632450	259	20.0
1609227634.33	20000	32.853487	0.0	5664827	1048	20.0
1609227636.36	20000	31.826375	0.0	4578115	1928	20.0
1609227636.98	20000	32.201541	0.0	1783835	541	20.0
1609227637.33	20000	32.854139	0.0	1093613	264	20.0
1609227637.65	20000	33.537826	0.0	975642	235	20.0
1609227638.25	20000	33.940154	0.0	1658005	514	20.0
1609227639.71	20000	33.480708	0.0	3055257	1367	20.0
1609227640.58	20000	33.60706	0.0	5355572	769	20.0
1609227641.17	20000	34.021158	0.0	3278424	495	20.0
1609227641.61	20000	34.578143	0.0	2318501	356	20.0
1609227642.16	20000	35.02803	0.0	2473561	462	20.0
1609227642.59	20000	35.600614	0.0	1730311	340	20.0
1609227642.92	20000	36.274575	0.0	1455812	244	20.0
1609227643.44	20000	36.752532	0.0	2869222	433	20.0
1609227643.95	20000	37.244316	0.0	3226650	417	20.0
1609227644.32	20000	37.877741	0.0	2705936	277	20.0
1609227644.72	20000	38.47972	0.0	2998622	308	20.0
1609227645.14	20000	39.058447	0.0	2928342	331	20.0
1609227645.58	20000	39.619984	0.0	3059979	349	20.0
1609227646.07	20000	40.126193	0.0	3367422	403	20.0
1609227646.4	20000	40.798716	0.0	1950694	241	20.0
1609227646.67	20000	41.52731	0.0	1541020	190	20.0
1609227647.11	20000	42.094097	0.0	2926720	346	20.0
1609227647.56	20000	42.646474	0.0	2991202	350	20.0
1609227648.03	20000	43.175847	0.0	3002106	381	20.0
1609227648.4	20000	43.810537	0.0	2015412	278	20.0
1609227648.87	20000	44.335349	0.0	2894863	384	20.0
1609227649.18	20000	45.029695	0.0	2185316	215	20.0
1609227649.61	20000	45.601961	0.0	3370605	334	20.0
1609227649.98	20000	46.232688	0.0	3492243	275	20.0
1609227650.15	20000	47.064015	0.0	1307592	84	20.0
1609227650.36	20000	47.85586	0.0	1881404	122	20.0
1609227650.56	20000	48.654633	0.0	1806471	117	20.0
1609227650.77	20000	49.44349	0.0	1945842	126	20.0
1609227651.08	20000	50.138376	0.0	2538877	217	20.0
1609227651.36	20000	50.855237	0.0	2298557	197	20.0
1609227651.7	20000	51.521403	0.0	2831497	242	20.0
1609227652.2	20000	52.02227	0.0	3200905	402	20.0
1609227652.59	20000	52.629457	0.0	2180586	306	20.0
1609227652.88	20000	53.341728	0.0	1500505	207	20.0
1609227653.22	20000	53.997779	0.0	1939246	259	20.0
1609227653.52	20000	54.703066	0.0	1599193	213	20.0
1609227654.24	20000	54.980984	0.0	2364826	637	20.0
1609227655.36	20000	54.867117	0.0	2517454	1027	20.0
1609227656.08	20000	55.150245	0.0	1883143	630	20.0
1609227656.49	20000	55.733348	0.0	1726706	332	20.0
1609227656.71	20000	56.520485	0.0	707364	134	20.0
1609227659.84	20000	54.390792	0.0	796460	3051	20.0
1609227660.17	20000	55.064304	0.0	596962	242	20.0
1609227660.64	20000	55.592596	0.0	947625	389	20.0
1609227661.0	20000	56.230018	0.0	832859	284	20.0
1609227661.12	20000	57.116168	0.0	151562	37	20.0
1609227661.2	20000	58.02932	0.0	90390	20	20.0
1609227661.27	20000	58.965092	0.0	50278	9	20.0
1609227661.32	20000	59.91735	0.0	26471	2	20.0
1609227662.36	20000	59.96002	0.0	40620	5	20.0
1609227662.88	4000	1.000999	0.2	334032	188	-4.0
1609227663.32	2000	1.828818	0.0	1072422	353	0.0
1609227663.78	2000	2.375386	0.0	1121405	368	2.0
1609227664.23	2000	2.936047	0.0	728514	371	2.0
1609227665.04	16000	3.131371	0.0	1661718	716	2.0
1609227665.35	16000	3.821059	0.0	1315024	231	16.0
1609227665.55	20000	4.622996	0.0	698359	121	16.0
1609227665.75	20000	5.42188	0.0	730082	126	20.0
1609227666.43	20000	5.743815	0.0	4047415	582	20.0
1609227666.91	20000	6.260944	0.0	2863079	397	20.0
1609227667.78	20000	6.623039	0.0	4167844	771	20.0
1609227669.2	20000	6.20774	0.0	5571764	1302	20.0
1609227670.4	20000	6.003182	0.0	4925652	1103	20.0
1609227670.89	20000	6.51673	0.0	2030157	400	20.0
1609227671.43	20000	6.977064	0.0	2240782	453	20.0
1609227671.96	20000	7.442568	0.0	2211169	447	20.0
1609227672.12	20000	8.291858	0.0	382046	72	20.0
1609227672.42	20000	8.98996	0.0	1113969	218	20.0
1609227672.67	20000	9.742292	0.0	820127	159	20.0
1609227674.17	20000	9.240972	0.0	6357933	1385	20.0
1609227675.44	20000	8.969037	0.0	4814284	1172	20.0
1609227676.32	20000	9.09547	0.0	3419258	778	20.0
1609227677.3	20000	9.108956	0.0	3944328	892	20.0
1609227678.4	20000	9.013182	0.0	4284196	998	20.0
1609227679.19	20000	9.229853	0.0	3022025	686	20.0
1609227679.73	20000	9.689558	0.0	2248581	455	20.0
1609227682.06	20000	8.35378	0.0	9946363	2190	20.0
1609227685.57	20000	5.844622	0.0	11684632	3366	20.0
1609227686.18	20000	6.234756	0.0	1849732	524	20.0
1609227686.73	20000	6.689199	0.0	1942795	460	20.0
1609227687.38	20000	7.045606	0.0	1704756	559	20.0
1609227688.19	20000	7.237325	0.0	1697111	723	20.0
1609227688.68	20000	7.74652	0.0	1529441	408	20.0
