1609155352.9	4000	1.000999	0.126	60629	115	-2.52
1609155354.98	4000	1.414786	1.465	6594552	2015	-25.3
1609155356.58	4000	1.37659	0.21	4402139	1573	-0.20000000000000018
1609155357.02	4000	1.945432	0.0	1043358	428	4.0
1609155357.26	4000	2.715903	0.0	567502	215	4.0
1609155357.4	4000	3.569903	0.0	472646	131	4.0
1609155357.49	4000	4.481601	0.0	274373	73	4.0
1609155357.56	4000	5.410918	0.0	222226	59	4.0
1609155357.93	4000	6.048665	0.0	1213073	343	4.0
1609155358.21	4000	6.771193	0.0	927735	262	4.0
1609155358.47	4000	7.510474	0.0	1463326	241	4.0
1609155358.98	8000	7.998322	0.0	3005823	481	4.0
1609155359.45	8000	8.531216	0.0	2879726	434	8.0
1609155359.64	8000	9.336878	0.0	1267052	177	8.0
1609155359.85	8000	10.134554	0.0	1316661	184	8.0
1609155360.04	8000	10.940455	0.0	1263534	176	8.0
1609155360.09	12000	11.890225	0.0	243072	31	8.0
1609155360.22	12000	12.765539	0.0	793783	109	12.0
1609155360.3	12000	13.685587	0.0	531720	66	12.0
1609155360.98	12000	14.00338	0.0	5045162	647	12.0
1609155361.5	12000	14.490572	0.0	3858422	483	12.0
1609155361.85	12000	15.134805	0.0	2713103	332	12.0
1609155362.38	16000	15.612304	0.0	3944328	486	12.0
1609155362.97	16000	16.021927	0.0	4284196	558	16.0
1609155363.39	16000	16.598671	0.0	3022025	396	16.0
1609155363.72	16000	17.269565	0.0	2248581	306	16.0
1609155365.22	16000	16.774067	0.0	9946363	1417	16.0
1609155366.71	12000	16.284235	0.0	9808342	1421	8.0
1609155366.9	8000	17.098611	0.0	1127469	166	4.0
1609155367.09	8000	17.908071	0.0	1179779	174	8.0
1609155367.26	8000	18.732451	0.0	1078151	158	8.0
1609155367.44	8000	19.560918	0.0	1086181	154	8.0
1609155367.6	8000	20.395365	0.0	1029204	148	8.0
1609155367.82	12000	21.184684	0.0	1314540	190	8.0
1609155368.05	12000	21.96244	0.0	1407326	204	12.0
1609155368.24	12000	22.766034	0.0	1196263	170	12.0
1609155368.47	12000	23.533692	0.0	1627563	213	12.0
1609155368.61	12000	24.391238	0.0	987649	124	12.0
1609155368.74	12000	25.267235	0.0	864635	109	12.0
1609155368.98	16000	26.02725	0.0	1700843	216	12.0
1609155369.33	16000	26.679896	0.0	2536859	324	16.0
1609155370.03	16000	26.976044	0.0	4742872	670	16.0
1609155370.79	16000	27.218645	0.0	4955535	721	16.0
1609155371.0	16000	28.014641	0.0	1260540	185	16.0
1609155371.51	16000	28.501638	0.0	3605246	478	16.0
1609155371.85	16000	29.165738	0.0	2770338	311	16.0
1609155372.08	20000	29.937405	0.0	1855168	208	16.0
1609155372.28	20000	30.731625	0.0	1666915	187	20.0
1609155372.47	20000	31.546905	0.0	1555467	166	20.0
1609155372.59	20000	32.424253	0.0	1008919	106	20.0
1609155372.74	20000	33.278217	0.0	1227619	130	20.0
1609155372.87	20000	34.143731	0.0	1015853	106	20.0
1609155372.93	20000	35.09143	0.0	384076	40	20.0
1609155372.97	20000	36.050016	0.0	295687	30	20.0
1609155373.13	20000	36.893234	0.0	1328674	141	20.0
1609155373.3	20000	37.717425	0.0	1492829	158	20.0
1609155373.54	20000	38.487004	0.0	1484812	211	20.0
1609155373.83	20000	39.190229	0.0	1868314	276	20.0
1609155374.04	20000	39.98932	0.0	1253406	184	20.0
1609155374.18	20000	40.84409	0.0	887933	129	20.0
1609155374.36	20000	41.664205	0.0	1153403	164	20.0
1609155374.53	20000	42.49504	0.0	1249023	153	20.0
1609155374.73	20000	43.301377	0.0	1423973	175	20.0
1609155374.87	20000	44.156247	0.0	1060162	130	20.0
1609155375.03	20000	45.008949	0.0	1080597	132	20.0
1609155375.19	20000	45.844911	0.0	1156442	143	20.0
1609155375.45	20000	46.579087	0.0	2222640	243	20.0
1609155375.72	20000	47.311904	0.0	2587311	244	20.0
1609155375.95	20000	48.083877	0.0	2178351	206	20.0
1609155376.27	20000	48.763413	0.0	3121089	295	20.0
1609155376.61	20000	49.427825	0.0	2857420	311	20.0
1609155376.82	20000	50.216447	0.0	1702477	193	20.0
1609155377.01	20000	51.023737	0.0	1531670	174	20.0
1609155377.25	20000	51.792351	0.0	1863424	212	20.0
1609155377.56	20000	52.479658	0.0	1987392	291	20.0
1609155378.02	20000	53.023803	0.0	2505586	434	20.0
1609155379.05	20000	52.989754	0.0	9620218	975	20.0
1609155379.29	20000	53.751474	0.0	2561608	213	20.0
1609155379.71	20000	54.334978	0.0	3633991	386	20.0
1609155380.11	20000	54.93367	0.0	3324070	373	20.0
1609155380.31	20000	55.740842	0.0	1560020	174	20.0
1609155380.48	20000	56.573431	0.0	1429188	150	20.0
1609155380.68	20000	57.37297	0.0	1754144	179	20.0
1609155380.86	20000	58.187439	0.0	1626020	167	20.0
1609155381.06	20000	58.990533	0.0	1739228	177	20.0
1609155381.26	20000	59.794734	0.0	1722735	176	20.0
1609155382.44	20000	59.654025	0.0	1538145	156	20.0
1609155383.61	20000	59.655006	0.0	1473412	154	20.0
1609155384.28	20000	59.906079	0.0	1498968	149	20.0
1609155385.59	20000	59.657091	0.0	2247334	286	20.0
1609155386.55	20000	59.658078	0.0	3156442	430	20.0
1609155387.32	20000	59.909094	0.0	1895098	246	20.0
1609155388.61	20000	59.660067	0.0	1939135	270	20.0
1609155389.46	20000	59.661099	0.0	1842874	332	20.0
1609155390.33	20000	59.731673	0.0	2235830	843	20.0
1609155391.28	16000	59.913066	0.0	2202171	421	12.0
1609155392.56	12000	59.664097	0.0	1751030	261	8.0
1609155393.25	12000	59.915097	0.0	875075	166	12.0
1609155394.16	12000	59.916121	0.0	1998050	387	12.0
1609155395.44	12000	59.667024	0.0	1336691	263	12.0
1609155396.2	12000	59.918007	0.0	1179696	247	12.0
1609155397.49	12000	59.669079	0.0	1291599	269	12.0
1609155398.56	12000	59.669998	0.0	4082189	532	12.0
1609155399.54	12000	59.671004	0.0	3284299	455	12.0
1609155400.26	12000	59.922033	0.0	1412347	195	12.0
1609155401.43	16000	59.673056	0.0	1093613	150	12.0
1609155402.58	16000	59.674019	0.0	975642	128	16.0
1609155403.36	16000	59.925053	0.0	1658005	264	16.0
1609155404.38	16000	59.889249	0.0	3055257	487	16.0
1609155405.26	16000	59.818631	0.0	5355572	843	16.0
1609155406.42	16000	59.678	0.0	3278424	632	16.0
1609155407.5	16000	59.679071	0.0	2318501	544	16.0
1609155408.29	12000	59.930067	0.0	2005276	265	8.0
1609155409.48	12000	59.681036	0.0	1359018	170	12.0
1609155410.15	12000	59.932078	0.0	1134985	153	12.0
1609155411.48	12000	59.683026	0.0	2294159	307	12.0
1609155412.42	12000	59.684098	0.0	2601076	413	12.0
1609155413.33	12000	59.93501	0.0	2155956	378	12.0
1609155414.31	12000	59.93604	0.0	2411136	461	12.0
1609155415.28	12000	59.937036	0.0	2355841	447	12.0
1609155416.33	16000	59.938065	0.0	3059979	509	12.0
1609155417.33	16000	59.93913	0.0	3367422	471	16.0
1609155418.59	16000	59.689911	0.0	1950694	237	16.0
1609155419.25	16000	59.941006	0.0	1541020	131	16.0
1609155420.53	16000	59.692018	0.0	2926720	251	16.0
1609155421.35	16000	59.943014	0.0	2991202	300	16.0
1609155422.2	16000	59.94402	0.0	3002106	314	16.0
1609155423.44	16000	59.695002	0.0	2015412	220	16.0
1609155424.26	16000	59.946012	0.0	2894863	296	16.0
1609155425.54	16000	59.696996	0.0	2185316	255	16.0
1609155426.43	20000	59.698019	0.0	3370605	350	16.0
1609155427.32	20000	59.94901	0.0	3492243	361	20.0
1609155428.5	20000	59.69999	0.0	1307592	156	20.0
1609155429.31	20000	59.950999	0.0	1881404	291	20.0
1609155430.55	20000	59.702003	0.0	1806471	210	20.0
1609155431.35	20000	59.953123	0.0	1945842	279	20.0
1609155432.24	20000	59.953997	0.0	2538877	370	20.0
1609155433.62	20000	59.704991	0.0	2298557	347	20.0
1609155434.32	20000	59.78407	0.0	2831497	676	20.0
1609155435.49	20000	59.707036	0.0	3200905	635	20.0
1609155436.36	16000	59.958023	0.0	2180586	353	12.0
1609155437.58	12000	59.709008	0.0	1171248	189	8.0
1609155438.33	12000	59.960087	0.0	1549070	227	12.0
1609155439.56	12000	59.711026	0.0	1299702	206	12.0
1609155440.43	12000	59.712003	0.0	1877910	354	12.0
1609155441.48	12000	59.712996	0.0	1991172	522	12.0
1609155442.41	12000	59.714001	0.0	1469635	406	12.0
1609155443.27	12000	59.965123	0.0	1366341	342	12.0
1609155444.38	12000	59.966023	0.0	564365	93	12.0
1609155445.27	12000	59.967007	0.0	622694	372	12.0
1609155446.33	8000	59.968008	0.0	318722	45	4.0
1609155447.44	8000	59.719008	0.0	566180	90	8.0
1609155448.57	8000	59.720012	0.0	531853	111	8.0
1609155449.6	8000	59.721028	0.0	95334	13	8.0
1609155450.61	8000	59.722092	0.0	52187	4	8.0
1609155451.64	12000	59.723092	0.0	50504	2	8.0
1609155452.15	12000	59.974014	0.0	24518	4	12.0
1609155453.17	8000	59.974999	0.0	26015	3	4.0
1609155453.47	4000	1.000999	0.015	60629	4	-0.2999999999999998
1609155454.12	4000	1.368404	0.0	6594552	580	4.0
1609155454.52	4000	2.027257	0.0	4402139	357	4.0
1609155454.62	4000	3.028257	0.0	1043358	83	4.0
1609155454.72	8000	3.989204	0.0	946554	76	4.0
1609155454.8	8000	4.912817	0.0	768486	61	8.0
1609155454.85	8000	5.865894	0.0	398693	34	8.0
1609155454.89	8000	6.821577	0.0	358785	32	8.0
1609155455.09	8000	7.630431	0.0	1838971	173	8.0
1609155455.29	12000	8.524362	0.0	1861181	176	8.0
1609155455.58	12000	9.244332	0.0	2835412	267	12.0
1609155455.98	12000	9.864596	0.0	4074608	364	12.0
1609155456.32	12000	10.523704	0.0	3844696	310	12.0
1609155456.47	12000	11.374205	0.0	1630440	131	12.0
1609155456.63	12000	12.217423	0.0	1712120	137	12.0
1609155456.84	16000	13.005384	0.0	2211169	178	12.0
1609155456.88	16000	13.966425	0.0	382046	25	16.0
1609155456.97	16000	14.873413	0.0	1113969	77	16.0
1609155457.04	16000	15.802638	0.0	820127	56	16.0
1609155457.53	16000	16.31999	0.0	6357933	442	16.0
1609155457.9	16000	16.953877	0.0	4814284	331	16.0
1609155458.14	16000	17.71368	0.0	3419258	212	16.0
1609155458.41	20000	18.439256	0.0	3944328	245	16.0
1609155458.71	20000	19.142043	0.0	4284196	266	20.0
1609155458.97	20000	19.88581	0.0	3022025	230	20.0
1609155459.23	20000	20.621175	0.0	2248581	237	20.0
1609155460.38	20000	20.473036	0.0	9946363	1074	20.0
1609155462.24	20000	19.615553	0.0	11684632	1783	20.0
1609155462.58	16000	20.281791	0.0	1849732	313	12.0
1609155462.86	12000	20.995339	0.0	1560434	265	8.0
1609155473.97	12000	10.885672	0.0	1396705	11084	12.0
1609155474.23	8000	11.631217	0.0	1086181	234	4.0
