1609200030.77	4000	1.000999	0.149	60629	138	-2.98
1609200035.48	2000	1.413813	4.1	1072422	4618	-82.0
1609200039.38	2000	1.266033	2.75	1121405	3814	-53.0
1609200041.22	2000	1.267317	0.845	728514	1759	-14.899999999999999
1609200043.04	8000	1.362978	0.911	946554	1722	-16.22
1609200044.49	8000	1.494753	0.35	768486	1362	1.0
1609200045.43	8000	1.546447	0.0	398693	863	8.0
1609200046.28	8000	1.701042	0.0	358785	764	8.0
1609200048.55	2000	1.348088	0.909	1172629	2172	-22.18
1609200050.27	2000	1.272558	0.636	740561	1644	-10.72
1609200052.21	2000	1.409872	1.072	905521	1852	-19.44
1609200054.3	2000	1.48316	1.165	975494	2009	-21.3
1609200056.23	2000	1.399209	0.846	873443	1847	-14.920000000000002
1609200057.38	2000	1.496197	0.249	420093	1071	-2.9800000000000004
1609200061.15	4000	1.497324	2.767	929156	3673	-53.34
1609200063.1	4000	1.497095	0.724	886614	1867	-10.48
1609200063.38	4000	2.219429	0.0	90752	199	4.0
1609200064.62	4000	1.978445	0.0	376357	1163	4.0
1609200065.42	2000	2.186496	0.0	180836	712	0.0
1609200069.04	2000	1.474326	1.911	1138797	3543	-36.22
1609200072.03	2000	1.386384	1.903	922146	2909	-36.06
1609200073.85	2000	1.289577	0.718	760526	1731	-12.36
1609200076.47	2000	1.258009	1.589	866360	2538	-29.78
1609200078.6	2000	1.34716	1.224	821406	2055	-22.48
1609200080.08	2000	1.321952	0.455	576666	1400	-7.1
1609200081.65	2000	1.277801	0.524	399536	1489	-8.48
1609200089.14	2000	1.301879	6.514	2503359	7392	-128.28
1609200098.77	2000	1.315807	8.637	2158640	9529	-170.74
1609200100.19	2000	1.453859	0.558	352618	1341	-9.16
1609200102.44	4000	1.262298	1.06	795179	2167	-19.2
1609200103.98	4000	1.495174	0.552	741228	1464	-7.039999999999999
1609200105.46	8000	1.297774	0.282	1086181	1393	-1.6399999999999997
1609200106.75	4000	1.33081	0.314	769288	1195	-6.28
1609200108.45	4000	1.395706	0.768	779865	1619	-11.36
1609200109.75	4000	1.415005	0.313	838056	1212	-2.26
1609200110.61	4000	1.551678	0.0	709811	779	4.0
1609200112.42	8000	1.480293	0.738	1356524	1718	-10.76
1609200113.86	8000	1.468887	0.43	801103	1354	-0.5999999999999996
1609200114.86	8000	1.471676	0.0	686354	913	8.0
1609200116.29	8000	1.400412	0.362	1097671	1347	0.7599999999999998
1609200118.25	4000	1.263294	0.816	1035369	1863	-16.32
1609200119.9	8000	1.330477	0.713	1172467	1553	-10.26
1609200122.31	8000	1.294423	1.38	1818385	2324	-19.6
1609200123.48	8000	1.424895	0.303	890138	1087	1.9400000000000004
1609200125.58	4000	1.479213	1.147	1538893	2004	-22.94
1609200127.81	4000	1.377524	1.124	1116845	2140	-18.48
1609200129.8	8000	1.252817	0.869	1153767	1905	-13.379999999999999
1609200131.22	8000	1.373126	0.538	1020736	1332	-2.76
1609200133.02	8000	1.412372	0.836	965874	1713	-8.719999999999999
1609200134.5	8000	1.499793	0.565	762421	1387	-3.3000000000000007
1609200136.38	4000	1.315924	0.702	642153	1800	-14.04
1609200137.48	4000	1.269307	0.048	561624	1012	3.04
1609200137.91	20000	1.841723	0.0	384076	339	4.0
1609200138.25	20000	2.502653	0.0	295687	257	20.0
1609200139.55	16000	2.202933	0.0	1328674	1213	12.0
1609200141.51	16000	1.321608	0.08	1492829	1875	14.4
1609200143.03	8000	1.402052	0.597	1059850	1427	-11.94
1609200144.96	8000	1.499453	1.024	1192343	1841	-12.48
1609200146.47	8000	1.274013	0.285	755853	1424	2.3
1609200147.03	8000	1.706881	0.0	481371	483	8.0
1609200147.78	8000	1.96214	0.0	632141	661	8.0
1609200148.59	8000	2.155195	0.0	627832	723	8.0
1609200149.6	8000	2.149013	0.0	711870	924	8.0
1609200150.32	8000	2.423936	0.0	555825	641	8.0
1609200150.96	8000	2.785554	0.0	558836	558	8.0
1609200151.61	8000	3.135048	0.0	579891	569	8.0
1609200153.16	8000	2.591758	0.0	1196803	1458	8.0
1609200154.28	4000	2.468623	0.0	838282	1036	0.0
1609200155.65	2000	2.102607	0.0	477844	1281	0.0
1609200157.26	2000	1.488799	0.0	593358	1530	2.0
1609200158.33	2000	1.42557	0.0	552627	983	2.0
1609200159.55	2000	1.321783	0.115	356467	1139	-0.2999999999999998
1609200160.41	2000	1.4625	0.0	298528	779	2.0
1609200161.85	4000	1.438374	0.417	676507	1357	-6.34
1609200162.99	4000	1.503584	0.0	770118	1060	4.0
1609200164.54	4000	1.491086	0.529	962786	1458	-6.58
1609200168.34	2000	1.271235	2.582	2234357	3692	-51.64
1609200169.4	8000	1.355786	0.148	1677334	974	-0.96
1609200170.82	8000	1.477648	0.328	2233179	1323	1.4400000000000004
1609200173.0	8000	1.306194	1.008	2053317	2089	-12.16
1609200173.88	8000	1.4309	0.0	953056	791	8.0
1609200175.01	16000	1.316254	0.02	1429188	1048	7.6
1609200175.96	20000	1.372692	0.0	1754144	856	16.0
1609200176.71	20000	1.621348	0.0	1626020	665	20.0
1609200177.51	20000	1.816632	0.0	1739228	719	20.0
1609200178.31	20000	2.024601	0.0	1722735	706	20.0
1609200179.18	16000	2.157799	0.0	1538145	781	12.0
1609200180.37	16000	1.96014	0.0	1473412	1109	16.0
1609200181.78	16000	1.551396	0.0	1498968	1322	16.0
1609200183.17	12000	1.342902	0.184	1739841	1296	4.32
1609200184.38	8000	1.278613	0.137	1822246	1111	1.2599999999999998
1609200185.23	8000	1.428194	0.0	1089714	765	8.0
1609200186.16	8000	1.499882	0.0	1097827	843	8.0
1609200187.34	16000	1.417878	0.103	1842874	1088	5.9399999999999995
1609200188.64	16000	1.271218	0.151	2235830	1208	12.98
1609200189.97	16000	1.422347	0.481	2202171	1239	6.380000000000001
1609200191.54	16000	1.403618	0.552	2242042	1481	4.960000000000001
1609200192.31	16000	1.635153	0.0	1081763	681	16.0
1609200194.03	8000	1.452899	0.534	1606544	1625	-10.68
1609200194.95	8000	1.53523	0.0	1066218	834	8.0
1609200195.68	12000	1.799453	0.0	1179696	647	8.0
1609200196.48	12000	2.004941	0.0	1291599	709	12.0
1609200198.38	12000	1.494994	0.385	4082189	1796	4.3
1609200199.98	12000	1.375191	0.483	3284299	1507	2.34
1609200200.71	20000	1.644384	0.0	1783835	642	12.0
1609200201.26	20000	2.095638	0.0	1093613	466	20.0
1609200201.77	16000	2.591696	0.0	975642	421	12.0
1609200202.71	16000	2.649354	0.0	1658005	857	16.0
1609200204.32	16000	2.043479	0.0	3055257	1510	16.0
1609200205.61	8000	1.751242	0.0	2618824	1197	0.0
1609200207.18	8000	1.370255	0.186	1820110	1482	4.279999999999999
1609200208.26	16000	1.307239	0.016	2318501	988	7.68
1609200209.26	16000	1.323421	0.024	2473561	918	15.52
1609200210.15	16000	1.442354	0.0	1730311	796	16.0
1609200211.08	16000	1.509573	0.0	1455812	846	16.0
1609200213.0	16000	1.349859	0.755	2869222	1824	0.9000000000000004
1609200213.8	8000	1.548135	0.0	1969173	710	0.0
1609200214.84	8000	1.505674	0.0	1618621	956	8.0
1609200215.99	8000	1.355886	0.0	1825708	1062	8.0
1609200217.04	8000	1.358412	0.053	1780068	963	6.9399999999999995
1609200218.06	8000	1.411769	0.067	1844656	926	6.66
1609200219.75	16000	1.479389	0.757	3367422	1594	-7.140000000000001
1609200220.58	16000	1.644708	0.0	1950694	748	16.0
1609200221.2	16000	2.024916	0.0	1541020	534	16.0
1609200222.2	16000	2.028945	0.0	2926720	905	16.0
1609200223.11	16000	2.122663	0.0	2991202	814	16.0
1609200224.09	16000	2.143985	0.0	3002106	885	16.0
1609200224.77	16000	2.458755	0.0	2015412	596	16.0
1609200225.72	16000	2.509907	0.0	2894863	855	16.0
1609200226.78	16000	2.457468	0.0	2185316	964	16.0
1609200228.18	20000	2.059495	0.0	3370605	1302	16.0
1609200229.44	20000	1.792582	0.0	3492243	1165	20.0
1609200229.99	20000	2.243912	0.0	1307592	464	20.0
1609200230.82	20000	2.415621	0.0	1881404	742	20.0
1609200232.0	20000	2.244156	0.0	1806471	1085	20.0
1609200232.98	16000	2.262273	0.0	1945842	895	12.0
1609200234.32	16000	1.924213	0.0	2538877	1250	16.0
1609200235.52	16000	1.718051	0.0	2298557	1119	16.0
1609200236.72	16000	1.520662	0.0	2831497	1106	16.0
1609200237.78	20000	1.469543	0.0	3200905	957	16.0
1609200238.5	20000	1.744854	0.0	2180586	635	20.0
1609200239.03	20000	2.218457	0.0	1500505	442	20.0
1609200239.71	20000	2.537489	0.0	1939246	595	20.0
1609200240.24	20000	3.010858	0.0	1599193	442	20.0
1609200240.92	20000	3.327174	0.0	2364826	594	20.0
1609200241.66	20000	3.589926	0.0	2517454	648	20.0
1609200242.24	20000	4.012695	0.0	1883143	489	20.0
1609200242.79	20000	4.463204	0.0	1726706	461	20.0
1609200243.06	20000	5.194188	0.0	707364	185	20.0
1609200243.36	20000	5.895541	0.0	796460	217	20.0
1609200243.6	20000	6.653446	0.0	596962	161	20.0
1609200243.94	20000	7.314007	0.0	947625	259	20.0
1609200244.24	20000	8.015464	0.0	832859	217	20.0
1609200244.36	20000	8.900664	0.0	151562	36	20.0
1609200244.45	20000	9.806504	0.0	90390	18	20.0
1609200244.52	20000	10.741743	0.0	50278	9	20.0
1609200244.57	20000	11.693054	0.0	26471	1	20.0
1609200244.61	20000	12.649611	0.0	40620	5	20.0
1609200244.64	8000	13.055163	67.367	11647	7	-1347.34
1609200245.03	4000	1.000999	-67.271	335737	85	1345.42
1609200246.73	4000	1.379044	0.796	6594552	1573	-11.92
1609200248.27	8000	1.446016	0.583	7078153	1424	-7.66
1609200248.97	20000	1.765574	0.0	3191121	603	8.0
1609200249.5	20000	2.233322	0.0	1661718	446	20.0
1609200249.96	20000	2.776127	0.0	1315024	373	20.0
1609200250.18	20000	3.55317	0.0	698359	143	20.0
1609200250.39	20000	4.343262	0.0	730082	129	20.0
1609200251.23	20000	4.515362	0.0	4047415	732	20.0
1609200251.85	16000	4.887784	0.0	2863079	528	12.0
1609200252.37	8000	5.374504	0.0	2052265	419	0.0
1609200253.14	8000	5.599884	0.0	3005823	678	8.0
1609200255.66	20000	4.085293	0.0	4925652	2412	8.0
1609200256.15	20000	4.589623	0.0	2030157	409	20.0
1609200256.77	20000	4.971794	0.0	2240782	531	20.0
1609200257.39	20000	5.351193	0.0	2211169	534	20.0
1609200257.56	20000	6.181851	0.0	382046	92	20.0
1609200257.92	20000	6.823689	0.0	1113969	277	20.0
1609200258.2	20000	7.545351	0.0	820127	198	20.0
1609200259.83	20000	6.917856	0.0	6357933	1518	20.0
