1609233812.78	4000	1.000999	0.016	60629	5	-0.31999999999999984
1609233813.89	4000	1.457935	0.535	6594552	962	-6.699999999999999
1609233814.69	4000	1.886831	0.0	4402139	696	4.0
1609233815.26	20000	2.334211	0.0	3191121	475	4.0
1609233815.59	20000	3.004765	0.0	1661718	244	20.0
1609233815.89	20000	3.707879	0.0	1315024	213	20.0
1609233816.09	20000	4.51324	0.0	698359	112	20.0
1609233816.29	20000	5.312427	0.0	730082	117	20.0
1609233816.95	20000	5.651939	0.0	4047415	560	20.0
1609233817.4	20000	6.197274	0.0	2863079	361	20.0
1609233818.02	20000	6.587157	0.0	4167844	513	20.0
1609233818.82	20000	6.787201	0.0	5571764	693	20.0
1609233819.57	20000	7.03343	0.0	4925652	639	20.0
1609233819.88	20000	7.724325	0.0	2030157	219	20.0
1609233820.22	20000	8.39136	0.0	2240782	241	20.0
1609233820.54	20000	9.06237	0.0	2211169	238	20.0
1609233820.66	20000	9.945023	0.0	382046	36	20.0
1609233820.86	20000	10.750805	0.0	1113969	111	20.0
1609233821.03	20000	11.584096	0.0	820127	80	20.0
1609233821.78	20000	11.829267	0.0	6357933	643	20.0
1609233822.39	20000	12.225025	0.0	4814284	501	20.0
1609233822.88	20000	12.734725	0.0	3419258	395	20.0
1609233823.47	20000	13.141992	0.0	3944328	498	20.0
1609233824.0	20000	13.613509	0.0	4284196	429	20.0
1609233824.38	20000	14.232373	0.0	3022025	289	20.0
1609233824.68	20000	14.934597	0.0	2248581	210	20.0
1609233825.68	20000	14.93405	0.0	9946363	856	20.0
1609233827.06	20000	14.564157	0.0	11684632	1230	20.0
1609233827.32	20000	15.296723	0.0	1849732	180	20.0
1609233827.61	20000	16.009588	0.0	1942795	189	20.0
1609233827.87	20000	16.753914	0.0	1704756	164	20.0
1609233828.12	20000	17.500568	0.0	1697111	164	20.0
1609233828.36	20000	18.263934	0.0	1529441	147	20.0
1609233828.6	20000	19.02726	0.0	1568649	151	20.0
1609233828.99	20000	19.638166	0.0	1677618	301	20.0
1609233829.33	20000	20.298941	0.0	1415096	254	20.0
1609233829.72	20000	20.907914	0.0	1894067	304	20.0
1609233829.92	20000	21.706461	0.0	1186604	112	20.0
1609233830.11	20000	22.522325	0.0	1068386	101	20.0
1609233830.36	20000	23.274559	0.0	1700843	162	20.0
1609233830.69	20000	23.942582	0.0	2536859	243	20.0
1609233831.44	20000	24.194797	0.0	4742872	647	20.0
1609233832.07	20000	24.566307	0.0	4955535	527	20.0
1609233832.27	20000	25.361319	0.0	1260540	121	20.0
1609233832.72	20000	25.91439	0.0	3605246	350	20.0
1609233833.12	20000	26.519964	0.0	2770338	303	20.0
1609233833.41	20000	27.229805	0.0	1855168	202	20.0
1609233833.68	20000	27.959054	0.0	1666915	181	20.0
1609233834.06	20000	28.57893	0.0	1555467	292	20.0
1609233834.33	20000	29.307604	0.0	1008919	189	20.0
1609233834.65	20000	29.99369	0.0	1227619	230	20.0
1609233834.87	20000	30.77004	0.0	1015853	139	20.0
1609233835.01	20000	31.637987	0.0	384076	50	20.0
1609233835.13	20000	32.519933	0.0	295687	39	20.0
1609233835.39	20000	33.252322	0.0	1328674	183	20.0
1609233835.69	20000	33.96118	0.0	1492829	206	20.0
1609233835.96	20000	34.684804	0.0	1484812	191	20.0
1609233836.29	20000	35.355146	0.0	1868314	242	20.0
1609233836.54	20000	36.109522	0.0	1253406	161	20.0
1609233836.74	20000	36.915268	0.0	887933	111	20.0
1609233836.96	20000	37.6893	0.0	1153403	141	20.0
1609233837.2	20000	38.452289	0.0	1249023	153	20.0
1609233837.46	20000	39.192211	0.0	1423973	176	20.0
1609233837.68	20000	39.978946	0.0	1060162	130	20.0
1609233837.9	20000	40.752429	0.0	1080597	143	20.0
1609233838.14	20000	41.513971	0.0	1156442	154	20.0
1609233838.53	20000	42.125773	0.0	2222640	297	20.0
1609233838.95	20000	42.709798	0.0	2587311	322	20.0
1609233839.3	20000	43.358199	0.0	2178351	262	20.0
1609233839.78	20000	43.881136	0.0	3121089	380	20.0
1609233840.29	20000	44.377286	0.0	2857420	410	20.0
1609233840.62	20000	45.045264	0.0	1702477	243	20.0
1609233840.93	20000	45.731089	0.0	1531670	227	20.0
1609233841.31	20000	46.359359	0.0	1863424	281	20.0
1609233841.7	20000	46.969758	0.0	1987392	300	20.0
1609233842.2	20000	47.470492	0.0	2505586	408	20.0
1609233843.78	20000	46.886286	0.0	9620218	1458	20.0
1609233844.32	20000	47.352263	0.0	2561608	444	20.0
1609233845.1	20000	47.568349	0.0	3633991	687	20.0
1609233846.89	20000	46.786072	0.0	3324070	1684	20.0
1609233847.45	20000	47.224241	0.0	1560020	477	20.0
1609233847.87	20000	47.80739	0.0	1429188	330	20.0
1609233848.18	20000	48.496789	0.0	1754144	224	20.0
1609233848.47	20000	49.201481	0.0	1626020	207	20.0
1609233848.79	20000	49.891488	0.0	1739228	221	20.0
1609233849.16	20000	50.521201	0.0	1722735	280	20.0
1609233849.49	20000	51.185683	0.0	1538145	249	20.0
1609233849.82	20000	51.862864	0.0	1473412	238	20.0
1609233850.16	20000	52.519465	0.0	1498968	258	20.0
1609233850.64	20000	53.041113	0.0	2247334	389	20.0
1609233851.3	20000	53.382565	0.0	3156442	565	20.0
1609233851.73	20000	53.955898	0.0	1895098	341	20.0
1609233852.2	20000	54.48037	0.0	1939135	389	20.0
1609233852.67	20000	55.02025	0.0	1842874	373	20.0
1609233853.26	20000	55.422795	0.0	2235830	500	20.0
1609233853.86	20000	55.831605	0.0	2202171	503	20.0
1609233854.42	20000	56.265565	0.0	2242042	477	20.0
1609233854.74	20000	56.953495	0.0	1081763	228	20.0
1609233855.4	20000	57.294675	0.0	2409013	567	20.0
1609233855.86	20000	57.832305	0.0	1615028	376	20.0
1609233856.24	20000	58.454767	0.0	1413467	292	20.0
1609233856.66	20000	59.032538	0.0	1632450	337	20.0
1609233857.92	20000	58.776159	0.0	5664827	1146	20.0
1609233858.89	20000	58.808182	0.0	4578115	865	20.0
1609233859.34	20000	59.359823	0.0	1783835	361	20.0
1609233860.14	20000	59.695524	0.0	1093613	220	20.0
1609233860.93	20000	59.946525	0.0	975642	205	20.0
1609233862.11	20000	59.589929	0.0	1658005	1086	20.0
1609233863.18	20000	59.698509	0.0	3055257	479	20.0
1609233863.93	20000	59.770393	0.0	5355572	647	20.0
1609233864.93	20000	59.950518	0.0	3278424	406	20.0
1609233865.83	20000	59.951482	0.0	2318501	306	20.0
1609233867.21	20000	59.702422	0.0	2473561	286	20.0
1609233868.0	20000	59.953566	0.0	1730311	204	20.0
1609233868.76	20000	59.954536	0.0	1455812	166	20.0
1609233870.17	20000	59.705417	0.0	2869222	324	20.0
1609233871.17	20000	59.706555	0.0	3226650	394	20.0
1609233872.11	20000	59.707475	0.0	2705936	351	20.0
1609233873.12	20000	59.708552	0.0	2998622	409	20.0
1609233874.11	20000	59.709429	0.0	2928342	398	20.0
1609233875.13	20000	59.71041	0.0	3059979	424	20.0
1609233876.17	20000	59.676019	0.0	3367422	445	20.0
1609233877.02	20000	59.712421	0.0	1950694	265	20.0
1609233877.85	20000	59.963513	0.0	1541020	227	20.0
1609233879.0	20000	59.718938	0.0	2926720	1058	20.0
1609233880.02	20000	59.71544	0.0	2991202	429	20.0
1609233880.76	20000	59.958794	0.0	3002106	640	20.0
1609233881.75	20000	59.96751	0.0	2015412	406	20.0
1609233882.95	20000	59.968514	0.0	2894863	602	20.0
1609233884.07	20000	59.719392	0.0	2185316	533	20.0
1609233885.2	20000	59.522431	0.0	3370605	1029	20.0
1609233886.06	20000	59.664492	0.0	3492243	764	20.0
1609233886.98	20000	59.97248	0.0	1307592	337	20.0
1609233888.03	20000	59.723425	0.0	1881404	458	20.0
1609233889.08	20000	59.724438	0.0	1806471	453	20.0
1609233889.79	20000	59.940641	0.0	1945842	620	20.0
1609233891.07	20000	59.660427	0.0	2538877	1192	20.0
1609233892.55	20000	59.176144	0.0	2298557	1386	20.0
1609233893.23	20000	59.501731	0.0	2831497	582	20.0
1609233894.21	20000	59.729426	0.0	3200905	380	20.0
1609233895.18	20000	59.730424	0.0	2180586	384	20.0
1609233896.01	20000	59.731437	0.0	1500505	243	20.0
1609233896.89	20000	59.982461	0.0	1939246	287	20.0
1609233898.22	20000	59.733427	0.0	1599193	242	20.0
1609233899.14	20000	59.734458	0.0	2364826	321	20.0
1609233900.09	20000	59.735471	0.0	2517454	359	20.0
1609233900.91	20000	59.986521	0.0	1883143	226	20.0
1609233902.19	20000	59.737506	0.0	1726706	195	20.0
1609233902.85	20000	59.988532	0.0	707364	72	20.0
1609233904.01	20000	59.739485	0.0	796460	81	20.0
1609233905.16	20000	59.740464	0.0	596962	63	20.0
1609233905.87	20000	59.991536	0.0	947625	119	20.0
1609233907.06	20000	59.742391	0.0	832859	105	20.0
1609233908.16	20000	59.743445	0.0	151562	21	20.0
1609233909.24	20000	59.744432	0.0	90390	11	20.0
1609233909.81	20000	59.995525	0.0	50278	6	20.0
1609233910.86	20000	59.996523	0.0	26471	1	20.0
1609233911.91	20000	59.997529	0.0	40620	2	20.0
1609233912.31	4000	1.000999	0.083	334032	72	-1.6600000000000001
1609233913.79	4000	1.362655	0.562	6594552	1349	-7.24
1609233914.79	4000	1.384807	0.0	4402139	894	4.0
1609233915.28	8000	1.912047	0.0	1798447	392	4.0
1609233915.75	16000	2.4379	0.0	1661718	382	8.0
1609233916.15	16000	3.048459	0.0	1315024	301	16.0
1609233916.37	20000	3.825125	0.0	698359	139	16.0
1609233916.6	20000	4.598281	0.0	730082	145	20.0
1609233917.47	20000	4.725719	0.0	4047415	774	20.0
1609233918.05	20000	5.146832	0.0	2863079	486	20.0
1609233919.05	20000	5.144696	0.0	4167844	905	20.0
1609233920.45	20000	4.752862	0.0	5571764	1283	20.0
1609233921.76	20000	4.437399	0.0	4925652	1212	20.0
1609233922.39	20000	4.810736	0.0	2030157	539	20.0
1609233923.14	20000	5.05795	0.0	2240782	664	20.0
1609233924.23	20000	4.974842	0.0	2211169	993	20.0
1609233924.4	20000	5.807358	0.0	382046	87	20.0
1609233924.74	20000	6.462576	0.0	1113969	262	20.0
1609233925.02	20000	7.188269	0.0	820127	191	20.0
1609233926.87	16000	6.340198	0.0	6357933	1737	12.0
1609233928.38	16000	5.825974	0.0	4814284	1412	16.0
1609233929.51	20000	5.696288	0.0	3419258	1033	16.0
1609233930.86	20000	5.355084	0.0	3944328	1242	20.0
1609233932.23	20000	4.978238	0.0	4284196	1269	20.0
1609233933.54	20000	4.676801	0.0	3022025	1206	20.0
1609233934.29	20000	4.926558	0.0	2248581	642	20.0
1609233937.09	8000	3.129762	0.0	6361262	2668	-4.0
1609233943.29	4000	1.306651	3.383	5615227	6091	-67.66
1609233944.09	2000	1.508332	0.0	352618	697	0.0
1609233944.55	2000	2.047742	0.0	355918	377	2.0
1609233944.88	2000	2.725288	0.0	335697	241	2.0
1609233945.2	2000	3.403592	0.0	336592	242	2.0
1609233945.5	2000	4.102572	0.0	257949	221	2.0
1609233946.74	4000	3.864371	0.0	779865	1152	2.0
1609233948.97	20000	2.630894	0.0	1677618	2143	4.0
