1608496927.18	4000	1.000999	0.014	60629	3	-0.44799999999999995
1608496928.24	20000	1.28261	0.319	11007815	967	-6.208
1608496929.04	20000	1.715471	0.0	8849724	740	20.0
1608496929.35	16000	2.511647	0.0	3191121	273	12.0
1608496929.51	16000	3.350038	0.0	1661718	142	16.0
1608496929.64	16000	4.221421	0.0	1315024	111	16.0
1608496929.71	20000	5.148798	0.0	698359	59	16.0
1608496929.79	20000	6.074601	0.0	730082	62	20.0
1608496930.16	20000	6.723831	0.0	4047415	344	20.0
1608496930.43	20000	7.456486	0.0	2863079	241	20.0
1608496930.82	20000	8.073934	0.0	4167844	353	20.0
1608496931.33	20000	8.5619	0.0	5571764	464	20.0
1608496931.77	20000	9.118689	0.0	4925652	409	20.0
1608496931.96	20000	9.929028	0.0	2030157	168	20.0
1608496932.18	20000	10.718454	0.0	2240782	190	20.0
1608496932.38	20000	11.509567	0.0	2211169	187	20.0
1608496932.43	20000	12.46634	0.0	382046	31	20.0
1608496932.54	20000	13.356379	0.0	1113969	95	20.0
1608496932.62	20000	14.273976	0.0	820127	68	20.0
1608496933.26	20000	14.643473	0.0	6357933	589	20.0
1608496933.8	20000	15.099282	0.0	4814284	508	20.0
1608496934.15	20000	15.754144	0.0	3419258	314	20.0
1608496934.5	20000	16.398233	0.0	3944328	314	20.0
1608496934.88	20000	17.021602	0.0	4284196	345	20.0
1608496935.13	20000	17.769574	0.0	3022025	226	20.0
1608496935.32	20000	18.58829	0.0	2248581	161	20.0
1608496936.11	20000	18.799504	0.0	9946363	728	20.0
1608496937.33	20000	18.581353	0.0	11684632	1143	20.0
1608496937.53	20000	19.382661	0.0	1849732	178	20.0
1608496937.73	20000	20.174419	0.0	1942795	187	20.0
1608496937.92	20000	20.992104	0.0	1704756	164	20.0
1608496938.09	20000	21.822841	0.0	1697111	152	20.0
1608496938.23	20000	22.67643	0.0	1529441	129	20.0
1608496938.38	20000	23.527887	0.0	1568649	131	20.0
1608496938.54	20000	24.369432	0.0	1677618	141	20.0
1608496938.68	20000	25.233369	0.0	1415096	118	20.0
1608496938.86	20000	26.055147	0.0	1894067	160	20.0
1608496938.98	20000	26.940582	0.0	1186604	99	20.0
1608496939.09	20000	27.831402	0.0	1068386	94	20.0
1608496939.26	20000	28.653694	0.0	1700843	159	20.0
1608496939.53	20000	29.392847	0.0	2536859	239	20.0
1608496940.01	20000	29.908873	0.0	4742872	447	20.0
1608496940.45	20000	30.469829	0.0	4955535	401	20.0
1608496940.57	20000	31.351852	0.0	1260540	101	20.0
1608496940.89	20000	32.031933	0.0	3605246	292	20.0
1608496941.17	20000	32.755856	0.0	2770338	250	20.0
1608496941.38	20000	33.547197	0.0	1855168	190	20.0
1608496941.57	20000	34.358915	0.0	1666915	170	20.0
1608496941.74	20000	35.183809	0.0	1555467	159	20.0
1608496941.86	20000	36.065641	0.0	1008919	102	20.0
1608496942.0	20000	36.925495	0.0	1227619	125	20.0
1608496942.1	20000	37.827597	0.0	1015853	77	20.0
1608496942.14	20000	38.789472	0.0	384076	27	20.0
1608496942.17	20000	39.758582	0.0	295687	19	20.0
1608496942.29	20000	40.646833	0.0	1328674	96	20.0
1608496942.41	20000	41.522149	0.0	1492829	107	20.0
1608496942.55	20000	42.382277	0.0	1484812	120	20.0
1608496942.71	20000	43.229503	0.0	1868314	134	20.0
1608496942.81	20000	44.124004	0.0	1253406	89	20.0
1608496942.89	20000	45.04693	0.0	887933	63	20.0
1608496942.99	20000	45.94921	0.0	1153403	83	20.0
1608496943.12	20000	46.821237	0.0	1249023	109	20.0
1608496943.28	20000	47.661831	0.0	1423973	143	20.0
1608496943.4	20000	48.539946	0.0	1060162	106	20.0
1608496943.53	20000	49.41753	0.0	1080597	108	20.0
1608496943.66	20000	50.285454	0.0	1156442	116	20.0
1608496943.91	20000	51.038011	0.0	2222640	224	20.0
1608496944.17	20000	51.779514	0.0	2587311	234	20.0
1608496944.38	20000	52.570802	0.0	2178351	177	20.0
1608496944.66	20000	53.288458	0.0	3121089	254	20.0
1608496944.92	20000	54.030673	0.0	2857420	232	20.0
1608496945.08	20000	54.873254	0.0	1702477	139	20.0
1608496945.24	20000	55.713029	0.0	1531670	142	20.0
1608496945.43	20000	56.520796	0.0	1863424	173	20.0
1608496945.64	20000	57.316811	0.0	1987392	184	20.0
1608496945.89	20000	58.061672	0.0	2505586	232	20.0
1608496946.69	20000	58.264762	0.0	9620218	732	20.0
1608496946.9	20000	59.053772	0.0	2561608	185	20.0
1608496947.2	20000	59.755325	0.0	3633991	261	20.0
1608496948.47	20000	59.600156	0.0	3324070	235	20.0
1608496949.11	20000	59.851158	0.0	1560020	118	20.0
1608496950.25	20000	59.852124	0.0	1429188	121	20.0
1608496951.41	20000	59.603171	0.0	1754144	136	20.0
1608496952.57	20000	59.60417	0.0	1626020	142	20.0
1608496953.25	20000	59.855179	0.0	1739228	159	20.0
1608496954.41	20000	59.606185	0.0	1722735	142	20.0
1608496955.57	20000	59.607151	0.0	1538145	132	20.0
1608496956.21	20000	59.858156	0.0	1473412	122	20.0
1608496957.36	20000	59.609162	0.0	1498968	128	20.0
1608496958.59	20000	59.610176	0.0	2247334	206	20.0
1608496959.4	20000	59.611162	0.0	3156442	285	20.0
1608496960.57	20000	59.612186	0.0	1895098	145	20.0
1608496961.23	20000	59.863144	0.0	1939135	135	20.0
1608496962.39	20000	59.614176	0.0	1842874	140	20.0
1608496963.14	20000	59.865184	0.0	2235830	220	20.0
1608496964.35	20000	59.866176	0.0	2202171	187	20.0
1608496965.53	20000	59.617166	0.0	2242042	162	20.0
1608496966.13	20000	59.868165	0.0	1081763	80	20.0
1608496967.33	20000	59.869179	0.0	2409013	174	20.0
1608496968.47	20000	59.620194	0.0	1615028	125	20.0
1608496969.6	20000	59.621181	0.0	1413467	101	20.0
1608496970.26	20000	59.872213	0.0	1632450	136	20.0
1608496971.24	20000	59.87317	0.0	5664827	437	20.0
1608496972.12	20000	59.874174	0.0	4578115	350	20.0
1608496973.28	20000	59.875151	0.0	1783835	135	20.0
1608496974.39	20000	59.626157	0.0	1093613	90	20.0
1608496975.48	20000	59.627175	0.0	975642	66	20.0
1608496976.13	20000	59.878164	0.0	1658005	128	20.0
1608496977.39	20000	59.629185	0.0	3055257	240	20.0
1608496978.34	20000	59.833914	0.0	5355572	402	20.0
1608496979.13	20000	59.88118	0.0	3278424	261	20.0
1608496980.33	20000	59.882181	0.0	2318501	181	20.0
1608496981.56	20000	59.633173	0.0	2473561	202	20.0
1608496982.21	20000	59.884175	0.0	1730311	130	20.0
1608496983.34	20000	59.885179	0.0	1455812	105	20.0
1608496984.59	20000	59.636151	0.0	2869222	233	20.0
1608496985.37	20000	59.637162	0.0	3226650	244	20.0
1608496986.6	20000	59.638142	0.0	2705936	210	20.0
1608496987.35	20000	59.889172	0.0	2998622	221	20.0
1608496988.61	20000	59.640167	0.0	2928342	226	20.0
1608496989.39	20000	59.641174	0.0	3059979	258	20.0
1608496990.2	20000	59.892188	0.0	3367422	277	20.0
1608496991.39	20000	59.643183	0.0	1950694	170	20.0
1608496992.54	20000	59.644187	0.0	1541020	128	20.0
1608496993.34	20000	59.895185	0.0	2926720	276	20.0
1608496994.11	20000	59.896179	0.0	2991202	234	20.0
1608496995.37	20000	59.647173	0.0	3002106	234	20.0
1608496996.54	20000	59.648188	0.0	2015412	145	20.0
1608496997.31	20000	59.899202	0.0	2894863	248	20.0
1608496998.52	20000	59.650067	0.0	2185316	181	20.0
1608496999.31	20000	59.854903	0.0	3370605	267	20.0
1608497000.16	20000	59.902178	0.0	3492243	323	20.0
1608497001.31	20000	59.90318	0.0	1307592	126	20.0
1608497002.49	20000	59.654158	0.0	1881404	159	20.0
1608497003.17	20000	59.905164	0.0	1806471	160	20.0
1608497004.37	20000	59.656171	0.0	1945842	171	20.0
1608497005.58	20000	59.650844	0.0	2538877	184	20.0
1608497006.26	20000	59.908178	0.0	2298557	165	20.0
1608497007.51	20000	59.659147	0.0	2831497	216	20.0
1608497008.33	20000	59.910176	0.0	3200905	295	20.0
1608497009.54	20000	59.661146	0.0	2180586	182	20.0
1608497010.18	20000	59.912151	0.0	1500505	116	20.0
1608497011.35	20000	59.91317	0.0	1939246	151	20.0
1608497012.5	20000	59.664169	0.0	1599193	127	20.0
1608497013.25	20000	59.915176	0.0	2364826	224	20.0
1608497014.51	20000	59.666095	0.0	2517454	235	20.0
1608497015.2	20000	59.917155	0.0	1883143	165	20.0
1608497016.37	20000	59.668175	0.0	1726706	151	20.0
1608497017.44	20000	59.669175	0.0	707364	53	20.0
1608497018.53	20000	59.670172	0.0	796460	65	20.0
1608497019.6	20000	59.671047	0.0	596962	52	20.0
1608497020.19	20000	59.922202	0.0	947625	77	20.0
1608497021.28	20000	59.923086	0.0	832859	69	20.0
1608497022.3	20000	59.924171	0.0	151562	13	20.0
1608497023.32	20000	59.925176	0.0	90390	6	20.0
1608497024.34	20000	59.926149	0.0	50278	2	20.0
1608497025.35	16000	59.927161	0.0	26471	4	12.0
1608497026.37	8000	59.678168	0.0	26015	3	0.0
1608497026.69	4000	1.000999	0.013	60629	4	-0.4159999999999999
1608497027.81	20000	1.282127	0.38	11007815	1024	-8.16
1608497028.68	16000	1.636385	0.0	8849724	812	12.0
1608497029.01	16000	2.334411	0.0	3191121	297	16.0
1608497029.19	16000	3.160245	0.0	1661718	154	16.0
1608497029.33	16000	4.021875	0.0	1315024	121	16.0
1608497029.4	20000	4.964672	0.0	698359	64	16.0
1608497029.49	20000	5.882023	0.0	730082	67	20.0
1608497029.87	20000	6.50365	0.0	4047415	348	20.0
1608497030.13	20000	7.239028	0.0	2863079	241	20.0
1608497030.52	20000	7.855814	0.0	4167844	345	20.0
1608497030.97	20000	8.4052	0.0	5571764	411	20.0
1608497031.36	20000	9.013732	0.0	4925652	357	20.0
1608497031.53	20000	9.847275	0.0	2030157	147	20.0
1608497031.75	20000	10.62381	0.0	2240782	204	20.0
1608497032.0	20000	11.380939	0.0	2211169	222	20.0
1608497032.05	20000	12.331568	0.0	382046	37	20.0
1608497032.18	20000	13.197382	0.0	1113969	112	20.0
1608497032.28	20000	14.101299	0.0	820127	81	20.0
1608497032.95	20000	14.437228	0.0	6357933	623	20.0
1608497033.44	20000	14.946524	0.0	4814284	459	20.0
1608497033.8	20000	15.58133	0.0	3419258	337	20.0
1608497034.24	20000	16.148907	0.0	3944328	403	20.0
1608497034.7	20000	16.686799	0.0	4284196	429	20.0
1608497035.01	20000	17.381403	0.0	3022025	278	20.0
1608497035.24	20000	18.152821	0.0	2248581	206	20.0
1608497036.13	20000	18.255594	0.0	9946363	834	20.0
1608497037.15	20000	18.242874	0.0	11684632	945	20.0
1608497037.32	20000	19.070061	0.0	1849732	152	20.0
1608497037.5	20000	19.89024	0.0	1942795	161	20.0
1608497037.66	20000	20.729855	0.0	1704756	142	20.0
1608497037.84	20000	21.555315	0.0	1697111	147	20.0
1608497037.99	20000	22.403943	0.0	1529441	133	20.0
1608497038.15	20000	23.249048	0.0	1568649	136	20.0
1608497038.31	20000	24.083993	0.0	1677618	146	20.0
