1608572913.99	4000	1.000999	0.019	60629	9	-0.3799999999999999
1608572916.33	8000	1.465322	1.769	9869079	2198	-31.380000000000003
1608572917.54	8000	1.5363	0.0	7078153	1149	8.0
1608572918.04	20000	2.111532	0.0	3191121	468	8.0
1608572918.31	20000	2.864081	0.0	1661718	246	20.0
1608572918.52	20000	3.650925	0.0	1315024	194	20.0
1608572918.64	20000	4.533008	0.0	698359	102	20.0
1608572918.77	20000	5.408831	0.0	730082	105	20.0
1608572919.56	20000	5.613415	0.0	4047415	762	20.0
1608572920.18	20000	5.999102	0.0	2863079	589	20.0
1608572921.1	20000	6.07873	0.0	4167844	887	20.0
1608572922.38	20000	5.801753	0.0	5571764	1235	20.0
1608572923.41	20000	5.767238	0.0	4925652	995	20.0
1608572923.79	20000	6.386761	0.0	2030157	358	20.0
1608572924.18	20000	6.999568	0.0	2240782	363	20.0
1608572924.57	20000	7.615956	0.0	2211169	360	20.0
1608572924.64	20000	8.540282	0.0	382046	59	20.0
1608572924.84	20000	9.346561	0.0	1113969	177	20.0
1608572924.98	20000	10.207999	0.0	820127	122	20.0
1608572926.02	20000	10.162481	0.0	6357933	995	20.0
1608572927.03	20000	10.156404	0.0	4814284	968	20.0
1608572927.81	20000	10.378732	0.0	3419258	748	20.0
1608572928.61	20000	10.579966	0.0	3944328	764	20.0
1608572929.46	20000	10.731312	0.0	4284196	814	20.0
1608572930.21	20000	10.986577	0.0	3022025	712	20.0
1608572931.05	20000	11.144964	0.0	2248581	815	20.0
1608572934.8	20000	8.391945	0.0	9946363	3682	20.0
1608572937.72	8000	6.470798	0.0	7838407	2864	-4.0
1608572938.4	20000	6.796888	0.0	1849732	645	8.0
1608572939.28	20000	6.91576	0.0	1942795	859	20.0
1608572940.36	20000	6.837677	0.0	1704756	1058	20.0
1608572941.3	20000	6.895599	0.0	1697111	921	20.0
1608572942.06	20000	7.141238	0.0	1529441	734	20.0
1608572942.97	20000	7.233474	0.0	1568649	888	20.0
1608572944.09	20000	7.107245	0.0	1677618	1104	20.0
1608572944.87	20000	7.334851	0.0	1415096	754	20.0
1608572945.98	20000	7.21956	0.0	1894067	1094	20.0
1608572946.76	20000	7.448685	0.0	1186604	752	20.0
1608572947.48	20000	7.726414	0.0	1068386	704	20.0
1608572948.84	20000	7.36485	0.0	1700843	1340	20.0
1608572949.71	20000	7.497071	0.0	2536859	843	20.0
1608572951.0	20000	7.209779	0.0	4742872	1251	20.0
1608572952.39	20000	6.823332	0.0	4955535	1349	20.0
1608572952.75	20000	7.46414	0.0	1260540	341	20.0
1608572953.83	20000	7.386948	0.0	3605246	1045	20.0
1608572954.54	20000	7.672789	0.0	2770338	688	20.0
1608572955.0	20000	8.212524	0.0	1855168	439	20.0
1608572955.42	20000	8.798405	0.0	1666915	394	20.0
1608572955.8	20000	9.411975	0.0	1555467	368	20.0
1608572956.05	20000	10.163772	0.0	1008919	230	20.0
1608572956.34	20000	10.88279	0.0	1227619	263	20.0
1608572956.57	20000	11.647912	0.0	1015853	216	20.0
1608572956.66	20000	12.554568	0.0	384076	79	20.0
1608572956.74	20000	13.480841	0.0	295687	60	20.0
1608572957.04	20000	14.180897	0.0	1328674	282	20.0
1608572957.38	20000	14.84162	0.0	1492829	320	20.0
1608572957.72	20000	15.503302	0.0	1484812	319	20.0
1608572958.14	20000	16.085627	0.0	1868314	396	20.0
1608572958.43	20000	16.805486	0.0	1253406	262	20.0
1608572958.63	20000	17.598073	0.0	887933	182	20.0
1608572958.89	20000	18.340532	0.0	1153403	240	20.0
1608572959.14	20000	19.086638	0.0	1249023	236	20.0
1608572959.4	20000	19.825608	0.0	1423973	243	20.0
1608572959.6	20000	20.628989	0.0	1060162	180	20.0
1608572959.8	20000	21.428698	0.0	1080597	183	20.0
1608572960.02	20000	22.21478	0.0	1156442	196	20.0
1608572960.35	20000	22.88772	0.0	2222640	303	20.0
1608572960.72	20000	23.510871	0.0	2587311	353	20.0
1608572961.04	20000	24.191925	0.0	2178351	296	20.0
1608572961.44	20000	24.795181	0.0	3121089	368	20.0
1608572961.8	20000	25.433679	0.0	2857420	337	20.0
1608572962.03	20000	26.213618	0.0	1702477	200	20.0
1608572962.22	20000	27.018963	0.0	1531670	175	20.0
1608572962.46	20000	27.783335	0.0	1863424	214	20.0
1608572962.71	20000	28.532889	0.0	1987392	229	20.0
1608572963.03	20000	29.218025	0.0	2505586	289	20.0
1608572964.56	20000	28.68835	0.0	9620218	1467	20.0
1608572965.08	20000	29.161567	0.0	2561608	500	20.0
1608572965.66	20000	29.586317	0.0	3633991	545	20.0
1608572966.18	20000	30.068355	0.0	3324070	489	20.0
1608572966.41	20000	30.833644	0.0	1560020	214	20.0
1608572966.63	20000	31.617434	0.0	1429188	197	20.0
1608572966.9	20000	32.353224	0.0	1754144	242	20.0
1608572967.16	20000	33.095401	0.0	1626020	236	20.0
1608572967.5	20000	33.756088	0.0	1739228	315	20.0
1608572967.83	20000	34.426697	0.0	1722735	306	20.0
1608572968.12	20000	35.132251	0.0	1538145	274	20.0
1608572968.46	20000	35.794545	0.0	1473412	316	20.0
1608572968.8	20000	36.453516	0.0	1498968	322	20.0
1608572969.32	20000	36.935243	0.0	2247334	495	20.0
1608572970.08	20000	37.178898	0.0	3156442	729	20.0
1608572970.6	20000	37.656424	0.0	1895098	501	20.0
1608572971.14	20000	38.116849	0.0	1939135	518	20.0
1608572971.75	20000	38.509248	0.0	1842874	587	20.0
1608572972.42	20000	38.844945	0.0	2235830	641	20.0
1608572973.01	20000	39.250611	0.0	2202171	571	20.0
1608572973.6	20000	39.665785	0.0	2242042	563	20.0
1608572973.89	20000	40.378573	0.0	1081763	269	20.0
1608572974.52	20000	40.748648	0.0	2409013	602	20.0
1608572974.94	20000	41.322333	0.0	1615028	405	20.0
1608572975.33	20000	41.933331	0.0	1413467	370	20.0
1608572975.81	20000	42.454831	0.0	1632450	457	20.0
1608572978.24	20000	41.032159	0.0	5664827	2369	20.0
1608572980.41	20000	39.866171	0.0	4578115	2128	20.0
1608572981.52	20000	39.750716	0.0	1783835	1093	20.0
1608572982.3	20000	39.969887	0.0	1093613	756	20.0
1608572983.12	20000	40.151796	0.0	975642	800	20.0
1608572984.23	20000	40.045298	0.0	1658005	1078	20.0
1608572986.29	20000	38.983468	0.0	3055257	2034	20.0
1608572992.13	20000	34.151158	0.0	5355572	5790	20.0
1608572993.88	20000	33.399198	0.0	3278424	1724	20.0
1608572996.71	20000	31.568234	0.0	2318501	2807	20.0
1608572997.87	20000	31.414768	0.0	2473561	1127	20.0
1608572998.62	20000	31.658284	0.0	1730311	735	20.0
1608572999.4	20000	31.879782	0.0	1455812	760	20.0
1608573001.33	20000	30.950123	0.0	2869222	1902	20.0
1608573004.26	20000	29.023488	0.0	3226650	2892	20.0
1608573006.77	20000	27.514281	0.0	2705936	2484	20.0
1608573007.96	20000	27.327381	0.0	2998622	1161	20.0
1608573008.94	20000	27.345271	0.0	2928342	955	20.0
1608573009.98	20000	27.305572	0.0	3059979	1012	20.0
1608573011.23	20000	27.06174	0.0	3367422	1214	20.0
1608573012.18	20000	27.113839	0.0	1950694	925	20.0
1608573013.19	20000	27.101682	0.0	1541020	984	20.0
1608573014.82	20000	26.474041	0.0	2926720	1601	20.0
1608573016.31	20000	25.981479	0.0	2991202	1464	20.0
1608573017.67	20000	25.627363	0.0	3002106	1326	20.0
1608573018.35	20000	25.948266	0.0	2015412	655	20.0
1608573019.08	20000	26.215677	0.0	2894863	706	20.0
1608573019.64	20000	26.661184	0.0	2185316	531	20.0
1608573020.55	20000	26.750394	0.0	3370605	880	20.0
1608573022.44	20000	25.855946	0.0	3492243	1864	20.0
1608573028.15	20000	21.147228	0.0	1307592	5682	20.0
1608573029.28	20000	21.022589	0.0	1881404	1102	20.0
1608573030.2	20000	21.103539	0.0	1806471	897	20.0
1608573032.09	20000	20.217221	0.0	1945842	1864	20.0
1608573033.13	20000	20.172772	0.0	2538877	1019	20.0
1608573033.7	20000	20.605946	0.0	2298557	542	20.0
1608573034.25	20000	21.057231	0.0	2831497	518	20.0
1608573034.87	20000	21.439333	0.0	3200905	590	20.0
1608573035.3	20000	22.011363	0.0	2180586	407	20.0
1608573035.58	20000	22.724793	0.0	1500505	266	20.0
1608573035.92	20000	23.392173	0.0	1939246	312	20.0
1608573036.2	20000	24.115693	0.0	1599193	257	20.0
1608573036.6	20000	24.714147	0.0	2364826	375	20.0
1608573037.01	20000	25.30444	0.0	2517454	383	20.0
1608573037.32	20000	25.995671	0.0	1883143	287	20.0
1608573037.6	20000	26.714713	0.0	1726706	260	20.0
1608573037.72	20000	27.592539	0.0	707364	106	20.0
1608573037.86	20000	28.45711	0.0	796460	119	20.0
1608573037.97	20000	29.352081	0.0	596962	89	20.0
1608573038.13	20000	30.191317	0.0	947625	143	20.0
1608573038.28	20000	31.042553	0.0	832859	121	20.0
1608573038.31	20000	32.008714	0.0	151562	20	20.0
1608573038.34	20000	32.984752	0.0	90390	10	20.0
1608573038.35	20000	33.968836	0.0	50278	5	20.0
1608573038.37	20000	34.95722	0.0	26471	1	20.0
1608573038.38	20000	35.941642	0.0	40620	3	20.0
1608573038.72	4000	1.000999	0.058	334032	46	-1.1600000000000001
1608573040.37	20000	1.337551	0.705	11007815	1552	-10.1
1608573041.55	20000	1.446327	0.264	8849724	1128	14.719999999999999
1608573041.98	20000	2.018749	0.0	3191121	399	20.0
1608573042.21	20000	2.814744	0.0	1661718	207	20.0
1608573042.39	20000	3.633581	0.0	1315024	163	20.0
1608573042.5	20000	4.524715	0.0	698359	84	20.0
1608573042.6	20000	5.422305	0.0	730082	85	20.0
1608573043.1	20000	5.927464	0.0	4047415	465	20.0
1608573043.45	20000	6.573328	0.0	2863079	328	20.0
1608573043.93	20000	7.093103	0.0	4167844	449	20.0
1608573044.57	20000	7.46196	0.0	5571764	592	20.0
1608573045.13	20000	7.900753	0.0	4925652	526	20.0
1608573045.37	20000	8.660408	0.0	2030157	216	20.0
1608573045.64	20000	9.390282	0.0	2240782	240	20.0
1608573045.95	20000	10.086488	0.0	2211169	282	20.0
1608573046.01	20000	11.025002	0.0	382046	47	20.0
1608573046.17	20000	11.867624	0.0	1113969	141	20.0
1608573046.29	20000	12.748045	0.0	820127	103	20.0
1608573047.28	20000	12.75195	0.0	6357933	954	20.0
1608573047.98	20000	13.053992	0.0	4814284	663	20.0
1608573048.44	20000	13.598018	0.0	3419258	424	20.0
1608573048.87	20000	14.173088	0.0	3944328	393	20.0
1608573049.29	20000	14.752214	0.0	4284196	386	20.0
1608573049.59	20000	15.45453	0.0	3022025	272	20.0
1608573049.8	20000	16.23916	0.0	2248581	194	20.0
1608573050.73	20000	16.318333	0.0	9946363	860	20.0
1608573051.79	20000	16.250767	0.0	11684632	998	20.0
1608573051.97	20000	17.079989	0.0	1849732	148	20.0
1608573052.14	20000	17.903199	0.0	1942795	155	20.0
1608573052.31	20000	18.738699	0.0	1704756	143	20.0
1608573052.47	20000	19.57981	0.0	1697111	136	20.0
1608573052.61	20000	20.438412	0.0	1529441	122	20.0
