1609245359.69	4000	1.000999	0.016	60629	6	-0.31999999999999984
1609245360.9	4000	1.393896	0.511	6594552	1068	-6.220000000000001
1609245361.71	4000	1.805138	0.0	4402139	704	4.0
1609245362.23	20000	2.311252	0.0	3191121	416	4.0
1609245362.53	20000	3.010803	0.0	1661718	215	20.0
1609245362.81	20000	3.730871	0.0	1315024	197	20.0
1609245362.99	20000	4.545896	0.0	698359	103	20.0
1609245363.18	20000	5.357493	0.0	730082	108	20.0
1609245363.98	20000	5.572804	0.0	4047415	687	20.0
1609245364.58	20000	5.960111	0.0	2863079	515	20.0
1609245365.28	20000	6.265569	0.0	4167844	598	20.0
1609245366.2	20000	6.343233	0.0	5571764	820	20.0
1609245366.99	20000	6.557659	0.0	4925652	684	20.0
1609245367.35	20000	7.199818	0.0	2030157	272	20.0
1609245367.74	20000	7.809067	0.0	2240782	304	20.0
1609245368.13	20000	8.415647	0.0	2211169	306	20.0
1609245368.26	20000	9.286722	0.0	382046	51	20.0
1609245368.5	20000	10.05312	0.0	1113969	153	20.0
1609245368.7	20000	10.854849	0.0	820127	119	20.0
1609245369.76	20000	10.789173	0.0	6357933	958	20.0
1609245370.68	20000	10.870123	0.0	4814284	815	20.0
1609245371.23	20000	11.32908	0.0	3419258	445	20.0
1609245371.87	20000	11.686079	0.0	3944328	546	20.0
1609245372.6	20000	11.953406	0.0	4284196	636	20.0
1609245373.25	20000	12.303131	0.0	3022025	558	20.0
1609245373.77	20000	12.792531	0.0	2248581	423	20.0
1609245375.85	20000	11.713042	0.0	9946363	1942	20.0
1609245377.76	20000	10.805061	0.0	11684632	1773	20.0
1609245378.09	20000	11.469993	0.0	1849732	250	20.0
1609245378.44	20000	12.123223	0.0	1942795	264	20.0
1609245378.73	20000	12.8317	0.0	1704756	208	20.0
1609245379.01	20000	13.557178	0.0	1697111	192	20.0
1609245379.26	20000	14.302496	0.0	1529441	173	20.0
1609245379.52	20000	15.043527	0.0	1568649	177	20.0
1609245379.79	20000	15.776428	0.0	1677618	185	20.0
1609245380.03	20000	16.539732	0.0	1415096	156	20.0
1609245380.32	20000	17.24824	0.0	1894067	209	20.0
1609245380.53	20000	18.039062	0.0	1186604	130	20.0
1609245380.75	20000	18.817655	0.0	1068386	132	20.0
1609245381.06	20000	19.513962	0.0	1700843	219	20.0
1609245381.48	20000	20.097002	0.0	2536859	329	20.0
1609245382.15	20000	20.426982	0.0	4742872	571	20.0
1609245382.82	20000	20.756272	0.0	4955535	569	20.0
1609245383.03	20000	21.543633	0.0	1260540	131	20.0
1609245383.51	20000	22.072435	0.0	3605246	379	20.0
1609245383.96	20000	22.623412	0.0	2770338	361	20.0
1609245384.31	20000	23.283391	0.0	1855168	256	20.0
1609245384.62	20000	23.961084	0.0	1666915	230	20.0
1609245384.93	20000	24.656297	0.0	1555467	222	20.0
1609245385.15	20000	25.434696	0.0	1008919	143	20.0
1609245385.4	20000	26.1796	0.0	1227619	175	20.0
1609245385.63	20000	26.955021	0.0	1015853	144	20.0
1609245385.74	20000	27.840419	0.0	384076	34	20.0
1609245385.85	20000	28.738373	0.0	295687	27	20.0
1609245386.05	20000	29.532966	0.0	1328674	127	20.0
1609245386.28	20000	30.307972	0.0	1492829	144	20.0
1609245386.51	20000	31.084326	0.0	1484812	142	20.0
1609245386.78	20000	31.807033	0.0	1868314	193	20.0
1609245387.0	20000	32.589623	0.0	1253406	136	20.0
1609245387.18	20000	33.413737	0.0	887933	96	20.0
1609245387.38	20000	34.208899	0.0	1153403	125	20.0
1609245387.6	20000	34.992889	0.0	1249023	136	20.0
1609245387.81	20000	35.78271	0.0	1423973	128	20.0
1609245387.99	20000	36.609183	0.0	1060162	95	20.0
1609245388.17	20000	37.431918	0.0	1080597	96	20.0
1609245388.35	20000	38.247335	0.0	1156442	104	20.0
1609245388.64	20000	38.961043	0.0	2222640	200	20.0
1609245388.94	20000	39.658387	0.0	2587311	213	20.0
1609245389.21	20000	40.393732	0.0	2178351	179	20.0
1609245389.56	20000	41.045983	0.0	3121089	257	20.0
1609245389.94	20000	41.668276	0.0	2857420	281	20.0
1609245390.2	20000	42.409084	0.0	1702477	174	20.0
1609245390.43	20000	43.17104	0.0	1531670	156	20.0
1609245390.72	20000	43.890955	0.0	1863424	193	20.0
1609245391.07	20000	44.540354	0.0	1987392	266	20.0
1609245391.49	20000	45.117726	0.0	2505586	336	20.0
1609245392.54	20000	45.066125	0.0	9620218	932	20.0
1609245392.9	20000	45.715803	0.0	2561608	264	20.0
1609245393.39	20000	46.223355	0.0	3633991	398	20.0
1609245393.82	20000	46.797713	0.0	3324070	333	20.0
1609245394.03	20000	47.587653	0.0	1560020	127	20.0
1609245394.23	20000	48.388363	0.0	1429188	117	20.0
1609245394.46	20000	49.159684	0.0	1754144	144	20.0
1609245394.67	20000	49.942519	0.0	1626020	133	20.0
1609245395.09	20000	50.530889	0.0	1739228	328	20.0
1609245395.5	20000	51.120031	0.0	1722735	324	20.0
1609245395.8	20000	51.824751	0.0	1538145	211	20.0
1609245396.01	20000	52.609658	0.0	1473412	131	20.0
1609245396.23	20000	53.39415	0.0	1498968	133	20.0
1609245396.52	20000	54.105595	0.0	2247334	201	20.0
1609245396.9	20000	54.726494	0.0	3156442	287	20.0
1609245397.16	20000	55.466303	0.0	1895098	176	20.0
1609245397.42	20000	56.201632	0.0	1939135	180	20.0
1609245397.68	20000	56.944977	0.0	1842874	172	20.0
1609245398.16	20000	57.464664	0.0	2235830	395	20.0
1609245398.64	20000	57.99218	0.0	2202171	382	20.0
1609245398.97	20000	58.661884	0.0	2242042	244	20.0
1609245399.16	20000	59.467891	0.0	1081763	113	20.0
1609245400.0	20000	59.676557	0.0	2409013	253	20.0
1609245400.77	20000	59.927616	0.0	1615028	180	20.0
1609245402.03	20000	59.678645	0.0	1413467	174	20.0
1609245402.85	20000	59.929504	0.0	1632450	233	20.0
1609245403.69	20000	59.945915	0.0	5664827	739	20.0
1609245405.1	20000	59.68153	0.0	4578115	809	20.0
1609245406.02	20000	59.68254	0.0	1783835	327	20.0
1609245406.76	20000	59.933571	0.0	1093613	155	20.0
1609245407.93	20000	59.934386	0.0	975642	92	20.0
1609245408.8	20000	59.935545	0.0	1658005	279	20.0
1609245409.98	20000	59.686556	0.0	3055257	591	20.0
1609245411.01	20000	59.687622	0.0	5355572	425	20.0
1609245411.94	20000	59.889345	0.0	3278424	336	20.0
1609245412.75	20000	59.939553	0.0	2318501	229	20.0
1609245414.06	20000	59.690393	0.0	2473561	221	20.0
1609245414.81	20000	59.941523	0.0	1730311	168	20.0
1609245416.08	20000	59.692545	0.0	1455812	182	20.0
1609245417.11	20000	59.693578	0.0	2869222	433	20.0
1609245417.66	20000	59.990243	0.0	3226650	462	20.0
1609245419.14	20000	59.695344	0.0	2705936	386	20.0
1609245420.15	20000	59.696512	0.0	2998622	422	20.0
1609245421.09	20000	59.697473	0.0	2928342	347	20.0
1609245421.72	20000	59.934083	0.0	3059979	541	20.0
1609245423.2	20000	59.698732	0.0	3367422	382	20.0
1609245424.04	20000	59.700411	0.0	1950694	256	20.0
1609245424.81	20000	59.951561	0.0	1541020	185	20.0
1609245426.02	20000	59.702442	0.0	2926720	614	20.0
1609245426.75	20000	59.913218	0.0	2991202	637	20.0
1609245427.81	20000	59.954496	0.0	3002106	476	20.0
1609245428.82	20000	59.955388	0.0	2015412	417	20.0
1609245430.12	20000	59.706557	0.0	2894863	205	20.0
1609245430.81	20000	59.957496	0.0	2185316	99	20.0
1609245432.05	20000	59.70842	0.0	3370605	147	20.0
1609245432.82	20000	59.959542	0.0	3492243	176	20.0
1609245433.96	20000	59.710306	0.0	1307592	66	20.0
1609245435.15	20000	59.705587	0.0	1881404	96	20.0
1609245435.87	20000	59.962489	0.0	1806471	134	20.0
1609245437.06	20000	59.713591	0.0	1945842	113	20.0
1609245437.79	20000	59.964493	0.0	2538877	139	20.0
1609245439.0	20000	59.715472	0.0	2298557	125	20.0
1609245439.77	20000	59.966445	0.0	2831497	178	20.0
1609245441.07	20000	59.717538	0.0	3200905	212	20.0
1609245441.84	20000	59.968308	0.0	2180586	177	20.0
1609245443.05	20000	59.719553	0.0	1500505	127	20.0
1609245443.81	20000	59.970511	0.0	1939246	169	20.0
1609245445.03	20000	59.721498	0.0	1599193	138	20.0
1609245445.79	20000	59.972573	0.0	2364826	175	20.0
1609245447.07	20000	59.723436	0.0	2517454	193	20.0
1609245447.81	20000	59.974486	0.0	1883143	152	20.0
1609245449.04	20000	59.725336	0.0	1726706	136	20.0
1609245450.2	20000	59.726587	0.0	707364	79	20.0
1609245450.87	20000	59.977509	0.0	796460	86	20.0
1609245452.01	20000	59.728602	0.0	596962	64	20.0
1609245452.72	20000	59.979618	0.0	947625	128	20.0
1609245453.91	20000	59.980571	0.0	832859	111	20.0
1609245455.01	20000	59.731589	0.0	151562	18	20.0
1609245456.08	20000	59.732539	0.0	90390	8	20.0
1609245457.14	20000	59.733594	0.0	50278	3	20.0
1609245458.19	20000	59.734628	0.0	26471	5	20.0
1609245458.73	20000	59.985527	0.0	40620	2	20.0
1609245459.09	4000	1.000999	0.049	334032	31	-0.98
1609245459.89	4000	1.473327	0.0	6594552	671	4.0
1609245460.75	16000	1.617191	0.0	8849724	726	4.0
1609245461.09	20000	2.297863	0.0	3191121	247	16.0
1609245461.29	20000	3.094008	0.0	1661718	121	20.0
1609245461.47	20000	3.941482	0.0	1315024	96	20.0
1609245461.6	20000	4.812945	0.0	698359	50	20.0
1609245461.72	20000	5.684806	0.0	730082	52	20.0
1609245462.12	20000	6.293834	0.0	4047415	299	20.0
1609245462.42	20000	6.989631	0.0	2863079	216	20.0
1609245462.83	20000	7.580652	0.0	4167844	315	20.0
1609245463.34	20000	8.074822	0.0	5571764	403	20.0
1609245463.78	20000	8.634894	0.0	4925652	337	20.0
1609245464.01	20000	9.41018	0.0	2030157	139	20.0
1609245464.23	20000	10.183191	0.0	2240782	141	20.0
1609245464.46	20000	10.963637	0.0	2211169	132	20.0
1609245464.56	20000	11.864034	0.0	382046	22	20.0
1609245464.7	20000	12.717566	0.0	1113969	67	20.0
1609245464.83	20000	13.591317	0.0	820127	49	20.0
1609245465.36	20000	14.066776	0.0	6357933	418	20.0
1609245465.82	20000	14.608512	0.0	4814284	359	20.0
1609245466.16	20000	15.264597	0.0	3419258	254	20.0
1609245466.55	20000	15.874124	0.0	3944328	296	20.0
1609245466.98	20000	16.448882	0.0	4284196	320	20.0
1609245467.26	20000	17.165479	0.0	3022025	194	20.0
1609245467.47	20000	17.957756	0.0	2248581	123	20.0
1609245468.15	20000	18.276485	0.0	9946363	550	20.0
1609245469.63	20000	17.803208	0.0	11684632	1343	20.0
1609245469.86	20000	18.575892	0.0	1849732	144	20.0
1609245470.09	20000	19.34126	0.0	1942795	150	20.0
1609245470.5	20000	19.934282	0.0	1704756	324	20.0
1609245470.93	20000	20.506938	0.0	1697111	342	20.0
1609245474.94	20000	17.494406	0.0	1529441	3924	20.0
1609245475.81	4000	17.628961	0.0	779865	777	-12.0
1609245476.54	4000	17.902196	0.0	838056	642	4.0
