1608550174.93	4000	1.000999	0.069	60629	56	-2.208
1608550185.58	4000	1.436744	1.99	740561	1710	-59.68
1608550187.07	2000	1.412418	0.465	905521	1474	-14.88
1608550188.49	2000	1.37973	0.384	975494	1402	-10.288
1608550189.66	2000	1.264163	0.055	873443	1157	0.24
1608550190.24	2000	1.681328	0.0	420093	571	2.0
1608550190.82	2000	2.102303	0.0	432386	569	2.0
1608550191.43	2000	2.501974	0.0	430845	590	2.0
1608550191.58	2000	3.348641	0.0	114664	144	2.0
1608550191.83	2000	4.102963	0.0	272444	236	2.0
1608550191.99	2000	4.936353	0.0	180836	157	2.0
1608550193.6	2000	4.333145	0.0	1138797	1590	2.0
1608550194.45	2000	4.481008	0.0	922146	839	2.0
1608550195.21	2000	4.722917	0.0	760526	746	2.0
1608550196.1	2000	4.834889	0.0	866360	875	2.0
1608550196.91	2000	5.030647	0.0	821406	792	2.0
1608550197.44	2000	5.496785	0.0	576666	522	2.0
1608550197.8	2000	6.142443	0.0	399536	344	2.0
1608550197.8	4000	6.135777	0.0	399536	344	2.0
1608550202.94	4000	2.00078	0.0	4647286	5094	4.0
1608550214.21	4000	10.025935	1.034	852435	929	-29.088
1608550214.84	2000	10.391724	0.0	548688	623	0.0
1608550215.29	2000	10.950425	0.0	370252	431	2.0
1608550215.68	2000	11.556328	0.0	330522	383	2.0
1608550216.07	2000	12.170718	0.0	298688	376	2.0
1608550216.35	2000	12.891871	0.0	200752	269	2.0
1608550216.73	2000	13.512944	0.0	280436	368	2.0
1608550217.14	2000	14.101696	0.0	254413	401	2.0
1608550217.29	2000	14.948906	0.0	92084	142	2.0
1608550217.44	2000	15.807073	0.0	85090	132	2.0
1608550217.89	2000	16.357238	0.0	285433	440	2.0
1608550218.49	2000	16.752141	0.0	361866	594	2.0
1608550218.96	2000	17.286695	0.0	347546	454	2.0
1608550219.44	2000	17.812949	0.0	396965	462	2.0
1608550219.75	2000	18.501176	0.0	264442	301	2.0
1608550220.06	2000	19.186481	0.0	201160	304	2.0
1608550220.45	2000	19.805378	0.0	227906	371	2.0
1608550220.89	2000	20.361701	0.0	301480	434	2.0
1608550221.45	2000	20.802105	0.0	401522	549	2.0
1608550221.84	2000	21.41284	0.0	296659	379	2.0
1608550222.27	2000	21.986648	0.0	306130	416	2.0
1608550222.72	2000	22.540813	0.0	320231	436	2.0
1608550223.31	2000	22.949299	0.0	505705	580	2.0
1608550224.03	2000	23.225175	0.0	560900	712	2.0
1608550224.8	2000	23.45882	0.0	477844	755	2.0
1608550225.63	2000	23.631991	0.0	593358	815	2.0
1608550226.23	2000	24.034314	0.0	552627	584	2.0
1608550226.6	2000	24.662729	0.0	356467	360	2.0
1608550226.88	2000	25.38087	0.0	298528	271	2.0
1608550227.23	2000	26.03502	0.0	372582	335	2.0
1608550227.63	2000	26.633086	0.0	432861	390	2.0
1608550227.64	4000	26.625872	0.0	432861	390	2.0
1608550228.6	4000	26.662995	0.0	962786	951	4.0
1608550239.26	4000	39.033783	0.0	564856	518	4.0
1608550239.26	4000	39.026592	0.0	564856	518	4.0
1608550240.0	4000	39.292555	0.0	818447	723	4.0
1608550240.45	4000	39.845787	0.0	743969	433	4.0
1608550240.86	4000	40.433363	0.0	689321	400	4.0
1608550241.53	4000	40.759367	0.0	1121938	659	4.0
1608550241.96	4000	41.330969	0.0	667445	416	4.0
1608550242.9	8000	41.391542	0.0	1031824	920	4.0
1608550243.46	8000	41.83644	0.0	732536	542	8.0
1608550243.47	4000	41.829351	0.0	732536	542	0.0
1608550243.84	4000	42.459022	0.0	493680	361	4.0
1608550244.45	4000	42.844815	0.0	823677	602	4.0
1608550245.11	4000	43.189847	0.0	878603	641	4.0
1608550246.02	4000	43.284217	0.0	1192759	890	4.0
1608550246.89	4000	43.410573	0.0	1046702	860	4.0
1608550247.63	4000	43.676052	0.0	982243	722	4.0
1608550248.38	4000	43.925207	0.0	1004344	737	4.0
1608550248.9	4000	44.404985	0.0	687087	508	4.0
1608550249.31	4000	44.990029	0.0	564465	403	4.0
1608550250.28	4000	45.029964	0.0	1193260	946	4.0
1608550251.46	4000	44.849169	0.0	1350143	1166	4.0
1608550252.26	4000	45.052025	0.0	1085010	783	4.0
1608550253.12	4000	45.185877	0.0	1231535	852	4.0
1608550254.33	4000	45.07395	0.0	1204741	1189	4.0
1608550255.23	4000	45.302427	0.0	1227805	882	4.0
1608550256.16	4000	45.369785	0.0	1328172	918	4.0
1608550256.74	4000	45.796693	0.0	755940	560	4.0
1608550257.23	4000	46.300736	0.0	542221	484	4.0
1608550258.19	4000	46.347633	0.0	1043429	939	4.0
1608550258.76	4000	46.779173	0.0	1080376	555	4.0
1608550259.4	4000	47.137	0.0	1087843	628	4.0
1608550259.87	4000	47.663775	0.0	735758	461	4.0
1608550260.52	4000	48.014941	0.0	1086740	636	4.0
1608550260.53	8000	48.007875	0.0	1086740	636	4.0
1608550261.58	8000	47.965378	0.0	1269548	1030	8.0
1608550272.1	8000	59.576015	0.0	198063	109	8.0
1608550272.11	4000	59.451006	0.0	198063	109	0.0
1608550272.87	4000	59.826998	0.0	375542	248	4.0
1608550273.93	4000	59.827978	0.0	71077	36	4.0
1608550274.99	12000	59.578979	0.0	70186	43	4.0
1608550275.0	8000	59.56731	0.0	70186	43	4.0
1608550276.02	8000	59.579963	0.0	32002	12	8.0
1608550277.05	16000	59.58101	0.0	26471	8	8.0
1608550278.07	16000	59.581983	0.0	40620	15	16.0
1608550278.08	16000	59.916363	0.0	15267	4	16.0
