1608512470.26	4000	1.000999	0.018	60629	7	-0.3599999999999999
1608512471.84	20000	1.465961	1.015	11007815	1414	-16.3
1608512472.85	20000	1.68283	0.0	8849724	894	20.0
1608512473.3	20000	2.330518	0.0	3191121	362	20.0
1608512473.58	20000	3.051258	0.0	1661718	197	20.0
1608512473.82	20000	3.836555	0.0	1315024	155	20.0
1608512473.98	20000	4.674906	0.0	698359	81	20.0
1608512474.16	20000	5.49954	0.0	730082	94	20.0
1608512474.79	20000	5.864673	0.0	4047415	540	20.0
1608512475.33	20000	6.329711	0.0	2863079	446	20.0
1608512476.14	20000	6.522289	0.0	4167844	713	20.0
1608512477.12	20000	6.544457	0.0	5571764	873	20.0
1608512477.86	20000	6.8046	0.0	4925652	640	20.0
1608512478.2	20000	7.466768	0.0	2030157	252	20.0
1608512478.56	20000	8.110345	0.0	2240782	271	20.0
1608512478.91	20000	8.7568	0.0	2211169	268	20.0
1608512479.03	20000	9.635977	0.0	382046	45	20.0
1608512479.27	20000	10.400293	0.0	1113969	156	20.0
1608512479.47	20000	11.201274	0.0	820127	114	20.0
1608512480.53	20000	11.137131	0.0	6357933	957	20.0
1608512481.36	20000	11.312523	0.0	4814284	725	20.0
1608512481.92	20000	11.756762	0.0	3419258	463	20.0
1608512482.55	20000	12.123161	0.0	3944328	541	20.0
1608512483.25	20000	12.426071	0.0	4284196	601	20.0
1608512483.8	20000	12.878711	0.0	3022025	458	20.0
1608512484.26	20000	13.414224	0.0	2248581	373	20.0
1608512486.7	20000	11.973829	0.0	9946363	2315	20.0
1608512489.14	20000	10.541309	0.0	11684632	2296	20.0
1608512489.6	20000	11.082793	0.0	1849732	374	20.0
1608512490.07	20000	11.607422	0.0	1942795	393	20.0
1608512490.48	20000	12.201625	0.0	1704756	324	20.0
1608512490.88	20000	12.798985	0.0	1697111	323	20.0
1608512491.25	20000	13.432977	0.0	1529441	287	20.0
1608512491.63	20000	14.057633	0.0	1568649	294	20.0
1608512492.02	20000	14.660101	0.0	1677618	315	20.0
1608512492.36	20000	15.322727	0.0	1415096	256	20.0
1608512492.79	20000	15.895268	0.0	1894067	344	20.0
1608512493.09	20000	16.602165	0.0	1186604	215	20.0
1608512493.37	20000	17.314173	0.0	1068386	209	20.0
1608512493.79	20000	17.897755	0.0	1700843	335	20.0
1608512494.31	20000	18.383614	0.0	2536859	428	20.0
1608512495.04	20000	18.64992	0.0	4742872	632	20.0
1608512495.66	20000	19.031704	0.0	4955535	522	20.0
1608512495.87	20000	19.822387	0.0	1260540	129	20.0
1608512496.4	20000	20.296357	0.0	3605246	433	20.0
1608512496.89	20000	20.811188	0.0	2770338	397	20.0
1608512497.25	20000	21.450511	0.0	1855168	275	20.0
1608512497.61	20000	22.083666	0.0	1666915	284	20.0
1608512497.96	20000	22.737985	0.0	1555467	265	20.0
1608512498.2	20000	23.499626	0.0	1008919	160	20.0
1608512498.43	20000	24.267348	0.0	1227619	151	20.0
1608512498.64	20000	25.063395	0.0	1015853	124	20.0
1608512498.76	20000	25.939848	0.0	384076	45	20.0
1608512498.88	20000	26.828474	0.0	295687	35	20.0
1608512499.12	20000	27.584858	0.0	1328674	163	20.0
1608512499.37	20000	28.332503	0.0	1492829	170	20.0
1608512499.63	20000	29.082024	0.0	1484812	170	20.0
1608512499.92	20000	29.785707	0.0	1868314	214	20.0
1608512500.15	20000	30.562087	0.0	1253406	142	20.0
1608512500.34	20000	31.370844	0.0	887933	113	20.0
1608512500.58	20000	32.141804	0.0	1153403	147	20.0
1608512500.82	20000	32.894504	0.0	1249023	158	20.0
1608512501.08	20000	33.628811	0.0	1423973	183	20.0
1608512501.35	20000	34.360797	0.0	1060162	187	20.0
1608512501.64	20000	35.071059	0.0	1080597	209	20.0
1608512501.95	20000	35.768762	0.0	1156442	224	20.0
1608512502.55	20000	36.167477	0.0	2222640	515	20.0
1608512503.29	20000	36.429834	0.0	2587311	649	20.0
1608512503.82	20000	36.898183	0.0	2178351	446	20.0
1608512504.5	20000	37.219119	0.0	3121089	588	20.0
1608512505.09	20000	37.632024	0.0	2857420	495	20.0
1608512505.46	20000	38.263099	0.0	1702477	284	20.0
1608512505.8	20000	38.924321	0.0	1531670	256	20.0
1608512506.19	20000	39.529346	0.0	1863424	312	20.0
1608512506.82	20000	39.905924	0.0	1987392	540	20.0
1608512507.54	20000	40.190997	0.0	2505586	626	20.0
1608512508.89	20000	39.835485	0.0	9620218	1228	20.0
1608512509.2	20000	40.52347	0.0	2561608	226	20.0
1608512509.56	20000	41.174278	0.0	3633991	259	20.0
1608512509.88	20000	41.848398	0.0	3324070	236	20.0
1608512510.07	20000	42.658912	0.0	1560020	111	20.0
1608512510.25	20000	43.477771	0.0	1429188	100	20.0
1608512510.48	20000	44.250501	0.0	1754144	144	20.0
1608512510.71	20000	45.029477	0.0	1626020	132	20.0
1608512510.93	20000	45.804373	0.0	1739228	141	20.0
1608512511.16	20000	46.580261	0.0	1722735	141	20.0
1608512511.36	20000	47.374119	0.0	1538145	123	20.0
1608512511.56	20000	48.174192	0.0	1473412	117	20.0
1608512511.76	20000	48.974122	0.0	1498968	119	20.0
1608512512.03	20000	49.71064	0.0	2247334	177	20.0
1608512512.37	20000	50.369258	0.0	3156442	254	20.0
1608512512.61	20000	51.130905	0.0	1895098	152	20.0
1608512512.85	20000	51.890096	0.0	1939135	155	20.0
1608512513.09	20000	52.656048	0.0	1842874	148	20.0
1608512513.36	20000	53.38862	0.0	2235830	182	20.0
1608512513.62	20000	54.122791	0.0	2202171	181	20.0
1608512513.89	20000	54.852704	0.0	2242042	184	20.0
1608512514.07	20000	55.684907	0.0	1081763	88	20.0
1608512514.35	20000	56.398083	0.0	2409013	192	20.0
1608512514.56	20000	57.194665	0.0	1615028	122	20.0
1608512514.74	20000	58.007327	0.0	1413467	106	20.0
1608512514.95	20000	58.802771	0.0	1632450	123	20.0
1608512515.47	20000	59.279021	0.0	5664827	422	20.0
1608512515.9	20000	59.852486	0.0	4578115	332	20.0
1608512517.12	20000	59.849358	0.0	1783835	129	20.0
1608512518.28	20000	59.600508	0.0	1093613	80	20.0
1608512518.96	20000	59.851323	0.0	975642	101	20.0
1608512520.22	20000	59.602424	0.0	1658005	174	20.0
1608512521.26	20000	59.603495	0.0	3055257	439	20.0
1608512523.28	20000	58.485289	0.0	5355572	1915	20.0
1608512525.11	20000	57.650276	0.0	3278424	1742	20.0
1608512525.59	20000	58.175573	0.0	2318501	390	20.0
1608512526.01	20000	58.750647	0.0	2473561	337	20.0
1608512526.33	20000	59.43321	0.0	1730311	235	20.0
1608512527.09	20000	59.859553	0.0	1455812	177	20.0
1608512528.01	20000	59.860511	0.0	2869222	327	20.0
1608512528.79	20000	59.980812	0.0	3226650	691	20.0
1608512529.94	20000	59.826833	0.0	2705936	1065	20.0
1608512531.16	20000	59.613393	0.0	2998622	620	20.0
1608512532.22	20000	59.614516	0.0	2928342	476	20.0
1608512532.77	20000	59.99847	0.0	3059979	462	20.0
1608512534.37	20000	59.616503	0.0	3367422	500	20.0
1608512535.12	20000	59.867442	0.0	1950694	164	20.0
1608512536.33	20000	59.618416	0.0	1541020	129	20.0
1608512536.87	20000	59.909265	0.0	2926720	445	20.0
1608512537.92	20000	59.870392	0.0	2991202	460	20.0
1608512539.35	20000	59.621522	0.0	3002106	337	20.0
1608512540.08	20000	59.872535	0.0	2015412	149	20.0
1608512541.39	20000	59.623509	0.0	2894863	217	20.0
1608512542.13	20000	59.874571	0.0	2185316	147	20.0
1608512542.96	20000	59.87542	0.0	3370605	228	20.0
1608512544.38	20000	59.626464	0.0	3492243	330	20.0
1608512545.07	20000	59.877528	0.0	1307592	110	20.0
1608512546.31	20000	59.628545	0.0	1881404	159	20.0
1608512547.08	20000	59.879379	0.0	1806471	179	20.0
1608512548.33	20000	59.63038	0.0	1945842	163	20.0
1608512549.24	20000	59.631412	0.0	2538877	320	20.0
1608512550.28	20000	59.632412	0.0	2298557	459	20.0
1608512550.96	20000	59.831503	0.0	2831497	585	20.0
1608512552.28	20000	59.634504	0.0	3200905	725	20.0
1608512553.23	20000	59.635353	0.0	2180586	361	20.0
1608512554.0	20000	59.886503	0.0	1500505	187	20.0
1608512555.38	20000	59.6375	0.0	1939246	303	20.0
1608512556.16	20000	59.638403	0.0	1599193	198	20.0
1608512557.03	20000	59.889475	0.0	2364826	276	20.0
1608512558.38	20000	59.640477	0.0	2517454	261	20.0
1608512559.15	20000	59.891526	0.0	1883143	193	20.0
1608512559.92	20000	59.892432	0.0	1726706	183	20.0
1608512561.11	20000	59.893441	0.0	707364	100	20.0
1608512562.29	20000	59.644431	0.0	796460	93	20.0
1608512562.93	20000	59.895463	0.0	596962	64	20.0
1608512564.11	20000	59.896525	0.0	947625	94	20.0
1608512565.27	20000	59.647491	0.0	832859	80	20.0
1608512566.36	20000	59.648422	0.0	151562	13	20.0
1608512566.94	20000	59.899417	0.0	90390	7	20.0
1608512568.01	20000	59.900508	0.0	50278	4	20.0
1608512569.06	20000	59.90146	0.0	26471	3	20.0
1608512570.09	20000	59.902455	0.0	40620	1	20.0
1608512570.43	4000	1.000999	0.032	334032	20	-0.6400000000000001
1608512571.35	20000	1.36284	0.0	11007815	730	4.0
1608512571.98	20000	1.730806	0.0	8849724	512	20.0
1608512572.24	20000	2.491815	0.0	3191121	169	20.0
1608512572.42	20000	3.318232	0.0	1661718	88	20.0
1608512572.57	20000	4.168679	0.0	1315024	69	20.0
1608512572.68	20000	5.057018	0.0	698359	33	20.0
1608512572.79	20000	5.946066	0.0	730082	35	20.0
1608512573.09	20000	6.688853	0.0	4047415	191	20.0
1608512573.32	20000	7.460726	0.0	2863079	140	20.0
1608512573.62	20000	8.162105	0.0	4167844	204	20.0
1608512573.97	20000	8.812364	0.0	5571764	244	20.0
1608512574.29	20000	9.495503	0.0	4925652	216	20.0
1608512574.46	20000	10.32022	0.0	2030157	88	20.0
1608512574.65	20000	11.135878	0.0	2240782	98	20.0
1608512574.85	20000	11.937388	0.0	2211169	111	20.0
1608512574.94	20000	12.84165	0.0	382046	18	20.0
1608512575.08	20000	13.70535	0.0	1113969	56	20.0
1608512575.2	20000	14.585041	0.0	820127	41	20.0
1608512575.63	20000	15.155215	0.0	6357933	321	20.0
1608512575.99	20000	15.794774	0.0	4814284	260	20.0
1608512576.27	20000	16.518658	0.0	3419258	185	20.0
1608512576.58	20000	17.211513	0.0	3944328	213	20.0
1608512576.96	20000	17.827731	0.0	4284196	287	20.0
1608512577.26	20000	18.535686	0.0	3022025	203	20.0
1608512577.49	20000	19.299459	0.0	2248581	151	20.0
1608512578.31	20000	19.481872	0.0	9946363	693	20.0
1608512579.34	20000	19.453852	0.0	11684632	892	20.0
1608512579.58	20000	20.218087	0.0	1849732	145	20.0
1608512579.83	20000	20.966237	0.0	1942795	167	20.0
1608512580.06	20000	21.734457	0.0	1704756	148	20.0
1608512580.29	20000	22.504122	0.0	1697111	147	20.0
1608512580.51	20000	23.290867	0.0	1529441	133	20.0
1608512580.73	20000	24.071241	0.0	1568649	138	20.0
1608512580.97	20000	24.835846	0.0	1677618	150	20.0
