1609228041.76	4000	1.000999	0.041	60629	31	-0.8199999999999998
1609228044.64	4000	1.485185	2.259	6594552	2738	-41.18
1609228046.47	4000	1.394114	0.412	4402139	1732	-4.24
1609228047.4	8000	1.469517	0.0	1798447	827	4.0
1609228048.25	16000	1.619546	0.0	1661718	756	8.0
1609228048.94	16000	1.92714	0.0	1315024	605	16.0
1609228049.35	16000	2.518318	0.0	698359	324	16.0
1609228049.8	16000	3.073398	0.0	730082	361	16.0
1609228051.61	16000	2.260671	0.0	4047415	1711	16.0
1609228052.62	16000	2.262483	0.0	2863079	905	16.0
1609228053.52	12000	2.35635	0.0	2835412	799	8.0
1609228054.54	8000	2.332968	0.0	3005823	924	4.0
1609228055.86	8000	2.011844	0.0	2879726	1225	8.0
1609228056.63	20000	2.2477	0.0	2030157	672	8.0
1609228057.32	20000	2.557861	0.0	2240782	600	20.0
1609228058.08	20000	2.797733	0.0	2211169	671	20.0
1609228058.28	20000	3.596246	0.0	382046	119	20.0
1609228058.82	20000	4.057881	0.0	1113969	452	20.0
1609228059.39	20000	4.492929	0.0	820127	478	20.0
1609228060.98	8000	3.903102	0.0	4001900	1483	-4.0
1609228062.02	8000	3.864653	0.0	3029729	942	8.0
1609228062.86	8000	4.028176	0.0	2083035	745	8.0
1609228063.64	8000	4.248616	0.0	2281353	688	8.0
1609228064.57	16000	4.313075	0.0	4284196	830	8.0
1609228065.3	16000	4.59015	0.0	3022025	627	16.0
1609228065.85	16000	5.04248	0.0	2248581	456	16.0
1609228067.36	4000	4.528976	0.0	4647286	1405	-8.0
1609228069.29	4000	3.598636	0.0	5615227	1818	4.0
1609228069.84	20000	4.045385	0.0	1849732	457	4.0
1609228070.24	20000	4.651977	0.0	1942795	303	20.0
1609228070.6	20000	5.296738	0.0	1704756	266	20.0
1609228070.89	20000	6.005016	0.0	1697111	204	20.0
1609228071.16	20000	6.737105	0.0	1529441	183	20.0
1609228071.43	20000	7.462618	0.0	1568649	188	20.0
1609228071.74	20000	8.154876	0.0	1677618	220	20.0
1609228072.09	20000	8.810369	0.0	1415096	259	20.0
1609228072.52	20000	9.37472	0.0	1894067	349	20.0
1609228072.91	20000	9.98561	0.0	1186604	305	20.0
1609228073.32	20000	10.576375	0.0	1068386	325	20.0
1609228073.8	20000	11.101736	0.0	1700843	388	20.0
1609228074.25	20000	11.655533	0.0	2536859	356	20.0
1609228075.09	20000	11.819012	0.0	4742872	735	20.0
1609228076.52	20000	11.384231	0.0	4955535	1328	20.0
1609228076.91	20000	11.994319	0.0	1260540	306	20.0
1609228077.75	20000	12.152747	0.0	3605246	744	20.0
1609228079.02	20000	11.886302	0.0	2770338	1174	20.0
1609228079.62	20000	12.286681	0.0	1855168	512	20.0
1609228080.88	20000	12.030319	0.0	1666915	1170	20.0
1609228081.81	20000	12.104523	0.0	1555467	838	20.0
1609228082.08	20000	12.826996	0.0	1008919	193	20.0
1609228082.41	20000	13.506196	0.0	1227619	236	20.0
1609228082.69	20000	14.226425	0.0	1015853	194	20.0
1609228082.91	20000	14.999595	0.0	384076	138	20.0
1609228083.1	20000	15.811616	0.0	295687	105	20.0
1609228083.69	20000	16.225526	0.0	1328674	498	20.0
1609228084.29	20000	16.625594	0.0	1492829	514	20.0
1609228084.88	20000	17.040276	0.0	1484812	499	20.0
1609228085.59	20000	17.329093	0.0	1868314	619	20.0
1609228086.03	20000	17.887769	0.0	1253406	355	20.0
1609228086.36	20000	18.562056	0.0	887933	242	20.0
1609228086.76	20000	19.161602	0.0	1153403	316	20.0
1609228087.11	20000	19.81727	0.0	1249023	257	20.0
1609228087.49	20000	20.434339	0.0	1423973	294	20.0
1609228087.79	20000	21.136055	0.0	1060162	212	20.0
1609228088.05	20000	21.881169	0.0	1080597	168	20.0
1609228088.31	20000	22.613885	0.0	1156442	180	20.0
1609228088.75	20000	23.175148	0.0	2222640	348	20.0
1609228089.25	20000	23.683503	0.0	2587311	398	20.0
1609228089.67	20000	24.258246	0.0	2178351	335	20.0
1609228090.32	20000	24.606813	0.0	3121089	556	20.0
1609228090.94	20000	24.991393	0.0	2857420	523	20.0
1609228091.36	20000	25.575254	0.0	1702477	328	20.0
1609228091.74	20000	26.194963	0.0	1531670	294	20.0
1609228092.23	20000	26.71001	0.0	1863424	395	20.0
1609228092.74	20000	27.199106	0.0	1987392	423	20.0
1609228093.38	20000	27.559362	0.0	2505586	547	20.0
1609228097.4	20000	24.5418	0.0	9620218	3873	20.0
1609228098.96	20000	23.981636	0.0	2561608	1466	20.0
1609228100.85	20000	23.095033	0.0	3633991	1789	20.0
1609228101.97	20000	22.971303	0.0	3324070	1029	20.0
1609228102.99	20000	22.957721	0.0	1560020	919	20.0
1609228103.94	20000	23.001507	0.0	1429188	868	20.0
1609228104.8	20000	23.149514	0.0	1754144	764	20.0
1609228105.9	20000	23.050199	0.0	1626020	1014	20.0
1609228106.78	20000	23.164447	0.0	1739228	799	20.0
1609228107.65	20000	23.294909	0.0	1722735	783	20.0
1609228108.38	20000	23.565875	0.0	1538145	644	20.0
1609228109.07	20000	23.881137	0.0	1473412	601	20.0
1609228109.77	20000	24.176302	0.0	1498968	619	20.0
1609228110.93	20000	24.016443	0.0	2247334	1071	20.0
1609228112.45	20000	23.50062	0.0	3156442	1422	20.0
1609228113.3	12000	23.651927	0.0	1488968	754	4.0
1609228115.15	12000	22.805329	0.0	1507223	1758	12.0
1609228115.96	20000	22.994253	0.0	1842874	719	12.0
1609228116.71	20000	23.242498	0.0	2235830	663	20.0
1609228117.62	20000	23.341873	0.0	2202171	810	20.0
1609228118.65	20000	23.306926	0.0	2242042	944	20.0
1609228119.19	20000	23.772662	0.0	1081763	448	20.0
1609228120.27	20000	23.689876	0.0	2409013	992	20.0
1609228121.02	20000	23.942591	0.0	1615028	661	20.0
1609228121.69	20000	24.272224	0.0	1413467	583	20.0
1609228122.64	20000	24.320707	0.0	1632450	863	20.0
1609228125.37	20000	22.593158	0.0	5664827	2620	20.0
1609228127.21	20000	21.754772	0.0	4578115	1733	20.0
1609228127.89	20000	22.076361	0.0	1783835	591	20.0
1609228128.32	20000	22.647892	0.0	1093613	343	20.0
1609228128.71	20000	23.255905	0.0	975642	308	20.0
1609228129.34	20000	23.634888	0.0	1658005	534	20.0
1609228130.47	20000	23.497301	0.0	3055257	1044	20.0
1609228132.88	20000	22.088342	0.0	5355572	2305	20.0
1609228134.82	20000	21.14819	0.0	3278424	1845	20.0
1609228135.93	20000	21.047845	0.0	2318501	1009	20.0
1609228137.09	20000	20.888862	0.0	2473561	1067	20.0
1609228138.02	20000	20.954034	0.0	1730311	842	20.0
1609228138.63	20000	21.343333	0.0	1455812	522	20.0
1609228139.82	20000	21.157753	0.0	2869222	1092	20.0
1609228141.29	20000	20.684744	0.0	3226650	1377	20.0
1609228142.59	20000	20.394007	0.0	2705936	1200	20.0
1609228144.06	20000	19.919602	0.0	2998622	1377	20.0
1609228145.21	20000	19.76961	0.0	2928342	1055	20.0
1609228146.52	20000	19.457755	0.0	3059979	1218	20.0
1609228148.26	20000	18.720624	0.0	3367422	1642	20.0
1609228149.16	20000	18.824887	0.0	1950694	807	20.0
1609228149.85	20000	19.130253	0.0	1541020	606	20.0
1609228151.07	20000	18.919567	0.0	2926720	1110	20.0
1609228152.3	20000	18.68674	0.0	2991202	1137	20.0
1609228153.31	20000	18.674106	0.0	3002106	919	20.0
1609228154.02	20000	18.966249	0.0	2015412	619	20.0
1609228154.98	20000	19.014853	0.0	2894863	857	20.0
1609228155.71	20000	19.282846	0.0	2185316	642	20.0
1609228156.8	20000	19.191058	0.0	3370605	996	20.0
1609228157.89	20000	19.10784	0.0	3492243	985	20.0
1609228158.32	20000	19.677703	0.0	1307592	344	20.0
1609228158.88	20000	20.116491	0.0	1881404	472	20.0
1609228159.38	20000	20.615925	0.0	1806471	411	20.0
1609228159.87	20000	21.127678	0.0	1945842	393	20.0
1609228160.46	20000	21.540309	0.0	2538877	495	20.0
1609228160.98	20000	22.015746	0.0	2298557	433	20.0
1609228161.75	20000	22.253474	0.0	2831497	670	20.0
1609228162.54	20000	22.458853	0.0	3200905	700	20.0
1609228163.03	20000	22.97568	0.0	2180586	393	20.0
1609228163.38	20000	23.622511	0.0	1500505	266	20.0
1609228163.82	20000	24.185499	0.0	1939246	349	20.0
1609228164.19	20000	24.811949	0.0	1599193	287	20.0
1609228164.74	20000	25.266095	0.0	2364826	457	20.0
1609228165.34	20000	25.67237	0.0	2517454	502	20.0
1609228165.93	20000	26.080106	0.0	1883143	503	20.0
1609228166.4	20000	26.610667	0.0	1726706	382	20.0
1609228166.6	20000	27.410128	0.0	707364	119	20.0
1609228166.82	20000	28.193472	0.0	796460	133	20.0
1609228167.0	20000	29.012789	0.0	596962	99	20.0
1609228167.24	20000	29.771761	0.0	947625	159	20.0
1609228167.5	20000	30.509471	0.0	832859	179	20.0
1609228167.62	20000	31.399655	0.0	151562	29	20.0
1609228167.7	20000	32.312696	0.0	90390	16	20.0
1609228167.77	20000	33.246551	0.0	50278	6	20.0
1609228167.82	20000	34.19665	0.0	26471	2	20.0
1609228167.88	20000	35.14292	0.0	40620	5	20.0
1609228168.24	4000	1.000999	0.08	334032	69	-1.6
1609228170.14	4000	1.36251	0.977	6594552	1765	-15.54
1609228171.58	4000	1.300677	0.36	4402139	1338	-3.2
1609228172.13	8000	1.771025	0.0	1798447	452	4.0
1609228172.68	16000	2.217588	0.0	1661718	458	8.0
1609228173.14	16000	2.756747	0.0	1315024	374	16.0
1609228173.41	16000	3.491381	0.0	698359	181	16.0
1609228173.68	16000	4.220161	0.0	730082	186	16.0
1609228174.82	16000	4.083274	0.0	4047415	1035	16.0
1609228175.65	16000	4.252315	0.0	2863079	737	16.0
1609228176.87	16000	4.036533	0.0	4167844	1115	16.0
1609228178.45	20000	3.45706	0.0	5571764	1470	16.0
1609228179.65	20000	3.255152	0.0	4925652	1099	20.0
1609228180.22	20000	3.684593	0.0	2030157	481	20.0
1609228181.03	20000	3.87416	0.0	2240782	721	20.0
1609228181.64	20000	4.268287	0.0	2211169	518	20.0
1609228181.79	20000	5.117964	0.0	382046	69	20.0
1609228182.09	20000	5.825236	0.0	1113969	208	20.0
1609228182.32	20000	6.589321	0.0	820127	152	20.0
1609228183.95	20000	5.959222	0.0	6357933	1520	20.0
1609228185.15	20000	5.75976	0.0	4814284	1095	20.0
1609228186.01	20000	5.902944	0.0	3419258	757	20.0
1609228187.09	20000	5.828429	0.0	3944328	976	20.0
1609228188.27	20000	5.644015	0.0	4284196	1085	20.0
1609228189.09	20000	5.832539	0.0	3022025	718	20.0
1609228189.71	20000	6.210961	0.0	2248581	530	20.0
1609228192.38	16000	4.53537	0.0	9946363	2526	12.0
1609228195.79	16000	2.135168	0.0	11684632	3261	16.0
1609228196.42	20000	2.500316	0.0	1849732	548	16.0
1609228196.99	20000	2.937801	0.0	1942795	474	20.0
1609228197.5	20000	3.420352	0.0	1704756	418	20.0
1609228198.11	20000	3.810864	0.0	1697111	518	20.0
1609228198.67	20000	4.25946	0.0	1529441	463	20.0
