1609141883.54	4000	1.000999	0.018	60629	7	-0.3599999999999999
1609141884.9	4000	1.467783	0.795	6594552	1277	-11.9
1609141885.95	4000	1.63229	0.0	4402139	1021	4.0
1609141886.25	4000	2.445038	0.0	1043358	273	4.0
1609141886.5	8000	3.188752	0.0	946554	225	4.0
1609141886.7	8000	4.006386	0.0	768486	182	8.0
1609141886.8	8000	4.89981	0.0	398693	92	8.0
1609141886.9	8000	5.804778	0.0	358785	82	8.0
1609141887.34	8000	6.367926	0.0	1838971	416	8.0
1609141887.61	8000	7.098984	0.0	1382199	251	8.0
1609141888.01	8000	7.697463	0.0	2052265	372	8.0
1609141888.92	12000	7.79226	0.0	4074608	867	8.0
1609141889.76	12000	7.947332	0.0	3844696	814	12.0
1609141890.11	12000	8.599393	0.0	1630440	329	12.0
1609141890.45	12000	9.262676	0.0	1712120	315	12.0
1609141890.76	12000	9.956431	0.0	1662097	286	12.0
1609141890.81	12000	10.904752	0.0	243072	40	12.0
1609141890.96	12000	11.756208	0.0	793783	135	12.0
1609141891.06	12000	12.653497	0.0	531720	89	12.0
1609141891.98	12000	12.737853	0.0	5045162	880	12.0
1609141892.66	12000	13.057562	0.0	3858422	648	12.0
1609141893.13	12000	13.589773	0.0	2713103	442	12.0
1609141893.98	16000	13.745336	0.0	3944328	807	12.0
1609141894.78	12000	13.943777	0.0	3391518	764	8.0
1609141895.25	8000	14.469944	0.0	1926191	450	4.0
1609141895.56	8000	15.16181	0.0	1427209	291	8.0
1609141896.98	8000	14.742152	0.0	6361262	1376	8.0
1609141899.06	8000	13.66497	0.0	7838407	2020	8.0
1609141899.27	4000	14.454162	0.0	764013	192	0.0
1609141899.47	4000	15.254756	0.0	795179	184	4.0
1609141899.66	4000	16.069467	0.0	741228	170	4.0
1609141899.86	4000	16.879394	0.0	760332	175	4.0
1609141900.05	4000	17.678158	0.0	769288	177	4.0
1609141900.24	4000	18.485149	0.0	779865	179	4.0
1609141900.44	4000	19.288523	0.0	838056	182	4.0
1609141900.67	8000	20.060716	0.0	977239	208	4.0
1609141900.98	8000	20.752435	0.0	1356524	290	8.0
1609141901.17	8000	21.56788	0.0	801103	170	8.0
1609141901.33	8000	22.408771	0.0	686354	145	8.0
1609141901.57	8000	23.162534	0.0	1097671	229	8.0
1609141902.03	12000	23.70808	0.0	2025194	431	8.0
1609141902.61	12000	24.127566	0.0	2595110	555	12.0
1609141903.34	12000	24.394801	0.0	3209770	703	12.0
1609141903.59	12000	25.149016	0.0	1080711	228	12.0
1609141904.27	12000	25.473683	0.0	3005751	649	12.0
1609141904.85	12000	25.896528	0.0	2251469	556	12.0
1609141905.17	8000	26.571728	0.0	1153767	293	4.0
1609141905.44	8000	27.301676	0.0	1020736	252	8.0
1609141905.7	8000	28.045021	0.0	965874	240	8.0
1609141905.9	8000	28.842553	0.0	762421	189	8.0
1609141906.15	8000	29.601357	0.0	883591	220	8.0
1609141906.38	12000	30.364906	0.0	883588	219	8.0
1609141906.47	12000	31.275106	0.0	347560	78	12.0
1609141906.55	12000	32.203208	0.0	267077	59	12.0
1609141906.82	12000	32.926004	0.0	1128983	261	12.0
1609141907.14	12000	33.616396	0.0	1257735	292	12.0
1609141907.44	12000	34.309658	0.0	1265527	289	12.0
1609141907.9	16000	34.850312	0.0	1868314	436	12.0
1609141908.21	16000	35.541358	0.0	1253406	291	16.0
1609141908.42	16000	36.332717	0.0	887933	194	16.0
1609141908.65	16000	37.105439	0.0	1153403	211	16.0
1609141908.9	16000	37.859834	0.0	1249023	229	16.0
1609141909.18	16000	38.58056	0.0	1423973	262	16.0
1609141909.39	16000	39.369927	0.0	1060162	194	16.0
1609141909.58	16000	40.179102	0.0	1080597	174	16.0
1609141909.79	16000	40.975091	0.0	1156442	187	16.0
1609141910.17	16000	41.58991	0.0	2222640	361	16.0
1609141910.62	20000	42.140108	0.0	2587311	425	16.0
1609141911.01	20000	42.753847	0.0	2178351	365	20.0
1609141911.62	20000	43.143552	0.0	3121089	577	20.0
1609141912.32	20000	43.450551	0.0	2857420	669	20.0
1609141912.72	16000	44.04964	0.0	1702477	382	12.0
1609141913.0	12000	44.771769	0.0	1157734	257	8.0
1609141913.34	12000	45.431227	0.0	1439296	321	12.0
1609141913.65	12000	46.119062	0.0	1558739	292	12.0
1609141914.03	12000	46.741244	0.0	1982918	357	12.0
1609141915.58	12000	46.192946	0.0	7754684	1498	12.0
1609141915.94	12000	46.833046	0.0	2122146	339	12.0
1609141916.44	12000	47.333922	0.0	2951725	472	12.0
1609141916.94	12000	47.837589	0.0	2707022	469	12.0
1609141917.18	12000	48.599351	0.0	1258293	215	12.0
1609141917.39	12000	49.387924	0.0	1132545	194	12.0
1609141917.75	12000	50.029743	0.0	1405832	339	12.0
1609141918.11	12000	50.673439	0.0	1314152	339	12.0
1609141918.47	12000	51.306949	0.0	1387998	347	12.0
1609141918.73	12000	52.054088	0.0	1362449	234	12.0
1609141918.95	12000	52.827631	0.0	1219048	210	12.0
1609141919.23	16000	53.551646	0.0	1473412	253	12.0
1609141919.52	16000	54.261335	0.0	1498968	271	16.0
1609141920.1	16000	54.689243	0.0	2247334	548	16.0
1609141921.04	16000	54.743366	0.0	3156442	917	16.0
1609141921.53	12000	55.25555	0.0	1488968	465	8.0
1609141921.81	8000	55.977882	0.0	1097827	258	4.0
1609141922.07	8000	56.723951	0.0	1010680	237	8.0
1609141922.37	8000	57.423677	0.0	1202900	283	8.0
1609141922.58	8000	58.211224	0.0	1236644	194	8.0
1609141922.76	8000	59.034752	0.0	1286142	158	8.0
1609141922.86	8000	59.937409	0.0	675899	82	8.0
1609141924.08	8000	59.922603	0.0	1606544	199	8.0
1609141925.3	8000	59.673613	0.0	1066218	194	8.0
1609141926.05	12000	59.924617	0.0	1179696	225	8.0
1609141927.2	12000	59.675633	0.0	1291599	133	12.0
1609141928.22	12000	59.676622	0.0	4082189	484	12.0
1609141929.25	12000	59.677614	0.0	3284299	507	12.0
1609141930.05	12000	59.92861	0.0	1412347	281	12.0
1609141931.25	12000	59.679623	0.0	909953	182	12.0
1609141932.02	16000	59.930605	0.0	975642	243	12.0
1609141932.92	16000	59.931604	0.0	1658005	381	16.0
1609141934.11	16000	59.932608	0.0	3055257	652	16.0
1609141935.27	16000	59.535735	0.0	5355572	1120	16.0
1609141935.82	12000	59.985051	0.0	2566881	523	8.0
1609141937.15	8000	59.685614	0.0	1448467	306	4.0
1609141937.97	8000	59.936606	0.0	1521463	292	8.0
1609141939.19	8000	59.687601	0.0	1006183	207	8.0
1609141939.96	8000	59.938575	0.0	831839	251	8.0
1609141941.02	8000	59.939624	0.0	1735764	532	8.0
1609141942.03	8000	59.940653	0.0	1969173	494	8.0
1609141943.02	8000	59.941605	0.0	1618621	462	8.0
1609141944.02	12000	59.942608	0.0	2411136	475	8.0
1609141945.3	8000	59.69361	0.0	1780068	254	4.0
1609141946.05	8000	59.944601	0.0	1844656	228	8.0
1609141947.34	8000	59.695612	0.0	2010421	268	8.0
1609141948.03	8000	59.946611	0.0	1158554	174	8.0
1609141949.18	8000	59.697616	0.0	873968	128	8.0
1609141950.05	12000	59.948596	0.0	2277016	344	8.0
1609141950.86	12000	59.962767	0.0	2335112	788	12.0
1609141952.31	12000	59.700609	0.0	2348675	929	12.0
1609141953.07	8000	59.9516	0.0	1149171	230	4.0
1609141954.02	8000	59.952597	0.0	1666069	431	8.0
1609141955.28	8000	59.703608	0.0	1269548	238	8.0
1609141955.95	8000	59.880148	0.0	2108361	647	8.0
1609141956.95	8000	59.874474	0.0	2206878	983	8.0
1609141958.19	8000	59.7066	0.0	752992	220	8.0
1609141959.01	4000	59.95761	0.0	781150	303	0.0
1609141960.28	4000	59.708634	0.0	723162	245	4.0
1609141960.98	4000	59.959619	0.0	787496	189	4.0
1609141962.22	4000	59.710615	0.0	1008090	218	4.0
1609141962.92	4000	59.961604	0.0	920901	189	4.0
1609141964.21	4000	59.712606	0.0	1141486	260	4.0
1609141965.23	8000	59.713598	0.0	1955680	491	4.0
1609141966.14	8000	59.714615	0.0	1256122	398	8.0
1609141966.96	8000	59.965603	0.0	872352	297	8.0
1609141968.26	8000	59.716606	0.0	1175796	785	8.0
1609141969.0	4000	59.967606	0.0	705221	213	0.0
1609141969.9	4000	59.968596	0.0	905448	390	4.0
1609141971.16	4000	59.71959	0.0	951381	236	4.0
1609141972.32	4000	59.720607	0.0	663404	139	4.0
1609141972.9	4000	59.971592	0.0	662118	64	4.0
1609141973.95	4000	59.972604	0.0	284661	37	4.0
1609141974.99	4000	59.9736	0.0	305283	29	4.0
1609141976.04	8000	59.974596	0.0	318722	32	4.0
1609141977.13	8000	59.725592	0.0	566180	75	8.0
1609141978.22	8000	59.726596	0.0	531853	71	8.0
1609141979.25	8000	59.727604	0.0	95334	8	8.0
1609141980.26	8000	59.728599	0.0	52187	3	8.0
1609141981.28	12000	59.729614	0.0	50504	1	8.0
1609141982.3	12000	59.730611	0.0	24518	4	12.0
1609141983.32	8000	59.731616	0.0	26015	4	4.0
1609141983.61	4000	1.000999	0.014	60629	4	-0.28000000000000025
1609141984.69	4000	1.28236	0.345	6594552	1017	-2.9000000000000004
1609141986.85	4000	1.291595	0.923	4402139	2121	-14.46
1609141987.34	4000	1.819464	0.0	1043358	476	4.0
1609141987.61	4000	2.549053	0.0	567502	255	4.0
1609141987.84	4000	3.325448	0.0	472646	211	4.0
1609141988.04	4000	4.124431	0.0	274373	187	4.0
1609141988.22	4000	4.939829	0.0	222226	171	4.0
1609141989.01	4000	5.151135	0.0	1213073	771	4.0
1609141989.32	4000	5.843619	0.0	927735	292	4.0
1609141989.81	4000	6.361312	0.0	1463326	465	4.0
1609141990.98	4000	6.19231	0.0	2054811	1150	4.0
1609141991.26	4000	6.914609	0.0	1928241	258	4.0
1609141991.39	4000	7.778451	0.0	898461	119	4.0
1609141991.54	4000	8.638528	0.0	929156	124	4.0
1609141991.67	4000	9.499666	0.0	886614	117	4.0
1609141991.7	4000	10.477716	0.0	90752	9	4.0
1609141991.76	4000	11.417085	0.0	376357	48	4.0
1609141991.79	4000	12.380978	0.0	197626	24	4.0
1609141992.11	8000	13.062933	0.0	4001900	281	4.0
1609141992.32	8000	13.854531	0.0	3029729	180	8.0
1609141992.47	8000	14.708853	0.0	2083035	124	8.0
1609141992.63	8000	15.551729	0.0	2281353	135	8.0
1609141992.81	8000	16.374958	0.0	2599148	155	8.0
1609141992.98	12000	17.19979	0.0	2424462	147	8.0
1609141993.12	12000	18.067002	0.0	1798203	112	12.0
1609141993.68	12000	18.504372	0.0	8032438	504	12.0
1609141994.42	12000	18.769125	0.0	9808342	667	12.0
1609141994.54	12000	19.644994	0.0	1491397	104	12.0
1609141994.67	12000	20.514615	0.0	1560434	110	12.0
1609141994.82	16000	21.368663	0.0	1704756	120	12.0
1609141994.98	16000	22.209435	0.0	1697111	140	16.0
