1608575567.72	4000	1.000999	0.054	60629	44	-1.08
1608575568.87	2000	1.359018	0.48	1072422	1082	-9.6
1608575570.02	2000	1.34008	0.132	1121405	1135	-0.6400000000000001
1608575570.71	2000	1.656424	0.0	728514	668	2.0
1608575571.54	8000	1.821854	0.0	946554	813	2.0
1608575572.18	8000	2.180841	0.0	768486	627	8.0
1608575572.5	8000	3.017792	0.0	398693	303	8.0
1608575573.12	20000	3.475863	0.0	730082	595	8.0
1608575575.35	8000	2.249272	0.0	1838971	2201	-4.0
1608575576.72	8000	1.876946	0.0	1382199	1353	8.0
1608575578.98	8000	1.251967	0.634	2052265	2235	-4.68
1608575580.03	2000	1.389587	0.175	975494	1019	-7.5
1608575581.01	2000	1.406333	0.0	873443	967	2.0
1608575582.56	8000	1.316992	0.454	1267052	1524	-7.08
1608575585.44	8000	1.266313	1.595	1316661	2862	-23.9
1608575587.16	8000	1.361786	0.821	1263534	1703	-8.420000000000002
1608575587.38	8000	2.148942	0.0	150125	198	8.0
1608575588.31	8000	2.219109	0.0	555328	915	8.0
1608575589.13	8000	2.393615	0.0	323573	812	8.0
1608575590.75	2000	1.77737	0.0	1138797	1596	-4.0
1608575592.76	2000	1.437437	0.671	922146	1993	-11.42
1608575594.01	2000	1.358783	0.166	760526	1228	-1.3199999999999998
1608575595.4	2000	1.275125	0.309	866360	1377	-4.18
1608575596.69	2000	1.334768	0.345	821406	1270	-4.9
1608575597.47	2000	1.555726	0.0	576666	765	2.0
1608575598.02	2000	1.999718	0.0	399536	543	2.0
1608575601.16	2000	1.432779	1.573	2503359	3116	-29.46
1608575604.01	2000	1.256856	1.671	2158640	2826	-31.42
1608575604.3	2000	1.964776	0.0	352618	279	2.0
1608575605.47	8000	1.799693	0.0	1179779	1146	2.0
1608575606.46	8000	2.024498	0.0	1078151	969	8.0
1608575607.37	8000	2.112055	0.0	1086181	892	8.0
1608575608.53	8000	1.958199	0.0	1029204	1136	8.0
1608575609.66	8000	1.824426	0.0	1054251	1115	8.0
1608575610.57	8000	1.912393	0.0	1132419	894	8.0
1608575611.97	8000	1.513695	0.0	977239	1381	8.0
1608575613.64	8000	1.499177	0.646	1356524	1643	-4.92
1608575614.31	8000	1.829484	0.0	801103	654	8.0
1608575615.36	20000	1.772364	0.0	1068386	1036	8.0
1608575617.31	20000	1.397716	0.566	1700843	1921	8.68
1608575619.25	8000	1.464487	1.009	1598754	1920	-24.18
1608575619.73	2000	1.983139	0.0	480043	464	-4.0
1608575620.4	2000	2.314505	0.0	639392	653	2.0
1608575621.31	8000	2.401589	0.0	890138	894	2.0
1608575623.59	8000	1.493394	0.144	2345010	2250	5.12
1608575625.09	8000	1.388672	0.396	1735323	1482	0.08000000000000007
1608575626.65	8000	1.285773	0.459	1153767	1543	-1.1799999999999997
1608575627.32	8000	1.622214	0.0	1020736	644	8.0
1608575628.09	8000	1.850309	0.0	965874	754	8.0
1608575629.02	20000	1.924685	0.0	1008919	904	8.0
1608575630.21	20000	1.730473	0.0	1227619	1176	20.0
1608575631.26	20000	1.687271	0.0	1015853	1025	20.0
1608575631.65	20000	2.294791	0.0	384076	376	20.0
1608575632.06	20000	2.884911	0.0	295687	396	20.0
1608575633.47	20000	2.477832	0.0	1328674	1388	20.0
1608575634.83	20000	2.118579	0.0	1492829	1339	20.0
1608575636.2	20000	1.751366	0.0	1484812	1347	20.0
1608575637.84	20000	1.254965	0.15	1868314	1623	17.0
1608575638.71	20000	1.40542	0.013	1253406	839	19.74
1608575639.24	20000	1.870524	0.0	887933	519	20.0
1608575639.93	20000	2.183913	0.0	1153403	667	20.0
1608575640.68	20000	2.432858	0.0	1249023	731	20.0
1608575641.85	20000	2.261275	0.0	1423973	1151	20.0
1608575642.42	20000	2.698633	0.0	1060162	544	20.0
1608575643.08	20000	3.033556	0.0	1080597	647	20.0
1608575643.9	20000	3.215612	0.0	1156442	799	20.0
1608575645.52	20000	2.602291	0.0	2222640	1588	20.0
1608575647.28	20000	1.8441	0.0	2587311	1730	20.0
1608575648.74	20000	1.427501	0.041	2178351	1433	19.18
1608575649.93	8000	1.468901	0.238	1719028	1173	-8.76
1608575651.82	8000	1.457434	0.872	1582861	1862	-9.440000000000001
1608575652.87	8000	1.402377	0.0	901281	1037	8.0
1608575653.36	8000	1.919142	0.0	798342	465	8.0
1608575654.01	8000	2.26911	0.0	1031599	633	8.0
1608575655.35	20000	1.932081	0.0	1987392	1311	8.0
1608575657.01	20000	1.334214	0.063	2505586	1635	18.74
1608575658.39	2000	1.397567	0.448	2234357	1357	-24.96
1608575659.48	8000	1.345936	0.035	1677334	1056	1.2999999999999998
1608575661.0	8000	1.479934	0.438	2233179	1497	-0.7599999999999998
1608575662.92	8000	1.418953	0.86	2053317	1898	-9.2
1608575663.59	8000	1.751579	0.0	953056	651	8.0
1608575664.74	20000	1.602375	0.0	1429188	1126	8.0
1608575666.4	20000	1.281905	0.339	1754144	1640	13.219999999999999
1608575667.74	20000	1.372026	0.431	1626020	1320	11.38
1608575669.17	20000	1.304327	0.356	1739228	1404	12.879999999999999
1608575670.53	20000	1.411351	0.469	1722735	1343	10.62
1608575671.69	20000	1.381931	0.132	1538145	1142	17.36
1608575672.73	20000	1.347662	0.0	1473412	1014	20.0
1608575673.7	20000	1.376941	0.0	1498968	950	20.0
1608575675.18	20000	1.267338	0.372	2247334	1458	12.559999999999999
1608575677.66	20000	1.390646	1.603	3156442	2452	-12.060000000000002
1608575678.84	20000	1.495136	0.28	1895098	1157	14.4
1608575680.64	20000	1.276482	0.575	1939135	1772	8.5
1608575681.88	20000	1.352227	0.317	1842874	1217	13.66
1608575683.75	20000	1.420766	0.939	2235830	1846	1.2199999999999989
1608575685.5	20000	1.361114	0.688	2202171	1726	6.24
1608575687.25	20000	1.299796	0.69	2242042	1728	6.199999999999999
1608575688.0	20000	1.550343	0.0	1081763	729	20.0
1608575689.74	20000	1.486509	0.678	2409013	1719	6.4399999999999995
1608575690.97	20000	1.421613	0.155	1615028	1201	16.9
1608575691.96	20000	1.430733	0.0	1413467	972	20.0
1608575692.94	20000	1.445297	0.0	1632450	964	20.0
1608575694.5	8000	1.330126	0.436	2424481	1525	-12.72
1608575696.25	8000	1.267079	0.69	1902440	1733	-5.800000000000001
1608575696.77	8000	1.747736	0.0	1031824	498	8.0
1608575697.87	20000	1.650109	0.0	1093613	1077	8.0
1608575698.56	20000	1.954953	0.0	975642	677	20.0
1608575699.74	20000	1.782475	0.0	1658005	1153	20.0
1608575701.96	20000	1.462306	0.897	3055257	2192	2.0599999999999987
1608575704.02	8000	1.360027	0.961	2618824	2036	-23.22
1608575705.37	8000	1.322356	0.307	1820110	1324	1.8600000000000003
1608575706.22	8000	1.475578	0.0	1448467	816	8.0
1608575707.2	8000	1.487543	0.0	1521463	969	8.0
1608575707.68	8000	2.009945	0.0	1006183	459	8.0
1608575708.43	20000	2.268366	0.0	1455812	718	8.0
1608575709.98	20000	1.719649	0.0	2869222	1521	20.0
1608575711.81	20000	1.385934	0.504	3226650	1812	9.92
1608575713.64	20000	1.391394	0.832	2705936	1805	3.3599999999999994
1608575715.72	20000	1.474676	1.164	2998622	2053	-3.280000000000001
1608575717.75	20000	1.389605	0.944	2928342	2005	1.120000000000001
1608575719.94	20000	1.334567	1.122	3059979	2152	-2.4400000000000013
1608575721.22	8000	1.463104	0.408	2010421	1253	-12.16
1608575722.29	8000	1.39089	0.004	1158554	1057	7.92
1608575723.17	20000	1.520725	0.0	1541020	848	8.0
1608575725.19	20000	1.377663	0.88	2926720	1999	2.3999999999999986
1608575726.54	20000	1.258545	0.225	2991202	1319	15.5
1608575727.94	20000	1.48492	0.629	3002106	1379	7.42
1608575728.85	20000	1.578456	0.0	2015412	884	20.0
1608575730.23	20000	1.366507	0.171	2894863	1356	16.58
1608575731.21	20000	1.387096	0.0	2185316	953	20.0
1608575732.76	20000	1.289344	0.449	3370605	1520	11.02
1608575734.68	20000	1.489637	1.121	3492243	1895	-2.4200000000000017
1608575735.39	20000	1.7837	0.0	1307592	687	20.0
1608575736.15	20000	2.017959	0.0	1881404	743	20.0
1608575736.95	20000	2.223643	0.0	1806471	772	20.0
1608575737.76	20000	2.414977	0.0	1945842	788	20.0
1608575738.76	20000	2.416189	0.0	2538877	973	20.0
1608575739.65	20000	2.531147	0.0	2298557	860	20.0
1608575740.78	20000	2.396	0.0	2831497	1108	20.0
1608575742.07	20000	2.113975	0.0	3200905	1246	20.0
1608575742.97	20000	2.211878	0.0	2180586	876	20.0
1608575743.57	20000	2.607544	0.0	1500505	585	20.0
1608575744.32	20000	2.860135	0.0	1939246	724	20.0
1608575744.95	20000	3.23766	0.0	1599193	601	20.0
1608575745.88	20000	3.302736	0.0	2364826	912	20.0
1608575746.87	20000	3.316444	0.0	2517454	962	20.0
1608575747.53	20000	3.651573	0.0	1883143	643	20.0
