1608536524.25	4000	1.000999	0.037	60629	1	-1.1840000000000002
1608536524.64	2000	1.644516	0.0	1072422	367	0.0
1608536525.04	2000	2.275672	0.0	1121405	380	2.0
1608536525.32	2000	2.988678	0.0	728514	270	2.0
1608536525.52	2000	3.790741	0.0	508013	186	2.0
1608536525.68	2000	4.636167	0.0	395538	142	2.0
1608536525.79	2000	5.520232	0.0	297276	106	2.0
1608536525.89	2000	6.423794	0.0	247728	87	2.0
1608536526.28	4000	7.036892	0.0	1213073	368	2.0
1608536526.69	8000	7.622609	0.0	1382199	393	4.0
1608536527.33	8000	7.990412	0.0	2052265	612	8.0
1608536528.26	8000	8.059568	0.0	3005823	907	8.0
1608536529.03	8000	8.289795	0.0	2879726	748	8.0
1608536529.29	8000	9.02649	0.0	1267052	248	8.0
1608536529.57	8000	9.752971	0.0	1316661	258	8.0
1608536529.92	12000	10.403321	0.0	1662097	328	8.0
1608536529.97	12000	11.348244	0.0	243072	44	12.0
1608536530.31	16000	12.015582	0.0	1113969	314	12.0
1608536530.58	16000	12.74551	0.0	820127	257	16.0
1608536532.4	16000	12.034359	0.0	6357933	1753	16.0
1608536533.41	16000	12.145996	0.0	4814284	974	16.0
1608536534.25	16000	12.311058	0.0	3419258	805	16.0
1608536535.19	16000	12.370564	0.0	3944328	912	16.0
1608536536.2	16000	12.365874	0.0	4284196	972	16.0
1608536536.72	16000	12.845368	0.0	3022025	494	16.0
1608536537.12	16000	13.44854	0.0	2248581	367	16.0
1608536539.3	16000	12.26158	0.0	9946363	2111	16.0
1608536541.66	16000	10.908311	0.0	11684632	2282	16.0
1608536541.97	12000	11.599145	0.0	1491397	287	8.0
1608536542.37	16000	12.199219	0.0	1942795	377	12.0
1608536542.73	16000	12.843682	0.0	1704756	336	16.0
1608536543.09	16000	13.485484	0.0	1697111	334	16.0
1608536543.46	16000	14.116394	0.0	1529441	351	16.0
1608536543.85	16000	14.727505	0.0	1568649	370	16.0
1608536544.25	16000	15.328143	0.0	1677618	381	16.0
1608536544.56	20000	16.011387	0.0	1415096	300	16.0
1608536544.99	20000	16.589415	0.0	1894067	402	20.0
1608536545.24	20000	17.336013	0.0	1186604	237	20.0
1608536545.46	20000	18.117325	0.0	1068386	204	20.0
1608536545.81	20000	18.773147	0.0	1700843	327	20.0
1608536546.34	20000	19.243321	0.0	2536859	508	20.0
1608536547.44	20000	19.144501	0.0	4742872	1065	20.0
1608536548.61	20000	18.975937	0.0	4955535	1135	20.0
1608536548.88	20000	19.699316	0.0	1260540	259	20.0
1608536549.73	20000	19.855916	0.0	3605246	816	20.0
1608536550.34	20000	20.243852	0.0	2770338	586	20.0
1608536550.67	20000	20.914754	0.0	1855168	307	20.0
1608536550.97	20000	21.618814	0.0	1666915	276	20.0
1608536551.24	20000	22.348725	0.0	1555467	252	20.0
1608536551.42	20000	23.172631	0.0	1008919	159	20.0
1608536551.63	20000	23.962144	0.0	1227619	195	20.0
1608536551.8	20000	24.786625	0.0	1015853	161	20.0
1608536551.88	20000	25.715703	0.0	384076	58	20.0
1608536551.93	20000	26.658726	0.0	295687	46	20.0
1608536552.16	20000	27.432521	0.0	1328674	211	20.0
1608536552.48	20000	28.110606	0.0	1492829	304	20.0
1608536552.81	20000	28.7868	0.0	1484812	306	20.0
1608536553.21	20000	29.387693	0.0	1868314	380	20.0
1608536553.43	20000	30.163224	0.0	1253406	207	20.0
1608536553.6	20000	31.003292	0.0	887933	146	20.0
1608536553.8	20000	31.797065	0.0	1153403	190	20.0
1608536554.03	20000	32.575261	0.0	1249023	206	20.0
1608536554.28	20000	33.317818	0.0	1423973	239	20.0
1608536554.49	20000	34.11415	0.0	1060162	189	20.0
1608536554.7	20000	34.905946	0.0	1080597	193	20.0
1608536554.92	20000	35.683679	0.0	1156442	207	20.0
1608536555.34	20000	36.269297	0.0	2222640	392	20.0
1608536555.81	20000	36.795928	0.0	2587311	448	20.0
1608536556.21	20000	37.398484	0.0	2178351	376	20.0
1608536556.84	20000	37.767697	0.0	3121089	604	20.0
1608536557.39	20000	38.229238	0.0	2857420	514	20.0
1608536557.68	20000	38.93551	0.0	1702477	265	20.0
1608536557.93	20000	39.678085	0.0	1531670	239	20.0
1608536558.24	20000	40.36967	0.0	1863424	290	20.0
1608536558.58	20000	41.038328	0.0	1987392	311	20.0
1608536558.99	20000	41.622553	0.0	2505586	393	20.0
1608536560.64	20000	40.980251	0.0	9620218	1583	20.0
1608536561.24	20000	41.38039	0.0	2561608	575	20.0
1608536561.77	20000	41.852102	0.0	3633991	497	20.0
1608536562.25	20000	42.370594	0.0	3324070	453	20.0
1608536562.46	20000	43.16022	0.0	1560020	188	20.0
1608536562.65	20000	43.975313	0.0	1429188	166	20.0
1608536562.87	20000	44.750969	0.0	1754144	205	20.0
1608536563.08	20000	45.541146	0.0	1626020	189	20.0
1608536563.3	20000	46.320426	0.0	1739228	202	20.0
1608536563.52	20000	47.100992	0.0	1722735	200	20.0
1608536563.72	20000	47.903901	0.0	1538145	179	20.0
1608536563.91	20000	48.714316	0.0	1473412	171	20.0
1608536564.11	20000	49.522452	0.0	1498968	175	20.0
1608536565.64	20000	48.98785	0.0	2247334	1513	20.0
1608536566.84	20000	48.792487	0.0	3156442	1168	20.0
1608536567.29	20000	49.342291	0.0	1895098	429	20.0
1608536567.62	20000	50.0135	0.0	1939135	308	20.0
1608536567.93	20000	50.699449	0.0	1842874	294	20.0
1608536568.32	20000	51.312452	0.0	2235830	357	20.0
1608536568.72	20000	51.918267	0.0	2202171	372	20.0
1608536569.12	20000	52.516704	0.0	2242042	379	20.0
1608536569.58	20000	53.056337	0.0	1081763	442	20.0
1608536571.63	20000	52.01043	0.0	2409013	2023	20.0
1608536572.67	20000	51.972414	0.0	1615028	1019	20.0
1608536573.17	20000	52.469823	0.0	1413467	486	20.0
1608536573.73	20000	52.913132	0.0	1632450	539	20.0
1608536576.51	20000	51.13115	0.0	5664827	2735	20.0
1608536577.87	20000	50.770533	0.0	4578115	1328	20.0
1608536578.39	20000	51.254567	0.0	1783835	496	20.0
1608536578.61	20000	52.038612	0.0	1093613	200	20.0
1608536578.8	20000	52.844828	0.0	975642	178	20.0
1608536579.12	20000	53.522171	0.0	1658005	304	20.0
1608536579.81	20000	53.833562	0.0	3055257	664	20.0
1608536581.22	20000	53.429145	0.0	5355572	1369	20.0
1608536582.1	20000	53.550425	0.0	3278424	852	20.0
1608536582.89	20000	53.760467	0.0	2318501	759	20.0
1608536583.74	20000	53.908829	0.0	2473561	827	20.0
1608536584.27	20000	54.378495	0.0	1730311	512	20.0
1608536584.76	20000	54.89448	0.0	1455812	466	20.0
1608536585.65	20000	55.004059	0.0	2869222	866	20.0
1608536586.53	20000	55.130906	0.0	3226650	847	20.0
1608536587.56	20000	55.101602	0.0	2705936	1004	20.0
1608536588.62	20000	55.035269	0.0	2998622	1038	20.0
1608536589.17	20000	55.49172	0.0	2928342	518	20.0
1608536590.24	20000	55.420265	0.0	3059979	1046	20.0
1608536591.05	20000	55.608734	0.0	3367422	784	20.0
1608536591.49	20000	56.176305	0.0	1950694	413	20.0
1608536591.9	20000	56.760332	0.0	1541020	398	20.0
1608536593.52	20000	56.14775	0.0	2926720	1588	20.0
1608536594.94	20000	55.725609	0.0	2991202	1396	20.0
1608536596.37	20000	55.297603	0.0	3002106	1403	20.0
1608536597.14	20000	55.530343	0.0	2015412	746	20.0
1608536597.74	20000	55.925428	0.0	2894863	579	20.0
1608536598.06	20000	56.613176	0.0	2185316	289	20.0
1608536598.55	20000	57.116122	0.0	3370605	468	20.0
1608536599.26	20000	57.410934	0.0	3492243	675	20.0
1608536599.55	20000	58.132946	0.0	1307592	261	20.0
1608536600.03	20000	58.644124	0.0	1881404	458	20.0
1608536600.49	20000	59.188746	0.0	1806471	434	20.0
1608536600.75	20000	59.927432	0.0	1945842	241	20.0
1608536602.09	20000	59.633147	0.0	2538877	315	20.0
1608536602.92	20000	59.884286	0.0	2298557	312	20.0
1608536603.92	20000	59.885284	0.0	2831497	470	20.0
1608536605.07	20000	59.636434	0.0	3200905	613	20.0
1608536605.98	20000	59.88723	0.0	2180586	393	20.0
1608536607.24	20000	59.638396	0.0	1500505	239	20.0
1608536607.94	20000	59.753051	0.0	1939246	667	20.0
1608536609.1	20000	59.64024	0.0	1599193	640	20.0
1608536609.87	20000	59.817941	0.0	2364826	743	20.0
1608536610.72	20000	59.960652	0.0	2517454	834	20.0
1608536611.87	20000	59.815198	0.0	1883143	1125	20.0
1608536613.01	20000	59.894231	0.0	1726706	621	20.0
1608536613.94	20000	59.895417	0.0	707364	410	20.0
1608536615.24	20000	59.646301	0.0	796460	283	20.0
1608536615.93	20000	59.897429	0.0	596962	173	20.0
1608536617.15	20000	59.64839	0.0	947625	199	20.0
1608536617.84	20000	59.899445	0.0	832859	177	20.0
1608536618.89	20000	59.9004	0.0	151562	30	20.0
1608536619.91	20000	59.901399	0.0	90390	12	20.0
1608536620.93	20000	59.902313	0.0	50278	4	20.0
1608536621.95	20000	59.90341	0.0	26471	5	20.0
1608536622.96	20000	59.904449	0.0	40620	5	20.0
1608536623.35	4000	1.000999	0.079	335737	68	-2.528
1608536623.6	2000	2.001999	0.0	1072422	226	0.0
1608536624.02	2000	2.616043	0.0	1121405	400	2.0
1608536624.29	2000	3.344406	0.0	728514	257	2.0
1608536624.48	2000	4.153681	0.0	508013	178	2.0
1608536624.63	2000	5.019245	0.0	395538	135	2.0
1608536624.8	2000	5.853157	0.0	297276	154	2.0
1608536624.93	4000	6.723024	0.0	222226	113	2.0
1608536625.61	4000	7.042589	0.0	1213073	666	4.0
1608536626.15	8000	7.502992	0.0	1382199	518	4.0
1608536627.24	8000	7.414854	0.0	2052265	1066	8.0
1608536629.21	8000	6.44674	0.0	3005823	1944	8.0
1608536629.81	4000	6.848694	0.0	1928241	578	0.0
1608536629.95	4000	7.704656	0.0	898461	131	4.0
1608536630.17	8000	8.494194	0.0	1316661	194	4.0
1608536630.37	8000	9.293587	0.0	1263534	185	8.0
1608536630.4	8000	10.264227	0.0	150125	19	8.0
1608536630.53	12000	11.134275	0.0	793783	116	8.0
1608536630.67	16000	12.041947	0.0	820127	117	12.0
1608536631.56	16000	12.3416	0.0	6357933	828	16.0
1608536632.12	16000	12.783362	0.0	4814284	524	16.0
1608536632.51	16000	13.39571	0.0	3419258	361	16.0
1608536633.1	16000	13.799796	0.0	3944328	567	16.0
1608536633.84	16000	14.065357	0.0	4284196	703	16.0
1608536634.35	16000	14.55518	0.0	3022025	474	16.0
1608536634.72	16000	15.186643	0.0	2248581	346	16.0
1608536636.05	20000	14.860883	0.0	9946363	1245	16.0
1608536637.36	16000	14.551474	0.0	11684632	1242	12.0
1608536637.57	16000	15.335218	0.0	1849732	196	16.0
1608536637.86	20000	16.049338	0.0	1942795	267	16.0
1608536638.19	20000	16.723137	0.0	1704756	306	20.0
1608536638.53	20000	17.386091	0.0	1697111	307	20.0
1608536638.77	20000	18.139176	0.0	1529441	229	20.0
1608536638.95	20000	18.959849	0.0	1568649	162	20.0
1608536639.15	20000	19.766596	0.0	1677618	174	20.0
