1608571396.54	4000	1.000999	0.02	60629	10	-0.6400000000000001
1608571399.26	16000	1.410581	2.034	11007815	2587	-61.087999999999994
1608571401.08	16000	1.351324	0.484	8849724	1761	0.5120000000000005
1608571401.74	16000	1.717215	0.0	3191121	629	16.0
1608571402.09	16000	2.367091	0.0	1661718	331	16.0
1608571402.37	16000	3.089343	0.0	1315024	261	16.0
1608571402.52	16000	3.931049	0.0	698359	144	16.0
1608571402.69	16000	4.765968	0.0	730082	151	16.0
1608571403.56	16000	4.894634	0.0	4047415	844	16.0
1608571404.18	16000	5.27844	0.0	2863079	588	16.0
1608571405.1	16000	5.362998	0.0	4167844	881	16.0
1608571406.3	16000	5.16336	0.0	5571764	1150	16.0
1608571407.24	16000	5.218609	0.0	4925652	912	16.0
1608571407.61	16000	5.848663	0.0	2030157	349	16.0
1608571408.02	16000	6.445063	0.0	2240782	380	16.0
1608571408.41	16000	7.054954	0.0	2211169	366	16.0
1608571408.48	16000	7.986431	0.0	382046	55	16.0
1608571408.66	16000	8.802873	0.0	1113969	168	16.0
1608571408.8	16000	9.664252	0.0	820127	123	16.0
1608571409.84	16000	9.633112	0.0	6357933	988	16.0
1608571410.64	16000	9.839492	0.0	4814284	758	16.0
1608571411.2	16000	10.270418	0.0	3419258	529	16.0
1608571411.84	16000	10.636682	0.0	3944328	604	16.0
1608571412.52	16000	10.9543	0.0	4284196	650	16.0
1608571413.0	16000	11.477091	0.0	3022025	452	16.0
1608571413.35	16000	12.120094	0.0	2248581	336	16.0
1608571414.78	16000	11.699018	0.0	9946363	1364	16.0
1608571416.25	16000	11.228077	0.0	11684632	1401	16.0
1608571416.48	16000	11.996494	0.0	1849732	204	16.0
1608571416.72	16000	12.760338	0.0	1942795	216	16.0
1608571416.93	16000	13.552912	0.0	1704756	189	16.0
1608571417.13	16000	14.346903	0.0	1697111	188	16.0
1608571417.32	16000	15.15946	0.0	1529441	170	16.0
1608571417.52	16000	15.964453	0.0	1568649	179	16.0
1608571417.73	16000	16.74936	0.0	1677618	197	16.0
1608571417.92	16000	17.566665	0.0	1415096	166	16.0
1608571418.16	16000	18.325585	0.0	1894067	223	16.0
1608571418.31	16000	19.171842	0.0	1186604	138	16.0
1608571418.45	16000	20.036661	0.0	1068386	120	16.0
1608571418.66	16000	20.830725	0.0	1700843	188	16.0
1608571418.96	16000	21.527105	0.0	2536859	282	16.0
1608571419.52	16000	21.972063	0.0	4742872	519	16.0
1608571420.06	16000	22.42849	0.0	4955535	510	16.0
1608571420.21	16000	23.282416	0.0	1260540	128	16.0
1608571420.69	16000	23.799021	0.0	3605246	455	16.0
1608571421.14	16000	24.351479	0.0	2770338	423	16.0
1608571421.46	16000	25.032156	0.0	1855168	300	16.0
1608571422.12	16000	25.371986	0.0	1666915	642	16.0
1608571422.61	16000	25.883572	0.0	1555467	471	16.0
1608571422.86	16000	26.637279	0.0	1008919	231	16.0
1608571423.17	16000	27.326777	0.0	1227619	281	16.0
1608571423.42	16000	28.078371	0.0	1015853	232	16.0
1608571423.49	16000	29.015316	0.0	384076	50	16.0
1608571423.54	16000	29.963009	0.0	295687	40	16.0
1608571423.74	16000	30.759946	0.0	1328674	188	16.0
1608571423.98	16000	31.525451	0.0	1492829	209	16.0
1608571424.21	16000	32.296963	0.0	1484812	210	16.0
1608571424.5	16000	33.010135	0.0	1868314	267	16.0
1608571424.71	16000	33.792531	0.0	1253406	200	16.0
1608571424.87	16000	34.636222	0.0	887933	141	16.0
1608571425.07	16000	35.43533	0.0	1153403	184	16.0
1608571425.29	16000	36.217939	0.0	1249023	199	16.0
1608571425.55	16000	36.957348	0.0	1423973	242	16.0
1608571425.77	16000	37.740253	0.0	1060162	200	16.0
1608571425.99	16000	38.520408	0.0	1080597	204	16.0
1608571426.23	16000	39.285505	0.0	1156442	219	16.0
1608571426.67	16000	39.847245	0.0	2222640	416	16.0
1608571427.18	16000	40.340299	0.0	2587311	483	16.0
1608571427.65	16000	40.869319	0.0	2178351	449	16.0
1608571428.46	16000	41.055987	0.0	3121089	787	16.0
1608571430.0	16000	40.521435	0.0	2857420	1507	16.0
1608571430.7	16000	40.817141	0.0	1702477	684	16.0
1608571431.12	16000	41.401766	0.0	1531670	396	16.0
1608571431.62	16000	41.900264	0.0	1863424	480	16.0
1608571432.17	16000	42.35518	0.0	1987392	523	16.0
1608571432.85	16000	42.676819	0.0	2505586	656	16.0
1608571434.51	16000	42.017396	0.0	9620218	1600	16.0
1608571434.83	16000	42.694714	0.0	2561608	297	16.0
1608571435.29	16000	43.240253	0.0	3633991	424	16.0
1608571435.72	16000	43.808502	0.0	3324070	403	16.0
1608571435.95	16000	44.581923	0.0	1560020	200	16.0
1608571436.15	16000	45.381111	0.0	1429188	183	16.0
1608571436.4	16000	46.136712	0.0	1754144	226	16.0
1608571436.64	16000	46.897335	0.0	1626020	220	16.0
1608571436.91	16000	47.62537	0.0	1739228	253	16.0
1608571437.18	16000	48.356316	0.0	1722735	250	16.0
1608571437.42	16000	49.112902	0.0	1538145	223	16.0
1608571437.68	16000	49.857446	0.0	1473412	238	16.0
1608571437.97	16000	50.572573	0.0	1498968	267	16.0
1608571438.39	16000	51.148959	0.0	2247334	401	16.0
1608571438.92	16000	51.619715	0.0	3156442	502	16.0
1608571439.23	16000	52.309419	0.0	1895098	291	16.0
1608571439.55	16000	52.993374	0.0	1939135	296	16.0
1608571439.85	16000	53.700912	0.0	1842874	272	16.0
1608571440.2	16000	54.34133	0.0	2235830	330	16.0
1608571440.55	16000	54.994327	0.0	2202171	326	16.0
1608571440.95	16000	55.600219	0.0	2242042	372	16.0
1608571441.14	16000	56.405776	0.0	1081763	178	16.0
1608571441.56	16000	56.986162	0.0	2409013	397	16.0
1608571441.82	16000	57.724439	0.0	1615028	243	16.0
1608571442.05	16000	58.494671	0.0	1413467	212	16.0
1608571442.32	16000	59.230641	0.0	1632450	246	16.0
1608571443.12	16000	59.427162	0.0	5664827	761	16.0
1608571443.73	16000	59.826782	0.0	4578115	565	16.0
1608571444.95	16000	59.613084	0.0	1783835	204	16.0
1608571446.11	16000	59.61411	0.0	1093613	136	16.0
1608571446.77	16000	59.865191	0.0	975642	146	16.0
1608571448.06	16000	59.616203	0.0	1658005	271	16.0
1608571448.64	16000	59.919557	0.0	3055257	548	16.0
1608571449.77	16000	59.787754	0.0	5355572	1089	16.0
1608571451.04	16000	59.619184	0.0	3278424	737	16.0
1608571451.9	16000	59.870158	0.0	2318501	332	16.0
1608571452.89	16000	59.871115	0.0	2473561	463	16.0
1608571453.77	16000	59.872197	0.0	1730311	357	16.0
1608571454.94	16000	59.62313	0.0	1455812	153	16.0
1608571455.77	16000	59.874174	0.0	2869222	300	16.0
1608571457.17	16000	59.625159	0.0	3226650	371	16.0
1608571458.03	16000	59.626099	0.0	2705936	332	16.0
1608571458.94	16000	59.802504	0.0	2998622	380	16.0
1608571459.88	16000	59.878086	0.0	2928342	412	16.0
1608571460.86	16000	59.879162	0.0	3059979	454	16.0
1608571461.89	16000	59.88006	0.0	3367422	496	16.0
1608571462.72	16000	59.881085	0.0	1950694	308	16.0
1608571463.99	16000	59.632139	0.0	1541020	252	16.0
1608571465.04	16000	59.633197	0.0	2926720	523	16.0
1608571465.77	16000	59.804314	0.0	2991202	705	16.0
1608571466.89	16000	59.885133	0.0	3002106	594	16.0
1608571467.7	16000	59.886167	0.0	2015412	290	16.0
1608571469.13	16000	59.637132	0.0	2894863	401	16.0
1608571469.97	16000	59.638159	0.0	2185316	316	16.0
1608571470.74	16000	59.842298	0.0	3370605	737	16.0
1608571471.95	16000	59.640195	0.0	3492243	683	16.0
1608571472.69	16000	59.891212	0.0	1307592	222	16.0
1608571474.16	16000	59.642191	0.0	1881404	452	16.0
1608571474.97	16000	59.610656	0.0	1806471	789	16.0
1608571475.8	16000	59.788688	0.0	1945842	803	16.0
1608571477.03	16000	59.645102	0.0	2538877	703	16.0
1608571477.96	16000	59.646192	0.0	2298557	406	16.0
1608571478.9	16000	59.872419	0.0	2831497	416	16.0
1608571479.97	16000	59.648104	0.0	3200905	543	16.0
1608571480.82	16000	59.899202	0.0	2180586	322	16.0
1608571482.03	16000	59.650169	0.0	1500505	186	16.0
1608571482.77	16000	59.90117	0.0	1939246	216	16.0
1608571483.98	16000	59.652123	0.0	1599193	191	16.0
1608571484.76	16000	59.903151	0.0	2364826	263	16.0
1608571486.02	16000	59.654107	0.0	2517454	234	16.0
1608571486.7	16000	59.905089	0.0	1883143	158	16.0
1608571487.87	16000	59.906085	0.0	1726706	143	16.0
1608571488.95	16000	59.657196	0.0	707364	63	16.0
1608571490.04	16000	59.658148	0.0	796460	75	16.0
1608571491.13	16000	59.659191	0.0	596962	75	16.0
1608571491.84	16000	59.910118	0.0	947625	192	16.0
1608571493.07	16000	59.661175	0.0	832859	208	16.0
1608571494.14	16000	59.662103	0.0	151562	63	16.0
1608571494.73	16000	59.913084	0.0	90390	74	16.0
1608571495.78	16000	59.914184	0.0	50278	32	16.0
1608571497.06	8000	59.665187	0.0	22693	259	0.0
1608571497.06	16000	59.540123	0.0	22693	259	8.0
1608571498.6	4000	1.000999	0.288	334022	276	-9.216
1608571500.06	4000	1.282452	0.473	6594552	1395	-11.136
1608571501.21	16000	1.298159	0.143	8849724	1082	-0.5760000000000005
1608571501.64	16000	1.909552	0.0	3191121	396	16.0
1608571501.86	16000	2.684652	0.0	1661718	205	16.0
1608571502.05	16000	3.501119	0.0	1315024	166	16.0
1608571502.15	16000	4.398751	0.0	698359	88	16.0
1608571502.26	16000	5.292897	0.0	730082	92	16.0
1608571502.82	16000	5.736824	0.0	4047415	522	16.0
1608571503.22	16000	6.337436	0.0	2863079	376	16.0
1608571503.8	16000	6.752094	0.0	4167844	556	16.0
1608571504.6	16000	6.953499	0.0	5571764	757	16.0
1608571505.33	16000	7.222839	0.0	4925652	692	16.0
1608571505.65	16000	7.9104	0.0	2030157	293	16.0
1608571505.99	16000	8.566766	0.0	2240782	323	16.0
1608571506.34	16000	9.218687	0.0	2211169	325	16.0
1608571506.41	16000	10.151651	0.0	382046	54	16.0
1608571506.59	16000	10.973627	0.0	1113969	163	16.0
1608571506.72	16000	11.841433	0.0	820127	118	16.0
1608571507.69	16000	11.874213	0.0	6357933	924	16.0
1608571508.44	16000	12.124302	0.0	4814284	712	16.0
1608571508.98	16000	12.584034	0.0	3419258	511	16.0
1608571509.63	16000	12.93908	0.0	3944328	614	16.0
1608571510.32	16000	13.243992	0.0	4284196	662	16.0
1608571510.82	16000	13.751585	0.0	3022025	465	16.0
1608571511.17	16000	14.402186	0.0	2248581	328	16.0
1608571512.6	16000	13.967448	0.0	9946363	1365	16.0
1608571514.2	16000	13.371324	0.0	11684632	1528	16.0
1608571514.47	16000	14.100916	0.0	1849732	249	16.0
1608571514.75	16000	14.818531	0.0	1942795	262	16.0
1608571515.0	16000	15.570588	0.0	1704756	229	16.0
1608571515.26	16000	16.319214	0.0	1697111	232	16.0
1608571515.48	16000	17.09213	0.0	1529441	209	16.0
