1609215182.59	4000	1.000999	0.014	60629	5	-0.28000000000000025
1609215183.46	4000	1.491646	0.328	6594552	724	-2.5599999999999996
1609215185.0	16000	1.310326	0.117	8849724	1404	1.6600000000000001
1609215185.68	20000	1.696112	0.0	3191121	584	16.0
1609215185.99	20000	2.38804	0.0	1661718	215	20.0
1609215186.25	20000	3.127426	0.0	1315024	170	20.0
1609215186.43	20000	3.947739	0.0	698359	89	20.0
1609215186.61	20000	4.771452	0.0	730082	89	20.0
1609215187.22	20000	5.163811	0.0	4047415	503	20.0
1609215187.72	20000	5.664706	0.0	2863079	401	20.0
1609215188.47	20000	5.915986	0.0	4167844	643	20.0
1609215189.9	20000	5.491364	0.0	5571764	1313	20.0
1609215190.64	20000	5.747366	0.0	4925652	636	20.0
1609215190.99	20000	6.398679	0.0	2030157	255	20.0
1609215191.37	20000	7.022698	0.0	2240782	282	20.0
1609215191.71	20000	7.675228	0.0	2211169	253	20.0
1609215191.84	20000	8.547228	0.0	382046	41	20.0
1609215192.06	20000	9.332767	0.0	1113969	125	20.0
1609215192.24	20000	10.154108	0.0	820127	92	20.0
1609215193.1	20000	10.289252	0.0	6357933	749	20.0
1609215193.83	20000	10.569538	0.0	4814284	606	20.0
1609215194.39	20000	11.008964	0.0	3419258	459	20.0
1609215195.17	20000	11.230052	0.0	3944328	675	20.0
1609215195.96	20000	11.437335	0.0	4284196	687	20.0
1609215196.53	20000	11.871739	0.0	3022025	465	20.0
1609215196.95	20000	12.455408	0.0	2248581	322	20.0
1609215198.44	20000	11.957678	0.0	9946363	1356	20.0
1609215200.11	20000	11.291463	0.0	11684632	1524	20.0
1609215200.44	20000	11.958677	0.0	1849732	239	20.0
1609215200.75	20000	12.651724	0.0	1942795	215	20.0
1609215201.03	20000	13.370887	0.0	1704756	188	20.0
1609215201.31	20000	14.092341	0.0	1697111	187	20.0
1609215201.58	20000	14.828047	0.0	1529441	173	20.0
1609215201.89	20000	15.517494	0.0	1568649	220	20.0
1609215202.22	20000	16.190086	0.0	1677618	235	20.0
1609215202.51	20000	16.90103	0.0	1415096	198	20.0
1609215202.98	20000	17.434811	0.0	1894067	373	20.0
1609215203.3	20000	18.112428	0.0	1186604	233	20.0
1609215203.58	20000	18.830676	0.0	1068386	193	20.0
1609215203.89	20000	19.521797	0.0	1700843	208	20.0
1609215204.3	20000	20.111142	0.0	2536859	314	20.0
1609215205.04	20000	20.379313	0.0	4742872	622	20.0
1609215205.78	20000	20.640951	0.0	4955535	630	20.0
1609215206.01	20000	21.409745	0.0	1260540	142	20.0
1609215206.52	20000	21.898418	0.0	3605246	411	20.0
1609215206.96	20000	22.458041	0.0	2770338	343	20.0
1609215207.29	20000	23.134802	0.0	1855168	229	20.0
1609215207.59	20000	23.836105	0.0	1666915	206	20.0
1609215207.89	20000	24.533679	0.0	1555467	210	20.0
1609215208.11	20000	25.308841	0.0	1008919	136	20.0
1609215208.37	20000	26.053076	0.0	1227619	166	20.0
1609215208.59	20000	26.832185	0.0	1015853	132	20.0
1609215208.72	20000	27.708238	0.0	384076	36	20.0
1609215208.83	20000	28.593978	0.0	295687	27	20.0
1609215209.06	20000	29.371902	0.0	1328674	131	20.0
1609215209.3	20000	30.13387	0.0	1492829	147	20.0
1609215209.54	20000	30.896138	0.0	1484812	146	20.0
1609215209.82	20000	31.61294	0.0	1868314	188	20.0
1609215210.04	20000	32.396275	0.0	1253406	126	20.0
1609215210.22	20000	33.218384	0.0	887933	89	20.0
1609215210.42	20000	34.012487	0.0	1153403	116	20.0
1609215210.64	20000	34.798571	0.0	1249023	122	20.0
1609215210.86	20000	35.572717	0.0	1423973	135	20.0
1609215211.06	20000	36.381824	0.0	1060162	101	20.0
1609215211.25	20000	37.190495	0.0	1080597	102	20.0
1609215211.45	20000	37.99091	0.0	1156442	109	20.0
1609215211.75	20000	38.68605	0.0	2222640	209	20.0
1609215212.1	20000	39.346687	0.0	2587311	242	20.0
1609215212.39	20000	40.048939	0.0	2178351	204	20.0
1609215212.85	20000	40.589232	0.0	3121089	357	20.0
1609215213.33	20000	41.115062	0.0	2857420	377	20.0
1609215213.64	20000	41.807719	0.0	1702477	214	20.0
1609215213.86	20000	42.586958	0.0	1531670	130	20.0
1609215214.11	20000	43.33643	0.0	1863424	157	20.0
1609215214.37	20000	44.074264	0.0	1987392	168	20.0
1609215214.7	20000	44.747592	0.0	2505586	229	20.0
1609215216.02	20000	44.429825	0.0	9620218	1184	20.0
1609215216.51	20000	44.946134	0.0	2561608	387	20.0
1609215216.89	20000	45.567224	0.0	3633991	278	20.0
1609215217.22	20000	46.234184	0.0	3324070	232	20.0
1609215217.42	20000	47.033517	0.0	1560020	109	20.0
1609215217.61	20000	47.843918	0.0	1429188	99	20.0
1609215217.87	20000	48.589566	0.0	1754144	153	20.0
1609215218.1	20000	49.35326	0.0	1626020	145	20.0
1609215218.35	20000	50.107571	0.0	1739228	155	20.0
1609215218.6	20000	50.859786	0.0	1722735	153	20.0
1609215219.18	20000	51.278824	0.0	1538145	489	20.0
1609215219.7	20000	51.762897	0.0	1473412	424	20.0
1609215220.03	20000	52.428448	0.0	1498968	242	20.0
1609215220.5	20000	52.966961	0.0	2247334	366	20.0
1609215220.95	20000	53.518696	0.0	3156442	348	20.0
1609215221.23	20000	54.234738	0.0	1895098	190	20.0
1609215221.53	20000	54.939542	0.0	1939135	201	20.0
1609215221.78	20000	55.685372	0.0	1842874	158	20.0
1609215222.06	20000	56.40891	0.0	2235830	182	20.0
1609215222.34	20000	57.134249	0.0	2202171	179	20.0
1609215222.61	20000	57.856428	0.0	2242042	182	20.0
1609215222.8	20000	58.672199	0.0	1081763	94	20.0
1609215223.11	20000	59.364198	0.0	2409013	211	20.0
1609215223.84	20000	59.869145	0.0	1615028	141	20.0
1609215225.07	20000	59.62012	0.0	1413467	129	20.0
1609215225.86	20000	59.621112	0.0	1632450	201	20.0
1609215228.2	20000	58.273633	0.0	5664827	2223	20.0
1609215229.24	20000	58.235624	0.0	4578115	931	20.0
1609215229.78	20000	58.694729	0.0	1783835	445	20.0
1609215230.08	20000	59.398494	0.0	1093613	204	20.0
1609215230.86	20000	59.626096	0.0	975642	182	20.0
1609215231.75	20000	59.877096	0.0	1658005	298	20.0
1609215232.52	20000	59.963737	0.0	3055257	668	20.0
1609215233.9	20000	59.629202	0.0	5355572	767	20.0
1609215234.59	20000	59.890524	0.0	3278424	592	20.0
1609215235.61	20000	59.881199	0.0	2318501	424	20.0
1609215237.04	20000	59.632222	0.0	2473561	328	20.0
1609215237.85	20000	59.883201	0.0	1730311	211	20.0
1609215238.64	20000	59.884122	0.0	1455812	200	20.0
1609215240.1	20000	59.635047	0.0	2869222	357	20.0
1609215240.61	20000	59.880467	0.0	3226650	407	20.0
1609215242.05	20000	59.637128	0.0	2705936	339	20.0
1609215242.55	20000	59.943326	0.0	2998622	401	20.0
1609215243.99	20000	59.639203	0.0	2928342	342	20.0
1609215244.6	20000	59.89312	0.0	3059979	509	20.0
1609215245.71	20000	59.891166	0.0	3367422	504	20.0
1609215247.05	20000	59.47428	0.0	1950694	246	20.0
1609215247.87	20000	59.643067	0.0	1541020	222	20.0
1609215248.51	20000	59.992604	0.0	2926720	540	20.0
1609215250.04	20000	59.645132	0.0	2991202	430	20.0
1609215250.65	20000	59.854386	0.0	3002106	510	20.0
1609215251.68	20000	59.897139	0.0	2015412	440	20.0
1609215252.63	20000	59.89814	0.0	2894863	344	20.0
1609215253.97	20000	59.649116	0.0	2185316	238	20.0
1609215254.93	20000	59.650142	0.0	3370605	360	20.0
1609215255.55	20000	59.95367	0.0	3492243	519	20.0
1609215256.84	20000	59.902229	0.0	1307592	193	20.0
1609215257.77	20000	59.903218	0.0	1881404	338	20.0
1609215259.04	20000	59.654199	0.0	1806471	177	20.0
1609215259.78	20000	59.905161	0.0	1945842	144	20.0
1609215261.06	20000	59.656158	0.0	2538877	169	20.0
1609215261.8	20000	59.878441	0.0	2298557	140	20.0
1609215263.07	20000	59.658144	0.0	2831497	170	20.0
1609215263.87	20000	59.659141	0.0	3200905	195	20.0
1609215265.1	20000	59.660094	0.0	2180586	134	20.0
1609215265.78	20000	59.911145	0.0	1500505	84	20.0
1609215266.99	20000	59.662139	0.0	1939246	110	20.0
1609215267.69	20000	59.913135	0.0	1599193	107	20.0
1609215268.95	20000	59.664178	0.0	2364826	159	20.0
1609215269.72	20000	59.915143	0.0	2517454	174	20.0
1609215270.95	20000	59.666223	0.0	1883143	130	20.0
1609215271.64	20000	59.917145	0.0	1726706	96	20.0
1609215272.77	20000	59.918148	0.0	707364	39	20.0
1609215273.9	20000	59.66922	0.0	796460	45	20.0
1609215275.05	20000	59.670201	0.0	596962	53	20.0
1609215275.7	20000	59.921138	0.0	947625	64	20.0
1609215276.86	20000	59.672202	0.0	832859	63	20.0
1609215277.95	20000	59.673212	0.0	151562	11	20.0
1609215279.05	20000	59.674202	0.0	90390	8	20.0
1609215279.62	20000	59.925132	0.0	50278	2	20.0
1609215280.67	20000	59.926134	0.0	26471	4	20.0
1609215281.71	20000	59.927142	0.0	40620	2	20.0
1609215282.06	4000	1.000999	0.035	334032	24	-0.7000000000000002
1609215283.08	20000	1.262667	0.0	11007815	828	4.0
1609215283.87	20000	1.498916	0.0	8849724	657	20.0
1609215284.21	20000	2.162443	0.0	3191121	236	20.0
1609215284.42	20000	2.950435	0.0	1661718	123	20.0
1609215284.61	20000	3.782964	0.0	1315024	89	20.0
1609215284.75	20000	4.644897	0.0	698359	51	20.0
1609215284.89	20000	5.505121	0.0	730082	53	20.0
1609215285.29	20000	6.11096	0.0	4047415	291	20.0
1609215285.59	20000	6.808223	0.0	2863079	204	20.0
1609215286.0	20000	7.405975	0.0	4167844	297	20.0
1609215286.53	20000	7.870197	0.0	5571764	422	20.0
1609215287.02	20000	8.387012	0.0	4925652	373	20.0
1609215287.28	20000	9.128682	0.0	2030157	165	20.0
1609215287.55	20000	9.851151	0.0	2240782	182	20.0
1609215287.83	20000	10.577597	0.0	2211169	180	20.0
1609215287.95	20000	11.461308	0.0	382046	29	20.0
1609215288.15	20000	12.258887	0.0	1113969	113	20.0
1609215288.34	20000	13.073147	0.0	820127	98	20.0
1609215289.31	20000	13.099756	0.0	6357933	851	20.0
1609215290.25	20000	13.164996	0.0	4814284	826	20.0
1609215290.67	20000	13.73988	0.0	3419258	323	20.0
1609215291.16	20000	14.2486	0.0	3944328	388	20.0
1609215291.83	20000	14.583494	0.0	4284196	557	20.0
1609215292.73	20000	14.684101	0.0	3022025	801	20.0
1609215293.42	20000	15.00672	0.0	2248581	583	20.0
1609215295.03	20000	14.390654	0.0	9946363	1472	20.0
1609215296.43	20000	13.988209	0.0	11684632	1262	20.0
1609215296.68	20000	14.743917	0.0	1849732	150	20.0
1609215296.93	20000	15.49257	0.0	1942795	158	20.0
1609215297.17	20000	16.248884	0.0	1704756	151	20.0
1609215297.47	20000	16.955815	0.0	1697111	200	20.0
1609215297.74	20000	17.683063	0.0	1529441	181	20.0
1609215298.02	20000	18.404819	0.0	1568649	178	20.0
1609215298.33	20000	19.096413	0.0	1677618	214	20.0
