1608607023.61	4000	1.000999	0.014	60629	4	-0.44799999999999995
1608607024.7	20000	1.478836	0.533	11007815	979	-13.056000000000001
1608607025.57	16000	1.842214	0.0	8849724	809	12.0
1608607025.92	16000	2.564382	0.0	3191121	324	16.0
1608607026.11	16000	3.40622	0.0	1661718	168	16.0
1608607026.26	16000	4.25612	0.0	1315024	133	16.0
1608607026.34	20000	5.172722	0.0	698359	70	16.0
1608607026.59	20000	5.947745	0.0	730082	234	20.0
1608607027.18	20000	6.35763	0.0	4047415	557	20.0
1608607027.79	20000	6.748292	0.0	2863079	585	20.0
1608607029.11	16000	6.426206	0.0	4167844	1291	12.0
1608607030.0	8000	6.537774	0.0	3005823	858	0.0
1608607030.68	8000	6.861705	0.0	2879726	651	8.0
1608607030.94	8000	7.605826	0.0	1267052	240	8.0
1608607031.2	8000	8.340514	0.0	1316661	249	8.0
1608607031.43	8000	9.118031	0.0	1263534	206	8.0
1608607031.45	8000	10.095348	0.0	150125	12	8.0
1608607031.57	16000	10.980183	0.0	1113969	97	8.0
1608607031.65	20000	11.894113	0.0	820127	71	16.0
1608607032.27	20000	12.281406	0.0	6357933	566	20.0
1608607032.67	20000	12.881485	0.0	4814284	365	20.0
1608607032.94	20000	13.611069	0.0	3419258	241	20.0
1608607033.26	20000	14.302605	0.0	3944328	279	20.0
1608607033.7	20000	14.854813	0.0	4284196	405	20.0
1608607034.07	20000	15.48108	0.0	3022025	347	20.0
1608607034.35	20000	16.201658	0.0	2248581	257	20.0
1608607036.7	20000	14.856709	0.0	9946363	2282	20.0
1608607039.79	8000	12.763341	0.0	7838407	3031	-4.0
1608607040.17	4000	13.386272	0.0	764013	356	0.0
1608607040.54	4000	14.016126	0.0	795179	355	4.0
1608607040.7	2000	14.861772	0.0	335697	140	0.0
1608607040.85	2000	15.710471	0.0	336592	140	2.0
1608607041.2	4000	16.363262	0.0	769288	330	2.0
1608607041.68	8000	16.883954	0.0	1054251	460	4.0
1608607042.21	8000	17.350292	0.0	1132419	517	8.0
1608607042.66	8000	17.908524	0.0	977239	428	8.0
1608607043.26	8000	18.302834	0.0	1356524	589	8.0
1608607043.52	4000	19.044485	0.0	576726	242	0.0
1608607043.86	8000	19.708212	0.0	686354	319	4.0
1608607044.39	8000	20.177054	0.0	1097671	516	8.0
1608607045.2	8000	20.369503	0.0	1598754	789	8.0
1608607045.43	4000	21.150762	0.0	420196	203	0.0
1608607046.42	8000	21.156042	0.0	1818385	961	4.0
1608607046.61	4000	21.967967	0.0	659947	173	0.0
1608607046.96	4000	22.616177	0.0	1538893	335	4.0
1608607047.22	4000	23.359297	0.0	1116845	242	4.0
1608607047.48	8000	24.091864	0.0	1153767	250	4.0
1608607047.71	8000	24.868254	0.0	1020736	209	8.0
1608607048.05	16000	25.5235	0.0	1555467	326	8.0
1608607048.28	16000	26.298057	0.0	1008919	210	16.0
1608607048.62	16000	26.962566	0.0	1227619	320	16.0
1608607049.19	16000	27.392435	0.0	1015853	555	16.0
1608607049.37	8000	28.212218	0.0	317174	166	0.0
1608607049.51	8000	29.075168	0.0	245047	126	8.0
1608607050.18	8000	29.400947	0.0	926307	660	8.0
1608607050.69	4000	29.891912	0.0	755974	494	0.0
1608607051.2	4000	30.388485	0.0	808254	489	4.0
1608607051.7	4000	30.889933	0.0	848961	485	4.0
1608607052.0	4000	31.591102	0.0	531866	286	4.0
1608607052.18	4000	32.412772	0.0	318027	166	4.0
1608607052.41	4000	33.181246	0.0	411948	219	4.0
1608607052.6	8000	33.991578	0.0	627832	173	4.0
1608607052.73	8000	34.86077	0.0	711870	117	8.0
1608607052.88	12000	35.708676	0.0	799389	132	8.0
1608607053.08	16000	36.510196	0.0	1080597	180	12.0
1608607053.29	20000	37.300858	0.0	1156442	192	16.0
1608607053.65	20000	37.946452	0.0	2222640	332	20.0
1608607053.99	20000	38.605304	0.0	2587311	318	20.0
1608607054.28	20000	39.318421	0.0	2178351	268	20.0
1608607054.79	20000	39.805752	0.0	3121089	490	20.0
1608607055.45	20000	40.15023	0.0	2857420	634	20.0
1608607055.9	16000	40.700379	0.0	1702477	433	12.0
1608607056.33	16000	41.276501	0.0	1531670	408	16.0
1608607056.73	12000	42.072564	0.0	1439296	380	8.0
1608607057.05	8000	42.767042	0.0	1153146	304	4.0
1608607057.46	8000	43.356766	0.0	1472726	392	8.0
1608607058.99	8000	42.827823	0.0	5789048	1488	8.0
1608607059.42	8000	43.407199	0.0	1677334	403	8.0
1608607059.96	8000	43.863677	0.0	2233179	523	8.0
1608607060.46	8000	44.36366	0.0	2053317	480	8.0
1608607060.67	8000	45.155494	0.0	953056	193	8.0
1608607060.84	8000	45.986304	0.0	835287	153	8.0
1608607061.19	16000	46.639124	0.0	1754144	326	8.0
1608607061.51	16000	47.318919	0.0	1626020	302	16.0
1608607061.75	16000	48.076299	0.0	1739228	224	16.0
1608607061.98	20000	48.855877	0.0	1722735	200	16.0
1608607062.18	20000	49.659261	0.0	1538145	180	20.0
1608607062.37	20000	50.465812	0.0	1473412	171	20.0
1608607062.56	20000	51.274162	0.0	1498968	174	20.0
1608607062.78	20000	52.051444	0.0	2247334	200	20.0
1608607063.09	20000	52.746203	0.0	3156442	278	20.0
1608607063.28	20000	53.559881	0.0	1895098	166	20.0
1608607063.47	20000	54.369654	0.0	1939135	170	20.0
1608607063.65	20000	55.188994	0.0	1842874	161	20.0
1608607063.87	20000	55.96963	0.0	2235830	198	20.0
1608607064.09	20000	56.752847	0.0	2202171	195	20.0
1608607064.31	20000	57.532345	0.0	2242042	199	20.0
1608607064.42	20000	58.421538	0.0	1081763	95	20.0
1608607064.66	20000	59.181926	0.0	2409013	217	20.0
1608607065.34	20000	59.563883	0.0	1615028	153	20.0
1608607066.5	20000	59.564982	0.0	1413467	133	20.0
1608607067.16	20000	59.815893	0.0	1632450	143	20.0
1608607068.2	20000	59.816892	0.0	5664827	492	20.0
1608607069.16	20000	59.817875	0.0	4578115	425	20.0
1608607070.35	20000	59.5689	0.0	1783835	166	20.0
1608607071.46	20000	59.569884	0.0	1093613	99	20.0
1608607072.07	20000	59.820876	0.0	975642	89	20.0
1608607073.26	20000	59.822044	0.0	1658005	174	20.0
1608607074.17	20000	59.822898	0.0	3055257	376	20.0
1608607074.9	20000	59.9532	0.0	5355572	694	20.0
1608607076.38	20000	59.575013	0.0	3278424	455	20.0
1608607077.05	20000	59.804311	0.0	2318501	644	20.0
1608607077.91	16000	59.948498	0.0	2473561	832	12.0
1608607079.21	8000	59.82793	0.0	1006183	285	0.0
1608607080.4	8000	59.578886	0.0	831839	168	8.0
1608607081.17	8000	59.829923	0.0	1735764	247	8.0
1608607082.45	8000	59.580888	0.0	1969173	259	8.0
1608607083.28	12000	59.831943	0.0	2155956	295	8.0
1608607084.11	20000	59.832934	0.0	2998622	302	12.0
1608607085.34	20000	59.583879	0.0	2928342	211	20.0
1608607086.1	20000	59.834962	0.0	3059979	231	20.0
1608607087.42	20000	59.585883	0.0	3367422	277	20.0
1608607088.1	20000	59.836925	0.0	1950694	158	20.0
1608607089.25	20000	59.837893	0.0	1541020	125	20.0
1608607090.48	20000	59.588938	0.0	2926720	203	20.0
1608607091.21	20000	59.825884	0.0	2991202	198	20.0
1608607092.45	20000	59.59089	0.0	3002106	218	20.0
1608607093.13	20000	59.841916	0.0	2015412	150	20.0
1608607094.43	20000	59.592931	0.0	2894863	278	20.0
1608607095.16	20000	59.843903	0.0	2185316	207	20.0
1608607096.48	20000	59.594904	0.0	3370605	285	20.0
1608607097.34	20000	59.596003	0.0	3492243	333	20.0
1608607098.53	20000	59.597001	0.0	1307592	164	20.0
1608607099.24	20000	59.847903	0.0	1881404	197	20.0
1608607100.41	20000	59.598902	0.0	1806471	143	20.0
1608607101.15	20000	59.849899	0.0	1945842	220	20.0
1608607102.34	20000	59.600941	0.0	2538877	669	20.0
1608607103.04	16000	59.838918	0.0	2298557	676	12.0
1608607104.38	12000	59.602899	0.0	2294649	307	8.0
1608607105.12	12000	59.853895	0.0	2580724	213	12.0
1608607106.33	12000	59.604936	0.0	1699891	190	12.0
1608607107.17	12000	59.856006	0.0	1171248	327	12.0
1608607108.1	16000	59.785069	0.0	1939246	901	12.0
1608607109.42	8000	59.608025	0.0	1004408	300	0.0
1608607110.2	8000	59.858899	0.0	1393009	262	8.0
1608607111.41	8000	59.609897	0.0	1466703	184	8.0
1608607112.05	8000	59.860908	0.0	1060685	118	8.0
1608607113.18	8000	59.861914	0.0	1011581	120	8.0
1608607114.29	20000	59.612949	0.0	707364	88	8.0
1608607115.41	20000	59.613972	0.0	796460	101	20.0
1608607116.49	20000	59.614898	0.0	596962	61	20.0
1608607117.09	20000	59.865991	0.0	947625	89	20.0
1608607118.19	20000	59.866942	0.0	832859	79	20.0
1608607119.21	20000	59.86795	0.0	151562	13	20.0
1608607120.23	20000	59.868963	0.0	90390	6	20.0
1608607121.25	20000	59.869936	0.0	50278	3	20.0
1608607122.26	16000	59.870926	0.0	26471	1	12.0
1608607123.28	8000	59.621987	0.0	26015	3	0.0
1608607123.58	4000	1.000999	0.014	60629	4	-0.44799999999999995
1608607124.69	20000	1.282667	0.369	11007815	1010	-7.808
1608607125.57	16000	1.624367	0.0	8849724	820	12.0
1608607125.89	16000	2.32607	0.0	3191121	295	16.0
1608607126.06	16000	3.159829	0.0	1661718	146	16.0
1608607126.19	16000	4.033965	0.0	1315024	110	16.0
1608607126.26	20000	4.964781	0.0	698359	57	16.0
1608607126.33	20000	5.933623	0.0	730082	58	20.0
1608607126.71	20000	6.556887	0.0	4047415	343	20.0
1608607126.98	20000	7.284761	0.0	2863079	240	20.0
1608607127.32	20000	7.951902	0.0	4167844	304	20.0
1608607127.77	20000	8.502399	0.0	5571764	405	20.0
1608607128.14	20000	9.133162	0.0	4925652	333	20.0
1608607128.28	20000	9.993135	0.0	2030157	119	20.0
1608607128.43	20000	10.838892	0.0	2240782	133	20.0
1608607128.59	20000	11.686785	0.0	2211169	129	20.0
1608607128.62	20000	12.651332	0.0	382046	21	20.0
1608607128.71	20000	13.570034	0.0	1113969	66	20.0
1608607128.78	20000	14.500212	0.0	820127	45	20.0
1608607129.18	20000	15.098417	0.0	6357933	360	20.0
1608607129.47	20000	15.810682	0.0	4814284	255	20.0
1608607129.68	20000	16.596583	0.0	3419258	186	20.0
1608607129.92	20000	17.359822	0.0	3944328	209	20.0
1608607130.19	20000	18.096576	0.0	4284196	233	20.0
1608607130.38	20000	18.9043	0.0	3022025	168	20.0
1608607130.52	20000	19.759711	0.0	2248581	124	20.0
1608607131.14	20000	20.139971	0.0	9946363	562	20.0
1608607131.94	20000	20.344214	0.0	11684632	728	20.0
1608607132.08	20000	21.205679	0.0	1849732	119	20.0
1608607132.23	20000	22.053306	0.0	1942795	133	20.0
1608607132.37	20000	22.917449	0.0	1704756	117	20.0
1608607132.51	20000	23.782066	0.0	1697111	116	20.0
1608607132.63	20000	24.659896	0.0	1529441	104	20.0
1608607132.76	20000	25.534853	0.0	1568649	107	20.0
