1608623323.3	4000	1.000999	0.126	60629	115	-2.52
1608623325.31	2000	1.413343	1.395	1072422	1945	-27.9
1608623327.12	2000	1.309483	0.714	1121405	1798	-12.28
1608623328.67	2000	1.274348	0.508	728514	1527	-8.16
1608623329.05	2000	1.888104	0.0	508013	372	2.0
1608623329.67	8000	2.277634	0.0	768486	591	2.0
1608623330.32	20000	2.627109	0.0	698359	631	8.0
1608623331.04	20000	3.025464	0.0	730082	710	20.0
1608623333.09	8000	2.088701	0.0	1838971	2012	-4.0
1608623334.74	8000	1.435092	0.0	1382199	1633	8.0
1608623336.16	2000	1.257288	0.24	905521	1397	-8.8
1608623337.37	2000	1.263568	0.203	975494	1194	-2.0599999999999996
1608623338.42	2000	1.466824	0.249	873443	1030	-2.9800000000000004
1608623340.77	8000	1.46827	1.349	1267052	2328	-24.98
1608623343.06	8000	1.269541	0.861	1316661	2272	-9.219999999999999
1608623344.71	8000	1.381446	0.758	1263534	1621	-7.16
1608623344.84	8000	2.246264	0.0	150125	122	8.0
1608623345.36	8000	2.729134	0.0	555328	503	8.0
1608623346.18	20000	2.915047	0.0	820127	796	8.0
1608623349.79	8000	1.392891	1.089	4001900	3571	-25.78
1608623350.64	2000	1.546357	0.0	922146	827	-4.0
1608623351.43	2000	1.755085	0.0	760526	775	2.0
1608623352.87	2000	1.484976	0.171	866360	1424	-1.42
1608623353.56	2000	1.798299	0.0	821406	671	2.0
1608623355.01	8000	1.408023	0.061	1926191	1429	0.7800000000000002
1608623356.02	8000	1.641439	0.0	1427209	987	8.0
1608623357.58	2000	1.258428	0.179	2503359	1518	-7.58
1608623359.5	2000	1.438193	1.095	2158640	1889	-19.9
1608623360.56	8000	1.370471	0.0	1127469	1048	2.0
1608623362.25	8000	1.484578	0.59	1179779	1672	-3.8000000000000007
1608623363.59	8000	1.325335	0.177	1078151	1320	4.46
1608623364.93	8000	1.252673	0.267	1086181	1321	2.66
1608623366.63	8000	1.270579	0.711	1029204	1672	-6.220000000000001
1608623368.16	8000	1.482615	0.743	1054251	1510	-6.859999999999999
1608623369.76	8000	1.47612	0.6	1132419	1588	-4.0
1608623371.29	8000	1.326469	0.374	977239	1507	0.5199999999999996
1608623373.19	8000	1.451232	1.028	1356524	1885	-12.559999999999999
1608623374.38	8000	1.480305	0.213	801103	1167	3.74
1608623375.23	8000	1.626286	0.0	686354	839	8.0
1608623376.96	8000	1.445012	0.551	1097671	1716	-3.0199999999999996
1608623379.25	8000	1.496736	1.337	1598754	2265	-18.74
1608623379.7	2000	2.050386	0.0	480043	428	-4.0
1608623380.42	2000	2.331059	0.0	639392	705	2.0
1608623381.58	8000	2.174527	0.0	890138	1138	2.0
1608623385.2	8000	1.259207	1.487	2345010	3599	-21.74
1608623387.05	8000	1.496738	1.093	1735323	1834	-13.86
1608623388.16	8000	1.39073	0.0	1153767	1087	8.0
1608623389.02	8000	1.530721	0.0	1020736	842	8.0
1608623390.1	8000	1.457773	0.0	965874	1056	8.0
1608623391.46	8000	1.343329	0.247	762421	1346	3.0599999999999996
1608623392.42	8000	1.381567	0.0	883591	945	8.0
1608623393.15	8000	1.650884	0.0	750345	714	8.0
1608623393.69	20000	2.116702	0.0	384076	516	8.0
1608623394.02	20000	2.781622	0.0	295687	321	20.0
1608623395.72	20000	2.090842	0.0	1328674	1673	20.0
1608623397.22	20000	1.586137	0.0	1492829	1483	20.0
1608623399.39	20000	1.346762	0.928	1484812	2147	1.4400000000000013
1608623401.44	20000	1.275268	0.974	1868314	2024	0.5199999999999996
1608623402.47	20000	1.495977	0.251	1253406	1010	14.98
1608623403.12	20000	1.848435	0.0	887933	631	20.0
1608623403.93	20000	2.038326	0.0	1153403	791	20.0
1608623405.06	20000	1.905915	0.0	1249023	1114	20.0
1608623406.44	20000	1.528606	0.0	1423973	1358	20.0
1608623407.58	20000	1.389543	0.0	1060162	1121	20.0
1608623408.64	20000	1.324657	0.0	1080597	1048	20.0
1608623409.54	20000	1.424592	0.0	1156442	881	20.0
1608623411.2	20000	1.258541	0.49	2222640	1633	10.2
1608623413.27	20000	1.498443	1.311	2587311	2049	-6.219999999999999
1608623415.13	20000	1.310296	0.664	2178351	1831	6.720000000000001
1608623416.4	8000	1.475395	0.433	1719028	1244	-12.66
1608623417.98	8000	1.406838	0.515	1582861	1561	-2.3000000000000007
1608623419.02	8000	1.424373	0.059	901281	1026	6.82
1608623419.54	8000	1.907285	0.0	798342	502	8.0
1608623420.47	8000	1.981593	0.0	1031599	909	8.0
1608623421.78	8000	1.670618	0.0	1153146	1293	8.0
1608623423.7	8000	1.487103	0.741	1472726	1907	-6.82
1608623426.17	2000	1.479187	1.455	2234357	2439	-33.1
1608623427.91	8000	1.43448	0.694	1677334	1716	-11.88
1608623429.9	8000	1.491421	0.842	2233179	1974	-8.84
1608623431.42	8000	1.334027	0.356	2053317	1493	0.8799999999999999
1608623432.09	8000	1.666127	0.0	953056	651	8.0
1608623433.25	8000	1.505511	0.0	835287	1144	8.0
1608623434.0	8000	1.751293	0.0	1072056	734	8.0
1608623434.81	8000	1.941648	0.0	1005233	792	8.0
1608623436.04	8000	1.713598	0.0	1040790	1209	8.0
1608623437.24	8000	1.520833	0.0	1009563	1175	8.0
1608623438.4	8000	1.447096	0.085	911305	1143	6.3
1608623439.48	8000	1.364821	0.0	852154	1065	8.0
1608623441.16	8000	1.284277	0.597	864029	1661	-3.9399999999999995
1608623442.3	8000	1.382163	0.236	1222697	1117	3.2800000000000002
1608623443.91	8000	1.369461	0.599	1822246	1591	-3.9800000000000004
1608623444.65	8000	1.634844	0.0	1089714	716	8.0
1608623445.38	8000	1.902954	0.0	1097827	713	8.0
1608623446.15	8000	2.13014	0.0	1010680	754	8.0
1608623447.24	8000	2.045152	0.0	1202900	1066	8.0
1608623448.44	8000	1.842646	0.0	1236644	1184	8.0
1608623450.2	8000	1.474815	0.393	1286142	1742	0.13999999999999968
1608623450.91	8000	1.772927	0.0	675899	687	8.0
1608623452.44	8000	1.369428	0.126	1606544	1510	5.48
1608623453.47	8000	1.496328	0.16	1066218	1017	4.8
1608623454.25	8000	1.716292	0.0	948747	764	8.0
1608623455.07	8000	1.902192	0.0	970495	797	8.0
1608623455.8	2000	2.173595	0.0	883642	709	-4.0
1608623456.34	2000	2.629034	0.0	678863	529	2.0
1608623457.13	8000	2.841674	0.0	1031824	770	2.0
1608623458.11	20000	2.86405	0.0	1093613	960	8.0
1608623459.09	20000	3.025639	0.0	975642	968	20.0
1608623460.52	20000	2.678869	0.0	1658005	1399	20.0
1608623462.39	20000	1.804072	0.0	3055257	1847	20.0
1608623463.92	8000	1.498166	0.219	2618824	1498	-8.379999999999999
1608623465.03	8000	1.468385	0.084	1820110	1093	6.32
1608623465.81	8000	1.694447	0.0	1448467	755	8.0
1608623466.55	8000	1.957775	0.0	1521463	717	8.0
1608623467.37	20000	2.13948	0.0	1730311	795	8.0
1608623468.19	20000	2.317928	0.0	1455812	802	20.0
1608623469.79	20000	1.720177	0.0	2869222	1572	20.0
1608623471.88	20000	1.299809	0.677	3226650	2069	6.460000000000001
1608623473.47	20000	1.485814	0.772	2705936	1561	4.5600000000000005
1608623474.94	20000	1.259027	0.239	2998622	1440	15.219999999999999
1608623476.53	20000	1.256144	0.574	2928342	1555	8.52
1608623477.92	20000	1.338466	0.467	3059979	1363	10.66
1608623479.32	20000	1.306139	0.365	3367422	1371	12.7
1608623480.18	20000	1.443674	0.0	1950694	841	20.0
1608623480.84	20000	1.782942	0.0	1541020	638	20.0
1608623482.15	20000	1.472312	0.0	2926720	1283	20.0
1608623483.3	20000	1.424808	0.104	2991202	1127	17.92
1608623484.69	20000	1.27981	0.237	3002106	1355	15.26
1608623485.38	20000	1.588853	0.0	2015412	668	20.0
1608623486.56	20000	1.411525	0.0	2894863	1147	20.0
1608623487.28	20000	1.688679	0.0	2185316	697	20.0
1608623488.29	20000	1.683315	0.0	3370605	976	20.0
1608623489.35	20000	1.625974	0.0	3492243	1028	20.0
1608623489.69	20000	2.282775	0.0	1307592	323	20.0
1608623490.16	20000	2.815233	0.0	1881404	445	20.0
1608623490.61	20000	3.369786	0.0	1806471	424	20.0
1608623491.09	20000	3.886531	0.0	1945842	461	20.0
1608623491.75	20000	4.223006	0.0	2538877	638	20.0
1608623492.41	20000	4.564805	0.0	2298557	635	20.0
1608623493.28	20000	4.702002	0.0	2831497	834	20.0
1608623494.16	20000	4.820998	0.0	3200905	850	20.0
1608623494.72	20000	5.262775	0.0	2180586	533	20.0
1608623495.08	20000	5.898535	0.0	1500505	344	20.0
1608623495.57	20000	6.414939	0.0	1939246	460	20.0
1608623496.08	20000	6.905471	0.0	1599193	489	20.0
1608623496.77	20000	7.217512	0.0	2364826	663	20.0
1608623497.43	20000	7.558248	0.0	2517454	632	20.0
1608623497.98	20000	8.011869	0.0	1883143	525	20.0
1608623498.49	20000	8.497379	0.0	1726706	493	20.0
1608623498.95	20000	9.036541	0.0	707364	443	20.0
1608623499.48	20000	9.519581	0.0	796460	500	20.0
1608623499.64	20000	10.355459	0.0	596962	139	20.0
1608623499.86	20000	11.128251	0.0	947625	210	20.0
1608623500.07	20000	11.926535	0.0	832859	184	20.0
1608623500.11	20000	12.88177	0.0	151562	30	20.0
1608623500.14	20000	13.851348	0.0	90390	16	20.0
1608623500.17	20000	14.830456	0.0	50278	6	20.0
1608623500.18	20000	15.816106	0.0	26471	2	20.0
1608623500.2	20000	16.798121	0.0	40620	5	20.0
1608623500.65	4000	1.000999	0.155	334032	143	-3.1
