1609201472.95	4000	1.000999	0.012	60629	3	-0.2400000000000002
1609201473.8	20000	1.494554	0.308	11007815	676	-2.16
1609201474.46	20000	2.022235	0.0	8849724	539	20.0
1609201474.75	20000	2.770906	0.0	3191121	194	20.0
1609201474.94	20000	3.584351	0.0	1661718	102	20.0
1609201475.1	20000	4.520945	0.0	1315024	82	20.0
1609201475.23	20000	5.39727	0.0	698359	43	20.0
1609201475.35	20000	6.274071	0.0	730082	45	20.0
1609201475.7	20000	6.949999	0.0	4047415	251	20.0
1609201475.98	20000	7.676737	0.0	2863079	184	20.0
1609201476.34	20000	8.309281	0.0	4167844	269	20.0
1609201476.81	20000	8.84248	0.0	5571764	362	20.0
1609201477.22	20000	9.435601	0.0	4925652	300	20.0
1609201477.43	20000	10.227961	0.0	2030157	124	20.0
1609201477.65	20000	11.00445	0.0	2240782	136	20.0
1609201477.86	20000	11.793711	0.0	2211169	127	20.0
1609201477.96	20000	12.698268	0.0	382046	19	20.0
1609201478.1	20000	13.559257	0.0	1113969	58	20.0
1609201478.22	20000	14.438302	0.0	820127	43	20.0
1609201478.67	20000	14.99705	0.0	6357933	337	20.0
1609201479.0	20000	15.667428	0.0	4814284	233	20.0
1609201479.25	20000	16.415535	0.0	3419258	160	20.0
1609201479.53	20000	17.137086	0.0	3944328	185	20.0
1609201479.83	20000	17.833882	0.0	4284196	200	20.0
1609201480.07	20000	18.601486	0.0	3022025	142	20.0
1609201480.26	20000	19.409669	0.0	2248581	105	20.0
1609201480.85	20000	19.81538	0.0	9946363	468	20.0
1609201481.53	20000	20.14435	0.0	11684632	538	20.0
1609201481.7	20000	20.969184	0.0	1849732	85	20.0
1609201481.88	20000	21.797535	0.0	1942795	88	20.0
1609201482.04	20000	22.635641	0.0	1704756	76	20.0
1609201482.2	20000	23.476772	0.0	1697111	75	20.0
1609201482.35	20000	24.325558	0.0	1529441	68	20.0
1609201482.5	20000	25.172201	0.0	1568649	70	20.0
1609201482.66	20000	26.012706	0.0	1677618	75	20.0
1609201482.81	20000	26.868277	0.0	1415096	63	20.0
1609201482.99	20000	27.689266	0.0	1894067	93	20.0
1609201483.14	20000	28.548304	0.0	1186604	58	20.0
1609201483.27	20000	29.410988	0.0	1068386	51	20.0
1609201483.44	20000	30.243518	0.0	1700843	85	20.0
1609201483.65	20000	31.030915	0.0	2536859	125	20.0
1609201483.99	20000	31.693537	0.0	4742872	240	20.0
1609201484.35	20000	32.332478	0.0	4955535	260	20.0
1609201484.5	20000	33.186605	0.0	1260540	66	20.0
1609201484.78	20000	33.903523	0.0	3605246	189	20.0
1609201485.02	20000	34.672463	0.0	2770338	141	20.0
1609201485.2	20000	35.492034	0.0	1855168	95	20.0
1609201485.37	20000	36.323596	0.0	1666915	85	20.0
1609201485.53	20000	37.160111	0.0	1555467	79	20.0
1609201485.66	20000	38.028181	0.0	1008919	51	20.0
1609201485.81	20000	38.884656	0.0	1227619	62	20.0
1609201485.94	20000	39.75469	0.0	1015853	39	20.0
1609201486.04	20000	40.659247	0.0	384076	18	20.0
1609201486.13	20000	41.568915	0.0	295687	14	20.0
1609201486.27	20000	42.422893	0.0	1328674	63	20.0
1609201486.43	20000	43.270612	0.0	1492829	70	20.0
1609201486.58	20000	44.118486	0.0	1484812	70	20.0
1609201486.75	20000	44.945965	0.0	1868314	88	20.0
1609201486.9	20000	45.804234	0.0	1253406	59	20.0
1609201487.02	20000	46.681571	0.0	887933	43	20.0
1609201487.16	20000	47.544813	0.0	1153403	57	20.0
1609201487.3	20000	48.402317	0.0	1249023	61	20.0
1609201487.45	20000	49.250631	0.0	1423973	71	20.0
1609201487.59	20000	50.119892	0.0	1060162	52	20.0
1609201487.72	20000	50.988537	0.0	1080597	53	20.0
1609201487.85	20000	51.854227	0.0	1156442	57	20.0
1609201488.06	20000	52.653005	0.0	2222640	118	20.0
1609201488.28	20000	53.428281	0.0	2587311	137	20.0
1609201488.48	20000	54.227756	0.0	2178351	115	20.0
1609201488.74	20000	54.96998	0.0	3121089	166	20.0
1609201488.98	20000	55.730263	0.0	2857420	150	20.0
1609201489.16	20000	56.55641	0.0	1702477	90	20.0
1609201489.32	20000	57.392047	0.0	1531670	80	20.0
1609201489.51	20000	58.209214	0.0	1863424	99	20.0
1609201489.7	20000	59.017896	0.0	1987392	104	20.0
1609201489.92	20000	59.799835	0.0	2505586	130	20.0
1609201491.02	20000	59.831224	0.0	9620218	478	20.0
1609201492.24	20000	59.582223	0.0	2561608	128	20.0
1609201493.04	20000	59.833242	0.0	3633991	208	20.0
1609201494.33	20000	59.584234	0.0	3324070	197	20.0
1609201495.01	20000	59.835217	0.0	1560020	88	20.0
1609201496.17	20000	59.586214	0.0	1429188	82	20.0
1609201497.37	20000	59.587227	0.0	1754144	107	20.0
1609201498.04	20000	59.838237	0.0	1626020	92	20.0
1609201499.23	20000	59.589227	0.0	1739228	99	20.0
1609201499.92	20000	59.840212	0.0	1722735	104	20.0
1609201501.1	20000	59.841217	0.0	1538145	96	20.0
1609201502.33	20000	59.592217	0.0	1473412	140	20.0
1609201503.18	20000	59.593229	0.0	1498968	264	20.0
1609201504.05	20000	59.844124	0.0	2247334	285	20.0
1609201504.9	20000	59.845225	0.0	3156442	253	20.0
1609201506.12	20000	59.846208	0.0	1895098	135	20.0
1609201507.35	20000	59.597222	0.0	1939135	137	20.0
1609201508.06	20000	59.841149	0.0	1842874	126	20.0
1609201509.32	20000	59.599232	0.0	2235830	173	20.0
1609201510.07	20000	59.850225	0.0	2202171	163	20.0
1609201511.32	20000	59.601231	0.0	2242042	169	20.0
1609201511.99	20000	59.852221	0.0	1081763	87	20.0
1609201513.26	20000	59.603224	0.0	2409013	181	20.0
1609201513.97	20000	59.854222	0.0	1615028	121	20.0
1609201515.17	20000	59.605223	0.0	1413467	105	20.0
1609201516.38	20000	59.606224	0.0	1632450	126	20.0
1609201516.95	20000	59.797991	0.0	5664827	460	20.0
1609201517.94	20000	59.858222	0.0	4578115	393	20.0
1609201519.19	20000	59.609217	0.0	1783835	169	20.0
1609201519.95	20000	59.86022	0.0	1093613	175	20.0
1609201521.34	20000	59.611224	0.0	975642	302	20.0
1609201521.78	20000	59.974649	0.0	1658005	356	20.0
1609201523.36	20000	59.613218	0.0	3055257	488	20.0
1609201524.05	20000	59.710147	0.0	5355572	583	20.0
1609201524.97	20000	59.865219	0.0	3278424	329	20.0
1609201526.36	20000	59.61622	0.0	2318501	299	20.0
1609201526.78	20000	59.98001	0.0	2473561	326	20.0
1609201528.25	20000	59.86821	0.0	1730311	227	20.0
1609201529.02	20000	59.869213	0.0	1455812	183	20.0
1609201529.97	20000	59.870217	0.0	2869222	359	20.0
1609201530.94	20000	59.871211	0.0	3226650	374	20.0
1609201532.31	20000	59.622223	0.0	2705936	276	20.0
1609201533.19	20000	59.623214	0.0	2998622	279	20.0
1609201533.99	20000	59.874221	0.0	2928342	209	20.0
1609201535.32	20000	59.625228	0.0	3059979	240	20.0
1609201536.16	20000	59.626225	0.0	3367422	249	20.0
1609201536.92	20000	59.877213	0.0	1950694	172	20.0
1609201538.14	20000	59.628208	0.0	1541020	136	20.0
1609201538.94	20000	59.879215	0.0	2926720	206	20.0
1609201540.24	20000	59.630222	0.0	2991202	204	20.0
1609201541.12	20000	59.881221	0.0	3002106	294	20.0
1609201542.37	20000	59.632229	0.0	2015412	158	20.0
1609201543.22	20000	59.63321	0.0	2894863	254	20.0
1609201544.03	20000	59.88421	0.0	2185316	214	20.0
1609201544.97	20000	59.885204	0.0	3370605	348	20.0
1609201545.9	20000	59.886221	0.0	3492243	335	20.0
1609201547.1	20000	59.88722	0.0	1307592	113	20.0
1609201548.38	20000	59.638215	0.0	1881404	198	20.0
1609201549.18	20000	59.639229	0.0	1806471	205	20.0
1609201550.07	20000	59.883126	0.0	1945842	304	20.0
1609201551.03	20000	59.891219	0.0	2538877	377	20.0
1609201551.97	20000	59.892201	0.0	2298557	350	20.0
1609201552.93	20000	59.893219	0.0	2831497	365	20.0
1609201554.37	20000	59.644226	0.0	3200905	346	20.0
1609201554.79	20000	59.991604	0.0	2180586	335	20.0
1609201556.11	20000	59.896209	0.0	1500505	230	20.0
1609201556.99	20000	59.897211	0.0	1939246	289	20.0
1609201558.31	20000	59.64821	0.0	1599193	232	20.0
1609201559.21	20000	59.649229	0.0	2364826	307	20.0
1609201560.54	20000	59.24636	0.0	2517454	1246	20.0
1609201560.9	20000	59.887021	0.0	1883143	274	20.0
1609201562.24	20000	59.652216	0.0	1726706	251	20.0
1609201562.89	20000	59.903214	0.0	707364	69	20.0
1609201564.05	20000	59.904216	0.0	796460	72	20.0
1609201565.17	20000	59.65522	0.0	596962	44	20.0
1609201566.32	20000	59.656224	0.0	947625	67	20.0
1609201566.96	20000	59.907198	0.0	832859	55	20.0
1609201568.05	20000	59.908203	0.0	151562	9	20.0
1609201569.13	20000	59.909217	0.0	90390	5	20.0
1609201570.19	20000	59.660226	0.0	50278	2	20.0
1609201571.24	20000	59.661225	0.0	26471	4	20.0
1609201572.28	20000	59.662218	0.0	40620	0	20.0
1609201572.6	4000	1.000999	0.032	334032	20	-0.6400000000000001
1609201573.48	20000	1.407055	0.0	11007815	702	4.0
1609201574.21	20000	1.676842	0.0	8849724	605	20.0
1609201574.53	20000	2.380594	0.0	3191121	226	20.0
1609201574.73	20000	3.174536	0.0	1661718	123	20.0
1609201574.91	20000	3.997129	0.0	1315024	97	20.0
1609201575.04	20000	4.907587	0.0	698359	51	20.0
1609201575.18	20000	5.774498	0.0	730082	53	20.0
1609201575.56	20000	6.389898	0.0	4047415	290	20.0
1609201575.85	20000	7.101651	0.0	2863079	197	20.0
1609201576.24	20000	7.718786	0.0	4167844	287	20.0
1609201576.76	20000	8.196491	0.0	5571764	419	20.0
1609201577.24	20000	8.711761	0.0	4925652	384	20.0
1609201577.49	20000	9.467097	0.0	2030157	160	20.0
1609201577.76	20000	10.197436	0.0	2240782	184	20.0
1609201578.03	20000	10.931246	0.0	2211169	181	20.0
1609201578.14	20000	11.824707	0.0	382046	30	20.0
1609201578.31	20000	12.654753	0.0	1113969	91	20.0
1609201578.45	20000	13.510165	0.0	820127	65	20.0
1609201579.08	20000	13.880525	0.0	6357933	525	20.0
1609201579.59	20000	14.379156	0.0	4814284	404	20.0
1609201579.98	20000	14.987672	0.0	3419258	300	20.0
1609201580.42	20000	15.546639	0.0	3944328	346	20.0
1609201580.99	20000	15.977858	0.0	4284196	470	20.0
1609201581.41	20000	16.556754	0.0	3022025	331	20.0
1609201581.72	20000	17.251093	0.0	2248581	220	20.0
1609201582.78	20000	17.19504	0.0	9946363	931	20.0
1609201583.97	20000	17.006749	0.0	11684632	1052	20.0
1609201584.24	20000	17.737413	0.0	1849732	182	20.0
1609201584.52	20000	18.453784	0.0	1942795	191	20.0
1609201584.78	20000	19.189716	0.0	1704756	181	20.0
1609201585.05	20000	19.926913	0.0	1697111	180	20.0
1609201585.29	20000	20.683748	0.0	1529441	162	20.0
1609201585.53	20000	21.444832	0.0	1568649	157	20.0
1609201585.77	20000	22.209497	0.0	1677618	153	20.0
1609201585.98	20000	22.99815	0.0	1415096	128	20.0
