1609238623.29	4000	1.000999	0.015	60629	6	-0.2999999999999998
1609238624.47	4000	1.400952	0.503	6594552	1037	-6.0600000000000005
1609238625.45	4000	1.654093	0.0	4402139	874	4.0
1609238626.23	16000	1.889502	0.0	3191121	686	4.0
1609238626.65	20000	2.46831	0.0	1661718	336	16.0
1609238627.0	20000	3.119118	0.0	1315024	265	20.0
1609238627.2	20000	3.923092	0.0	698359	114	20.0
1609238627.4	20000	4.728365	0.0	730082	115	20.0
1609238628.14	20000	4.983819	0.0	4047415	648	20.0
1609238628.73	20000	5.397503	0.0	2863079	496	20.0
1609238629.71	20000	5.413719	0.0	4167844	885	20.0
1609238630.87	20000	5.260125	0.0	5571764	1051	20.0
1609238631.73	20000	5.401529	0.0	4925652	755	20.0
1609238632.12	20000	6.009717	0.0	2030157	300	20.0
1609238632.64	20000	6.496169	0.0	2240782	422	20.0
1609238633.14	20000	6.992184	0.0	2211169	417	20.0
1609238633.29	20000	7.846106	0.0	382046	66	20.0
1609238633.57	20000	8.564182	0.0	1113969	199	20.0
1609238633.8	20000	9.337649	0.0	820127	146	20.0
1609238635.19	20000	8.94803	0.0	6357933	1280	20.0
1609238636.33	20000	8.80373	0.0	4814284	1041	20.0
1609238637.12	20000	9.015655	0.0	3419258	693	20.0
1609238638.04	20000	9.096776	0.0	3944328	821	20.0
1609238639.1	20000	9.042538	0.0	4284196	957	20.0
1609238639.82	20000	9.323481	0.0	3022025	626	20.0
1609238640.33	20000	9.814119	0.0	2248581	422	20.0
1609238641.95	20000	9.201218	0.0	9946363	1476	20.0
1609238644.06	20000	8.0876	0.0	11684632	1972	20.0
1609238644.43	20000	8.718113	0.0	1849732	283	20.0
1609238644.81	20000	9.338986	0.0	1942795	293	20.0
1609238645.15	20000	9.997069	0.0	1704756	256	20.0
1609238645.5	20000	10.652296	0.0	1697111	260	20.0
1609238645.81	20000	11.335076	0.0	1529441	234	20.0
1609238646.14	20000	12.011373	0.0	1568649	240	20.0
1609238646.45	20000	12.700856	0.0	1677618	224	20.0
1609238646.72	20000	13.429119	0.0	1415096	189	20.0
1609238647.06	20000	14.089649	0.0	1894067	253	20.0
1609238647.31	20000	14.847808	0.0	1186604	160	20.0
1609238647.55	20000	15.610528	0.0	1068386	149	20.0
1609238647.88	20000	16.281484	0.0	1700843	236	20.0
1609238648.33	20000	16.828306	0.0	2536859	362	20.0
1609238649.18	20000	16.981783	0.0	4742872	746	20.0
1609238649.89	20000	17.273581	0.0	4955535	608	20.0
1609238650.12	20000	18.038269	0.0	1260540	152	20.0
1609238650.86	20000	18.306234	0.0	3605246	636	20.0
1609238651.44	20000	18.72256	0.0	2770338	491	20.0
1609238651.83	20000	19.328467	0.0	1855168	307	20.0
1609238652.2	20000	19.966123	0.0	1666915	276	20.0
1609238652.65	20000	20.514888	0.0	1555467	357	20.0
1609238652.97	20000	21.200902	0.0	1008919	231	20.0
1609238653.32	20000	21.845078	0.0	1227619	274	20.0
1609238653.62	20000	22.550256	0.0	1015853	214	20.0
1609238653.78	20000	23.392694	0.0	384076	78	20.0
1609238653.91	20000	24.255473	0.0	295687	59	20.0
1609238654.28	20000	24.892192	0.0	1328674	282	20.0
1609238654.61	20000	25.561734	0.0	1492829	239	20.0
1609238654.93	20000	26.238514	0.0	1484812	241	20.0
1609238655.32	20000	26.855048	0.0	1868314	298	20.0
1609238655.58	20000	27.595444	0.0	1253406	178	20.0
1609238655.79	20000	28.390671	0.0	887933	125	20.0
1609238656.03	20000	29.144586	0.0	1153403	164	20.0
1609238656.29	20000	29.885514	0.0	1249023	178	20.0
1609238656.55	20000	30.629638	0.0	1423973	173	20.0
1609238656.76	20000	31.420277	0.0	1060162	128	20.0
1609238656.97	20000	32.208414	0.0	1080597	131	20.0
1609238657.2	20000	32.986118	0.0	1156442	140	20.0
1609238657.62	20000	33.565249	0.0	2222640	334	20.0
1609238658.11	20000	34.077919	0.0	2587311	399	20.0
1609238658.53	20000	34.654445	0.0	2178351	335	20.0
1609238659.11	20000	35.072021	0.0	3121089	490	20.0
1609238659.63	20000	35.552791	0.0	2857420	428	20.0
1609238659.97	20000	36.217007	0.0	1702477	252	20.0
1609238660.28	20000	36.90574	0.0	1531670	226	20.0
1609238660.67	20000	37.522163	0.0	1863424	297	20.0
1609238661.07	20000	38.118893	0.0	1987392	317	20.0
1609238661.54	20000	38.653284	0.0	2505586	375	20.0
1609238663.11	20000	38.080984	0.0	9620218	1446	20.0
1609238663.59	20000	38.601395	0.0	2561608	390	20.0
1609238664.24	20000	38.95707	0.0	3633991	550	20.0
1609238664.82	20000	39.379046	0.0	3324070	484	20.0
1609238665.13	20000	40.067589	0.0	1560020	226	20.0
1609238665.44	20000	40.760986	0.0	1429188	223	20.0
1609238665.82	20000	41.377097	0.0	1754144	296	20.0
1609238666.18	20000	42.017796	0.0	1626020	274	20.0
1609238666.53	20000	42.671164	0.0	1739228	261	20.0
1609238666.86	20000	43.338388	0.0	1722735	245	20.0
1609238667.17	20000	44.035853	0.0	1538145	219	20.0
1609238667.46	20000	44.74691	0.0	1473412	205	20.0
1609238667.75	20000	45.456156	0.0	1498968	206	20.0
1609238668.15	20000	46.054712	0.0	2247334	310	20.0
1609238668.71	20000	46.498677	0.0	3156442	463	20.0
1609238669.08	20000	47.126914	0.0	1895098	286	20.0
1609238669.49	20000	47.715727	0.0	1939135	324	20.0
1609238669.98	20000	48.227756	0.0	1842874	402	20.0
1609238670.56	20000	48.656821	0.0	2235830	483	20.0
1609238671.1	20000	49.109244	0.0	2202171	457	20.0
1609238671.62	20000	49.597709	0.0	2242042	422	20.0
1609238671.89	20000	50.326849	0.0	1081763	189	20.0
1609238672.4	20000	50.811439	0.0	2409013	426	20.0
1609238672.74	20000	51.478683	0.0	1615028	246	20.0
1609238673.04	20000	52.178667	0.0	1413467	215	20.0
1609238673.37	20000	52.844404	0.0	1632450	251	20.0
1609238674.24	20000	52.979701	0.0	5664827	762	20.0
1609238675.02	20000	53.199493	0.0	4578115	681	20.0
1609238675.38	20000	53.83707	0.0	1783835	268	20.0
1609238675.6	20000	54.619856	0.0	1093613	134	20.0
1609238675.81	20000	55.418167	0.0	975642	119	20.0
1609238676.1	20000	56.128331	0.0	1658005	205	20.0
1609238676.58	20000	56.647451	0.0	3055257	389	20.0
1609238677.4	20000	56.824333	0.0	5355572	720	20.0
1609238677.83	20000	57.39777	0.0	3278424	333	20.0
1609238678.15	20000	58.074574	0.0	2318501	235	20.0
1609238678.49	20000	58.736034	0.0	2473561	250	20.0
1609238678.75	20000	59.476437	0.0	1730311	174	20.0
1609238679.49	20000	59.955974	0.0	1455812	147	20.0
1609238680.36	20000	59.956971	0.0	2869222	277	20.0
1609238681.32	20000	59.957983	0.0	3226650	366	20.0
1609238682.71	20000	59.708904	0.0	2705936	297	20.0
1609238683.58	20000	59.70996	0.0	2998622	273	20.0
1609238684.41	20000	59.960955	0.0	2928342	238	20.0
1609238685.75	20000	59.711905	0.0	3059979	237	20.0
1609238686.59	20000	59.712877	0.0	3367422	245	20.0
1609238687.4	20000	59.963898	0.0	1950694	221	20.0
1609238688.61	20000	59.714907	0.0	1541020	120	20.0
1609238689.47	20000	59.965955	0.0	2926720	270	20.0
1609238690.32	20000	59.96698	0.0	2991202	249	20.0
1609238691.65	20000	59.717973	0.0	3002106	239	20.0
1609238692.41	20000	59.968961	0.0	2015412	171	20.0
1609238693.72	20000	59.719959	0.0	2894863	224	20.0
1609238694.51	20000	59.970981	0.0	2185316	197	20.0
1609238695.41	20000	59.971981	0.0	3370605	311	20.0
1609238696.35	20000	59.972912	0.0	3492243	340	20.0
1609238697.56	20000	59.723963	0.0	1307592	124	20.0
1609238698.35	20000	59.974955	0.0	1881404	193	20.0
1609238699.62	20000	59.725938	0.0	1806471	186	20.0
1609238700.37	20000	59.97699	0.0	1945842	166	20.0
1609238701.69	20000	59.727935	0.0	2538877	228	20.0
1609238702.49	20000	59.953775	0.0	2298557	206	20.0
1609238703.34	20000	59.979986	0.0	2831497	260	20.0
1609238704.73	20000	59.73097	0.0	3200905	296	20.0
1609238705.51	20000	59.981976	0.0	2180586	187	20.0
1609238706.73	20000	59.732943	0.0	1500505	133	20.0
1609238707.53	20000	59.733979	0.0	1939246	217	20.0
1609238708.74	20000	59.734903	0.0	1599193	121	20.0
1609238709.53	20000	59.735958	0.0	2364826	201	20.0
1609238710.35	20000	59.986936	0.0	2517454	230	20.0
1609238711.62	20000	59.737897	0.0	1883143	173	20.0
1609238712.37	20000	59.988985	0.0	1726706	158	20.0
1609238713.52	20000	59.989971	0.0	707364	64	20.0
1609238714.66	20000	59.740948	0.0	796460	61	20.0
1609238715.29	20000	59.991977	0.0	596962	44	20.0
1609238716.44	20000	59.992973	0.0	947625	71	20.0
1609238717.59	20000	59.743943	0.0	832859	65	20.0
1609238718.68	20000	59.744955	0.0	151562	10	20.0
1609238719.76	20000	59.745976	0.0	90390	6	20.0
1609238720.32	20000	59.996873	0.0	50278	1	20.0
1609238721.37	20000	59.997972	0.0	26471	4	20.0
1609238722.41	20000	59.998941	0.0	40620	1	20.0
1609238722.78	4000	1.000999	0.035	334032	17	-0.7000000000000002
1609238723.5	8000	1.56214	0.0	9869079	542	4.0
1609238724.13	16000	1.928938	0.0	8849724	500	8.0
1609238724.41	20000	2.653881	0.0	3191121	182	16.0
1609238724.59	20000	3.498369	0.0	1661718	95	20.0
1609238724.76	20000	4.340061	0.0	1315024	85	20.0
1609238724.9	20000	5.207132	0.0	698359	53	20.0
1609238725.03	20000	6.072319	0.0	730082	55	20.0
1609238725.44	20000	6.690518	0.0	4047415	313	20.0
1609238725.75	20000	7.378849	0.0	2863079	218	20.0
1609238726.15	20000	7.982776	0.0	4167844	299	20.0
1609238726.66	20000	8.476135	0.0	5571764	400	20.0
1609238727.18	20000	8.956461	0.0	4925652	419	20.0
1609238727.44	20000	9.69559	0.0	2030157	173	20.0
1609238727.72	20000	10.41902	0.0	2240782	190	20.0
1609238728.04	20000	11.096394	0.0	2211169	232	20.0
1609238728.16	20000	11.979901	0.0	382046	38	20.0
1609238728.36	20000	12.782781	0.0	1113969	117	20.0
1609238728.52	20000	13.61717	0.0	820127	85	20.0
1609238729.26	20000	13.881849	0.0	6357933	626	20.0
1609238729.83	20000	14.310132	0.0	4814284	471	20.0
1609238730.28	20000	14.86429	0.0	3419258	351	20.0
1609238730.78	20000	15.363223	0.0	3944328	404	20.0
1609238731.31	20000	15.83371	0.0	4284196	430	20.0
1609238731.71	20000	16.438978	0.0	3022025	302	20.0
1609238732.03	20000	17.121193	0.0	2248581	231	20.0
1609238733.18	20000	16.966174	0.0	9946363	1029	20.0
1609238734.63	20000	16.520402	0.0	11684632	1310	20.0
1609238734.92	20000	17.235814	0.0	1849732	197	20.0
1609238735.21	20000	17.948362	0.0	1942795	201	20.0
1609238735.47	20000	18.686612	0.0	1704756	176	20.0
1609238735.74	20000	19.419093	0.0	1697111	175	20.0
1609238736.0	20000	20.156023	0.0	1529441	178	20.0
1609238736.27	20000	20.888221	0.0	1568649	183	20.0
1609238736.56	20000	21.597825	0.0	1677618	196	20.0
