1609214219.3	4000	1.000999	0.016	60629	5	-0.31999999999999984
1609214220.79	8000	1.304737	0.762	9869079	1327	-11.24
1609214222.21	16000	1.410218	0.187	8849724	1308	4.26
1609214222.78	20000	1.865637	0.0	3191121	474	16.0
1609214223.1	20000	2.544381	0.0	1661718	240	20.0
1609214223.35	20000	3.296547	0.0	1315024	166	20.0
1609214223.52	20000	4.130798	0.0	698359	88	20.0
1609214223.69	20000	4.960542	0.0	730082	91	20.0
1609214224.32	20000	5.337782	0.0	4047415	531	20.0
1609214224.8	20000	5.850644	0.0	2863079	391	20.0
1609214225.51	20000	6.141297	0.0	4167844	615	20.0
1609214226.47	20000	6.186419	0.0	5571764	853	20.0
1609214227.3	20000	6.35359	0.0	4925652	734	20.0
1609214227.68	20000	6.977901	0.0	2030157	290	20.0
1609214228.08	20000	7.571678	0.0	2240782	322	20.0
1609214228.53	20000	8.131014	0.0	2211169	353	20.0
1609214228.66	20000	8.996594	0.0	382046	58	20.0
1609214228.92	20000	9.741618	0.0	1113969	177	20.0
1609214229.12	20000	10.540785	0.0	820127	123	20.0
1609214230.02	20000	10.644074	0.0	6357933	792	20.0
1609214230.71	20000	10.947556	0.0	4814284	598	20.0
1609214231.23	20000	11.436113	0.0	3419258	418	20.0
1609214231.79	20000	11.875242	0.0	3944328	462	20.0
1609214232.4	20000	12.264473	0.0	4284196	515	20.0
1609214232.87	20000	12.799758	0.0	3022025	375	20.0
1609214233.21	20000	13.452722	0.0	2248581	260	20.0
1609214234.36	20000	13.311264	0.0	9946363	1016	20.0
1609214235.8	20000	12.869421	0.0	11684632	1310	20.0
1609214236.11	20000	13.558806	0.0	1849732	225	20.0
1609214236.5	20000	14.165511	0.0	1942795	309	20.0
1609214236.86	20000	14.810736	0.0	1704756	271	20.0
1609214237.21	20000	15.46142	0.0	1697111	267	20.0
1609214237.53	20000	16.142341	0.0	1529441	238	20.0
1609214237.86	20000	16.81571	0.0	1568649	245	20.0
1609214238.19	20000	17.484621	0.0	1677618	249	20.0
1609214238.43	20000	18.246919	0.0	1415096	158	20.0
1609214238.72	20000	18.952409	0.0	1894067	211	20.0
1609214238.93	20000	19.743549	0.0	1186604	131	20.0
1609214239.13	20000	20.547327	0.0	1068386	119	20.0
1609214239.46	20000	21.224106	0.0	1700843	243	20.0
1609214239.91	20000	21.770211	0.0	2536859	359	20.0
1609214240.61	20000	22.076981	0.0	4742872	595	20.0
1609214241.28	20000	22.406961	0.0	4955535	571	20.0
1609214241.48	20000	23.207596	0.0	1260540	120	20.0
1609214241.91	20000	23.772557	0.0	3605246	345	20.0
1609214242.27	20000	24.419873	0.0	2770338	266	20.0
1609214242.54	20000	25.151606	0.0	1855168	185	20.0
1609214242.78	20000	25.906337	0.0	1666915	161	20.0
1609214243.02	20000	26.671634	0.0	1555467	151	20.0
1609214243.2	20000	27.493417	0.0	1008919	98	20.0
1609214243.43	20000	28.262982	0.0	1227619	149	20.0
1609214243.63	20000	29.060675	0.0	1015853	122	20.0
1609214243.76	20000	29.937435	0.0	384076	46	20.0
1609214243.87	20000	30.825395	0.0	295687	34	20.0
1609214244.11	20000	31.582886	0.0	1328674	161	20.0
1609214244.42	20000	32.278348	0.0	1492829	222	20.0
1609214244.73	20000	32.970729	0.0	1484812	223	20.0
1609214245.09	20000	33.606347	0.0	1868314	282	20.0
1609214245.34	20000	34.361035	0.0	1253406	165	20.0
1609214245.53	20000	35.168337	0.0	887933	113	20.0
1609214245.76	20000	35.93891	0.0	1153403	149	20.0
1609214246.01	20000	36.697361	0.0	1249023	161	20.0
1609214246.26	20000	37.442055	0.0	1423973	172	20.0
1609214246.45	20000	38.252844	0.0	1060162	110	20.0
1609214246.64	20000	39.060374	0.0	1080597	112	20.0
1609214246.85	20000	39.859968	0.0	1156442	121	20.0
1609214247.17	20000	40.542482	0.0	2222640	233	20.0
1609214247.49	20000	41.220426	0.0	2587311	234	20.0
1609214247.77	20000	41.939835	0.0	2178351	196	20.0
1609214248.14	20000	42.567439	0.0	3121089	283	20.0
1609214248.49	20000	43.221366	0.0	2857420	258	20.0
1609214248.73	20000	43.984648	0.0	1702477	154	20.0
1609214248.95	20000	44.766253	0.0	1531670	137	20.0
1609214249.2	20000	45.51569	0.0	1863424	168	20.0
1609214249.49	20000	46.221153	0.0	1987392	208	20.0
1609214249.84	20000	46.871427	0.0	2505586	263	20.0
1609214250.79	20000	46.925142	0.0	9620218	827	20.0
1609214251.08	20000	47.641149	0.0	2561608	197	20.0
1609214251.43	20000	48.28772	0.0	3633991	260	20.0
1609214251.75	20000	48.966584	0.0	3324070	230	20.0
1609214251.94	20000	49.778395	0.0	1560020	107	20.0
1609214252.12	20000	50.600739	0.0	1429188	99	20.0
1609214252.33	20000	51.396029	0.0	1754144	115	20.0
1609214252.52	20000	52.207443	0.0	1626020	108	20.0
1609214252.72	20000	53.010028	0.0	1739228	116	20.0
1609214252.91	20000	53.812098	0.0	1722735	115	20.0
1609214253.1	20000	54.628836	0.0	1538145	102	20.0
1609214253.28	20000	55.448953	0.0	1473412	99	20.0
1609214253.47	20000	56.261896	0.0	1498968	107	20.0
1609214253.72	20000	57.015279	0.0	2247334	162	20.0
1609214254.03	20000	57.698137	0.0	3156442	228	20.0
1609214254.25	20000	58.479706	0.0	1895098	137	20.0
1609214254.52	20000	59.210403	0.0	1939135	186	20.0
1609214254.78	20000	59.951031	0.0	1842874	177	20.0
1609214256.08	20000	59.86055	0.0	2235830	215	20.0
1609214257.37	20000	59.611554	0.0	2202171	196	20.0
1609214258.21	20000	59.612551	0.0	2242042	252	20.0
1609214259.22	20000	59.613543	0.0	1081763	422	20.0
1609214260.0	20000	59.864545	0.0	2409013	196	20.0
1609214261.22	20000	59.615553	0.0	1615028	130	20.0
1609214262.21	20000	59.616545	0.0	1413467	409	20.0
1609214262.97	20000	59.867549	0.0	1632450	182	20.0
1609214264.19	20000	59.618544	0.0	5664827	608	20.0
1609214265.13	20000	59.619531	0.0	4578115	349	20.0
1609214266.35	20000	59.620564	0.0	1783835	127	20.0
1609214267.03	20000	59.871552	0.0	1093613	107	20.0
1609214268.21	20000	59.62255	0.0	975642	95	20.0
1609214269.04	20000	59.873065	0.0	1658005	249	20.0
1609214270.05	20000	59.874561	0.0	3055257	416	20.0
1609214270.76	20000	59.98767	0.0	5355572	612	20.0
1609214272.22	20000	59.62654	0.0	3278424	365	20.0
1609214273.11	20000	59.877563	0.0	2318501	303	20.0
1609214274.02	20000	59.878535	0.0	2473561	318	20.0
1609214275.32	20000	59.629534	0.0	1730311	218	20.0
1609214276.07	20000	59.879978	0.0	1455812	169	20.0
1609214277.01	20000	59.881541	0.0	2869222	349	20.0
1609214278.09	20000	59.882539	0.0	3226650	480	20.0
1609214279.16	20000	59.633537	0.0	2705936	481	20.0
1609214279.77	20000	59.990255	0.0	2998622	517	20.0
1609214281.36	20000	59.635548	0.0	2928342	501	20.0
1609214281.83	20000	59.929216	0.0	3059979	385	20.0
1609214283.35	20000	59.637542	0.0	3367422	424	20.0
1609214284.1	20000	59.837963	0.0	1950694	164	20.0
1609214285.31	20000	59.639525	0.0	1541020	129	20.0
1609214286.09	20000	59.89054	0.0	2926720	191	20.0
1609214287.37	20000	59.641536	0.0	2991202	188	20.0
1609214287.83	20000	59.935164	0.0	3002106	370	20.0
1609214289.17	20000	59.643544	0.0	2015412	251	20.0
1609214290.03	20000	59.894056	0.0	2894863	270	20.0
1609214291.28	20000	59.645539	0.0	2185316	157	20.0
1609214292.11	20000	59.896549	0.0	3370605	236	20.0
1609214292.94	20000	59.897551	0.0	3492243	241	20.0
1609214294.11	20000	59.89855	0.0	1307592	92	20.0
1609214295.33	20000	59.649554	0.0	1881404	133	20.0
1609214296.06	20000	59.900569	0.0	1806471	137	20.0
1609214297.3	20000	59.651527	0.0	1945842	162	20.0
1609214298.15	20000	59.652544	0.0	2538877	261	20.0
1609214298.99	20000	59.903543	0.0	2298557	252	20.0
1609214300.35	20000	59.654535	0.0	2831497	263	20.0
1609214301.21	20000	59.655544	0.0	3200905	267	20.0
1609214301.98	20000	59.906532	0.0	2180586	185	20.0
1609214303.19	20000	59.657536	0.0	1500505	132	20.0
1609214303.96	20000	59.908546	0.0	1939246	182	20.0
1609214305.22	20000	59.659532	0.0	1599193	170	20.0
1609214306.08	20000	59.91054	0.0	2364826	275	20.0
1609214306.99	20000	59.911535	0.0	2517454	317	20.0
1609214307.89	20000	59.91254	0.0	1883143	313	20.0
1609214309.3	20000	59.663535	0.0	1726706	328	20.0
1609214309.96	20000	59.914535	0.0	707364	80	20.0
1609214311.12	20000	59.915543	0.0	796460	73	20.0
1609214312.25	20000	59.666542	0.0	596962	51	20.0
1609214312.91	20000	59.917545	0.0	947625	79	20.0
1609214314.07	20000	59.918548	0.0	832859	75	20.0
1609214315.16	20000	59.669539	0.0	151562	13	20.0
1609214316.24	20000	59.670535	0.0	90390	7	20.0
1609214317.31	20000	59.671537	0.0	50278	3	20.0
1609214318.36	20000	59.672536	0.0	26471	5	20.0
1609214318.9	20000	59.923533	0.0	40620	2	20.0
1609214319.24	4000	1.000999	0.045	334032	34	-0.8999999999999999
1609214320.56	16000	1.320382	0.36	11007815	1158	-3.1999999999999993
1609214321.65	16000	1.282176	0.023	8849724	971	15.54
1609214322.15	20000	1.85162	0.0	3191121	408	16.0
1609214322.44	20000	2.557201	0.0	1661718	211	20.0
1609214322.69	20000	3.310932	0.0	1315024	166	20.0
1609214322.87	20000	4.126576	0.0	698359	105	20.0
1609214323.06	20000	4.93774	0.0	730082	110	20.0
1609214323.8	20000	5.203116	0.0	4047415	639	20.0
1609214324.42	20000	5.578241	0.0	2863079	535	20.0
1609214325.6	16000	5.406309	0.0	4167844	1077	12.0
1609214326.38	2000	5.622363	0.0	975494	695	-12.0
1609214329.99	2000	3.013067	0.0	873443	3520	2.0
1609214331.88	16000	2.130826	0.0	2030157	1796	2.0
1609214332.3	20000	2.707731	0.0	2240782	341	16.0
1609214332.72	20000	3.28965	0.0	2211169	337	20.0
1609214332.83	20000	4.178562	0.0	382046	37	20.0
1609214333.02	20000	5.034895	0.0	1113969	110	20.0
1609214333.18	20000	6.035895	0.0	820127	81	20.0
1609214333.95	20000	6.292242	0.0	6357933	663	20.0
1609214334.61	20000	6.630389	0.0	4814284	565	20.0
1609214335.12	20000	7.125943	0.0	3419258	412	20.0
1609214335.69	20000	7.553513	0.0	3944328	478	20.0
1609214336.35	20000	7.895793	0.0	4284196	562	20.0
1609214336.83	20000	8.413841	0.0	3022025	392	20.0
1609214337.21	20000	9.043865	0.0	2248581	285	20.0
1609214338.53	20000	8.718752	0.0	9946363	1201	20.0
1609214339.93	20000	8.322107	0.0	11684632	1265	20.0
1609214340.21	20000	9.046948	0.0	1849732	192	20.0
1609214340.49	20000	9.762593	0.0	1942795	202	20.0
1609214340.75	20000	10.504449	0.0	1704756	177	20.0
1609214341.05	20000	11.209364	0.0	1697111	214	20.0
1609214341.32	20000	11.934089	0.0	1529441	193	20.0
1609214341.6	20000	12.655676	0.0	1568649	198	20.0
1609214341.91	20000	13.343638	0.0	1677618	224	20.0
