1608594140.76	4000	1.000999	0.021	60629	12	-0.41999999999999993
1608594141.12	2000	1.674142	0.0	1072422	287	0.0
1608594143.09	8000	1.477223	0.775	7078153	1910	-13.5
1608594143.72	20000	2.02274	0.0	3191121	596	8.0
1608594144.0	20000	3.009988	0.0	1661718	254	20.0
1608594144.22	20000	3.789658	0.0	1315024	199	20.0
1608594144.34	20000	4.668306	0.0	698359	105	20.0
1608594144.47	20000	5.542379	0.0	730082	110	20.0
1608594145.08	20000	5.93197	0.0	4047415	575	20.0
1608594145.51	20000	6.500162	0.0	2863079	403	20.0
1608594146.21	20000	6.807254	0.0	4167844	660	20.0
1608594147.14	20000	6.885712	0.0	5571764	881	20.0
1608594147.97	20000	7.047813	0.0	4925652	793	20.0
1608594148.33	20000	7.688753	0.0	2030157	336	20.0
1608594148.72	20000	8.296479	0.0	2240782	370	20.0
1608594149.11	20000	8.906653	0.0	2211169	366	20.0
1608594149.19	20000	9.831247	0.0	382046	61	20.0
1608594149.39	20000	10.629846	0.0	1113969	183	20.0
1608594149.54	20000	11.478457	0.0	820127	134	20.0
1608594150.64	20000	11.379079	0.0	6357933	1055	20.0
1608594151.42	20000	11.598169	0.0	4814284	743	20.0
1608594151.98	20000	12.05635	0.0	3419258	512	20.0
1608594152.6	20000	12.427792	0.0	3944328	587	20.0
1608594153.26	20000	12.765537	0.0	4284196	626	20.0
1608594153.75	20000	13.272178	0.0	3022025	466	20.0
1608594154.19	20000	13.832984	0.0	2248581	415	20.0
1608594155.94	20000	13.093611	0.0	9946363	1657	20.0
1608594157.48	20000	12.547994	0.0	11684632	1462	20.0
1608594157.75	20000	13.27826	0.0	1849732	247	20.0
1608594158.04	20000	13.986703	0.0	1942795	268	20.0
1608594158.3	20000	14.730267	0.0	1704756	235	20.0
1608594158.56	20000	15.473848	0.0	1697111	234	20.0
1608594158.8	20000	16.232897	0.0	1529441	219	20.0
1608594159.06	20000	16.980699	0.0	1568649	231	20.0
1608594159.33	20000	17.710915	0.0	1677618	248	20.0
1608594159.55	20000	18.483363	0.0	1415096	209	20.0
1608594159.84	20000	19.202932	0.0	1894067	259	20.0
1608594160.01	20000	20.027575	0.0	1186604	158	20.0
1608594160.17	20000	20.869896	0.0	1068386	141	20.0
1608594160.42	20000	21.618148	0.0	1700843	223	20.0
1608594160.8	20000	22.241881	0.0	2536859	344	20.0
1608594161.52	20000	22.524691	0.0	4742872	682	20.0
1608594162.63	20000	22.419085	0.0	4955535	1066	20.0
1608594162.8	20000	23.246494	0.0	1260540	154	20.0
1608594163.24	20000	23.810984	0.0	3605246	406	20.0
1608594163.57	20000	24.472577	0.0	2770338	312	20.0
1608594163.83	20000	25.218727	0.0	1855168	232	20.0
1608594164.08	20000	25.971636	0.0	1666915	226	20.0
1608594164.31	20000	26.741234	0.0	1555467	211	20.0
1608594164.46	20000	27.587211	0.0	1008919	136	20.0
1608594164.65	20000	28.402209	0.0	1227619	166	20.0
1608594164.79	20000	29.264747	0.0	1015853	119	20.0
1608594164.85	20000	30.206598	0.0	384076	44	20.0
1608594164.89	20000	31.16051	0.0	295687	33	20.0
1608594165.07	20000	31.986947	0.0	1328674	156	20.0
1608594165.27	20000	32.789813	0.0	1492829	176	20.0
1608594165.46	20000	33.593456	0.0	1484812	175	20.0
1608594165.71	20000	34.351313	0.0	1868314	220	20.0
1608594165.88	20000	35.178504	0.0	1253406	154	20.0
1608594166.01	20000	36.051678	0.0	887933	108	20.0
1608594166.17	20000	36.891885	0.0	1153403	142	20.0
1608594166.34	20000	37.719725	0.0	1249023	154	20.0
1608594166.54	20000	38.525186	0.0	1423973	176	20.0
1608594166.69	20000	39.375587	0.0	1060162	131	20.0
1608594166.83	20000	40.238892	0.0	1080597	118	20.0
1608594166.97	20000	41.094984	0.0	1156442	127	20.0
1608594167.24	20000	41.826566	0.0	2222640	246	20.0
1608594167.55	20000	42.515069	0.0	2587311	287	20.0
1608594167.87	20000	43.201134	0.0	2178351	291	20.0
1608594168.41	20000	43.664274	0.0	3121089	509	20.0
1608594168.93	20000	44.141165	0.0	2857420	496	20.0
1608594169.28	20000	44.792344	0.0	1702477	328	20.0
1608594169.6	20000	45.477997	0.0	1531670	294	20.0
1608594170.5	20000	45.575445	0.0	1863424	880	20.0
1608594171.21	20000	45.866849	0.0	1987392	684	20.0
1608594171.85	20000	46.228811	0.0	2505586	613	20.0
1608594173.37	20000	45.706884	0.0	9620218	1460	20.0
1608594173.81	20000	46.267315	0.0	2561608	411	20.0
1608594174.3	20000	46.7795	0.0	3633991	458	20.0
1608594174.76	20000	47.321865	0.0	3324070	425	20.0
1608594175.05	20000	48.027422	0.0	1560020	274	20.0
1608594175.32	20000	48.758163	0.0	1429188	251	20.0
1608594175.65	20000	49.42959	0.0	1754144	309	20.0
1608594175.99	20000	50.094421	0.0	1626020	314	20.0
1608594176.37	20000	50.720489	0.0	1739228	351	20.0
1608594176.74	20000	51.349729	0.0	1722735	347	20.0
1608594177.13	20000	51.958692	0.0	1538145	370	20.0
1608594177.51	20000	52.580302	0.0	1473412	358	20.0
1608594177.89	20000	53.197954	0.0	1498968	363	20.0
1608594178.48	20000	53.610291	0.0	2247334	565	20.0
1608594180.12	20000	52.976824	0.0	3156442	1605	20.0
1608594180.91	20000	53.183099	0.0	1895098	771	20.0
1608594181.43	20000	53.659681	0.0	1939135	502	20.0
1608594181.93	20000	54.169059	0.0	1842874	469	20.0
1608594182.51	20000	54.584426	0.0	2235830	562	20.0
1608594183.21	20000	54.889295	0.0	2202171	672	20.0
1608594183.96	20000	55.140502	0.0	2242042	725	20.0
1608594184.23	20000	55.867932	0.0	1081763	254	20.0
1608594184.82	20000	56.275486	0.0	2409013	566	20.0
1608594185.12	20000	56.9823	0.0	1615028	272	20.0
1608594185.38	20000	57.724024	0.0	1413467	238	20.0
1608594185.67	20000	58.429022	0.0	1632450	275	20.0
1608594186.5	20000	58.60204	0.0	5664827	786	20.0
1608594187.21	20000	58.891845	0.0	4578115	674	20.0
1608594187.52	20000	59.586762	0.0	1783835	284	20.0
1608594188.71	20000	59.560892	0.0	1093613	173	20.0
1608594189.37	20000	59.811933	0.0	975642	138	20.0
1608594190.59	20000	59.562942	0.0	1658005	201	20.0
1608594191.47	20000	59.813855	0.0	3055257	343	20.0
1608594192.25	20000	59.865536	0.0	5355572	737	20.0
1608594193.36	20000	59.815883	0.0	3278424	580	20.0
1608594194.79	20000	59.566941	0.0	2318501	401	20.0
1608594195.38	20000	59.735914	0.0	2473561	565	20.0
1608594196.76	20000	59.568954	0.0	1730311	357	20.0
1608594197.53	20000	59.760105	0.0	1455812	248	20.0
1608594198.48	20000	59.820882	0.0	2869222	419	20.0
1608594199.3	20000	59.821878	0.0	3226650	288	20.0
1608594200.55	20000	59.572954	0.0	2705936	221	20.0
1608594201.34	20000	59.823841	0.0	2998622	257	20.0
1608594202.62	20000	59.574944	0.0	2928342	254	20.0
1608594203.42	20000	59.825926	0.0	3059979	265	20.0
1608594204.36	20000	59.826837	0.0	3367422	406	20.0
1608594205.67	20000	59.57793	0.0	1950694	283	20.0
1608594206.54	20000	59.828918	0.0	1541020	355	20.0
1608594207.43	20000	59.829889	0.0	2926720	358	20.0
1608594208.4	20000	59.830954	0.0	2991202	436	20.0
1608594209.49	20000	59.831928	0.0	3002106	569	20.0
1608594210.3	20000	59.832848	0.0	2015412	283	20.0
1608594211.79	20000	59.583939	0.0	2894863	454	20.0
1608594212.16	20000	59.976363	0.0	2185316	346	20.0
1608594213.72	20000	59.585828	0.0	3370605	530	20.0
1608594214.48	20000	59.657463	0.0	3492243	728	20.0
1608594215.74	20000	59.587831	0.0	1307592	240	20.0
1608594216.27	20000	59.867855	0.0	1881404	507	20.0
1608594217.77	20000	59.589827	0.0	1806471	474	20.0
1608594218.23	20000	59.903624	0.0	1945842	437	20.0
1608594219.41	20000	59.841934	0.0	2538877	649	20.0
1608594220.56	20000	59.592949	0.0	2298557	626	20.0
1608594221.55	20000	59.590133	0.0	2831497	963	20.0
1608594222.7	20000	59.437839	0.0	3200905	1124	20.0
1608594223.76	20000	59.380802	0.0	2180586	1033	20.0
1608594224.24	20000	59.906892	0.0	1500505	452	20.0
1608594225.62	20000	59.597861	0.0	1939246	353	20.0
1608594226.32	20000	59.848845	0.0	1599193	181	20.0
1608594227.62	20000	59.599918	0.0	2364826	276	20.0
1608594228.48	20000	59.850909	0.0	2517454	327	20.0
1608594229.72	20000	59.601905	0.0	1883143	221	20.0
1608594230.41	20000	59.85285	0.0	1726706	161	20.0
1608594231.5	20000	59.853853	0.0	707364	68	20.0
1608594232.61	20000	59.604942	0.0	796460	90	20.0
1608594233.68	20000	59.605934	0.0	596962	51	20.0
1608594234.77	20000	59.606938	0.0	947625	65	20.0
1608594235.35	20000	59.857904	0.0	832859	59	20.0
1608594236.37	20000	59.858918	0.0	151562	10	20.0
1608594237.39	20000	59.859881	0.0	90390	6	20.0
1608594238.41	20000	59.8609	0.0	50278	2	20.0
1608594239.43	20000	59.861926	0.0	26471	1	20.0
1608594240.46	20000	59.862937	0.0	40620	13	20.0
1608594240.99	4000	1.000999	0.207	334032	195	-4.14
1608594245.93	20000	1.48025	4.148	11007815	4838	-78.96
1608594247.44	20000	1.448741	0.454	8849724	1452	10.92
1608594248.03	20000	1.883173	0.0	3191121	559	20.0
1608594248.33	20000	2.585318	0.0	1661718	276	20.0
1608594248.56	20000	3.355207	0.0	1315024	210	20.0
1608594248.69	20000	4.229255	0.0	698359	110	20.0
1608594248.82	20000	5.09823	0.0	730082	115	20.0
1608594249.58	20000	5.344059	0.0	4047415	724	20.0
1608594250.18	20000	5.73843	0.0	2863079	581	20.0
1608594251.1	20000	5.817256	0.0	4167844	887	20.0
1608594253.64	20000	4.285313	0.0	5571764	2491	20.0
1608594255.16	20000	3.77314	0.0	4925652	1476	20.0
1608594256.01	20000	3.916956	0.0	2030157	826	20.0
1608594256.73	20000	4.192083	0.0	2240782	701	20.0
1608594257.38	20000	4.5475	0.0	2211169	620	20.0
1608594257.5	20000	5.426567	0.0	382046	107	20.0
1608594257.84	20000	6.086506	0.0	1113969	322	20.0
1608594258.09	20000	6.834877	0.0	820127	235	20.0
1608594260.18	20000	5.747436	0.0	6357933	2040	20.0
1608594263.3	20000	3.628275	0.0	4814284	3074	20.0
1608594265.82	20000	2.108207	0.0	3419258	2489	20.0
1608594267.61	20000	1.325707	0.0	3944328	1751	20.0
1608594269.71	20000	1.266909	1.043	4284196	2069	-0.8599999999999994
1608594272.0	20000	1.314559	1.329	3022025	2256	-6.579999999999998
1608594273.22	20000	1.394735	0.302	2248581	1198	13.96
1608594275.17	8000	1.447924	0.997	6361262	1900	-23.94
1608594275.74	2000	1.87571	0.0	2158640	544	-4.0
1608594276.23	20000	2.381098	0.0	1849732	470	2.0
1608594276.77	20000	2.846151	0.0	1942795	516	20.0
1608594277.25	20000	3.365674	0.0	1704756	462	20.0
1608594277.63	20000	4.038413	0.0	1697111	358	20.0
1608594277.95	20000	4.889244	0.0	1529441	297	20.0
1608594278.27	20000	5.563984	0.0	1568649	305	20.0
