1608504889.18	4000	1.000999	0.019	60629	9	-0.6080000000000001
1608504892.23	20000	1.486618	2.496	11007815	2944	-75.872
1608504894.04	8000	1.333182	0.395	7078153	1756	-16.64
1608504894.32	4000	2.049915	0.0	1043358	259	0.0
1608504894.47	4000	2.938375	0.0	567502	139	4.0
1608504894.6	4000	3.810463	0.0	472646	115	4.0
1608504894.68	4000	4.733529	0.0	274373	64	4.0
1608504894.78	8000	5.632963	0.0	358785	86	4.0
1608504895.89	20000	5.527788	0.0	4047415	1073	8.0
1608504896.33	12000	6.086908	0.0	1861181	415	4.0
1608504896.98	12000	6.439556	0.0	2835412	623	12.0
1608504897.57	8000	6.848509	0.0	3005823	560	4.0
1608504898.14	8000	7.280791	0.0	2879726	543	8.0
1608504898.4	8000	8.018035	0.0	1267052	245	8.0
1608504898.76	12000	8.663972	0.0	1712120	334	8.0
1608504899.11	12000	9.317997	0.0	1662097	322	12.0
1608504899.19	16000	10.230376	0.0	382046	72	12.0
1608504899.43	16000	10.998026	0.0	1113969	218	16.0
1608504899.6	20000	11.825211	0.0	820127	159	16.0
1608504900.82	20000	11.610032	0.0	6357933	1173	20.0
1608504901.72	16000	11.708562	0.0	4814284	867	12.0
1608504902.25	12000	12.182422	0.0	2713103	498	8.0
1608504902.7	8000	12.726732	0.0	2281353	430	4.0
1608504903.22	8000	13.213743	0.0	2599148	489	8.0
1608504903.61	8000	13.82145	0.0	1926191	367	8.0
1608504903.98	12000	14.456329	0.0	1798203	342	8.0
1608504905.9	16000	13.535096	0.0	9946363	1855	12.0
1608504906.97	8000	13.461981	0.0	7838407	1021	0.0
1608504907.13	8000	14.305771	0.0	1127469	140	8.0
1608504907.29	8000	15.143271	0.0	1179779	147	8.0
1608504907.44	8000	15.993868	0.0	1078151	133	8.0
1608504907.6	8000	16.843286	0.0	1086181	135	8.0
1608504907.82	20000	17.621999	0.0	1529441	190	8.0
1608504908.03	20000	18.410868	0.0	1568649	194	20.0
1608504908.26	20000	19.179098	0.0	1677618	213	20.0
1608504908.46	20000	19.982418	0.0	1415096	180	20.0
1608504908.72	20000	20.722163	0.0	1894067	242	20.0
1608504908.89	20000	21.55535	0.0	1186604	149	20.0
1608504909.04	20000	22.407295	0.0	1068386	132	20.0
1608504909.26	20000	23.189934	0.0	1700843	198	20.0
1608504909.58	20000	23.869066	0.0	2536859	297	20.0
1608504910.18	20000	24.267292	0.0	4742872	567	20.0
1608504910.87	20000	24.585289	0.0	4955535	646	20.0
1608504911.04	20000	25.40708	0.0	1260540	163	20.0
1608504911.54	20000	25.914923	0.0	3605246	465	20.0
1608504911.92	16000	26.533539	0.0	2770338	357	12.0
1608504912.16	16000	27.297547	0.0	1855168	216	16.0
1608504912.35	20000	28.101326	0.0	1666915	178	16.0
1608504912.54	20000	28.917791	0.0	1555467	166	20.0
1608504912.66	20000	29.795539	0.0	1008919	107	20.0
1608504912.81	20000	30.649659	0.0	1227619	131	20.0
1608504912.93	20000	31.526062	0.0	1015853	108	20.0
1608504912.99	20000	32.474618	0.0	384076	39	20.0
1608504913.03	20000	33.432681	0.0	295687	30	20.0
1608504913.19	20000	34.276115	0.0	1328674	141	20.0
1608504913.37	20000	35.097892	0.0	1492829	160	20.0
1608504913.55	20000	35.921604	0.0	1484812	159	20.0
1608504913.77	20000	36.695092	0.0	1868314	199	20.0
1608504913.92	20000	37.542654	0.0	1253406	135	20.0
1608504914.04	20000	38.432041	0.0	887933	94	20.0
1608504914.2	20000	39.26395	0.0	1153403	151	20.0
1608504914.39	20000	40.080556	0.0	1249023	167	20.0
1608504914.6	20000	40.870367	0.0	1423973	192	20.0
1608504914.76	20000	41.713555	0.0	1060162	142	20.0
1608504914.92	20000	42.55304	0.0	1080597	144	20.0
1608504915.09	20000	43.384881	0.0	1156442	153	20.0
1608504915.41	20000	44.063367	0.0	2222640	300	20.0
1608504915.79	20000	44.690293	0.0	2587311	349	20.0
1608504916.1	20000	45.378058	0.0	2178351	291	20.0
1608504916.51	20000	45.963115	0.0	3121089	390	20.0
1608504916.9	20000	46.581727	0.0	2857420	357	20.0
1608504917.13	20000	47.35154	0.0	1702477	212	20.0
1608504917.34	20000	48.135313	0.0	1531670	198	20.0
1608504917.61	20000	48.876002	0.0	1863424	241	20.0
1608504917.88	20000	49.597895	0.0	1987392	257	20.0
1608504918.22	20000	50.267697	0.0	2505586	309	20.0
1608504919.4	20000	50.08863	0.0	9620218	1112	20.0
1608504919.7	16000	50.781309	0.0	2561608	282	12.0
1608504920.13	16000	51.352885	0.0	3633991	398	16.0
1608504920.51	16000	51.975564	0.0	3324070	348	16.0
1608504920.7	16000	52.794765	0.0	1560020	162	16.0
1608504920.86	16000	53.626324	0.0	1429188	149	16.0
1608504921.07	20000	54.425167	0.0	1754144	183	16.0
1608504921.25	20000	55.243018	0.0	1626020	164	20.0
1608504921.45	20000	56.049363	0.0	1739228	176	20.0
1608504921.65	20000	56.847748	0.0	1722735	174	20.0
1608504921.82	20000	57.675843	0.0	1538145	155	20.0
1608504921.98	20000	58.510391	0.0	1473412	149	20.0
1608504922.16	20000	59.337308	0.0	1498968	156	20.0
1608504922.94	20000	59.598368	0.0	2247334	257	20.0
1608504923.82	20000	59.849371	0.0	3156442	352	20.0
1608504925.05	20000	59.600348	0.0	1895098	207	20.0
1608504925.76	20000	59.851371	0.0	1939135	191	20.0
1608504926.96	20000	59.60237	0.0	1842874	180	20.0
1608504927.77	20000	59.853332	0.0	2235830	287	20.0
1608504929.14	20000	59.604341	0.0	2202171	344	20.0
1608504929.95	20000	59.60534	0.0	2242042	289	20.0
1608504931.11	20000	59.60637	0.0	1081763	138	20.0
1608504931.52	20000	59.98174	0.0	2409013	392	20.0
1608504932.8	20000	59.858334	0.0	1615028	257	20.0
1608504933.96	20000	59.609348	0.0	1413467	141	20.0
1608504935.14	20000	59.610442	0.0	1632450	153	20.0
1608504935.64	20000	59.872879	0.0	5664827	458	20.0
1608504937.04	20000	59.612349	0.0	4578115	367	20.0
1608504937.71	20000	59.863331	0.0	1783835	147	20.0
1608504938.84	20000	59.864368	0.0	1093613	112	20.0
1608504939.96	20000	59.615393	0.0	975642	104	20.0
1608504940.69	20000	59.866328	0.0	1658005	205	20.0
1608504941.67	20000	59.867337	0.0	3055257	445	20.0
1608504942.97	20000	59.618351	0.0	5355572	757	20.0
1608504943.94	20000	59.61945	0.0	3278424	442	20.0
1608504944.76	16000	59.87036	0.0	2318501	300	12.0
1608504946.12	16000	59.621264	0.0	2473561	334	16.0
1608504946.91	16000	59.622325	0.0	1730311	261	16.0
1608504948.13	16000	59.623326	0.0	1455812	202	16.0
1608504948.57	20000	59.951757	0.0	2869222	416	16.0
1608504950.1	20000	59.625381	0.0	3226650	501	20.0
1608504950.56	16000	59.967435	0.0	2705936	431	12.0
1608504952.05	16000	59.627366	0.0	2998622	458	16.0
1608504952.92	16000	59.628334	0.0	2928342	341	16.0
1608504953.77	16000	59.879393	0.0	3059979	324	16.0
1608504955.07	16000	59.63045	0.0	3367422	274	16.0
1608504955.73	20000	59.88145	0.0	1950694	134	16.0
1608504956.87	20000	59.882361	0.0	1541020	119	20.0
1608504957.67	20000	59.883385	0.0	2926720	271	20.0
1608504958.98	20000	59.634441	0.0	2991202	280	20.0
1608504959.81	20000	59.885341	0.0	3002106	304	20.0
1608504961.07	20000	59.63634	0.0	2015412	232	20.0
1608504961.94	20000	59.63733	0.0	2894863	342	20.0
1608504962.71	20000	59.888367	0.0	2185316	245	20.0
1608504964.11	20000	59.639432	0.0	3370605	376	20.0
1608504964.64	20000	59.904154	0.0	3492243	490	20.0
1608504965.84	20000	59.89134	0.0	1307592	185	20.0
1608504967.13	20000	59.64244	0.0	1881404	264	20.0
1608504967.99	20000	59.64338	0.0	1806471	341	20.0
1608504968.86	20000	59.894378	0.0	1945842	351	20.0
1608504969.75	16000	59.895343	0.0	2538877	367	12.0
1608504971.09	20000	59.646417	0.0	2298557	310	16.0
1608504971.99	16000	59.647431	0.0	2831497	375	12.0
1608504973.0	16000	59.648345	0.0	3200905	478	16.0
1608504973.88	16000	59.899452	0.0	2180586	366	16.0
1608504974.68	16000	59.900437	0.0	1500505	266	16.0
1608504975.67	16000	59.90143	0.0	1939246	466	16.0
1608504976.65	16000	59.902362	0.0	1599193	464	16.0
1608504978.15	12000	59.653382	0.0	1877910	471	8.0
1608504978.67	12000	59.887583	0.0	1991172	497	12.0
1608504979.96	8000	59.655345	0.0	1060685	276	4.0
1608504980.7	8000	59.906358	0.0	1011581	218	8.0
1608504981.81	12000	59.907357	0.0	564365	91	8.0
1608504982.92	16000	59.658371	0.0	796460	93	12.0
1608504984.0	16000	59.659372	0.0	596962	59	16.0
1608504985.11	20000	59.660441	0.0	947625	87	16.0
1608504985.7	20000	59.911363	0.0	832859	71	20.0
1608504986.72	20000	59.91236	0.0	151562	12	20.0
1608504987.74	20000	59.913342	0.0	90390	6	20.0
1608504988.76	20000	59.914341	0.0	50278	3	20.0
1608504989.77	16000	59.915336	0.0	26471	0	12.0
1608504990.79	8000	59.916357	0.0	26015	4	0.0
1608504991.11	4000	1.000999	0.012	60629	3	-0.3839999999999999
1608504991.98	20000	1.280527	0.127	11007815	769	-0.06400000000000006
1608504992.86	20000	1.624585	0.0	8849724	821	20.0
1608504993.27	16000	2.236573	0.0	3191121	385	12.0
1608504993.49	16000	3.019491	0.0	1661718	199	16.0
1608504993.73	16000	3.799298	0.0	1315024	226	16.0
1608504993.88	20000	4.655601	0.0	698359	129	16.0
1608504994.03	20000	5.506899	0.0	730082	136	20.0
1608504999.69	20000	1.500263	0.651	4047415	5632	-0.8320000000000007
1608505000.11	2000	2.079419	0.0	740561	403	-16.0
1608505000.59	2000	2.599064	0.0	905521	465	2.0
1608505000.76	2000	3.43309	0.0	975494	151	2.0
1608505000.91	2000	4.284158	0.0	873443	135	2.0
1608505000.98	2000	5.209585	0.0	420093	63	2.0
1608505001.21	8000	5.985143	0.0	1316661	205	2.0
1608505001.58	16000	6.618516	0.0	2211169	346	8.0
1608505001.63	20000	7.567665	0.0	382046	40	16.0
1608505001.76	20000	8.434449	0.0	1113969	119	20.0
1608505001.86	20000	9.335843	0.0	820127	87	20.0
1608505002.59	20000	9.60595	0.0	6357933	693	20.0
1608505003.22	20000	9.982064	0.0	4814284	594	20.0
1608505003.67	20000	10.527273	0.0	3419258	429	20.0
1608505004.27	20000	10.936251	0.0	3944328	566	20.0
1608505004.88	16000	11.320246	0.0	4284196	589	12.0
1608505005.3	16000	11.901816	0.0	3022025	395	16.0
1608505005.61	16000	12.590598	0.0	2248581	292	16.0
1608505006.95	16000	12.49375	0.0	9946363	1271	16.0
1608505008.37	12000	12.071481	0.0	9808342	1356	8.0
1608505008.54	8000	12.900282	0.0	1127469	151	4.0
1608505008.77	12000	13.676483	0.0	1560434	202	8.0
1608505008.97	12000	14.47743	0.0	1396705	181	12.0
1608505009.17	12000	15.273839	0.0	1392963	180	12.0
1608505009.39	16000	16.055428	0.0	1529441	199	12.0
1608505009.61	20000	16.833461	0.0	1568649	204	16.0
