1608587893.04	4000	1.000999	0.068	60629	19	-1.3600000000000003
1608587896.19	4000	1.327735	2.435	6594552	3010	-44.7
1608587897.82	4000	1.342249	0.397	4402139	1531	-3.9400000000000004
1608587899.04	20000	1.297759	0.157	3191121	1123	0.8599999999999994
1608587899.75	20000	1.604504	0.0	1661718	625	20.0
1608587900.25	20000	2.104156	0.0	1315024	417	20.0
1608587900.55	20000	2.80488	0.0	698359	219	20.0
1608587900.85	20000	3.508164	0.0	730082	213	20.0
1608587902.12	20000	3.239814	0.0	4047415	1168	20.0
1608587903.06	20000	3.303363	0.0	2863079	844	20.0
1608587904.35	20000	3.012407	0.0	4167844	1195	20.0
1608587906.12	20000	2.242135	0.0	5571764	1664	20.0
1608587907.72	20000	1.646895	0.0	4925652	1492	20.0
1608587908.4	20000	1.961842	0.0	2030157	598	20.0
1608587909.43	20000	1.932128	0.0	2240782	941	20.0
1608587910.92	20000	1.447232	0.0	2211169	1398	20.0
1608587911.1	20000	2.263094	0.0	382046	104	20.0
1608587911.5	20000	2.863692	0.0	1113969	316	20.0
1608587911.82	20000	3.550018	0.0	820127	231	20.0
1608587913.49	8000	2.87787	0.0	4001900	1566	-4.0
1608587916.73	8000	1.325934	0.682	3029729	3141	-5.640000000000001
1608587917.62	4000	1.434329	0.0	1501029	803	0.0
1608587918.56	4000	1.500442	0.0	1558531	849	4.0
1608587919.58	4000	1.476659	0.0	1856343	923	4.0
1608587920.33	4000	1.730241	0.0	1433055	661	4.0
1608587920.59	2000	2.47074	0.0	399536	177	0.0
1608587922.88	4000	1.269474	0.091	4647286	2191	0.17999999999999972
1608587924.09	2000	1.287477	0.0	2158640	1100	0.0
1608587924.99	20000	1.383128	0.0	1849732	815	2.0
1608587925.52	20000	2.026711	0.0	1942795	447	20.0
1608587925.98	20000	2.601228	0.0	1704756	365	20.0
1608587926.36	20000	3.229988	0.0	1697111	287	20.0
1608587926.7	20000	3.888337	0.0	1529441	258	20.0
1608587927.05	20000	4.537539	0.0	1568649	267	20.0
1608587927.43	20000	5.156748	0.0	1677618	296	20.0
1608587927.76	20000	5.825168	0.0	1415096	249	20.0
1608587928.3	20000	6.295382	0.0	1894067	444	20.0
1608587928.68	20000	6.908694	0.0	1186604	305	20.0
1608587929.16	20000	7.437724	0.0	1068386	390	20.0
1608587930.08	20000	7.512482	0.0	1700843	840	20.0
1608587930.85	20000	7.742273	0.0	2536859	679	20.0
1608587933.16	20000	6.438575	0.0	4742872	2202	20.0
1608587934.19	20000	6.404355	0.0	4955535	930	20.0
1608587934.49	20000	7.109712	0.0	1260540	212	20.0
1608587935.25	20000	7.352623	0.0	3605246	661	20.0
1608587935.93	20000	7.669924	0.0	2770338	590	20.0
1608587936.49	20000	8.111023	0.0	1855168	471	20.0
1608587937.0	20000	8.604787	0.0	1666915	417	20.0
1608587937.47	20000	9.132999	0.0	1555467	388	20.0
1608587937.8	20000	9.800324	0.0	1008919	250	20.0
1608587938.22	20000	10.383538	0.0	1227619	335	20.0
1608587938.6	20000	11.004828	0.0	1015853	298	20.0
1608587938.79	20000	11.816773	0.0	384076	108	20.0
1608587938.95	20000	12.656486	0.0	295687	82	20.0
1608587939.44	20000	13.16799	0.0	1328674	406	20.0
1608587939.98	20000	13.628666	0.0	1492829	456	20.0
1608587940.44	20000	14.173181	0.0	1484812	372	20.0
1608587940.99	20000	14.61816	0.0	1868314	468	20.0
1608587941.49	20000	15.122351	0.0	1253406	413	20.0
1608587941.86	20000	15.751372	0.0	887933	291	20.0
1608587942.22	20000	16.395453	0.0	1153403	275	20.0
1608587942.58	20000	17.04032	0.0	1249023	271	20.0
1608587942.97	20000	17.647163	0.0	1423973	309	20.0
1608587943.31	20000	18.307382	0.0	1060162	256	20.0
1608587943.65	20000	18.964559	0.0	1080597	262	20.0
1608587944.02	20000	19.602271	0.0	1156442	280	20.0
1608587944.62	20000	20.00182	0.0	2222640	512	20.0
1608587945.3	20000	20.324558	0.0	2587311	586	20.0
1608587945.88	20000	20.74271	0.0	2178351	488	20.0
1608587946.84	20000	20.782369	0.0	3121089	867	20.0
1608587947.89	20000	20.735221	0.0	2857420	957	20.0
1608587948.8	20000	20.823504	0.0	1702477	827	20.0
1608587949.31	20000	21.311432	0.0	1531670	428	20.0
1608587949.8	20000	21.829445	0.0	1863424	396	20.0
1608587950.33	20000	22.30333	0.0	1987392	438	20.0
1608587950.99	20000	22.635886	0.0	2505586	578	20.0
1608587952.65	20000	21.990466	0.0	9620218	1504	20.0
1608587953.03	20000	22.60334	0.0	2561608	287	20.0
1608587953.55	20000	23.084139	0.0	3633991	426	20.0
1608587954.03	20000	23.601858	0.0	3324070	389	20.0
1608587954.3	20000	24.338187	0.0	1560020	178	20.0
1608587954.55	20000	25.089148	0.0	1429188	164	20.0
1608587954.84	20000	25.801653	0.0	1754144	202	20.0
1608587955.11	20000	26.528315	0.0	1626020	186	20.0
1608587955.42	20000	27.218654	0.0	1739228	225	20.0
1608587955.73	20000	27.909528	0.0	1722735	223	20.0
1608587956.01	20000	28.627701	0.0	1538145	198	20.0
1608587956.28	20000	29.361858	0.0	1473412	182	20.0
1608587956.55	20000	30.094365	0.0	1498968	184	20.0
1608587956.92	20000	30.721666	0.0	2247334	275	20.0
1608587957.42	20000	31.229009	0.0	3156442	399	20.0
1608587957.74	20000	31.901178	0.0	1895098	241	20.0
1608587958.08	20000	32.566218	0.0	1939135	247	20.0
1608587958.44	20000	33.212126	0.0	1842874	267	20.0
1608587958.85	20000	33.795165	0.0	2235830	326	20.0
1608587959.3	20000	34.351943	0.0	2202171	353	20.0
1608587959.8	20000	34.849317	0.0	2242042	413	20.0
1608587960.08	20000	35.566569	0.0	1081763	198	20.0
1608587960.68	20000	35.971842	0.0	2409013	500	20.0
1608587961.1	20000	36.550225	0.0	1615028	335	20.0
1608587961.39	20000	37.262227	0.0	1413467	197	20.0
1608587961.71	20000	37.949842	0.0	1632450	228	20.0
1608587962.71	20000	37.942653	0.0	5664827	900	20.0
1608587963.61	20000	38.043106	0.0	4578115	802	20.0
1608587964.02	20000	38.643167	0.0	1783835	314	20.0
1608587964.38	20000	39.278646	0.0	1093613	282	20.0
1608587964.76	20000	39.899858	0.0	975642	296	20.0
1608587965.4	20000	40.262321	0.0	1658005	554	20.0
1608587966.41	20000	40.254509	0.0	3055257	915	20.0
1608587967.49	20000	40.180236	0.0	5355572	962	20.0
1608587968.23	20000	40.43815	0.0	3278424	643	20.0
1608587968.73	20000	40.9395	0.0	2318501	409	20.0
1608587969.25	20000	41.417294	0.0	2473561	431	20.0
1608587969.63	20000	42.039823	0.0	1730311	292	20.0
1608587969.96	20000	42.710866	0.0	1455812	246	20.0
1608587970.54	20000	43.130361	0.0	2869222	491	20.0
1608587971.19	20000	43.477362	0.0	3226650	559	20.0
1608587972.09	20000	43.583935	0.0	2705936	803	20.0
1608587973.4	20000	43.27239	0.0	2998622	1216	20.0
1608587974.46	20000	43.216912	0.0	2928342	965	20.0
1608587976.28	20000	42.390914	0.0	3059979	1733	20.0
1608587978.32	20000	41.355853	0.0	3367422	1941	20.0
1608587978.73	20000	41.950559	0.0	1950694	317	20.0
1608587979.06	20000	42.615471	0.0	1541020	251	20.0
1608587979.52	20000	43.15746	0.0	2926720	366	20.0
1608587979.96	20000	43.723635	0.0	2991202	342	20.0
1608587980.4	20000	44.276132	0.0	3002106	357	20.0
1608587980.75	20000	44.929726	0.0	2015412	261	20.0
1608587981.22	20000	45.462107	0.0	2894863	376	20.0
1608587981.56	20000	46.126038	0.0	2185316	249	20.0
1608587982.04	20000	46.641038	0.0	3370605	382	20.0
1608587982.51	20000	47.172103	0.0	3492243	375	20.0
1608587982.73	20000	47.9539	0.0	1307592	135	20.0
1608587983.02	20000	48.671632	0.0	1881404	195	20.0
1608587983.29	20000	49.399593	0.0	1806471	184	20.0
1608587983.56	20000	50.129892	0.0	1945842	183	20.0
1608587983.89	20000	50.801026	0.0	2538877	239	20.0
1608587984.19	20000	51.497391	0.0	2298557	217	20.0
1608587984.57	20000	52.125373	0.0	2831497	279	20.0
1608587984.98	20000	52.712876	0.0	3200905	317	20.0
1608587985.29	20000	53.408246	0.0	2180586	215	20.0
1608587985.54	20000	54.160357	0.0	1500505	161	20.0
1608587985.84	20000	54.864086	0.0	1939246	208	20.0
1608587986.1	20000	55.599462	0.0	1599193	169	20.0
1608587986.42	20000	56.27757	0.0	2364826	233	20.0
1608587986.74	20000	56.957535	0.0	2517454	230	20.0
1608587987.0	20000	57.700852	0.0	1883143	172	20.0
1608587987.25	20000	58.456797	0.0	1726706	157	20.0
1608587987.38	20000	59.320827	0.0	707364	55	20.0
1608587988.03	20000	59.855835	0.0	796460	63	20.0
1608587989.16	20000	59.606831	0.0	596962	46	20.0
1608587990.33	20000	59.607817	0.0	947625	86	20.0
1608587991.0	20000	59.858871	0.0	832859	89	20.0
1608587992.1	20000	59.609721	0.0	151562	15	20.0
1608587993.18	20000	59.610816	0.0	90390	8	20.0
1608587994.25	20000	59.611813	0.0	50278	14	20.0
1608587995.31	20000	59.612821	0.0	26471	15	20.0
1608587995.88	20000	59.863818	0.0	40620	30	20.0
1608588000.96	4000	1.000999	4.574	334032	4555	-91.48
1608588001.17	2000	2.001999	0.0	1072422	115	0.0
1608588001.37	2000	2.859357	0.0	1121405	120	2.0
1608588001.54	2000	3.68842	0.0	728514	85	2.0
1608588001.69	2000	4.545828	0.0	508013	61	2.0
1608588001.82	2000	5.419213	0.0	395538	47	2.0
1608588001.99	20000	6.248133	0.0	698359	85	2.0
1608588002.17	20000	7.064976	0.0	730082	90	20.0
1608588002.8	20000	7.432811	0.0	4047415	531	20.0
1608588003.28	20000	7.96205	0.0	2863079	384	20.0
1608588003.98	20000	8.25621	0.0	4167844	613	20.0
1608588004.93	20000	8.307845	0.0	5571764	845	20.0
1608588005.86	20000	8.382	0.0	4925652	830	20.0
1608588006.32	20000	8.926052	0.0	2030157	374	20.0
1608588006.81	20000	9.430588	0.0	2240782	411	20.0
1608588007.31	20000	10.028664	0.0	2211169	408	20.0
1608588007.46	20000	11.008457	0.0	382046	65	20.0
1608588007.74	20000	11.730134	0.0	1113969	189	20.0
1608588007.96	20000	12.508394	0.0	820127	139	20.0
1608588009.13	20000	12.345264	0.0	6357933	1048	20.0
1608588010.0	20000	12.474169	0.0	4814284	769	20.0
1608588010.66	20000	12.810541	0.0	3419258	569	20.0
1608588011.47	20000	13.001496	0.0	3944328	710	20.0
1608588012.18	20000	13.296395	0.0	4284196	605	20.0
1608588012.76	20000	13.714329	0.0	3022025	489	20.0
1608588013.26	20000	14.219921	0.0	2248581	406	20.0
1608588014.79	20000	13.687473	0.0	9946363	1387	20.0
1608588018.24	20000	11.241295	0.0	11684632	3303	20.0
1608588018.72	20000	11.758372	0.0	1849732	395	20.0
1608588019.22	20000	12.257115	0.0	1942795	413	20.0
1608588019.64	20000	12.844227	0.0	1704756	323	20.0
1608588020.01	20000	13.470258	0.0	1697111	287	20.0
1608588020.36	20000	14.123698	0.0	1529441	258	20.0
