1608531217.26	4000	1.000999	0.017	60629	7	-0.544
1608531217.45	2000	1.847423	0.0	1072422	156	0.0
1608531217.66	2000	2.650637	0.0	1121405	188	2.0
1608531217.79	2000	3.54243	0.0	728514	121	2.0
1608531217.89	2000	4.447808	0.0	508013	83	2.0
1608531217.96	2000	5.37282	0.0	395538	64	2.0
1608531218.02	2000	6.315175	0.0	297276	47	2.0
1608531218.08	4000	7.254999	0.0	222226	44	2.0
1608531218.5	8000	7.840528	0.0	1838971	390	4.0
1608531218.81	8000	8.533544	0.0	1382199	292	8.0
1608531219.22	8000	9.125795	0.0	2052265	387	8.0
1608531219.74	8000	9.602581	0.0	3005823	500	8.0
1608531220.21	8000	10.131528	0.0	2879726	449	8.0
1608531220.46	12000	10.881941	0.0	1630440	229	8.0
1608531220.72	12000	11.625595	0.0	1712120	240	12.0
1608531221.06	16000	12.291035	0.0	2211169	310	12.0
1608531221.12	16000	13.226968	0.0	382046	52	16.0
1608531221.29	16000	14.055356	0.0	1113969	158	16.0
1608531221.42	16000	14.928153	0.0	820127	115	16.0
1608531222.4	16000	14.948383	0.0	6357933	933	16.0
1608531223.19	16000	15.164239	0.0	4814284	750	16.0
1608531223.79	20000	15.559498	0.0	3419258	581	16.0
1608531224.48	20000	16.032292	0.0	3944328	660	20.0
1608531225.19	20000	16.38927	0.0	4284196	674	20.0
1608531225.58	20000	17.002605	0.0	3022025	359	20.0
1608531225.87	20000	17.71382	0.0	2248581	267	20.0
1608531227.22	20000	17.370285	0.0	9946363	1263	20.0
1608531228.91	20000	16.675574	0.0	11684632	1622	20.0
1608531229.24	20000	17.348434	0.0	1849732	308	20.0
1608531229.71	20000	17.874711	0.0	1942795	444	20.0
1608531230.12	20000	18.468944	0.0	1704756	386	20.0
1608531230.39	20000	19.19852	0.0	1697111	251	20.0
1608531230.64	20000	19.95536	0.0	1529441	225	20.0
1608531230.89	20000	20.705122	0.0	1568649	232	20.0
1608531231.15	20000	21.443391	0.0	1677618	243	20.0
1608531231.35	20000	22.241117	0.0	1415096	185	20.0
1608531231.62	20000	22.972057	0.0	1894067	249	20.0
1608531231.8	20000	23.800617	0.0	1186604	155	20.0
1608531231.95	20000	24.64637	0.0	1068386	140	20.0
1608531232.2	20000	25.396569	0.0	1700843	230	20.0
1608531232.6	20000	25.995504	0.0	2536859	376	20.0
1608531233.33	20000	26.271667	0.0	4742872	687	20.0
1608531234.05	20000	26.556409	0.0	4955535	677	20.0
1608531234.24	20000	27.367606	0.0	1260540	172	20.0
1608531234.78	20000	27.828839	0.0	3605246	508	20.0
1608531235.19	20000	28.409814	0.0	2770338	395	20.0
1608531235.52	20000	29.083939	0.0	1855168	307	20.0
1608531235.82	20000	29.789576	0.0	1666915	276	20.0
1608531236.09	20000	30.514647	0.0	1555467	257	20.0
1608531236.31	20000	31.302746	0.0	1008919	196	20.0
1608531236.58	20000	32.032832	0.0	1227619	253	20.0
1608531236.8	20000	32.809076	0.0	1015853	209	20.0
1608531236.89	20000	33.719325	0.0	384076	76	20.0
1608531236.96	20000	34.649031	0.0	295687	58	20.0
1608531237.23	20000	35.385932	0.0	1328674	247	20.0
1608531237.48	20000	36.134254	0.0	1492829	232	20.0
1608531237.73	20000	36.88462	0.0	1484812	231	20.0
1608531238.04	20000	37.573339	0.0	1868314	292	20.0
1608531238.26	20000	38.352393	0.0	1253406	205	20.0
1608531238.44	20000	39.183593	0.0	887933	155	20.0
1608531238.65	20000	39.96606	0.0	1153403	202	20.0
1608531238.89	20000	40.729436	0.0	1249023	219	20.0
1608531239.16	20000	41.462106	0.0	1423973	251	20.0
1608531239.31	20000	42.312028	0.0	1060162	134	20.0
1608531239.46	20000	43.159629	0.0	1080597	137	20.0
1608531239.63	20000	43.995291	0.0	1156442	147	20.0
1608531239.94	20000	44.68957	0.0	2222640	284	20.0
1608531240.3	20000	45.326424	0.0	2587311	336	20.0
1608531240.62	20000	46.005899	0.0	2178351	296	20.0
1608531241.08	20000	46.551896	0.0	3121089	426	20.0
1608531241.56	20000	47.065003	0.0	2857420	463	20.0
1608531241.87	20000	47.758262	0.0	1702477	287	20.0
1608531242.15	20000	48.482606	0.0	1531670	259	20.0
1608531242.35	20000	49.281602	0.0	1863424	182	20.0
1608531242.56	20000	50.07589	0.0	1987392	185	20.0
1608531242.82	20000	50.817271	0.0	2505586	234	20.0
1608531243.86	20000	50.776029	0.0	9620218	979	20.0
1608531244.16	20000	51.477415	0.0	2561608	273	20.0
1608531245.28	20000	51.361352	0.0	3633991	1087	20.0
1608531246.05	20000	51.586413	0.0	3324070	747	20.0
1608531246.48	20000	52.155889	0.0	1560020	412	20.0
1608531246.92	20000	52.716128	0.0	1429188	421	20.0
1608531247.34	20000	53.296906	0.0	1754144	391	20.0
1608531247.6	20000	54.045804	0.0	1626020	232	20.0
1608531247.87	20000	54.777435	0.0	1739228	248	20.0
1608531248.13	20000	55.512115	0.0	1722735	246	20.0
1608531248.38	20000	56.265437	0.0	1538145	228	20.0
1608531248.62	20000	57.022483	0.0	1473412	225	20.0
1608531248.87	20000	57.773217	0.0	1498968	229	20.0
1608531249.24	20000	58.406362	0.0	2247334	345	20.0
1608531249.91	20000	58.740111	0.0	3156442	640	20.0
1608531250.31	20000	59.344482	0.0	1895098	375	20.0
1608531250.69	20000	59.959645	0.0	1939135	365	20.0
1608531252.06	20000	59.831396	0.0	1842874	347	20.0
1608531253.13	20000	59.58237	0.0	2235830	542	20.0
1608531254.15	20000	59.583388	0.0	2202171	489	20.0
1608531254.79	20000	59.861682	0.0	2242042	622	20.0
1608531256.13	20000	59.585319	0.0	1081763	317	20.0
1608531257.09	20000	59.586385	0.0	2409013	436	20.0
1608531257.87	20000	59.837293	0.0	1615028	256	20.0
1608531259.1	20000	59.588325	0.0	1413467	211	20.0
1608531259.92	20000	59.839277	0.0	1632450	294	20.0
1608531261.23	20000	59.428722	0.0	5664827	1272	20.0
1608531262.21	20000	59.457063	0.0	4578115	935	20.0
1608531262.73	20000	59.936842	0.0	1783835	500	20.0
1608531264.08	20000	59.59339	0.0	1093613	333	20.0
1608531265.29	20000	59.594396	0.0	975642	195	20.0
1608531265.71	20000	59.96029	0.0	1658005	396	20.0
1608531266.98	20000	59.846274	0.0	3055257	741	20.0
1608531268.34	20000	59.331609	0.0	5355572	1322	20.0
1608531269.58	20000	59.085065	0.0	3278424	1217	20.0
1608531270.19	20000	59.480104	0.0	2318501	583	20.0
1608531271.04	20000	59.635809	0.0	2473561	820	20.0
1608531272.08	20000	59.601163	0.0	1730311	520	20.0
1608531272.94	20000	59.852432	0.0	1455812	342	20.0
1608531274.08	20000	59.603296	0.0	2869222	609	20.0
1608531274.82	20000	59.854416	0.0	3226650	713	20.0
1608531275.97	20000	59.855298	0.0	2705936	627	20.0
1608531277.07	20000	59.856356	0.0	2998622	564	20.0
1608531278.01	20000	59.857185	0.0	2928342	418	20.0
1608531278.87	20000	59.858169	0.0	3059979	329	20.0
1608531280.28	20000	59.609224	0.0	3367422	378	20.0
1608531281.04	20000	59.812697	0.0	1950694	237	20.0
1608531282.26	20000	59.611165	0.0	1541020	196	20.0
1608531283.09	20000	59.612288	0.0	2926720	302	20.0
1608531283.95	20000	59.863065	0.0	2991202	324	20.0
1608531284.84	20000	59.864353	0.0	3002106	361	20.0
1608531286.17	20000	59.615225	0.0	2015412	309	20.0
1608531286.73	20000	59.955848	0.0	2894863	537	20.0
1608531287.84	20000	59.867179	0.0	2185316	585	20.0
1608531289.26	20000	59.618067	0.0	3370605	395	20.0
1608531289.85	20000	59.844276	0.0	3492243	554	20.0
1608531291.08	20000	59.620116	0.0	1307592	216	20.0
1608531291.92	20000	59.871279	0.0	1881404	311	20.0
1608531292.84	20000	59.851487	0.0	1806471	905	20.0
1608531294.14	20000	59.623158	0.0	1945842	767	20.0
1608531295.16	20000	59.624363	0.0	2538877	497	20.0
1608531296.14	20000	59.625389	0.0	2298557	453	20.0
1608531297.15	20000	59.626322	0.0	2831497	490	20.0
1608531297.78	20000	59.921537	0.0	3200905	599	20.0
1608531299.25	20000	59.628331	0.0	2180586	453	20.0
1608531300.11	20000	59.629323	0.0	1500505	340	20.0
1608531300.83	20000	59.87072	0.0	1939246	699	20.0
1608531301.9	20000	59.881276	0.0	1599193	551	20.0
1608531302.84	20000	59.863561	0.0	2364826	915	20.0
1608531304.18	20000	59.63334	0.0	2517454	808	20.0
1608531304.99	20000	59.884402	0.0	1883143	288	20.0
1608531306.32	20000	59.635393	0.0	1726706	304	20.0
1608531306.92	20000	59.886384	0.0	707364	87	20.0
1608531308.04	20000	59.887263	0.0	796460	108	20.0
1608531309.15	20000	59.638273	0.0	596962	87	20.0
1608531310.28	20000	59.639331	0.0	947625	114	20.0
1608531310.91	20000	59.890352	0.0	832859	114	20.0
1608531311.94	20000	59.891353	0.0	151562	16	20.0
1608531312.96	20000	59.892344	0.0	90390	8	20.0
1608531313.98	20000	59.893272	0.0	50278	2	20.0
1608531314.99	20000	59.894376	0.0	26471	4	20.0
1608531316.01	20000	59.895284	0.0	40620	1	20.0
1608531316.34	4000	1.000999	0.032	335737	22	-1.024
1608531316.44	2000	2.001999	0.0	1072422	73	0.0
1608531316.53	2000	3.002999	0.0	1121405	76	2.0
1608531316.59	2000	4.003999	0.0	728514	50	2.0
1608531316.64	2000	4.974867	0.0	508013	34	2.0
1608531316.68	2000	5.935226	0.0	395538	25	2.0
1608531316.72	4000	6.892463	0.0	274373	16	2.0
1608531316.75	4000	7.866912	0.0	222226	14	4.0
1608531316.9	8000	8.719095	0.0	1838971	120	4.0
1608531317.01	8000	9.612198	0.0	1382199	90	8.0
1608531317.17	8000	10.456055	0.0	2052265	134	8.0
1608531317.47	12000	11.150595	0.0	4074608	267	8.0
1608531317.85	16000	11.790374	0.0	4925652	332	12.0
1608531318.0	16000	12.634186	0.0	2030157	138	16.0
1608531318.17	16000	13.463919	0.0	2240782	152	16.0
1608531318.34	16000	14.294436	0.0	2211169	150	16.0
1608531318.38	16000	15.259398	0.0	382046	25	16.0
1608531318.47	20000	16.172618	0.0	1113969	73	16.0
1608531318.53	20000	17.107276	0.0	820127	55	20.0
1608531319.38	20000	17.265881	0.0	6357933	802	20.0
1608531319.92	20000	17.720325	0.0	4814284	515	20.0
1608531320.23	20000	18.411417	0.0	3419258	282	20.0
1608531320.58	20000	19.061978	0.0	3944328	325	20.0
1608531321.33	20000	19.320014	0.0	4284196	715	20.0
1608531322.04	20000	19.610416	0.0	3022025	688	20.0
1608531322.7	20000	20.050488	0.0	2248581	638	20.0
1608531326.86	20000	17.023898	0.0	9946363	4072	20.0
1608531328.17	20000	16.710802	0.0	11684632	1244	20.0
1608531328.29	20000	17.590839	0.0	1849732	99	20.0
1608531328.42	20000	18.466959	0.0	1942795	104	20.0
1608531328.53	20000	19.353348	0.0	1704756	92	20.0
1608531328.64	20000	20.242831	0.0	1697111	92	20.0
1608531328.75	20000	21.133136	0.0	1529441	83	20.0
1608531328.87	20000	22.018458	0.0	1568649	94	20.0
1608531328.99	20000	22.896096	0.0	1677618	102	20.0
