1608643987.24	4000	1.000999	0.014	60629	5	-0.44799999999999995
1608643987.38	2000	1.909307	0.0	1072422	120	0.0
1608643987.52	2000	2.773872	0.0	1121405	126	2.0
1608643987.62	2000	3.686939	0.0	728514	81	2.0
1608643987.68	2000	4.620734	0.0	508013	56	2.0
1608643987.74	2000	5.593518	0.0	395538	43	2.0
1608643987.78	2000	6.55246	0.0	297276	32	2.0
1608643987.82	4000	7.515366	0.0	222226	23	2.0
1608643988.05	8000	8.284387	0.0	1838971	205	4.0
1608643988.21	8000	9.125975	0.0	1382199	143	8.0
1608643988.44	8000	9.89213	0.0	2052265	214	8.0
1608643988.91	12000	10.426704	0.0	4074608	427	8.0
1608643989.29	12000	11.049643	0.0	3844696	352	12.0
1608643989.48	16000	11.852804	0.0	2030157	174	12.0
1608643989.7	16000	12.642335	0.0	2240782	192	16.0
1608643989.9	16000	13.434637	0.0	2211169	190	16.0
1608643989.95	16000	14.392606	0.0	382046	31	16.0
1608643990.06	16000	15.283372	0.0	1113969	96	16.0
1608643990.15	20000	16.19159	0.0	820127	79	16.0
1608643990.82	20000	16.521147	0.0	6357933	628	20.0
1608643991.35	20000	16.991421	0.0	4814284	500	20.0
1608643991.75	20000	17.597005	0.0	3419258	369	20.0
1608643992.19	20000	18.161116	0.0	3944328	409	20.0
1608643992.62	20000	18.725646	0.0	4284196	408	20.0
1608643992.93	20000	19.416327	0.0	3022025	287	20.0
1608643993.16	20000	20.193703	0.0	2248581	203	20.0
1608643994.1	20000	20.253539	0.0	9946363	869	20.0
1608643995.3	20000	20.274782	0.0	11684632	1134	20.0
1608643995.51	20000	21.070086	0.0	1849732	185	20.0
1608643995.72	20000	21.854941	0.0	1942795	194	20.0
1608643995.92	20000	22.664509	0.0	1704756	170	20.0
1608643996.11	20000	23.472594	0.0	1697111	174	20.0
1608643996.32	20000	24.262791	0.0	1529441	192	20.0
1608643996.53	20000	25.048253	0.0	1568649	197	20.0
1608643996.76	20000	25.819857	0.0	1677618	210	20.0
1608643996.96	20000	26.6257	0.0	1415096	177	20.0
1608643997.21	20000	27.377267	0.0	1894067	230	20.0
1608643997.37	20000	28.218828	0.0	1186604	140	20.0
1608643997.51	20000	29.077023	0.0	1068386	126	20.0
1608643997.73	20000	29.855957	0.0	1700843	202	20.0
1608643998.06	20000	30.528666	0.0	2536859	303	20.0
1608643998.53	20000	31.05684	0.0	4742872	437	20.0
1608643999.02	20000	31.568474	0.0	4955535	454	20.0
1608643999.14	20000	32.44939	0.0	1260540	103	20.0
1608643999.43	20000	33.16153	0.0	3605246	260	20.0
1608643999.66	20000	33.93935	0.0	2770338	199	20.0
1608643999.81	20000	34.787678	0.0	1855168	133	20.0
1608643999.95	20000	35.64987	0.0	1666915	119	20.0
1608644000.08	20000	36.514489	0.0	1555467	111	20.0
1608644000.17	20000	37.431656	0.0	1008919	68	20.0
1608644000.26	20000	38.335048	0.0	1227619	81	20.0
1608644000.35	20000	39.253734	0.0	1015853	67	20.0
1608644000.38	20000	40.217746	0.0	384076	25	20.0
1608644000.41	20000	41.188758	0.0	295687	18	20.0
1608644000.52	20000	42.08653	0.0	1328674	88	20.0
1608644000.63	20000	42.970869	0.0	1492829	99	20.0
1608644000.75	20000	43.855983	0.0	1484812	98	20.0
1608644000.89	20000	44.714182	0.0	1868314	124	20.0
1608644000.99	20000	45.615199	0.0	1253406	83	20.0
1608644001.07	20000	46.541961	0.0	887933	59	20.0
1608644001.17	20000	47.436373	0.0	1153403	92	20.0
1608644001.3	20000	48.311054	0.0	1249023	111	20.0
1608644001.44	20000	49.169049	0.0	1423973	126	20.0
1608644001.55	20000	50.060213	0.0	1060162	94	20.0
1608644001.66	20000	50.950717	0.0	1080597	95	20.0
1608644001.78	20000	51.833233	0.0	1156442	102	20.0
1608644002.0	20000	52.614696	0.0	2222640	199	20.0
1608644002.27	20000	53.34384	0.0	2587311	239	20.0
1608644002.5	20000	54.116141	0.0	2178351	208	20.0
1608644002.83	20000	54.790994	0.0	3121089	298	20.0
1608644003.13	20000	55.487937	0.0	2857420	277	20.0
1608644003.3	20000	56.316224	0.0	1702477	153	20.0
1608644003.46	20000	57.161435	0.0	1531670	138	20.0
1608644003.65	20000	57.974451	0.0	1863424	168	20.0
1608644003.85	20000	58.776577	0.0	1987392	179	20.0
1608644004.1	20000	59.528755	0.0	2505586	226	20.0
1608644005.75	20000	58.887101	0.0	9620218	1584	20.0
1608644006.21	20000	59.412404	0.0	2561608	445	20.0
1608644006.64	20000	59.986799	0.0	3633991	398	20.0
1608644008.04	20000	59.824326	0.0	3324070	364	20.0
1608644009.19	20000	59.575241	0.0	1560020	132	20.0
1608644009.86	20000	59.826249	0.0	1429188	156	20.0
1608644011.08	20000	59.577239	0.0	1754144	192	20.0
1608644011.89	20000	59.828233	0.0	1626020	282	20.0
1608644013.22	20000	59.57929	0.0	1739228	318	20.0
1608644013.95	20000	59.830239	0.0	1722735	204	20.0
1608644015.15	20000	59.58123	0.0	1538145	182	20.0
1608644015.81	20000	59.832253	0.0	1473412	141	20.0
1608644016.98	20000	59.833263	0.0	1498968	143	20.0
1608644018.23	20000	59.584238	0.0	2247334	224	20.0
1608644018.72	20000	59.925526	0.0	3156442	461	20.0
1608644020.01	20000	59.836243	0.0	1895098	275	20.0
1608644021.28	20000	59.587248	0.0	1939135	249	20.0
1608644022.03	20000	59.83736	0.0	1842874	220	20.0
1608644022.82	20000	59.839243	0.0	2235830	265	20.0
1608644024.1	20000	59.59025	0.0	2202171	262	20.0
1608644024.87	20000	59.84127	0.0	2242042	249	20.0
1608644026.01	20000	59.84225	0.0	1081763	117	20.0
1608644027.3	20000	59.593282	0.0	2409013	261	20.0
1608644028.03	20000	59.844282	0.0	1615028	212	20.0
1608644029.24	20000	59.595235	0.0	1413467	185	20.0
1608644030.05	20000	59.795241	0.0	1632450	289	20.0
1608644030.98	20000	59.673907	0.0	5664827	889	20.0
1608644032.08	20000	59.59823	0.0	4578115	567	20.0
1608644033.29	20000	59.59927	0.0	1783835	185	20.0
1608644033.87	20000	59.850226	0.0	1093613	64	20.0
1608644034.95	20000	59.851225	0.0	975642	56	20.0
1608644036.05	20000	59.852273	0.0	1658005	82	20.0
1608644037.25	20000	59.603244	0.0	3055257	173	20.0
1608644038.07	20000	59.60426	0.0	5355572	277	20.0
1608644039.27	20000	59.605239	0.0	3278424	168	20.0
1608644039.92	20000	59.856314	0.0	2318501	132	20.0
1608644041.09	20000	59.607243	0.0	2473561	147	20.0
1608644042.22	20000	59.608251	0.0	1730311	98	20.0
1608644042.83	20000	59.859238	0.0	1455812	98	20.0
1608644044.13	20000	59.610242	0.0	2869222	264	20.0
1608644044.96	20000	59.861235	0.0	3226650	303	20.0
1608644045.81	20000	59.862262	0.0	2705936	321	20.0
1608644047.17	20000	59.613249	0.0	2998622	335	20.0
1608644047.91	20000	59.864328	0.0	2928342	215	20.0
1608644049.16	20000	59.615315	0.0	3059979	218	20.0
1608644049.93	20000	59.86633	0.0	3367422	243	20.0
1608644051.1	20000	59.617287	0.0	1950694	146	20.0
1608644052.29	20000	59.618303	0.0	1541020	178	20.0
1608644052.72	20000	59.956556	0.0	2926720	391	20.0
1608644054.11	20000	59.620257	0.0	2991202	366	20.0
1608644055.0	20000	59.871326	0.0	3002106	366	20.0
1608644056.28	20000	59.622231	0.0	2015412	259	20.0
1608644057.1	20000	59.62324	0.0	2894863	288	20.0
1608644057.83	20000	59.874271	0.0	2185316	205	20.0
1608644059.22	20000	59.625282	0.0	3370605	361	20.0
1608644060.07	20000	59.626331	0.0	3492243	317	20.0
1608644061.19	20000	59.627335	0.0	1307592	105	20.0
1608644061.87	20000	59.878265	0.0	1881404	160	20.0
1608644063.05	20000	59.879249	0.0	1806471	153	20.0
1608644064.22	20000	59.630177	0.0	1945842	152	20.0
1608644064.92	20000	59.881263	0.0	2538877	177	20.0
1608644066.1	20000	59.632222	0.0	2298557	153	20.0
1608644066.84	20000	59.883245	0.0	2831497	212	20.0
1608644068.15	20000	59.634261	0.0	3200905	278	20.0
1608644068.85	20000	59.885247	0.0	2180586	177	20.0
1608644069.98	20000	59.886251	0.0	1500505	110	20.0
1608644071.19	20000	59.637261	0.0	1939246	188	20.0
1608644072.14	20000	59.638258	0.0	1599193	428	20.0
1608644075.81	20000	56.887113	0.0	2364826	3641	20.0
1608644077.08	20000	56.619202	0.0	2517454	1245	20.0
1608644078.01	20000	56.682544	0.0	1883143	915	20.0
1608644078.91	20000	56.784174	0.0	1726706	880	20.0
1608644079.25	20000	57.449217	0.0	707364	320	20.0
1608644079.61	20000	58.08431	0.0	796460	350	20.0
1608644079.86	20000	58.855605	0.0	596962	215	20.0
1608644080.22	20000	59.482424	0.0	947625	345	20.0
1608644081.04	20000	59.897271	0.0	832859	302	20.0
1608644082.11	20000	59.648305	0.0	151562	52	20.0
1608644083.15	20000	59.649231	0.0	90390	28	20.0
1608644084.18	20000	59.650224	0.0	50278	10	20.0
1608644085.19	20000	59.651224	0.0	26471	2	20.0
1608644086.21	20000	59.652219	0.0	40620	4	20.0
1608644086.58	4000	1.000999	0.089	335737	78	-2.848
1608644086.91	2000	1.957915	0.0	1072422	300	0.0
1608644087.25	2000	2.610696	0.0	1121405	329	2.0
1608644087.48	2000	3.382396	0.0	728514	212	2.0
1608644087.64	2000	4.222569	0.0	508013	145	2.0
1608644087.78	2000	5.082835	0.0	395538	106	2.0
1608644087.88	2000	5.990886	0.0	297276	77	2.0
1608644087.95	4000	6.916455	0.0	222226	57	2.0
1608644088.3	4000	7.569618	0.0	1213073	333	4.0
1608644088.69	8000	8.184029	0.0	1382199	364	4.0
1608644089.11	8000	8.758243	0.0	2052265	405	8.0
1608644089.72	8000	9.148268	0.0	3005823	584	8.0
1608644090.25	8000	9.628118	0.0	2879726	499	8.0
1608644090.48	8000	10.396064	0.0	1267052	218	8.0
1608644090.78	12000	11.092614	0.0	1712120	286	8.0
1608644091.17	16000	11.709488	0.0	2211169	360	12.0
1608644091.24	16000	12.638967	0.0	382046	59	16.0
1608644091.43	16000	13.44658	0.0	1113969	180	16.0
1608644091.57	16000	14.304235	0.0	820127	131	16.0
1608644093.47	16000	13.414409	0.0	6357933	1841	16.0
1608644094.72	16000	13.378761	0.0	4814284	1219	16.0
1608644095.46	16000	13.639676	0.0	3419258	711	16.0
1608644097.44	16000	12.664493	0.0	3944328	1947	16.0
1608644098.63	16000	12.473004	0.0	4284196	1160	16.0
1608644099.88	16000	12.227043	0.0	3022025	1222	16.0
1608644100.71	16000	12.394645	0.0	2248581	811	16.0
1608644103.7	16000	10.410798	0.0	9946363	2902	16.0
1608644105.82	12000	9.286315	0.0	9808342	2061	8.0
1608644106.06	8000	10.044466	0.0	1127469	221	4.0
1608644106.39	12000	10.717676	0.0	1560434	307	8.0
1608644106.69	12000	11.424225	0.0	1396705	275	12.0
1608644106.95	16000	12.15854	0.0	1697111	244	12.0
1608644107.18	16000	12.935815	0.0	1529441	204	16.0
1608644107.4	16000	13.709253	0.0	1568649	210	16.0
1608644107.65	16000	14.463469	0.0	1677618	224	16.0
