1608501667.57	4000	1.000999	0.047	60629	1	-0.94
1608501669.56	20000	1.39086	1.322	11007815	1825	-22.44
1608501670.31	4000	1.866444	0.0	4402139	644	-12.0
1608501670.56	4000	2.624059	0.0	1043358	155	4.0
1608501670.86	12000	3.346232	0.0	1379579	204	4.0
1608501671.15	20000	4.059075	0.0	1315024	194	12.0
1608501671.34	20000	4.87319	0.0	698359	101	20.0
1608501671.52	20000	5.691075	0.0	730082	99	20.0
1608501672.18	20000	6.035317	0.0	4047415	557	20.0
1608501672.64	20000	6.57205	0.0	2863079	371	20.0
1608501673.29	20000	6.926333	0.0	4167844	533	20.0
1608501674.14	20000	7.076304	0.0	5571764	744	20.0
1608501674.91	20000	7.301533	0.0	4925652	669	20.0
1608501675.28	20000	7.938369	0.0	2030157	273	20.0
1608501675.7	20000	8.521071	0.0	2240782	329	20.0
1608501676.1	20000	9.115339	0.0	2211169	318	20.0
1608501676.24	20000	9.982149	0.0	382046	52	20.0
1608501676.48	20000	10.737743	0.0	1113969	160	20.0
1608501676.69	20000	11.535339	0.0	820127	119	20.0
1608501677.74	20000	11.483546	0.0	6357933	939	20.0
1608501678.56	20000	11.672496	0.0	4814284	709	20.0
1608501679.14	20000	12.08091	0.0	3419258	489	20.0
1608501679.77	20000	12.453739	0.0	3944328	530	20.0
1608501680.43	20000	12.796796	0.0	4284196	558	20.0
1608501680.87	20000	13.358204	0.0	3022025	346	20.0
1608501681.22	20000	14.009919	0.0	2248581	257	20.0
1608501682.39	20000	13.838323	0.0	9946363	1040	20.0
1608501684.26	20000	12.974341	0.0	11684632	1724	20.0
1608501684.68	20000	13.549148	0.0	1849732	338	20.0
1608501685.14	20000	14.096187	0.0	1942795	366	20.0
1608501685.55	20000	14.684192	0.0	1704756	325	20.0
1608501685.97	20000	15.260047	0.0	1697111	339	20.0
1608501686.36	20000	15.870894	0.0	1529441	305	20.0
1608501686.74	20000	16.497491	0.0	1568649	288	20.0
1608501687.13	20000	17.102834	0.0	1677618	308	20.0
1608501687.48	20000	17.761533	0.0	1415096	257	20.0
1608501687.91	20000	18.327291	0.0	1894067	349	20.0
1608501688.21	20000	19.024736	0.0	1186604	218	20.0
1608501688.49	20000	19.749017	0.0	1068386	193	20.0
1608501688.9	20000	20.342125	0.0	1700843	314	20.0
1608501689.46	20000	20.782084	0.0	2536859	470	20.0
1608501690.42	20000	20.821794	0.0	4742872	859	20.0
1608501691.23	20000	21.014765	0.0	4955535	706	20.0
1608501691.49	20000	21.759427	0.0	1260540	172	20.0
1608501692.04	20000	22.205396	0.0	3605246	458	20.0
1608501692.48	20000	22.763469	0.0	2770338	351	20.0
1608501692.84	20000	23.409566	0.0	1855168	265	20.0
1608501693.17	20000	24.083844	0.0	1666915	238	20.0
1608501693.48	20000	24.775425	0.0	1555467	221	20.0
1608501693.72	20000	25.528538	0.0	1008919	163	20.0
1608501694.01	20000	26.244924	0.0	1227619	199	20.0
1608501694.26	20000	26.996643	0.0	1015853	163	20.0
1608501694.4	20000	27.855627	0.0	384076	59	20.0
1608501694.53	20000	28.725667	0.0	295687	46	20.0
1608501694.83	20000	29.422115	0.0	1328674	217	20.0
1608501695.16	20000	30.093861	0.0	1492829	245	20.0
1608501695.49	20000	30.769371	0.0	1484812	241	20.0
1608501695.87	20000	31.384831	0.0	1868314	298	20.0
1608501696.16	20000	32.102428	0.0	1253406	199	20.0
1608501696.38	20000	32.880999	0.0	887933	140	20.0
1608501696.67	20000	33.597368	0.0	1153403	201	20.0
1608501696.97	20000	34.291841	0.0	1249023	222	20.0
1608501697.31	20000	34.953997	0.0	1423973	253	20.0
1608501697.61	20000	35.654289	0.0	1060162	217	20.0
1608501697.95	20000	36.313674	0.0	1080597	257	20.0
1608501698.31	20000	36.954912	0.0	1156442	275	20.0
1608501698.85	20000	37.415609	0.0	2222640	453	20.0
1608501699.45	20000	37.815011	0.0	2587311	512	20.0
1608501699.98	20000	38.294603	0.0	2178351	431	20.0
1608501700.73	20000	38.538258	0.0	3121089	660	20.0
1608501701.54	20000	38.730347	0.0	2857420	717	20.0
1608501702.09	20000	39.181548	0.0	1702477	462	20.0
1608501702.58	20000	39.691818	0.0	1531670	403	20.0
1608501703.13	20000	40.149275	0.0	1863424	454	20.0
1608501703.68	20000	40.59827	0.0	1987392	462	20.0
1608501704.32	20000	40.960413	0.0	2505586	547	20.0
1608501706.83	20000	39.445138	0.0	9620218	2389	20.0
1608501707.4	20000	39.879055	0.0	2561608	472	20.0
1608501708.03	20000	40.252043	0.0	3633991	530	20.0
1608501708.59	20000	40.692301	0.0	3324070	465	20.0
1608501708.84	20000	41.447196	0.0	1560020	160	20.0
1608501709.07	20000	42.214874	0.0	1429188	147	20.0
1608501709.34	20000	42.947729	0.0	1754144	180	20.0
1608501709.59	20000	43.701344	0.0	1626020	161	20.0
1608501709.81	20000	44.472361	0.0	1739228	139	20.0
1608501710.04	20000	45.246834	0.0	1722735	138	20.0
1608501710.25	20000	46.038433	0.0	1538145	123	20.0
1608501710.45	20000	46.834908	0.0	1473412	117	20.0
1608501710.67	20000	47.622287	0.0	1498968	127	20.0
1608501710.96	20000	48.335071	0.0	2247334	197	20.0
1608501711.33	20000	48.962991	0.0	3156442	277	20.0
1608501711.59	20000	49.708397	0.0	1895098	167	20.0
1608501711.9	20000	50.39601	0.0	1939135	219	20.0
1608501712.19	20000	51.101725	0.0	1842874	208	20.0
1608501712.54	20000	51.761232	0.0	2235830	253	20.0
1608501712.89	20000	52.406452	0.0	2202171	255	20.0
1608501713.24	20000	53.054497	0.0	2242042	264	20.0
1608501713.45	20000	53.844567	0.0	1081763	127	20.0
1608501713.84	20000	54.462526	0.0	2409013	292	20.0
1608501714.12	20000	55.17834	0.0	1615028	198	20.0
1608501714.38	20000	55.921511	0.0	1413467	173	20.0
1608501714.68	20000	56.627421	0.0	1632450	208	20.0
1608501715.58	20000	56.723427	0.0	5664827	794	20.0
1608501716.45	20000	56.857368	0.0	4578115	763	20.0
1608501716.82	20000	57.489908	0.0	1783835	278	20.0
1608501717.07	20000	58.237609	0.0	1093613	168	20.0
1608501717.3	20000	59.00509	0.0	975642	150	20.0
1608501717.65	20000	59.662399	0.0	1658005	255	20.0
1608501718.73	20000	59.677934	0.0	3055257	484	20.0
1608501719.9	20000	59.415209	0.0	5355572	1064	20.0
1608501720.63	20000	59.686677	0.0	3278424	634	20.0
1608501721.65	20000	59.681023	0.0	2318501	438	20.0
1608501722.73	20000	59.681931	0.0	2473561	484	20.0
1608501723.61	20000	59.86461	0.0	1730311	289	20.0
1608501724.43	20000	59.933933	0.0	1455812	226	20.0
1608501725.46	20000	59.934974	0.0	2869222	436	20.0
1608501726.46	20000	59.93593	0.0	3226650	400	20.0
1608501727.39	20000	59.936936	0.0	2705936	342	20.0
1608501728.42	20000	59.937937	0.0	2998622	436	20.0
1608501729.88	20000	59.688939	0.0	2928342	363	20.0
1608501730.81	20000	59.690015	0.0	3059979	339	20.0
1608501731.44	20000	59.8893	0.0	3367422	528	20.0
1608501732.84	20000	59.691944	0.0	1950694	317	20.0
1608501733.71	20000	59.692913	0.0	1541020	280	20.0
1608501734.38	20000	59.946086	0.0	2926720	579	20.0
1608501735.63	20000	59.944934	0.0	2991202	652	20.0
1608501736.36	20000	59.971121	0.0	3002106	637	20.0
1608501737.39	20000	59.946966	0.0	2015412	431	20.0
1608501738.79	20000	59.698024	0.0	2894863	809	20.0
1608501739.38	20000	59.94815	0.0	2185316	504	20.0
1608501740.63	20000	59.69994	0.0	3370605	650	20.0
1608501741.79	20000	59.701012	0.0	3492243	561	20.0
1608501742.59	20000	59.951932	0.0	1307592	208	20.0
1608501743.54	20000	59.952933	0.0	1881404	358	20.0
1608501744.61	20000	59.885711	0.0	1806471	481	20.0
1608501745.42	20000	59.918333	0.0	1945842	726	20.0
1608501746.37	20000	59.974596	0.0	2538877	854	20.0
1608501747.7	20000	59.706945	0.0	2298557	735	20.0
1608501748.77	20000	59.569377	0.0	2831497	974	20.0
1608501749.93	20000	59.407488	0.0	3200905	1068	20.0
1608501750.69	20000	59.649633	0.0	2180586	670	20.0
1608501751.76	20000	59.711019	0.0	1500505	479	20.0
1608501752.65	20000	59.692416	0.0	1939246	803	20.0
1608501753.78	20000	59.712997	0.0	1599193	541	20.0
1608501754.74	20000	59.714022	0.0	2364826	367	20.0
1608501755.59	20000	59.964932	0.0	2517454	259	20.0
1608501756.87	20000	59.715911	0.0	1883143	196	20.0
1608501757.62	20000	59.948705	0.0	1726706	153	20.0
1608501758.77	20000	59.717942	0.0	707364	61	20.0
1608501759.41	20000	59.968924	0.0	796460	59	20.0
1608501760.54	20000	59.969933	0.0	596962	43	20.0
1608501761.71	20000	59.720948	0.0	947625	80	20.0
1608501766.64	20000	55.711191	0.0	832859	4846	20.0
1608501766.8	20000	56.552958	0.0	151562	78	20.0
1608501766.9	20000	57.455148	0.0	90390	29	20.0
1608501766.96	20000	58.392741	0.0	50278	4	20.0
1608501767.01	20000	59.345265	0.0	26471	1	20.0
1608501767.55	20000	59.976966	0.0	40620	4	20.0
1608501767.92	4000	1.000999	0.056	334032	44	-1.12
1608501768.9	4000	1.299934	0.0	6594552	834	4.0
1608501770.01	8000	1.434704	0.213	7078153	981	-0.2599999999999998
1608501770.55	20000	1.919232	0.0	3191121	435	8.0
1608501770.86	20000	2.605671	0.0	1661718	225	20.0
1608501771.13	20000	3.340886	0.0	1315024	179	20.0
1608501771.3	20000	4.1651	0.0	698359	94	20.0
1608501771.49	20000	4.984662	0.0	730082	98	20.0
1608501772.14	20000	5.331723	0.0	4047415	556	20.0
1608501772.63	20000	5.846372	0.0	2863079	393	20.0
1608501773.29	20000	6.179465	0.0	4167844	566	20.0
1608501774.16	20000	6.311622	0.0	5571764	759	20.0
1608501774.96	20000	6.517871	0.0	4925652	690	20.0
1608501775.34	20000	7.137861	0.0	2030157	292	20.0
1608501775.76	20000	7.719699	0.0	2240782	323	20.0
1608501776.16	20000	8.32051	0.0	2211169	309	20.0
1608501776.29	20000	9.186965	0.0	382046	51	20.0
1608501776.53	20000	9.948897	0.0	1113969	153	20.0
1608501776.73	20000	10.748644	0.0	820127	111	20.0
1608501777.74	20000	10.742779	0.0	6357933	895	20.0
1608501778.59	20000	10.892004	0.0	4814284	744	20.0
1608501779.23	20000	11.256528	0.0	3419258	539	20.0
1608501779.95	20000	11.533415	0.0	3944328	625	20.0
1608501780.66	20000	11.82712	0.0	4284196	605	20.0
1608501781.2	20000	12.283553	0.0	3022025	441	20.0
1608501781.64	20000	12.84843	0.0	2248581	346	20.0
1608501783.62	20000	11.864267	0.0	9946363	1835	20.0
1608501785.55	20000	10.943512	0.0	11684632	1782	20.0
1608501785.9	20000	11.587134	0.0	1849732	267	20.0
1608501786.3	20000	12.193802	0.0	1942795	305	20.0
1608501786.66	20000	12.834632	0.0	1704756	271	20.0
1608501787.02	20000	13.478071	0.0	1697111	270	20.0
1608501787.35	20000	14.145092	0.0	1529441	248	20.0
1608501787.69	20000	14.805361	0.0	1568649	254	20.0
