1609232129.68	4000	1.000999	0.021	60629	11	-0.41999999999999993
1609232131.47	4000	1.42321	1.118	6594552	1647	-18.36
1609232133.09	4000	1.401944	0.265	4402139	1516	-1.2999999999999998
1609232133.88	16000	1.608976	0.0	3191121	688	4.0
1609232134.27	20000	2.219237	0.0	1661718	299	16.0
1609232134.61	20000	2.877837	0.0	1315024	252	20.0
1609232134.85	20000	3.642989	0.0	698359	150	20.0
1609232135.09	20000	4.399996	0.0	730082	157	20.0
1609232136.16	20000	4.329189	0.0	4047415	969	20.0
1609232136.99	20000	4.500588	0.0	2863079	731	20.0
1609232138.09	20000	4.410742	0.0	4167844	979	20.0
1609232139.33	20000	4.164964	0.0	5571764	1134	20.0
1609232140.4	20000	4.099783	0.0	4925652	955	20.0
1609232140.85	20000	4.646913	0.0	2030157	360	20.0
1609232141.34	20000	5.158024	0.0	2240782	396	20.0
1609232141.86	20000	5.643297	0.0	2211169	421	20.0
1609232142.02	20000	6.485085	0.0	382046	72	20.0
1609232142.33	20000	7.175987	0.0	1113969	218	20.0
1609232142.58	20000	7.927736	0.0	820127	161	20.0
1609232144.11	20000	7.398811	0.0	6357933	1410	20.0
1609232144.92	20000	7.58802	0.0	4814284	703	20.0
1609232145.41	20000	8.099971	0.0	3419258	378	20.0
1609232146.03	20000	8.476289	0.0	3944328	522	20.0
1609232146.7	20000	8.803931	0.0	4284196	566	20.0
1609232147.16	20000	9.348436	0.0	3022025	359	20.0
1609232147.52	20000	9.988543	0.0	2248581	266	20.0
1609232148.78	20000	9.735575	0.0	9946363	1106	20.0
1609232150.2	20000	9.307728	0.0	11684632	1285	20.0
1609232150.5	20000	10.015304	0.0	1849732	199	20.0
1609232150.79	20000	10.720048	0.0	1942795	200	20.0
1609232151.06	20000	11.451144	0.0	1704756	177	20.0
1609232151.33	20000	12.18493	0.0	1697111	176	20.0
1609232151.58	20000	12.936724	0.0	1529441	158	20.0
1609232151.85	20000	13.670511	0.0	1568649	176	20.0
1609232152.14	20000	14.384361	0.0	1677618	194	20.0
1609232152.39	20000	15.134501	0.0	1415096	158	20.0
1609232152.76	20000	15.761027	0.0	1894067	278	20.0
1609232153.1	20000	16.427115	0.0	1186604	245	20.0
1609232153.4	20000	17.118817	0.0	1068386	220	20.0
1609232153.72	20000	17.800306	0.0	1700843	222	20.0
1609232154.06	20000	18.464549	0.0	2536859	240	20.0
1609232154.62	20000	18.907378	0.0	4742872	449	20.0
1609232155.42	20000	19.111352	0.0	4955535	688	20.0
1609232155.67	20000	19.863136	0.0	1260540	160	20.0
1609232156.15	20000	20.376914	0.0	3605246	384	20.0
1609232156.54	20000	20.985349	0.0	2770338	295	20.0
1609232156.82	20000	21.708922	0.0	1855168	185	20.0
1609232157.08	20000	22.452568	0.0	1666915	166	20.0
1609232157.33	20000	23.207013	0.0	1555467	155	20.0
1609232157.52	20000	24.018809	0.0	1008919	100	20.0
1609232157.73	20000	24.810125	0.0	1227619	119	20.0
1609232157.91	20000	25.623664	0.0	1015853	98	20.0
1609232158.03	20000	26.503132	0.0	384076	36	20.0
1609232158.15	20000	27.391628	0.0	295687	28	20.0
1609232158.37	20000	28.174238	0.0	1328674	129	20.0
1609232158.6	20000	28.93808	0.0	1492829	146	20.0
1609232158.82	20000	29.720989	0.0	1484812	123	20.0
1609232159.07	20000	30.473927	0.0	1868314	157	20.0
1609232159.27	20000	31.275316	0.0	1253406	103	20.0
1609232159.43	20000	32.114174	0.0	887933	74	20.0
1609232159.62	20000	32.929898	0.0	1153403	97	20.0
1609232159.81	20000	33.736469	0.0	1249023	105	20.0
1609232160.02	20000	34.527464	0.0	1423973	119	20.0
1609232160.2	20000	35.351944	0.0	1060162	88	20.0
1609232160.38	20000	36.174114	0.0	1080597	89	20.0
1609232160.56	20000	36.989552	0.0	1156442	96	20.0
1609232160.92	20000	37.629333	0.0	2222640	268	20.0
1609232161.33	20000	38.218832	0.0	2587311	316	20.0
1609232161.69	20000	38.864248	0.0	2178351	261	20.0
1609232162.13	20000	39.427684	0.0	3121089	337	20.0
1609232162.53	20000	40.022041	0.0	2857420	309	20.0
1609232162.8	20000	40.751964	0.0	1702477	179	20.0
1609232163.06	20000	41.501346	0.0	1531670	160	20.0
1609232163.34	20000	42.214669	0.0	1863424	195	20.0
1609232163.64	20000	42.915403	0.0	1987392	209	20.0
1609232163.98	20000	43.576761	0.0	2505586	245	20.0
1609232165.1	20000	43.46235	0.0	9620218	984	20.0
1609232165.48	20000	44.084053	0.0	2561608	280	20.0
1609232166.23	20000	44.334448	0.0	3633991	648	20.0
1609232166.86	20000	44.701028	0.0	3324070	532	20.0
1609232167.12	20000	45.44595	0.0	1560020	164	20.0
1609232167.36	20000	46.203288	0.0	1429188	149	20.0
1609232167.64	20000	46.927682	0.0	1754144	184	20.0
1609232167.92	20000	47.645578	0.0	1626020	192	20.0
1609232168.22	20000	48.349241	0.0	1739228	205	20.0
1609232168.52	20000	49.053898	0.0	1722735	203	20.0
1609232168.8	20000	49.771619	0.0	1538145	192	20.0
1609232169.09	20000	50.483151	0.0	1473412	199	20.0
1609232169.38	20000	51.192707	0.0	1498968	202	20.0
1609232169.8	20000	51.770007	0.0	2247334	330	20.0
1609232170.53	20000	52.04599	0.0	3156442	625	20.0
1609232171.29	20000	52.283522	0.0	1895098	671	20.0
1609232171.89	20000	52.688191	0.0	1939135	504	20.0
1609232172.25	20000	53.323631	0.0	1842874	272	20.0
1609232172.69	20000	53.891485	0.0	2235830	331	20.0
1609232173.06	20000	54.51972	0.0	2202171	276	20.0
1609232173.44	20000	55.145327	0.0	2242042	282	20.0
1609232173.66	20000	55.92351	0.0	1081763	135	20.0
1609232174.08	20000	56.506837	0.0	2409013	322	20.0
1609232174.38	20000	57.201857	0.0	1615028	215	20.0
1609232174.66	20000	57.924319	0.0	1413467	188	20.0
1609232174.98	20000	58.605974	0.0	1632450	229	20.0
1609232175.88	20000	58.70907	0.0	5664827	783	20.0
1609232176.54	20000	59.044148	0.0	4578115	561	20.0
1609232176.88	20000	59.711372	0.0	1783835	234	20.0
1609232178.13	20000	59.519937	0.0	1093613	155	20.0
1609232178.85	20000	59.770944	0.0	975642	131	20.0
1609232180.25	20000	59.521905	0.0	1658005	312	20.0
1609232180.79	20000	59.807199	0.0	3055257	437	20.0
1609232182.09	20000	59.523977	0.0	5355572	698	20.0
1609232182.66	20000	59.932598	0.0	3278424	471	20.0
1609232184.18	20000	59.52588	0.0	2318501	424	20.0
1609232184.72	20000	59.873433	0.0	2473561	447	20.0
1609232186.13	20000	59.527954	0.0	1730311	306	20.0
1609232187.03	20000	59.778924	0.0	1455812	308	20.0
1609232188.1	20000	59.529919	0.0	2869222	469	20.0
1609232188.73	20000	59.869911	0.0	3226650	536	20.0
1609232190.23	20000	59.531995	0.0	2705936	400	20.0
1609232190.75	20000	59.857892	0.0	2998622	415	20.0
1609232192.22	20000	59.53388	0.0	2928342	379	20.0
1609232192.73	20000	59.872843	0.0	3059979	410	20.0
1609232193.78	20000	59.962985	0.0	3367422	451	20.0
1609232195.07	20000	59.536983	0.0	1950694	192	20.0
1609232196.31	20000	59.537989	0.0	1541020	141	20.0
1609232196.64	20000	59.968922	0.0	2926720	230	20.0
1609232197.99	20000	59.789988	0.0	2991202	251	20.0
1609232198.92	20000	59.790985	0.0	3002106	337	20.0
1609232200.21	20000	59.541991	0.0	2015412	194	20.0
1609232201.07	20000	59.79298	0.0	2894863	259	20.0
1609232201.87	20000	59.793887	0.0	2185316	206	20.0
1609232202.87	20000	59.79487	0.0	3370605	395	20.0
1609232203.91	20000	59.795895	0.0	3492243	441	20.0
1609232205.16	20000	59.546934	0.0	1307592	163	20.0
1609232205.97	20000	59.797959	0.0	1881404	216	20.0
1609232207.27	20000	59.548929	0.0	1806471	208	20.0
1609232207.62	20000	59.996154	0.0	1945842	260	20.0
1609232209.15	20000	59.550936	0.0	2538877	431	20.0
1609232210.09	20000	59.551869	0.0	2298557	338	20.0
1609232211.08	20000	59.552981	0.0	2831497	392	20.0
1609232212.09	20000	59.553992	0.0	3200905	404	20.0
1609232212.93	20000	59.804935	0.0	2180586	248	20.0
1609232214.19	20000	59.555989	0.0	1500505	170	20.0
1609232215.08	20000	59.556982	0.0	1939246	292	20.0
1609232216.0	20000	59.807923	0.0	1599193	330	20.0
1609232217.01	20000	59.808852	0.0	2364826	418	20.0
1609232218.12	20000	59.55989	0.0	2517454	510	20.0
1609232219.08	20000	59.553692	0.0	1883143	865	20.0
1609232220.0	20000	59.811898	0.0	1726706	333	20.0
1609232220.85	20000	59.812896	0.0	707364	261	20.0
1609232222.12	20000	59.563906	0.0	796460	174	20.0
1609232223.29	20000	59.564914	0.0	596962	83	20.0
1609232224.05	20000	59.815968	0.0	947625	173	20.0
1609232225.28	20000	59.566933	0.0	832859	142	20.0
1609232225.89	20000	59.817937	0.0	151562	19	20.0
1609232226.97	20000	59.818919	0.0	90390	10	20.0
1609232228.04	20000	59.819917	0.0	50278	3	20.0
1609232229.09	20000	59.570972	0.0	26471	5	20.0
1609232230.13	20000	59.57189	0.0	40620	2	20.0
1609232230.48	4000	1.000999	0.04	334032	29	-0.7999999999999998
1609232231.2	4000	1.558555	0.0	6594552	586	4.0
1609232232.02	16000	1.745819	0.0	8849724	674	4.0
1609232232.39	20000	2.399298	0.0	3191121	268	16.0
1609232232.62	20000	3.168428	0.0	1661718	139	20.0
1609232232.82	20000	3.970544	0.0	1315024	109	20.0
1609232232.96	20000	4.848435	0.0	698359	57	20.0
1609232233.11	20000	5.700992	0.0	730082	62	20.0
1609232233.63	20000	6.177845	0.0	4047415	422	20.0
1609232234.03	20000	6.782269	0.0	2863079	297	20.0
1609232234.53	20000	7.287353	0.0	4167844	390	20.0
1609232235.19	20000	7.621971	0.0	5571764	555	20.0
1609232236.38	20000	7.433731	0.0	4925652	1079	20.0
1609232236.83	20000	7.991126	0.0	2030157	350	20.0
1609232248.98	20000	1.412991	4.58	2240782	12052	-71.6
1609232249.13	2000	2.261515	0.0	430845	59	-16.0
1609232249.23	2000	3.16422	0.0	114664	14	2.0
1609232249.35	2000	4.043114	0.0	272444	36	2.0
1609232249.46	2000	4.934847	0.0	180836	24	2.0
1609232249.71	2000	5.683798	0.0	1138797	164	2.0
1609232250.56	20000	5.841697	0.0	4814284	737	2.0
1609232251.21	20000	6.18867	0.0	3419258	557	20.0
1609232251.96	20000	6.436172	0.0	3944328	657	20.0
1609232252.78	20000	6.615935	0.0	4284196	722	20.0
1609232253.39	20000	7.014085	0.0	3022025	510	20.0
1609232253.86	20000	7.543955	0.0	2248581	381	20.0
1609232255.48	20000	7.055115	0.0	9946363	1486	20.0
1609232257.22	20000	6.450827	0.0	11684632	1595	20.0
1609232257.57	20000	7.101576	0.0	1849732	255	20.0
1609232257.93	20000	7.741736	0.0	1942795	268	20.0
1609232258.26	20000	8.416963	0.0	1704756	234	20.0
1609232258.58	20000	9.096709	0.0	1697111	230	20.0
1609232258.88	20000	9.799505	0.0	1529441	207	20.0
1609232259.18	20000	10.497343	0.0	1568649	213	20.0
