1608633740.53	4000	1.000999	0.015	60629	5	-0.48
1608633742.2	16000	1.435832	1.023	11007815	1526	-28.735999999999997
1608633743.59	16000	1.35543	0.052	8849724	1338	14.336
1608633744.1	16000	1.872396	0.0	3191121	479	16.0
1608633744.38	16000	2.589428	0.0	1661718	263	16.0
1608633744.62	16000	3.357872	0.0	1315024	214	16.0
1608633744.74	16000	4.231328	0.0	698359	113	16.0
1608633744.88	16000	5.099195	0.0	730082	118	16.0
1608633745.54	16000	5.436477	0.0	4047415	630	16.0
1608633745.99	16000	5.987268	0.0	2863079	425	16.0
1608633746.57	16000	6.415946	0.0	4167844	541	16.0
1608633747.29	16000	6.693033	0.0	5571764	677	16.0
1608633747.94	16000	7.041966	0.0	4925652	617	16.0
1608633748.21	16000	7.769214	0.0	2030157	253	16.0
1608633748.49	16000	8.496438	0.0	2240782	253	16.0
1608633748.76	16000	9.226238	0.0	2211169	250	16.0
1608633748.81	16000	10.172916	0.0	382046	41	16.0
1608633748.95	16000	11.033897	0.0	1113969	125	16.0
1608633749.06	16000	11.927329	0.0	820127	92	16.0
1608633749.76	16000	12.225145	0.0	6357933	660	16.0
1608633750.29	16000	12.699942	0.0	4814284	490	16.0
1608633750.68	16000	13.313106	0.0	3419258	358	16.0
1608633751.12	16000	13.869362	0.0	3944328	413	16.0
1608633751.6	16000	14.39582	0.0	4284196	440	16.0
1608633751.93	16000	15.061239	0.0	3022025	308	16.0
1608633752.18	16000	15.809957	0.0	2248581	229	16.0
1608633753.16	16000	15.840382	0.0	9946363	907	16.0
1608633754.26	16000	15.735092	0.0	11684632	1038	16.0
1608633754.5	16000	16.49694	0.0	1849732	219	16.0
1608633754.75	16000	17.246223	0.0	1942795	230	16.0
1608633754.98	16000	18.024598	0.0	1704756	201	16.0
1608633755.2	16000	18.804872	0.0	1697111	200	16.0
1608633755.37	16000	19.631535	0.0	1529441	156	16.0
1608633755.54	16000	20.460754	0.0	1568649	152	16.0
1608633755.73	16000	21.278363	0.0	1677618	164	16.0
1608633755.88	16000	22.122694	0.0	1415096	138	16.0
1608633756.09	16000	22.918331	0.0	1894067	185	16.0
1608633756.22	16000	23.786894	0.0	1186604	114	16.0
1608633756.33	16000	24.682126	0.0	1068386	89	16.0
1608633756.48	16000	25.528295	0.0	1700843	135	16.0
1608633756.71	16000	26.303857	0.0	2536859	201	16.0
1608633757.12	16000	26.889955	0.0	4742872	378	16.0
1608633757.63	16000	27.378016	0.0	4955535	476	16.0
1608633757.78	16000	28.230402	0.0	1260540	129	16.0
1608633758.19	16000	28.824215	0.0	3605246	376	16.0
1608633758.55	16000	29.460534	0.0	2770338	339	16.0
1608633758.81	16000	30.204135	0.0	1855168	236	16.0
1608633759.04	16000	30.973053	0.0	1666915	212	16.0
1608633759.26	16000	31.757791	0.0	1555467	198	16.0
1608633759.39	16000	32.633412	0.0	1008919	108	16.0
1608633759.53	16000	33.484597	0.0	1227619	132	16.0
1608633759.66	16000	34.359548	0.0	1015853	109	16.0
1608633759.71	16000	35.307203	0.0	384076	40	16.0
1608633759.76	16000	36.26496	0.0	295687	30	16.0
1608633759.92	16000	37.106004	0.0	1328674	143	16.0
1608633760.1	16000	37.92707	0.0	1492829	162	16.0
1608633760.28	16000	38.748366	0.0	1484812	161	16.0
1608633760.47	16000	39.558305	0.0	1868314	159	16.0
1608633760.59	16000	40.432513	0.0	1253406	105	16.0
1608633760.68	16000	41.34447	0.0	887933	74	16.0
1608633760.8	16000	42.231121	0.0	1153403	97	16.0
1608633760.92	16000	43.109588	0.0	1249023	105	16.0
1608633761.06	16000	43.972419	0.0	1423973	120	16.0
1608633761.16	16000	44.868669	0.0	1060162	89	16.0
1608633761.27	16000	45.763358	0.0	1080597	90	16.0
1608633761.38	16000	46.651019	0.0	1156442	97	16.0
1608633761.59	16000	47.443664	0.0	2222640	188	16.0
1608633761.83	16000	48.20206	0.0	2587311	218	16.0
1608633762.04	16000	48.997001	0.0	2178351	184	16.0
1608633762.33	16000	49.70891	0.0	3121089	262	16.0
1608633762.59	16000	50.454511	0.0	2857420	227	16.0
1608633762.74	16000	51.298969	0.0	1702477	134	16.0
1608633762.88	16000	52.15888	0.0	1531670	121	16.0
1608633763.05	16000	52.990974	0.0	1863424	148	16.0
1608633763.23	16000	53.809399	0.0	1987392	157	16.0
1608633763.51	16000	54.53457	0.0	2505586	251	16.0
1608633765.24	16000	53.805414	0.0	9620218	1671	16.0
1608633765.62	16000	54.425083	0.0	2561608	356	16.0
1608633766.11	16000	54.940878	0.0	3633991	455	16.0
1608633766.47	16000	55.582305	0.0	3324070	331	16.0
1608633766.6	16000	56.445497	0.0	1560020	119	16.0
1608633766.73	16000	57.32008	0.0	1429188	109	16.0
1608633766.88	16000	58.167049	0.0	1754144	134	16.0
1608633767.03	16000	59.023238	0.0	1626020	123	16.0
1608633767.18	16000	59.870255	0.0	1739228	132	16.0
1608633768.34	16000	59.847162	0.0	1722735	132	16.0
1608633769.63	16000	59.598169	0.0	1538145	270	16.0
1608633770.5	16000	59.599179	0.0	1473412	352	16.0
1608633771.7	16000	59.600191	0.0	1498968	176	16.0
1608633772.48	16000	59.601159	0.0	2247334	257	16.0
1608633773.46	16000	59.602172	0.0	3156442	453	16.0
1608633774.39	16000	59.853142	0.0	1895098	407	16.0
1608633775.41	16000	59.854161	0.0	1939135	494	16.0
1608633776.33	16000	59.855167	0.0	1842874	407	16.0
1608633777.21	16000	59.856169	0.0	2235830	349	16.0
1608633778.51	16000	59.607176	0.0	2202171	283	16.0
1608633779.28	16000	59.858178	0.0	2242042	244	16.0
1608633780.42	16000	59.859149	0.0	1081763	117	16.0
1608633781.25	16000	59.860173	0.0	2409013	305	16.0
1608633782.48	16000	59.611137	0.0	1615028	211	16.0
1608633783.69	16000	59.612214	0.0	1413467	183	16.0
1608633784.43	16000	59.838698	0.0	1632450	218	16.0
1608633785.3	16000	59.772085	0.0	5664827	828	16.0
1608633786.44	16000	59.865169	0.0	4578115	600	16.0
1608633787.67	16000	59.616177	0.0	1783835	211	16.0
1608633788.33	16000	59.867163	0.0	1093613	139	16.0
1608633789.47	16000	59.618139	0.0	975642	122	16.0
1608633790.21	16000	59.869189	0.0	1658005	225	16.0
1608633791.65	16000	59.620213	0.0	3055257	407	16.0
1608633792.47	16000	59.608831	0.0	5355572	783	16.0
1608633793.51	16000	59.622177	0.0	3278424	510	16.0
1608633794.35	16000	59.873175	0.0	2318501	321	16.0
1608633795.24	16000	59.874167	0.0	2473561	364	16.0
1608633796.51	16000	59.625275	0.0	1730311	254	16.0
1608633797.66	16000	59.626215	0.0	1455812	122	16.0
1608633798.56	16000	59.627144	0.0	2869222	379	16.0
1608633799.39	16000	59.87816	0.0	3226650	297	16.0
1608633800.62	16000	59.629163	0.0	2705936	207	16.0
1608633801.32	16000	59.880122	0.0	2998622	178	16.0
1608633802.52	16000	59.631272	0.0	2928342	173	16.0
1608633803.24	16000	59.882177	0.0	3059979	188	16.0
1608633804.47	16000	59.633151	0.0	3367422	207	16.0
1608633805.62	16000	59.634238	0.0	1950694	125	16.0
1608633806.24	16000	59.885173	0.0	1541020	96	16.0
1608633807.45	16000	59.886156	0.0	2926720	183	16.0
1608633808.34	16000	59.887193	0.0	2991202	360	16.0
1608633809.35	16000	59.888236	0.0	3002106	492	16.0
1608633810.67	16000	59.639138	0.0	2015412	288	16.0
1608633811.48	16000	59.640164	0.0	2894863	275	16.0
1608633812.7	16000	59.641219	0.0	2185316	198	16.0
1608633813.51	16000	59.642182	0.0	3370605	282	16.0
1608633814.32	16000	59.893246	0.0	3492243	284	16.0
1608633815.45	16000	59.894204	0.0	1307592	105	16.0
1608633816.65	16000	59.645224	0.0	1881404	181	16.0
1608633817.43	16000	59.896187	0.0	1806471	262	16.0
1608633818.24	16000	59.897164	0.0	1945842	287	16.0
1608633819.66	16000	59.648069	0.0	2538877	388	16.0
1608633820.45	16000	59.824636	0.0	2298557	265	16.0
1608633821.32	16000	59.900183	0.0	2831497	342	16.0
1608633822.26	16000	59.901215	0.0	3200905	411	16.0
1608633823.57	16000	59.652127	0.0	2180586	287	16.0
1608633824.17	16000	59.942492	0.0	1500505	576	16.0
1608633826.34	16000	58.769276	0.0	1939246	2154	16.0
1608633837.23	16000	59.916148	0.0	32698	5	16.0
1608633837.24	16000	59.880674	0.0	32698	5	16.0
1608633838.27	16000	59.917149	0.0	50278	12	16.0
1608633839.28	16000	59.918172	0.0	26471	2	16.0
1608633840.31	16000	59.919155	0.0	40620	8	16.0
1608633840.82	16000	59.852949	0.0	15267	3	16.0
