1608492387.05	4000	1.000999	0.013	60629	4	-0.2599999999999998
1608492388.17	20000	1.409738	0.445	11007815	955	-4.9
1608492389.03	20000	1.778456	0.0	8849724	733	20.0
1608492389.41	20000	2.431231	0.0	3191121	276	20.0
1608492389.64	20000	3.202844	0.0	1661718	143	20.0
1608492389.83	20000	4.008334	0.0	1315024	113	20.0
1608492389.97	20000	4.888686	0.0	698359	55	20.0
1608492390.11	20000	5.751439	0.0	730082	58	20.0
1608492390.53	20000	6.329068	0.0	4047415	327	20.0
1608492390.85	20000	7.009657	0.0	2863079	231	20.0
1608492391.34	20000	7.526738	0.0	4167844	387	20.0
1608492391.95	20000	7.914082	0.0	5571764	508	20.0
1608492392.4	20000	8.465145	0.0	4925652	350	20.0
1608492392.63	20000	9.236412	0.0	2030157	143	20.0
1608492392.88	20000	9.993416	0.0	2240782	158	20.0
1608492393.13	20000	10.735552	0.0	2211169	173	20.0
1608492393.24	20000	11.630012	0.0	382046	29	20.0
1608492393.41	20000	12.462248	0.0	1113969	86	20.0
1608492393.55	20000	13.320647	0.0	820127	63	20.0
1608492394.15	20000	13.725862	0.0	6357933	489	20.0
1608492394.61	20000	14.270147	0.0	4814284	358	20.0
1608492394.96	20000	14.916687	0.0	3419258	262	20.0
1608492395.45	20000	15.428044	0.0	3944328	393	20.0
1608492395.97	20000	15.911607	0.0	4284196	422	20.0
1608492396.32	20000	16.561764	0.0	3022025	260	20.0
1608492396.6	20000	17.282197	0.0	2248581	193	20.0
1608492397.57	20000	17.312693	0.0	9946363	845	20.0
1608492398.64	20000	17.245518	0.0	11684632	936	20.0
1608492398.87	20000	18.015866	0.0	1849732	143	20.0
1608492399.11	20000	18.770024	0.0	1942795	162	20.0
1608492399.34	20000	19.545386	0.0	1704756	142	20.0
1608492399.57	20000	20.319388	0.0	1697111	141	20.0
1608492399.78	20000	21.110413	0.0	1529441	128	20.0
1608492400.0	20000	21.884523	0.0	1568649	141	20.0
1608492400.27	20000	22.622987	0.0	1677618	177	20.0
1608492400.5	20000	23.392271	0.0	1415096	149	20.0
1608492400.79	20000	24.096809	0.0	1894067	200	20.0
1608492400.99	20000	24.900225	0.0	1186604	116	20.0
1608492401.17	20000	25.727282	0.0	1068386	91	20.0
1608492401.4	20000	26.498648	0.0	1700843	145	20.0
1608492401.7	20000	27.194178	0.0	2536859	217	20.0
1608492402.17	20000	27.729429	0.0	4742872	363	20.0
1608492402.62	20000	28.281877	0.0	4955535	347	20.0
1608492402.78	20000	29.113168	0.0	1260540	88	20.0
1608492403.17	20000	29.727471	0.0	3605246	292	20.0
1608492403.51	20000	30.392947	0.0	2770338	243	20.0
1608492403.76	20000	31.137768	0.0	1855168	163	20.0
1608492403.99	20000	31.911242	0.0	1666915	144	20.0
1608492404.2	20000	32.704793	0.0	1555467	122	20.0
1608492404.36	20000	33.546964	0.0	1008919	79	20.0
1608492404.53	20000	34.370365	0.0	1227619	96	20.0
1608492404.69	20000	35.211778	0.0	1015853	80	20.0
1608492404.8	20000	36.105878	0.0	384076	29	20.0
1608492404.9	20000	37.007404	0.0	295687	20	20.0
1608492405.09	20000	37.819849	0.0	1328674	107	20.0
1608492405.29	20000	38.615667	0.0	1492829	121	20.0
1608492405.5	20000	39.412607	0.0	1484812	120	20.0
1608492405.73	20000	40.1773	0.0	1868314	152	20.0
1608492405.92	20000	40.995833	0.0	1253406	102	20.0
1608492406.07	20000	41.848803	0.0	887933	70	20.0
1608492406.23	20000	42.680122	0.0	1153403	91	20.0
1608492406.41	20000	43.502843	0.0	1249023	99	20.0
1608492406.61	20000	44.311257	0.0	1423973	112	20.0
1608492406.77	20000	45.149654	0.0	1060162	83	20.0
1608492406.93	20000	45.985754	0.0	1080597	85	20.0
1608492407.12	20000	46.803963	0.0	1156442	102	20.0
1608492407.4	20000	47.522171	0.0	2222640	197	20.0
1608492407.73	20000	48.193947	0.0	2587311	240	20.0
1608492408.01	20000	48.916406	0.0	2178351	191	20.0
1608492408.33	20000	49.599063	0.0	3121089	228	20.0
1608492408.62	20000	50.302496	0.0	2857420	208	20.0
1608492408.83	20000	51.095007	0.0	1702477	124	20.0
1608492409.03	20000	51.901276	0.0	1531670	112	20.0
1608492409.25	20000	52.675271	0.0	1863424	141	20.0
1608492409.49	20000	53.441855	0.0	1987392	151	20.0
1608492409.77	20000	54.16472	0.0	2505586	190	20.0
1608492410.7	20000	54.234467	0.0	9620218	808	20.0
1608492411.0	20000	54.929337	0.0	2561608	220	20.0
1608492411.4	20000	55.527375	0.0	3633991	310	20.0
1608492411.78	20000	56.154337	0.0	3324070	284	20.0
1608492412.0	20000	56.93961	0.0	1560020	132	20.0
1608492412.2	20000	57.73902	0.0	1429188	118	20.0
1608492412.43	20000	58.510666	0.0	1754144	145	20.0
1608492412.64	20000	59.293956	0.0	1626020	135	20.0
1608492413.37	20000	59.732754	0.0	1739228	144	20.0
1608492414.6	20000	59.534379	0.0	1722735	138	20.0
1608492415.29	20000	59.785386	0.0	1538145	113	20.0
1608492416.5	20000	59.53639	0.0	1473412	120	20.0
1608492417.21	20000	59.787375	0.0	1498968	126	20.0
1608492418.49	20000	59.538307	0.0	2247334	185	20.0
1608492419.36	20000	59.788824	0.0	3156442	281	20.0
1608492420.61	20000	59.540384	0.0	1895098	157	20.0
1608492421.33	20000	59.79139	0.0	1939135	137	20.0
1608492422.57	20000	59.542376	0.0	1842874	151	20.0
1608492423.32	20000	59.793295	0.0	2235830	165	20.0
1608492424.58	20000	59.544388	0.0	2202171	175	20.0
1608492425.36	20000	59.795353	0.0	2242042	190	20.0
1608492426.54	20000	59.546332	0.0	1081763	94	20.0
1608492427.35	20000	59.797295	0.0	2409013	221	20.0
1608492428.56	20000	59.54838	0.0	1615028	127	20.0
1608492429.26	20000	59.799285	0.0	1413467	121	20.0
1608492430.48	20000	59.550311	0.0	1632450	136	20.0
1608492431.01	20000	59.945679	0.0	5664827	426	20.0
1608492432.47	20000	59.552349	0.0	4578115	364	20.0
1608492433.2	20000	59.80333	0.0	1783835	134	20.0
1608492434.38	20000	59.804312	0.0	1093613	99	20.0
1608492435.55	20000	59.555305	0.0	975642	84	20.0
1608492436.28	20000	59.806304	0.0	1658005	143	20.0
1608492437.62	20000	59.557303	0.0	3055257	245	20.0
1608492438.16	20000	59.808183	0.0	5355572	440	20.0
1608492439.5	20000	59.559396	0.0	3278424	249	20.0
1608492440.26	20000	59.810304	0.0	2318501	180	20.0
1608492441.55	20000	59.561404	0.0	2473561	197	20.0
1608492442.27	20000	59.812314	0.0	1730311	135	20.0
1608492443.46	20000	59.563246	0.0	1455812	103	20.0
1608492444.3	20000	59.814374	0.0	2869222	251	20.0
1608492445.16	20000	59.815391	0.0	3226650	267	20.0
1608492446.44	20000	59.566389	0.0	2705936	197	20.0
1608492447.31	20000	59.816802	0.0	2998622	279	20.0
1608492448.63	20000	59.568297	0.0	2928342	216	20.0
1608492449.46	20000	59.569395	0.0	3059979	240	20.0
1608492450.36	20000	59.820311	0.0	3367422	306	20.0
1608492451.64	20000	59.571317	0.0	1950694	188	20.0
1608492452.35	20000	59.82239	0.0	1541020	133	20.0
1608492453.16	20000	59.823318	0.0	2926720	218	20.0
1608492454.52	20000	59.574341	0.0	2991202	269	20.0
1608492455.39	20000	59.77475	0.0	3002106	271	20.0
1608492456.62	20000	59.576289	0.0	2015412	142	20.0
1608492457.46	20000	59.577305	0.0	2894863	246	20.0
1608492458.23	20000	59.82839	0.0	2185316	190	20.0
1608492459.6	20000	59.579298	0.0	3370605	268	20.0
1608492460.0	20000	59.990339	0.0	3492243	307	20.0
1608492461.19	20000	59.831324	0.0	1307592	114	20.0
1608492462.43	20000	59.582295	0.0	1881404	153	20.0
1608492463.21	20000	59.833297	0.0	1806471	180	20.0
1608492464.49	20000	59.584292	0.0	1945842	198	20.0
1608492465.28	20000	59.835291	0.0	2538877	196	20.0
1608492466.59	20000	59.586298	0.0	2298557	219	20.0
1608492467.4	20000	59.837302	0.0	2831497	218	20.0
1608492468.24	20000	59.838301	0.0	3200905	236	20.0
1608492469.5	20000	59.589311	0.0	2180586	171	20.0
1608492470.21	20000	59.840361	0.0	1500505	127	20.0
1608492471.46	20000	59.591298	0.0	1939246	162	20.0
1608492472.18	20000	59.842288	0.0	1599193	131	20.0
1608492473.47	20000	59.593304	0.0	2364826	204	20.0
1608492474.26	20000	59.844414	0.0	2517454	200	20.0
1608492475.52	20000	59.595286	0.0	1883143	174	20.0
1608492476.23	20000	59.846301	0.0	1726706	125	20.0
1608492477.36	20000	59.847391	0.0	707364	50	20.0
1608492478.53	20000	59.598287	0.0	796460	85	20.0
1608492479.16	20000	59.849366	0.0	596962	52	20.0
1608492480.33	20000	59.850286	0.0	947625	84	20.0
1608492481.48	20000	59.601367	0.0	832859	71	20.0
1608492482.58	20000	59.602306	0.0	151562	15	20.0
1608492483.66	20000	59.603308	0.0	90390	6	20.0
1608492484.22	20000	59.854296	0.0	50278	2	20.0
1608492485.27	20000	59.855298	0.0	26471	1	20.0
1608492486.31	20000	59.856361	0.0	40620	2	20.0
1608492486.66	4000	1.000999	0.04	334032	29	-0.7999999999999998
1608492487.72	20000	1.316391	0.1	11007815	886	2.0
1608492488.65	20000	1.414728	0.0	8849724	803	20.0
1608492489.02	20000	2.037644	0.0	3191121	282	20.0
1608492489.25	20000	2.832942	0.0	1661718	146	20.0
1608492489.46	20000	3.629523	0.0	1315024	116	20.0
1608492489.6	20000	4.49139	0.0	698359	58	20.0
1608492489.74	20000	5.350459	0.0	730082	62	20.0
1608492490.18	20000	5.906343	0.0	4047415	348	20.0
1608492490.52	20000	6.566105	0.0	2863079	250	20.0
1608492491.04	20000	7.047404	0.0	4167844	423	20.0
1608492491.68	20000	7.410086	0.0	5571764	534	20.0
1608492492.2	20000	7.891733	0.0	4925652	419	20.0
1608492492.46	20000	8.634713	0.0	2030157	172	20.0
1608492492.75	20000	9.344268	0.0	2240782	203	20.0
1608492493.04	20000	10.058335	0.0	2211169	200	20.0
1608492493.15	20000	10.94778	0.0	382046	33	20.0
1608492493.33	20000	11.767803	0.0	1113969	100	20.0
1608492493.48	20000	12.615519	0.0	820127	72	20.0
1608492494.06	20000	13.038316	0.0	6357933	467	20.0
1608492494.52	20000	13.584138	0.0	4814284	354	20.0
1608492494.87	20000	14.237383	0.0	3419258	251	20.0
1608492495.25	20000	14.854249	0.0	3944328	290	20.0
1608492495.66	20000	15.443767	0.0	4284196	312	20.0
1608492495.97	20000	16.134348	0.0	3022025	217	20.0
1608492496.22	20000	16.887024	0.0	2248581	160	20.0
1608492497.14	20000	16.968726	0.0	9946363	789	20.0
1608492498.17	20000	16.938025	0.0	11684632	893	20.0
1608492498.39	20000	17.715994	0.0	1849732	135	20.0
1608492498.63	20000	18.478143	0.0	1942795	153	20.0
1608492498.86	20000	19.251366	0.0	1704756	143	20.0
1608492499.09	20000	20.025413	0.0	1697111	143	20.0
1608492499.3	20000	20.813825	0.0	1529441	128	20.0
1608492499.51	20000	21.600137	0.0	1568649	132	20.0
1608492499.76	20000	22.354279	0.0	1677618	155	20.0
