1608499957.84	4000	1.000999	0.017	60629	7	-0.33999999999999986
1608499959.8	20000	1.467036	1.387	11007815	1810	-23.74
1608499961.56	20000	1.33169	0.356	8849724	1714	12.879999999999999
1608499962.13	20000	1.807263	0.0	3191121	535	20.0
1608499962.42	20000	2.511579	0.0	1661718	275	20.0
1608499962.66	20000	3.274877	0.0	1315024	217	20.0
1608499962.81	20000	4.131884	0.0	698359	127	20.0
1608499962.96	20000	4.981703	0.0	730082	133	20.0
1608499963.73	20000	5.207977	0.0	4047415	742	20.0
1608499964.26	20000	5.681115	0.0	2863079	501	20.0
1608499965.0	20000	5.944014	0.0	4167844	704	20.0
1608499965.94	20000	6.00354	0.0	5571764	898	20.0
1608499966.75	20000	6.19191	0.0	4925652	773	20.0
1608499967.09	20000	6.850899	0.0	2030157	317	20.0
1608499967.47	20000	7.477504	0.0	2240782	351	20.0
1608499967.87	20000	8.0795	0.0	2211169	375	20.0
1608499967.95	20000	8.995709	0.0	382046	68	20.0
1608499968.18	20000	9.770501	0.0	1113969	206	20.0
1608499968.34	20000	10.604363	0.0	820127	151	20.0
1608499969.46	20000	10.489614	0.0	6357933	1070	20.0
1608499970.17	20000	10.779924	0.0	4814284	676	20.0
1608499970.66	20000	11.293836	0.0	3419258	455	20.0
1608499971.23	20000	11.725265	0.0	3944328	537	20.0
1608499971.84	20000	12.110568	0.0	4284196	580	20.0
1608499972.27	20000	12.681765	0.0	3022025	402	20.0
1608499972.6	20000	13.359522	0.0	2248581	299	20.0
1608499974.08	20000	12.881897	0.0	9946363	1416	20.0
1608499976.07	20000	11.886292	0.0	11684632	1924	20.0
1608499976.39	20000	12.571444	0.0	1849732	291	20.0
1608499976.72	20000	13.242045	0.0	1942795	306	20.0
1608499977.0	20000	13.962255	0.0	1704756	259	20.0
1608499977.28	20000	14.684275	0.0	1697111	257	20.0
1608499977.53	20000	15.431603	0.0	1529441	232	20.0
1608499977.79	20000	16.17793	0.0	1568649	235	20.0
1608499978.06	20000	16.909235	0.0	1677618	248	20.0
1608499978.29	20000	17.681662	0.0	1415096	209	20.0
1608499978.59	20000	18.373136	0.0	1894067	278	20.0
1608499978.78	20000	19.186911	0.0	1186604	169	20.0
1608499978.94	20000	20.026947	0.0	1068386	143	20.0
1608499979.19	20000	20.779295	0.0	1700843	229	20.0
1608499979.56	20000	21.411684	0.0	2536859	343	20.0
1608499980.22	20000	21.755053	0.0	4742872	620	20.0
1608499980.9	20000	22.076173	0.0	4955535	640	20.0
1608499981.08	20000	22.89392	0.0	1260540	162	20.0
1608499981.58	20000	23.394837	0.0	3605246	468	20.0
1608499981.98	20000	23.992963	0.0	2770338	375	20.0
1608499982.27	20000	24.710816	0.0	1855168	261	20.0
1608499982.52	20000	25.455798	0.0	1666915	234	20.0
1608499982.76	20000	26.216923	0.0	1555467	218	20.0
1608499982.92	20000	27.057009	0.0	1008919	143	20.0
1608499983.12	20000	27.863714	0.0	1227619	175	20.0
1608499983.28	20000	28.700945	0.0	1015853	144	20.0
1608499983.35	20000	29.633275	0.0	384076	53	20.0
1608499983.41	20000	30.578786	0.0	295687	40	20.0
1608499983.62	20000	31.369704	0.0	1328674	190	20.0
1608499983.84	20000	32.148422	0.0	1492829	202	20.0
1608499984.05	20000	32.939314	0.0	1484812	189	20.0
1608499984.31	20000	33.680126	0.0	1868314	239	20.0
1608499984.49	20000	34.502328	0.0	1253406	159	20.0
1608499984.62	20000	35.372702	0.0	887933	113	20.0
1608499984.78	20000	36.209234	0.0	1153403	145	20.0
1608499984.97	20000	37.023848	0.0	1249023	166	20.0
1608499985.18	20000	37.814354	0.0	1423973	190	20.0
1608499985.34	20000	38.657164	0.0	1060162	141	20.0
1608499985.5	20000	39.496873	0.0	1080597	144	20.0
1608499985.67	20000	40.327433	0.0	1156442	153	20.0
1608499986.01	20000	40.986413	0.0	2222640	319	20.0
1608499986.42	20000	41.576262	0.0	2587311	384	20.0
1608499986.77	20000	42.230382	0.0	2178351	324	20.0
1608499987.4	20000	42.597457	0.0	3121089	604	20.0
1608499988.05	20000	42.948678	0.0	2857420	621	20.0
1608499988.53	20000	43.47179	0.0	1702477	454	20.0
1608499988.93	20000	44.074059	0.0	1531670	377	20.0
1608499989.37	20000	44.63888	0.0	1863424	411	20.0
1608499989.83	20000	45.172217	0.0	1987392	437	20.0
1608499990.45	20000	45.552836	0.0	2505586	595	20.0
1608499993.15	20000	43.860528	0.0	9620218	2629	20.0
1608499993.68	20000	44.327056	0.0	2561608	506	20.0
1608499994.35	20000	44.658164	0.0	3633991	639	20.0
1608499994.91	20000	45.098248	0.0	3324070	529	20.0
1608499995.11	20000	45.903961	0.0	1560020	174	20.0
1608499995.28	20000	46.729149	0.0	1429188	153	20.0
1608499995.49	20000	47.520314	0.0	1754144	188	20.0
1608499995.69	20000	48.32582	0.0	1626020	174	20.0
1608499995.91	20000	49.109436	0.0	1739228	195	20.0
1608499996.14	20000	49.873047	0.0	1722735	216	20.0
1608499996.36	20000	50.659978	0.0	1538145	193	20.0
1608499996.56	20000	51.457493	0.0	1473412	184	20.0
1608499996.77	20000	52.251748	0.0	1498968	188	20.0
1608499997.2	20000	52.82449	0.0	2247334	405	20.0
1608499997.84	20000	53.178775	0.0	3156442	617	20.0
1608499998.26	20000	53.759681	0.0	1895098	398	20.0
1608499998.69	20000	54.331641	0.0	1939135	406	20.0
1608499999.14	20000	54.880761	0.0	1842874	429	20.0
1608499999.74	20000	55.288886	0.0	2235830	562	20.0
1608500000.32	20000	55.709395	0.0	2202171	557	20.0
1608500000.91	20000	56.11767	0.0	2242042	567	20.0
1608500001.19	20000	56.834689	0.0	1081763	266	20.0
1608500001.81	20000	57.214506	0.0	2409013	597	20.0
1608500002.21	20000	57.818425	0.0	1615028	375	20.0
1608500002.56	20000	58.470113	0.0	1413467	329	20.0
1608500002.94	20000	59.092864	0.0	1632450	357	20.0
1608500003.95	20000	59.079584	0.0	5664827	968	20.0
1608500004.7	20000	59.337277	0.0	4578115	707	20.0
1608500005.51	20000	59.608226	0.0	1783835	292	20.0
1608500006.24	20000	59.859226	0.0	1093613	204	20.0
1608500007.45	20000	59.610246	0.0	975642	188	20.0
1608500008.26	20000	59.861226	0.0	1658005	289	20.0
1608500009.37	20000	59.862267	0.0	3055257	584	20.0
1608500010.33	20000	59.711713	0.0	5355572	915	20.0
1608500011.36	20000	59.86422	0.0	3278424	501	20.0
1608500012.18	20000	59.865232	0.0	2318501	296	20.0
1608500013.48	20000	59.616202	0.0	2473561	267	20.0
1608500014.66	20000	59.617249	0.0	1730311	151	20.0
1608500015.29	20000	59.868263	0.0	1455812	118	20.0
1608500016.59	20000	59.619136	0.0	2869222	265	20.0
1608500017.4	20000	59.821644	0.0	3226650	284	20.0
1608500018.62	20000	59.621142	0.0	2705936	194	20.0
1608500019.36	20000	59.87218	0.0	2998622	209	20.0
1608500020.61	20000	59.6232	0.0	2928342	219	20.0
1608500021.39	20000	59.874217	0.0	3059979	251	20.0
1608500022.21	20000	59.875238	0.0	3367422	295	20.0
1608500023.41	20000	59.876254	0.0	1950694	172	20.0
1608500024.57	20000	59.627227	0.0	1541020	140	20.0
1608500025.34	20000	59.878144	0.0	2926720	242	20.0
1608500026.63	20000	59.629241	0.0	2991202	259	20.0
1608500027.09	20000	59.966365	0.0	3002106	427	20.0
1608500028.44	20000	59.631245	0.0	2015412	327	20.0
1608500029.28	20000	59.882221	0.0	2894863	306	20.0
1608500030.51	20000	59.633228	0.0	2185316	205	20.0
1608500031.36	20000	59.884148	0.0	3370605	328	20.0
1608500032.25	20000	59.885233	0.0	3492243	359	20.0
1608500033.43	20000	59.636235	0.0	1307592	158	20.0
1608500034.24	20000	59.887234	0.0	1881404	283	20.0
1608500035.55	20000	59.638238	0.0	1806471	285	20.0
1608500036.43	20000	59.639228	0.0	1945842	354	20.0
1608500037.39	20000	59.89028	0.0	2538877	431	20.0
1608500038.4	20000	59.8427	0.0	2298557	490	20.0
1608500039.96	20000	59.115352	0.0	2831497	1524	20.0
1608500040.85	20000	59.219016	0.0	3200905	865	20.0
1608500041.47	20000	59.597828	0.0	2180586	596	20.0
1608500042.44	20000	59.645251	0.0	1500505	442	20.0
1608500043.08	20000	59.990515	0.0	1939246	618	20.0
1608500044.51	20000	59.647234	0.0	1599193	402	20.0
1608500045.14	20000	59.93795	0.0	2364826	604	20.0
1608500046.26	20000	59.899157	0.0	2517454	598	20.0
1608500047.21	20000	59.900185	0.0	1883143	421	20.0
1608500048.32	20000	59.901213	0.0	1726706	589	20.0
1608500049.6	20000	59.652198	0.0	707364	261	20.0
1608500050.29	20000	59.903147	0.0	796460	177	20.0
1608500051.42	20000	59.904231	0.0	596962	111	20.0
1608500052.61	20000	59.655154	0.0	947625	170	20.0
1608500053.41	20000	59.9061	0.0	832859	272	20.0
1608500054.16	20000	59.924365	0.0	151562	738	20.0
1608500055.24	20000	59.848363	0.0	90390	1061	20.0
1608500056.37	20000	59.909123	0.0	50278	614	20.0
1608500057.97	20000	59.114954	0.0	26471	1589	20.0
1608500060.76	20000	57.331946	0.0	40620	2769	20.0
1608500095.97	4000	1.000999	0.057	334032	45	-1.1399999999999997
1608500097.48	8000	1.34278	0.563	9869079	1411	-7.26
1608500099.0	20000	1.431741	0.591	8849724	1468	-3.8200000000000003
1608500099.59	20000	1.874662	0.0	3191121	552	20.0
1608500099.91	20000	2.556805	0.0	1661718	289	20.0
1608500100.15	20000	3.30948	0.0	1315024	228	20.0
1608500100.29	20000	4.174312	0.0	698359	119	20.0
1608500100.43	20000	5.032996	0.0	730082	126	20.0
1608500101.18	20000	5.287802	0.0	4047415	715	20.0
1608500101.77	20000	5.703163	0.0	2863079	559	20.0
1608500102.74	20000	5.726124	0.0	4167844	943	20.0
1608500104.01	20000	5.464206	0.0	5571764	1220	20.0
1608500104.97	20000	5.504049	0.0	4925652	926	20.0
1608500105.38	20000	6.092489	0.0	2030157	386	20.0
1608500105.9	20000	6.578757	0.0	2240782	489	20.0
1608500106.43	20000	7.046841	0.0	2211169	501	20.0
1608500106.53	20000	7.944923	0.0	382046	87	20.0
1608500106.86	20000	8.616333	0.0	1113969	310	20.0
1608500107.1	20000	9.373016	0.0	820127	227	20.0
1608500109.05	20000	8.43092	0.0	6357933	1898	20.0
1608500110.23	20000	8.253146	0.0	4814284	1138	20.0
1608500111.03	20000	8.454798	0.0	3419258	769	20.0
1608500111.94	20000	8.543715	0.0	3944328	879	20.0
1608500112.94	20000	8.540821	0.0	4284196	969	20.0
1608500113.66	20000	8.819173	0.0	3022025	694	20.0
1608500114.17	20000	9.310914	0.0	2248581	484	20.0
1608500116.39	20000	8.092295	0.0	9946363	2155	20.0
1608500119.42	20000	6.063768	0.0	11684632	2959	20.0
1608500119.86	20000	6.626629	0.0	1849732	414	20.0
1608500120.33	20000	7.156923	0.0	1942795	447	20.0
1608500120.75	20000	7.743228	0.0	1704756	393	20.0
1608500121.17	20000	8.321167	0.0	1697111	401	20.0
1608500121.55	20000	8.941097	0.0	1529441	361	20.0
1608500121.92	20000	9.573098	0.0	1568649	348	20.0
