1608537475.19	4000	1.000999	0.036	60629	1	-0.7199999999999998
1608537477.01	20000	1.378703	1.134	11007815	1651	-18.68
1608537477.71	4000	1.901505	0.0	4402139	592	-12.0
1608537478.03	8000	2.575598	0.0	1798447	236	4.0
1608537478.32	16000	3.318246	0.0	1661718	196	8.0
1608537478.56	20000	4.080416	0.0	1315024	155	16.0
1608537478.72	20000	4.920736	0.0	698359	81	20.0
1608537478.88	20000	5.757686	0.0	730082	84	20.0
1608537479.51	20000	6.137691	0.0	4047415	527	20.0
1608537479.97	20000	6.672444	0.0	2863079	377	20.0
1608537480.65	20000	7.00269	0.0	4167844	574	20.0
1608537481.47	20000	7.176935	0.0	5571764	717	20.0
1608537482.17	20000	7.479839	0.0	4925652	597	20.0
1608537482.48	20000	8.163714	0.0	2030157	231	20.0
1608537482.83	20000	8.824042	0.0	2240782	255	20.0
1608537483.17	20000	9.477409	0.0	2211169	260	20.0
1608537483.3	20000	10.353871	0.0	382046	45	20.0
1608537483.52	20000	11.134964	0.0	1113969	137	20.0
1608537483.7	20000	11.954392	0.0	820127	100	20.0
1608537484.57	20000	12.085862	0.0	6357933	760	20.0
1608537485.21	20000	12.441031	0.0	4814284	541	20.0
1608537485.66	20000	12.999951	0.0	3419258	341	20.0
1608537486.14	20000	13.515518	0.0	3944328	390	20.0
1608537486.64	20000	14.018092	0.0	4284196	401	20.0
1608537487.01	20000	14.646513	0.0	3022025	283	20.0
1608537487.32	20000	15.337508	0.0	2248581	221	20.0
1608537488.48	20000	15.18144	0.0	9946363	1029	20.0
1608537489.94	20000	14.724447	0.0	11684632	1324	20.0
1608537490.21	20000	15.456562	0.0	1849732	184	20.0
1608537490.47	20000	16.189637	0.0	1942795	183	20.0
1608537490.72	20000	16.94631	0.0	1704756	160	20.0
1608537490.96	20000	17.702264	0.0	1697111	159	20.0
1608537491.19	20000	18.478656	0.0	1529441	142	20.0
1608537491.42	20000	19.250719	0.0	1568649	145	20.0
1608537491.66	20000	20.012543	0.0	1677618	155	20.0
1608537491.87	20000	20.79886	0.0	1415096	131	20.0
1608537492.13	20000	21.53706	0.0	1894067	177	20.0
1608537492.33	20000	22.338399	0.0	1186604	117	20.0
1608537492.52	20000	23.154437	0.0	1068386	104	20.0
1608537492.77	20000	23.905015	0.0	1700843	167	20.0
1608537493.11	20000	24.561738	0.0	2536859	253	20.0
1608537493.75	20000	24.930305	0.0	4742872	532	20.0
1608537494.42	20000	25.257552	0.0	4955535	572	20.0
1608537494.66	20000	26.023843	0.0	1260540	150	20.0
1608537495.18	20000	26.499363	0.0	3605246	426	20.0
1608537495.57	20000	27.111037	0.0	2770338	297	20.0
1608537495.85	20000	27.829949	0.0	1855168	198	20.0
1608537496.11	20000	28.567956	0.0	1666915	177	20.0
1608537496.36	20000	29.323427	0.0	1555467	163	20.0
1608537496.54	20000	30.140104	0.0	1008919	105	20.0
1608537496.75	20000	30.931751	0.0	1227619	129	20.0
1608537496.94	20000	31.747765	0.0	1015853	106	20.0
1608537497.05	20000	32.632993	0.0	384076	38	20.0
1608537497.16	20000	33.52671	0.0	295687	30	20.0
1608537497.39	20000	34.304464	0.0	1328674	143	20.0
1608537497.64	20000	35.055003	0.0	1492829	162	20.0
1608537497.88	20000	35.812648	0.0	1484812	160	20.0
1608537498.17	20000	36.527296	0.0	1868314	201	20.0
1608537498.38	20000	37.314323	0.0	1253406	132	20.0
1608537498.55	20000	38.143219	0.0	887933	93	20.0
1608537498.75	20000	38.940409	0.0	1153403	122	20.0
1608537498.97	20000	39.727924	0.0	1249023	132	20.0
1608537499.2	20000	40.493015	0.0	1423973	154	20.0
1608537499.4	20000	41.294054	0.0	1060162	118	20.0
1608537499.61	20000	42.093197	0.0	1080597	121	20.0
1608537499.82	20000	42.88248	0.0	1156442	129	20.0
1608537500.16	20000	43.545684	0.0	2222640	251	20.0
1608537500.53	20000	44.171138	0.0	2587311	285	20.0
1608537500.86	20000	44.843072	0.0	2178351	239	20.0
1608537501.29	20000	45.416174	0.0	3121089	338	20.0
1608537501.68	20000	46.022443	0.0	2857420	302	20.0
1608537501.95	20000	46.757098	0.0	1702477	183	20.0
1608537502.19	20000	47.513253	0.0	1531670	160	20.0
1608537502.48	20000	48.229765	0.0	1863424	199	20.0
1608537502.78	20000	48.933538	0.0	1987392	213	20.0
1608537503.14	20000	49.575522	0.0	2505586	268	20.0
1608537504.44	20000	49.271948	0.0	9620218	1169	20.0
1608537504.89	20000	49.825048	0.0	2561608	358	20.0
1608537505.46	20000	50.249101	0.0	3633991	482	20.0
1608537505.98	20000	50.732067	0.0	3324070	424	20.0
1608537506.26	20000	51.452451	0.0	1560020	194	20.0
1608537506.52	20000	52.196714	0.0	1429188	175	20.0
1608537506.82	20000	52.89775	0.0	1754144	215	20.0
1608537507.11	20000	53.614435	0.0	1626020	199	20.0
1608537507.42	20000	54.303944	0.0	1739228	225	20.0
1608537507.73	20000	54.988273	0.0	1722735	224	20.0
1608537508.01	20000	55.707442	0.0	1538145	200	20.0
1608537508.3	20000	56.424011	0.0	1473412	202	20.0
1608537508.6	20000	57.121416	0.0	1498968	221	20.0
1608537509.02	20000	57.703945	0.0	2247334	333	20.0
1608537509.59	20000	58.13807	0.0	3156442	471	20.0
1608537509.96	20000	58.766941	0.0	1895098	283	20.0
1608537510.33	20000	59.401666	0.0	1939135	280	20.0
1608537511.17	20000	59.61981	0.0	1842874	257	20.0
1608537512.1	20000	59.870711	0.0	2235830	341	20.0
1608537513.04	20000	59.855864	0.0	2202171	350	20.0
1608537513.99	20000	59.87271	0.0	2242042	366	20.0
1608537515.25	20000	59.623791	0.0	1081763	175	20.0
1608537516.23	20000	59.624824	0.0	2409013	391	20.0
1608537517.13	20000	59.625831	0.0	1615028	314	20.0
1608537517.97	20000	59.876797	0.0	1413467	262	20.0
1608537519.34	20000	59.627818	0.0	1632450	288	20.0
1608537520.45	20000	59.282987	0.0	5664827	1006	20.0
1608537521.43	20000	59.30882	0.0	4578115	877	20.0
1608537521.84	20000	59.901478	0.0	1783835	324	20.0
1608537523.12	20000	59.631782	0.0	1093613	198	20.0
1608537523.92	20000	59.882786	0.0	975642	221	20.0
1608537524.9	20000	59.88383	0.0	1658005	391	20.0
1608537526.13	20000	59.63481	0.0	3055257	640	20.0
1608537527.31	20000	59.429747	0.0	5355572	1089	20.0
1608537528.07	20000	59.67468	0.0	3278424	665	20.0
1608537529.11	20000	59.887815	0.0	2318501	449	20.0
1608537530.14	20000	59.638821	0.0	2473561	443	20.0
1608537531.01	20000	59.889837	0.0	1730311	292	20.0
1608537532.34	20000	59.640835	0.0	1455812	242	20.0
1608537532.96	20000	59.791536	0.0	2869222	530	20.0
1608537534.14	20000	59.642803	0.0	3226650	591	20.0
1608537535.21	20000	59.643718	0.0	2705936	480	20.0
1608537535.8	20000	59.951973	0.0	2998622	502	20.0
1608537536.88	20000	59.895803	0.0	2928342	487	20.0
1608537537.94	20000	59.896785	0.0	3059979	471	20.0
1608537539.06	20000	59.897857	0.0	3367422	526	20.0
1608537539.93	20000	59.898837	0.0	1950694	283	20.0
1608537541.23	20000	59.649806	0.0	1541020	211	20.0
1608537542.22	20000	59.650747	0.0	2926720	409	20.0
1608537543.22	20000	59.651746	0.0	2991202	407	20.0
1608537544.26	20000	59.65274	0.0	3002106	442	20.0
1608537545.15	20000	59.653821	0.0	2015412	301	20.0
1608537546.16	20000	59.654859	0.0	2894863	422	20.0
1608537547.07	20000	59.905696	0.0	2185316	321	20.0
1608537548.19	20000	59.656712	0.0	3370605	523	20.0
1608537548.88	20000	59.891702	0.0	3492243	591	20.0
1608537550.19	20000	59.6588	0.0	1307592	232	20.0
1608537551.08	20000	59.90981	0.0	1881404	305	20.0
1608537551.95	20000	59.910731	0.0	1806471	272	20.0
1608537552.87	20000	59.911816	0.0	1945842	326	20.0
1608537553.9	20000	59.912771	0.0	2538877	439	20.0
1608537554.97	20000	59.913815	0.0	2298557	483	20.0
1608537556.11	20000	59.848793	0.0	2831497	542	20.0
1608537556.84	20000	59.93525	0.0	3200905	642	20.0
1608537557.93	20000	59.916688	0.0	2180586	502	20.0
1608537558.91	20000	59.91773	0.0	1500505	393	20.0
1608537559.93	20000	59.918733	0.0	1939246	428	20.0
1608537560.86	20000	59.919779	0.0	1599193	352	20.0
1608537562.08	20000	59.904789	0.0	2364826	631	20.0
1608537562.87	20000	59.911267	0.0	2517454	697	20.0
1608537564.0	20000	59.92273	0.0	1883143	538	20.0
1608537565.07	20000	59.923762	0.0	1726706	489	20.0
1608537565.89	20000	59.924766	0.0	707364	240	20.0
1608537567.17	20000	59.67578	0.0	796460	197	20.0
1608537567.86	20000	59.926735	0.0	596962	105	20.0
1608537569.1	20000	59.927735	0.0	947625	154	20.0
1608537570.31	20000	59.678807	0.0	832859	127	20.0
1608537570.91	20000	59.929772	0.0	151562	21	20.0
1608537571.99	20000	59.930761	0.0	90390	11	20.0
1608537573.05	20000	59.93181	0.0	50278	4	20.0
1608537574.1	20000	59.9328	0.0	26471	1	20.0
1608537575.14	20000	59.683802	0.0	40620	3	20.0
1608537575.5	4000	1.000999	0.055	334032	43	-1.1
1608537576.44	4000	1.334286	0.0	6594552	807	4.0
1608537577.56	20000	1.298369	0.064	8849724	986	2.719999999999999
1608537577.97	20000	1.924842	0.0	3191121	316	20.0
1608537578.22	20000	2.67785	0.0	1661718	163	20.0
1608537578.43	20000	3.466511	0.0	1315024	129	20.0
1608537578.58	20000	4.317636	0.0	698359	68	20.0
1608537578.73	20000	5.169701	0.0	730082	68	20.0
1608537579.21	20000	5.68908	0.0	4047415	385	20.0
1608537579.58	20000	6.325942	0.0	2863079	272	20.0
1608537580.19	20000	6.71546	0.0	4167844	510	20.0
1608537580.99	20000	6.911039	0.0	5571764	698	20.0
1608537581.73	20000	7.176541	0.0	4925652	628	20.0
1608537582.04	20000	7.869113	0.0	2030157	223	20.0
1608537582.37	20000	8.538188	0.0	2240782	246	20.0
1608537582.7	20000	9.206523	0.0	2211169	245	20.0
1608537582.83	20000	10.074593	0.0	382046	44	20.0
1608537583.05	20000	10.855669	0.0	1113969	139	20.0
1608537583.24	20000	11.674863	0.0	820127	101	20.0
1608537584.23	20000	11.68159	0.0	6357933	885	20.0
1608537585.01	20000	11.899961	0.0	4814284	682	20.0
1608537585.56	20000	12.353003	0.0	3419258	455	20.0
1608537586.17	20000	12.747324	0.0	3944328	509	20.0
1608537586.84	20000	13.076166	0.0	4284196	572	20.0
1608537587.4	20000	13.519707	0.0	3022025	465	20.0
1608537587.85	20000	14.068949	0.0	2248581	366	20.0
1608537589.79	20000	13.131782	0.0	9946363	1797	20.0
1608537592.6	20000	11.318081	0.0	11684632	2679	20.0
1608537593.17	20000	11.751381	0.0	1849732	482	20.0
1608537593.75	20000	12.174421	0.0	1942795	494	20.0
1608537594.14	20000	12.779277	0.0	1704756	310	20.0
1608537594.54	20000	13.389067	0.0	1697111	309	20.0
1608537594.9	20000	14.024592	0.0	1529441	280	20.0
1608537595.28	20000	14.646502	0.0	1568649	295	20.0
1608537595.68	20000	15.246753	0.0	1677618	316	20.0
