1608558713.54	4000	1.000999	0.018	60629	8	-0.3599999999999999
1608558716.12	20000	1.417885	1.89	11007815	2419	-33.8
1608558717.85	20000	1.36286	0.412	8849724	1603	11.76
1608558718.56	20000	1.673688	0.0	3191121	616	20.0
1608558718.93	20000	2.302436	0.0	1661718	286	20.0
1608558719.24	20000	2.994502	0.0	1315024	226	20.0
1608558719.43	20000	3.80186	0.0	698359	113	20.0
1608558719.63	20000	4.603173	0.0	730082	119	20.0
1608558720.4	20000	4.833979	0.0	4047415	673	20.0
1608558721.0	20000	5.24064	0.0	2863079	501	20.0
1608558721.78	20000	5.463302	0.0	4167844	679	20.0
1608558722.75	20000	5.49815	0.0	5571764	860	20.0
1608558723.67	20000	5.570539	0.0	4925652	821	20.0
1608558724.18	20000	6.060339	0.0	2030157	421	20.0
1608558724.78	20000	6.46423	0.0	2240782	509	20.0
1608558725.39	20000	6.85421	0.0	2211169	524	20.0
1608558725.58	20000	7.662712	0.0	382046	112	20.0
1608558726.0	20000	8.242787	0.0	1113969	340	20.0
1608558726.33	20000	8.914095	0.0	820127	248	20.0
1608558728.63	20000	7.618479	0.0	6357933	2185	20.0
1608558730.91	20000	6.337208	0.0	4814284	2178	20.0
1608558732.73	20000	5.516919	0.0	3419258	1723	20.0
1608558734.46	20000	4.78656	0.0	3944328	1632	20.0
1608558735.75	20000	4.503051	0.0	4284196	1183	20.0
1608558737.09	20000	4.161639	0.0	3022025	1246	20.0
1608558738.14	20000	4.110056	0.0	2248581	961	20.0
1608558739.87	8000	3.385897	0.0	6361262	1602	-4.0
1608558741.86	8000	2.397139	0.0	7838407	1872	8.0
1608558742.42	20000	2.842308	0.0	1849732	457	8.0
1608558743.11	20000	3.143673	0.0	1942795	607	20.0
1608558743.67	20000	3.586765	0.0	1704756	471	20.0
1608558744.15	20000	4.105106	0.0	1697111	396	20.0
1608558744.6	20000	4.664635	0.0	1529441	355	20.0
1608558745.06	20000	5.197104	0.0	1568649	380	20.0
1608558745.57	20000	5.687493	0.0	1677618	423	20.0
1608558746.19	20000	6.071304	0.0	1415096	531	20.0
1608558747.56	20000	5.705084	0.0	1894067	1280	20.0
1608558747.93	20000	6.339718	0.0	1186604	283	20.0
1608558748.26	20000	7.002759	0.0	1068386	254	20.0
1608558748.67	20000	7.596834	0.0	1700843	319	20.0
1608558749.14	20000	8.131927	0.0	2536859	372	20.0
1608558750.14	16000	8.124799	0.0	4742872	899	12.0
1608558751.36	20000	7.905227	0.0	4955535	1117	16.0
1608558751.68	20000	8.586924	0.0	1260540	235	20.0
1608558752.39	20000	8.879497	0.0	3605246	613	20.0
1608558752.91	20000	9.362268	0.0	2770338	425	20.0
1608558753.28	20000	9.996848	0.0	1855168	278	20.0
1608558753.62	20000	10.655065	0.0	1666915	257	20.0
1608558753.99	20000	11.290638	0.0	1555467	279	20.0
1608558754.25	20000	12.027334	0.0	1008919	180	20.0
1608558754.55	20000	12.723604	0.0	1227619	220	20.0
1608558754.89	20000	13.392562	0.0	1015853	249	20.0
1608558755.06	20000	14.219271	0.0	384076	85	20.0
1608558755.21	20000	15.071522	0.0	295687	70	20.0
1608558755.62	20000	15.667507	0.0	1328674	321	20.0
1608558756.04	20000	16.244668	0.0	1492829	337	20.0
1608558756.46	20000	16.824197	0.0	1484812	336	20.0
1608558757.0	20000	17.287002	0.0	1868314	449	20.0
1608558757.39	20000	17.899649	0.0	1253406	303	20.0
1608558757.68	20000	18.608132	0.0	887933	209	20.0
1608558758.04	20000	19.24714	0.0	1153403	275	20.0
1608558758.43	20000	19.861956	0.0	1249023	298	20.0
1608558758.94	20000	20.354586	0.0	1423973	419	20.0
1608558759.36	20000	20.93388	0.0	1060162	336	20.0
1608558759.86	20000	21.434595	0.0	1080597	414	20.0
1608558760.47	20000	21.822604	0.0	1156442	529	20.0
1608558761.22	20000	22.070154	0.0	2222640	662	20.0
1608558762.09	20000	22.206572	0.0	2587311	774	20.0
1608558763.11	20000	22.186989	0.0	2178351	930	20.0
1608558765.29	20000	21.005133	0.0	3121089	2086	20.0
1608558766.39	20000	20.913473	0.0	2857420	999	20.0
1608558767.03	20000	21.265175	0.0	1702477	561	20.0
1608558767.64	20000	21.66221	0.0	1531670	516	20.0
1608558768.61	20000	21.693422	0.0	1863424	881	20.0
1608558769.57	20000	21.736955	0.0	1987392	866	20.0
1608558770.19	20000	22.111455	0.0	2505586	535	20.0
1608558772.27	20000	21.031579	0.0	9620218	1951	20.0
1608558772.87	20000	21.432329	0.0	2561608	505	20.0
1608558773.51	20000	21.798002	0.0	3633991	535	20.0
1608558773.96	20000	22.344038	0.0	3324070	359	20.0
1608558774.2	20000	23.10612	0.0	1560020	151	20.0
1608558774.43	20000	23.881464	0.0	1429188	139	20.0
1608558774.69	20000	24.623991	0.0	1754144	170	20.0
1608558774.92	20000	25.391578	0.0	1626020	147	20.0
1608558775.17	20000	26.141138	0.0	1739228	155	20.0
1608558775.41	20000	26.899198	0.0	1722735	155	20.0
1608558775.64	20000	27.677175	0.0	1538145	138	20.0
1608558775.86	20000	28.451078	0.0	1473412	140	20.0
1608558776.09	20000	29.223348	0.0	1498968	143	20.0
1608558776.4	20000	29.916104	0.0	2247334	216	20.0
1608558776.81	20000	30.505113	0.0	3156442	315	20.0
1608558777.11	20000	31.204448	0.0	1895098	212	20.0
1608558777.42	20000	31.898922	0.0	1939135	217	20.0
1608558777.72	20000	32.60305	0.0	1842874	206	20.0
1608558778.07	20000	33.250878	0.0	2235830	262	20.0
1608558778.42	20000	33.905551	0.0	2202171	257	20.0
1608558778.77	20000	34.554338	0.0	2242042	260	20.0
1608558778.99	20000	35.33923	0.0	1081763	125	20.0
1608558779.36	20000	35.964709	0.0	2409013	284	20.0
1608558779.64	20000	36.691663	0.0	1615028	189	20.0
1608558779.95	20000	37.378	0.0	1413467	229	20.0
1608558780.31	20000	38.020289	0.0	1632450	273	20.0
1608558781.5	20000	37.828087	0.0	5664827	1086	20.0
1608558782.46	20000	37.867307	0.0	4578115	861	20.0
1608558782.99	20000	38.337829	0.0	1783835	443	20.0
1608558783.47	20000	38.863267	0.0	1093613	391	20.0
1608558783.99	20000	39.350389	0.0	975642	431	20.0
1608558784.89	20000	39.449583	0.0	1658005	808	20.0
1608558785.75	20000	39.585886	0.0	3055257	770	20.0
1608558787.24	20000	39.099513	0.0	5355572	1382	20.0
1608558788.19	20000	39.151908	0.0	3278424	853	20.0
1608558788.83	20000	39.504587	0.0	2318501	557	20.0
1608558789.57	20000	39.772197	0.0	2473561	641	20.0
1608558790.33	20000	40.008075	0.0	1730311	677	20.0
1608558791.11	20000	40.234442	0.0	1455812	685	20.0
1608558792.07	20000	40.272666	0.0	2869222	871	20.0
1608558792.68	20000	40.666507	0.0	3226650	506	20.0
1608558793.1	20000	41.247795	0.0	2705936	327	20.0
1608558793.54	20000	41.802827	0.0	2998622	351	20.0
1608558794.05	20000	42.301118	0.0	2928342	408	20.0
1608558794.66	20000	42.68796	0.0	3059979	519	20.0
1608558795.42	20000	42.928529	0.0	3367422	664	20.0
1608558795.89	20000	43.456753	0.0	1950694	385	20.0
1608558796.26	20000	44.090992	0.0	1541020	279	20.0
1608558796.9	20000	44.451552	0.0	2926720	547	20.0
1608558797.76	20000	44.593685	0.0	2991202	765	20.0
1608558798.99	20000	44.360345	0.0	3002106	1142	20.0
1608558799.81	20000	44.546109	0.0	2015412	726	20.0
1608558801.8	20000	43.553092	0.0	2894863	1898	20.0
1608558803.0	20000	43.352891	0.0	2185316	1111	20.0
1608558804.02	20000	43.339082	0.0	3370605	918	20.0
1608558804.92	20000	43.436526	0.0	3492243	804	20.0
1608558805.32	20000	44.039895	0.0	1307592	313	20.0
1608558805.86	20000	44.500481	0.0	1881404	451	20.0
1608558806.38	20000	44.986389	0.0	1806471	427	20.0
1608558806.92	20000	45.4431	0.0	1945842	456	20.0
1608558807.59	20000	45.773501	0.0	2538877	578	20.0
1608558808.2	20000	46.165219	0.0	2298557	508	20.0
1608558808.92	20000	46.444192	0.0	2831497	627	20.0
1608558809.74	20000	46.621898	0.0	3200905	729	20.0
1608558810.29	20000	47.075545	0.0	2180586	457	20.0
1608558810.69	20000	47.680529	0.0	1500505	310	20.0
1608558811.17	20000	48.201135	0.0	1939246	393	20.0
1608558811.58	20000	48.791554	0.0	1599193	322	20.0
1608558812.12	20000	49.250727	0.0	2364826	452	20.0
1608558812.66	20000	49.710371	0.0	2517454	450	20.0
1608558813.1	20000	50.278047	0.0	1883143	343	20.0
1608558813.51	20000	50.862088	0.0	1726706	329	20.0
1608558813.73	20000	51.64794	0.0	707364	132	20.0
1608558813.96	20000	52.420785	0.0	796460	146	20.0
1608558814.15	20000	53.228182	0.0	596962	104	20.0
1608558814.4	20000	53.977417	0.0	947625	169	20.0
1608558814.63	20000	54.747446	0.0	832859	148	20.0
1608558814.74	20000	55.642986	0.0	151562	24	20.0
1608558814.82	20000	56.560566	0.0	90390	13	20.0
1608558814.89	20000	57.495659	0.0	50278	5	20.0
1608558814.94	20000	58.447184	0.0	26471	1	20.0
1608558814.97	20000	59.410783	0.0	40620	3	20.0
1608558815.33	4000	1.000999	0.05	334032	38	-1.0
1608558816.36	4000	1.32291	0.072	6594552	898	2.56
1608558829.2	20000	1.442526	11.94	8849724	12701	-234.8
1608558829.4	2000	2.247868	0.0	728514	104	-16.0
1608558829.55	2000	3.095158	0.0	508013	72	2.0
1608558829.69	2000	3.980054	0.0	395538	55	2.0
1608558829.81	2000	4.855999	0.0	297276	41	2.0
1608558829.93	2000	5.741684	0.0	247728	34	2.0
1608558830.62	20000	6.044431	0.0	4047415	591	2.0
1608558831.14	20000	6.533247	0.0	2863079	423	20.0
1608558831.89	20000	6.7804	0.0	4167844	662	20.0
1608558832.87	20000	6.796666	0.0	5571764	883	20.0
1608558833.75	20000	6.926363	0.0	4925652	773	20.0
1608558834.15	20000	7.525822	0.0	2030157	317	20.0
1608558834.59	20000	8.083694	0.0	2240782	357	20.0
1608558835.03	20000	8.646406	0.0	2211169	353	20.0
1608558835.16	20000	9.513847	0.0	382046	56	20.0
1608558835.41	20000	10.266631	0.0	1113969	168	20.0
1608558835.61	20000	11.064913	0.0	820127	123	20.0
1608558836.71	20000	11.203648	0.0	6357933	982	20.0
1608558837.58	20000	11.328346	0.0	4814284	771	20.0
1608558838.23	20000	11.681255	0.0	3419258	552	20.0
1608558838.96	20000	11.954456	0.0	3944328	626	20.0
1608558839.71	20000	12.202678	0.0	4284196	650	20.0
1608558840.25	20000	12.665742	0.0	3022025	443	20.0
1608558840.65	20000	13.262717	0.0	2248581	313	20.0
1608558842.19	20000	12.722763	0.0	9946363	1401	20.0
1608558844.05	20000	11.870935	0.0	11684632	1710	20.0
1608558844.42	20000	12.500459	0.0	1849732	283	20.0
1608558844.8	20000	13.116606	0.0	1942795	299	20.0
1608558845.15	20000	13.769347	0.0	1704756	262	20.0
1608558845.54	20000	14.382919	0.0	1697111	302	20.0
1608558845.9	20000	15.026381	0.0	1529441	272	20.0
