1608608728.33	4000	1.000999	0.016	60629	6	-0.31999999999999984
1608608730.08	20000	1.467425	1.193	11007815	1611	-19.86
1608608731.41	20000	1.477226	0.0	8849724	1260	20.0
1608608731.86	20000	2.021559	0.0	3191121	424	20.0
1608608732.11	20000	2.803011	0.0	1661718	220	20.0
1608608732.31	20000	3.601253	0.0	1315024	181	20.0
1608608732.42	20000	4.489796	0.0	698359	95	20.0
1608608732.54	20000	5.373364	0.0	730082	99	20.0
1608608733.13	20000	5.781874	0.0	4047415	560	20.0
1608608733.57	20000	6.345454	0.0	2863079	410	20.0
1608608734.2	20000	6.71676	0.0	4167844	596	20.0
1608608735.02	20000	6.898798	0.0	5571764	774	20.0
1608608735.74	20000	7.17198	0.0	4925652	683	20.0
1608608736.05	20000	7.867499	0.0	2030157	281	20.0
1608608736.38	20000	8.538899	0.0	2240782	305	20.0
1608608736.7	20000	9.215075	0.0	2211169	301	20.0
1608608736.77	20000	10.148977	0.0	382046	50	20.0
1608608736.94	20000	10.980317	0.0	1113969	150	20.0
1608608737.07	20000	11.853611	0.0	820127	110	20.0
1608608738.02	20000	11.904979	0.0	6357933	903	20.0
1608608738.75	20000	12.172722	0.0	4814284	694	20.0
1608608739.27	20000	12.66125	0.0	3419258	481	20.0
1608608739.82	20000	13.109836	0.0	3944328	509	20.0
1608608740.4	20000	13.526049	0.0	4284196	548	20.0
1608608740.82	20000	14.112119	0.0	3022025	383	20.0
1608608741.13	20000	14.802982	0.0	2248581	285	20.0
1608608742.74	20000	14.194528	0.0	9946363	1548	20.0
1608608744.28	20000	13.655385	0.0	11684632	1470	20.0
1608608744.55	20000	14.377075	0.0	1849732	258	20.0
1608608744.85	20000	15.083815	0.0	1942795	271	20.0
1608608745.11	20000	15.825103	0.0	1704756	238	20.0
1608608745.37	20000	16.560872	0.0	1697111	244	20.0
1608608745.62	20000	17.31737	0.0	1529441	224	20.0
1608608745.87	20000	18.067723	0.0	1568649	230	20.0
1608608746.14	20000	18.800625	0.0	1677618	246	20.0
1608608746.37	20000	19.572929	0.0	1415096	209	20.0
1608608746.67	20000	20.267061	0.0	1894067	286	20.0
1608608746.87	20000	21.071824	0.0	1186604	178	20.0
1608608747.05	20000	21.894195	0.0	1068386	160	20.0
1608608747.32	20000	22.620914	0.0	1700843	253	20.0
1608608747.73	20000	23.21689	0.0	2536859	380	20.0
1608608748.46	20000	23.481708	0.0	4742872	698	20.0
1608608749.22	20000	23.730269	0.0	4955535	712	20.0
1608608749.4	20000	24.543958	0.0	1260540	168	20.0
1608608749.92	20000	25.029122	0.0	3605246	484	20.0
1608608750.31	20000	25.635405	0.0	2770338	368	20.0
1608608750.58	20000	26.372713	0.0	1855168	240	20.0
1608608750.81	20000	27.135949	0.0	1666915	216	20.0
1608608751.04	20000	27.916084	0.0	1555467	201	20.0
1608608751.18	20000	28.7696	0.0	1008919	129	20.0
1608608751.36	20000	29.594828	0.0	1227619	157	20.0
1608608751.51	20000	30.448149	0.0	1015853	129	20.0
1608608751.57	20000	31.386576	0.0	384076	48	20.0
1608608751.62	20000	32.336512	0.0	295687	36	20.0
1608608751.81	20000	33.148314	0.0	1328674	170	20.0
1608608752.02	20000	33.938618	0.0	1492829	191	20.0
1608608752.23	20000	34.728462	0.0	1484812	191	20.0
1608608752.5	20000	35.458918	0.0	1868314	248	20.0
1608608752.69	20000	36.276238	0.0	1253406	166	20.0
1608608752.82	20000	37.143607	0.0	887933	117	20.0
1608608752.99	20000	37.973977	0.0	1153403	152	20.0
1608608753.17	20000	38.790877	0.0	1249023	165	20.0
1608608753.38	20000	39.585841	0.0	1423973	186	20.0
1608608753.54	20000	40.428595	0.0	1060162	140	20.0
1608608753.7	20000	41.269192	0.0	1080597	141	20.0
1608608753.87	20000	42.100202	0.0	1156442	151	20.0
1608608754.19	20000	42.784124	0.0	2222640	292	20.0
1608608754.53	20000	43.441944	0.0	2587311	317	20.0
1608608754.82	20000	44.154933	0.0	2178351	263	20.0
1608608755.23	20000	44.747428	0.0	3121089	379	20.0
1608608755.59	20000	45.381765	0.0	2857420	339	20.0
1608608755.82	20000	46.159247	0.0	1702477	201	20.0
1608608756.03	20000	46.950342	0.0	1531670	180	20.0
1608608756.27	20000	47.708557	0.0	1863424	221	20.0
1608608756.57	20000	48.410445	0.0	1987392	274	20.0
1608608756.94	20000	49.038831	0.0	2505586	347	20.0
1608608758.3	20000	48.680983	0.0	9620218	1296	20.0
1608608758.64	20000	49.345774	0.0	2561608	308	20.0
1608608759.11	20000	49.876264	0.0	3633991	438	20.0
1608608759.75	20000	50.237198	0.0	3324070	609	20.0
1608608760.11	20000	50.873618	0.0	1560020	343	20.0
1608608760.56	20000	51.425075	0.0	1429188	429	20.0
1608608761.26	20000	51.729293	0.0	1754144	674	20.0
1608608761.54	20000	52.443079	0.0	1626020	267	20.0
1608608761.84	20000	53.144228	0.0	1739228	279	20.0
1608608762.14	20000	53.847392	0.0	1722735	277	20.0
1608608762.39	20000	54.599558	0.0	1538145	226	20.0
1608608762.61	20000	55.381709	0.0	1473412	198	20.0
1608608762.83	20000	56.161385	0.0	1498968	201	20.0
1608608763.16	20000	56.835146	0.0	2247334	303	20.0
1608608763.72	20000	57.275557	0.0	3156442	532	20.0
1608608764.09	20000	57.908415	0.0	1895098	345	20.0
1608608764.48	20000	58.518539	0.0	1939135	368	20.0
1608608764.87	20000	59.124702	0.0	1842874	372	20.0
1608608765.37	20000	59.630172	0.0	2235830	470	20.0
1608608766.14	20000	59.859568	0.0	2202171	746	20.0
1608608767.25	20000	59.863396	0.0	2242042	588	20.0
1608608768.43	20000	59.614383	0.0	1081763	157	20.0
1608608769.25	20000	59.865402	0.0	2409013	292	20.0
1608608770.46	20000	59.616389	0.0	1615028	185	20.0
1608608771.15	20000	59.867404	0.0	1413467	169	20.0
1608608772.37	20000	59.8685	0.0	1632450	199	20.0
1608608773.32	20000	59.689393	0.0	5664827	900	20.0
1608608774.23	20000	59.773471	0.0	4578115	879	20.0
1608608775.15	20000	59.871501	0.0	1783835	396	20.0
1608608776.43	20000	59.622488	0.0	1093613	261	20.0
1608608777.17	20000	59.87346	0.0	975642	213	20.0
1608608778.5	20000	59.624452	0.0	1658005	316	20.0
1608608779.45	20000	59.62541	0.0	3055257	424	20.0
1608608780.3	20000	59.712813	0.0	5355572	805	20.0
1608608781.32	20000	59.877471	0.0	3278424	486	20.0
1608608782.2	20000	59.878462	0.0	2318501	355	20.0
1608608783.62	20000	59.629482	0.0	2473561	392	20.0
1608608784.44	20000	59.630383	0.0	1730311	296	20.0
1608608785.21	20000	59.881398	0.0	1455812	256	20.0
1608608786.23	20000	59.882379	0.0	2869222	481	20.0
1608608787.24	20000	59.883399	0.0	3226650	483	20.0
1608608788.62	20000	59.634372	0.0	2705936	347	20.0
1608608789.47	20000	59.635464	0.0	2998622	328	20.0
1608608790.31	20000	59.874008	0.0	2928342	314	20.0
1608608791.18	20000	59.887505	0.0	3059979	341	20.0
1608608792.14	20000	59.888471	0.0	3367422	431	20.0
1608608793.48	20000	59.639401	0.0	1950694	310	20.0
1608608794.21	20000	59.890437	0.0	1541020	214	20.0
1608608795.18	20000	59.891397	0.0	2926720	438	20.0
1608608796.25	20000	59.892447	0.0	2991202	535	20.0
1608608797.39	20000	59.643398	0.0	3002106	612	20.0
1608608798.32	20000	59.894486	0.0	2015412	406	20.0
1608608799.4	20000	59.645412	0.0	2894863	550	20.0
1608608800.4	20000	59.646469	0.0	2185316	477	20.0
1608608801.46	20000	59.568584	0.0	3370605	1033	20.0
1608608802.6	20000	59.434427	0.0	3492243	1104	20.0
1608608803.51	20000	59.649432	0.0	1307592	385	20.0
1608608804.49	20000	59.650389	0.0	1881404	460	20.0
1608608805.37	20000	59.838863	0.0	1806471	354	20.0
1608608806.24	20000	59.896569	0.0	1945842	353	20.0
1608608807.22	20000	59.90339	0.0	2538877	448	20.0
1608608808.16	20000	59.904494	0.0	2298557	418	20.0
1608608809.32	20000	59.905389	0.0	2831497	628	20.0
1608608810.36	20000	59.681929	0.0	3200905	1010	20.0
1608608811.1	20000	59.945889	0.0	2180586	712	20.0
1608608812.6	20000	59.658286	0.0	1500505	480	20.0
1608608813.48	20000	59.659387	0.0	1939246	350	20.0
1608608814.21	20000	59.910465	0.0	1599193	211	20.0
1608608815.48	20000	59.661442	0.0	2364826	242	20.0
1608608816.23	20000	59.912474	0.0	2517454	219	20.0
1608608817.41	20000	59.663456	0.0	1883143	164	20.0
1608608818.6	20000	59.664355	0.0	1726706	151	20.0
1608608819.19	20000	59.915388	0.0	707364	74	20.0
1608608820.29	20000	59.916475	0.0	796460	81	20.0
1608608821.36	20000	59.917399	0.0	596962	52	20.0
1608608822.46	20000	59.668425	0.0	947625	85	20.0
1608608823.55	20000	59.669398	0.0	832859	70	20.0
1608608824.58	20000	59.670298	0.0	151562	12	20.0
1608608825.6	20000	59.671389	0.0	90390	6	20.0
1608608826.62	20000	59.67238	0.0	50278	3	20.0
1608608827.63	20000	59.673256	0.0	26471	1	20.0
1608608828.15	20000	59.924447	0.0	40620	1	20.0
1608608828.52	4000	1.000999	0.066	334032	54	-1.3200000000000003
1608608836.41	20000	1.342457	6.952	11007815	7787	-135.04
1608608837.16	20000	1.590674	0.0	8849724	696	20.0
1608608837.38	20000	2.396334	0.0	3191121	186	20.0
1608608837.5	20000	3.279267	0.0	1661718	97	20.0
1608608837.6	20000	4.180663	0.0	1315024	76	20.0
1608608837.65	20000	5.125356	0.0	698359	40	20.0
1608608837.71	20000	6.069252	0.0	730082	41	20.0
1608608837.98	20000	6.825058	0.0	4047415	235	20.0
1608608838.17	20000	7.629716	0.0	2863079	167	20.0
1608608838.45	20000	8.353531	0.0	4167844	244	20.0
1608608838.84	20000	8.96924	0.0	5571764	342	20.0
1608608839.3	20000	9.501529	0.0	4925652	423	20.0
1608608839.5	20000	10.305851	0.0	2030157	173	20.0
1608608839.72	20000	11.091272	0.0	2240782	191	20.0
1608608840.0	20000	11.807611	0.0	2211169	259	20.0
1608608840.06	20000	12.746539	0.0	382046	45	20.0
1608608840.22	20000	13.591935	0.0	1113969	137	20.0
1608608840.34	20000	14.475396	0.0	820127	100	20.0
1608608841.27	20000	14.540797	0.0	6357933	889	20.0
1608608842.06	20000	14.756211	0.0	4814284	748	20.0
1608608842.61	20000	15.204962	0.0	3419258	522	20.0
1608608843.18	20000	15.633178	0.0	3944328	532	20.0
1608608843.77	20000	16.042144	0.0	4284196	554	20.0
1608608844.15	20000	16.665349	0.0	3022025	349	20.0
1608608844.44	20000	17.383106	0.0	2248581	259	20.0
1608608845.68	20000	17.135308	0.0	9946363	1188	20.0
1608608847.39	20000	16.430776	0.0	11684632	1634	20.0
1608608847.67	20000	17.149729	0.0	1849732	260	20.0
1608608847.95	20000	17.875829	0.0	1942795	253	20.0
1608608848.19	20000	18.637745	0.0	1704756	215	20.0
1608608848.42	20000	19.404418	0.0	1697111	208	20.0
1608608848.63	20000	20.196826	0.0	1529441	188	20.0
1608608848.84	20000	20.985877	0.0	1568649	189	20.0
1608608849.05	20000	21.77685	0.0	1677618	188	20.0
