1608619915.36	4000	1.000999	0.014	60629	4	-0.28000000000000025
1608619916.58	20000	1.49454	0.675	11007815	1045	-9.5
1608619917.63	20000	1.677631	0.0	8849724	924	20.0
1608619918.09	20000	2.318595	0.0	3191121	366	20.0
1608619918.38	20000	3.026684	0.0	1661718	204	20.0
1608619918.63	20000	3.800518	0.0	1315024	163	20.0
1608619918.8	20000	4.631798	0.0	698359	85	20.0
1608619918.97	20000	5.459235	0.0	730082	89	20.0
1608619919.57	20000	5.867841	0.0	4047415	492	20.0
1608619920.01	20000	6.431481	0.0	2863079	345	20.0
1608619920.59	20000	6.8464	0.0	4167844	478	20.0
1608619921.33	20000	7.110952	0.0	5571764	629	20.0
1608619921.98	20000	7.45614	0.0	4925652	551	20.0
1608619922.3	20000	8.142448	0.0	2030157	225	20.0
1608619922.64	20000	8.801854	0.0	2240782	252	20.0
1608619922.98	20000	9.465066	0.0	2211169	248	20.0
1608619923.1	20000	10.343956	0.0	382046	41	20.0
1608619923.31	20000	11.131358	0.0	1113969	131	20.0
1608619923.49	20000	11.952397	0.0	820127	99	20.0
1608619924.36	20000	12.085232	0.0	6357933	755	20.0
1608619924.97	20000	12.488042	0.0	4814284	495	20.0
1608619925.4	20000	13.050959	0.0	3419258	332	20.0
1608619925.85	20000	13.593533	0.0	3944328	362	20.0
1608619926.36	20000	14.093762	0.0	4284196	401	20.0
1608619926.76	20000	14.690483	0.0	3022025	307	20.0
1608619927.08	20000	15.375415	0.0	2248581	227	20.0
1608619928.15	20000	15.298524	0.0	9946363	944	20.0
1608619929.5	20000	14.950542	0.0	11684632	1206	20.0
1608619929.8	20000	15.655763	0.0	1849732	207	20.0
1608619930.1	20000	16.350273	0.0	1942795	218	20.0
1608619930.37	20000	17.085997	0.0	1704756	177	20.0
1608619930.62	20000	17.834031	0.0	1697111	167	20.0
1608619930.86	20000	18.598703	0.0	1529441	151	20.0
1608619931.1	20000	19.358919	0.0	1568649	154	20.0
1608619931.35	20000	20.113656	0.0	1677618	160	20.0
1608619931.56	20000	20.898701	0.0	1415096	131	20.0
1608619931.82	20000	21.636606	0.0	1894067	176	20.0
1608619932.02	20000	22.443684	0.0	1186604	110	20.0
1608619932.21	20000	23.251514	0.0	1068386	98	20.0
1608619932.47	20000	23.996017	0.0	1700843	169	20.0
1608619932.81	20000	24.652371	0.0	2536859	254	20.0
1608619933.39	20000	25.077229	0.0	4742872	475	20.0
1608619933.99	20000	25.479538	0.0	4955535	494	20.0
1608619934.2	20000	26.271074	0.0	1260540	125	20.0
1608619934.63	20000	26.842053	0.0	3605246	332	20.0
1608619934.97	20000	27.498183	0.0	2770338	254	20.0
1608619935.23	20000	28.242279	0.0	1855168	170	20.0
1608619935.49	20000	28.979915	0.0	1666915	178	20.0
1608619935.75	20000	29.729672	0.0	1555467	166	20.0
1608619935.94	20000	30.532912	0.0	1008919	106	20.0
1608619936.16	20000	31.315961	0.0	1227619	130	20.0
1608619936.37	20000	32.110354	0.0	1015853	124	20.0
1608619936.5	20000	32.977643	0.0	384076	53	20.0
1608619936.62	20000	33.858431	0.0	295687	40	20.0
1608619936.9	20000	34.582821	0.0	1328674	190	20.0
1608619937.2	20000	35.284355	0.0	1492829	214	20.0
1608619937.51	20000	35.97071	0.0	1484812	229	20.0
1608619937.89	20000	36.589093	0.0	1868314	296	20.0
1608619938.18	20000	37.298665	0.0	1253406	197	20.0
1608619938.4	20000	38.080981	0.0	887933	135	20.0
1608619938.66	20000	38.820808	0.0	1153403	175	20.0
1608619938.94	20000	39.547082	0.0	1249023	191	20.0
1608619939.25	20000	40.241082	0.0	1423973	218	20.0
1608619939.5	20000	40.989447	0.0	1060162	170	20.0
1608619939.75	20000	41.735727	0.0	1080597	172	20.0
1608619940.02	20000	42.468412	0.0	1156442	185	20.0
1608619940.43	20000	43.060106	0.0	2222640	320	20.0
1608619940.83	20000	43.66528	0.0	2587311	304	20.0
1608619941.17	20000	44.319223	0.0	2178351	256	20.0
1608619941.56	20000	44.939001	0.0	3121089	289	20.0
1608619941.89	20000	45.601093	0.0	2857420	246	20.0
1608619942.13	20000	46.370465	0.0	1702477	147	20.0
1608619942.34	20000	47.156988	0.0	1531670	131	20.0
1608619942.6	20000	47.902242	0.0	1863424	169	20.0
1608619942.86	20000	48.63614	0.0	1987392	180	20.0
1608619943.18	20000	49.318684	0.0	2505586	227	20.0
1608619944.25	20000	49.247307	0.0	9620218	942	20.0
1608619944.61	20000	49.890777	0.0	2561608	264	20.0
1608619945.09	20000	50.416331	0.0	3633991	379	20.0
1608619945.53	20000	50.973099	0.0	3324070	349	20.0
1608619945.78	20000	51.723541	0.0	1560020	165	20.0
1608619946.02	20000	52.488174	0.0	1429188	150	20.0
1608619946.29	20000	53.216902	0.0	1754144	186	20.0
1608619946.53	20000	53.974208	0.0	1626020	159	20.0
1608619946.79	20000	54.721142	0.0	1739228	169	20.0
1608619947.04	20000	55.467665	0.0	1722735	168	20.0
1608619947.28	20000	56.232324	0.0	1538145	149	20.0
1608619947.51	20000	57.000659	0.0	1473412	146	20.0
1608619947.75	20000	57.76624	0.0	1498968	151	20.0
1608619948.07	20000	58.444761	0.0	2247334	224	20.0
1608619948.52	20000	58.991173	0.0	3156442	361	20.0
1608619948.89	20000	59.625546	0.0	1895098	280	20.0
1608619949.77	20000	59.810392	0.0	1939135	287	20.0
1608619951.2	20000	59.561299	0.0	1842874	347	20.0
1608619951.61	20000	59.908329	0.0	2235830	315	20.0
1608619953.02	20000	59.563384	0.0	2202171	312	20.0
1608619953.99	20000	59.564273	0.0	2242042	383	20.0
1608619954.76	20000	59.815367	0.0	1081763	186	20.0
1608619956.19	20000	59.566368	0.0	2409013	337	20.0
1608619956.95	20000	59.817344	0.0	1615028	174	20.0
1608619958.19	20000	59.568317	0.0	1413467	144	20.0
1608619958.94	20000	59.818842	0.0	1632450	161	20.0
1608619959.63	20000	59.898781	0.0	5664827	583	20.0
1608619960.75	20000	59.821377	0.0	4578115	519	20.0
1608619962.04	20000	59.5724	0.0	1783835	203	20.0
1608619962.75	20000	59.823364	0.0	1093613	118	20.0
1608619963.92	20000	59.824377	0.0	975642	87	20.0
1608619965.16	20000	59.575385	0.0	1658005	147	20.0
1608619965.98	20000	59.576384	0.0	3055257	228	20.0
1608619966.92	20000	59.776751	0.0	5355572	334	20.0
1608619967.71	20000	59.828355	0.0	3278424	199	20.0
1608619968.95	20000	59.82933	0.0	2318501	145	20.0
1608619969.72	20000	59.830348	0.0	2473561	171	20.0
1608619970.93	20000	59.831368	0.0	1730311	123	20.0
1608619972.12	20000	59.58232	0.0	1455812	111	20.0
1608619972.92	20000	59.832379	0.0	2869222	207	20.0
1608619973.74	20000	59.834315	0.0	3226650	216	20.0
1608619975.02	20000	59.58536	0.0	2705936	190	20.0
1608619975.83	20000	59.836298	0.0	2998622	212	20.0
1608619977.14	20000	59.587255	0.0	2928342	215	20.0
1608619977.97	20000	59.588213	0.0	3059979	242	20.0
1608619978.85	20000	59.839331	0.0	3367422	276	20.0
1608619980.09	20000	59.590376	0.0	1950694	158	20.0
1608619980.8	20000	59.841359	0.0	1541020	122	20.0
1608619982.14	20000	59.592386	0.0	2926720	250	20.0
1608619983.02	20000	59.593293	0.0	2991202	286	20.0
1608619983.96	20000	59.59433	0.0	3002106	347	20.0
1608619984.77	20000	59.84533	0.0	2015412	226	20.0
1608619986.16	20000	59.596321	0.0	2894863	294	20.0
1608619986.57	20000	59.98594	0.0	2185316	321	20.0
1608619988.2	20000	59.598299	0.0	3370605	523	20.0
1608619988.76	20000	59.793896	0.0	3492243	468	20.0
1608619990.03	20000	59.600379	0.0	1307592	185	20.0
1608619990.89	20000	59.851267	0.0	1881404	272	20.0
1608619991.72	20000	59.852295	0.0	1806471	240	20.0
1608619993.02	20000	59.603361	0.0	1945842	213	20.0
1608619993.87	20000	59.853646	0.0	2538877	248	20.0
1608619995.19	20000	59.605282	0.0	2298557	232	20.0
1608619995.62	20000	59.946413	0.0	2831497	331	20.0
1608619997.07	20000	59.607288	0.0	3200905	352	20.0
1608619997.86	20000	59.858281	0.0	2180586	198	20.0
1608619999.08	20000	59.609227	0.0	1500505	128	20.0
1608619999.84	20000	59.860287	0.0	1939246	164	20.0
1608620001.06	20000	59.611109	0.0	1599193	131	20.0
1608620001.84	20000	59.862173	0.0	2364826	186	20.0
1608620003.13	20000	59.613257	0.0	2517454	199	20.0
1608620003.85	20000	59.864343	0.0	1883143	140	20.0
1608620005.06	20000	59.615352	0.0	1726706	115	20.0
1608620006.19	20000	59.616358	0.0	707364	47	20.0
1608620006.82	20000	59.867411	0.0	796460	51	20.0
1608620007.94	20000	59.868372	0.0	596962	37	20.0
1608620009.09	20000	59.61938	0.0	947625	63	20.0
1608620009.73	20000	59.870362	0.0	832859	59	20.0
1608620010.83	20000	59.871351	0.0	151562	10	20.0
1608620011.91	20000	59.872379	0.0	90390	6	20.0
1608620012.97	20000	59.623375	0.0	50278	3	20.0
1608620014.02	20000	59.62429	0.0	26471	4	20.0
1608620015.07	20000	59.625259	0.0	40620	2	20.0
1608620015.4	4000	1.000999	0.037	334032	26	-0.7400000000000002
1608620016.59	20000	1.319412	0.222	11007815	1020	-0.4400000000000013
1608620017.58	20000	1.351938	0.0	8849724	867	20.0
1608620018.01	20000	1.948016	0.0	3191121	324	20.0
1608620018.27	20000	2.685683	0.0	1661718	175	20.0
1608620018.49	20000	3.463329	0.0	1315024	139	20.0
1608620018.64	20000	4.311596	0.0	698359	72	20.0
1608620018.8	20000	5.156246	0.0	730082	76	20.0
1608620019.38	20000	5.578878	0.0	4047415	481	20.0
1608620019.81	20000	6.147284	0.0	2863079	340	20.0
1608620020.39	20000	6.568169	0.0	4167844	483	20.0
1608620021.12	20000	6.843685	0.0	5571764	617	20.0
1608620021.73	20000	7.226973	0.0	4925652	516	20.0
1608620022.04	20000	7.924372	0.0	2030157	216	20.0
1608620022.37	20000	8.597574	0.0	2240782	240	20.0
1608620022.69	20000	9.273906	0.0	2211169	237	20.0
1608620022.81	20000	10.156339	0.0	382046	40	20.0
1608620023.01	20000	10.953802	0.0	1113969	121	20.0
1608620023.18	20000	11.785439	0.0	820127	88	20.0
1608620024.01	20000	11.962781	0.0	6357933	716	20.0
1608620024.7	20000	12.26911	0.0	4814284	592	20.0
1608620025.21	20000	12.75727	0.0	3419258	418	20.0
1608620025.79	20000	13.177043	0.0	3944328	483	20.0
1608620026.44	20000	13.529561	0.0	4284196	549	20.0
1608620026.93	20000	14.042785	0.0	3022025	390	20.0
1608620027.34	20000	14.632508	0.0	2248581	320	20.0
1608620028.87	20000	14.109952	0.0	9946363	1393	20.0
1608620030.92	20000	13.056938	0.0	11684632	1916	20.0
1608620031.31	20000	13.671254	0.0	1849732	298	20.0
1608620031.71	20000	14.270853	0.0	1942795	313	20.0
1608620032.05	20000	14.934469	0.0	1704756	250	20.0
1608620032.37	20000	15.61319	0.0	1697111	235	20.0
1608620032.67	20000	16.315188	0.0	1529441	213	20.0
1608620032.98	20000	17.006824	0.0	1568649	222	20.0
1608620033.32	20000	17.66384	0.0	1677618	258	20.0
