1608530266.81	4000	1.000999	0.042	60629	1	-1.3440000000000003
1608530267.81	16000	1.372965	0.321	11007815	902	-6.272
1608530268.55	16000	1.861291	0.0	8849724	671	16.0
1608530268.81	16000	2.593413	0.0	3191121	238	16.0
1608530268.96	16000	3.475949	0.0	1661718	124	16.0
1608530269.07	16000	4.359819	0.0	1315024	98	16.0
1608530269.14	16000	5.293039	0.0	698359	51	16.0
1608530269.21	16000	6.225264	0.0	730082	53	16.0
1608530269.55	16000	6.907137	0.0	4047415	304	16.0
1608530269.75	16000	7.709826	0.0	2863079	172	16.0
1608530270.03	16000	8.431663	0.0	4167844	249	16.0
1608530270.4	16000	9.057969	0.0	5571764	332	16.0
1608530270.74	16000	9.72094	0.0	4925652	302	16.0
1608530270.89	16000	10.570308	0.0	2030157	130	16.0
1608530271.06	16000	11.406338	0.0	2240782	143	16.0
1608530271.22	16000	12.24494	0.0	2211169	141	16.0
1608530271.25	16000	13.210186	0.0	382046	24	16.0
1608530271.35	16000	14.119854	0.0	1113969	70	16.0
1608530271.41	16000	15.050955	0.0	820127	52	16.0
1608530271.88	16000	15.591874	0.0	6357933	420	16.0
1608530272.24	16000	16.231899	0.0	4814284	324	16.0
1608530272.5	16000	16.97353	0.0	3419258	232	16.0
1608530272.76	16000	17.710052	0.0	3944328	235	16.0
1608530273.04	16000	18.439128	0.0	4284196	240	16.0
1608530273.23	16000	19.239212	0.0	3022025	168	16.0
1608530273.38	16000	20.09338	0.0	2248581	125	16.0
1608530274.02	16000	20.451704	0.0	9946363	584	16.0
1608530274.8	16000	20.675653	0.0	11684632	707	16.0
1608530274.93	16000	21.543614	0.0	1849732	111	16.0
1608530275.08	16000	22.405944	0.0	1942795	117	16.0
1608530275.2	16000	23.277759	0.0	1704756	100	16.0
1608530275.32	16000	24.157567	0.0	1697111	102	16.0
1608530275.43	16000	25.047359	0.0	1529441	91	16.0
1608530275.55	16000	25.935631	0.0	1568649	94	16.0
1608530275.66	16000	26.819264	0.0	1677618	97	16.0
1608530275.76	16000	27.725274	0.0	1415096	76	16.0
1608530275.88	16000	28.601379	0.0	1894067	102	16.0
1608530275.96	16000	29.520657	0.0	1186604	65	16.0
1608530276.04	16000	30.447356	0.0	1068386	58	16.0
1608530276.15	16000	31.335808	0.0	1700843	92	16.0
1608530276.31	16000	32.174116	0.0	2536859	138	16.0
1608530276.61	16000	32.879527	0.0	4742872	259	16.0
1608530276.9	16000	33.595023	0.0	4955535	247	16.0
1608530276.99	16000	34.505931	0.0	1260540	63	16.0
1608530277.2	16000	35.295636	0.0	3605246	179	16.0
1608530277.36	16000	36.133705	0.0	2770338	139	16.0
1608530277.47	16000	37.020191	0.0	1855168	92	16.0
1608530277.58	16000	37.919091	0.0	1666915	82	16.0
1608530277.67	16000	38.823962	0.0	1555467	78	16.0
1608530277.74	16000	39.757549	0.0	1008919	51	16.0
1608530277.82	16000	40.680025	0.0	1227619	63	16.0
1608530277.88	16000	41.614896	0.0	1015853	52	16.0
1608530277.91	16000	42.585576	0.0	384076	19	16.0
1608530277.94	16000	43.561578	0.0	295687	15	16.0
1608530278.02	16000	44.479917	0.0	1328674	68	16.0
1608530278.12	16000	45.386658	0.0	1492829	76	16.0
1608530278.21	16000	46.295151	0.0	1484812	76	16.0
1608530278.32	16000	47.1807	0.0	1868314	96	16.0
1608530278.41	16000	48.099842	0.0	1253406	64	16.0
1608530278.47	16000	49.038241	0.0	887933	45	16.0
1608530278.54	16000	49.963575	0.0	1153403	58	16.0
1608530278.63	16000	50.882726	0.0	1249023	65	16.0
1608530278.71	16000	51.800666	0.0	1423973	64	16.0
1608530278.77	16000	52.737178	0.0	1060162	48	16.0
1608530278.84	16000	53.672637	0.0	1080597	48	16.0
1608530278.91	16000	54.604873	0.0	1156442	52	16.0
1608530279.03	16000	55.482743	0.0	2222640	100	16.0
1608530279.17	16000	56.344103	0.0	2587311	117	16.0
1608530279.29	16000	57.225715	0.0	2178351	98	16.0
1608530279.46	16000	58.061094	0.0	3121089	140	16.0
1608530279.61	16000	58.908907	0.0	2857420	128	16.0
1608530279.7	16000	59.813931	0.0	1702477	76	16.0
1608530280.79	16000	59.845935	0.0	1531670	68	16.0
1608530281.9	16000	59.846932	0.0	1863424	83	16.0
1608530283.02	16000	59.598045	0.0	1987392	99	16.0
1608530283.7	16000	59.848928	0.0	2505586	140	16.0
1608530284.8	16000	59.850026	0.0	9620218	547	16.0
1608530285.95	16000	59.60104	0.0	2561608	126	16.0
1608530286.7	16000	59.852047	0.0	3633991	216	16.0
1608530287.9	16000	59.85302	0.0	3324070	182	16.0
1608530289.01	16000	59.60404	0.0	1560020	88	16.0
1608530290.11	16000	59.605036	0.0	1429188	81	16.0
1608530290.74	16000	59.856038	0.0	1754144	98	16.0
1608530291.85	16000	59.857037	0.0	1626020	90	16.0
1608530292.98	16000	59.608027	0.0	1739228	109	16.0
1608530294.1	16000	59.609035	0.0	1722735	98	16.0
1608530294.7	16000	59.860022	0.0	1538145	80	16.0
1608530295.8	16000	59.860926	0.0	1473412	78	16.0
1608530296.9	16000	59.862	0.0	1498968	77	16.0
1608530298.05	16000	59.613034	0.0	2247334	127	16.0
1608530298.76	16000	59.86403	0.0	3156442	190	16.0
1608530299.9	16000	59.865011	0.0	1895098	115	16.0
1608530301.03	16000	59.616028	0.0	1939135	107	16.0
1608530302.17	16000	59.617023	0.0	1842874	109	16.0
1608530302.85	16000	59.867974	0.0	2235830	158	16.0
1608530304.0	16000	59.619021	0.0	2202171	134	16.0
1608530304.69	16000	59.869889	0.0	2242042	157	16.0
1608530305.78	16000	59.870982	0.0	1081763	76	16.0
1608530306.99	16000	59.622031	0.0	2409013	185	16.0
1608530308.14	16000	59.623022	0.0	1615028	132	16.0
1608530308.8	16000	59.873987	0.0	1413467	139	16.0
1608530309.94	16000	59.625022	0.0	1632450	120	16.0
1608530310.95	16000	59.625954	0.0	5664827	463	16.0
1608530311.9	16000	59.876948	0.0	4578115	415	16.0
1608530312.7	16000	59.877934	0.0	1783835	279	16.0
1608530313.87	16000	59.879028	0.0	1093613	146	16.0
1608530314.99	16000	59.629968	0.0	975642	95	16.0
1608530315.72	16000	59.881024	0.0	1658005	214	16.0
1608530317.14	16000	59.632025	0.0	3055257	396	16.0
1608530317.74	16000	59.816124	0.0	5355572	558	16.0
1608530319.16	16000	59.634014	0.0	3278424	388	16.0
1608530320.05	16000	59.635013	0.0	2318501	363	16.0
1608530320.97	16000	59.635918	0.0	2473561	402	16.0
1608530321.76	16000	59.887022	0.0	1730311	265	16.0
1608530322.96	16000	59.637936	0.0	1455812	182	16.0
1608530323.71	16000	59.889024	0.0	2869222	223	16.0
1608530325.02	16000	59.640008	0.0	3226650	284	16.0
1608530325.83	16000	59.891021	0.0	2705936	278	16.0
1608530327.13	16000	59.642024	0.0	2998622	280	16.0
1608530327.86	16000	59.893018	0.0	2928342	203	16.0
1608530329.08	16000	59.64398	0.0	3059979	186	16.0
1608530329.84	16000	59.895025	0.0	3367422	230	16.0
1608530330.99	16000	59.645955	0.0	1950694	129	16.0
1608530332.13	16000	59.64693	0.0	1541020	112	16.0
1608530332.85	16000	59.897975	0.0	2926720	186	16.0
1608530334.1	16000	59.649026	0.0	2991202	225	16.0
1608530334.81	16000	59.900033	0.0	3002106	182	16.0
1608530335.95	16000	59.651024	0.0	2015412	124	16.0
1608530336.71	16000	59.902023	0.0	2894863	232	16.0
1608530337.91	16000	59.903011	0.0	2185316	175	16.0
1608530338.72	16000	59.903923	0.0	3370605	277	16.0
1608530340.06	16000	59.65502	0.0	3492243	313	16.0
1608530340.69	16000	59.906037	0.0	1307592	100	16.0
1608530341.85	16000	59.907021	0.0	1881404	147	16.0
1608530343.06	16000	59.658009	0.0	1806471	187	16.0
1608530343.83	16000	59.909028	0.0	1945842	244	16.0
1608530345.15	16000	59.66001	0.0	2538877	297	16.0
1608530345.95	16000	59.661021	0.0	2298557	280	16.0
1608530346.87	16000	59.912003	0.0	2831497	390	16.0
1608530347.86	16000	59.912955	0.0	3200905	463	16.0
1608530348.69	16000	59.913974	0.0	2180586	298	16.0
1608530349.9	16000	59.914986	0.0	1500505	188	16.0
1608530351.17	16000	59.665958	0.0	1939246	251	16.0
1608530351.99	16000	59.667018	0.0	1599193	294	16.0
1608530352.85	16000	59.91804	0.0	2364826	335	16.0
1608530353.74	16000	59.919022	0.0	2517454	373	16.0
1608530355.12	16000	59.670026	0.0	1883143	355	16.0
1608530355.87	16000	59.921023	0.0	1726706	227	16.0
1608530356.98	16000	59.671939	0.0	707364	92	16.0
1608530358.08	16000	59.673	0.0	796460	81	16.0
1608530359.15	16000	59.674016	0.0	596962	54	16.0
1608530359.74	16000	59.925017	0.0	947625	78	16.0
1608530360.83	16000	59.926028	0.0	832859	68	16.0
1608530361.85	16000	59.927047	0.0	151562	10	16.0
1608530362.87	16000	59.928047	0.0	90390	4	16.0
1608530363.88	16000	59.929038	0.0	50278	2	16.0
1608530364.9	16000	59.930009	0.0	26471	3	16.0
1608530365.91	16000	59.931025	0.0	40620	1	16.0
1608530366.22	4000	1.000999	0.029	335737	17	-0.9279999999999999
1608530366.91	16000	1.59486	0.0	11007815	568	4.0
1608530367.43	16000	2.067285	0.0	8849724	463	16.0
1608530367.64	16000	2.865958	0.0	3191121	172	16.0
1608530367.75	16000	3.757845	0.0	1661718	88	16.0
1608530367.83	16000	4.671315	0.0	1315024	71	16.0
1608530367.88	16000	5.621923	0.0	698359	37	16.0
1608530367.93	16000	6.57165	0.0	730082	38	16.0
1608530368.18	16000	7.351381	0.0	4047415	217	16.0
1608530368.38	16000	8.157182	0.0	2863079	169	16.0
1608530368.66	16000	8.901114	0.0	4167844	247	16.0
1608530369.03	16000	9.528245	0.0	5571764	330	16.0
1608530369.38	16000	10.179142	0.0	4925652	311	16.0
1608530369.54	16000	11.023083	0.0	2030157	136	16.0
1608530369.71	16000	11.852539	0.0	2240782	149	16.0
1608530369.88	16000	12.682856	0.0	2211169	148	16.0
1608530369.92	16000	13.645565	0.0	382046	25	16.0
1608530370.01	16000	14.555201	0.0	1113969	73	16.0
1608530370.08	16000	15.488293	0.0	820127	54	16.0
1608530370.6	16000	15.969464	0.0	6357933	475	16.0
1608530371.01	16000	16.564744	0.0	4814284	372	16.0
1608530371.31	16000	17.265708	0.0	3419258	272	16.0
1608530371.67	16000	17.901638	0.0	3944328	334	16.0
1608530372.07	16000	18.506501	0.0	4284196	362	16.0
1608530372.36	16000	19.212344	0.0	3022025	269	16.0
1608530372.6	16000	19.979964	0.0	2248581	211	16.0
1608530373.61	16000	19.963291	0.0	9946363	955	16.0
1608530374.83	16000	19.750078	0.0	11684632	1145	16.0
1608530375.03	16000	20.552945	0.0	1849732	177	16.0
1608530375.23	16000	21.345659	0.0	1942795	186	16.0
1608530375.42	16000	22.158464	0.0	1704756	168	16.0
1608530375.61	16000	22.971564	0.0	1697111	167	16.0
1608530375.78	16000	23.802988	0.0	1529441	151	16.0
1608530375.95	16000	24.630878	0.0	1568649	154	16.0
