1609191852.25	4000	1.000999	0.014	60629	4	-0.28000000000000025
1609191853.54	16000	1.4559	0.713	11007815	1109	-10.26
1609191854.63	20000	1.580337	0.0	8849724	977	16.0
1609191855.11	20000	2.205272	0.0	3191121	383	20.0
1609191855.42	20000	2.92006	0.0	1661718	220	20.0
1609191855.68	20000	3.661586	0.0	1315024	173	20.0
1609191855.85	20000	4.488147	0.0	698359	91	20.0
1609191856.03	20000	5.311566	0.0	730082	95	20.0
1609191856.84	20000	5.504252	0.0	4047415	701	20.0
1609191857.4	20000	5.94858	0.0	2863079	463	20.0
1609191858.14	20000	6.203591	0.0	4167844	648	20.0
1609191858.97	20000	6.371794	0.0	5571764	726	20.0
1609191859.68	20000	6.670646	0.0	4925652	600	20.0
1609191860.01	20000	7.33664	0.0	2030157	246	20.0
1609191860.42	20000	7.92929	0.0	2240782	318	20.0
1609191860.83	20000	8.528706	0.0	2211169	313	20.0
1609191860.96	20000	9.387565	0.0	382046	53	20.0
1609191861.22	20000	10.134685	0.0	1113969	168	20.0
1609191861.44	20000	10.915109	0.0	820127	130	20.0
1609191862.5	20000	10.854048	0.0	6357933	954	20.0
1609191863.26	20000	11.099088	0.0	4814284	653	20.0
1609191863.82	20000	11.536792	0.0	3419258	470	20.0
1609191864.49	20000	11.867205	0.0	3944328	574	20.0
1609191865.27	20000	12.089429	0.0	4284196	676	20.0
1609191865.95	20000	12.404312	0.0	3022025	584	20.0
1609191866.62	20000	12.739938	0.0	2248581	574	20.0
1609191868.94	20000	11.419998	0.0	9946363	2189	20.0
1609191871.4	20000	9.956896	0.0	11684632	2324	20.0
1609191871.84	20000	10.520042	0.0	1849732	352	20.0
1609191872.29	20000	11.06914	0.0	1942795	366	20.0
1609191872.7	20000	11.663514	0.0	1704756	321	20.0
1609191873.11	20000	12.259802	0.0	1697111	319	20.0
1609191873.47	20000	12.897718	0.0	1529441	278	20.0
1609191873.84	20000	13.527435	0.0	1568649	286	20.0
1609191874.23	20000	14.133924	0.0	1677618	307	20.0
1609191874.6	20000	14.773831	0.0	1415096	278	20.0
1609191875.06	20000	15.314984	0.0	1894067	374	20.0
1609191875.31	20000	16.059551	0.0	1186604	166	20.0
1609191875.54	20000	16.835793	0.0	1068386	141	20.0
1609191875.85	20000	17.526704	0.0	1700843	226	20.0
1609191876.25	20000	18.11962	0.0	2536859	318	20.0
1609191876.85	20000	18.526073	0.0	4742872	490	20.0
1609191877.56	20000	18.818129	0.0	4955535	609	20.0
1609191877.82	20000	19.556068	0.0	1260540	179	20.0
1609191878.48	20000	19.90329	0.0	3605246	559	20.0
1609191879.04	20000	20.337368	0.0	2770338	474	20.0
1609191879.38	20000	21.000564	0.0	1855168	251	20.0
1609191879.67	20000	21.708861	0.0	1666915	206	20.0
1609191879.95	20000	22.432377	0.0	1555467	192	20.0
1609191880.16	20000	23.22612	0.0	1008919	124	20.0
1609191880.39	20000	23.997402	0.0	1227619	140	20.0
1609191880.59	20000	24.79969	0.0	1015853	114	20.0
1609191880.71	20000	25.678366	0.0	384076	43	20.0
1609191880.82	20000	26.568451	0.0	295687	32	20.0
1609191881.05	20000	27.335446	0.0	1328674	151	20.0
1609191881.32	20000	28.072734	0.0	1492829	179	20.0
1609191881.59	20000	28.800315	0.0	1484812	190	20.0
1609191881.92	20000	29.474814	0.0	1868314	240	20.0
1609191882.16	20000	30.231851	0.0	1253406	160	20.0
1609191882.41	20000	30.97882	0.0	887933	171	20.0
1609191882.72	20000	31.673907	0.0	1153403	223	20.0
1609191883.05	20000	32.350942	0.0	1249023	242	20.0
1609191883.46	20000	32.932433	0.0	1423973	330	20.0
1609191883.82	20000	33.578922	0.0	1060162	272	20.0
1609191884.18	20000	34.220858	0.0	1080597	277	20.0
1609191884.49	20000	34.904616	0.0	1156442	235	20.0
1609191885.04	20000	35.36038	0.0	2222640	455	20.0
1609191885.59	20000	35.807968	0.0	2587311	463	20.0
1609191886.06	20000	36.343295	0.0	2178351	377	20.0
1609191886.68	20000	36.724421	0.0	3121089	525	20.0
1609191887.25	20000	37.151392	0.0	2857420	480	20.0
1609191887.8	20000	37.604327	0.0	1702477	461	20.0
1609191888.29	20000	38.113595	0.0	1531670	404	20.0
1609191888.79	20000	38.6153	0.0	1863424	412	20.0
1609191889.3	20000	39.117643	0.0	1987392	410	20.0
1609191889.61	20000	39.801037	0.0	2505586	221	20.0
1609191890.53	20000	39.877023	0.0	9620218	801	20.0
1609191890.81	20000	40.605307	0.0	2561608	182	20.0
1609191891.16	20000	41.252587	0.0	3633991	258	20.0
1609191891.52	20000	41.892322	0.0	3324070	267	20.0
1609191891.73	20000	42.681083	0.0	1560020	127	20.0
1609191891.93	20000	43.482362	0.0	1429188	116	20.0
1609191892.16	20000	44.256316	0.0	1754144	143	20.0
1609191892.38	20000	45.042052	0.0	1626020	130	20.0
1609191892.6	20000	45.8171	0.0	1739228	139	20.0
1609191892.83	20000	46.591638	0.0	1722735	138	20.0
1609191893.05	20000	47.377353	0.0	1538145	128	20.0
1609191893.25	20000	48.174486	0.0	1473412	117	20.0
1609191893.45	20000	48.970886	0.0	1498968	121	20.0
1609191893.72	20000	49.704354	0.0	2247334	181	20.0
1609191894.06	20000	50.359489	0.0	3156442	255	20.0
1609191894.3	20000	51.121186	0.0	1895098	153	20.0
1609191894.55	20000	51.876435	0.0	1939135	159	20.0
1609191894.79	20000	52.638599	0.0	1842874	151	20.0
1609191895.06	20000	53.366604	0.0	2235830	185	20.0
1609191895.33	20000	54.0992	0.0	2202171	179	20.0
1609191895.59	20000	54.839467	0.0	2242042	170	20.0
1609191895.76	20000	55.674189	0.0	1081763	81	20.0
1609191896.03	20000	56.402573	0.0	2409013	183	20.0
1609191896.24	20000	57.194584	0.0	1615028	122	20.0
1609191896.43	20000	58.009342	0.0	1413467	101	20.0
1609191896.63	20000	58.806256	0.0	1632450	117	20.0
1609191897.15	20000	59.288556	0.0	5664827	411	20.0
1609191897.59	20000	59.848608	0.0	4578115	336	20.0
1609191898.81	20000	59.857951	0.0	1783835	132	20.0
1609191899.99	20000	59.609233	0.0	1093613	86	20.0
1609191900.68	20000	59.860145	0.0	975642	100	20.0
1609191902.0	20000	59.611175	0.0	1658005	241	20.0
1609191903.06	20000	59.380995	0.0	3055257	696	20.0
1609191906.16	20000	57.288298	0.0	5355572	2986	20.0
1609191906.76	20000	57.683328	0.0	3278424	511	20.0
1609191907.17	20000	58.27884	0.0	2318501	315	20.0
1609191907.57	20000	58.875037	0.0	2473561	314	20.0
1609191907.87	20000	59.578225	0.0	1730311	210	20.0
1609191908.63	20000	59.868068	0.0	1455812	176	20.0
1609191910.03	20000	59.619229	0.0	2869222	302	20.0
1609191911.19	20000	59.256791	0.0	3226650	1070	20.0
1609191911.76	20000	59.687342	0.0	2705936	479	20.0
1609191912.83	20000	59.87216	0.0	2998622	471	20.0
1609191913.91	20000	59.623262	0.0	2928342	487	20.0
1609191914.96	20000	59.624239	0.0	3059979	448	20.0
1609191915.46	20000	59.993581	0.0	3367422	406	20.0
1609191916.71	20000	59.876164	0.0	1950694	164	20.0
1609191917.95	20000	59.627253	0.0	1541020	146	20.0
1609191918.48	20000	59.975054	0.0	2926720	438	20.0
1609191919.92	20000	59.629222	0.0	2991202	336	20.0
1609191920.75	20000	59.880162	0.0	3002106	242	20.0
1609191921.99	20000	59.631241	0.0	2015412	151	20.0
1609191922.82	20000	59.882156	0.0	2894863	239	20.0
1609191924.06	20000	59.633242	0.0	2185316	147	20.0
1609191924.47	20000	59.994156	0.0	3370605	318	20.0
1609191925.91	20000	59.63525	0.0	3492243	342	20.0
1609191926.61	20000	59.886163	0.0	1307592	111	20.0
1609191927.95	20000	59.637244	0.0	1881404	246	20.0
1609191928.68	20000	59.888182	0.0	1806471	152	20.0
1609191929.94	20000	59.639262	0.0	1945842	164	20.0
1609191930.91	20000	59.640241	0.0	2538877	383	20.0
1609191931.57	20000	59.903622	0.0	2298557	566	20.0
1609191932.72	20000	59.892131	0.0	2831497	560	20.0
1609191933.65	20000	59.821273	0.0	3200905	840	20.0
1609191935.01	20000	59.644245	0.0	2180586	274	20.0
1609191935.83	20000	59.645244	0.0	1500505	234	20.0
1609191936.7	20000	59.896151	0.0	1939246	277	20.0
1609191937.97	20000	59.647246	0.0	1599193	187	20.0
1609191938.81	20000	59.897823	0.0	2364826	245	20.0
1609191939.65	20000	59.899185	0.0	2517454	252	20.0
1609191940.95	20000	59.650254	0.0	1883143	200	20.0
1609191941.78	20000	59.901271	0.0	1726706	246	20.0
1609191942.94	20000	59.652246	0.0	707364	82	20.0
1609191943.61	20000	59.903263	0.0	796460	85	20.0
1609191944.75	20000	59.90424	0.0	596962	58	20.0
1609191945.93	20000	59.655245	0.0	947625	91	20.0
1609191946.59	20000	59.906236	0.0	832859	84	20.0
1609191947.69	20000	59.907146	0.0	151562	14	20.0
1609191948.77	20000	59.908145	0.0	90390	8	20.0
1609191949.83	20000	59.659259	0.0	50278	1	20.0
1609191950.88	20000	59.660266	0.0	26471	5	20.0
1609191951.92	20000	59.661255	0.0	40620	1	20.0
1609191952.26	4000	1.000999	0.034	334032	22	-0.6800000000000002
1609191953.08	20000	1.45982	0.0	11007815	648	4.0
1609191953.67	20000	1.864476	0.0	8849724	470	20.0
1609191953.93	20000	2.612497	0.0	3191121	157	20.0
1609191954.09	20000	3.474088	0.0	1661718	81	20.0
1609191954.24	20000	4.325375	0.0	1315024	64	20.0
1609191954.36	20000	5.204916	0.0	698359	40	20.0
1609191954.48	20000	6.088477	0.0	730082	35	20.0
1609191954.76	20000	6.827968	0.0	4047415	188	20.0
1609191954.98	20000	7.61242	0.0	2863079	126	20.0
1609191955.26	20000	8.333866	0.0	4167844	183	20.0
1609191955.61	20000	8.981768	0.0	5571764	244	20.0
1609191955.97	20000	9.627069	0.0	4925652	257	20.0
1609191956.16	20000	10.440309	0.0	2030157	101	20.0
1609191956.36	20000	11.241276	0.0	2240782	112	20.0
1609191956.55	20000	12.044083	0.0	2211169	112	20.0
1609191956.65	20000	12.946292	0.0	382046	18	20.0
1609191956.8	20000	13.803946	0.0	1113969	59	20.0
1609191956.92	20000	14.679574	0.0	820127	44	20.0
1609191957.38	20000	15.22685	0.0	6357933	344	20.0
1609191957.74	20000	15.86022	0.0	4814284	267	20.0
1609191958.07	20000	16.538005	0.0	3419258	229	20.0
1609191958.43	20000	17.177526	0.0	3944328	264	20.0
1609191958.82	20000	17.789617	0.0	4284196	293	20.0
1609191959.12	20000	18.487209	0.0	3022025	211	20.0
1609191959.37	20000	19.241029	0.0	2248581	157	20.0
1609191960.26	20000	19.350335	0.0	9946363	757	20.0
1609191961.38	20000	19.230028	0.0	11684632	988	20.0
1609191961.62	20000	19.987162	0.0	1849732	161	20.0
1609191961.88	20000	20.726391	0.0	1942795	174	20.0
1609191962.12	20000	21.489902	0.0	1704756	153	20.0
1609191962.36	20000	22.251482	0.0	1697111	153	20.0
1609191962.58	20000	23.030402	0.0	1529441	137	20.0
1609191962.82	20000	23.796139	0.0	1568649	149	20.0
1609191963.07	20000	24.547814	0.0	1677618	163	20.0
