1608611000.77	4000	1.000999	0.016	60629	7	-0.512
1608611003.1	20000	1.284246	1.58	11007815	2234	-46.56
1608611004.53	8000	1.381613	0.194	7078153	1375	-10.208
1608611005.02	8000	1.911855	0.0	1798447	470	8.0
1608611005.2	4000	2.73381	0.0	567502	158	0.0
1608611005.34	4000	3.589823	0.0	472646	131	4.0
1608611005.47	8000	4.465729	0.0	398693	110	4.0
1608611005.58	8000	5.354715	0.0	358785	98	8.0
1608611007.0	16000	4.938181	0.0	4047415	1383	8.0
1608611007.4	8000	5.530768	0.0	1382199	380	0.0
1608611008.28	8000	5.660257	0.0	2052265	851	8.0
1608611009.87	8000	5.062248	0.0	3005823	1573	8.0
1608611010.55	4000	5.386512	0.0	1928241	652	0.0
1608611010.81	4000	6.124903	0.0	898461	247	4.0
1608611011.07	4000	6.867546	0.0	929156	242	4.0
1608611011.32	4000	7.623148	0.0	886614	230	4.0
1608611011.35	4000	8.592716	0.0	90752	19	4.0
1608611011.51	8000	9.434378	0.0	555328	142	4.0
1608611011.76	16000	10.188122	0.0	820127	228	8.0
1608611013.8	16000	9.149498	0.0	6357933	1996	16.0
1608611014.33	8000	9.611203	0.0	3029729	509	0.0
1608611014.7	8000	10.248087	0.0	2083035	342	8.0
1608611015.03	8000	10.918445	0.0	2281353	305	8.0
1608611015.4	8000	11.546261	0.0	2599148	348	8.0
1608611015.68	8000	12.270026	0.0	1926191	258	8.0
1608611015.98	16000	12.966084	0.0	2248581	281	8.0
1608611017.24	20000	12.710515	0.0	9946363	1194	16.0
1608611018.72	16000	12.227652	0.0	11684632	1414	12.0
1608611018.93	12000	13.018926	0.0	1491397	184	8.0
1608611019.15	12000	13.80797	0.0	1560434	192	12.0
1608611019.38	16000	14.576341	0.0	1704756	210	12.0
1608611019.61	16000	15.347531	0.0	1697111	210	16.0
1608611019.81	16000	16.15089	0.0	1529441	180	16.0
1608611020.01	20000	16.951994	0.0	1568649	182	16.0
1608611020.23	20000	17.73393	0.0	1677618	193	20.0
1608611020.41	20000	18.552475	0.0	1415096	163	20.0
1608611020.65	20000	19.313916	0.0	1894067	220	20.0
1608611020.82	20000	20.138365	0.0	1186604	159	20.0
1608611020.99	20000	20.968755	0.0	1068386	154	20.0
1608611021.26	20000	21.702267	0.0	1700843	247	20.0
1608611021.66	20000	22.308553	0.0	2536859	370	20.0
1608611022.49	20000	22.483659	0.0	4742872	790	20.0
1608611023.31	16000	22.661763	0.0	4955535	776	12.0
1608611023.51	16000	23.455472	0.0	1260540	191	16.0
1608611024.1	16000	23.874109	0.0	3605246	552	16.0
1608611024.47	12000	24.502746	0.0	2251469	346	8.0
1608611024.72	12000	25.254674	0.0	1498439	230	12.0
1608611024.95	16000	26.021265	0.0	1666915	212	12.0
1608611025.17	20000	26.804689	0.0	1555467	199	16.0
1608611025.31	20000	27.661715	0.0	1008919	128	20.0
1608611025.49	20000	28.485539	0.0	1227619	158	20.0
1608611025.64	20000	29.339237	0.0	1015853	129	20.0
1608611025.7	20000	30.279454	0.0	384076	47	20.0
1608611025.75	20000	31.233159	0.0	295687	35	20.0
1608611025.91	20000	32.07055	0.0	1328674	144	20.0
1608611026.09	20000	32.891863	0.0	1492829	162	20.0
1608611026.27	20000	33.713548	0.0	1484812	161	20.0
1608611026.49	20000	34.490358	0.0	1868314	204	20.0
1608611026.64	20000	35.338746	0.0	1253406	136	20.0
1608611026.76	20000	36.226171	0.0	887933	98	20.0
1608611026.94	20000	37.041186	0.0	1153403	170	20.0
1608611027.15	20000	37.841038	0.0	1249023	183	20.0
1608611027.37	20000	38.612945	0.0	1423973	210	20.0
1608611027.55	20000	39.441812	0.0	1060162	156	20.0
1608611027.72	20000	40.267072	0.0	1080597	158	20.0
1608611027.88	20000	41.106477	0.0	1156442	144	20.0
1608611028.18	20000	41.807335	0.0	2222640	277	20.0
1608611028.53	20000	42.459025	0.0	2587311	323	20.0
1608611028.81	20000	43.183273	0.0	2178351	253	20.0
1608611029.12	20000	43.877237	0.0	3121089	279	20.0
1608611029.4	20000	44.595235	0.0	2857420	255	20.0
1608611029.57	20000	45.423084	0.0	1702477	152	20.0
1608611029.73	20000	46.268541	0.0	1531670	136	20.0
1608611029.95	20000	47.05173	0.0	1863424	196	20.0
1608611030.18	20000	47.817164	0.0	1987392	214	20.0
1608611030.48	20000	48.523264	0.0	2505586	270	20.0
1608611032.77	20000	47.232238	0.0	9620218	2222	20.0
1608611033.44	8000	47.563725	0.0	1677334	645	-4.0
1608611034.0	8000	48.007556	0.0	2233179	533	8.0
1608611034.32	8000	48.682686	0.0	2053317	301	8.0
1608611034.48	8000	49.530069	0.0	953056	138	8.0
1608611034.61	8000	50.394513	0.0	835287	120	8.0
1608611034.83	12000	51.173953	0.0	1405832	200	8.0
1608611035.07	20000	51.939404	0.0	1626020	213	12.0
1608611035.32	20000	52.691396	0.0	1739228	228	20.0
1608611035.57	20000	53.444826	0.0	1722735	226	20.0
1608611035.79	20000	54.223657	0.0	1538145	201	20.0
1608611036.07	20000	54.945735	0.0	1473412	258	20.0
1608611036.35	20000	55.664586	0.0	1498968	264	20.0
1608611036.77	20000	56.244869	0.0	2247334	397	20.0
1608611037.42	20000	56.596546	0.0	3156442	621	20.0
1608611037.81	16000	57.202486	0.0	1895098	373	12.0
1608611038.2	16000	57.822306	0.0	1939135	361	16.0
1608611038.56	16000	58.453605	0.0	1842874	341	16.0
1608611038.99	16000	59.031663	0.0	2235830	400	16.0
1608611039.39	16000	59.632626	0.0	2202171	377	16.0
1608611040.3	16000	59.865057	0.0	2242042	384	16.0
1608611041.56	16000	59.61605	0.0	1081763	241	16.0
1608611042.13	16000	59.893567	0.0	2409013	552	16.0
1608611043.51	16000	59.618056	0.0	1615028	361	16.0
1608611044.04	16000	59.98625	0.0	1413467	507	16.0
1608611045.65	8000	59.620045	0.0	970495	590	0.0
1608611046.37	8000	59.660308	0.0	2424481	694	8.0
1608611047.35	8000	59.872059	0.0	1902440	463	8.0
1608611048.57	8000	59.623057	0.0	1031824	200	8.0
1608611049.24	8000	59.874034	0.0	732536	151	8.0
1608611050.41	8000	59.624963	0.0	645392	156	8.0
1608611051.34	12000	59.876034	0.0	1370506	404	8.0
1608611052.3	16000	59.733169	0.0	3055257	935	12.0
1608611053.16	8000	59.869834	0.0	2618824	837	0.0
1608611054.34	8000	59.879074	0.0	1820110	655	8.0
1608611055.47	8000	59.630048	0.0	1448467	604	8.0
1608611056.39	4000	59.881065	0.0	1004344	402	0.0
1608611057.57	4000	59.632034	0.0	687087	167	4.0
1608611058.24	8000	59.883057	0.0	831839	152	4.0
1608611059.61	8000	59.63406	0.0	1735764	348	8.0
1608611060.05	8000	59.991478	0.0	1969173	416	8.0
1608611061.57	16000	59.636041	0.0	2705936	488	8.0
1608611062.05	16000	59.99192	0.0	2998622	457	16.0
1608611063.52	16000	59.638048	0.0	2928342	435	16.0
1608611064.46	16000	59.639057	0.0	3059979	418	16.0
1608611065.43	16000	59.640048	0.0	3367422	442	16.0
1608611066.2	16000	59.891073	0.0	1950694	245	16.0
1608611067.39	16000	59.892039	0.0	1541020	165	16.0
1608611068.34	20000	59.893067	0.0	2926720	420	16.0
1608611069.3	20000	59.894041	0.0	2991202	426	20.0
1608611070.64	20000	59.645047	0.0	3002106	308	20.0
1608611071.36	20000	59.89607	0.0	2015412	200	20.0
1608611072.16	20000	59.897063	0.0	2894863	275	20.0
1608611073.4	20000	59.898072	0.0	2185316	218	20.0
1608611074.3	20000	59.899048	0.0	3370605	367	20.0
1608611075.29	20000	59.900067	0.0	3492243	450	20.0
1608611076.59	20000	59.651034	0.0	1307592	280	20.0
1608611077.22	20000	59.834043	0.0	1881404	615	20.0
1608611078.59	16000	59.653041	0.0	1806471	340	12.0
1608611079.35	12000	59.904069	0.0	1560727	239	8.0
1608611080.52	12000	59.655046	0.0	2029094	646	12.0
1608611081.56	8000	59.656055	0.0	1397801	513	4.0
1608611082.08	8000	59.983883	0.0	1735873	504	8.0
1608611083.61	8000	59.658061	0.0	1955680	507	8.0
1608611084.34	8000	59.909068	0.0	1256122	211	8.0
1608611085.48	8000	59.660062	0.0	872352	121	8.0
1608611086.65	8000	59.661063	0.0	1175796	159	8.0
1608611087.4	16000	59.909547	0.0	1599193	220	8.0
1608611088.33	20000	59.913061	0.0	2364826	414	16.0
1608611089.13	20000	59.945699	0.0	2517454	766	20.0
1608611090.57	16000	59.665104	0.0	1883143	917	12.0
1608611091.47	8000	59.666043	0.0	1011581	386	0.0
1608611092.59	8000	59.667061	0.0	422329	102	8.0
1608611093.2	8000	59.918053	0.0	458857	92	8.0
1608611094.27	8000	59.919073	0.0	318722	60	8.0
1608611095.38	8000	59.920068	0.0	566180	91	8.0
1608611096.51	20000	59.671061	0.0	832859	113	8.0
1608611097.54	20000	59.672068	0.0	151562	19	20.0
1608611098.57	20000	59.673063	0.0	90390	10	20.0
1608611099.58	20000	59.674057	0.0	50278	2	20.0
1608611100.6	12000	59.675057	0.0	24518	4	4.0
1608611101.61	8000	59.676044	0.0	26015	1	4.0
1608611101.94	4000	1.000999	0.014	60629	4	-0.44799999999999995
1608611103.02	20000	1.282683	0.345	11007815	984	-7.039999999999999
1608611103.83	16000	1.697841	0.0	8849724	746	12.0
1608611104.12	16000	2.432118	0.0	3191121	265	16.0
1608611104.28	16000	3.274276	0.0	1661718	139	16.0
1608611104.41	16000	4.143261	0.0	1315024	116	16.0
1608611104.48	20000	5.071015	0.0	698359	60	16.0
1608611104.56	20000	5.996822	0.0	730082	63	20.0
1608611104.94	20000	6.654816	0.0	4047415	359	20.0
1608611105.22	20000	7.378936	0.0	2863079	254	20.0
1608611105.66	20000	7.94314	0.0	4167844	407	20.0
1608611106.24	20000	8.358983	0.0	5571764	547	20.0
1608611106.93	20000	8.668076	0.0	4925652	656	20.0
1608611107.22	20000	9.379031	0.0	2030157	269	20.0
1608611107.57	20000	10.030926	0.0	2240782	326	20.0
1608611107.92	16000	10.684485	0.0	2211169	325	12.0
1608611107.99	16000	11.618182	0.0	382046	54	16.0
1608611108.17	20000	12.440969	0.0	1113969	162	16.0
1608611108.3	20000	13.303095	0.0	820127	124	20.0
1608611109.71	20000	12.903373	0.0	6357933	1355	20.0
1608611115.38	12000	8.229749	0.0	3858422	5631	4.0
1608611115.58	2000	9.029781	0.0	760526	182	-8.0
1608611115.8	2000	9.807251	0.0	866360	209	2.0
1608611116.02	2000	10.595791	0.0	821406	197	2.0
1608611116.17	2000	11.445539	0.0	576666	138	2.0
1608611116.27	2000	12.340323	0.0	399536	94	2.0
1608611117.41	20000	12.201204	0.0	9946363	1076	2.0
1608611118.76	16000	11.859765	0.0	11684632	1277	12.0
1608611119.0	16000	12.614555	0.0	1849732	225	16.0
1608611119.26	16000	13.358323	0.0	1942795	236	16.0
1608611119.49	16000	14.130374	0.0	1704756	211	16.0
1608611119.72	16000	14.897797	0.0	1697111	214	16.0
1608611119.94	20000	15.685694	0.0	1529441	194	16.0
1608611120.15	20000	16.468415	0.0	1568649	198	20.0
