1609235497.46	4000	1.000999	0.017	60629	6	-0.33999999999999986
1609235498.74	4000	1.414531	0.596	6594552	1136	-7.92
1609235499.6	4000	1.782055	0.0	4402139	756	4.0
1609235500.22	20000	2.262207	0.0	3191121	520	4.0
1609235500.59	20000	2.893522	0.0	1661718	282	20.0
1609235500.9	20000	3.584667	0.0	1315024	226	20.0
1609235501.1	20000	4.385115	0.0	698359	119	20.0
1609235501.31	20000	5.177576	0.0	730082	124	20.0
1609235502.08	20000	5.405497	0.0	4047415	674	20.0
1609235502.63	20000	5.85102	0.0	2863079	457	20.0
1609235503.39	20000	6.099127	0.0	4167844	653	20.0
1609235504.35	20000	6.134395	0.0	5571764	861	20.0
1609235505.18	20000	6.310574	0.0	4925652	720	20.0
1609235505.56	20000	6.926944	0.0	2030157	296	20.0
1609235505.98	20000	7.506565	0.0	2240782	332	20.0
1609235506.4	20000	8.092274	0.0	2211169	325	20.0
1609235506.53	20000	8.959547	0.0	382046	53	20.0
1609235506.78	20000	9.715612	0.0	1113969	161	20.0
1609235506.98	20000	10.517297	0.0	820127	117	20.0
1609235507.94	20000	10.5578	0.0	6357933	842	20.0
1609235508.66	20000	10.837525	0.0	4814284	619	20.0
1609235509.21	20000	11.291645	0.0	3419258	452	20.0
1609235509.82	20000	11.676202	0.0	3944328	521	20.0
1609235510.49	20000	12.011133	0.0	4284196	566	20.0
1609235510.99	20000	12.512594	0.0	3022025	405	20.0
1609235511.38	20000	13.120196	0.0	2248581	302	20.0
1609235512.72	20000	12.780768	0.0	9946363	1192	20.0
1609235514.01	20000	12.496694	0.0	11684632	1145	20.0
1609235514.26	20000	13.242369	0.0	1849732	166	20.0
1609235514.52	20000	13.980493	0.0	1942795	174	20.0
1609235514.76	20000	14.742532	0.0	1704756	154	20.0
1609235515.01	20000	15.501729	0.0	1697111	152	20.0
1609235515.23	20000	16.280636	0.0	1529441	138	20.0
1609235515.46	20000	17.048986	0.0	1568649	149	20.0
1609235515.73	20000	17.776893	0.0	1677618	188	20.0
1609235515.98	20000	18.535598	0.0	1415096	158	20.0
1609235516.27	20000	19.239724	0.0	1894067	212	20.0
1609235516.49	20000	20.021451	0.0	1186604	137	20.0
1609235516.71	20000	20.807142	0.0	1068386	125	20.0
1609235517.0	20000	21.518663	0.0	1700843	204	20.0
1609235517.39	20000	22.123102	0.0	2536859	306	20.0
1609235518.04	20000	22.478899	0.0	4742872	542	20.0
1609235518.65	20000	22.869313	0.0	4955535	510	20.0
1609235518.84	20000	23.674828	0.0	1260540	112	20.0
1609235519.26	20000	24.258509	0.0	3605246	323	20.0
1609235519.65	20000	24.874522	0.0	2770338	294	20.0
1609235519.95	20000	25.573109	0.0	1855168	216	20.0
1609235520.24	20000	26.291901	0.0	1666915	194	20.0
1609235520.49	20000	27.029998	0.0	1555467	170	20.0
1609235520.67	20000	27.850805	0.0	1008919	97	20.0
1609235520.88	20000	28.650522	0.0	1227619	118	20.0
1609235521.06	20000	29.471515	0.0	1015853	97	20.0
1609235521.18	20000	30.352122	0.0	384076	36	20.0
1609235521.28	20000	31.24445	0.0	295687	28	20.0
1609235521.5	20000	32.032976	0.0	1328674	127	20.0
1609235521.73	20000	32.803816	0.0	1492829	145	20.0
1609235521.96	20000	33.575221	0.0	1484812	144	20.0
1609235522.23	20000	34.306386	0.0	1868314	182	20.0
1609235522.43	20000	35.102406	0.0	1253406	122	20.0
1609235522.6	20000	35.937457	0.0	887933	84	20.0
1609235522.79	20000	36.745452	0.0	1153403	109	20.0
1609235522.99	20000	37.544938	0.0	1249023	118	20.0
1609235523.21	20000	38.327786	0.0	1423973	135	20.0
1609235523.39	20000	39.145706	0.0	1060162	100	20.0
1609235523.59	20000	39.948272	0.0	1080597	115	20.0
1609235523.8	20000	40.742853	0.0	1156442	124	20.0
1609235524.13	20000	41.414496	0.0	2222640	239	20.0
1609235524.5	20000	42.045017	0.0	2587311	279	20.0
1609235524.84	20000	42.705034	0.0	2178351	251	20.0
1609235525.29	20000	43.253033	0.0	3121089	360	20.0
1609235525.67	20000	43.872713	0.0	2857420	289	20.0
1609235525.92	20000	44.625291	0.0	1702477	162	20.0
1609235526.15	20000	45.395615	0.0	1531670	146	20.0
1609235526.42	20000	46.131314	0.0	1863424	177	20.0
1609235526.71	20000	46.837778	0.0	1987392	204	20.0
1609235527.06	20000	47.489814	0.0	2505586	257	20.0
1609235528.11	20000	47.439468	0.0	9620218	925	20.0
1609235528.44	20000	48.112883	0.0	2561608	236	20.0
1609235528.95	20000	48.603213	0.0	3633991	415	20.0
1609235529.42	20000	49.132143	0.0	3324070	379	20.0
1609235529.66	20000	49.89948	0.0	1560020	148	20.0
1609235529.88	20000	50.674984	0.0	1429188	135	20.0
1609235530.14	20000	51.422488	0.0	1754144	167	20.0
1609235530.38	20000	52.182066	0.0	1626020	155	20.0
1609235530.62	20000	52.937243	0.0	1739228	159	20.0
1609235530.87	20000	53.694162	0.0	1722735	157	20.0
1609235531.09	20000	54.469813	0.0	1538145	139	20.0
1609235531.31	20000	55.252169	0.0	1473412	134	20.0
1609235531.53	20000	56.035003	0.0	1498968	134	20.0
1609235531.81	20000	56.756412	0.0	2247334	190	20.0
1609235532.17	20000	57.395117	0.0	3156442	267	20.0
1609235532.42	20000	58.148564	0.0	1895098	160	20.0
1609235532.68	20000	58.88431	0.0	1939135	179	20.0
1609235532.94	20000	59.627114	0.0	1842874	171	20.0
1609235534.24	20000	59.501344	0.0	2235830	209	20.0
1609235534.58	20000	59.994638	0.0	2202171	242	20.0
1609235535.94	20000	59.753304	0.0	2242042	265	20.0
1609235537.15	20000	59.504369	0.0	1081763	127	20.0
1609235538.06	20000	59.755428	0.0	2409013	321	20.0
1609235538.85	20000	59.756373	0.0	1615028	202	20.0
1609235540.13	20000	59.507359	0.0	1413467	192	20.0
1609235541.03	20000	59.758313	0.0	1632450	322	20.0
1609235541.89	20000	59.692907	0.0	5664827	743	20.0
1609235542.72	20000	59.857003	0.0	4578115	734	20.0
1609235544.06	20000	59.761417	0.0	1783835	246	20.0
1609235544.81	20000	59.95683	0.0	1093613	173	20.0
1609235546.06	20000	59.763419	0.0	975642	170	20.0
1609235546.74	20000	59.839794	0.0	1658005	591	20.0
1609235548.29	20000	59.515381	0.0	3055257	453	20.0
1609235549.28	20000	59.307944	0.0	5355572	887	20.0
1609235549.92	20000	59.662025	0.0	3278424	555	20.0
1609235550.93	20000	59.768337	0.0	2318501	409	20.0
1609235551.96	20000	59.769358	0.0	2473561	437	20.0
1609235552.87	20000	59.770339	0.0	1730311	325	20.0
1609235554.26	20000	59.521347	0.0	1455812	300	20.0
1609235554.98	20000	59.61317	0.0	2869222	630	20.0
1609235555.69	20000	59.905364	0.0	3226650	613	20.0
1609235556.96	20000	59.774415	0.0	2705936	681	20.0
1609235557.65	20000	59.946824	0.0	2998622	594	20.0
1609235558.83	20000	59.776343	0.0	2928342	594	20.0
1609235560.03	20000	59.777351	0.0	3059979	605	20.0
1609235560.75	20000	59.847805	0.0	3367422	622	20.0
1609235562.21	20000	59.52931	0.0	1950694	367	20.0
1609235563.06	20000	59.774826	0.0	1541020	271	20.0
1609235563.67	20000	59.92741	0.0	2926720	517	20.0
1609235564.83	20000	59.78233	0.0	2991202	565	20.0
1609235566.02	20000	59.783319	0.0	3002106	594	20.0
1609235566.95	20000	59.784304	0.0	2015412	340	20.0
1609235568.1	20000	59.535423	0.0	2894863	559	20.0
1609235569.04	20000	59.786448	0.0	2185316	355	20.0
1609235570.09	20000	59.537337	0.0	3370605	453	20.0
1609235571.1	20000	59.538329	0.0	3492243	410	20.0
1609235571.85	20000	59.789333	0.0	1307592	169	20.0
1609235573.18	20000	59.540424	0.0	1881404	243	20.0
1609235574.01	20000	59.791305	0.0	1806471	237	20.0
1609235574.85	20000	59.792293	0.0	1945842	248	20.0
1609235576.27	20000	59.543419	0.0	2538877	329	20.0
1609235576.66	20000	59.956943	0.0	2298557	303	20.0
1609235578.11	20000	59.545404	0.0	2831497	351	20.0
1609235578.72	20000	59.898942	0.0	3200905	513	20.0
1609235580.04	20000	59.797299	0.0	2180586	235	20.0
1609235580.85	20000	59.798412	0.0	1500505	213	20.0
1609235582.2	20000	59.549392	0.0	1939246	268	20.0
1609235583.0	20000	59.800355	0.0	1599193	207	20.0
1609235583.64	20000	59.983344	0.0	2364826	546	20.0
1609235585.09	20000	59.55242	0.0	2517454	360	20.0
1609235585.93	20000	59.803302	0.0	1883143	251	20.0
1609235587.26	20000	59.55442	0.0	1726706	242	20.0
1609235587.95	20000	59.805326	0.0	707364	106	20.0
1609235589.2	20000	59.556338	0.0	796460	171	20.0
1609235589.88	20000	59.807311	0.0	596962	95	20.0
1609235591.15	20000	59.558305	0.0	947625	185	20.0
1609235591.91	20000	59.809194	0.0	832859	166	20.0
1609235593.02	20000	59.810304	0.0	151562	33	20.0
1609235594.11	20000	59.561308	0.0	90390	14	20.0
1609235595.17	20000	59.562309	0.0	50278	7	20.0
1609235596.23	20000	59.563331	0.0	26471	2	20.0
1609235597.27	20000	59.564354	0.0	40620	7	20.0
1609235597.68	4000	1.000999	0.082	334032	71	-1.6399999999999997
1609235599.15	4000	1.362395	0.551	6594552	1343	-7.02
1609235600.12	4000	1.420084	0.0	4402139	855	4.0
1609235600.8	16000	1.751675	0.0	3191121	577	4.0
1609235601.2	20000	2.355863	0.0	1661718	308	16.0
1609235601.53	20000	3.023075	0.0	1315024	247	20.0
1609235601.74	20000	3.812681	0.0	698359	130	20.0
1609235601.95	20000	4.60104	0.0	730082	131	20.0
1609235602.77	20000	4.788511	0.0	4047415	717	20.0
1609235603.36	20000	5.193873	0.0	2863079	505	20.0
1609235604.18	20000	5.377985	0.0	4167844	712	20.0
1609235605.18	20000	5.38386	0.0	5571764	887	20.0
1609235606.06	20000	5.504707	0.0	4925652	777	20.0
1609235606.48	20000	6.08099	0.0	2030157	337	20.0
1609235606.94	20000	6.621919	0.0	2240782	372	20.0
1609235607.35	20000	7.218462	0.0	2211169	316	20.0
1609235607.48	20000	8.086598	0.0	382046	53	20.0
1609235607.72	20000	8.845405	0.0	1113969	157	20.0
1609235607.92	20000	9.65006	0.0	820127	115	20.0
1609235608.86	20000	9.712204	0.0	6357933	829	20.0
1609235609.69	20000	9.875548	0.0	4814284	735	20.0
1609235610.27	20000	10.300148	0.0	3419258	479	20.0
1609235610.89	20000	10.681967	0.0	3944328	521	20.0
1609235611.43	20000	11.136949	0.0	4284196	448	20.0
1609235611.84	20000	11.731585	0.0	3022025	314	20.0
1609235612.18	20000	12.391005	0.0	2248581	252	20.0
1609235613.42	20000	12.153238	0.0	9946363	1093	20.0
1609235614.75	20000	11.827688	0.0	11684632	1189	20.0
1609235615.04	20000	12.533491	0.0	1849732	207	20.0
1609235615.57	20000	13.011943	0.0	1942795	435	20.0
1609235616.02	20000	13.553613	0.0	1704756	375	20.0
1609235616.24	20000	14.338618	0.0	1697111	133	20.0
1609235616.44	20000	15.136107	0.0	1529441	119	20.0
1609235616.65	20000	15.929362	0.0	1568649	121	20.0
1609235616.87	20000	16.71183	0.0	1677618	131	20.0
