1609218181.73	4000	1.000999	0.013	60629	3	-0.2599999999999998
1609218182.85	16000	1.399286	0.425	11007815	944	-4.5
1609218183.73	16000	1.749034	0.0	8849724	747	16.0
1609218184.09	20000	2.414206	0.0	3191121	265	16.0
1609218184.31	20000	3.189279	0.0	1661718	137	20.0
1609218184.52	20000	4.009643	0.0	1315024	108	20.0
1609218184.66	20000	4.867825	0.0	698359	57	20.0
1609218184.8	20000	5.723668	0.0	730082	62	20.0
1609218185.25	20000	6.280518	0.0	4047415	345	20.0
1609218185.59	20000	6.940333	0.0	2863079	247	20.0
1609218186.13	20000	7.401391	0.0	4167844	440	20.0
1609218186.77	20000	7.758962	0.0	5571764	528	20.0
1609218187.28	20000	8.256616	0.0	4925652	396	20.0
1609218187.53	20000	9.005035	0.0	2030157	163	20.0
1609218187.78	20000	9.756637	0.0	2240782	160	20.0
1609218188.02	20000	10.510552	0.0	2211169	157	20.0
1609218188.13	20000	11.40339	0.0	382046	26	20.0
1609218188.29	20000	12.242618	0.0	1113969	78	20.0
1609218188.43	20000	13.10325	0.0	820127	58	20.0
1609218189.14	20000	13.394797	0.0	6357933	601	20.0
1609218189.72	20000	13.821593	0.0	4814284	470	20.0
1609218190.15	20000	14.392093	0.0	3419258	332	20.0
1609218190.63	20000	14.914484	0.0	3944328	378	20.0
1609218191.09	20000	15.452699	0.0	4284196	363	20.0
1609218191.44	20000	16.103766	0.0	3022025	255	20.0
1609218191.73	20000	16.811942	0.0	2248581	202	20.0
1609218192.78	20000	16.767879	0.0	9946363	916	20.0
1609218193.92	20000	16.62848	0.0	11684632	1000	20.0
1609218194.21	20000	17.342379	0.0	1849732	188	20.0
1609218194.5	20000	18.051674	0.0	1942795	198	20.0
1609218194.72	20000	18.829573	0.0	1704756	132	20.0
1609218194.93	20000	19.618197	0.0	1697111	121	20.0
1609218195.13	20000	20.423538	0.0	1529441	108	20.0
1609218195.33	20000	21.225049	0.0	1568649	112	20.0
1609218195.54	20000	22.017323	0.0	1677618	121	20.0
1609218195.77	20000	22.789771	0.0	1415096	141	20.0
1609218196.04	20000	23.512569	0.0	1894067	191	20.0
1609218196.25	20000	24.309336	0.0	1186604	119	20.0
1609218196.44	20000	25.115575	0.0	1068386	106	20.0
1609218196.69	20000	25.8712	0.0	1700843	158	20.0
1609218196.99	20000	26.567363	0.0	2536859	203	20.0
1609218197.49	20000	27.075986	0.0	4742872	386	20.0
1609218198.04	20000	27.519985	0.0	4955535	452	20.0
1609218198.24	20000	28.317969	0.0	1260540	117	20.0
1609218198.67	20000	28.891925	0.0	3605246	330	20.0
1609218198.97	20000	29.598803	0.0	2770338	200	20.0
1609218199.19	20000	30.376681	0.0	1855168	133	20.0
1609218199.4	20000	31.16907	0.0	1666915	119	20.0
1609218199.6	20000	31.970986	0.0	1555467	112	20.0
1609218199.75	20000	32.81592	0.0	1008919	71	20.0
1609218199.93	20000	33.644793	0.0	1227619	86	20.0
1609218200.08	20000	34.488871	0.0	1015853	72	20.0
1609218200.19	20000	35.381793	0.0	384076	26	20.0
1609218200.29	20000	36.28202	0.0	295687	19	20.0
1609218200.48	20000	37.103143	0.0	1328674	95	20.0
1609218200.67	20000	37.90351	0.0	1492829	105	20.0
1609218200.87	20000	38.70441	0.0	1484812	112	20.0
1609218201.1	20000	39.473866	0.0	1868314	142	20.0
1609218201.28	20000	40.294253	0.0	1253406	95	20.0
1609218201.43	20000	41.144715	0.0	887933	67	20.0
1609218201.61	20000	41.974444	0.0	1153403	87	20.0
1609218201.8	20000	42.784482	0.0	1249023	104	20.0
1609218202.0	20000	43.58032	0.0	1423973	121	20.0
1609218202.18	20000	44.407827	0.0	1060162	90	20.0
1609218202.35	20000	45.230473	0.0	1080597	91	20.0
1609218202.54	20000	46.04657	0.0	1156442	97	20.0
1609218202.81	20000	46.779294	0.0	2222640	175	20.0
1609218203.1	20000	47.487014	0.0	2587311	200	20.0
1609218203.36	20000	48.228797	0.0	2178351	168	20.0
1609218203.7	20000	48.890858	0.0	3121089	243	20.0
1609218204.04	20000	49.547484	0.0	2857420	250	20.0
1609218204.28	20000	50.311863	0.0	1702477	149	20.0
1609218204.5	20000	51.093163	0.0	1531670	133	20.0
1609218204.75	20000	51.839268	0.0	1863424	164	20.0
1609218205.03	20000	52.568747	0.0	1987392	182	20.0
1609218205.35	20000	53.246232	0.0	2505586	231	20.0
1609218206.3	20000	53.293995	0.0	9620218	823	20.0
1609218206.61	20000	53.989422	0.0	2561608	212	20.0
1609218207.02	20000	54.57818	0.0	3633991	314	20.0
1609218207.4	20000	55.195542	0.0	3324070	287	20.0
1609218207.63	20000	55.975194	0.0	1560020	133	20.0
1609218207.83	20000	56.770378	0.0	1429188	118	20.0
1609218208.06	20000	57.537794	0.0	1754144	145	20.0
1609218208.29	20000	58.316949	0.0	1626020	135	20.0
1609218208.52	20000	59.085546	0.0	1739228	144	20.0
1609218208.75	20000	59.854762	0.0	1722735	144	20.0
1609218209.97	20000	59.866892	0.0	1538145	132	20.0
1609218211.21	20000	59.617816	0.0	1473412	135	20.0
1609218211.93	20000	59.859735	0.0	1498968	134	20.0
1609218213.2	20000	59.619804	0.0	2247334	173	20.0
1609218214.02	20000	59.620909	0.0	3156442	220	20.0
1609218214.75	20000	59.871856	0.0	1895098	144	20.0
1609218216.04	20000	59.622854	0.0	1939135	191	20.0
1609218216.79	20000	59.873908	0.0	1842874	156	20.0
1609218218.04	20000	59.624917	0.0	2235830	161	20.0
1609218218.79	20000	59.875903	0.0	2202171	163	20.0
1609218220.05	20000	59.626824	0.0	2242042	161	20.0
1609218221.21	20000	59.627873	0.0	1081763	82	20.0
1609218221.98	20000	59.878819	0.0	2409013	174	20.0
1609218223.2	20000	59.62991	0.0	1615028	136	20.0
1609218223.9	20000	59.880834	0.0	1413467	108	20.0
1609218225.11	20000	59.631888	0.0	1632450	125	20.0
1609218225.65	20000	59.970213	0.0	5664827	429	20.0
1609218227.13	20000	59.633822	0.0	4578115	376	20.0
1609218227.84	20000	59.884894	0.0	1783835	122	20.0
1609218229.02	20000	59.635901	0.0	1093613	85	20.0
1609218230.18	20000	59.636931	0.0	975642	76	20.0
1609218230.9	20000	59.887843	0.0	1658005	123	20.0
1609218232.23	20000	59.638917	0.0	3055257	244	20.0
1609218232.75	20000	59.877387	0.0	5355572	407	20.0
1609218234.12	20000	59.640909	0.0	3278424	266	20.0
1609218234.89	20000	59.891865	0.0	2318501	174	20.0
1609218236.16	20000	59.642812	0.0	2473561	176	20.0
1609218236.89	20000	59.893916	0.0	1730311	139	20.0
1609218238.09	20000	59.644913	0.0	1455812	109	20.0
1609218238.91	20000	59.895815	0.0	2869222	223	20.0
1609218240.24	20000	59.646819	0.0	3226650	231	20.0
1609218241.04	20000	59.647804	0.0	2705936	209	20.0
1609218241.89	20000	59.898901	0.0	2998622	253	20.0
1609218243.23	20000	59.649888	0.0	2928342	241	20.0
1609218243.65	20000	59.98709	0.0	3059979	328	20.0
1609218245.08	20000	59.569432	0.0	3367422	319	20.0
1609218245.85	20000	59.902888	0.0	1950694	184	20.0
1609218247.06	20000	59.653821	0.0	1541020	120	20.0
1609218247.88	20000	59.904872	0.0	2926720	232	20.0
1609218249.2	20000	59.655816	0.0	2991202	216	20.0
1609218250.05	20000	59.656821	0.0	3002106	257	20.0
1609218250.81	20000	59.907809	0.0	2015412	165	20.0
1609218252.13	20000	59.658906	0.0	2894863	231	20.0
1609218252.94	20000	59.90991	0.0	2185316	212	20.0
1609218253.87	20000	59.910882	0.0	3370605	340	20.0
1609218255.23	20000	59.661839	0.0	3492243	261	20.0
1609218255.94	20000	59.912922	0.0	1307592	115	20.0
1609218257.19	20000	59.663912	0.0	1881404	160	20.0
1609218257.91	20000	59.914921	0.0	1806471	123	20.0
1609218259.15	20000	59.665812	0.0	1945842	138	20.0
1609218259.97	20000	59.916955	0.0	2538877	229	20.0
1609218260.78	20000	59.917833	0.0	2298557	212	20.0
1609218262.12	20000	59.668909	0.0	2831497	242	20.0
1609218262.96	20000	59.919854	0.0	3200905	250	20.0
1609218264.22	20000	59.670849	0.0	2180586	170	20.0
1609218264.95	20000	59.921883	0.0	1500505	134	20.0
1609218266.22	20000	59.672911	0.0	1939246	182	20.0
1609218266.94	20000	59.92385	0.0	1599193	131	20.0
1609218267.74	20000	59.924912	0.0	2364826	209	20.0
1609218269.05	20000	59.675902	0.0	2517454	221	20.0
1609218269.83	20000	59.926924	0.0	1883143	186	20.0
1609218271.09	20000	59.677869	0.0	1726706	168	20.0
1609218272.24	20000	59.678903	0.0	707364	62	20.0
1609218272.89	20000	59.929845	0.0	796460	65	20.0
1609218274.02	20000	59.680902	0.0	596962	49	20.0
1609218275.18	20000	59.681866	0.0	947625	72	20.0
1609218275.82	20000	59.932906	0.0	832859	59	20.0
1609218276.91	20000	59.933831	0.0	151562	9	20.0
1609218277.99	20000	59.684913	0.0	90390	5	20.0
1609218279.05	20000	59.68585	0.0	50278	3	20.0
1609218280.11	20000	59.68688	0.0	26471	4	20.0
1609218281.15	20000	59.687836	0.0	40620	1	20.0
1609218281.49	4000	1.000999	0.041	334032	30	-0.8199999999999998
1609218282.25	4000	1.534888	0.0	6594552	614	4.0
1609218283.13	16000	1.651048	0.0	8849724	746	4.0
1609218283.46	20000	2.345363	0.0	3191121	231	16.0
1609218283.67	20000	3.134846	0.0	1661718	120	20.0
1609218283.85	20000	3.956232	0.0	1315024	94	20.0
1609218283.98	20000	4.864442	0.0	698359	50	20.0
1609218284.11	20000	5.729809	0.0	730082	52	20.0
1609218284.62	20000	6.223056	0.0	4047415	409	20.0
1609218285.01	20000	6.841663	0.0	2863079	289	20.0
1609218285.51	20000	7.338072	0.0	4167844	401	20.0
1609218286.15	20000	7.699689	0.0	5571764	531	20.0
1609218286.76	20000	8.092987	0.0	4925652	503	20.0
1609218287.05	20000	8.797173	0.0	2030157	207	20.0
1609218287.36	20000	9.496606	0.0	2240782	209	20.0
1609218287.65	20000	10.201401	0.0	2211169	203	20.0
1609218287.77	20000	11.085758	0.0	382046	34	20.0
1609218287.96	20000	11.899447	0.0	1113969	101	20.0
1609218288.11	20000	12.741974	0.0	820127	75	20.0
1609218288.72	20000	13.132203	0.0	6357933	498	20.0
1609218289.21	20000	13.64838	0.0	4814284	377	20.0
1609218289.59	20000	14.26591	0.0	3419258	285	20.0
1609218290.02	20000	14.83641	0.0	3944328	329	20.0
1609218290.5	20000	15.363356	0.0	4284196	369	20.0
1609218290.86	20000	16.004648	0.0	3022025	265	20.0
1609218291.14	20000	16.720237	0.0	2248581	197	20.0
1609218292.05	20000	16.811614	0.0	9946363	773	20.0
1609218293.19	20000	16.678398	0.0	11684632	996	20.0
1609218293.46	20000	17.410392	0.0	1849732	180	20.0
1609218293.73	20000	18.132733	0.0	1942795	190	20.0
1609218293.99	20000	18.878745	0.0	1704756	166	20.0
1609218294.24	20000	19.628282	0.0	1697111	163	20.0
1609218294.44	20000	20.427871	0.0	1529441	113	20.0
1609218294.65	20000	21.223091	0.0	1568649	116	20.0
1609218294.86	20000	22.007229	0.0	1677618	125	20.0
1609218295.06	20000	22.813604	0.0	1415096	105	20.0
