1609146451.76	4000	1.000999	0.016	60629	6	-0.31999999999999984
1609146452.92	4000	1.370084	0.48	6594552	1103	-5.6
1609146453.74	4000	1.766685	0.0	4402139	786	4.0
1609146453.98	4000	2.552285	0.0	1043358	214	4.0
1609146454.19	8000	3.422704	0.0	946554	194	4.0
1609146454.36	8000	4.250785	0.0	768486	157	8.0
1609146454.46	8000	5.156884	0.0	398693	80	8.0
1609146454.55	8000	6.071542	0.0	358785	71	8.0
1609146454.92	8000	6.693587	0.0	1838971	353	8.0
1609146455.21	8000	7.411698	0.0	1382199	262	8.0
1609146455.75	12000	7.875388	0.0	2835412	505	8.0
1609146456.36	12000	8.263678	0.0	4074608	579	12.0
1609146456.9	12000	8.721795	0.0	3844696	504	12.0
1609146457.12	12000	9.506165	0.0	1630440	197	12.0
1609146457.34	12000	10.281255	0.0	1712120	207	12.0
1609146457.56	12000	11.062015	0.0	1662097	201	12.0
1609146457.63	16000	11.999249	0.0	382046	45	12.0
1609146457.78	16000	12.846893	0.0	1113969	136	16.0
1609146457.9	16000	13.731876	0.0	820127	101	16.0
1609146458.75	16000	13.883768	0.0	6357933	802	16.0
1609146459.45	16000	14.184956	0.0	4814284	663	16.0
1609146459.89	16000	14.744799	0.0	3419258	412	16.0
1609146460.35	16000	15.286711	0.0	3944328	429	16.0
1609146460.82	20000	15.811568	0.0	4284196	443	16.0
1609146461.13	20000	16.502752	0.0	3022025	284	20.0
1609146461.37	20000	17.263682	0.0	2248581	217	20.0
1609146462.37	20000	17.263418	0.0	9946363	923	20.0
1609146463.55	20000	17.091956	0.0	11684632	1100	20.0
1609146463.74	20000	17.89939	0.0	1849732	170	20.0
1609146463.93	20000	18.707613	0.0	1942795	172	20.0
1609146464.1	20000	19.537992	0.0	1704756	151	20.0
1609146464.27	20000	20.369184	0.0	1697111	150	20.0
1609146464.43	20000	21.216408	0.0	1529441	135	20.0
1609146464.58	20000	22.059672	0.0	1568649	138	20.0
1609146464.74	20000	22.902723	0.0	1677618	137	20.0
1609146464.86	20000	23.786175	0.0	1415096	99	20.0
1609146465.01	20000	24.634202	0.0	1894067	133	20.0
1609146465.11	20000	25.535198	0.0	1186604	83	20.0
1609146465.2	20000	26.444337	0.0	1068386	75	20.0
1609146465.34	20000	27.306006	0.0	1700843	119	20.0
1609146465.55	20000	28.10377	0.0	2536859	178	20.0
1609146465.92	20000	28.7313	0.0	4742872	338	20.0
1609146466.31	20000	29.342255	0.0	4955535	355	20.0
1609146466.42	20000	30.23544	0.0	1260540	89	20.0
1609146466.71	20000	30.948826	0.0	3605246	257	20.0
1609146466.96	20000	31.692865	0.0	2770338	229	20.0
1609146467.14	20000	32.518435	0.0	1855168	153	20.0
1609146467.3	20000	33.361975	0.0	1666915	131	20.0
1609146467.44	20000	34.215431	0.0	1555467	128	20.0
1609146467.54	20000	35.117585	0.0	1008919	83	20.0
1609146467.66	20000	36.000599	0.0	1227619	101	20.0
1609146467.77	20000	36.895799	0.0	1015853	88	20.0
1609146467.81	20000	37.847748	0.0	384076	34	20.0
1609146467.85	20000	38.810128	0.0	295687	25	20.0
1609146467.99	20000	39.671928	0.0	1328674	122	20.0
1609146468.15	20000	40.515089	0.0	1492829	137	20.0
1609146468.31	20000	41.360411	0.0	1484812	137	20.0
1609146468.5	20000	42.168255	0.0	1868314	172	20.0
1609146468.63	20000	43.036077	0.0	1253406	116	20.0
1609146468.73	20000	43.939366	0.0	887933	82	20.0
1609146468.89	20000	44.784466	0.0	1153403	138	20.0
1609146469.05	20000	45.618492	0.0	1249023	149	20.0
1609146469.25	20000	46.431296	0.0	1423973	170	20.0
1609146469.39	20000	47.280651	0.0	1060162	126	20.0
1609146469.54	20000	48.130305	0.0	1080597	128	20.0
1609146469.7	20000	48.972845	0.0	1156442	138	20.0
1609146469.98	20000	49.696108	0.0	2222640	256	20.0
1609146470.31	20000	50.370241	0.0	2587311	300	20.0
1609146470.58	20000	51.09595	0.0	2178351	253	20.0
1609146470.91	20000	51.76451	0.0	3121089	306	20.0
1609146471.19	20000	52.48912	0.0	2857420	252	20.0
1609146471.36	20000	53.320063	0.0	1702477	149	20.0
1609146471.52	20000	54.1667	0.0	1531670	135	20.0
1609146471.7	20000	54.983469	0.0	1863424	164	20.0
1609146471.9	20000	55.785649	0.0	1987392	176	20.0
1609146472.15	20000	56.536815	0.0	2505586	225	20.0
1609146473.18	20000	56.507139	0.0	9620218	973	20.0
1609146473.52	20000	57.168901	0.0	2561608	313	20.0
1609146474.17	20000	57.521905	0.0	3633991	617	20.0
1609146474.9	20000	57.7946	0.0	3324070	698	20.0
1609146475.21	16000	58.476583	0.0	1560020	296	12.0
1609146475.45	12000	59.240081	0.0	1132545	213	8.0
1609146475.74	12000	59.954181	0.0	1405832	267	12.0
1609146476.98	12000	59.733758	0.0	1314152	223	12.0
1609146478.0	12000	59.734827	0.0	1387998	498	12.0
1609146478.8	12000	59.893585	0.0	1362449	778	12.0
1609146480.12	8000	59.736801	0.0	911305	293	4.0
1609146480.82	8000	59.987847	0.0	852154	188	8.0
1609146482.0	8000	59.738849	0.0	864029	159	8.0
1609146482.72	8000	59.989734	0.0	1222697	202	8.0
1609146484.01	8000	59.740819	0.0	1822246	262	8.0
1609146485.17	8000	59.741875	0.0	1089714	144	8.0
1609146485.89	8000	59.99275	0.0	1097827	199	8.0
1609146487.03	8000	59.743768	0.0	1010680	124	8.0
1609146488.18	8000	59.744824	0.0	1202900	129	8.0
1609146489.05	12000	59.745752	0.0	1710495	345	8.0
1609146490.05	12000	59.746756	0.0	1751030	476	12.0
1609146491.19	12000	59.747754	0.0	875075	127	12.0
1609146491.9	12000	59.99875	0.0	1998050	184	12.0
1609146493.04	12000	59.749785	0.0	1336691	125	12.0
1609146494.18	12000	59.75079	0.0	1179696	118	12.0
1609146495.37	16000	59.50176	0.0	1632450	165	12.0
1609146496.0	16000	59.716748	0.0	5664827	581	16.0
1609146497.01	16000	59.753748	0.0	4578115	472	16.0
1609146498.23	16000	59.504748	0.0	1783835	199	16.0
1609146499.37	16000	59.505753	0.0	1093613	122	16.0
1609146500.0	16000	59.756754	0.0	975642	99	16.0
1609146501.18	16000	59.757811	0.0	1658005	157	16.0
1609146502.02	20000	59.75875	0.0	3055257	310	16.0
1609146503.11	20000	59.759752	0.0	5355572	552	20.0
1609146503.99	20000	59.760756	0.0	3278424	354	20.0
1609146505.33	20000	59.511757	0.0	2318501	310	20.0
1609146506.2	20000	59.762881	0.0	2473561	347	20.0
1609146507.03	20000	59.763742	0.0	1730311	308	20.0
1609146508.02	20000	59.764756	0.0	1455812	462	20.0
1609146510.51	20000	58.210675	0.0	2869222	2471	20.0
1609146511.63	16000	58.094177	0.0	3226650	1086	12.0
1609146512.2	12000	58.526646	0.0	2155956	541	8.0
1609146512.67	8000	59.057239	0.0	1825708	444	4.0
1609146512.98	4000	59.743487	0.0	1204741	292	0.0
1609146514.45	4000	59.520747	0.0	1227805	450	4.0
1609146515.03	4000	59.699075	0.0	1328172	557	4.0
1609146516.22	4000	59.522848	0.0	755940	169	4.0
1609146517.32	4000	59.523832	0.0	542221	88	4.0
1609146518.08	8000	59.77476	0.0	1651288	232	4.0
1609146519.31	8000	59.525818	0.0	1697771	207	8.0
1609146520.06	8000	59.776847	0.0	1712532	228	8.0
1609146521.27	8000	59.52776	0.0	1149171	190	8.0
1609146521.77	8000	59.964922	0.0	1666069	481	8.0
1609146523.22	12000	59.529836	0.0	1727401	414	8.0
1609146524.14	12000	59.780844	0.0	2744751	394	12.0
1609146525.08	12000	59.781837	0.0	2853458	416	12.0
1609146526.26	12000	59.532832	0.0	1012501	167	12.0
1609146526.99	12000	59.783852	0.0	1508766	211	12.0
1609146528.21	12000	59.784843	0.0	1446069	193	12.0
1609146529.06	16000	59.785819	0.0	1945842	328	12.0
1609146529.92	16000	59.827807	0.0	2538877	830	16.0
1609146531.2	16000	59.787759	0.0	2298557	757	16.0
1609146531.93	12000	59.817998	0.0	2294649	704	8.0
1609146533.01	8000	59.789792	0.0	1955680	550	4.0
1609146534.24	4000	59.540843	0.0	854393	212	0.0
1609146535.45	4000	59.541812	0.0	602217	195	4.0
1609146535.98	4000	59.768718	0.0	819411	515	4.0
1609146537.28	4000	59.543802	0.0	705221	282	4.0
1609146538.17	4000	59.794756	0.0	905448	371	4.0
1609146539.12	8000	59.630665	0.0	1466703	931	4.0
1609146540.3	4000	59.546761	0.0	663404	157	0.0
1609146540.96	4000	59.797867	0.0	662118	141	4.0
1609146542.04	4000	59.798834	0.0	284661	59	4.0
1609146543.11	4000	59.79986	0.0	305283	61	4.0
1609146544.2	4000	59.800836	0.0	197766	70	4.0
1609146545.28	4000	59.551842	0.0	385891	69	4.0
1609146546.37	8000	59.552846	0.0	531853	65	4.0
1609146547.41	8000	59.553789	0.0	95334	32	8.0
1609146548.44	8000	59.554821	0.0	52187	10	8.0
1609146549.45	8000	59.555819	0.0	32002	1	8.0
1609146549.97	8000	59.806859	0.0	22693	4	8.0
1609146550.99	4000	59.807859	0.0	22446	4	0.0
1609146551.27	4000	1.000999	0.017	60629	6	-0.33999999999999986
1609146552.4	4000	1.285478	0.391	6594552	1055	-3.8200000000000003
1609146552.99	4000	1.905461	0.0	4402139	555	4.0
1609146553.14	4000	2.756381	0.0	1043358	130	4.0
1609146553.28	8000	3.624254	0.0	946554	107	4.0
1609146553.37	8000	4.532004	0.0	768486	79	8.0
1609146553.42	8000	5.527514	0.0	398693	37	8.0
1609146553.47	8000	6.528514	0.0	358785	36	8.0
1609146553.69	8000	7.319411	0.0	1838971	191	8.0
1609146553.91	12000	8.101103	0.0	1861181	193	8.0
1609146554.23	12000	8.796461	0.0	2835412	294	12.0
1609146554.72	12000	9.30664	0.0	4074608	459	12.0
1609146555.18	12000	9.843715	0.0	3844696	432	12.0
1609146555.41	12000	10.618653	0.0	1630440	207	12.0
1609146555.66	12000	11.37034	0.0	1712120	228	12.0
1609146555.98	16000	12.046603	0.0	2211169	296	12.0
1609146556.04	16000	12.984392	0.0	382046	49	16.0
1609146556.21	16000	13.82129	0.0	1113969	148	16.0
1609146556.59	16000	14.440046	0.0	820127	367	16.0
1609146558.41	16000	13.617193	0.0	6357933	1781	16.0
1609146558.97	12000	14.065392	0.0	3858422	518	8.0
1609146559.27	8000	14.762198	0.0	2083035	279	4.0
1609146559.74	8000	15.299085	0.0	2281353	440	8.0
1609146560.12	4000	15.918785	0.0	1856343	358	0.0
1609146560.36	4000	16.671378	0.0	1433055	230	4.0
1609146560.52	4000	17.52089	0.0	1055512	136	4.0
1609146561.17	4000	17.87143	0.0	4647286	605	4.0
1609146562.19	8000	17.846019	0.0	7838407	965	4.0
1609146562.34	8000	18.701664	0.0	1127469	127	8.0
1609146562.48	8000	19.562264	0.0	1179779	122	8.0
1609146562.61	8000	20.43568	0.0	1078151	111	8.0
1609146562.74	8000	21.307482	0.0	1086181	112	8.0
