1609243913.89	4000	1.000999	0.027	60629	1	-0.54
1609243914.86	4000	1.351347	0.274	6594552	833	-1.4800000000000004
1609243915.56	4000	1.874569	0.0	4402139	601	4.0
1609243915.78	4000	2.653031	0.0	1043358	139	4.0
1609243916.1	16000	3.361834	0.0	1661718	222	4.0
1609243916.36	16000	4.098328	0.0	1315024	178	16.0
1609243916.54	16000	4.922444	0.0	698359	93	16.0
1609243916.72	20000	5.748294	0.0	730082	94	16.0
1609243917.32	20000	6.142967	0.0	4047415	511	20.0
1609243917.77	20000	6.695582	0.0	2863079	359	20.0
1609243918.4	20000	7.067938	0.0	4167844	534	20.0
1609243919.42	20000	7.048102	0.0	5571764	916	20.0
1609243920.4	20000	7.066579	0.0	4925652	874	20.0
1609243920.83	20000	7.636771	0.0	2030157	346	20.0
1609243921.29	20000	8.184152	0.0	2240782	364	20.0
1609243921.73	20000	8.741949	0.0	2211169	354	20.0
1609243921.86	20000	9.615496	0.0	382046	46	20.0
1609243922.08	20000	10.392681	0.0	1113969	140	20.0
1609243922.27	20000	11.208621	0.0	820127	103	20.0
1609243923.15	20000	11.326065	0.0	6357933	773	20.0
1609243923.82	20000	11.662557	0.0	4814284	564	20.0
1609243924.36	20000	12.123542	0.0	3419258	445	20.0
1609243924.93	20000	12.546912	0.0	3944328	470	20.0
1609243925.49	20000	12.991711	0.0	4284196	457	20.0
1609243925.9	20000	13.586818	0.0	3022025	315	20.0
1609243926.21	20000	14.268945	0.0	2248581	231	20.0
1609243927.34	20000	14.144574	0.0	9946363	979	20.0
1609243928.6	20000	13.88818	0.0	11684632	1124	20.0
1609243928.87	20000	14.620046	0.0	1849732	182	20.0
1609243929.15	20000	15.339764	0.0	1942795	197	20.0
1609243929.41	20000	16.082038	0.0	1704756	172	20.0
1609243929.66	20000	16.827255	0.0	1697111	171	20.0
1609243929.89	20000	17.599841	0.0	1529441	140	20.0
1609243930.12	20000	18.371846	0.0	1568649	142	20.0
1609243930.36	20000	19.133349	0.0	1677618	153	20.0
1609243930.57	20000	19.921451	0.0	1415096	129	20.0
1609243930.85	20000	20.642713	0.0	1894067	195	20.0
1609243931.09	20000	21.406225	0.0	1186604	155	20.0
1609243931.31	20000	22.187032	0.0	1068386	140	20.0
1609243931.62	20000	22.879883	0.0	1700843	223	20.0
1609243932.36	20000	23.140492	0.0	2536859	651	20.0
1609243933.85	20000	22.649347	0.0	4742872	1383	20.0
1609243934.3	20000	23.205361	0.0	4955535	345	20.0
1609243934.46	20000	24.036384	0.0	1260540	87	20.0
1609243934.81	20000	24.69283	0.0	3605246	250	20.0
1609243935.09	20000	25.412628	0.0	2770338	190	20.0
1609243935.3	20000	26.200962	0.0	1855168	127	20.0
1609243935.5	20000	27.004638	0.0	1666915	114	20.0
1609243935.69	20000	27.815073	0.0	1555467	107	20.0
1609243935.84	20000	28.66509	0.0	1008919	69	20.0
1609243936.01	20000	29.496792	0.0	1227619	88	20.0
1609243936.17	20000	30.339524	0.0	1015853	71	20.0
1609243936.27	20000	31.23793	0.0	384076	26	20.0
1609243936.37	20000	32.143442	0.0	295687	20	20.0
1609243936.54	20000	32.970263	0.0	1328674	94	20.0
1609243936.73	20000	33.782115	0.0	1492829	106	20.0
1609243936.95	20000	34.560945	0.0	1484812	139	20.0
1609243937.21	20000	35.302008	0.0	1868314	176	20.0
1609243937.41	20000	36.103887	0.0	1253406	117	20.0
1609243937.57	20000	36.942623	0.0	887933	82	20.0
1609243937.76	20000	37.755406	0.0	1153403	107	20.0
1609243937.94	20000	38.580631	0.0	1249023	92	20.0
1609243938.13	20000	39.394157	0.0	1423973	105	20.0
1609243938.28	20000	40.235873	0.0	1060162	77	20.0
1609243938.44	20000	41.077497	0.0	1080597	80	20.0
1609243938.61	20000	41.911982	0.0	1156442	86	20.0
1609243938.86	20000	42.665969	0.0	2222640	162	20.0
1609243939.13	20000	43.397434	0.0	2587311	180	20.0
1609243939.37	20000	44.160766	0.0	2178351	152	20.0
1609243939.67	20000	44.855361	0.0	3121089	218	20.0
1609243939.98	20000	45.552057	0.0	2857420	214	20.0
1609243940.19	20000	46.335733	0.0	1702477	133	20.0
1609243940.4	20000	47.134881	0.0	1531670	120	20.0
1609243940.63	20000	47.898134	0.0	1863424	144	20.0
1609243940.87	20000	48.66039	0.0	1987392	152	20.0
1609243941.14	20000	49.389472	0.0	2505586	182	20.0
1609243942.01	20000	49.528316	0.0	9620218	734	20.0
1609243942.34	20000	50.190366	0.0	2561608	250	20.0
1609243942.79	20000	50.742555	0.0	3633991	356	20.0
1609243943.81	20000	50.728563	0.0	3324070	922	20.0
1609243944.03	20000	51.509115	0.0	1560020	136	20.0
1609243944.24	20000	52.29974	0.0	1429188	124	20.0
1609243944.48	20000	53.064604	0.0	1754144	153	20.0
1609243944.7	20000	53.840119	0.0	1626020	142	20.0
1609243944.94	20000	54.600287	0.0	1739228	157	20.0
1609243945.19	20000	55.354967	0.0	1722735	160	20.0
1609243945.42	20000	56.128141	0.0	1538145	144	20.0
1609243945.64	20000	56.908415	0.0	1473412	134	20.0
1609243945.86	20000	57.686294	0.0	1498968	139	20.0
1609243946.16	20000	58.387982	0.0	2247334	212	20.0
1609243946.55	20000	58.999336	0.0	3156442	299	20.0
1609243946.81	20000	59.736716	0.0	1895098	178	20.0
1609243947.65	20000	59.935665	0.0	1939135	251	20.0
1609243948.96	20000	59.686837	0.0	1842874	224	20.0
1609243949.89	20000	59.687712	0.0	2235830	338	20.0
1609243950.7	20000	59.938935	0.0	2202171	228	20.0
1609243952.01	20000	59.689585	0.0	2242042	219	20.0
1609243952.78	20000	59.940907	0.0	1081763	189	20.0
1609243953.63	20000	59.94178	0.0	2409013	257	20.0
1609243954.87	20000	59.692814	0.0	1615028	159	20.0
1609243956.1	20000	59.693931	0.0	1413467	141	20.0
1609243956.87	20000	59.694957	0.0	1632450	187	20.0
1609243957.8	20000	59.757554	0.0	5664827	829	20.0
1609243958.86	20000	59.946836	0.0	4578115	457	20.0
1609243959.63	20000	59.947797	0.0	1783835	185	20.0
1609243960.83	20000	59.948953	0.0	1093613	114	20.0
1609243962.06	20000	59.69994	0.0	975642	147	20.0
1609243962.83	20000	59.950917	0.0	1658005	185	20.0
1609243963.77	20000	59.951928	0.0	3055257	354	20.0
1609243964.57	20000	59.998627	0.0	5355572	692	20.0
1609243966.08	20000	59.703771	0.0	3278424	417	20.0
1609243966.95	20000	59.704934	0.0	2318501	279	20.0
1609243967.79	20000	59.776228	0.0	2473561	761	20.0
1609243968.76	20000	59.956924	0.0	1730311	378	20.0
1609243970.08	20000	59.707943	0.0	1455812	241	20.0
1609243970.67	20000	59.905527	0.0	2869222	497	20.0
1609243971.58	20000	59.99509	0.0	3226650	817	20.0
1609243972.87	20000	59.710832	0.0	2705936	696	20.0
1609243973.8	20000	59.943299	0.0	2998622	337	20.0
1609243974.64	20000	59.962836	0.0	2928342	255	20.0
1609243975.96	20000	59.713849	0.0	3059979	225	20.0
1609243976.76	20000	59.964927	0.0	3367422	207	20.0
1609243977.97	20000	59.715841	0.0	1950694	117	20.0
1609243978.64	20000	59.96683	0.0	1541020	92	20.0
1609243979.92	20000	59.717936	0.0	2926720	182	20.0
1609243980.69	20000	59.968925	0.0	2991202	186	20.0
1609243981.98	20000	59.719869	0.0	3002106	192	20.0
1609243982.71	20000	59.970902	0.0	2015412	149	20.0
1609243984.02	20000	59.721835	0.0	2894863	211	20.0
1609243984.91	20000	59.722876	0.0	2185316	305	20.0
1609243985.61	20000	59.973979	0.0	3370605	609	20.0
1609243986.79	20000	59.974916	0.0	3492243	585	20.0
1609243988.04	20000	59.725837	0.0	1307592	163	20.0
1609243988.85	20000	59.908146	0.0	1881404	215	20.0
1609243989.63	20000	59.977874	0.0	1806471	203	20.0
1609243990.93	20000	59.728942	0.0	1945842	212	20.0
1609243991.73	20000	59.979826	0.0	2538877	214	20.0
1609243993.04	20000	59.730944	0.0	2298557	221	20.0
1609243993.98	20000	59.731945	0.0	2831497	346	20.0
1609243995.02	20000	59.732941	0.0	3200905	447	20.0
1609243996.04	20000	59.733827	0.0	2180586	431	20.0
1609243996.96	20000	59.734822	0.0	1500505	341	20.0
1609243997.96	20000	59.735832	0.0	1939246	409	20.0
1609243998.87	20000	59.730956	0.0	1599193	330	20.0
1609244000.02	20000	59.73786	0.0	2364826	559	20.0
1609244000.74	20000	59.859437	0.0	2517454	634	20.0
1609244001.8	20000	59.971154	0.0	1883143	465	20.0
1609244002.78	20000	59.990831	0.0	1726706	396	20.0
1609244003.99	20000	59.741913	0.0	707364	130	20.0
1609244004.67	20000	59.992833	0.0	796460	101	20.0
1609244005.82	20000	59.993854	0.0	596962	72	20.0
1609244007.09	20000	59.744894	0.0	947625	185	20.0
1609244007.77	20000	59.995971	0.0	832859	100	20.0
1609244008.86	20000	59.996932	0.0	151562	10	20.0
1609244009.93	20000	59.747943	0.0	90390	5	20.0
1609244010.99	20000	59.748832	0.0	50278	2	20.0
1609244012.04	20000	59.74992	0.0	26471	4	20.0
1609244013.07	20000	59.750865	0.0	40620	1	20.0
1609244013.4	4000	1.000999	0.026	334032	15	-0.52
1609244014.11	20000	1.569551	0.0	11007815	524	4.0
1609244014.59	20000	2.088118	0.0	8849724	362	20.0
1609244014.81	20000	2.871974	0.0	3191121	123	20.0
1609244014.95	20000	3.725088	0.0	1661718	64	20.0
1609244015.09	20000	4.594649	0.0	1315024	50	20.0
1609244015.19	20000	5.513584	0.0	698359	24	20.0
1609244015.31	20000	6.399805	0.0	730082	27	20.0
1609244015.56	20000	7.151439	0.0	4047415	152	20.0
1609244015.75	20000	7.955761	0.0	2863079	109	20.0
1609244016.0	20000	8.745199	0.0	4167844	156	20.0
1609244016.32	20000	9.429435	0.0	5571764	209	20.0
1609244016.72	20000	10.033864	0.0	4925652	296	20.0
1609244016.93	20000	10.828267	0.0	2030157	121	20.0
1609244017.15	20000	11.607616	0.0	2240782	134	20.0
1609244017.56	20000	12.190699	0.0	2211169	332	20.0
1609244017.69	20000	13.067126	0.0	382046	36	20.0
1609244017.89	20000	13.870034	0.0	1113969	114	20.0
1609244018.05	20000	14.706106	0.0	820127	82	20.0
1609244019.03	20000	14.729688	0.0	6357933	866	20.0
1609244024.43	20000	10.334311	0.0	4814284	5286	20.0
1609244025.15	8000	10.608715	0.0	2083035	628	-4.0
1609244025.97	8000	10.788892	0.0	2281353	728	8.0
1609244026.73	4000	11.035762	0.0	1856343	661	0.0
1609244027.37	4000	11.39161	0.0	1433055	556	4.0
1609244027.87	4000	11.891258	0.0	1055512	414	4.0
1609244032.31	16000	8.456683	0.0	9946363	4296	4.0
1609244037.82	16000	3.942872	0.0	11684632	5373	16.0
1609244038.81	20000	3.955975	0.0	1849732	901	16.0
1609244039.62	20000	4.148138	0.0	1942795	724	20.0
1609244040.17	20000	4.595755	0.0	1704756	470	20.0
1609244040.69	20000	5.083408	0.0	1697111	424	20.0
1609244041.14	20000	5.636001	0.0	1529441	361	20.0
1609244041.59	20000	6.177775	0.0	1568649	372	20.0
1609244042.09	20000	6.680866	0.0	1677618	415	20.0
