1608549987.27	4000	1.000999	0.054	60629	43	-1.7279999999999998
1608550003.89	20000	1.358733	15.947	11007815	16511	-506.304
1608550005.46	2000	1.385471	0.265	1121405	1552	-24.48
1608550006.14	2000	1.710961	0.0	728514	661	2.0
1608550006.67	2000	2.181425	0.0	508013	517	2.0
1608550007.06	2000	2.786478	0.0	395538	384	2.0
1608550007.37	2000	3.476776	0.0	297276	299	2.0
1608550007.63	2000	4.218788	0.0	247728	247	2.0
1608550008.75	2000	4.100663	0.0	1172629	1105	2.0
1608550009.42	2000	4.430479	0.0	740561	657	2.0
1608550010.25	2000	4.604198	0.0	905521	814	2.0
1608550011.2	2000	4.65398	0.0	975494	938	2.0
1608550012.3	2000	4.55282	0.0	873443	1088	2.0
1608550012.74	2000	5.11591	0.0	420093	426	2.0
1608550013.22	2000	5.633611	0.0	432386	473	2.0
1608550013.82	2000	6.033991	0.0	430845	589	2.0
1608550013.98	2000	6.875844	0.0	114664	149	2.0
1608550014.34	2000	7.519001	0.0	272444	348	2.0
1608550014.59	2000	8.268036	0.0	180836	242	2.0
1608550015.88	2000	7.979372	0.0	1138797	1276	2.0
1608550016.94	2000	7.923053	0.0	922146	1044	2.0
1608550017.83	2000	8.035283	0.0	760526	875	2.0
1608550018.85	2000	8.020052	0.0	866360	1002	2.0
1608550019.81	2000	8.059128	0.0	821406	947	2.0
1608550020.47	2000	8.392033	0.0	576666	655	2.0
1608550020.95	2000	8.916429	0.0	399536	466	2.0
1608550024.66	2000	6.206971	0.0	2503359	3685	2.0
1608550027.12	2000	4.752108	0.0	2158640	2438	2.0
1608550027.6	2000	5.269502	0.0	352618	470	2.0
1608550028.1	2000	5.774253	0.0	355918	485	2.0
1608550028.63	2000	6.245011	0.0	335697	520	2.0
1608550029.16	2000	6.710227	0.0	336592	525	2.0
1608550029.6	2000	7.279281	0.0	257949	421	2.0
1608550030.02	2000	7.853493	0.0	254944	416	2.0
1608550030.37	2000	8.508032	0.0	280530	335	2.0
1608550030.7	2000	9.18147	0.0	274347	316	2.0
1608550031.18	2000	9.70206	0.0	407719	469	2.0
1608550031.55	2000	10.332215	0.0	221839	360	2.0
1608550031.9	2000	10.983322	0.0	208863	339	2.0
1608550032.38	2000	11.50429	0.0	331412	469	2.0
1608550033.15	2000	11.736974	0.0	560025	756	2.0
1608550033.81	2000	12.077946	0.0	480043	647	2.0
1608550034.6	2000	12.28484	0.0	639392	781	2.0
1608550034.97	2000	12.918845	0.0	307952	355	2.0
1608550036.25	2000	12.639648	0.0	852435	1267	2.0
1608550037.01	2000	12.876271	0.0	548688	752	2.0
1608550037.42	2000	13.467878	0.0	370252	398	2.0
1608550037.77	2000	14.122767	0.0	330522	333	2.0
1608550038.08	2000	14.811878	0.0	298688	300	2.0
1608550038.26	2000	15.631077	0.0	200752	171	2.0
1608550038.52	2000	16.370903	0.0	280436	250	2.0
1608550039.05	4000	16.84738	0.0	561624	507	2.0
1608550039.28	4000	17.619384	0.0	252381	218	4.0
1608550039.48	4000	18.412522	0.0	198847	196	4.0
1608550040.19	4000	18.709291	0.0	672121	691	4.0
1608550041.08	4000	18.816654	0.0	755974	881	4.0
1608550041.44	2000	19.458464	0.0	347546	344	0.0
1608550041.86	2000	20.044026	0.0	396965	403	2.0
1608550042.13	2000	20.76878	0.0	264442	265	2.0
1608550042.29	2000	21.611159	0.0	201160	148	2.0
1608550042.46	2000	22.438699	0.0	227906	163	2.0
1608550042.76	4000	23.144248	0.0	387504	280	2.0
1608550043.09	4000	23.814545	0.0	434147	319	4.0
1608550043.62	8000	24.290663	0.0	555825	507	4.0
1608550043.98	4000	24.926954	0.0	349575	350	0.0
1608550044.31	4000	25.593163	0.0	360691	324	4.0
1608550044.96	4000	25.950453	0.0	767399	629	4.0
1608550045.69	4000	26.215953	0.0	838282	722	4.0
1608550046.14	2000	26.774481	0.0	477844	428	0.0
1608550046.73	2000	27.182418	0.0	593358	581	2.0
1608550047.27	2000	27.64637	0.0	552627	523	2.0
1608550047.5	2000	28.417885	0.0	356467	217	2.0
1608550047.69	2000	29.220315	0.0	298528	179	2.0
1608550048.13	4000	29.782369	0.0	676507	422	2.0
1608550048.69	4000	30.228163	0.0	770118	542	4.0
1608550049.41	4000	30.507836	0.0	962786	705	4.0
1608550052.16	4000	28.755559	0.0	3596154	2722	4.0
1608550052.49	2000	29.427436	0.0	560537	313	0.0
1608550052.84	2000	30.082189	0.0	577595	334	2.0
1608550053.22	2000	30.697749	0.0	643057	373	2.0
1608550053.47	2000	31.45624	0.0	299663	231	2.0
1608550053.73	2000	32.192783	0.0	284317	252	2.0
1608550054.63	8000	32.290552	0.0	1072056	887	2.0
1608550055.19	4000	32.972605	0.0	730895	541	0.0
1608550055.74	4000	33.430561	0.0	731159	529	4.0
1608550056.25	4000	33.915077	0.0	678447	501	4.0
1608550056.51	2000	34.661345	0.0	349268	239	0.0
1608550056.76	2000	35.411302	0.0	330614	239	2.0
1608550057.19	4000	35.978106	0.0	568078	417	2.0
1608550057.8	4000	36.377046	0.0	747231	588	4.0
1608550058.7	4000	36.476459	0.0	1138250	883	4.0
1608550059.25	4000	36.92691	0.0	724195	536	4.0
1608550059.54	2000	37.630415	0.0	403995	281	0.0
1608550059.84	2000	38.33385	0.0	391858	283	2.0
1608550060.38	4000	38.792698	0.0	728502	527	2.0
1608550061.01	4000	39.168616	0.0	819353	610	4.0
1608550061.73	4000	39.449949	0.0	864484	706	4.0
1608550062.19	4000	39.990739	0.0	496044	447	4.0
1608550062.66	2000	40.520561	0.0	564856	456	0.0
1608550062.98	2000	41.197958	0.0	387198	311	2.0
1608550063.29	2000	41.887664	0.0	371539	300	2.0
1608550063.74	4000	42.447913	0.0	689321	423	2.0
1608550064.55	4000	42.630513	0.0	1121938	802	4.0
1608550065.34	4000	43.05126	0.0	667445	773	4.0
1608550065.63	2000	43.765688	0.0	376102	270	0.0
1608550065.83	2000	44.562167	0.0	268819	192	2.0
1608550066.02	2000	45.372544	0.0	249895	178	2.0
1608550066.62	4000	45.781565	0.0	823677	574	2.0
1608550067.23	4000	46.168405	0.0	878603	599	4.0
1608550068.12	4000	46.281975	0.0	1192759	871	4.0
1608550069.21	4000	46.187231	0.0	1046702	1079	4.0
1608550069.6	2000	46.805641	0.0	587015	366	0.0
1608550069.91	2000	47.487977	0.0	600946	304	2.0
1608550070.07	2000	48.330568	0.0	296369	145	2.0
1608550070.23	2000	49.178879	0.0	286854	140	2.0
1608550070.96	4000	49.444542	0.0	1193260	714	2.0
1608550072.17	8000	49.238258	0.0	1969173	1184	4.0
1608550073.24	4000	49.163109	0.0	1085010	1057	0.0
1608550073.68	2000	49.726653	0.0	629131	421	0.0
1608550073.97	2000	50.443149	0.0	474066	271	2.0
1608550074.34	2000	51.069107	0.0	623944	361	2.0
1608550074.86	2000	51.555744	0.0	654640	502	2.0
1608550075.2	2000	52.208476	0.0	416970	336	2.0
1608550075.6	4000	52.809509	0.0	542221	384	2.0
1608550076.33	4000	53.08049	0.0	1043429	715	4.0
1608550077.03	4000	53.390011	0.0	1080376	677	4.0
1608550077.85	4000	53.776511	0.0	1087843	812	4.0
1608550078.26	2000	54.369779	0.0	441665	394	0.0
1608550078.67	2000	54.966887	0.0	567172	391	2.0
1608550078.99	2000	55.642855	0.0	503622	312	2.0
1608550080.07	4000	55.566526	0.0	1450968	1058	2.0
1608550080.62	2000	56.01062	0.0	657376	540	0.0
1608550080.82	2000	56.820531	0.0	207349	179	2.0
1608550081.5	4000	57.136684	0.0	781150	667	2.0
1608550081.78	2000	57.85529	0.0	432968	266	0.0
1608550082.08	2000	58.558842	0.0	461467	285	2.0
1608550082.74	4000	58.896513	0.0	1008090	647	2.0
1608550083.39	4000	59.254953	0.0	920901	628	4.0
1608550084.17	4000	59.470868	0.0	1141486	771	4.0
1608550085.19	4000	59.44806	0.0	1305395	1008	4.0
1608550085.96	2000	59.815919	0.0	335356	251	0.0
1608550087.16	2000	59.797722	0.0	213548	181	2.0
1608550088.48	2000	59.548845	0.0	339747	313	2.0
1608550089.22	4000	59.642489	0.0	705221	717	2.0
1608550090.12	2000	59.800727	0.0	477871	379	0.0
1608550091.33	4000	59.551864	0.0	951381	692	2.0
1608550091.88	4000	59.980727	0.0	663404	540	4.0
1608550093.73	2000	59.546329	0.0	415951	332	0.0
1608550094.37	2000	59.797356	0.0	156751	128	2.0
1608550095.64	4000	59.548353	0.0	305283	250	2.0
1608550096.77	4000	59.549349	0.0	197766	115	4.0
1608550097.52	4000	59.80039	0.0	385891	237	4.0
1608550098.34	8000	59.801392	0.0	531853	306	4.0
1608550099.9	8000	59.545046	0.0	95334	45	8.0
1608550100.93	8000	59.546015	0.0	52187	17	8.0
1608550101.96	8000	59.546982	0.0	32002	9	8.0
1608550102.97	8000	59.548071	0.0	22693	2	8.0
1608550103.99	4000	59.549083	0.0	22446	2	0.0
1608550104.38	4000	1.000999	0.042	60629	31	-1.3440000000000003
1608550111.43	20000	1.310417	6.335	11007815	6945	-198.72
1608550112.11	2000	1.849623	0.0	1121405	659	-16.0
1608550112.55	2000	2.437129	0.0	728514	424	2.0
1608550112.81	2000	3.169253	0.0	508013	255	2.0
1608550113.02	2000	3.95989	0.0	395538	197	2.0
1608550113.18	2000	4.803585	0.0	297276	145	2.0
1608550113.38	8000	5.608789	0.0	358785	178	2.0
1608550114.64	8000	5.343119	0.0	1838971	1249	8.0
1608550115.17	4000	5.817863	0.0	927735	507	0.0
1608550116.07	4000	5.921333	0.0	1463326	881	4.0
1608550117.33	4000	5.664288	0.0	2054811	1238	4.0
1608550117.95	2000	6.042309	0.0	873443	606	0.0
1608550118.39	2000	6.839877	0.0	420093	425	2.0
1608550118.75	2000	7.481174	0.0	432386	345	2.0
1608550118.99	2000	8.23907	0.0	430845	230	2.0
1608550119.04	4000	9.184585	0.0	90752	40	2.0
1608550119.26	4000	9.972787	0.0	376357	199	4.0
1608550119.37	4000	10.86207	0.0	197626	99	4.0
1608550121.73	8000	9.505879	0.0	4001900	2324	4.0
1608550122.9	4000	9.336778	0.0	2226527	1145	0.0
1608550123.3	2000	9.933519	0.0	760526	387	0.0
1608550123.75	2000	10.483123	0.0	866360	438	2.0
1608550124.21	2000	11.024238	0.0	821406	448	2.0
1608550124.53	2000	11.702724	0.0	576666	311	2.0
1608550125.18	4000	12.053734	0.0	1055512	634	2.0
1608550127.44	4000	11.027386	0.0	4647286	2220	4.0
1608550128.35	2000	11.118583	0.0	2158640	882	0.0
1608550128.5	2000	11.972878	0.0	352618	133	2.0
1608550128.65	2000	12.82544	0.0	355918	134	2.0
1608550129.02	4000	13.4575	0.0	741228	351	2.0
1608550129.42	4000	14.055038	0.0	760332	387	4.0
1608550129.9	8000	14.571383	0.0	1029204	464	4.0
1608550130.33	8000	15.143656	0.0	1054251	412	8.0
