1608600391.83	4000	1.000999	0.013	60629	4	-0.4159999999999999
1608600392.86	20000	1.343842	0.319	11007815	925	-6.208
1608600393.58	20000	1.843129	0.0	8849724	669	20.0
1608600393.85	16000	2.579415	0.0	3191121	236	12.0
1608600393.99	16000	3.465355	0.0	1661718	122	16.0
1608600394.1	16000	4.351861	0.0	1315024	96	16.0
1608600394.17	20000	5.2869	0.0	698359	50	16.0
1608600394.24	20000	6.220454	0.0	730082	52	20.0
1608600394.57	20000	6.914377	0.0	4047415	298	20.0
1608600394.82	20000	7.664118	0.0	2863079	225	20.0
1608600395.2	20000	8.2859	0.0	4167844	347	20.0
1608600395.71	20000	8.780855	0.0	5571764	465	20.0
1608600396.16	20000	9.324804	0.0	4925652	419	20.0
1608600396.35	20000	10.134086	0.0	2030157	171	20.0
1608600396.57	20000	10.920961	0.0	2240782	190	20.0
1608600396.77	20000	11.717324	0.0	2211169	182	20.0
1608600396.82	20000	12.674577	0.0	382046	29	20.0
1608600396.93	20000	13.572049	0.0	1113969	87	20.0
1608600397.01	20000	14.48719	0.0	820127	63	20.0
1608600397.55	20000	14.940512	0.0	6357933	503	20.0
1608600397.98	20000	15.518302	0.0	4814284	386	20.0
1608600398.28	20000	16.214899	0.0	3419258	277	20.0
1608600398.63	20000	16.865185	0.0	3944328	319	20.0
1608600399.01	20000	17.484239	0.0	4284196	350	20.0
1608600399.29	20000	18.212132	0.0	3022025	246	20.0
1608600399.49	20000	19.007174	0.0	2248581	183	20.0
1608600400.34	20000	19.162735	0.0	9946363	775	20.0
1608600401.29	20000	19.216514	0.0	11684632	876	20.0
1608600401.44	20000	20.059884	0.0	1849732	135	20.0
1608600401.61	20000	20.898123	0.0	1942795	142	20.0
1608600401.75	20000	21.754438	0.0	1704756	125	20.0
1608600401.89	20000	22.610899	0.0	1697111	124	20.0
1608600402.03	20000	23.481411	0.0	1529441	112	20.0
1608600402.16	20000	24.347505	0.0	1568649	115	20.0
1608600402.31	20000	25.206129	0.0	1677618	123	20.0
1608600402.43	20000	26.078467	0.0	1415096	101	20.0
1608600402.59	20000	26.919124	0.0	1894067	139	20.0
1608600402.69	20000	27.817045	0.0	1186604	87	20.0
1608600402.79	20000	28.72133	0.0	1068386	81	20.0
1608600402.94	20000	29.57163	0.0	1700843	132	20.0
1608600403.16	20000	30.351181	0.0	2536859	198	20.0
1608600403.57	20000	30.944133	0.0	4742872	371	20.0
1608600404.06	20000	31.461518	0.0	4955535	445	20.0
1608600404.19	20000	32.323438	0.0	1260540	121	20.0
1608600404.57	20000	32.944979	0.0	3605246	351	20.0
1608600404.91	20000	33.609715	0.0	2770338	311	20.0
1608600405.18	20000	34.342523	0.0	1855168	248	20.0
1608600405.42	20000	35.102698	0.0	1666915	222	20.0
1608600405.65	20000	35.877323	0.0	1555467	207	20.0
1608600405.8	20000	36.727146	0.0	1008919	135	20.0
1608600405.98	20000	37.539536	0.0	1227619	173	20.0
1608600406.14	20000	38.381809	0.0	1015853	143	20.0
1608600406.21	20000	39.317138	0.0	384076	53	20.0
1608600406.26	20000	40.266141	0.0	295687	40	20.0
1608600406.46	20000	41.063616	0.0	1328674	187	20.0
1608600406.7	20000	41.834053	0.0	1492829	211	20.0
1608600406.91	20000	42.622107	0.0	1484812	194	20.0
1608600407.17	20000	43.361654	0.0	1868314	241	20.0
1608600407.35	20000	44.184031	0.0	1253406	162	20.0
1608600407.48	20000	45.054347	0.0	887933	114	20.0
1608600407.65	20000	45.889367	0.0	1153403	149	20.0
1608600407.83	20000	46.709743	0.0	1249023	163	20.0
1608600408.04	20000	47.499496	0.0	1423973	193	20.0
1608600408.2	20000	48.338762	0.0	1060162	143	20.0
1608600408.36	20000	49.175691	0.0	1080597	145	20.0
1608600408.54	20000	50.003945	0.0	1156442	156	20.0
1608600408.87	20000	50.668833	0.0	2222640	313	20.0
1608600409.3	20000	51.237473	0.0	2587311	406	20.0
1608600409.67	20000	51.874104	0.0	2178351	341	20.0
1608600410.18	20000	52.367655	0.0	3121089	481	20.0
1608600410.64	16000	52.901099	0.0	2857420	439	12.0
1608600410.91	16000	53.631094	0.0	1702477	250	16.0
1608600411.15	16000	54.3929	0.0	1531670	221	16.0
1608600411.44	16000	55.104312	0.0	1863424	268	16.0
1608600411.75	20000	55.798529	0.0	1987392	286	16.0
1608600412.13	20000	56.423147	0.0	2505586	352	20.0
1608600413.55	20000	56.00371	0.0	9620218	1359	20.0
1608600413.94	16000	56.612844	0.0	2561608	365	12.0
1608600414.51	16000	57.042177	0.0	3633991	540	16.0
1608600414.94	12000	57.614127	0.0	2707022	396	8.0
1608600415.14	12000	58.41813	0.0	1258293	181	12.0
1608600415.31	12000	59.241223	0.0	1132545	162	12.0
1608600415.59	20000	59.967816	0.0	1754144	252	12.0
1608600416.84	20000	59.853956	0.0	1626020	232	20.0
1608600418.11	20000	59.604961	0.0	1739228	254	20.0
1608600418.89	20000	59.829752	0.0	1722735	254	20.0
1608600420.14	20000	59.606883	0.0	1538145	229	20.0
1608600420.87	20000	59.857853	0.0	1473412	216	20.0
1608600422.14	20000	59.604272	0.0	1498968	243	20.0
1608600422.62	20000	59.948145	0.0	2247334	455	20.0
1608600423.74	20000	59.860897	0.0	3156442	592	20.0
1608600425.05	16000	59.611866	0.0	1895098	290	12.0
1608600425.83	16000	59.862852	0.0	1939135	251	16.0
1608600427.08	16000	59.613873	0.0	1842874	232	16.0
1608600427.87	16000	59.864885	0.0	2235830	267	16.0
1608600429.15	20000	59.615828	0.0	2202171	250	16.0
1608600429.92	20000	59.866878	0.0	2242042	246	20.0
1608600431.04	20000	59.617881	0.0	1081763	105	20.0
1608600431.78	20000	59.868869	0.0	2409013	205	20.0
1608600432.93	20000	59.86987	0.0	1615028	135	20.0
1608600434.08	20000	59.620928	0.0	1413467	124	20.0
1608600434.74	20000	59.87186	0.0	1632450	140	20.0
1608600435.75	20000	59.872871	0.0	5664827	470	20.0
1608600437.16	20000	59.623959	0.0	4578115	370	20.0
1608600437.81	20000	59.874995	0.0	1783835	129	20.0
1608600438.91	20000	59.875866	0.0	1093613	79	20.0
1608600439.99	20000	59.626871	0.0	975642	64	20.0
1608600441.13	20000	59.627826	0.0	1658005	116	20.0
1608600441.9	20000	59.878822	0.0	3055257	242	20.0
1608600442.86	20000	59.879898	0.0	5355572	422	20.0
1608600444.12	20000	59.630952	0.0	3278424	230	20.0
1608600444.82	20000	59.88186	0.0	2318501	170	20.0
1608600446.03	20000	59.632869	0.0	2473561	186	20.0
1608600446.7	20000	59.883863	0.0	1730311	156	20.0
1608600447.85	20000	59.884957	0.0	1455812	131	20.0
1608600449.12	20000	59.635973	0.0	2869222	243	20.0
1608600449.97	20000	59.636987	0.0	3226650	321	20.0
1608600450.78	20000	59.887971	0.0	2705936	284	20.0
1608600452.13	20000	59.638897	0.0	2998622	320	20.0
1608600453.08	20000	59.639961	0.0	2928342	427	20.0
1608600453.73	20000	59.864755	0.0	3059979	621	20.0
1608600454.87	16000	59.891822	0.0	3367422	600	12.0
1608600456.19	16000	59.642873	0.0	1950694	298	16.0
1608600456.94	16000	59.893844	0.0	1541020	234	16.0
1608600457.93	16000	59.894876	0.0	2926720	458	16.0
1608600458.92	16000	59.895993	0.0	2991202	459	16.0
1608600459.81	16000	59.896732	0.0	3002106	365	16.0
1608600461.05	16000	59.647798	0.0	2015412	218	16.0
1608600461.84	20000	59.898881	0.0	2894863	258	16.0
1608600463.06	20000	59.649797	0.0	2185316	196	20.0
1608600463.86	20000	59.900841	0.0	3370605	277	20.0
1608600465.18	20000	59.651838	0.0	3492243	288	20.0
1608600465.81	20000	59.902849	0.0	1307592	106	20.0
1608600466.99	20000	59.653859	0.0	1881404	152	20.0
1608600468.15	20000	59.65491	0.0	1806471	138	20.0
1608600468.84	20000	59.905807	0.0	1945842	164	20.0
1608600470.08	20000	59.656802	0.0	2538877	217	20.0
1608600470.77	20000	59.907751	0.0	2298557	165	20.0
1608600471.99	20000	59.65887	0.0	2831497	196	20.0
1608600472.71	20000	59.909627	0.0	3200905	195	20.0
1608600473.87	20000	59.910974	0.0	2180586	128	20.0
1608600474.98	20000	59.661901	0.0	1500505	91	20.0
1608600476.13	20000	59.662931	0.0	1939246	133	20.0
1608600476.79	20000	59.913949	0.0	1599193	141	20.0
1608600478.03	20000	59.664945	0.0	2364826	217	20.0
1608600478.81	20000	59.915935	0.0	2517454	250	20.0
1608600480.02	20000	59.666878	0.0	1883143	191	20.0
1608600480.72	20000	59.917946	0.0	1726706	183	20.0
1608600481.82	20000	59.918661	0.0	707364	78	20.0
1608600482.91	20000	59.919776	0.0	796460	79	20.0
1608600483.99	20000	59.67092	0.0	596962	63	20.0
1608600485.15	20000	59.671761	0.0	947625	141	20.0
1608600485.77	20000	59.922718	0.0	832859	98	20.0
1608600486.8	20000	59.923744	0.0	151562	14	20.0
1608600487.82	20000	59.924802	0.0	90390	8	20.0
1608600488.84	20000	59.925728	0.0	50278	3	20.0
1608600489.85	12000	59.926978	0.0	24518	1	4.0
1608600490.87	8000	59.927975	0.0	26015	0	4.0
1608600491.2	4000	1.000999	0.017	60629	7	-0.544
1608600493.13	20000	1.284865	1.203	11007815	1843	-34.496
1608600494.65	12000	1.307818	0.278	9061343	1460	-4.896000000000001
1608600494.96	8000	2.00126	0.0	1798447	284	4.0
1608600495.12	8000	2.874322	0.0	946554	148	8.0
1608600495.27	8000	3.740101	0.0	768486	120	8.0
1608600495.34	8000	4.663474	0.0	398693	56	8.0
1608600495.47	16000	5.534978	0.0	730082	111	8.0
1608600496.13	20000	5.87524	0.0	4047415	629	16.0
1608600496.59	20000	6.410996	0.0	2863079	438	20.0
1608600497.27	20000	6.735445	0.0	4167844	642	20.0
1608600498.23	16000	6.771496	0.0	5571764	927	12.0
1608600499.03	12000	6.979875	0.0	3844696	758	8.0
1608600499.3	8000	7.708582	0.0	1267052	251	4.0
1608600499.58	8000	8.429364	0.0	1316661	260	8.0
1608600499.85	8000	9.160129	0.0	1263534	250	8.0
1608600499.92	12000	10.092655	0.0	243072	44	8.0
1608600500.16	16000	10.853139	0.0	1113969	221	12.0
1608600500.33	20000	11.678331	0.0	820127	161	16.0
1608600501.85	20000	11.159997	0.0	6357933	1477	20.0
1608600502.62	8000	11.391094	0.0	3029729	741	-4.0
1608600503.23	8000	11.784789	0.0	2083035	585	8.0
1608600504.08	8000	11.937331	0.0	2281353	824	8.0
1608600504.7	4000	12.315268	0.0	1856343	596	0.0
1608600505.14	4000	12.87456	0.0	1433055	422	4.0
1608600505.63	8000	13.387696	0.0	1427209	466	4.0
1608600512.26	8000	7.760104	0.0	6361262	6570	8.0
1608600512.79	2000	8.231146	0.0	2158640	504	-4.0
1608600512.88	2000	9.145108	0.0	352618	75	2.0
1608600512.96	2000	10.058456	0.0	355918	75	2.0
1608600513.05	2000	10.975962	0.0	335697	71	2.0
1608600513.13	2000	11.89331	0.0	336592	71	2.0
1608600513.55	20000	12.479584	0.0	1529441	393	2.0
1608600514.14	20000	12.885292	0.0	1568649	576	20.0
