1609469478.67	40000	1.000999	0.178	334476	165	-28.48
1609469482.15	20000	1.321075	2.427	11007815	3324	-388.32
1609469483.12	20000	1.379316	0.0	8849724	840	20.0
1609469483.47	20000	2.032023	0.0	3191121	251	20.0
1609469484.45	60000	2.076279	0.0	8954217	843	20.0
1609469486.12	80000	1.479486	0.07	11497228	1527	48.8
1609469487.3	80000	1.299634	0.0	6232523	1073	80.0
1609469488.56	80000	1.301496	0.267	5425476	1156	37.28
1609469489.74	40000	1.319471	0.197	9295618	1054	-31.52
1609469490.4	40000	1.662114	0.0	5971357	549	40.0
1609469491.33	40000	1.731496	0.0	7669174	811	40.0
1609469492.54	40000	1.523235	0.0	10578989	1077	40.0
1609469493.88	40000	1.270346	0.08	9449433	1214	27.2
1609469494.5	40000	1.64955	0.0	3829326	518	40.0
1609469495.8	80000	1.349697	0.0	9055732	1171	40.0
1609469497.42	60000	1.352782	0.624	7016601	1508	-59.84
1609469497.78	80000	1.995765	0.0	3201928	261	60.0
1609469498.44	80000	2.333799	0.0	6731501	555	80.0
1609469498.92	80000	2.858672	0.0	4543558	379	80.0
1609469500.85	80000	1.931865	0.0	20277060	1691	80.0
1609469502.15	80000	1.631129	0.0	14877694	1152	80.0
1609469503.39	80000	1.482515	0.097	11453319	1120	64.48
1609469504.49	80000	1.391451	0.0	13274781	944	80.0
1609469505.64	80000	1.331644	0.089	14862949	1003	65.76
1609469506.61	80000	1.393811	0.03	10513690	828	75.2
1609469507.59	80000	1.430363	0.021	8329186	860	76.64
1609469508.66	20000	1.474583	0.115	9946363	940	-58.4
1609469509.76	20000	1.380227	0.0	11684632	955	20.0
1609469511.07	160000	1.322431	0.251	15251076	1159	-20.159999999999997
1609469512.7	160000	1.343032	0.651	16574034	1473	55.84
1609469514.14	160000	1.494671	0.591	13009028	1306	65.44
1609469515.37	160000	1.336307	0.074	12791674	1096	148.16
1609469516.34	160000	1.397795	0.031	11137898	831	155.04
1609469517.54	160000	1.442349	0.239	11485310	1068	121.75999999999999
1609469518.85	160000	1.431761	0.299	12428518	1180	112.16
1609469519.88	160000	1.481516	0.085	9963766	917	146.4
1609469521.22	160000	1.317007	0.171	12189364	1211	132.64
1609469522.03	160000	1.501169	0.0	10142396	691	160.0
1609469522.95	160000	1.590156	0.0	10185488	782	160.0
1609469524.44	160000	1.491337	0.397	14061455	1356	96.47999999999999
1609469525.11	60000	1.829902	0.0	7686878	539	-40.0
1609469525.56	20000	2.377155	0.0	4742872	345	-20.0
1609469526.04	20000	2.900496	0.0	4955535	373	20.0
1609469526.37	60000	3.56443	0.0	3174755	239	20.0
1609469527.27	60000	3.672679	0.0	9032460	769	60.0
1609469529.35	160000	2.594247	0.0	23519424	1849	60.0
1609469530.97	160000	1.974652	0.0	18715420	1442	160.0
1609469532.46	160000	1.48658	0.0	17000816	1316	160.0
1609469533.9	160000	1.397229	0.352	14448126	1303	103.68
1609469534.24	80000	2.060984	0.0	3458958	234	0.0
1609469536.63	80000	1.50054	0.83	4351089	2292	-52.80000000000001
1609469537.31	160000	1.813474	0.0	7211881	567	80.0
1609469537.66	160000	2.472606	0.0	3063586	249	160.0
1609469537.98	160000	3.154722	0.0	2782179	229	160.0
1609469538.92	160000	3.205982	0.0	9958410	828	160.0
1609469540.03	160000	3.098205	0.0	12158708	971	160.0
1609469541.54	160000	2.590458	0.0	12300216	1364	160.0
1609469543.96	160000	1.336664	0.162	15815684	2267	134.07999999999998
1609469545.56	160000	1.493603	0.753	13526256	1461	39.519999999999996
1609469546.39	160000	1.655683	0.0	11995130	701	160.0
1609469547.48	160000	1.568974	0.0	13394791	946	160.0
1609469548.32	160000	1.73039	0.0	14135828	695	160.0
1609469549.23	160000	1.824337	0.0	15366126	754	160.0
1609469550.62	160000	1.469691	0.037	14248439	1233	154.08
1609469551.38	110000	1.709049	0.0	8711578	633	60.0
1609469552.44	110000	1.658661	0.0	9417807	919	110.0
1609469553.64	110000	1.451113	0.0	14377779	1058	110.0
1609469554.67	80000	1.429875	0.0	12476436	877	50.0
1609469559.35	80000	1.299375	3.555	10883852	4556	-488.79999999999995
1609469559.92	160000	1.734351	0.0	27527834	331	80.0
1609469560.45	160000	2.203388	0.0	26155848	322	160.0
1609469560.83	160000	2.827584	0.0	17849379	205	160.0
1609469561.18	160000	3.470735	0.0	16546531	189	160.0
1609469561.56	160000	4.095696	0.0	17718949	202	160.0
1609469562.01	160000	4.651105	0.0	17337137	274	160.0
1609469562.51	160000	5.146988	0.0	20008245	314	160.0
1609469563.98	160000	4.67991	0.0	58430914	851	160.0
1609469565.42	160000	4.239031	0.0	16292703	1268	160.0
1609469571.06	110000	1.357234	1.765	17560011	5481	-222.39999999999998
1609469573.58	110000	1.373466	1.532	16439864	2364	-135.12
1609469580.1	160000	1.405763	5.555	13347845	6382	-778.8
1609469581.38	160000	1.459254	0.334	14337991	1143	106.56
1609469582.32	160000	1.523659	0.0	14584990	786	160.0
1609469582.58	40000	2.265098	0.0	3285443	161	-80.0
1609469582.77	40000	3.079822	0.0	3494448	89	40.0
1609469582.93	40000	3.914687	0.0	3529670	70	40.0
1609469583.09	40000	4.758441	0.0	3123898	63	40.0
1609469583.24	40000	5.605484	0.0	3029270	60	40.0
1609469583.4	40000	6.450937	0.0	3059193	60	40.0
1609469583.6	40000	7.255179	0.0	4729676	93	40.0
1609469587.51	40000	4.343484	0.0	5966743	3799	40.0
1609469588.66	110000	4.193258	0.0	12316520	1006	40.0
1609469591.05	110000	2.802313	0.0	13245175	2250	110.0
1609469594.64	160000	1.308068	1.091	18767181	3422	-64.56
1609469596.04	160000	1.400268	0.489	22420858	1223	81.76
1609469596.16	20000	2.281639	0.0	2202171	25	-120.0
1609469596.28	20000	3.1686	0.0	2242042	25	20.0
1609469596.41	60000	4.030554	0.0	3037981	35	20.0
1609469596.59	60000	4.848043	0.0	6591562	74	60.0
1609469596.77	80000	5.667393	0.0	6255843	69	60.0
1609469598.38	80000	5.061314	0.0	5347529	1504	80.0
1609469599.39	110000	5.058499	0.0	9761239	875	80.0
1609469602.74	110000	2.701	0.0	30352856	3127	110.0
1609469605.78	160000	1.397885	0.737	37238410	2797	-7.920000000000002
1609469606.41	160000	1.771887	0.0	14347759	473	160.0
1609469606.92	160000	2.259959	0.0	11399187	376	160.0
1609469607.4	160000	2.784537	0.0	10358641	343	160.0
1609469608.02	160000	3.166057	0.0	14315696	473	160.0
1609469608.99	160000	3.198153	0.0	23283631	769	160.0
1609469610.52	160000	2.667237	0.0	37521367	1241	160.0
1609469611.45	160000	2.736635	0.0	22241104	735	160.0
1609469612.14	160000	3.0468	0.0	15813346	522	160.0
1609469612.88	160000	3.309815	0.0	17116450	566	160.0
1609469613.68	160000	3.511445	0.0	18867054	623	160.0
1609469614.42	160000	3.768918	0.0	17393609	574	160.0
1609469615.45	160000	3.741474	0.0	24759401	818	160.0
1609469616.52	160000	3.678912	0.0	25782433	851	160.0
1609469617.6	160000	3.597935	0.0	25885372	855	160.0
1609469618.68	160000	3.512418	0.0	26242011	874	160.0
1609469619.69	160000	3.508468	0.0	23865378	788	160.0
1609469620.74	160000	3.461927	0.0	25470681	841	160.0
1609469621.87	160000	3.329093	0.0	27258768	901	160.0
1609469622.63	160000	3.570825	0.0	17853711	591	160.0
1609469623.28	160000	3.921068	0.0	14829893	487	160.0
1609469624.43	160000	3.776736	0.0	27779697	917	160.0
1609469625.57	160000	3.633119	0.0	27714923	922	160.0
1609469626.65	160000	3.565932	0.0	25946474	857	160.0
1609469627.48	160000	3.729722	0.0	19596259	646	160.0
1609469628.47	160000	3.739646	0.0	23774167	791	160.0
1609469629.29	160000	3.916239	0.0	19373656	639	160.0
1609469630.29	160000	3.918624	0.0	23977420	791	160.0
1609469631.31	160000	3.898409	0.0	24493733	808	160.0
1609469631.94	160000	4.271663	0.0	14528511	479	160.0
1609469632.67	160000	4.544217	0.0	16841176	564	160.0
1609469633.39	160000	4.81926	0.0	16743604	553	160.0
1609469634.16	160000	5.054817	0.0	17975224	594	160.0
1609469635.09	160000	5.126418	0.0	22329548	738	160.0
1609469635.79	160000	5.426251	0.0	16001583	528	160.0
1609469636.57	160000	5.650753	0.0	18238584	604	160.0
1609469637.47	160000	5.7526	0.0	21308824	701	160.0
1609469638.22	160000	5.995068	0.0	17749058	586	160.0
1609469638.85	160000	6.374346	0.0	14127787	467	160.0
1609469639.6	160000	6.621617	0.0	17525699	579	160.0
1609469640.22	160000	7.005113	0.0	14240042	470	160.0
1609469641.08	160000	7.152611	0.0	20324139	671	160.0
1609469642.0	160000	7.223869	0.0	21993033	725	160.0
1609469642.8	160000	7.421879	0.0	18863108	623	160.0
1609469643.49	160000	7.735561	0.0	15964734	527	160.0
1609469643.88	160000	8.346116	0.0	8284939	274	160.0
1609469644.3	160000	8.929817	0.0	9004706	297	160.0
1609469644.64	160000	9.590867	0.0	6955279	229	160.0
1609469645.13	160000	10.103663	0.0	10701639	354	160.0
1609469645.56	160000	10.667619	0.0	9459459	311	160.0
1609469645.76	160000	11.469424	0.0	3212828	106	160.0
1609469645.93	160000	12.303123	0.0	2509989	82	160.0
1609469646.06	160000	13.172584	0.0	2004927	65	160.0
1609469646.13	160000	14.103398	0.0	591360	19	160.0
1609469646.26	160000	15.411359	0.0	2394426	79	160.0
1609469646.61	40000	1.000999	0.042	336477	10	-6.719999999999999
1609469647.31	160000	1.578347	0.0	14912671	493	40.0
1609469648.39	160000	1.523446	0.0	24265636	802	160.0
1609469649.34	160000	1.660699	0.0	22711544	750	160.0
1609469650.18	160000	1.869125	0.0	19639705	649	160.0
1609469651.06	160000	2.012087	0.0	20946809	692	160.0
1609469651.59	160000	2.505243	0.0	11895609	391	160.0
1609469651.96	160000	3.140393	0.0	7597636	250	160.0
1609469654.37	160000	1.732911	0.0	56067905	1852	160.0
1609469656.15	160000	1.465107	0.516	45444680	1502	77.44
1609469658.29	160000	1.481724	1.155	54798068	1812	-24.80000000000001
1609469661.08	160000	1.185387	1.488	69464107	2300	-78.08000000000001
1609469663.07	160000	1.341473	1.18	50637608	1673	-28.80000000000001
1609469663.89	160000	1.516911	0.0	19559369	646	160.0
