0 39.0
1 47.0
2 62.0
3 74.0
4 57.0
5 56.0
6 18.0
7 27.0
8 27.0
9 36.0
10 35.0
11 89.0
12 103.0
13 52.0
14 75.0
15 67.0
16 50.0
17 67.0
18 96.0
19 71.0
20 58.0
21 24.0
22 18.0
23 60.0
24 142.0
25 138.0
26 136.0
27 110.0
28 3.0
29 0.0
30 0.0
31 0.0
32 0.0
33 0.0
34 0.0
35 0.0
36 0.0
37 0.0
38 0.0
39 0.0
40 0.0
41 0.0
42 22.0
43 66.0
44 66.0
45 18.0
46 44.0
47 32.0
48 19.0
49 25.0
50 26.0
51 17.0
52 17.0
53 11.0
54 1.0
55 9.0
56 6.0
57 9.0
58 23.0
59 9.0
60 10.0
61 3.0
62 5.0
63 2.0
64 0.0
65 0.0
66 2.0
67 1.0
68 3.0
69 5.0
70 3.0
71 13.0
72 8.0
73 8.0
74 6.0
75 10.0
76 7.0
77 5.0
78 0.0
79 5.0
80 3.0
81 8.0
82 6.0
83 4.0
84 6.0
85 9.0
86 8.0
87 2.0
88 6.0
89 2.0
90 6.0
91 5.0
92 4.0
93 7.0
94 8.0
95 9.0
96 5.0
97 7.0
98 5.0
99 6.0
100 6.0
101 5.0
102 6.0
103 13.0
104 16.0
105 6.0
106 0.0
107 1.0
108 1.0
109 3.0
110 6.0
111 7.0
112 10.0
113 10.0
114 14.0
115 12.0
116 5.0
117 5.0
118 5.0
119 5.0
120 7.0
121 6.0
122 1.0
123 16.0
124 12.0
125 13.0
126 12.0
127 12.0
128 9.0
129 11.0
130 12.0
131 7.0
132 18.0
133 14.0
134 16.0
135 11.0
136 13.0
137 16.0
138 17.0
139 15.0
140 11.0
141 11.0
142 12.0
143 1.0
144 1.0
145 0.0
146 4.0
147 8.0
148 6.0
149 3.0
150 2.0
151 7.0
152 1.0
153 4.0
154 3.0
155 2.0
156 2.0
157 7.0
158 5.0
159 7.0
160 15.0
161 12.0
162 9.0
163 8.0
164 11.0
165 24.0
166 45.0
167 19.0
168 22.0
169 35.0
170 24.0
171 3.0
172 2.0
173 2.0
174 17.0
175 5.0
176 5.0
177 21.0
178 19.0
179 17.0
180 24.0
181 11.0
182 1.0
183 2.0
184 1.0
185 13.0
186 8.0
187 23.0
188 22.0
189 24.0
190 22.0
191 20.0
192 4.0
193 9.0
194 7.0
195 20.0
196 6.0
197 16.0
198 16.0
199 10.0
200 9.0
201 10.0
202 21.0
203 18.0
204 17.0
205 6.0
206 15.0
207 15.0
208 16.0
209 9.0
210 11.0
211 7.0
212 1.0
213 1.0
214 2.0
215 5.0
216 0.0
217 0.0
218 3.0
219 4.0
220 2.0
221 2.0
222 1.0
223 3.0
224 2.0
225 0.0
226 1.0
227 0.0
228 1.0
229 0.0
230 0.0
231 0.0
232 0.0
233 0.0
234 0.0
235 0.0
236 2.0
237 2.0
238 3.0
239 8.0
240 7.0
241 8.0
242 7.0
243 10.0
244 6.0
245 8.0
246 6.0
247 7.0
248 7.0
249 10.0
