0 67.0
1 84.0
2 45.0
3 39.0
4 36.0
5 25.0
6 5.0
7 42.0
8 41.0
9 23.0
10 4.0
11 55.0
12 23.0
13 49.0
14 47.0
15 33.0
16 38.0
17 34.0
18 48.0
19 37.0
20 29.0
21 2.0
22 0.0
23 38.0
24 0.0
25 21.0
26 40.0
27 36.0
28 38.0
29 35.0
30 32.0
31 32.0
32 33.0
33 38.0
34 29.0
35 28.0
36 18.0
37 30.0
38 29.0
39 20.0
40 7.0
41 54.0
42 47.0
43 43.0
44 43.0
45 45.0
46 45.0
47 41.0
48 46.0
49 54.0
50 58.0
51 43.0
52 57.0
53 65.0
54 48.0
55 60.0
56 97.0
57 98.0
58 87.0
59 108.0
60 92.0
61 28.0
62 80.0
63 31.0
64 23.0
65 31.0
66 27.0
67 29.0
68 16.0
69 14.0
70 26.0
71 29.0
72 25.0
73 24.0
74 32.0
75 33.0
76 33.0
77 41.0
78 39.0
79 46.0
80 46.0
81 40.0
82 19.0
83 23.0
84 44.0
85 37.0
86 33.0
87 24.0
88 26.0
89 44.0
90 41.0
91 33.0
92 33.0
93 18.0
94 21.0
95 28.0
96 33.0
97 20.0
98 8.0
99 23.0
100 32.0
101 44.0
102 42.0
103 44.0
104 51.0
105 52.0
106 51.0
107 43.0
108 42.0
109 47.0
110 51.0
111 54.0
112 40.0
113 43.0
114 70.0
115 54.0
116 59.0
117 69.0
118 69.0
119 86.0
120 105.0
121 115.0
122 100.0
123 103.0
124 89.0
125 76.0
126 63.0
127 29.0
128 32.0
129 53.0
130 26.0
131 30.0
132 21.0
133 54.0
134 60.0
135 84.0
136 78.0
137 63.0
138 77.0
139 80.0
140 76.0
141 57.0
142 52.0
143 48.0
144 42.0
145 20.0
146 31.0
147 32.0
148 50.0
149 35.0
150 38.0
151 33.0
152 36.0
153 36.0
154 37.0
155 36.0
156 37.0
157 37.0
158 36.0
159 36.0
160 46.0
161 25.0
162 34.0
163 22.0
164 31.0
165 13.0
166 30.0
167 26.0
168 32.0
169 35.0
170 49.0
171 64.0
172 86.0
173 82.0
174 77.0
175 83.0
176 49.0
177 28.0
178 53.0
179 45.0
180 51.0
181 52.0
182 40.0
183 63.0
184 56.0
185 50.0
186 54.0
187 55.0
188 53.0
189 54.0
190 53.0
191 55.0
192 43.0
193 64.0
194 54.0
195 53.0
196 45.0
197 60.0
198 54.0
199 56.0
200 53.0
201 54.0
202 53.0
203 55.0
204 58.0
205 41.0
206 45.0
207 51.0
208 32.0
209 44.0
210 42.0
211 53.0
212 79.0
213 94.0
214 107.0
215 81.0
216 57.0
217 47.0
218 38.0
219 9.0
220 53.0
221 42.0
222 35.0
223 39.0
224 38.0
225 35.0
226 40.0
227 39.0
228 39.0
229 41.0
230 29.0
231 31.0
232 35.0
233 19.0
234 35.0
235 31.0
236 26.0
237 42.0
238 35.0
239 34.0
240 35.0
241 34.0
242 28.0
243 39.0
244 31.0
245 45.0
246 28.0
247 37.0
248 32.0
249 26.0
