loop,interval,timestamp,RTT1,RTT2,Seq,Network,KeepOrDrop
1,8.000,1609120427326,320,319,805,4,YEP
1,8.010,1609120435655,303,303,806,4,YEP
1,8.020,1609120443978,300,301,807,4,YEP
1,8.030,1609120452309,290,289,808,4,YEP
1,8.040,1609120460638,280,280,809,4,YEP
1,8.050,1609120468968,270,271,810,4,YEP
1,8.060,1609120477299,259,259,811,4,YEP
1,8.070,1609120485629,250,250,812,4,YEP
1,8.080,1609120493959,240,240,813,4,YEP
1,8.090,1609120502289,230,230,814,4,YEP
1,8.100,1609120510619,227,226,815,4,YEP
1,8.110,1609120518956,203,203,816,4,YEP
1,8.120,1609120527279,200,199,817,4,YEP
1,8.130,1609120535608,197,197,818,4,YEP
1,8.140,1609120543945,173,173,819,4,YEP
1,8.150,1609120552269,170,169,820,4,YEP
1,8.160,1609120560599,160,160,821,4,YEP
1,8.170,1609120568929,150,149,822,4,YEP
1,8.180,1609120577259,140,139,823,4,YEP
1,8.190,1609120585589,130,129,824,4,YEP
1,8.200,1609120593919,120,119,825,4,YEP
1,8.210,1609120602249,117,116,826,4,YEP
1,8.220,1609120610585,93,93,827,4,YEP
1,8.230,1609120618908,90,90,828,4,YEP
1,8.240,1609120627238,400,400,829,4,YEP
1,8.250,1609120635889,394,393,830,4,YEP
1,8.260,1609120644542,376,376,831,4,YEP
1,8.270,1609120653188,370,371,832,4,YEP
1,8.280,1609120661839,360,359,833,4,YEP
1,8.290,1609120670488,350,350,834,4,YEP
1,8.300,1609120679139,340,339,835,4,YEP
1,8.310,1609120687788,330,330,836,4,YEP
1,8.320,1609120696438,320,320,837,4,YEP
1,8.330,1609120705088,310,310,838,4,YEP
1,8.340,1609120713739,300,300,839,4,YEP
1,8.350,1609120722389,293,293,840,4,YEP
1,8.360,1609120731042,276,277,841,4,YEP
1,8.370,1609120739689,270,269,842,4,YEP
1,8.380,1609120748339,286,285,843,4,YEP
1,8.390,1609120757014,224,224,844,4,YEP
1,8.400,1609120765639,240,239,845,4,YEP
1,8.410,1609120774289,230,229,846,4,YEP
1,8.420,1609120782938,220,220,847,4,YEP
1,8.430,1609120791589,210,210,848,4,YEP
1,8.440,1609120800239,200,199,849,4,YEP
1,8.450,1609120808888,190,190,850,4,YEP
1,8.460,1609120817539,180,179,851,4,YEP
1,8.470,1609120826189,170,169,852,4,YEP
1,8.480,1609120834839,160,160,853,4,YEP
1,8.490,1609120843489,169,170,854,4,YEP
1,8.500,1609120852159,139,139,855,4,YEP
1,8.510,1609120860809,110,110,856,4,YEP
1,8.520,1609120869439,127,128,857,4,YEP
1,8.530,1609120878097,110,110,858,4,YEP
1,8.540,1609120886747,92,91,859,4,YEP
1,8.550,1609120895389,90,89,860,4,YEP
1,8.560,1609120904039,400,399,861,4,YEP
1,8.570,1609120913009,400,400,862,4,YEP
1,8.580,1609120921989,369,369,863,4,YEP
1,8.590,1609120930949,370,370,864,4,YEP
1,8.600,1609120939919,360,360,865,4,YEP
1,8.610,1609120948889,350,349,866,4,YEP
1,8.620,1609120957859,340,339,867,4,YEP
1,8.630,1609120966829,330,330,868,4,YEP
1,8.640,1609120975799,321,321,869,4,YEP
1,8.650,1609120984770,309,309,870,4,YEP
1,8.660,1609120993739,300,300,871,4,YEP
1,8.670,1609121002709,289,290,872,4,YEP
1,8.680,1609121011679,280,279,873,4,YEP
1,8.690,1609121020649,270,269,874,4,YEP
1,8.700,1609121029619,269,268,875,4,YEP
1,8.710,1609121038598,241,241,876,4,YEP
1,8.720,1609121047559,240,240,877,4,YEP
1,8.730,1609121056529,238,238,878,4,YEP
1,8.740,1609121065507,233,232,879,4,YEP
1,8.750,1609121074489,189,190,880,4,YEP
1,8.760,1609121083439,206,206,881,4,YEP
1,8.770,1609121092415,184,184,882,4,YEP
1,8.780,1609121101379,179,179,883,4,YEP
1,8.790,1609121110349,170,169,884,4,YEP
1,8.800,1609121119319,180,180,885,4,YEP
1,8.810,1609121128309,137,136,886,4,YEP
1,8.820,1609121137266,133,133,887,4,YEP
1,8.830,1609121146229,130,130,888,4,YEP
1,8.840,1609121155199,140,140,889,4,YEP
1,8.850,1609121164189,90,90,890,4,YEP
1,8.860,1609121173139,99,100,891,4,YEP
1,8.870,1609121182109,90,89,892,4,YEP
1,8.880,1609121191079,400,399,893,4,YEP
1,8.890,1609121200369,390,390,894,4,YEP
1,8.900,1609121209659,379,379,895,4,YEP
1,8.910,1609121218949,390,390,896,4,YEP
1,8.920,1609121228259,339,339,897,4,YEP
1,8.930,1609121237529,351,351,898,4,YEP
1,8.940,1609121246820,339,339,899,4,YEP
1,8.950,1609121256109,335,334,900,4,YEP
1,8.960,1609121265404,315,314,901,4,YEP
1,8.970,1609121274689,310,309,902,4,YEP
1,8.980,1609121283979,300,299,903,4,YEP
1,8.990,1609121293269,290,289,904,4,YEP
1,9.000,1609121302559,280,279,905,4,YEP
1,9.010,1609121311849,276,276,906,4,YEP
1,9.020,1609121321145,254,254,907,4,YEP
1,9.030,1609121330429,250,250,908,4,YEP
1,9.040,1609121339719,240,239,909,4,YEP
1,9.050,1609121349009,230,230,910,4,YEP
1,9.060,1609121358299,219,219,911,4,YEP
1,9.070,1609121367589,190,190,912,4,YEP
1,9.080,1609121376859,220,219,913,4,YEP
1,9.090,1609121386169,190,190,914,4,YEP
1,9.100,1609121395459,180,179,915,4,YEP
1,9.110,1609121404749,170,169,916,4,YEP
1,9.120,1609121414039,160,160,917,4,YEP
1,9.130,1609121423329,157,157,918,4,YEP
1,9.140,1609121432626,133,132,919,4,YEP
1,9.150,1609121441909,130,130,920,4,YEP
1,9.160,1609121451199,120,120,921,4,YEP
1,9.170,1609121460489,110,110,922,4,YEP
1,9.180,1609121469779,100,99,923,4,YEP
1,9.190,1609121479069,90,89,924,4,YEP
1,9.200,1609121488359,80,80,925,4,YEP
1,9.210,1609121497649,390,390,926,4,YEP
1,9.220,1609121507259,407,407,927,4,YEP
1,9.230,1609121516897,343,343,928,4,YEP
1,9.240,1609121526480,361,361,929,4,YEP
1,9.250,1609121536092,347,346,930,4,YEP
1,9.260,1609121545699,340,339,931,4,YEP
1,9.270,1609121555309,330,329,932,4,YEP
1,9.280,1609121564919,320,320,933,4,YEP
1,9.290,1609121574529,314,314,934,4,YEP
1,9.300,1609121584143,296,296,935,4,YEP
1,9.310,1609121593749,290,290,936,4,YEP
1,9.320,1609121603359,280,279,937,4,YEP
1,9.330,1609121612969,270,270,938,4,YEP
1,9.340,1609121622579,261,262,939,4,YEP
1,9.350,1609121632191,247,247,940,4,BAD
1,9.360,1609121641799,240,240,941,4,YEP
1,9.370,1609121651409,230,229,942,4,YEP
1,9.380,1609121661019,220,220,943,4,YEP
1,9.390,1609121670629,230,229,944,4,YEP
1,9.400,1609121680259,180,180,945,4,YEP
1,9.410,1609121689849,196,197,946,4,YEP
1,9.420,1609121699466,173,172,947,4,YEP
1,9.430,1609121709069,190,190,948,4,YEP
1,9.440,1609121718699,143,142,949,4,YEP
1,9.450,1609121728292,147,147,950,4,YEP
1,9.460,1609121737899,140,140,951,4,YEP
1,9.470,1609121747509,130,130,952,4,YEP
1,9.480,1609121757119,120,119,953,4,YEP
1,9.490,1609121766729,110,109,954,4,YEP
1,9.500,1609121776339,128,128,955,4,YEP
1,9.510,1609121785977,381,382,956,4,YEP
1,9.520,1609121795879,400,400,957,4,YEP
1,9.530,1609121805809,391,390,958,4,YEP
1,9.540,1609121815739,379,379,959,4,YEP
1,9.550,1609121825669,370,369,960,4,YEP
1,9.560,1609121835599,360,360,961,4,YEP
1,9.570,1609121845529,350,350,962,4,YEP
1,9.580,1609121855459,329,329,963,4,YEP
1,9.590,1609121865378,341,341,964,4,YEP
1,9.600,1609121875319,319,320,965,4,YEP
1,9.610,1609121885249,309,310,966,4,YEP
1,9.620,1609121895179,299,300,967,4,YEP
1,9.630,1609121905109,290,290,968,4,YEP
1,9.640,1609121915039,280,279,969,4,YEP
1,9.650,1609121924969,270,269,970,4,YEP
1,9.660,1609121934899,260,260,971,4,YEP
1,9.670,1609121944829,250,249,972,4,YEP
1,9.680,1609121954759,240,239,973,4,YEP
1,9.690,1609121964689,230,230,974,4,YEP
1,9.700,1609121974619,220,220,975,4,YEP
1,9.710,1609121984549,209,210,976,4,YEP
1,9.720,1609121994479,199,199,977,4,YEP
1,9.730,1609122004409,190,189,978,4,YEP
1,9.740,1609122014339,180,180,979,4,YEP
1,9.750,1609122024269,169,170,980,4,YEP
1,9.760,1609122034199,160,159,981,4,YEP
1,9.770,1609122044129,158,158,982,4,YEP
1,9.780,1609122054067,132,132,983,4,YEP
1,9.790,1609122063989,130,130,984,4,YEP
1,9.800,1609122073919,119,119,985,4,YEP
1,9.810,1609122083849,110,110,986,4,YEP
1,9.820,1609122093779,100,100,987,4,YEP
1,9.830,1609122103709,90,90,988,4,YEP
1,9.840,1609122113639,387,388,989,4,YEP
1,9.850,1609122123877,102,101,990,4,BAD
1,9.860,1609122133839,360,360,991,4,YEP
1,9.870,1609122144069,350,350,992,4,YEP
1,9.880,1609122154299,404,403,993,4,YEP
1,9.890,1609122164593,330,330,994,4,YEP
1,9.900,1609122174823,360,360,995,4,YEP
1,9.910,1609122185093,306,305,996,4,YEP
1,9.920,1609122195319,334,334,997,4,YEP
1,9.930,1609122205583,300,299,998,4,YEP
1,9.940,1609122215823,320,320,999,4,YEP
1,9.950,1609122226093,266,266,1000,4,YEP
1,9.960,1609122236319,300,300,1001,4,YEP
1,9.970,1609122246589,253,254,1002,4,YEP
1,9.980,1609122256823,279,280,1003,4,YEP
1,9.990,1609122267093,226,226,1004,4,YEP
1,10.000,1609122287319,1009,1009,1006,4,OUT
1,10.010,1609122298338,294,294,1007,4,YEP
1,10.020,1609122318653,1651,1651,1009,4,OUT
1,10.030,1609122330334,310,309,1010,4,YEP
1,10.040,1609122350683,1611,1612,1012,4,OUT
1,10.050,1609122362345,174,174,1013,4,YEP
1,10.060,1609122372579,1478,1478,1014,4,YEP
1,10.070,1609122384127,334,334,1015,4,YEP
1,10.080,1609122394541,1268,1269,1016,4,YEP
1,10.090,1609122405900,412,412,1017,4,YEP
1,10.100,1609122416412,1161,1161,1018,4,YEP
1,10.110,1609122427684,437,437,1019,4,YEP
1,10.120,1609122438241,1098,1098,1020,4,YEP
1,10.130,1609122449469,125,126,1021,4,YEP
1,10.140,1609122459735,1348,1348,1022,4,YEP
1,10.150,1609122471233,144,145,1023,4,YEP
1,10.160,1609122481538,1331,1332,1024,4,YEP
1,10.170,1609122493040,150,150,1025,4,YEP
1,10.180,1609122503370,1260,1259,1026,4,YEP
1,10.190,1609122514820,124,124,1027,4,YEP
1,10.200,1609122525144,1228,1228,1028,4,YEP
1,10.210,1609122536582,269,268,1029,4,YEP
1,10.220,1609122547071,1070,1070,1030,4,YEP
1,10.230,1609122558371,319,319,1031,4,YEP
1,10.240,1609122568930,961,960,1032,4,YEP
1,10.250,1609122580141,270,270,1033,4,YEP
1,10.260,1609122590671,983,983,1034,4,YEP
1,10.270,1609122601924,337,337,1035,4,YEP
1,10.280,1609122612541,858,858,1036,4,YEP
1,10.290,1609122633689,1505,1505,1038,4,OUT
1,10.300,1609122645494,331,331,1039,4,YEP
1,10.310,1609122656135,783,782,1040,4,YEP
1,10.320,1609122667238,142,141,1041,4,YEP
1,10.330,1609122677709,977,978,1042,4,YEP
1,10.340,1609122689027,432,431,1043,4,YEP
1,10.350,1609122699809,633,632,1044,4,YEP
1,10.360,1609122710802,1175,1174,1045,4,YEP
1,10.370,1609122722346,303,304,1046,4,YEP
1,10.380,1609122733030,705,705,1047,4,YEP
1,10.390,1609122744125,257,258,1048,4,YEP
1,10.400,1609122754783,705,705,1049,4,YEP
1,10.410,1609122765899,135,134,1050,4,YEP
1,10.420,1609122776454,792,792,1051,4,YEP
1,10.430,1609122787676,137,137,1052,4,YEP
1,10.440,1609122798253,767,766,1053,4,YEP
1,10.450,1609122809470,190,190,1054,4,YEP
1,10.460,1609122820120,630,630,1055,4,YEP
1,10.470,1609122831220,307,307,1056,4,YEP
1,10.480,1609122842007,503,502,1057,4,YEP
1,10.490,1609122853000,1076,1075,1058,4,YEP
1,10.500,1609122864576,94,94,1059,4,YEP
1,10.510,1609122875180,626,627,1060,4,YEP
1,10.520,1609122886327,120,119,1061,4,YEP
1,10.530,1609122896977,589,588,1062,4,YEP
1,10.540,1609122908106,100,99,1063,4,YEP
1,10.550,1609122918756,593,593,1064,4,YEP
1,10.560,1609122929909,101,100,1065,4,YEP
1,10.570,1609122940580,541,541,1066,4,YEP
1,10.580,1609122951701,919,918,1067,4,YEP
1,10.590,1609122963210,90,90,1068,4,YEP
1,10.600,1609122973900,472,471,1069,4,YEP
1,10.610,1609122984982,90,90,1070,4,YEP
1,10.620,1609122995692,1756,1756,1071,4,YEP
1,10.630,1609123008079,138,137,1072,4,YEP
1,10.640,1609123018857,1627,1626,1073,4,YEP
1,10.650,1609123031133,816,816,1074,4,YEP
1,10.660,1609123042610,905,904,1075,4,YEP
1,10.670,1609123054185,123,122,1076,4,YEP
1,10.680,1609123064988,1542,1541,1077,4,YEP
1,10.690,1609123077220,826,825,1078,4,YEP
1,10.700,1609123088746,100,100,1079,4,YEP
1,10.710,1609123099556,1552,1553,1080,4,YEP
1,10.720,1609123111829,360,360,1081,4,YEP
1,10.730,1609123122919,1237,1237,1082,4,YEP
1,10.740,1609123134896,140,140,1083,4,YEP
1,10.750,1609123145786,1405,1406,1084,4,YEP
1,10.760,1609123157952,732,732,1085,4,YEP
1,10.770,1609123169454,764,764,1086,4,YEP
1,10.780,1609123180998,100,99,1087,4,YEP
1,10.790,1609123191888,1402,1401,1088,4,YEP
1,10.800,1609123204090,684,684,1089,4,YEP
1,10.810,1609123215584,109,109,1090,4,YEP
1,10.820,1609123226514,1302,1301,1091,4,YEP
1,10.830,1609123238646,70,70,1092,4,YEP
1,10.840,1609123249556,1298,1298,1093,4,YEP
1,10.850,1609123261704,70,69,1094,4,YEP
1,10.860,1609123272634,1310,1310,1095,4,YEP
1,10.870,1609123284814,277,276,1096,4,BAD
1,10.880,1609123295971,980,980,1097,4,YEP
1,10.890,1609123307841,370,370,1098,4,BAD
1,10.900,1609123319111,869,869,1099,4,YEP
1,10.910,1609123330890,388,389,1100,4,BAD
1,10.920,1609123342199,825,825,1101,4,YEP
1,10.930,1609123353954,568,568,1102,4,YEP
1,10.940,1609123365462,297,298,1103,4,YEP
1,10.950,1609123376710,867,866,1104,4,YEP
1,10.960,1609123388537,223,223,1105,4,YEP
1,10.970,1609123399730,879,879,1106,4,YEP
1,10.980,1609123411590,100,100,1107,4,YEP
1,10.990,1609123422680,999,1000,1108,4,YEP
1,11.000,1609123434680,320,320,1109,4,YEP
1,11.010,1609123446010,701,701,1110,4,YEP
1,11.020,1609123457731,99,100,1111,4,YEP
1,11.030,1609123468861,930,929,1112,4,BAD
1,11.040,1609123480830,1713,1713,1113,4,YEP
1,11.050,1609123493594,477,477,1114,4,YEP
1,11.060,1609123505131,220,219,1115,4,YEP
1,11.070,1609123516421,688,688,1116,4,YEP
1,11.080,1609123528189,360,360,1117,4,YEP
1,11.090,1609123539639,492,492,1118,4,YEP
1,11.100,1609123551231,221,220,1119,4,YEP
1,11.110,1609123562562,631,631,1120,4,YEP
1,11.120,1609123574313,340,339,1121,4,YEP
1,11.130,1609123585783,1718,1718,1122,4,YEP
1,11.140,1609123598641,1668,1669,1123,4,YEP
1,11.150,1609123611460,1670,1670,1124,4,YEP
1,11.160,1609123624290,1628,1628,1125,4,YEP
1,11.170,1609123637088,92,91,1126,4,YEP
1,11.180,1609123648359,578,578,1127,4,YEP
1,11.190,1609123660128,194,193,1128,4,YEP
1,11.200,1609123671521,1730,1730,1129,4,YEP
1,11.210,1609123684462,137,136,1130,4,YEP
1,11.220,1609123695819,492,491,1131,4,YEP
1,11.230,1609123707541,290,290,1132,4,YEP
1,11.240,1609123719071,1579,1579,1133,4,YEP
1,11.250,1609123741900,486,486,1135,4,OUT
1,11.260,1609123753647,300,299,1136,4,YEP
1,11.270,1609123765217,1476,1475,1137,4,YEP
1,11.280,1609123787973,482,481,1139,4,OUT
1,11.290,1609123809745,471,470,1141,4,OUT
1,11.300,1609123831516,374,373,1143,4,OUT
1,11.310,1609123843200,1603,1602,1144,4,BAD
1,11.320,1609123856123,400,399,1145,4,BAD
1,11.330,1609123867853,1265,1265,1146,4,YEP
1,11.340,1609123880458,1440,1439,1147,4,YEP
1,11.350,1609123893248,1443,1443,1148,4,YEP
1,11.360,1609123906051,1457,1458,1149,4,YEP
1,11.370,1609123918879,1413,1412,1150,4,YEP
1,11.380,1609123931672,1406,1405,1151,4,YEP
1,11.390,1609123944468,1421,1420,1152,4,YEP
1,11.400,1609123957289,1394,1393,1153,4,YEP
1,11.410,1609123970093,1397,1396,1154,4,YEP
1,11.420,1609123982910,1373,1372,1155,4,YEP
1,11.430,1609123995713,1416,1415,1156,4,YEP
1,11.440,1609124008569,1324,1323,1157,4,YEP
1,11.450,1609124021343,1350,1349,1158,4,YEP
1,11.460,1609124034153,1345,1344,1159,4,YEP
1,11.470,1609124046967,1328,1328,1160,4,YEP
1,11.480,1609124059776,1320,1319,1161,4,YEP
1,11.490,1609124072585,1314,1315,1162,4,YEP
1,11.500,1609124085400,1280,1279,1163,4,YEP
1,11.510,1609124098190,1298,1298,1164,4,YEP
1,11.520,1609124111008,1282,1282,1165,4,YEP
1,11.530,1609124123820,1289,1289,1166,4,YEP
1,11.540,1609124136649,1246,1246,1167,4,YEP
1,11.550,1609124149446,1246,1245,1168,4,YEP
1,11.560,1609124162251,1243,1244,1169,4,YEP
1,11.570,1609124175065,1239,1238,1170,4,YEP
1,11.580,1609124187884,1230,1230,1171,4,YEP
1,11.590,1609124200704,1207,1206,1172,4,YEP
1,11.600,1609124213511,1177,1177,1173,4,YEP
1,11.610,1609124226298,1189,1189,1174,4,YEP
1,11.620,1609124239108,1207,1207,1175,4,YEP
1,11.630,1609124251945,1149,1150,1176,4,YEP
1,11.640,1609124264735,1155,1154,1177,4,YEP
1,11.650,1609124277540,1153,1153,1178,4,YEP
1,11.660,1609124290353,1139,1139,1179,4,YEP
1,11.670,1609124303163,1135,1134,1180,4,YEP
1,11.680,1609124315978,1118,1117,1181,4,YEP
1,11.690,1609124328785,1107,1108,1182,4,YEP
1,11.700,1609124341593,1113,1112,1183,4,YEP
1,11.710,1609124354416,250,249,1184,4,BAD
1,11.720,1609124366386,127,127,1185,4,BAD
1,11.730,1609124378243,1607,1606,1186,4,BAD
1,11.740,1609124391590,310,309,1187,4,BAD
1,11.750,1609124403650,390,389,1188,4,BAD
1,11.760,1609124415799,380,380,1189,4,BAD
1,11.770,1609124427949,512,512,1190,4,YEP
1,11.780,1609124440242,1044,1043,1191,4,YEP
1,11.790,1609124453076,978,977,1192,4,YEP
1,11.800,1609124465853,994,995,1193,4,YEP
1,11.810,1609124478658,1006,1005,1194,4,YEP
1,11.820,1609124491484,975,974,1195,4,YEP
1,11.830,1609124504289,966,965,1196,4,YEP
1,11.840,1609124517094,970,971,1197,4,YEP
1,11.850,1609124529915,959,960,1198,4,YEP
1,11.860,1609124542735,932,932,1199,4,YEP
1,11.870,1609124555538,908,907,1200,4,YEP
1,11.880,1609124568325,924,924,1201,4,YEP
1,11.890,1609124581140,912,912,1202,4,YEP
1,11.900,1609124593952,912,912,1203,4,YEP
1,11.910,1609124606774,915,915,1204,4,YEP
1,11.920,1609124619610,894,894,1205,4,YEP
1,11.930,1609124632434,816,815,1206,4,YEP
1,11.940,1609124645190,863,863,1207,4,YEP
1,11.950,1609124658003,855,854,1208,4,YEP
1,11.960,1609124670818,858,857,1209,4,YEP
1,11.970,1609124683646,803,802,1210,4,YEP
1,11.980,1609124696429,826,825,1211,4,YEP
1,11.990,1609124709244,913,913,1212,4,YEP
1,12.000,1609124722157,251,251,1213,4,BAD
1,12.010,1609124734419,159,159,1214,4,BAD
1,12.020,1609124746598,100,99,1215,4,BAD
1,12.030,1609124758728,1270,1269,1216,4,YEP
1,12.040,1609124772037,739,740,1217,4,YEP
1,12.050,1609124784827,747,746,1218,4,YEP
1,12.060,1609124797633,733,734,1219,4,YEP
1,12.070,1609124810437,747,747,1220,4,YEP
1,12.080,1609124823264,725,724,1221,4,YEP
1,12.090,1609124836079,708,707,1222,4,YEP
1,12.100,1609124848887,676,675,1223,4,YEP
1,12.110,1609124861673,713,712,1224,4,YEP
1,12.120,1609124874505,654,654,1225,4,YEP
1,12.130,1609124887289,702,702,1226,4,YEP
1,12.140,1609124900131,636,636,1227,4,YEP
1,12.150,1609124912918,655,654,1228,4,YEP
1,12.160,1609124925732,650,650,1229,4,YEP
1,12.170,1609124938553,620,619,1230,4,YEP
1,12.180,1609124951353,201,200,1231,4,BAD
1,12.200,1609124976956,380,379,1233,4,BAD
1,12.210,1609124989546,827,826,1234,4,YEP
1,12.220,1609125002592,584,584,1235,4,YEP
1,12.230,1609125015406,588,589,1236,4,YEP
1,12.240,1609125028235,548,547,1237,4,YEP
1,12.250,1609125041033,550,549,1238,4,BAD
1,12.260,1609125053842,565,565,1239,4,YEP
1,12.270,1609125066678,171,170,1240,4,BAD
1,12.280,1609125079128,186,187,1241,4,BAD
1,12.290,1609125091605,163,162,1242,4,BAD
1,12.300,1609125104067,586,586,1243,4,BAD
1,12.310,1609125116963,90,91,1244,4,BAD
1,12.320,1609125129374,508,507,1245,4,YEP
1,12.330,1609125142212,480,479,1246,4,YEP
1,12.340,1609125155031,458,458,1247,4,YEP
1,12.350,1609125167839,1732,1732,1248,4,YEP
1,12.360,1609125181932,1717,1716,1249,4,YEP
1,12.370,1609125196019,1713,1712,1250,4,YEP
1,12.380,1609125210112,1698,1698,1251,4,YEP
1,12.390,1609125224200,1710,1709,1252,4,YEP
1,12.400,1609125238310,1687,1686,1253,4,YEP
1,12.410,1609125252406,1671,1671,1254,4,YEP
1,12.420,1609125266498,1626,1626,1255,4,YEP
1,12.430,1609125280554,1658,1658,1256,4,YEP
1,12.440,1609125294652,1634,1634,1257,4,YEP
1,12.450,1609125308737,1639,1638,1258,4,YEP
1,12.460,1609125322835,1619,1619,1259,4,YEP
1,12.470,1609125336924,1600,1600,1260,4,YEP
1,12.480,1609125351005,1614,1613,1261,4,YEP
1,12.490,1609125365109,1587,1587,1262,4,YEP
1,12.500,1609125379196,411,410,1263,4,BAD
1,12.510,1609125392117,1458,1458,1264,4,YEP
1,12.520,1609125406095,299,299,1265,4,BAD
1,12.530,1609125418925,1105,1105,1266,4,BAD
1,12.540,1609125432570,272,271,1267,4,BAD
1,12.550,1609125455391,278,278,1269,4,OUT
1,12.560,1609125468230,879,878,1270,4,YEP
1,12.570,1609125481679,1529,1528,1271,4,YEP
1,12.580,1609125495788,1466,1466,1272,4,YEP
1,12.590,1609125509844,1489,1488,1273,4,YEP
1,12.600,1609125523932,1483,1483,1274,4,YEP
1,12.610,1609125538026,1472,1471,1275,4,YEP
1,12.620,1609125552117,1461,1462,1276,4,YEP
1,12.630,1609125566209,1466,1465,1277,4,YEP
1,12.640,1609125580315,1432,1431,1278,4,YEP
1,12.650,1609125594397,1429,1428,1279,4,YEP
1,12.660,1609125608486,1421,1421,1280,4,YEP
1,12.670,1609125622577,1399,1398,1281,4,YEP
1,12.680,1609125636655,1402,1402,1282,4,YEP
1,12.690,1609125650747,1416,1416,1283,4,YEP
1,12.700,1609125664864,1354,1354,1284,4,YEP
1,12.710,1609125678928,1366,1367,1285,4,YEP
1,12.720,1609125693015,1411,1410,1286,4,YEP
1,12.730,1609125707156,1301,1300,1287,4,YEP
1,12.740,1609125721197,1345,1344,1288,4,YEP
1,12.750,1609125735292,1317,1316,1289,4,YEP
1,12.760,1609125749368,1338,1339,1290,4,BAD
1,12.770,1609125763477,1310,1309,1291,4,BAD
1,12.780,1609125777567,1304,1304,1292,4,BAD
1,12.790,1609125791661,1273,1273,1293,4,BAD
1,12.800,1609125805734,1276,1277,1294,4,YEP
1,12.810,1609125819821,1309,1308,1295,4,YEP
1,12.820,1609125833950,1228,1228,1296,4,YEP
1,12.830,1609125848008,1258,1259,1297,4,YEP
1,12.840,1609125862107,1225,1224,1298,4,YEP
1,12.850,1609125876181,1240,1240,1299,4,YEP
1,12.860,1609125890281,1217,1217,1300,4,YEP
1,12.870,1609125904368,1201,1202,1301,4,YEP
1,12.880,1609125918450,1206,1205,1302,4,YEP
1,12.890,1609125932545,1203,1203,1303,4,YEP
1,12.900,1609125946648,1171,1172,1304,4,YEP
1,12.910,1609125960730,1159,1159,1305,4,YEP
1,12.920,1609125974809,1178,1178,1306,4,YEP
1,12.930,1609125988917,1143,1143,1307,4,YEP
1,12.940,1609126003000,1135,1135,1308,4,YEP
1,12.950,1609126017085,1128,1128,1309,4,YEP
1,12.960,1609126031174,1141,1140,1310,4,YEP
1,12.970,1609126045284,1098,1098,1311,4,YEP
1,12.980,1609126059362,1076,1076,1312,4,YEP
1,12.990,1609126073428,1090,1090,1313,4,YEP
1,13.000,1609126087518,1120,1120,1314,4,YEP
1,13.010,1609126101649,326,326,1315,4,BAD
1,13.020,1609126114995,91,90,1316,4,BAD
1,13.030,1609126128115,88,88,1317,4,BAD
1,13.040,1609126141243,1112,1113,1318,4,YEP
1,13.050,1609126155406,169,169,1319,4,BAD
1,13.060,1609126168635,615,616,1320,4,YEP
1,13.070,1609126182321,1014,1015,1321,4,YEP
1,13.080,1609126196416,996,995,1322,4,YEP
1,13.090,1609126210501,983,983,1323,4,YEP
1,13.100,1609126224584,993,993,1324,4,YEP
1,13.110,1609126238687,990,990,1325,4,YEP
1,13.120,1609126252798,942,941,1326,4,YEP
1,13.130,1609126266870,970,969,1327,4,YEP
1,13.140,1609126280979,911,911,1328,4,YEP
1,13.150,1609126295040,929,930,1329,4,YEP
1,13.160,1609126309130,924,923,1330,4,YEP
1,13.170,1609126323224,913,912,1331,4,YEP
1,13.180,1609126337316,872,872,1332,4,YEP
1,13.190,1609126351379,910,909,1333,4,YEP
1,13.200,1609126365488,893,894,1334,4,YEP
1,13.210,1609126379592,867,866,1335,4,BAD
1,13.220,1609126393678,871,871,1336,4,YEP
1,13.230,1609126407779,850,850,1337,4,YEP
1,13.240,1609126421869,834,834,1338,4,YEP
1,13.250,1609126435953,827,827,1339,4,YEP
1,13.260,1609126450041,240,240,1340,4,BAD
1,13.270,1609126463551,156,157,1341,4,BAD
1,13.280,1609126476988,162,163,1342,4,BAD
1,13.290,1609126490441,1374,1373,1343,4,YEP
1,13.300,1609126505114,773,773,1344,4,YEP
1,13.310,1609126519197,774,774,1345,4,YEP
1,13.320,1609126533291,759,759,1346,4,YEP
1,13.330,1609126547380,754,754,1347,4,YEP
1,13.340,1609126561474,729,729,1348,4,YEP
1,13.350,1609126575553,744,744,1349,4,YEP
1,13.360,1609126589657,728,729,1350,4,YEP
1,13.370,1609126603756,706,705,1351,4,YEP
1,13.380,1609126617842,689,688,1352,4,YEP
1,13.390,1609126631921,717,716,1353,4,YEP
1,13.400,1609126646037,650,650,1354,4,YEP
1,13.410,1609126660097,665,665,1355,4,YEP
1,13.420,1609126674183,669,669,1356,4,YEP
1,13.430,1609126688282,655,654,1357,4,YEP
1,13.440,1609126702376,634,634,1358,4,YEP
1,13.450,1609126716461,626,625,1359,4,YEP
1,13.460,1609126730547,621,620,1360,4,YEP
1,13.470,1609126744637,620,620,1361,4,YEP
1,13.480,1609126758737,581,581,1362,4,YEP
1,13.490,1609126772809,601,600,1363,4,YEP
1,13.500,1609126786909,567,567,1364,4,YEP
1,13.510,1609126800987,594,593,1365,4,BAD
1,13.520,1609126815101,528,527,1366,4,BAD
1,13.530,1609126829159,220,219,1367,4,BAD
1,13.540,1609126842919,252,252,1368,4,BAD
1,13.550,1609126856721,1177,1176,1369,4,YEP
1,13.560,1609126871457,521,522,1370,4,YEP
1,13.570,1609126885549,499,498,1371,4,YEP
1,13.580,1609126899628,519,518,1372,4,YEP
1,13.590,1609126913737,480,480,1373,4,YEP
1,13.600,1609126927817,477,477,1374,4,YEP
1,13.610,1609126941904,472,472,1375,4,YEP
1,13.620,1609126955996,451,451,1376,4,YEP
1,13.630,1609126970077,1745,1745,1377,4,YEP
1,13.640,1609126985462,1712,1711,1378,4,YEP
1,13.650,1609127000824,1712,1711,1379,4,YEP
1,13.660,1609127016196,1704,1703,1380,4,YEP
1,13.670,1609127031569,1684,1684,1381,4,YEP
1,13.680,1609127046933,1682,1682,1382,4,YEP
1,13.690,1609127062306,1656,1656,1383,4,YEP
1,13.700,1609127077662,1657,1656,1384,4,YEP
1,13.710,1609127093028,1663,1664,1385,4,YEP
1,13.720,1609127108412,1648,1647,1386,4,YEP
1,13.730,1609127123789,1600,1600,1387,4,YEP
1,13.740,1609127139129,90,90,1388,4,BAD
1,13.750,1609127152970,128,128,1389,4,BAD
1,13.760,1609127166858,93,92,1390,4,BAD
1,13.770,1609127180720,1019,1019,1391,4,YEP
1,13.780,1609127195519,1574,1574,1392,4,YEP
1,13.790,1609127210884,1566,1565,1393,4,YEP
1,13.800,1609127226250,1567,1567,1394,4,YEP
1,13.810,1609127241627,1543,1542,1395,4,YEP
1,13.820,1609127256989,1543,1543,1396,4,YEP
1,13.830,1609127272362,1523,1523,1397,4,YEP
1,13.840,1609127287725,1531,1531,1398,4,YEP
1,13.850,1609127303107,1523,1522,1399,4,YEP
1,13.860,1609127318490,1492,1491,1400,4,YEP
1,13.870,1609127333851,1487,1488,1401,4,YEP
1,13.880,1609127349219,1479,1478,1402,4,YEP
1,13.890,1609127364587,1455,1455,1403,4,YEP
1,13.900,1609127379942,1479,1479,1404,4,YEP
1,13.910,1609127395332,1448,1447,1405,4,YEP
1,13.920,1609127410699,97,97,1406,4,BAD
1,13.930,1609127424726,1486,1487,1407,4,BAD
1,13.940,1609127440153,1425,1424,1408,4,YEP
1,13.950,1609127455527,1429,1429,1409,4,YEP
1,13.960,1609127470917,1379,1378,1410,4,YEP
1,13.970,1609127486266,207,206,1411,4,BAD
1,13.980,1609127500453,260,259,1412,4,BAD
1,13.990,1609127514702,383,383,1413,4,BAD
1,14.000,1609127529086,810,810,1414,4,YEP
1,14.010,1609127543906,1354,1353,1415,4,YEP
1,14.020,1609127559279,1329,1329,1416,4,YEP
1,14.030,1609127574639,1331,1330,1417,4,YEP
1,14.040,1609127590010,1328,1327,1418,4,YEP
1,14.050,1609127605388,1298,1298,1419,4,YEP
1,14.060,1609127620746,1293,1292,1420,4,YEP
1,14.070,1609127636108,1308,1308,1421,4,YEP
1,14.080,1609127651497,1273,1272,1422,4,YEP
1,14.090,1609127666860,1269,1268,1423,4,YEP
1,14.100,1609127682229,1265,1264,1424,4,YEP
1,14.110,1609127697604,1254,1253,1425,4,YEP
1,14.120,1609127712978,1225,1224,1426,4,BAD
1,14.130,1609127728333,1241,1240,1427,4,YEP
1,14.140,1609127743714,1227,1227,1428,4,YEP
1,14.150,1609127759091,1204,1203,1429,4,YEP
1,14.160,1609127774455,1221,1220,1430,4,YEP
1,14.170,1609127789846,1189,1188,1431,4,YEP
1,14.180,1609127805215,1160,1160,1432,4,YEP
1,14.190,1609127820565,1174,1174,1433,4,YEP
1,14.200,1609127835939,213,213,1434,4,BAD
1,14.210,1609127850362,168,168,1435,4,BAD
1,14.220,1609127864751,157,156,1436,4,BAD
1,14.230,1609127879138,1477,1476,1437,4,YEP
1,14.240,1609127894855,1124,1124,1438,4,YEP
1,14.250,1609127910229,1112,1112,1439,4,YEP
1,14.260,1609127925601,1096,1095,1440,4,YEP
1,14.270,1609127940967,1087,1086,1441,4,YEP
1,14.280,1609127956334,1085,1084,1442,4,YEP
1,14.290,1609127971708,1070,1070,1443,4,YEP
1,14.300,1609127987079,1058,1057,1444,4,YEP
1,14.310,1609128002447,1048,1048,1445,4,YEP
1,14.320,1609128017815,1025,1025,1446,4,YEP
1,14.330,1609128033170,1028,1028,1447,4,YEP
1,14.340,1609128048538,1028,1028,1448,4,YEP
1,14.350,1609128063917,1031,1031,1449,4,YEP
1,14.360,1609128079308,976,975,1450,4,YEP
1,14.370,1609128094654,1006,1005,1451,4,YEP
1,14.380,1609128110040,400,399,1452,4,BAD
1,14.390,1609128124829,1567,1567,1453,4,YEP
1,14.400,1609128140797,936,935,1454,4,YEP
1,14.410,1609128156142,952,952,1455,4,YEP
1,14.420,1609128171515,953,953,1456,4,YEP
1,14.430,1609128186898,921,921,1457,4,BAD
1,14.440,1609128202259,921,920,1458,4,BAD
1,14.450,1609128217630,927,926,1459,4,BAD
1,14.460,1609128233017,874,874,1460,4,YEP
1,14.470,1609128248361,894,893,1461,4,YEP
1,14.480,1609128263734,883,883,1462,4,YEP
1,14.490,1609128279108,868,868,1463,4,YEP
1,14.500,1609128294476,867,866,1464,4,YEP
1,14.510,1609128309853,844,843,1465,4,YEP
1,14.520,1609128325217,853,853,1466,4,YEP
1,14.530,1609128340600,809,809,1467,4,YEP
1,14.540,1609128355949,826,825,1468,4,YEP
1,14.550,1609128371325,800,799,1469,4,YEP
1,14.560,1609128386684,811,811,1470,4,YEP
1,14.570,1609128402066,788,787,1471,4,YEP
1,14.580,1609128417433,765,766,1472,4,YEP
1,14.590,1609128432789,786,786,1473,4,YEP
1,14.600,1609128448175,775,774,1474,4,YEP
1,14.610,1609128463560,742,741,1475,4,YEP
1,14.620,1609128478922,728,727,1476,4,YEP
1,14.630,1609128494279,736,736,1477,4,YEP
1,14.640,1609128509656,740,740,1478,4,YEP
1,14.650,1609128525046,270,269,1479,4,BAD
1,14.660,1609128539976,300,299,1480,4,BAD
1,14.670,1609128554945,372,372,1481,4,BAD
1,14.680,1609128569998,526,526,1482,4,YEP
1,14.690,1609128585214,685,684,1483,4,YEP
1,14.700,1609128600599,657,656,1484,4,YEP
1,14.710,1609128615965,638,638,1485,4,YEP
1,14.720,1609128631323,652,652,1486,4,YEP
1,14.730,1609128646705,635,635,1487,4,YEP
1,14.740,1609128662080,618,619,1488,4,YEP
1,14.750,1609128677449,594,593,1489,4,YEP
1,14.760,1609128692802,616,617,1490,4,YEP
1,14.770,1609128708189,573,572,1491,4,YEP
1,14.780,1609128723542,582,581,1492,4,YEP
1,14.790,1609128738914,585,584,1493,4,YEP
1,14.800,1609128754299,559,558,1494,4,YEP
1,14.810,1609128769668,547,547,1495,4,YEP
1,14.820,1609128785035,542,541,1496,4,YEP
1,14.830,1609128800406,534,534,1497,4,YEP
1,14.840,1609128815781,499,498,1498,4,YEP
1,14.850,1609128831130,528,527,1499,4,YEP
1,14.860,1609128846518,518,518,1500,4,YEP
1,14.870,1609128861906,464,463,1501,4,YEP
1,14.880,1609128877249,480,480,1502,4,BAD
1,14.890,1609128892620,5430,5429,1503,4,BAD
1,14.900,1609128912950,638,637,1504,4,BAD
1,14.910,1609128928498,1712,1711,1505,4,YEP
1,14.920,1609128945130,1727,1727,1506,4,YEP
1,14.930,1609128961787,1714,1713,1507,4,YEP
1,14.940,1609128978441,1707,1706,1508,4,YEP
1,14.950,1609128995098,1674,1673,1509,4,YEP
1,14.960,1609129011732,1678,1677,1510,4,YEP
1,14.970,1609129028380,1682,1681,1511,4,YEP
1,14.980,1609129045042,1655,1654,1512,4,YEP
1,14.990,1609129061686,1648,1649,1513,4,YEP
1,15.000,1609129078335,1636,1636,1514,4,YEP
1,15.010,1609129094981,1640,1639,1515,4,YEP
1,15.020,1609129111640,1617,1617,1516,4,BAD
1,15.030,1609129128287,1614,1614,1517,4,YEP
1,15.040,1609129144942,1597,1596,1518,4,YEP
1,15.050,1609129161588,1588,1589,1519,4,YEP
1,15.060,1609129178237,329,329,1520,4,BAD
1,15.070,1609129193636,1541,1541,1521,4,YEP
1,15.080,1609129210257,1551,1551,1522,4,YEP
1,15.090,1609129226898,1550,1550,1523,4,BAD
1,15.100,1609129243548,1541,1541,1524,4,BAD
1,15.110,1609129260199,850,850,1525,4,BAD
1,15.120,1609129276170,922,922,1526,4,BAD
1,15.130,1609129292222,1534,1533,1527,4,YEP
1,15.140,1609129308896,1476,1475,1528,4,YEP
1,15.150,1609129325522,1490,1489,1529,4,YEP
1,15.160,1609129342172,1477,1476,1530,4,YEP
1,15.170,1609129358819,1480,1479,1531,4,YEP
1,15.180,1609129375478,1456,1456,1532,4,YEP
1,15.190,1609129392124,1448,1449,1533,4,YEP
1,15.200,1609129408773,1443,1442,1534,4,YEP
1,15.210,1609129425426,1433,1432,1535,4,YEP
1,15.220,1609129442079,1403,1403,1536,4,BAD
1,15.230,1609129458712,1407,1407,1537,4,YEP
1,15.240,1609129475359,1417,1416,1538,4,YEP
1,15.250,1609129492025,1363,1364,1539,4,YEP
1,15.260,1609129508649,1403,1402,1540,4,YEP
1,15.270,1609129525322,1377,1376,1541,4,YEP
1,15.280,1609129541979,1361,1361,1542,4,YEP
1,15.290,1609129558630,1360,1359,1543,4,YEP
1,15.300,1609129575290,1148,1148,1544,4,BAD
1,15.310,1609129591748,304,303,1545,4,BAD
1,15.320,1609129607372,1232,1231,1546,4,BAD
1,15.330,1609129623933,1324,1325,1547,4,YEP
1,15.340,1609129640598,1299,1298,1548,4,YEP
1,15.350,1609129657247,1295,1294,1549,4,YEP
1,15.360,1609129673902,1268,1267,1550,4,YEP
1,15.370,1609129690539,1273,1273,1551,4,YEP
1,15.380,1609129707192,1266,1266,1552,4,YEP
1,15.390,1609129723849,1247,1246,1553,4,YEP
1,15.400,1609129740495,1241,1241,1554,4,YEP
1,15.410,1609129757147,390,389,1555,4,BAD
1,15.420,1609129772957,799,798,1556,4,YEP
1,15.430,1609129789185,1210,1211,1557,4,YEP
1,15.440,1609129805836,1180,1179,1558,4,YEP
1,15.450,1609129822466,1188,1188,1559,4,YEP
1,15.460,1609129839114,1204,1203,1560,4,YEP
1,15.470,1609129855788,1146,1145,1561,4,YEP
1,15.480,1609129872414,1155,1154,1562,4,YEP
1,15.490,1609129889059,1150,1149,1563,4,YEP
1,15.500,1609129905708,1170,1171,1564,4,YEP
1,15.510,1609129922389,420,419,1565,4,BAD
1,15.520,1609129938328,109,109,1566,4,BAD
1,15.530,1609129953968,1524,1523,1567,4,BAD
1,15.540,1609129971032,1096,1096,1568,4,YEP
1,15.550,1609129987678,1094,1093,1569,4,YEP
1,15.560,1609130004331,1072,1072,1570,4,YEP
1,15.570,1609130020973,1084,1084,1571,4,YEP
1,15.580,1609130037638,1056,1056,1572,4,YEP
1,15.590,1609130054284,1045,1044,1573,4,YEP
1,15.600,1609130070928,1054,1054,1574,4,YEP
1,15.610,1609130087592,1007,1008,1575,4,YEP
1,15.620,1609130104220,1032,1032,1576,4,YEP
1,15.630,1609130120883,1016,1016,1577,4,YEP
1,15.640,1609130137539,994,993,1578,4,YEP
1,15.650,1609130154182,991,991,1579,4,YEP
1,15.660,1609130170834,983,983,1580,4,YEP
1,15.670,1609130187487,969,969,1581,4,YEP
1,15.680,1609130204136,942,941,1582,4,YEP
1,15.690,1609130220768,961,960,1583,4,YEP
1,15.700,1609130237429,967,966,1584,4,YEP
1,15.710,1609130254106,94,93,1585,4,BAD
1,15.720,1609130279920,642,641,1587,4,OUT
1,15.730,1609130296292,967,966,1588,4,BAD
1,15.740,1609130312998,897,897,1589,4,YEP
1,15.750,1609130329646,889,888,1590,4,YEP
1,15.760,1609130346294,880,880,1591,4,YEP
1,15.770,1609130362945,868,867,1592,4,YEP
1,15.780,1609130379592,862,863,1593,4,YEP
1,15.790,1609130396245,838,837,1594,4,YEP
1,15.800,1609130412883,854,853,1595,4,YEP
1,15.810,1609130429547,823,822,1596,4,YEP
1,15.820,1609130446190,810,809,1597,4,YEP
1,15.830,1609130462829,847,848,1598,4,YEP
1,15.840,1609130479517,779,780,1599,4,YEP
1,15.850,1609130496147,789,790,1600,4,BAD
1,15.860,1609130512797,800,799,1601,4,YEP
1,15.870,1609130529466,752,752,1602,4,BAD
1,15.880,1609130546099,771,770,1603,4,YEP
1,15.890,1609130562760,742,741,1604,4,YEP
1,15.900,1609130579402,736,735,1605,4,YEP
1,15.910,1609130596047,731,732,1606,4,YEP
1,15.920,1609130612699,716,715,1607,4,BAD
1,15.930,1609130629345,717,716,1608,4,BAD
1,15.940,1609130646002,693,693,1609,4,BAD
1,15.950,1609130662645,712,712,1610,4,YEP
1,15.960,1609130679317,673,673,1611,4,YEP
1,15.970,1609130695960,647,647,1612,4,YEP
1,15.980,1609130712588,673,673,1613,4,YEP
1,15.990,1609130729251,640,639,1614,4,YEP
1,16.000,1609130745891,635,634,1615,4,YEP
1,16.010,1609130762535,633,633,1616,4,YEP
1,16.020,1609130779188,622,623,1617,4,YEP
1,16.030,1609130795841,616,616,1618,4,YEP
1,16.040,1609130812497,582,583,1619,4,YEP
1,16.050,1609130829130,613,613,1620,4,YEP
1,16.060,1609130845803,570,569,1621,4,YEP
1,16.070,1609130862443,587,587,1622,4,YEP
1,16.080,1609130879110,560,559,1623,4,YEP
1,16.090,1609130895760,525,525,1624,4,YEP
1,16.100,1609130912385,550,550,1625,4,YEP
1,16.110,1609130929045,535,535,1626,4,YEP
1,16.120,1609130945700,521,520,1627,4,YEP
1,16.130,1609130962351,110,109,1628,4,BAD
1,16.140,1609130978600,113,114,1629,4,BAD
1,16.150,1609130994864,1265,1265,1630,4,YEP
1,16.160,1609131012289,490,489,1631,4,YEP
1,16.170,1609131028949,462,462,1632,4,YEP
1,16.180,1609131045591,464,463,1633,4,YEP
1,16.190,1609131062245,1726,1725,1634,4,YEP
1,16.200,1609131080171,1728,1727,1635,4,YEP
1,16.210,1609131098109,110,109,1636,4,BAD
1,16.220,1609131114439,711,711,1637,4,YEP
1,16.230,1609131131380,1702,1701,1638,4,YEP
1,16.240,1609131149322,1704,1704,1639,4,YEP
1,16.250,1609131167276,1648,1647,1640,4,YEP
1,16.260,1609131185184,1661,1660,1641,4,YEP
1,16.270,1609131203115,1656,1655,1642,4,YEP
1,16.280,1609131221051,1633,1633,1643,4,YEP
1,16.290,1609131238974,1637,1638,1644,4,YEP
1,16.300,1609131256912,1622,1622,1645,4,YEP
1,16.310,1609131274844,1619,1619,1646,4,YEP
1,16.320,1609131292783,651,651,1647,4,BAD
1,16.330,1609131309764,399,398,1648,4,BAD
1,16.340,1609131326502,266,267,1649,4,BAD
1,16.350,1609131343119,1171,1171,1650,4,YEP
1,16.360,1609131360650,1597,1596,1651,4,YEP
1,16.370,1609131378617,1543,1543,1652,4,YEP
1,16.380,1609131396540,1516,1515,1653,4,YEP
1,16.390,1609131414446,1529,1529,1654,4,YEP
1,16.400,1609131432375,1499,1498,1655,4,YEP
1,16.410,1609131450284,1533,1532,1656,4,YEP
1,16.420,1609131468236,1505,1505,1657,4,YEP
1,16.430,1609131486172,1469,1469,1658,4,YEP
1,16.440,1609131504081,1492,1493,1659,4,YEP
1,16.450,1609131522024,1479,1479,1660,4,YEP
1,16.460,1609131539963,1440,1440,1661,4,YEP
1,16.470,1609131557873,1456,1457,1662,4,YEP
1,16.480,1609131575810,1444,1445,1663,4,YEP
1,16.490,1609131593745,1452,1452,1664,4,YEP
1,16.500,1609131611697,1413,1412,1665,4,YEP
1,16.510,1609131629620,1390,1390,1666,4,YEP
1,16.520,1609131647530,399,399,1667,4,BAD
1,16.530,1609131664460,110,110,1668,4,BAD
1,16.540,1609131681110,1114,1113,1669,4,BAD
1,16.550,1609131698774,1349,1349,1670,4,YEP
1,16.560,1609131716683,1374,1374,1671,4,YEP
1,16.570,1609131734627,1343,1343,1672,4,YEP
1,16.580,1609131752550,1367,1366,1673,4,YEP
1,16.590,1609131770507,1303,1302,1674,4,YEP
1,16.600,1609131788410,1324,1324,1675,4,YEP
1,16.610,1609131806344,1312,1312,1676,4,YEP
1,16.620,1609131824276,1303,1303,1677,4,YEP
1,16.630,1609131842209,1308,1307,1678,4,YEP
1,16.640,1609131860157,1257,1256,1679,4,DIS
1,16.650,1609131878063,1266,1266,1680,4,YEP
1,16.660,1609131895990,1271,1271,1681,4,YEP
1,16.670,1609131913931,1245,1245,1682,4,YEP
1,16.680,1609131931856,1234,1234,1683,4,YEP
1,16.690,1609131949780,1238,1238,1684,4,YEP
1,16.700,1609131967718,1237,1237,1685,4,YEP
1,16.710,1609131985666,755,755,1686,4,BAD
1,16.720,1609132003141,326,326,1687,4,BAD
1,16.730,1609132020198,388,387,1688,4,BAD
1,16.740,1609132037326,752,752,1689,4,YEP
1,16.750,1609132054828,1146,1147,1690,4,YEP
1,16.760,1609132072735,1164,1164,1691,4,YEP
1,16.770,1609132090669,1147,1147,1692,4,YEP
1,16.780,1609132108596,1137,1137,1693,4,YEP
1,16.790,1609132126524,1128,1128,1694,4,YEP
1,16.800,1609132144452,1120,1120,1695,4,YEP
1,16.810,1609132162382,290,290,1696,4,BAD
1,16.820,1609132179492,643,642,1697,4,YEP
1,16.830,1609132196965,1096,1095,1698,4,YEP
1,16.840,1609132214900,1071,1071,1699,4,YEP
1,16.850,1609132232822,1068,1067,1700,4,BAD
1,16.860,1609132250750,1051,1051,1701,4,YEP
1,16.870,1609132268671,1066,1066,1702,4,YEP
1,16.880,1609132286617,1024,1024,1703,4,YEP
1,16.890,1609132304532,1040,1040,1704,4,YEP
1,16.900,1609132322472,1023,1023,1705,4,YEP
1,16.910,1609132340405,107,106,1706,4,BAD
1,16.920,1609132357432,343,342,1707,4,BAD
1,16.930,1609132374705,1269,1268,1708,4,BAD
1,16.940,1609132392914,980,980,1709,4,BAD
1,16.950,1609132410844,957,956,1710,4,YEP
1,16.960,1609132428760,970,970,1711,4,YEP
1,16.970,1609132446701,953,953,1712,4,YEP
1,16.980,1609132464634,946,945,1713,4,YEP
1,16.990,1609132482570,916,915,1714,4,YEP
1,17.000,1609132500485,396,396,1715,4,BAD
1,17.010,1609132517892,1439,1439,1716,4,YEP
1,17.020,1609132536351,910,909,1717,4,YEP
1,17.030,1609132554291,905,904,1718,4,YEP
1,17.040,1609132572235,185,185,1719,4,BAD
1,17.050,1609132589471,1544,1543,1720,4,BAD
1,17.060,1609132608075,857,856,1721,4,YEP
1,17.070,1609132626002,853,853,1722,4,YEP
1,17.080,1609132643935,341,340,1723,4,BAD
1,17.090,1609132661365,1328,1329,1724,4,YEP
1,17.100,1609132679794,65,64,1725,4,BAD
1,17.110,1609132696969,189,188,1726,4,BAD
1,17.120,1609132714278,373,372,1727,4,BAD
1,17.130,1609132731781,162,162,1728,4,BAD
1,17.140,1609132749083,639,638,1729,4,YEP
1,17.150,1609132766872,780,779,1730,4,YEP
1,17.160,1609132784811,756,756,1731,4,YEP
1,17.170,1609132802737,742,742,1732,4,YEP
1,17.180,1609132820660,750,749,1733,4,YEP
1,17.190,1609132838600,721,720,1734,4,YEP
1,17.200,1609132856520,725,726,1735,4,YEP
1,17.210,1609132874456,710,709,1736,4,YEP
1,17.220,1609132892385,694,694,1737,4,YEP
1,17.230,1609132910310,696,695,1738,4,YEP
1,17.240,1609132928245,684,684,1739,4,YEP
1,17.250,1609132946180,668,667,1740,4,YEP
1,17.260,1609132964108,650,649,1741,4,YEP
1,17.270,1609132982027,666,666,1742,4,YEP
1,17.280,1609132999973,645,645,1743,4,YEP
1,17.290,1609133017908,631,631,1744,4,YEP
1,17.300,1609133035839,125,125,1745,4,BAD
1,17.310,1609133053274,1099,1100,1746,4,BAD
1,17.320,1609133071694,586,585,1747,4,BAD
1,17.330,1609133089610,601,600,1748,4,BAD
1,17.340,1609133107550,588,588,1749,4,YEP
1,17.350,1609133125488,546,546,1750,4,YEP
1,17.360,1609133143394,579,579,1751,4,YEP
1,17.370,1609133161343,535,536,1752,4,YEP
1,17.380,1609133179259,558,557,1753,4,YEP
1,17.390,1609133197206,530,530,1754,4,YEP
1,17.400,1609133215137,520,519,1755,4,YEP
1,17.410,1609133233066,531,532,1756,4,YEP
1,17.420,1609133251018,500,499,1757,4,YEP
1,17.430,1609133268947,469,469,1758,4,YEP
1,17.440,1609133286856,466,466,1759,4,YEP
1,17.450,1609133304773,94,93,1760,4,BAD
1,17.460,1609133322327,850,849,1761,4,BAD
1,17.470,1609133340646,1729,1729,1762,4,YEP
1,17.480,1609133359856,1641,1640,1763,4,BAD
1,17.490,1609133378987,236,235,1764,4,BAD
1,17.500,1609133396722,100,100,1765,4,BAD
1,17.510,1609133414333,997,997,1766,4,BAD
1,17.520,1609133432850,1688,1687,1767,4,BAD
1,17.530,1609133452068,1664,1663,1768,4,YEP
1,17.540,1609133471272,1654,1653,1769,4,YEP
1,17.550,1609133490475,1662,1662,1770,4,YEP
1,17.560,1609133509697,1633,1633,1771,4,YEP
1,17.570,1609133528900,1632,1632,1772,4,BAD
1,17.580,1609133548112,1634,1634,1773,4,YEP
1,17.590,1609133567337,1603,1602,1774,4,YEP
1,17.600,1609133586539,1591,1591,1775,4,YEP
1,17.610,1609133605741,1595,1594,1776,4,YEP
1,17.620,1609133624956,1579,1578,1777,4,YEP
1,17.630,1609133644165,1563,1562,1778,4,YEP
1,17.640,1609133663368,1572,1571,1779,4,YEP
1,17.650,1609133682589,1549,1549,1780,4,YEP
1,17.660,1609133701799,1533,1532,1781,4,YEP
1,17.670,1609133721001,130,131,1782,4,BAD
1,17.680,1609133738812,264,263,1783,4,BAD
1,17.690,1609133756766,93,93,1784,4,BAD
1,17.700,1609133774559,210,209,1785,4,BAD
1,17.710,1609133792479,1733,1733,1786,4,YEP
1,17.720,1609133811932,1473,1473,1787,4,YEP
1,17.730,1609133831135,1480,1479,1788,4,YEP
1,17.740,1609133850355,1460,1459,1789,4,YEP
1,17.750,1609133869565,1452,1451,1790,4,YEP
1,17.760,1609133888776,1436,1436,1791,4,YEP
1,17.770,1609133907982,1430,1430,1792,4,YEP
1,17.780,1609133927192,1417,1417,1793,4,YEP
1,17.790,1609133946400,1413,1412,1794,4,YEP
1,17.800,1609133965613,1407,1407,1795,4,YEP
1,17.810,1609133984830,1387,1386,1796,4,YEP
1,17.820,1609134004036,1397,1397,1797,4,YEP
1,17.830,1609134023264,1344,1343,1798,4,YEP
1,17.840,1609134042447,1371,1371,1799,4,YEP
1,17.850,1609134061668,1338,1338,1800,4,YEP
1,17.860,1609134080867,135,135,1801,4,BAD
1,17.870,1609134098872,186,185,1802,4,BAD
1,17.880,1609134116938,188,187,1803,4,BAD
1,17.890,1609134135016,956,955,1804,4,YEP
1,17.900,1609134153872,1314,1313,1805,4,YEP
1,17.910,1609134173095,1274,1275,1806,4,YEP
1,17.920,1609134192290,1288,1288,1807,4,YEP
1,17.930,1609134211508,1264,1263,1808,4,YEP
1,17.940,1609134230711,1269,1269,1809,4,YEP
1,17.950,1609134249931,1247,1247,1810,4,YEP
1,17.960,1609134269138,1239,1239,1811,4,YEP
1,17.970,1609134288347,1225,1225,1812,4,YEP
1,17.980,1609134307553,1225,1225,1813,4,YEP
1,17.990,1609134326768,1190,1189,1814,4,YEP
1,18.000,1609134345958,1238,1237,1815,4,YEP
1,18.010,1609134365206,1172,1171,1816,4,YEP
1,18.020,1609134384398,1178,1177,1817,4,YEP
1,18.030,1609134403605,1173,1173,1818,4,YEP
1,18.040,1609134422818,1155,1155,1819,4,BAD
1,18.050,1609134442024,475,474,1820,4,BAD
1,18.060,1609134460559,541,541,1821,4,BAD
1,18.070,1609134479170,1130,1129,1822,4,YEP
1,18.080,1609134498380,1116,1116,1823,4,YEP
1,18.090,1609134517586,130,129,1824,4,BAD
1,18.100,1609134535816,803,802,1825,4,BAD
1,18.110,1609134554729,1084,1083,1826,4,YEP
1,18.120,1609134573932,1086,1086,1827,4,YEP
1,18.130,1609134593149,1073,1072,1828,4,YEP
1,18.140,1609134612361,390,390,1829,4,BAD
1,18.150,1609134630902,87,86,1830,4,BAD
1,18.160,1609134649149,1387,1386,1831,4,YEP
1,18.170,1609134668705,1022,1023,1832,4,YEP
1,18.180,1609134687908,85,84,1833,4,BAD
1,18.190,1609134706183,687,687,1834,4,YEP
1,18.200,1609134725070,981,980,1835,4,YEP
1,18.210,1609134744261,989,988,1836,4,YEP
1,18.220,1609134763469,239,239,1837,4,BAD
1,18.230,1609134781938,330,330,1838,4,BAD
1,18.240,1609134800509,1068,1068,1839,4,BAD
1,18.250,1609134819827,944,943,1840,4,BAD
1,18.260,1609134839031,967,967,1841,4,YEP
1,18.270,1609134858268,891,890,1842,4,YEP
1,18.280,1609134877438,925,925,1843,4,YEP
1,18.290,1609134896653,925,926,1844,4,YEP
1,18.300,1609134915879,887,886,1845,4,YEP
1,18.310,1609134935076,903,903,1846,4,YEP
1,18.320,1609134954299,882,882,1847,4,YEP
1,18.330,1609134973511,872,871,1848,4,YEP
1,18.340,1609134992723,837,836,1849,4,YEP
1,18.350,1609135011910,866,865,1850,4,YEP
1,18.360,1609135031136,844,844,1851,4,YEP
1,18.370,1609135050350,828,829,1852,4,YEP
1,18.380,1609135069559,822,821,1853,4,YEP
1,18.390,1609135088771,805,804,1854,4,YEP
1,18.400,1609135107975,91,92,1855,4,BAD
1,18.410,1609135126477,324,323,1856,4,BAD
1,18.420,1609135145221,140,139,1857,4,BAD
1,18.430,1609135163791,1309,1308,1858,4,YEP
1,18.440,1609135183540,750,750,1859,4,YEP
1,18.450,1609135202740,760,759,1860,4,YEP
1,18.460,1609135221960,730,729,1861,4,YEP
1,18.470,1609135241160,757,757,1862,4,YEP
1,18.480,1609135260397,694,693,1863,4,YEP
