1.0	92	75.0
2.0	119	173.0
3.0	118	18.0
4.0	117	47.5
5.0	108	27.0
6.0	98	60.0
7.0	106	57.0
8.0	120	134.0
9.0	109	25.5
10.0	123	17.5
11.0	92	110.0
12.0	83	163.0
13.0	117	41.0
14.0	113	25.0
15.0	99	29.0
16.0	102	63.0
17.0	114	35.0
18.0	94	91.0
19.0	125	23.0
20.0	121	48.5
21.0	95	40.0
22.0	121	129.0
23.0	93	66.0
24.0	117	64.0
25.0	67	26.0
26.0	75	41.5
27.0	10	22.0
28.0	0	31.0
29.0	121	55.0
30.0	105	35.0
31.0	31	64.0
32.0	41	59.5
33.0	50	78.0
34.0	67	49.5
35.0	81	50.0
36.0	82	35.0
37.0	84	18.0
38.0	91	30.5
39.0	101	26.0
40.0	135	55.0
41.0	182	45.0
42.0	212	38.0
43.0	247	82.0
44.0	276	73.5
45.0	307	50.5
46.0	261	33.5
47.0	337	21.5
48.0	603	22.5
49.0	627	34.0
50.0	645	19.5
51.0	563	87.5
52.0	178	29.0
53.0	18	43.0
54.0	8	37.5
55.0	44	42.0
56.0	59	24.5
57.0	28	40.0
58.0	122	66.0
59.0	120	29.0
60.0	110	35.5
61.0	86	213.0
62.0	123	19.0
63.0	118	23.0
64.0	113	64.5
65.0	122	62.0
66.0	121	68.0
67.0	119	105.0
68.0	109	29.5
69.0	119	119.0
70.0	124	117.0
71.0	113	24.0
72.0	102	36.5
73.0	122	156.0
74.0	124	83.0
75.0	81	102.0
76.0	125	102.5
77.0	124	23.0
78.0	104	52.0
79.0	94	49.0
80.0	93	61.0
81.0	124	16.0
82.0	117	22.5
83.0	95	16.0
84.0	94	27.5
85.0	80	32.0
86.0	94	55.5
87.0	115	103.5
88.0	127	28.0
89.0	107	79.0
90.0	115	28.0
91.0	59	41.0
92.0	30	41.0
93.0	13	96.5
94.0	20	96.0
95.0	6	32.0
96.0	122	48.5
97.0	123	25.0
98.0	118	42.0
99.0	107	151.0
100.0	92	89.0
101.0	106	69.5
102.0	168	47.0
103.0	180	25.0
104.0	63	44.5
105.0	62	61.0
106.0	21	30.5
107.0	116	89.0
108.0	125	142.0
109.0	116	67.0
110.0	4	49.0
111.0	6	25.5
112.0	20	76.0
113.0	22	50.0
114.0	116	57.0
115.0	116	83.0
116.0	108	89.5
117.0	227	18.5
118.0	219	24.0
119.0	162	41.0
120.0	105	40.5
121.0	172	24.0
122.0	212	30.0
123.0	216	55.0
124.0	217	28.5
125.0	212	47.5
126.0	198	29.0
127.0	124	71.0
128.0	42	47.5
129.0	23	108.5
130.0	35	30.0
131.0	27	77.0
132.0	37	63.0
133.0	29	100.0
134.0	24	25.5
135.0	26	19.5
136.0	29	67.0
137.0	28	73.5
138.0	21	22.5
139.0	97	79.0
140.0	75	18.0
141.0	83	32.0
142.0	52	31.5
143.0	20	50.5
144.0	22	71.0
145.0	5	79.0
146.0	81	90.5
147.0	106	20.0
148.0	85	60.0
149.0	174	82.0
150.0	219	58.0
151.0	562	79.0
152.0	582	33.5
153.0	585	36.0
154.0	498	103.5
155.0	450	101.5
156.0	326	49.5
157.0	369	26.0
158.0	410	48.5
159.0	344	168.0
160.0	434	37.0
161.0	483	51.5
162.0	526	57.0
163.0	576	28.5
164.0	606	98.0
165.0	621	36.0
166.0	620	18.0
167.0	630	35.5
168.0	620	58.0
169.0	545	94.5
170.0	663	19.0
171.0	664	54.0
172.0	665	33.0
173.0	670	47.5
174.0	636	29.0
175.0	662	81.5
176.0	640	37.0
177.0	635	18.0
178.0	527	109.0
179.0	669	54.0
180.0	698	22.0
181.0	717	40.0
182.0	707	37.0
183.0	689	41.0
184.0	707	36.0
185.0	684	32.0
186.0	598	72.0
187.0	611	15.0
188.0	622	57.0
189.0	655	36.0
190.0	631	23.0
191.0	642	49.0
192.0	628	21.5
193.0	654	39.0
194.0	576	128.5
195.0	541	59.0
196.0	650	18.0
197.0	639	51.0
198.0	651	42.0
199.0	654	98.0
200.0	605	49.5
201.0	682	20.5
202.0	667	29.0
203.0	668	39.0
204.0	584	81.5
205.0	683	41.0
206.0	282	25.0
207.0	324	29.0
208.0	339	32.0
209.0	547	35.0
210.0	513	16.5
211.0	491	204.5
212.0	371	29.0
213.0	269	80.0
214.0	11	77.0
215.0	0	27.0
216.0	3	46.5
217.0	0	69.0
218.0	70	29.0
219.0	1	19.0
220.0	112	26.5
221.0	123	43.5
222.0	121	27.0
223.0	115	15.0
224.0	94	18.5
225.0	104	17.5
226.0	98	46.0
227.0	238	116.0
228.0	666	42.5
229.0	843	101.5
230.0	907	35.0
231.0	909	56.0
232.0	900	35.0
233.0	873	94.0
234.0	802	30.5
235.0	460	66.0
236.0	102	25.0
237.0	90	104.5
238.0	121	19.5
239.0	105	15.0
240.0	116	40.0
241.0	110	116.5
242.0	109	34.0
243.0	122	26.0
244.0	89	78.0
245.0	115	33.0
246.0	123	27.0
247.0	124	90.5
248.0	123	20.0
249.0	101	113.0
250.0	118	28.0
