1.0	109	52.0
2.0	82	109.5
3.0	88	91.0
4.0	122	49.0
5.0	95	61.0
6.0	121	60.5
7.0	92	75.5
8.0	121	45.0
9.0	93	15.0
10.0	22	59.0
11.0	23	33.0
12.0	23	39.0
13.0	19	31.0
14.0	31	33.0
15.0	21	93.5
16.0	16	58.0
17.0	109	51.0
18.0	95	48.5
19.0	54	108.5
20.0	66	59.5
21.0	78	47.5
22.0	105	18.5
23.0	126	143.0
24.0	192	15.0
25.0	287	36.0
26.0	400	77.0
27.0	305	33.5
28.0	8	21.5
29.0	15	30.0
30.0	51	97.5
31.0	257	139.0
32.0	171	30.0
33.0	127	24.0
34.0	55	91.0
35.0	38	40.5
36.0	17	31.5
37.0	101	35.0
38.0	83	18.5
39.0	114	32.0
40.0	104	35.0
41.0	90	102.0
42.0	96	106.0
43.0	121	105.0
44.0	113	66.0
45.0	92	89.0
46.0	84	24.0
47.0	125	97.5
48.0	103	27.5
49.0	109	36.0
50.0	81	44.0
51.0	107	17.5
52.0	106	17.0
53.0	93	17.0
54.0	121	58.0
55.0	117	84.0
56.0	100	45.5
57.0	121	17.0
58.0	92	86.0
59.0	122	103.5
60.0	110	65.0
61.0	99	41.5
62.0	85	18.0
63.0	109	26.0
64.0	108	95.0
65.0	120	29.0
66.0	114	24.5
67.0	120	34.0
68.0	118	21.0
69.0	84	22.0
70.0	109	56.0
71.0	100	31.5
72.0	116	50.0
73.0	125	99.0
74.0	112	73.0
75.0	87	109.5
76.0	104	52.5
77.0	124	37.0
78.0	111	30.0
79.0	124	24.0
80.0	122	97.5
81.0	115	22.0
82.0	122	38.0
83.0	124	27.0
84.0	101	149.5
85.0	85	39.0
86.0	80	56.0
87.0	97	155.5
88.0	98	50.0
89.0	108	73.0
90.0	93	75.5
91.0	124	56.5
92.0	125	30.0
93.0	117	115.5
94.0	120	22.5
95.0	94	33.5
96.0	124	34.0
97.0	93	47.0
98.0	121	89.0
99.0	96	44.0
100.0	124	52.0
101.0	81	77.0
102.0	125	51.5
103.0	89	129.0
104.0	104	34.0
105.0	99	26.0
106.0	113	52.0
107.0	90	24.5
108.0	90	54.5
109.0	92	71.0
110.0	109	41.5
111.0	101	25.0
112.0	123	50.0
113.0	19	16.5
114.0	57	30.5
115.0	94	22.5
116.0	185	64.0
117.0	248	39.0
118.0	468	88.0
119.0	616	43.0
120.0	346	125.0
121.0	494	20.5
122.0	481	15.5
123.0	439	30.0
124.0	254	19.0
125.0	50	65.0
126.0	34	23.0
127.0	21	31.5
128.0	40	66.0
129.0	105	86.5
130.0	314	36.0
131.0	668	87.5
132.0	748	27.0
133.0	727	14.5
134.0	569	72.0
135.0	668	55.0
136.0	578	32.0
137.0	652	136.0
138.0	527	68.0
139.0	591	44.5
140.0	795	29.0
141.0	773	24.0
142.0	779	51.0
143.0	883	27.0
144.0	823	31.0
145.0	997	66.0
146.0	979	19.0
147.0	697	65.0
148.0	624	20.0
149.0	400	18.5
150.0	5	35.5
151.0	79	36.0
152.0	111	37.5
153.0	538	87.0
154.0	1020	50.0
155.0	1390	65.0
156.0	1030	110.0
157.0	1290	44.0
158.0	573	22.5
159.0	40	42.0
160.0	0	104.0
161.0	125	36.0
162.0	118	138.0
163.0	1350	18.0
164.0	1670	65.0
165.0	1510	29.5
166.0	677	43.0
167.0	535	61.0
168.0	189	129.0
169.0	1	90.0
170.0	96	64.0
171.0	107	94.0
172.0	115	16.0
173.0	635	17.5
174.0	833	36.0
175.0	689	17.5
176.0	797	59.0
177.0	874	54.0
178.0	640	138.0
179.0	10	36.0
180.0	2	100.0
181.0	6	19.0
182.0	119	145.5
183.0	95	88.0
184.0	219	17.0
185.0	10	96.0
186.0	9	35.0
187.0	110	54.5
188.0	119	42.0
189.0	630	42.0
190.0	348	33.0
191.0	213	146.0
192.0	449	78.0
193.0	445	17.5
194.0	424	18.0
195.0	410	46.5
196.0	407	40.0
197.0	421	29.0
198.0	453	59.0
199.0	258	64.0
200.0	200	28.0
201.0	147	40.5
202.0	193	43.0
203.0	121	68.0
204.0	117	27.5
205.0	105	15.0
206.0	341	89.5
207.0	235	33.0
208.0	197	64.5
209.0	237	64.0
210.0	207	47.0
211.0	223	87.0
212.0	269	24.5
213.0	241	35.0
214.0	177	18.0
215.0	260	15.5
216.0	227	158.5
217.0	232	42.5
218.0	78	29.5
219.0	2	40.0
220.0	0	66.5
221.0	0	31.5
222.0	110	16.0
223.0	97	18.0
224.0	96	85.0
225.0	79	76.5
