1.0	91	76.0
2.0	123	120.0
3.0	96	36.0
4.0	119	21.0
5.0	118	60.0
6.0	122	43.0
7.0	120	91.5
8.0	118	39.0
9.0	116	134.0
10.0	108	25.5
11.0	109	54.0
12.0	121	41.0
13.0	106	29.5
14.0	109	107.0
15.0	116	16.0
16.0	98	52.0
17.0	123	33.0
18.0	103	22.5
19.0	103	53.5
20.0	115	75.0
21.0	86	44.5
22.0	98	23.5
23.0	118	30.5
24.0	101	71.0
25.0	111	39.0
26.0	107	39.0
27.0	124	21.0
28.0	95	27.0
29.0	111	35.0
30.0	108	15.5
31.0	95	19.0
32.0	116	16.0
33.0	89	82.5
34.0	110	25.5
35.0	121	106.0
36.0	90	94.0
37.0	109	65.0
38.0	109	16.0
39.0	98	46.0
40.0	114	52.0
41.0	100	82.0
42.0	98	24.0
43.0	119	76.0
44.0	119	23.0
45.0	102	55.0
46.0	92	82.5
47.0	124	84.0
48.0	112	35.0
49.0	105	20.0
50.0	93	53.5
51.0	81	133.5
52.0	119	37.0
53.0	101	48.0
54.0	110	17.5
55.0	117	47.5
56.0	98	20.0
57.0	108	54.0
58.0	118	16.0
59.0	125	19.0
60.0	125	54.0
61.0	84	16.0
62.0	115	29.5
63.0	100	47.0
64.0	122	43.0
65.0	109	50.0
66.0	114	33.0
67.0	95	73.0
68.0	122	42.5
69.0	123	24.0
70.0	51	49.0
71.0	78	37.0
72.0	103	24.0
73.0	101	32.0
74.0	123	67.0
75.0	103	26.0
76.0	126	70.0
77.0	136	23.0
78.0	177	61.0
79.0	230	57.0
80.0	308	33.5
81.0	416	57.0
82.0	475	90.0
83.0	625	29.0
84.0	749	97.0
85.0	722	15.0
86.0	999	63.5
87.0	895	22.0
88.0	1350	47.0
89.0	1350	228.0
90.0	605	22.0
91.0	207	120.5
92.0	1140	31.0
93.0	1400	98.5
94.0	1120	24.0
95.0	1140	82.5
96.0	1370	88.0
97.0	1020	24.0
98.0	985	56.5
99.0	692	53.0
100.0	1120	119.0
101.0	1060	50.0
102.0	860	85.0
103.0	1040	26.0
104.0	1230	16.0
105.0	1080	28.5
106.0	359	36.0
107.0	386	68.0
108.0	912	26.0
109.0	1070	55.0
110.0	1010	76.5
111.0	1020	58.0
112.0	797	28.0
113.0	693	87.5
114.0	761	41.0
115.0	673	24.0
116.0	910	32.0
117.0	1180	16.0
118.0	1050	16.5
119.0	791	43.0
120.0	969	17.0
121.0	873	104.0
122.0	821	54.0
123.0	811	14.5
124.0	840	52.0
125.0	837	28.0
126.0	760	71.0
127.0	934	24.5
128.0	693	34.5
129.0	662	26.0
130.0	698	35.0
131.0	853	52.5
132.0	866	82.0
133.0	765	18.0
134.0	630	21.0
135.0	634	39.0
136.0	714	44.0
137.0	498	28.0
138.0	235	17.0
139.0	329	53.0
140.0	81	82.5
141.0	59	87.0
142.0	0	32.5
143.0	1	19.0
144.0	0	68.0
145.0	15	103.0
146.0	3	21.0
147.0	12	104.5
148.0	92	55.0
149.0	116	18.0
150.0	85	80.5
151.0	147	62.5
152.0	57	99.0
153.0	109	70.0
154.0	7	34.5
155.0	40	26.0
156.0	30	43.0
157.0	70	100.5
158.0	28	29.0
159.0	35	39.0
160.0	42	69.0
161.0	36	25.0
162.0	64	37.0
163.0	75	53.0
164.0	77	137.0
165.0	84	27.0
166.0	110	53.0
167.0	129	47.0
168.0	124	48.0
169.0	115	57.0
170.0	101	114.0
171.0	58	46.0
172.0	93	19.0
173.0	114	86.0
174.0	127	80.0
175.0	133	84.0
176.0	139	44.0
177.0	150	29.0
178.0	176	14.5
179.0	190	84.0
180.0	202	48.5
181.0	223	56.0
182.0	248	42.0
183.0	304	29.5
184.0	323	109.0
185.0	399	47.5
186.0	486	40.0
187.0	555	115.5
188.0	558	39.0
189.0	482	71.0
190.0	669	14.5
191.0	111	104.0
192.0	636	29.0
193.0	658	40.0
194.0	614	54.5
195.0	799	44.0
196.0	537	32.0
197.0	560	78.0
198.0	706	45.0
199.0	599	16.0
200.0	712	23.5
201.0	627	63.0
202.0	753	63.0
203.0	627	82.0
204.0	627	29.0
205.0	692	21.0
206.0	629	19.5
207.0	583	49.0
208.0	625	56.0
209.0	650	41.0
210.0	569	87.5
211.0	785	45.0
212.0	819	73.5
213.0	668	17.0
214.0	683	69.5
215.0	657	75.5
216.0	569	50.0
217.0	664	60.0
218.0	466	102.0
219.0	10	28.0
220.0	76	30.0
221.0	171	38.0
222.0	283	16.0
223.0	7	33.5
224.0	27	75.0
225.0	30	15.0
226.0	24	97.0
227.0	119	29.5
228.0	249	31.0
229.0	242	16.0
230.0	238	57.0
231.0	257	45.0
232.0	263	36.5
233.0	264	54.0
234.0	269	23.0
235.0	306	61.0
236.0	364	37.5
237.0	421	50.0
238.0	458	34.0
239.0	520	44.0
240.0	654	47.5
241.0	769	20.0
242.0	938	60.0
243.0	1090	60.0
244.0	1150	94.0
245.0	1260	61.0
246.0	1270	31.0
247.0	1200	67.5
248.0	1350	106.0
249.0	1070	71.0
250.0	1060	60.0
251.0	1080	16.0
252.0	1270	97.0
253.0	304	64.0
254.0	68	45.0
255.0	8	63.0
256.0	1	79.5
257.0	40	45.5
258.0	14	56.0
259.0	10	70.0
260.0	33	32.0
261.0	46	17.5
262.0	27	162.0
263.0	6	37.5
264.0	18	179.0
265.0	0	63.0
266.0	34	19.0
267.0	26	28.0
268.0	19	28.0
269.0	120	53.0
270.0	228	98.5
271.0	227	78.0
272.0	174	24.0
273.0	156	41.0
274.0	177	78.0
275.0	57	34.0
276.0	121	17.5
277.0	0	32.5
278.0	0	117.5
279.0	0	66.0
280.0	14	25.5
281.0	98	43.0
282.0	123	56.5
283.0	186	122.0
284.0	193	32.0
285.0	203	44.0
286.0	216	59.0
287.0	240	59.0
288.0	236	50.0
289.0	213	86.0
290.0	231	108.0
291.0	295	19.0
292.0	340	98.0
293.0	414	28.0
294.0	475	30.0
295.0	527	33.0
296.0	666	22.0
297.0	810	25.0
298.0	940	15.0
299.0	999	22.0
300.0	901	39.0
301.0	940	67.5
302.0	968	54.0
303.0	1340	112.0
304.0	1240	37.0
305.0	888	38.0
306.0	938	54.0
307.0	1350	53.0
308.0	1300	115.0
309.0	1060	27.5
310.0	878	36.0
311.0	996	69.0
312.0	1300	15.5
313.0	1180	24.0
314.0	987	105.0
315.0	1160	30.0
316.0	868	19.0
317.0	1420	43.5
318.0	1080	25.0
319.0	1130	34.0
320.0	808	43.0
321.0	825	40.0
322.0	791	37.0
323.0	869	43.0
324.0	852	100.5
325.0	782	50.0
326.0	1010	55.5
327.0	927	35.0
328.0	914	27.0
329.0	1350	17.0
330.0	1040	46.0
331.0	1070	107.0
332.0	943	53.5
333.0	588	38.5
334.0	0	40.0
335.0	4	21.5
336.0	122	82.0
337.0	101	25.0
338.0	760	44.0
339.0	825	51.5
340.0	884	19.5
341.0	1250	50.0
342.0	641	60.0
343.0	1190	34.0
344.0	1150	40.5
345.0	886	34.5
346.0	758	60.0
347.0	1050	148.0
348.0	865	103.5
349.0	1020	37.0
350.0	944	45.5
351.0	699	87.5
352.0	928	55.5
353.0	1040	27.0
354.0	1090	100.5
355.0	1050	44.0
356.0	1590	31.0
357.0	1460	31.0
358.0	1530	100.0
359.0	1440	18.5
360.0	898	40.0
361.0	903	87.5
362.0	1550	109.0
363.0	885	44.5
364.0	812	119.0
365.0	1180	71.0
366.0	856	15.0
367.0	517	92.5
368.0	586	23.0
369.0	50	61.0
370.0	1	91.0
371.0	0	42.0
372.0	116	20.0
373.0	123	90.5
374.0	870	58.0
375.0	1030	43.5
376.0	1480	78.5
377.0	1360	53.0
378.0	1520	71.0
379.0	1770	70.5
380.0	1310	65.0
381.0	1320	97.0
382.0	878	26.0
383.0	849	47.0
384.0	1030	72.5
385.0	1310	23.5
386.0	899	36.0
387.0	1390	23.0
388.0	1110	55.0
389.0	1240	72.5
390.0	856	70.0
391.0	1350	93.0
392.0	1540	30.0
393.0	990	44.0
394.0	1250	25.0
395.0	1480	167.0
396.0	1200	16.0
397.0	43	34.5
398.0	1070	34.0
399.0	1350	31.0
400.0	1220	37.5
401.0	1030	35.5
402.0	1310	114.5
403.0	1300	90.0
404.0	1030	65.5
405.0	1380	92.0
406.0	1490	20.0
407.0	1490	22.5
408.0	1160	50.0
409.0	1370	87.0
410.0	1380	38.0
411.0	1050	164.0
412.0	1360	53.0
413.0	1180	50.0
414.0	1530	58.5
415.0	1440	42.0
416.0	1400	60.0
417.0	1060	34.0
418.0	1600	17.0
419.0	1620	24.0
420.0	1490	174.0
421.0	1500	53.0
422.0	1640	42.0
423.0	1580	155.0
424.0	1550	92.0
425.0	1490	53.0
426.0	1760	71.5
427.0	1420	54.0
428.0	1210	31.5
429.0	1410	110.5
430.0	1320	85.0
431.0	1420	31.0
432.0	1570	93.0
433.0	1570	42.5
434.0	1160	22.5
435.0	1240	23.0
436.0	1430	38.0
437.0	1310	34.0
438.0	1520	43.0
439.0	1050	159.0
440.0	566	57.0
441.0	518	19.5
442.0	83	40.5
443.0	19	23.5
444.0	0	28.0
445.0	8	49.5
446.0	85	75.5
447.0	109	96.0
448.0	118	108.5
449.0	14	22.0
450.0	3	30.0
451.0	6	75.0
452.0	2	45.5
453.0	209	55.0
454.0	139	48.5
455.0	184	36.0
456.0	126	45.0
457.0	303	36.0
458.0	56	108.5
459.0	0	61.0
460.0	11	19.0
461.0	110	86.0
462.0	96	48.5
463.0	124	64.0
464.0	90	69.0
465.0	102	64.0
466.0	107	26.0
467.0	115	31.5
468.0	111	68.0
469.0	197	17.0
470.0	210	88.0
471.0	227	15.5
472.0	217	15.0
473.0	239	109.0
474.0	234	22.0
475.0	258	37.0
476.0	277	38.0
477.0	302	28.0
478.0	295	20.0
479.0	302	77.0
480.0	307	16.0
481.0	360	20.0
482.0	410	31.5
483.0	508	60.0
484.0	577	31.5
485.0	737	29.0
486.0	815	102.0
487.0	985	42.0
488.0	1170	34.5
489.0	1240	39.5
490.0	1210	60.0
491.0	1450	67.0
492.0	1320	58.0
493.0	1450	120.0
494.0	1400	21.0
495.0	1620	45.0
496.0	1650	28.0
497.0	1360	24.0
498.0	1680	33.0
499.0	1720	71.5
500.0	1560	44.5
501.0	1310	30.0
502.0	1620	35.0
503.0	1700	33.0
504.0	1350	93.0
505.0	1450	29.0
506.0	1630	95.5
507.0	1490	41.0
508.0	1320	23.5
509.0	1520	134.0
510.0	1510	100.0
511.0	1590	51.0
512.0	1490	33.0
513.0	1020	33.5
514.0	1450	105.5
515.0	914	32.0
516.0	1210	27.0
517.0	1060	42.5
518.0	949	28.5
519.0	809	16.5
520.0	874	65.0
521.0	1020	51.0
522.0	1100	16.5
523.0	1320	94.0
524.0	833	31.0
525.0	896	20.0
526.0	922	35.5
527.0	1010	80.0
528.0	1120	67.0
529.0	77	23.0
530.0	125	68.5
531.0	113	21.0
532.0	85	127.0
533.0	107	57.0
534.0	100	15.0
535.0	114	108.0
536.0	93	70.0
537.0	878	45.0
538.0	895	66.0
539.0	948	71.0
540.0	840	20.0
541.0	986	36.5
542.0	851	97.5
543.0	0	34.0
544.0	0	16.5
545.0	81	19.0
546.0	124	86.0
547.0	103	59.0
548.0	122	42.0
549.0	122	31.5
550.0	107	30.0
551.0	94	17.0
552.0	124	38.0
553.0	116	29.5
554.0	114	58.0
555.0	111	65.0
556.0	111	30.5
557.0	117	82.0
558.0	120	102.0
559.0	87	107.0
560.0	117	26.0
561.0	102	22.0
562.0	92	18.0
563.0	109	98.0
564.0	87	91.5
565.0	112	85.0
566.0	114	22.0
567.0	93	22.0
568.0	84	28.5
569.0	114	36.5
570.0	105	55.0
571.0	125	33.0
572.0	118	14.5
573.0	124	36.5
574.0	125	140.0
575.0	123	85.0
576.0	96	15.5
577.0	121	64.0
578.0	111	28.5
579.0	115	30.0
580.0	124	20.0
581.0	122	18.0
582.0	80	36.5
583.0	80	28.0
584.0	100	15.0
585.0	90	46.0
586.0	24	65.0
587.0	13	63.0
588.0	63	51.0
589.0	33	45.0
590.0	74	35.0
591.0	7	61.0
592.0	11	121.0
593.0	8	54.5
594.0	9	20.0
595.0	10	106.5
596.0	10	51.5
597.0	10	36.0
598.0	9	108.0
599.0	17	63.5
600.0	11	56.0
601.0	106	41.5
602.0	101	79.0
603.0	98	29.5
604.0	107	33.0
605.0	110	97.0
606.0	120	153.0
607.0	121	17.0
608.0	124	65.0
609.0	107	89.0
610.0	118	51.5
611.0	104	79.5
612.0	89	30.0
613.0	91	113.0
614.0	84	88.0
615.0	105	207.0
616.0	124	48.0
617.0	119	67.0
618.0	108	29.0
619.0	88	162.0
620.0	121	23.0
621.0	91	79.0
622.0	89	56.0
623.0	106	163.0
624.0	113	87.0
625.0	117	70.0
626.0	109	119.5
627.0	115	32.0
628.0	107	89.0
629.0	111	59.0
630.0	116	29.0
631.0	120	15.0
632.0	108	66.0
633.0	97	84.0
634.0	123	34.0
635.0	115	107.5
636.0	87	114.5
637.0	109	42.0
638.0	108	31.0
639.0	121	133.0
640.0	111	42.0
641.0	118	35.5
642.0	109	63.0
643.0	91	22.0
644.0	104	30.0
645.0	104	198.0
646.0	115	23.0
647.0	102	40.0
648.0	91	52.5
649.0	122	31.0
650.0	107	22.5
651.0	114	92.5
652.0	118	35.0
653.0	117	20.0
654.0	103	17.0
655.0	123	98.0
656.0	82	22.0
657.0	104	42.0
658.0	108	30.5
659.0	122	162.0
660.0	89	36.0
661.0	114	51.0
662.0	79	32.0
663.0	118	72.0
664.0	113	25.0
665.0	105	27.0
666.0	119	83.0
667.0	123	110.5
668.0	112	40.0
669.0	108	48.5
670.0	116	25.5
671.0	112	40.0
672.0	335	68.0
673.0	380	55.0
674.0	412	41.0
675.0	394	75.0
676.0	432	76.5
677.0	439	36.0
678.0	480	68.0
679.0	497	24.0
680.0	523	36.0
681.0	550	29.0
682.0	511	62.0
683.0	655	20.5
684.0	670	45.5
685.0	719	41.5
686.0	735	100.0
687.0	717	84.0
688.0	800	37.5
689.0	848	43.0
690.0	871	41.0
691.0	926	96.0
692.0	914	17.0
693.0	920	15.0
694.0	1080	93.5
695.0	1060	36.5
696.0	1090	16.0
697.0	832	23.5
698.0	1090	49.0
699.0	1050	30.0
700.0	1040	110.0
701.0	957	75.5
702.0	1030	174.0
703.0	998	53.0
704.0	974	63.0
705.0	986	22.0
706.0	809	17.5
707.0	921	35.0
708.0	759	24.0
709.0	765	18.0
710.0	163	16.5
711.0	60	28.0
712.0	332	17.5
713.0	482	17.0
714.0	134	19.5
715.0	101	18.0
716.0	9	36.5
717.0	3	49.0
718.0	8	18.0
719.0	98	57.0
720.0	110	104.0
721.0	123	54.0
722.0	112	23.5
723.0	123	40.0
724.0	350	15.0
725.0	487	56.5
726.0	536	37.0
727.0	509	74.0
728.0	521	29.0
729.0	536	163.0
730.0	504	28.5
731.0	557	46.0
732.0	583	32.5
733.0	561	67.0
734.0	562	15.0
735.0	590	78.0
736.0	637	17.0
737.0	650	88.5
738.0	665	37.0
739.0	671	180.0
740.0	772	50.0
741.0	788	23.5
742.0	739	54.5
743.0	868	21.0
744.0	841	41.0
745.0	881	100.0
746.0	879	63.0
747.0	546	88.0
748.0	783	16.0
749.0	674	77.5
750.0	80	29.0
751.0	3	32.0
752.0	0	35.0
753.0	4	45.0
754.0	3	56.5
755.0	1	32.0
756.0	124	50.5
757.0	124	88.0
758.0	101	100.5
759.0	97	35.0
760.0	105	68.5
761.0	125	59.0
762.0	83	43.0
763.0	85	49.5
764.0	2	68.0
765.0	0	112.0
766.0	0	24.0
767.0	0	22.0
768.0	0	41.0
769.0	11	25.0
770.0	116	62.0
771.0	95	65.0
772.0	84	31.0
773.0	107	49.5
774.0	105	60.0
775.0	96	80.5
776.0	112	232.0
777.0	120	34.0
778.0	100	26.0
779.0	122	24.0
780.0	121	29.5
781.0	114	50.0
782.0	105	32.0
783.0	115	20.0
784.0	105	49.0
785.0	119	20.0
786.0	81	42.0
787.0	119	46.0
788.0	124	28.0
789.0	94	91.0
790.0	125	130.5
791.0	108	34.0
792.0	112	32.0
793.0	85	48.0
794.0	102	33.0
795.0	119	124.0
796.0	121	19.0
797.0	97	26.0
798.0	125	29.0
799.0	109	113.0
800.0	107	33.0
