1.0	94	116.0
2.0	108	25.5
3.0	120	49.0
4.0	107	22.0
5.0	91	22.0
6.0	92	75.5
7.0	111	39.0
8.0	121	90.0
9.0	124	42.5
10.0	91	49.5
11.0	125	68.0
12.0	125	49.0
13.0	120	33.0
14.0	107	65.5
15.0	96	96.0
16.0	114	186.0
17.0	125	94.0
18.0	118	30.5
19.0	92	41.0
20.0	109	43.0
21.0	106	64.0
22.0	120	62.0
23.0	106	19.5
24.0	94	19.0
25.0	95	45.0
26.0	104	19.0
27.0	99	52.5
28.0	89	125.5
29.0	118	18.0
30.0	108	76.0
31.0	100	101.5
32.0	95	95.5
33.0	91	96.0
34.0	94	142.0
35.0	121	156.5
36.0	96	79.0
37.0	86	53.0
38.0	122	17.0
39.0	25	26.5
40.0	54	17.0
41.0	67	22.0
42.0	96	57.0
43.0	118	71.0
44.0	134	53.0
45.0	162	80.0
46.0	194	116.0
47.0	277	52.0
48.0	393	90.5
49.0	341	39.0
50.0	334	49.5
51.0	121	15.5
52.0	420	16.0
53.0	562	39.0
54.0	570	23.0
55.0	551	40.0
56.0	157	81.5
57.0	179	32.5
58.0	442	22.0
59.0	182	40.0
60.0	12	95.0
61.0	35	37.0
62.0	65	40.0
63.0	149	37.0
64.0	8	40.5
65.0	159	35.0
66.0	246	52.0
67.0	278	54.5
68.0	250	99.0
69.0	280	19.5
70.0	239	82.5
71.0	97	47.0
72.0	274	18.0
73.0	120	48.0
74.0	283	147.0
75.0	194	24.0
76.0	255	21.0
77.0	304	59.5
78.0	88	48.5
79.0	228	46.0
80.0	285	45.5
81.0	167	92.5
82.0	91	42.0
83.0	186	102.5
84.0	195	17.0
85.0	73	85.0
86.0	33	37.0
87.0	140	16.0
88.0	158	46.0
89.0	21	23.0
90.0	141	17.5
91.0	208	107.0
92.0	232	23.0
93.0	249	72.0
94.0	514	44.0
95.0	421	74.0
96.0	101	29.5
97.0	453	28.0
98.0	321	48.5
99.0	507	38.0
100.0	546	22.0
101.0	361	33.0
102.0	489	84.0
103.0	658	67.0
104.0	588	67.0
105.0	660	194.0
106.0	735	24.0
107.0	639	41.5
108.0	82	79.5
109.0	374	167.0
110.0	629	35.0
111.0	655	59.0
112.0	573	69.0
113.0	139	34.0
114.0	272	90.5
115.0	623	175.0
116.0	784	73.0
117.0	783	109.0
118.0	741	43.5
119.0	838	23.0
120.0	238	57.5
121.0	0	16.5
122.0	226	30.0
123.0	744	44.0
124.0	790	76.5
125.0	394	80.5
126.0	99	105.0
127.0	179	90.0
128.0	367	46.0
129.0	244	41.0
130.0	151	67.0
131.0	148	22.5
132.0	136	106.5
133.0	66	95.0
134.0	22	95.0
135.0	6	46.0
136.0	66	28.0
137.0	88	70.0
138.0	173	121.0
139.0	124	35.0
140.0	41	31.5
141.0	51	106.5
142.0	13	21.0
143.0	27	43.0
144.0	42	53.0
145.0	33	77.0
146.0	0	115.5
147.0	107	33.0
148.0	107	32.0
149.0	140	62.0
150.0	153	65.0
151.0	289	45.0
152.0	325	20.5
153.0	339	38.0
154.0	425	61.0
155.0	337	15.0
156.0	112	44.0
157.0	280	35.0
158.0	195	20.5
159.0	292	39.0
160.0	117	24.0
161.0	0	75.0
162.0	0	114.0
163.0	0	67.0
164.0	0	39.0
165.0	119	44.0
166.0	112	55.5
167.0	311	20.0
168.0	297	62.0
169.0	362	20.0
170.0	384	41.5
171.0	337	25.0
172.0	447	53.0
173.0	283	39.0
174.0	414	38.0
175.0	524	129.0
176.0	319	119.0
177.0	633	73.0
178.0	709	27.0
179.0	757	22.0
180.0	695	73.0
181.0	734	77.0
182.0	681	26.0
183.0	645	38.5
184.0	729	41.0
185.0	1480	22.0
186.0	1060	86.0
187.0	1500	20.0
188.0	849	68.5
189.0	1480	91.5
190.0	736	49.0
191.0	628	16.5
192.0	1400	41.5
193.0	1300	24.0
194.0	1360	26.5
195.0	942	88.0
196.0	1280	52.0
197.0	1340	87.0
198.0	1440	33.0
199.0	1350	17.0
200.0	1660	27.0
201.0	1520	15.0
202.0	1050	51.0
203.0	835	118.0
204.0	231	25.0
205.0	251	54.0
206.0	152	136.0
207.0	1210	32.0
208.0	1540	33.5
209.0	1150	40.0
210.0	1290	90.5
211.0	908	75.5
212.0	961	40.0
213.0	910	24.0
214.0	653	101.0
215.0	695	16.0
216.0	167	15.0
217.0	518	93.5
218.0	4	42.5
219.0	58	54.0
220.0	362	34.5
221.0	366	34.0
222.0	242	22.0
223.0	82	94.5
224.0	116	43.0
225.0	183	18.5
226.0	448	28.5
227.0	635	31.0
228.0	812	35.5
229.0	836	52.0
230.0	872	28.5
231.0	918	25.0
232.0	1120	17.5
233.0	1320	41.5
234.0	1420	37.0
235.0	1270	44.0
236.0	1230	51.0
237.0	1520	37.0
238.0	846	36.0
239.0	618	54.0
240.0	299	129.5
241.0	34	58.0
242.0	11	17.0
243.0	22	118.0
244.0	8	17.0
245.0	29	35.0
246.0	131	41.0
247.0	287	49.5
248.0	16	106.0
249.0	1	29.0
250.0	37	36.0
251.0	44	108.0
252.0	124	101.5
253.0	85	46.0
254.0	24	40.5
255.0	18	81.0
256.0	1	23.0
257.0	0	65.0
258.0	0	15.0
259.0	0	90.0
260.0	0	35.5
261.0	118	20.0
262.0	101	20.0
263.0	101	27.0
264.0	407	114.5
265.0	603	68.0
266.0	673	102.0
267.0	783	104.0
268.0	820	60.0
269.0	863	31.5
270.0	913	42.0
271.0	298	37.0
272.0	1040	64.0
273.0	1240	78.0
274.0	1210	82.0
275.0	1250	26.0
276.0	1280	32.5
277.0	1310	55.5
278.0	1310	26.5
279.0	874	44.0
280.0	865	38.0
281.0	1200	47.5
282.0	1240	19.0
283.0	1260	90.5
284.0	1280	133.0
285.0	1200	43.0
286.0	1230	65.5
287.0	1190	24.0
288.0	1250	29.0
289.0	1120	30.0
290.0	1180	55.0
291.0	1140	34.0
292.0	1120	68.0
293.0	1120	43.5
294.0	1120	36.0
295.0	1140	45.0
296.0	1050	18.0
297.0	778	26.5
298.0	340	56.5
299.0	2	37.0
300.0	0	23.0
301.0	0	70.0
302.0	0	57.0
303.0	10	59.0
304.0	106	29.0
305.0	112	26.0
306.0	418	84.5
307.0	8	44.5
308.0	6	17.5
309.0	3	42.0
310.0	7	18.5
311.0	0	18.0
312.0	34	24.0
313.0	125	41.0
314.0	100	99.5
315.0	689	22.0
316.0	94	35.0
317.0	96	95.0
318.0	303	73.5
319.0	750	79.0
320.0	647	24.0
321.0	802	55.5
322.0	749	73.0
323.0	314	50.5
324.0	488	31.0
325.0	115	54.5
326.0	91	30.0
327.0	634	54.0
328.0	623	19.0
329.0	114	29.0
330.0	110	109.0
331.0	664	89.0
332.0	539	53.0
333.0	89	22.0
334.0	92	74.0
335.0	123	23.0
336.0	368	21.0
337.0	673	16.5
338.0	189	97.5
339.0	3	81.0
340.0	3	15.5
341.0	0	89.0
342.0	102	51.0
343.0	124	129.0
344.0	107	145.0
345.0	222	47.0
346.0	532	24.0
347.0	633	86.0
348.0	691	69.0
349.0	679	109.0
350.0	606	32.0
351.0	678	16.5
352.0	595	102.5
353.0	704	68.5
354.0	777	18.0
355.0	930	45.0
356.0	781	16.0
357.0	673	28.0
358.0	1080	106.5
359.0	1140	46.5
360.0	915	45.0
361.0	1140	52.0
362.0	1370	50.0
363.0	1200	48.0
364.0	1030	61.0
365.0	1170	52.0
366.0	883	16.0
367.0	4	24.0
368.0	0	16.5
369.0	0	44.0
370.0	2	18.0
371.0	89	52.5
372.0	121	31.5
373.0	96	15.0
374.0	23	97.5
375.0	3	119.0
376.0	0	55.5
377.0	136	76.0
378.0	571	31.0
379.0	665	17.5
380.0	520	45.0
381.0	598	45.5
382.0	593	24.5
383.0	458	19.5
384.0	494	24.5
385.0	477	66.0
386.0	239	89.5
387.0	356	28.0
388.0	456	122.0
389.0	162	42.0
390.0	331	67.0
391.0	817	22.0
392.0	757	78.0
393.0	740	94.0
394.0	820	107.0
395.0	755	71.0
396.0	717	36.0
397.0	551	42.0
398.0	706	79.0
399.0	730	20.0
400.0	599	49.0
401.0	499	67.5
402.0	478	21.5
403.0	74	126.0
404.0	11	71.0
405.0	1	58.0
406.0	30	40.0
407.0	41	39.5
408.0	40	23.5
409.0	91	83.5
410.0	123	15.0
411.0	187	34.0
412.0	270	24.0
413.0	452	16.5
414.0	454	103.5
415.0	563	21.0
416.0	590	49.5
417.0	471	19.5
418.0	529	35.5
419.0	312	72.0
420.0	482	30.0
421.0	130	52.0
422.0	180	48.0
423.0	29	32.0
424.0	0	21.0
425.0	89	31.5
426.0	116	35.0
427.0	121	45.0
428.0	138	53.0
429.0	188	68.0
430.0	157	33.0
431.0	53	24.0
432.0	125	15.0
433.0	47	31.0
434.0	69	18.0
435.0	43	21.0
436.0	74	125.0
437.0	73	61.0
438.0	101	27.0
439.0	83	79.0
440.0	91	55.0
441.0	78	29.5
442.0	62	60.0
443.0	85	35.0
444.0	82	130.0
445.0	75	36.0
446.0	59	45.0
447.0	105	68.0
448.0	99	141.5
449.0	210	26.0
450.0	264	86.0
451.0	276	82.5
452.0	290	135.0
453.0	318	68.0
454.0	313	36.0
455.0	373	29.0
456.0	428	16.0
457.0	482	36.0
458.0	532	87.5
459.0	596	67.0
460.0	687	21.5
461.0	744	42.0
462.0	1010	17.0
463.0	1080	54.0
464.0	1170	60.0
465.0	1510	54.0
466.0	1670	57.0
467.0	1090	16.0
468.0	1450	94.0
469.0	1450	61.0
470.0	1570	45.0
471.0	1580	35.5
472.0	1510	76.0
473.0	1450	154.0
474.0	1240	36.0
475.0	1040	71.0
476.0	950	27.0
477.0	895	114.5
478.0	965	100.0
479.0	800	136.0
480.0	907	38.5
481.0	1080	18.0
482.0	975	39.5
483.0	1290	25.5
484.0	1050	16.0
485.0	882	24.0
486.0	1010	68.0
487.0	929	64.0
488.0	844	38.0
489.0	86	71.0
490.0	118	44.0
491.0	121	26.0
492.0	125	20.0
493.0	109	80.0
494.0	117	41.5
495.0	122	56.0
496.0	103	209.0
497.0	92	16.0
498.0	98	92.0
499.0	258	63.0
500.0	695	96.0
501.0	549	65.0
502.0	764	52.0
503.0	428	132.0
504.0	0	139.0
505.0	0	35.0
506.0	90	47.0
507.0	108	96.5
508.0	97	28.5
509.0	112	72.0
510.0	112	48.0
511.0	118	31.0
512.0	101	33.0
513.0	88	104.0
514.0	111	118.0
515.0	118	85.5
516.0	88	77.0
517.0	124	56.0
518.0	114	54.5
519.0	112	30.0
520.0	124	29.5
521.0	125	23.0
522.0	98	90.0
523.0	105	45.5
524.0	103	23.5
525.0	98	30.0
526.0	105	61.5
527.0	113	60.0
528.0	110	107.5
529.0	125	181.0
530.0	85	38.0
531.0	123	33.5
532.0	98	33.5
533.0	116	31.5
534.0	119	89.0
535.0	115	45.0
536.0	101	85.0
537.0	109	21.0
538.0	80	109.0
539.0	112	26.0
540.0	113	18.0
541.0	125	40.5
542.0	108	51.0
543.0	94	31.0
544.0	104	33.0
545.0	106	54.0
546.0	120	19.0
547.0	80	30.0
548.0	107	51.0
549.0	107	18.0
550.0	91	60.0
551.0	84	30.5
552.0	99	148.5
553.0	97	36.0
554.0	108	110.0
555.0	96	19.0
556.0	102	73.5
557.0	82	58.0
558.0	122	46.0
559.0	118	23.5
560.0	106	91.5
561.0	103	107.0
562.0	95	82.0
563.0	124	31.0
564.0	95	51.5
565.0	108	14.5
566.0	91	107.0
567.0	97	109.0
568.0	123	34.5
569.0	90	50.0
570.0	114	96.5
571.0	82	54.0
572.0	94	94.0
573.0	121	33.0
574.0	114	32.0
575.0	93	17.0
576.0	96	45.0
577.0	122	15.0
578.0	114	43.0
579.0	85	23.0
580.0	100	23.0
581.0	102	20.0
582.0	88	94.0
583.0	114	67.0
584.0	99	109.0
585.0	80	61.0
586.0	91	65.0
587.0	117	32.0
588.0	123	43.0
589.0	113	35.5
590.0	111	15.0
591.0	100	39.0
592.0	111	111.5
593.0	102	47.5
594.0	89	38.0
595.0	110	20.0
596.0	106	21.0
597.0	119	68.5
598.0	108	16.0
599.0	120	72.5
600.0	118	53.5
601.0	110	158.0
602.0	100	81.0
603.0	101	102.0
604.0	88	63.0
605.0	103	24.0
606.0	123	118.0
607.0	100	89.5
608.0	109	54.5
609.0	121	80.0
610.0	119	102.0
611.0	119	36.0
612.0	103	104.0
613.0	95	35.5
614.0	105	16.0
615.0	125	136.0
616.0	125	16.0
617.0	112	41.0
618.0	111	109.5
619.0	125	118.0
620.0	111	101.5
621.0	120	33.0
622.0	124	16.0
623.0	114	39.0
624.0	118	63.0
625.0	359	93.0
626.0	546	23.0
627.0	493	54.0
628.0	563	26.0
629.0	537	17.0
630.0	542	35.5
631.0	580	28.0
632.0	503	38.0
633.0	627	30.0
634.0	636	59.0
635.0	668	86.0
636.0	749	64.0
637.0	766	86.0
638.0	750	57.5
639.0	815	17.0
640.0	893	28.5
641.0	908	105.0
642.0	875	33.5
643.0	924	74.0
644.0	922	45.0
645.0	874	29.0
646.0	957	156.0
647.0	930	87.0
648.0	1150	22.5
649.0	1100	99.0
650.0	1040	72.5
651.0	1170	34.5
652.0	1000	31.0
653.0	870	49.5
654.0	843	15.0
655.0	938	85.0
656.0	773	98.0
657.0	1070	95.0
658.0	1140	63.5
659.0	786	68.0
660.0	830	35.0
661.0	773	27.0
662.0	641	82.0
663.0	337	77.0
664.0	43	84.0
665.0	14	45.5
666.0	4	37.0
667.0	23	24.0
668.0	72	20.0
669.0	11	86.0
670.0	14	23.0
671.0	11	86.0
672.0	14	36.0
673.0	88	40.0
674.0	118	62.0
675.0	303	16.0
676.0	539	87.5
677.0	633	56.5
678.0	717	33.0
679.0	844	31.0
680.0	851	35.0
681.0	1040	17.0
682.0	827	21.0
683.0	1000	95.0
684.0	1010	29.0
685.0	899	48.0
686.0	956	54.0
687.0	965	38.0
688.0	871	29.0
689.0	921	31.0
690.0	893	43.0
691.0	882	25.0
692.0	863	17.0
693.0	810	82.5
694.0	904	27.5
695.0	550	108.0
696.0	693	60.0
697.0	528	86.0
698.0	501	67.0
699.0	666	23.0
700.0	733	80.5
701.0	631	18.0
702.0	576	123.0
703.0	640	82.0
704.0	656	74.0
705.0	663	27.0
706.0	680	38.0
707.0	636	102.0
708.0	711	30.0
709.0	708	42.5
710.0	577	44.0
711.0	749	33.0
712.0	591	106.0
713.0	739	42.0
714.0	784	22.0
715.0	751	92.5
716.0	767	28.0
717.0	615	96.0
718.0	571	54.0
719.0	476	36.0
720.0	651	22.0
721.0	142	31.0
722.0	0	55.0
723.0	0	88.0
724.0	0	48.0
725.0	0	15.0
726.0	0	104.0
727.0	101	111.0
728.0	101	28.0
729.0	121	21.0
730.0	90	89.0
731.0	120	35.0
732.0	118	80.5
733.0	108	54.0
734.0	97	99.0
735.0	90	20.0
736.0	121	51.0
737.0	124	116.0
738.0	117	30.0
739.0	112	49.5
740.0	124	71.0
741.0	100	34.0
742.0	91	35.0
743.0	106	48.5
744.0	118	53.0
745.0	101	199.5
746.0	111	69.0
747.0	102	16.0
748.0	110	32.0
749.0	121	18.0
750.0	116	28.0
751.0	99	92.0
752.0	98	36.0
753.0	103	114.0
754.0	101	75.0
755.0	123	89.5
756.0	121	38.0
757.0	101	92.0
758.0	94	127.0
759.0	115	23.0
760.0	91	18.0
761.0	89	47.5
762.0	98	52.0
763.0	99	17.0
764.0	110	66.0
765.0	104	28.0
766.0	124	72.0
767.0	82	50.5
768.0	98	56.0
769.0	123	15.0
770.0	107	39.0
771.0	118	36.0
772.0	124	53.5
773.0	116	34.5
774.0	124	17.0
775.0	105	108.0
776.0	84	85.0
777.0	119	29.0
778.0	98	31.0
779.0	99	17.0
780.0	100	19.0
781.0	76	89.0
782.0	120	100.5
783.0	109	20.0
784.0	125	15.5
785.0	123	90.0
786.0	86	66.0
787.0	110	62.0
788.0	107	23.0
789.0	78	26.0
790.0	118	205.0
791.0	111	16.0
792.0	81	58.0
793.0	108	18.5
794.0	83	18.0
795.0	89	56.5
796.0	124	53.0
797.0	101	60.0
798.0	93	79.0
799.0	109	39.5
