1.0	87	53.0
2.0	27	14.5
3.0	76	38.0
4.0	96	64.0
5.0	104	44.0
6.0	66	95.5
7.0	1	33.0
8.0	0	79.5
9.0	89	43.0
10.0	156	74.5
11.0	297	39.0
12.0	575	31.5
13.0	590	27.0
14.0	586	35.0
15.0	557	17.0
16.0	390	33.0
17.0	429	37.0
18.0	510	62.5
19.0	532	30.0
20.0	571	56.0
21.0	597	100.0
22.0	614	73.0
23.0	555	15.0
24.0	583	66.0
25.0	570	65.5
26.0	471	33.0
27.0	536	24.0
28.0	321	72.0
29.0	415	108.5
30.0	561	46.0
31.0	600	54.0
32.0	375	72.0
33.0	66	114.0
34.0	385	31.0
35.0	457	48.0
36.0	380	50.5
37.0	520	33.5
38.0	525	54.5
39.0	543	106.0
40.0	444	31.0
41.0	191	29.0
42.0	207	88.5
43.0	397	94.5
44.0	279	31.5
45.0	154	102.5
46.0	181	69.0
47.0	180	46.0
48.0	268	21.5
49.0	303	36.0
50.0	320	45.0
51.0	333	93.0
52.0	326	20.0
53.0	312	46.5
54.0	333	72.0
55.0	320	79.0
56.0	331	33.0
57.0	347	111.0
58.0	363	15.0
59.0	385	63.0
60.0	454	55.0
61.0	316	15.0
62.0	0	39.0
63.0	0	20.0
64.0	0	31.5
65.0	0	81.0
66.0	104	93.0
67.0	125	152.0
68.0	105	58.5
69.0	0	64.0
70.0	0	36.0
71.0	0	68.0
72.0	0	76.0
73.0	0	77.0
74.0	15	29.0
75.0	103	38.5
76.0	88	40.5
77.0	183	19.0
78.0	25	98.0
79.0	0	75.5
80.0	0	33.0
81.0	0	35.5
82.0	0	72.0
83.0	0	42.0
84.0	78	108.0
85.0	106	110.5
86.0	126	38.0
87.0	37	31.0
88.0	0	15.0
89.0	0	59.5
90.0	0	31.0
91.0	0	28.5
92.0	0	57.0
93.0	22	53.0
94.0	89	85.0
95.0	165	99.0
96.0	175	90.0
97.0	182	18.0
98.0	184	36.0
99.0	184	158.0
100.0	180	76.0
101.0	184	32.0
102.0	186	66.0
103.0	185	24.0
104.0	186	56.0
105.0	209	36.0
106.0	235	110.0
107.0	262	36.0
108.0	274	29.0
109.0	347	93.0
110.0	362	80.0
111.0	356	38.0
112.0	518	91.0
113.0	445	46.0
114.0	411	50.0
115.0	627	16.0
116.0	412	83.0
117.0	361	46.0
118.0	328	28.0
119.0	90	99.5
120.0	33	44.0
121.0	20	78.5
122.0	22	22.0
123.0	27	86.0
124.0	27	80.0
125.0	28	30.0
126.0	27	43.5
127.0	30	18.0
128.0	31	54.0
129.0	18	26.0
130.0	34	24.0
131.0	36	81.0
132.0	42	25.0
133.0	45	110.0
134.0	49	148.0
135.0	51	52.0
136.0	44	159.0
137.0	49	42.0
138.0	32	95.5
139.0	106	66.0
140.0	124	40.0
141.0	76	24.0
142.0	101	35.5
143.0	102	100.0
144.0	110	66.0
145.0	78	16.5
146.0	112	50.5
147.0	99	62.0
148.0	94	17.0
149.0	82	141.0
150.0	32	98.5
151.0	35	20.0
152.0	77	35.0
153.0	117	62.0
154.0	101	56.0
155.0	113	28.0
156.0	88	34.0
157.0	103	98.0
158.0	96	94.0
159.0	107	49.0
160.0	84	29.0
161.0	122	25.0
162.0	107	64.0
163.0	79	26.0
164.0	106	66.0
165.0	92	41.0
166.0	105	89.5
167.0	106	27.0
168.0	122	30.0
169.0	122	100.5
170.0	109	24.0
171.0	115	49.5
172.0	101	29.0
173.0	115	36.0
174.0	88	153.5
175.0	109	48.0
176.0	122	48.5
177.0	117	103.5
178.0	124	34.5
179.0	92	125.0
180.0	93	90.0
181.0	107	23.0
182.0	121	43.0
183.0	113	17.5
184.0	121	45.0
185.0	121	19.0
186.0	98	68.0
187.0	124	30.0
188.0	108	29.5
189.0	104	86.5
190.0	115	79.5
191.0	119	35.0
192.0	123	25.5
193.0	100	24.0
194.0	125	96.0
195.0	120	40.0
196.0	99	103.5
197.0	112	21.0
198.0	94	18.0
199.0	95	60.0
200.0	123	30.5
201.0	117	93.5
202.0	91	54.0
203.0	111	48.0
204.0	103	87.5
205.0	85	24.0
206.0	101	30.0
207.0	98	62.0
208.0	124	22.0
209.0	110	43.5
210.0	110	95.0
211.0	121	98.0
212.0	92	26.0
213.0	95	63.5
214.0	121	18.0
215.0	99	92.0
216.0	107	42.0
217.0	108	27.5
218.0	124	22.5
219.0	122	110.0
220.0	104	118.0
221.0	113	94.0
222.0	98	23.5
223.0	98	84.0
224.0	117	114.5
225.0	105	23.5
226.0	89	54.0
227.0	104	34.0
228.0	114	89.0
229.0	124	24.0
230.0	123	53.0
231.0	95	52.0
232.0	119	17.0
233.0	94	43.0
234.0	111	24.0
235.0	111	17.0
236.0	100	43.0
237.0	125	34.0
238.0	114	66.5
239.0	103	85.5
240.0	91	154.0
241.0	101	56.0
242.0	113	143.0
243.0	109	108.0
244.0	109	60.0
245.0	119	30.0
246.0	91	35.0
247.0	93	80.5
248.0	120	37.5
249.0	80	18.5
250.0	114	25.5
251.0	110	29.0
252.0	110	16.0
253.0	110	19.0
254.0	102	34.0
255.0	114	20.5
256.0	120	130.0
257.0	115	46.0
258.0	124	109.0
259.0	110	32.0
260.0	109	146.5
261.0	106	100.0
262.0	109	20.0
263.0	79	23.5
264.0	122	38.0
265.0	119	45.0
266.0	112	38.0
267.0	111	102.0
268.0	94	23.0
269.0	117	63.0
270.0	86	25.0
271.0	110	107.0
272.0	125	53.0
273.0	113	106.0
274.0	123	25.0
275.0	93	29.0
276.0	89	41.0
277.0	113	37.0
278.0	108	23.0
279.0	95	47.0
280.0	97	32.0
281.0	112	15.0
282.0	111	66.0
283.0	125	26.0
284.0	119	22.5
285.0	103	35.0
286.0	124	137.5
287.0	120	26.0
288.0	116	65.5
289.0	121	39.0
290.0	100	29.5
291.0	41	39.0
292.0	44	24.5
293.0	47	43.0
294.0	56	60.5
295.0	61	35.0
296.0	75	93.0
297.0	89	24.5
298.0	112	23.0
299.0	143	21.5
300.0	172	22.0
301.0	239	57.0
302.0	241	21.0
303.0	377	18.0
304.0	475	55.0
305.0	567	47.0
306.0	669	99.5
307.0	795	26.0
308.0	885	85.0
309.0	853	87.0
310.0	882	59.5
311.0	1090	85.0
312.0	1010	32.0
313.0	764	89.0
314.0	956	20.5
315.0	1130	43.0
316.0	1160	93.5
317.0	1090	39.0
318.0	852	62.0
319.0	1170	23.0
320.0	1060	29.0
321.0	961	94.0
322.0	920	42.5
323.0	989	24.5
324.0	1250	35.0
325.0	1240	51.0
326.0	1170	51.5
327.0	1070	27.5
328.0	1220	25.0
329.0	1140	24.0
330.0	1020	76.0
331.0	1030	66.0
332.0	1140	83.0
333.0	1030	24.5
334.0	1120	83.0
335.0	1270	93.0
336.0	1110	67.0
337.0	1090	102.0
338.0	939	64.0
339.0	1190	37.0
340.0	1050	47.0
341.0	1030	33.5
342.0	900	49.0
343.0	1210	154.0
344.0	1020	40.0
345.0	684	39.0
346.0	977	64.0
347.0	1300	25.0
348.0	891	54.0
349.0	976	95.0
350.0	850	46.5
351.0	682	44.0
352.0	859	35.0
353.0	804	17.0
354.0	781	111.0
355.0	753	26.5
356.0	967	46.0
357.0	281	25.0
358.0	18	23.0
359.0	94	33.5
360.0	260	64.5
361.0	326	55.0
362.0	373	16.0
363.0	443	93.5
364.0	39	32.0
365.0	12	27.0
366.0	104	112.0
367.0	122	27.0
368.0	689	35.0
369.0	875	53.5
370.0	982	91.0
371.0	1110	15.0
372.0	917	58.0
373.0	935	20.0
374.0	909	67.5
375.0	1050	76.0
376.0	1260	26.0
377.0	1190	43.0
378.0	1270	63.0
379.0	1310	31.0
380.0	1290	71.5
381.0	1190	61.0
382.0	1210	124.0
383.0	997	14.5
384.0	1210	19.0
385.0	1220	55.5
386.0	1250	35.0
387.0	1300	124.5
388.0	1020	29.5
389.0	955	32.0
390.0	1150	97.5
391.0	1240	32.0
392.0	1270	50.0
393.0	1240	19.0
394.0	883	36.0
395.0	1090	78.5
396.0	1080	159.5
397.0	1250	27.0
398.0	1160	24.0
399.0	1110	44.0
400.0	1180	76.5
401.0	1020	17.5
402.0	1030	56.0
403.0	1090	22.0
404.0	1150	22.0
405.0	1180	90.0
406.0	934	59.0
407.0	1180	19.0
408.0	1180	117.0
409.0	917	132.5
410.0	1040	103.5
411.0	1190	14.5
412.0	1260	18.0
413.0	1050	20.0
414.0	1160	130.0
415.0	1120	43.0
416.0	1080	76.0
417.0	896	28.0
418.0	865	25.0
419.0	1020	60.0
420.0	1180	15.0
421.0	1070	31.5
422.0	1020	122.0
423.0	1100	98.5
424.0	905	47.5
425.0	676	57.5
426.0	670	72.5
427.0	962	15.5
428.0	945	53.0
429.0	1030	43.0
430.0	793	80.0
431.0	668	29.0
432.0	945	34.0
433.0	1030	23.0
434.0	1050	44.0
435.0	819	44.0
436.0	1030	88.0
437.0	336	121.0
438.0	354	106.0
439.0	500	37.0
440.0	743	37.0
441.0	709	23.0
442.0	671	50.0
443.0	794	14.5
444.0	701	41.0
445.0	861	25.0
446.0	837	33.0
447.0	753	32.0
448.0	848	26.0
449.0	743	112.0
450.0	530	52.0
451.0	36	38.0
452.0	0	23.0
453.0	0	41.0
454.0	1	53.0
455.0	112	27.5
456.0	98	39.5
457.0	0	51.0
458.0	0	17.5
459.0	0	85.0
460.0	0	103.5
461.0	42	92.0
462.0	50	19.0
463.0	441	39.0
464.0	358	49.0
465.0	485	18.0
466.0	656	51.0
467.0	745	35.0
468.0	775	116.0
469.0	777	33.0
470.0	815	41.0
471.0	993	34.5
472.0	976	60.0
473.0	108	80.0
474.0	0	43.0
475.0	106	74.5
476.0	95	33.0
477.0	0	28.0
478.0	0	59.5
479.0	108	93.0
480.0	888	110.5
481.0	940	82.0
482.0	909	54.0
483.0	1050	73.0
484.0	871	109.0
485.0	968	32.0
486.0	914	29.5
487.0	1090	53.0
488.0	992	33.5
489.0	874	132.0
490.0	848	32.0
491.0	1070	23.0
492.0	989	41.0
493.0	1060	102.5
494.0	1020	41.5
495.0	1100	50.0
496.0	1240	28.0
497.0	1220	67.5
498.0	1120	40.0
499.0	1240	70.0
500.0	1190	27.5
501.0	893	30.5
502.0	1250	18.0
503.0	1300	57.0
504.0	1300	53.5
505.0	1240	61.5
506.0	1030	48.0
507.0	1170	52.5
508.0	1070	27.5
509.0	1260	75.5
510.0	1150	107.5
511.0	944	18.0
512.0	1060	26.0
513.0	1240	41.5
514.0	1200	23.0
515.0	982	25.0
516.0	1040	25.5
517.0	507	69.5
518.0	307	65.0
519.0	324	40.0
520.0	11	17.0
521.0	1	38.0
522.0	0	27.0
523.0	22	39.5
524.0	0	35.0
525.0	7	33.0
526.0	112	96.0
527.0	145	37.0
528.0	202	22.0
529.0	250	82.0
530.0	242	113.0
531.0	271	18.5
532.0	317	47.0
533.0	295	149.0
534.0	308	53.0
535.0	330	78.0
536.0	406	47.5
537.0	444	28.0
538.0	479	34.0
539.0	507	40.5
540.0	555	84.0
541.0	168	145.0
542.0	3	19.0
543.0	116	37.0
544.0	88	60.0
545.0	122	18.0
546.0	571	16.5
547.0	876	98.0
548.0	956	16.0
549.0	1100	25.5
550.0	1130	158.0
551.0	1070	32.5
552.0	916	18.0
553.0	1140	14.5
554.0	1240	68.5
555.0	890	37.5
556.0	1290	102.5
557.0	1130	34.0
558.0	1060	81.5
559.0	1090	66.5
560.0	996	22.0
561.0	954	87.5
562.0	987	102.5
563.0	828	27.0
564.0	536	19.0
565.0	0	29.0
566.0	3	41.0
567.0	0	38.0
568.0	0	41.0
569.0	113	18.0
570.0	43	15.0
571.0	6	81.0
572.0	0	53.0
573.0	5	39.5
574.0	34	54.5
575.0	46	156.0
576.0	41	32.5
577.0	34	27.0
578.0	5	35.0
579.0	27	33.0
580.0	4	31.5
581.0	20	52.0
582.0	15	37.5
583.0	8	14.5
584.0	8	31.0
585.0	4	44.5
586.0	4	31.5
587.0	12	129.5
588.0	5	31.0
589.0	4	29.0
590.0	1	46.0
591.0	6	19.0
592.0	7	30.5
593.0	10	24.0
594.0	12	78.5
595.0	3	82.0
596.0	3	17.5
597.0	1	32.5
598.0	5	60.0
599.0	12	116.5
600.0	5	20.5
601.0	4	138.0
602.0	3	41.0
603.0	4	23.0
604.0	7	31.0
605.0	0	26.0
606.0	0	91.5
607.0	116	77.0
608.0	108	34.0
609.0	120	46.0
610.0	12	108.5
611.0	16	15.0
612.0	18	61.0
613.0	20	31.5
614.0	23	115.0
615.0	25	48.0
616.0	10	88.0
617.0	16	78.0
618.0	0	69.0
619.0	0	14.5
620.0	0	60.0
621.0	0	17.0
622.0	5	107.0
623.0	121	17.5
624.0	106	39.0
625.0	106	72.0
626.0	10	34.0
627.0	14	26.0
628.0	4	85.0
629.0	0	100.0
630.0	4	47.0
631.0	6	27.5
632.0	6	50.0
633.0	6	21.0
634.0	105	186.0
635.0	99	26.0
636.0	116	29.0
637.0	120	20.0
638.0	91	97.0
639.0	213	17.0
640.0	423	67.5
641.0	505	66.0
642.0	478	18.5
643.0	448	55.5
644.0	574	22.0
645.0	550	59.0
646.0	612	52.0
647.0	565	47.0
648.0	213	95.5
649.0	41	21.0
650.0	4	56.0
651.0	85	28.0
652.0	103	52.0
653.0	425	47.0
654.0	360	77.0
655.0	161	38.0
656.0	599	90.0
657.0	251	36.0
658.0	259	15.0
659.0	410	23.0
660.0	89	24.0
661.0	8	53.0
662.0	12	39.5
663.0	25	58.0
664.0	181	32.5
665.0	136	115.5
666.0	56	31.0
667.0	31	63.0
668.0	25	22.0
669.0	91	61.5
670.0	77	36.0
671.0	80	143.0
672.0	7	157.0
673.0	0	29.0
674.0	16	57.5
675.0	33	29.5
676.0	19	90.0
677.0	23	123.0
678.0	15	26.0
679.0	18	30.0
680.0	53	51.0
681.0	15	26.5
682.0	25	71.0
683.0	70	56.0
684.0	59	41.0
685.0	15	76.0
686.0	25	59.5
687.0	14	31.0
688.0	3	95.0
689.0	9	29.5
690.0	4	16.5
691.0	5	29.0
692.0	5	36.5
693.0	3	18.0
694.0	5	26.0
695.0	3	97.0
696.0	2	114.5
697.0	3	137.0
698.0	4	36.5
699.0	6	97.0
700.0	4	87.0
701.0	1	59.0
702.0	2	44.0
703.0	6	58.0
704.0	7	32.0
705.0	13	42.0
706.0	3	15.5
707.0	2	74.0
708.0	4	18.0
709.0	9	20.5
710.0	15	25.5
711.0	5	58.0
712.0	6	50.0
713.0	7	90.0
714.0	16	29.0
715.0	6	37.0
716.0	4	24.0
717.0	3	57.5
718.0	4	34.0
719.0	4	22.5
720.0	2	90.0
721.0	3	28.5
722.0	0	103.0
723.0	0	28.0
724.0	111	66.0
725.0	98	30.0
726.0	10	94.0
727.0	15	52.5
728.0	20	17.0
729.0	23	81.0
730.0	31	35.0
731.0	38	16.0
732.0	51	31.0
733.0	27	52.0
734.0	77	38.0
735.0	86	46.0
736.0	132	28.0
737.0	163	30.0
738.0	192	68.0
739.0	226	28.5
740.0	288	56.0
741.0	349	43.0
742.0	187	14.5
743.0	167	62.0
744.0	301	35.0
745.0	367	21.0
746.0	357	33.0
747.0	373	88.5
748.0	420	20.0
749.0	429	54.5
750.0	435	35.0
751.0	385	60.0
752.0	437	100.0
753.0	447	34.0
754.0	449	116.0
755.0	460	52.0
756.0	483	36.0
757.0	477	34.0
758.0	517	133.0
759.0	556	32.0
760.0	602	50.0
761.0	466	21.5
762.0	581	67.5
763.0	664	122.0
764.0	659	19.0
765.0	750	21.5
766.0	661	22.0
767.0	798	23.0
768.0	725	48.0
769.0	776	19.0
770.0	968	32.0
771.0	913	18.5
772.0	620	43.5
773.0	927	67.0
774.0	950	44.0
775.0	1030	46.0
776.0	990	114.5
777.0	825	63.0
778.0	871	59.0
779.0	1110	26.0
780.0	1100	156.0
781.0	961	66.5
782.0	901	59.0
783.0	923	187.0
784.0	1200	19.0
785.0	1240	80.5
786.0	1210	25.0
787.0	1030	93.0
788.0	1310	112.5
789.0	1130	33.0
790.0	1130	16.0
791.0	409	31.0
792.0	682	28.5
793.0	363	26.0
794.0	83	17.5
795.0	113	121.0
796.0	143	47.0
797.0	173	57.0
798.0	29	19.0
799.0	51	84.0
