1.0	102	120.0
2.0	119	107.5
3.0	98	47.0
4.0	106	52.0
5.0	118	22.0
6.0	117	72.0
7.0	111	58.0
8.0	120	41.5
9.0	109	64.5
10.0	96	44.0
11.0	102	20.0
12.0	92	48.0
13.0	111	36.0
14.0	91	96.0
15.0	103	35.5
16.0	105	30.5
17.0	125	33.0
18.0	123	48.0
19.0	108	45.0
20.0	90	168.5
21.0	125	27.0
22.0	113	109.0
23.0	101	16.0
24.0	81	47.0
25.0	119	22.5
26.0	92	59.0
27.0	105	105.5
28.0	109	32.5
29.0	108	77.0
30.0	124	63.0
31.0	98	21.5
32.0	114	22.5
33.0	120	42.0
34.0	103	52.5
35.0	124	16.0
36.0	108	36.0
37.0	119	27.5
38.0	122	66.0
39.0	125	121.0
40.0	88	71.0
41.0	108	55.0
42.0	116	30.0
43.0	108	130.0
44.0	117	31.0
45.0	79	56.0
46.0	30	47.0
47.0	47	50.0
48.0	62	55.0
49.0	51	70.0
50.0	106	65.0
51.0	131	42.0
52.0	169	76.5
53.0	185	29.0
54.0	242	52.0
55.0	309	56.5
56.0	295	21.5
57.0	356	84.5
58.0	546	117.5
59.0	577	15.5
60.0	699	31.0
61.0	576	32.0
62.0	980	51.0
63.0	571	16.0
64.0	540	84.0
65.0	723	46.0
66.0	678	71.0
67.0	594	30.0
68.0	595	51.5
69.0	623	19.0
70.0	662	29.0
71.0	589	54.0
72.0	577	47.0
73.0	699	90.0
74.0	705	122.0
75.0	623	21.5
76.0	784	19.0
77.0	679	17.0
78.0	583	45.5
79.0	506	33.0
80.0	495	36.0
81.0	558	37.5
82.0	764	41.0
83.0	791	112.0
84.0	744	26.5
85.0	797	24.5
86.0	709	67.0
87.0	58	24.0
88.0	8	120.0
89.0	142	17.0
90.0	475	25.0
91.0	669	33.0
92.0	630	54.5
93.0	689	15.0
94.0	508	39.0
95.0	622	64.0
96.0	6	80.0
97.0	395	99.0
98.0	143	44.0
99.0	130	20.5
100.0	234	141.0
101.0	102	31.5
102.0	5	67.5
103.0	128	131.0
104.0	218	93.5
105.0	225	175.0
106.0	68	98.0
107.0	6	52.0
108.0	6	20.5
109.0	20	26.5
110.0	32	28.0
111.0	62	87.0
112.0	34	85.5
113.0	139	68.0
114.0	7	58.0
115.0	4	48.0
116.0	5	29.0
117.0	14	20.0
118.0	21	25.0
119.0	17	34.0
120.0	13	37.0
121.0	9	40.0
122.0	92	70.0
123.0	119	54.0
124.0	107	30.0
125.0	122	112.0
126.0	142	99.5
127.0	188	35.0
128.0	229	82.0
129.0	219	61.5
130.0	318	24.5
131.0	337	37.0
132.0	419	34.0
133.0	477	21.0
134.0	534	16.5
135.0	555	22.0
136.0	644	90.5
137.0	604	106.0
138.0	628	35.0
139.0	759	16.0
140.0	860	188.5
141.0	886	28.0
142.0	875	100.5
143.0	869	108.0
144.0	967	49.0
145.0	1090	21.0
146.0	1140	63.0
147.0	1010	58.0
148.0	1090	189.0
149.0	968	16.0
150.0	1240	19.0
151.0	1300	60.0
152.0	1110	52.5
153.0	1050	111.5
154.0	1180	27.5
155.0	1370	42.0
156.0	1620	29.5
157.0	1260	106.0
158.0	1130	16.0
159.0	1310	54.0
160.0	1140	23.5
161.0	1290	80.0
162.0	1290	51.5
163.0	1210	71.0
164.0	1270	28.0
165.0	1370	31.0
166.0	1240	35.5
167.0	1460	35.0
168.0	1070	20.0
169.0	1430	42.0
170.0	1480	21.0
171.0	1430	21.0
172.0	1540	52.5
173.0	1540	24.0
174.0	1740	27.0
175.0	1260	15.0
176.0	1640	26.5
177.0	1670	19.5
178.0	1480	41.0
179.0	1430	89.0
180.0	1370	73.0
181.0	1440	48.0
182.0	1510	31.0
183.0	1540	69.0
184.0	1480	60.0
185.0	1630	32.0
186.0	1440	111.0
187.0	1490	48.0
188.0	1630	43.0
189.0	1560	20.5
190.0	1620	118.0
191.0	1620	39.0
192.0	1560	94.5
193.0	1560	85.5
194.0	1600	46.5
195.0	1630	73.0
196.0	1530	22.0
197.0	1770	17.0
198.0	1810	104.5
199.0	1770	18.0
200.0	1860	27.0
201.0	1770	37.0
202.0	1770	19.5
203.0	1790	103.0
204.0	1800	50.5
205.0	1770	27.0
206.0	1780	29.0
207.0	1650	46.0
208.0	1500	18.0
209.0	1770	48.5
210.0	1690	43.5
211.0	1430	97.5
212.0	605	180.0
213.0	17	28.5
214.0	5	76.5
215.0	123	67.5
216.0	118	111.5
217.0	1720	107.5
218.0	1500	17.0
219.0	1670	71.0
220.0	1740	48.0
221.0	1730	15.0
222.0	1780	22.0
223.0	1770	31.0
224.0	1650	88.0
225.0	1660	44.5
226.0	1460	161.0
227.0	1380	32.5
228.0	1460	35.0
229.0	1530	108.0
230.0	1650	125.0
231.0	1490	90.0
232.0	1550	34.5
233.0	1430	67.5
234.0	1200	22.5
235.0	680	26.0
236.0	704	41.5
237.0	107	97.0
238.0	317	35.0
239.0	501	115.0
240.0	804	57.0
241.0	567	22.0
242.0	702	205.0
243.0	518	120.0
244.0	52	43.0
245.0	342	149.5
246.0	36	43.0
247.0	14	99.5
248.0	71	76.0
249.0	410	89.5
250.0	660	66.0
251.0	444	57.5
252.0	591	81.5
253.0	616	96.5
254.0	712	55.0
255.0	706	27.0
256.0	57	16.5
257.0	384	57.0
258.0	520	41.5
259.0	275	47.0
260.0	121	15.0
261.0	31	61.0
262.0	60	73.0
263.0	39	38.0
264.0	124	32.0
265.0	113	36.0
266.0	477	30.0
267.0	473	29.5
268.0	549	58.5
269.0	526	35.5
270.0	574	16.0
271.0	645	84.0
272.0	655	71.0
273.0	797	49.0
274.0	789	19.0
275.0	808	18.0
276.0	879	36.5
277.0	968	17.5
278.0	1310	24.5
279.0	1580	76.5
280.0	1410	74.0
281.0	1750	102.5
282.0	1680	39.5
283.0	1530	63.0
284.0	1720	59.0
285.0	1600	27.0
286.0	1660	88.5
287.0	1690	17.0
288.0	1760	25.0
289.0	1770	152.0
290.0	1740	25.5
291.0	1660	28.0
292.0	1640	38.0
293.0	1440	69.5
294.0	1640	19.0
295.0	1490	62.0
296.0	1300	32.0
297.0	1480	19.0
298.0	1470	49.0
299.0	1570	55.5
300.0	1510	36.0
301.0	1420	51.0
302.0	1520	26.0
303.0	844	79.5
304.0	42	61.0
305.0	111	76.0
306.0	123	69.0
307.0	864	39.5
308.0	768	141.0
309.0	799	40.0
310.0	957	89.5
311.0	457	79.0
312.0	12	72.0
313.0	1	99.0
314.0	113	20.0
315.0	91	21.5
316.0	734	28.0
317.0	767	71.0
318.0	977	86.0
319.0	784	95.5
320.0	4	19.0
321.0	1	63.5
322.0	1	28.5
323.0	14	16.5
324.0	0	18.0
325.0	24	69.5
326.0	272	34.0
327.0	394	37.0
328.0	489	17.0
329.0	484	69.0
330.0	434	25.5
331.0	512	98.0
332.0	572	14.5
333.0	528	33.0
334.0	526	32.0
335.0	785	35.0
336.0	646	63.5
337.0	614	84.5
338.0	634	82.5
339.0	693	57.0
340.0	660	85.0
341.0	802	47.0
342.0	822	34.5
343.0	885	22.5
344.0	781	92.5
345.0	688	20.0
346.0	940	94.0
347.0	1080	61.0
348.0	705	22.0
349.0	681	52.5
350.0	745	27.0
351.0	877	59.0
352.0	896	48.0
353.0	1010	21.5
354.0	1060	37.5
355.0	971	27.0
356.0	1050	28.5
357.0	1160	28.0
358.0	1100	99.0
359.0	1060	20.0
360.0	1150	16.0
361.0	871	187.0
362.0	1120	125.5
363.0	938	86.0
364.0	1020	102.0
365.0	1170	98.0
366.0	1500	33.0
367.0	1440	16.0
368.0	1570	66.5
369.0	1310	81.0
370.0	1450	51.0
371.0	1700	75.0
372.0	1660	81.5
373.0	1250	41.0
374.0	1590	27.0
375.0	1580	18.0
376.0	1160	77.0
377.0	1600	70.0
378.0	1500	18.0
379.0	1080	19.0
380.0	1260	49.0
381.0	1480	21.0
382.0	1460	31.0
383.0	1380	82.0
384.0	1510	23.5
385.0	1370	34.5
386.0	1370	31.0
387.0	1660	72.0
388.0	1530	83.0
389.0	1530	80.0
390.0	1180	99.5
391.0	1280	95.0
392.0	1460	105.0
393.0	1750	20.0
394.0	1490	18.0
395.0	1720	192.0
396.0	1560	45.0
397.0	843	69.0
398.0	1260	32.0
399.0	1430	31.0
400.0	1410	53.5
401.0	1700	20.5
402.0	1600	112.0
403.0	1730	35.5
404.0	1540	26.5
405.0	1620	25.0
406.0	1740	54.0
407.0	1540	95.0
408.0	1530	64.0
409.0	1460	21.0
410.0	1570	33.0
411.0	1180	93.0
412.0	1420	42.0
413.0	1290	53.0
414.0	1290	21.0
415.0	1310	26.5
416.0	1350	76.0
417.0	1340	133.0
418.0	1120	31.0
419.0	1180	153.0
420.0	1470	74.0
421.0	1170	78.5
422.0	1070	62.0
423.0	264	30.0
424.0	62	44.0
425.0	145	42.5
426.0	82	71.0
427.0	34	19.0
428.0	19	19.0
429.0	37	40.0
430.0	44	108.0
431.0	44	46.5
432.0	31	40.0
433.0	97	108.0
434.0	94	86.5
435.0	106	47.5
436.0	102	88.0
437.0	108	14.5
438.0	113	87.0
439.0	107	117.0
440.0	167	113.5
441.0	177	22.0
442.0	185	56.0
443.0	225	20.5
444.0	185	16.0
445.0	223	99.0
446.0	247	22.0
447.0	275	24.0
448.0	266	61.0
449.0	399	18.0
450.0	544	24.0
451.0	489	103.5
452.0	580	20.5
453.0	731	64.5
454.0	902	47.5
455.0	1010	73.0
456.0	941	64.0
457.0	998	56.0
458.0	1070	61.0
459.0	1230	34.0
460.0	1270	27.0
461.0	1300	70.0
462.0	1400	56.0
463.0	1250	19.0
464.0	932	21.0
465.0	1410	50.0
466.0	1540	28.5
467.0	1150	78.0
468.0	947	81.5
469.0	1230	60.0
470.0	1200	29.5
471.0	1400	22.0
472.0	1290	14.5
473.0	1220	16.0
474.0	1160	21.0
475.0	996	22.5
476.0	808	41.0
477.0	864	42.0
478.0	12	94.5
479.0	8	49.0
480.0	0	117.0
481.0	31	99.5
482.0	40	18.0
483.0	82	68.0
484.0	665	36.0
485.0	846	19.5
486.0	902	88.0
487.0	1070	50.0
488.0	920	95.5
489.0	869	18.0
490.0	1070	30.5
491.0	1240	29.5
492.0	1120	28.0
493.0	1200	35.0
494.0	1550	55.0
495.0	1560	31.0
496.0	1320	56.0
497.0	860	73.0
498.0	1350	38.0
499.0	1220	38.0
500.0	1200	48.5
501.0	1390	25.0
502.0	1420	158.0
503.0	1380	131.0
504.0	1210	27.0
505.0	1220	34.0
506.0	1240	25.5
507.0	1020	101.5
508.0	860	65.0
509.0	804	49.0
510.0	514	29.0
511.0	846	15.0
512.0	756	67.5
513.0	552	32.0
514.0	687	58.5
515.0	739	49.0
516.0	603	32.0
517.0	635	58.0
518.0	634	32.0
519.0	563	53.0
520.0	452	95.0
521.0	61	93.0
522.0	120	24.5
523.0	124	101.5
524.0	119	26.0
525.0	121	36.0
526.0	112	17.0
527.0	119	40.5
528.0	87	28.0
529.0	1160	19.0
530.0	1250	90.0
531.0	1240	63.0
532.0	1250	38.0
533.0	1120	96.0
534.0	1240	65.0
535.0	1110	34.0
536.0	0	34.0
537.0	619	70.5
538.0	982	30.5
539.0	1340	38.0
540.0	1180	16.0
541.0	1140	25.5
542.0	1310	42.0
543.0	1520	25.5
544.0	1090	36.0
545.0	1270	41.0
546.0	1320	27.0
547.0	848	19.0
548.0	1120	18.0
549.0	417	63.0
550.0	299	24.5
551.0	98	38.5
552.0	88	36.0
553.0	124	38.5
554.0	96	56.0
555.0	601	19.5
556.0	790	94.0
557.0	843	56.5
558.0	898	65.5
559.0	905	98.5
560.0	873	65.0
561.0	88	33.5
562.0	73	30.0
563.0	245	26.5
564.0	188	115.0
565.0	491	65.5
566.0	212	71.5
567.0	218	40.0
568.0	48	25.5
569.0	67	70.0
570.0	494	57.0
571.0	660	78.0
572.0	787	151.0
573.0	883	18.0
574.0	890	23.0
575.0	999	92.0
576.0	911	23.0
577.0	1150	136.0
578.0	1250	22.5
579.0	1280	15.5
580.0	1130	41.0
581.0	1390	72.0
582.0	1180	46.0
583.0	1130	45.0
584.0	1180	28.5
585.0	1360	29.0
586.0	1140	20.0
587.0	1240	99.0
588.0	1200	20.0
589.0	1290	43.0
590.0	1280	15.5
591.0	149	57.0
592.0	116	22.0
593.0	124	84.0
594.0	117	31.0
595.0	115	40.0
596.0	119	42.0
597.0	112	62.5
598.0	121	18.5
599.0	121	124.0
600.0	112	35.0
601.0	102	33.0
602.0	122	15.0
603.0	98	107.0
604.0	98	63.0
605.0	125	15.5
606.0	105	28.0
607.0	108	41.0
608.0	94	48.0
609.0	125	69.5
610.0	124	169.0
611.0	125	15.5
612.0	119	21.5
613.0	115	15.0
614.0	99	18.0
615.0	115	15.0
616.0	102	37.0
617.0	118	101.0
618.0	124	98.5
619.0	96	109.0
620.0	116	78.0
621.0	110	74.0
622.0	108	42.0
623.0	594	25.5
624.0	748	22.0
625.0	753	78.5
626.0	777	29.0
627.0	788	100.5
628.0	848	57.0
629.0	733	39.0
630.0	880	31.5
631.0	912	99.0
632.0	833	23.0
633.0	968	49.5
634.0	884	46.0
635.0	559	89.0
636.0	83	39.0
637.0	115	29.0
638.0	883	101.0
639.0	723	45.5
640.0	924	43.0
641.0	904	53.0
642.0	712	119.0
643.0	811	29.0
644.0	997	20.0
645.0	1150	85.0
646.0	1120	32.0
647.0	791	99.5
648.0	829	17.0
649.0	875	23.0
650.0	970	31.0
651.0	901	31.0
652.0	1010	39.0
653.0	812	101.5
654.0	925	107.0
655.0	1010	18.0
656.0	864	132.0
657.0	783	42.0
658.0	930	23.5
659.0	969	32.0
660.0	1000	186.0
661.0	767	17.0
662.0	550	61.0
663.0	382	100.0
664.0	909	35.5
665.0	923	65.5
666.0	540	18.0
667.0	13	65.0
668.0	0	67.0
669.0	102	24.5
670.0	7	15.0
671.0	0	61.0
672.0	0	72.0
673.0	36	24.5
674.0	0	92.0
675.0	26	35.5
676.0	39	101.0
677.0	111	61.0
678.0	131	19.0
679.0	33	41.5
680.0	65	46.0
681.0	187	25.5
682.0	36	46.0
683.0	30	36.0
684.0	29	15.5
685.0	124	46.5
686.0	96	17.0
687.0	97	36.5
688.0	108	35.0
689.0	101	68.5
690.0	254	89.0
691.0	232	38.0
692.0	379	14.5
693.0	422	38.0
694.0	330	22.5
695.0	433	23.0
696.0	478	17.0
697.0	565	27.5
698.0	456	76.0
699.0	215	36.0
700.0	129	64.0
701.0	183	79.0
702.0	303	23.5
703.0	492	45.0
704.0	531	126.0
705.0	523	67.0
706.0	305	31.5
707.0	421	92.5
708.0	540	109.0
709.0	495	33.0
710.0	529	35.0
711.0	412	72.5
712.0	329	76.5
713.0	474	20.0
714.0	579	59.0
715.0	664	106.5
716.0	585	84.5
717.0	270	53.0
718.0	358	89.5
719.0	353	87.0
720.0	446	106.0
721.0	455	21.5
722.0	493	19.0
723.0	376	139.5
724.0	254	36.0
725.0	389	65.0
726.0	228	153.0
727.0	266	29.5
728.0	15	65.0
729.0	1	30.0
730.0	20	250.5
731.0	22	70.0
732.0	2	41.0
733.0	108	42.0
734.0	117	118.0
735.0	219	30.0
736.0	411	37.5
737.0	487	28.5
738.0	331	78.0
739.0	0	24.0
740.0	2	24.0
741.0	124	58.0
742.0	202	21.5
743.0	359	55.0
744.0	409	33.0
745.0	486	160.0
746.0	400	110.5
747.0	62	42.5
748.0	17	14.5
749.0	0	73.0
750.0	31	28.0
751.0	18	45.5
752.0	11	100.0
753.0	3	55.0
754.0	121	19.0
755.0	83	45.5
756.0	129	32.0
757.0	148	68.0
758.0	186	87.0
759.0	286	39.0
760.0	327	20.0
761.0	162	23.5
762.0	15	43.5
763.0	2	35.0
764.0	0	22.0
765.0	0	92.0
766.0	123	39.0
767.0	123	32.0
768.0	167	26.0
769.0	274	80.0
770.0	114	30.0
771.0	190	60.0
772.0	179	19.0
773.0	359	42.0
774.0	363	16.0
775.0	134	27.0
776.0	174	57.0
777.0	158	21.0
778.0	204	55.0
779.0	161	28.5
780.0	260	24.5
781.0	282	64.0
782.0	348	45.0
783.0	303	67.0
784.0	38	51.5
785.0	12	104.0
786.0	32	47.0
787.0	26	26.0
788.0	29	24.0
789.0	33	56.5
790.0	106	94.0
791.0	113	90.0
792.0	124	134.0
793.0	262	92.5
794.0	90	113.5
795.0	99	26.0
796.0	116	49.5
797.0	104	75.0
798.0	238	112.0
799.0	273	92.0
800.0	231	62.5
