1.0	161	19.0
2.0	210	75.0
3.0	280	34.5
4.0	294	33.5
5.0	307	39.5
6.0	394	56.0
7.0	320	65.0
8.0	345	61.5
9.0	427	84.5
10.0	424	63.0
11.0	393	33.0
12.0	441	65.0
13.0	383	18.5
14.0	380	29.0
15.0	464	118.5
16.0	377	66.0
17.0	390	43.5
18.0	380	52.0
19.0	535	22.0
20.0	557	42.0
21.0	369	48.0
22.0	577	72.0
23.0	359	96.5
24.0	542	22.0
25.0	508	97.5
26.0	615	23.0
27.0	638	49.0
28.0	533	25.0
29.0	593	22.5
30.0	458	15.0
31.0	310	31.0
32.0	560	61.0
33.0	477	26.5
34.0	469	15.0
35.0	283	22.0
36.0	194	39.0
37.0	120	18.0
38.0	85	33.0
39.0	98	47.0
40.0	343	34.0
41.0	412	45.0
42.0	357	23.0
43.0	324	63.5
44.0	427	135.0
45.0	380	64.0
46.0	357	74.0
47.0	446	18.5
48.0	369	50.0
49.0	315	36.0
50.0	343	77.0
51.0	357	68.0
52.0	335	21.5
53.0	312	24.5
54.0	503	105.0
55.0	151	54.0
56.0	94	35.5
57.0	267	44.0
58.0	337	60.5
59.0	433	97.0
60.0	627	41.0
61.0	560	101.0
62.0	639	118.0
63.0	567	56.0
64.0	306	44.0
65.0	449	68.5
66.0	514	57.0
67.0	501	22.0
68.0	509	113.0
69.0	631	21.5
70.0	585	23.0
71.0	568	66.0
72.0	576	35.0
73.0	556	37.5
74.0	602	58.5
75.0	591	17.0
76.0	632	37.0
77.0	639	18.0
78.0	625	204.0
79.0	481	69.0
80.0	223	169.0
81.0	404	114.0
82.0	420	120.5
83.0	103	98.0
84.0	101	16.0
85.0	103	62.0
86.0	108	98.0
87.0	107	97.5
88.0	104	30.0
89.0	124	40.0
90.0	115	270.0
91.0	98	158.0
92.0	125	53.0
93.0	123	95.0
94.0	102	71.0
95.0	122	61.5
96.0	111	40.0
97.0	119	19.0
98.0	124	24.0
99.0	115	52.0
100.0	112	22.0
101.0	125	49.0
102.0	120	89.5
103.0	125	48.0
104.0	118	81.5
105.0	102	90.0
106.0	110	87.0
107.0	107	43.0
108.0	108	58.0
109.0	125	80.5
110.0	112	86.0
111.0	94	38.5
112.0	118	107.0
113.0	119	37.0
114.0	124	55.5
115.0	171	29.0
116.0	70	37.0
117.0	69	51.0
118.0	197	56.0
119.0	346	97.5
120.0	383	58.0
121.0	312	31.0
122.0	278	20.0
123.0	361	85.5
124.0	399	46.0
125.0	397	41.0
126.0	338	31.0
127.0	190	24.0
128.0	239	74.0
129.0	355	28.0
130.0	429	118.0
131.0	413	19.5
132.0	360	36.0
133.0	330	34.0
134.0	377	49.0
135.0	458	110.5
136.0	500	23.5
137.0	481	151.5
138.0	422	24.0
139.0	418	46.0
140.0	668	35.5
141.0	537	177.0
142.0	402	27.0
143.0	339	43.0
144.0	124	85.0
145.0	111	68.0
146.0	123	33.0
147.0	121	33.0
148.0	105	28.0
149.0	122	79.0
150.0	99	64.0
151.0	118	17.0
152.0	105	105.5
153.0	121	16.0
154.0	89	65.5
155.0	102	76.0
156.0	111	137.0
157.0	80	68.0
158.0	120	23.0
159.0	113	36.5
160.0	114	66.5
161.0	118	36.0
162.0	106	83.0
163.0	120	63.0
164.0	120	97.5
165.0	89	25.0
166.0	119	109.0
167.0	101	21.5
168.0	75	103.0
169.0	123	22.0
170.0	102	17.0
171.0	115	30.0
172.0	108	109.0
173.0	106	105.5
174.0	120	49.0
175.0	149	85.0
176.0	66	32.5
177.0	66	30.0
178.0	95	44.0
179.0	34	30.5
180.0	67	73.0
181.0	25	54.0
182.0	5	42.0
183.0	4	26.0
184.0	5	37.5
185.0	15	31.0
186.0	14	14.5
187.0	13	78.0
188.0	9	42.5
189.0	38	25.0
190.0	3	31.0
191.0	9	36.0
192.0	13	125.5
193.0	13	28.0
194.0	17	35.0
195.0	17	29.0
196.0	15	26.0
197.0	13	138.5
198.0	16	36.0
199.0	0	92.0
200.0	0	43.0
201.0	8	68.0
202.0	0	59.0
203.0	5	33.0
204.0	19	80.0
205.0	5	113.0
206.0	4	141.0
207.0	5	175.0
208.0	2	98.0
209.0	7	50.0
210.0	8	57.0
211.0	11	33.0
212.0	8	95.0
213.0	27	74.0
214.0	22	53.0
215.0	12	32.0
216.0	14	104.0
217.0	17	42.0
218.0	21	19.0
219.0	36	87.0
220.0	6	38.5
221.0	14	25.5
222.0	40	15.5
223.0	1	117.0
224.0	88	19.0
225.0	109	60.0
226.0	69	76.0
227.0	133	20.5
228.0	197	41.0
229.0	285	64.0
230.0	307	102.5
231.0	302	36.0
232.0	332	38.0
233.0	350	52.5
234.0	278	55.0
235.0	359	40.0
236.0	362	111.0
237.0	336	43.0
238.0	336	79.0
239.0	395	21.0
240.0	339	28.0
241.0	323	17.0
242.0	312	26.0
243.0	361	118.5
244.0	530	17.0
245.0	350	17.5
246.0	465	83.0
247.0	98	34.5
248.0	74	34.0
249.0	351	96.5
250.0	349	93.0
251.0	198	16.0
252.0	4	41.0
253.0	24	22.0
254.0	15	79.0
255.0	297	59.5
256.0	390	29.0
257.0	242	26.0
258.0	302	80.0
259.0	331	49.5
260.0	381	56.0
261.0	342	37.0
262.0	57	97.5
263.0	157	56.0
264.0	62	33.5
265.0	31	44.5
266.0	134	38.0
267.0	15	17.0
268.0	49	95.0
269.0	15	15.5
270.0	34	145.0
271.0	31	110.0
272.0	125	66.0
273.0	95	39.0
274.0	230	95.5
275.0	293	56.0
276.0	280	28.0
277.0	307	36.0
278.0	313	37.0
279.0	305	77.0
280.0	322	74.0
281.0	304	102.0
282.0	320	27.0
283.0	340	60.0
284.0	339	23.0
285.0	344	70.5
286.0	417	14.5
287.0	364	26.5
288.0	401	30.0
289.0	442	80.0
290.0	384	19.0
291.0	441	16.0
292.0	423	57.0
293.0	408	150.0
294.0	471	103.5
295.0	625	27.0
296.0	452	146.0
297.0	310	57.0
298.0	486	18.0
299.0	644	27.0
300.0	626	22.0
301.0	562	16.0
302.0	359	62.0
303.0	11	42.0
304.0	0	53.5
305.0	0	20.5
306.0	0	44.0
307.0	0	17.0
308.0	81	34.0
309.0	103	18.0
310.0	113	30.0
311.0	287	54.5
312.0	355	17.5
313.0	363	88.0
314.0	371	24.5
315.0	226	31.5
316.0	4	18.5
317.0	0	17.0
318.0	88	37.0
319.0	83	35.0
320.0	0	69.5
321.0	34	118.0
322.0	354	87.5
323.0	457	103.0
324.0	490	44.0
325.0	543	188.5
326.0	433	42.0
327.0	412	70.0
328.0	607	17.0
329.0	459	116.0
330.0	372	60.0
331.0	331	45.0
332.0	416	21.0
333.0	132	31.0
334.0	212	63.0
335.0	197	225.5
336.0	11	56.0
337.0	0	48.0
338.0	0	97.0
339.0	1	58.5
340.0	4	15.5
341.0	3	43.0
342.0	117	35.5
343.0	109	69.0
344.0	244	39.0
345.0	313	42.0
346.0	342	31.0
347.0	337	75.5
348.0	333	34.0
349.0	354	103.0
350.0	360	252.0
351.0	339	65.5
352.0	345	24.0
353.0	429	132.0
354.0	364	156.5
355.0	397	15.0
356.0	372	23.0
357.0	380	24.5
358.0	326	27.0
359.0	341	32.5
360.0	319	66.0
361.0	334	79.0
362.0	618	37.5
363.0	601	56.0
364.0	556	40.0
365.0	663	46.0
366.0	692	21.0
367.0	683	37.0
368.0	450	21.0
369.0	338	121.0
370.0	355	51.5
371.0	457	21.0
372.0	645	27.5
373.0	621	102.5
374.0	654	138.0
375.0	676	40.0
376.0	710	40.0
377.0	667	79.0
378.0	666	77.0
379.0	650	86.5
380.0	665	87.0
381.0	674	154.5
382.0	731	17.0
383.0	737	53.5
384.0	640	46.5
385.0	544	101.0
386.0	370	44.0
387.0	492	69.5
388.0	411	22.5
389.0	620	20.0
390.0	641	19.0
391.0	694	61.5
392.0	505	64.0
393.0	659	28.5
394.0	681	53.0
395.0	700	43.5
396.0	754	89.0
397.0	702	81.0
398.0	665	15.5
399.0	707	38.0
400.0	798	58.0
401.0	727	88.0
402.0	679	28.5
403.0	682	60.0
404.0	667	67.5
405.0	668	95.5
406.0	647	24.0
407.0	405	71.5
408.0	328	28.5
409.0	398	15.0
410.0	389	29.0
411.0	349	26.0
412.0	417	16.0
413.0	346	21.0
414.0	379	19.0
415.0	656	84.0
416.0	443	27.0
417.0	416	57.0
418.0	636	26.0
419.0	608	28.0
420.0	286	56.5
421.0	86	16.0
422.0	357	90.5
423.0	71	63.5
424.0	19	36.0
425.0	4	25.5
426.0	2	85.0
427.0	95	34.0
428.0	114	21.0
429.0	122	79.0
430.0	120	20.5
431.0	118	69.5
432.0	61	29.0
433.0	157	23.0
434.0	194	35.0
435.0	251	29.0
436.0	275	88.0
437.0	302	58.0
438.0	316	15.5
439.0	367	40.5
440.0	411	64.0
441.0	353	67.0
442.0	401	61.5
443.0	398	75.0
444.0	319	14.5
445.0	312	95.0
446.0	320	65.0
447.0	427	34.0
448.0	617	16.5
449.0	635	41.0
450.0	520	18.5
451.0	503	76.0
452.0	336	50.0
453.0	339	54.0
454.0	619	25.0
455.0	619	16.0
456.0	581	49.5
457.0	646	64.0
458.0	671	43.0
459.0	688	65.0
460.0	338	43.0
461.0	553	114.0
462.0	605	15.0
463.0	638	92.0
464.0	652	70.0
465.0	675	69.0
466.0	695	45.0
467.0	664	27.0
468.0	507	64.0
469.0	472	159.0
470.0	499	38.0
471.0	561	77.5
472.0	644	104.5
473.0	681	81.0
474.0	661	34.0
475.0	609	58.0
476.0	621	24.0
477.0	548	17.5
478.0	672	44.0
479.0	637	39.0
480.0	610	16.0
481.0	652	79.0
482.0	599	25.0
483.0	618	131.5
484.0	641	20.5
485.0	471	24.0
486.0	556	18.0
487.0	698	69.5
488.0	652	22.0
489.0	683	42.0
490.0	666	54.0
491.0	679	20.0
492.0	687	17.0
493.0	653	26.5
494.0	672	24.0
495.0	670	46.5
496.0	683	106.0
497.0	684	117.0
498.0	701	16.5
499.0	707	23.0
500.0	702	84.0
501.0	591	21.0
502.0	444	53.5
503.0	484	99.0
504.0	652	141.5
505.0	673	27.0
506.0	671	29.5
507.0	580	112.0
508.0	679	124.0
509.0	439	23.0
510.0	99	47.5
511.0	121	84.0
512.0	118	65.5
513.0	104	35.0
514.0	113	82.0
515.0	93	100.0
516.0	106	40.0
517.0	115	46.0
518.0	113	27.5
519.0	104	36.0
520.0	104	52.0
521.0	115	25.5
522.0	116	126.0
523.0	123	23.0
524.0	125	30.0
525.0	107	59.0
526.0	120	18.0
527.0	118	36.0
528.0	108	77.0
529.0	117	49.5
530.0	106	42.0
531.0	116	15.0
532.0	112	119.0
533.0	117	59.5
534.0	85	27.0
535.0	120	17.0
536.0	108	30.0
537.0	122	64.5
538.0	104	28.0
539.0	112	25.5
540.0	125	49.5
541.0	100	43.0
542.0	117	76.0
543.0	78	24.5
544.0	112	60.0
545.0	117	75.0
546.0	98	49.0
547.0	111	34.5
548.0	125	86.0
549.0	81	140.5
550.0	119	29.0
551.0	92	82.5
552.0	104	41.5
553.0	104	64.0
554.0	119	69.5
555.0	117	78.5
556.0	109	45.5
557.0	109	24.0
558.0	116	34.0
559.0	105	43.0
560.0	114	44.0
561.0	116	23.5
562.0	109	80.0
563.0	81	103.5
564.0	95	35.0
565.0	106	134.0
566.0	107	24.0
567.0	112	19.0
568.0	101	18.0
569.0	101	28.0
570.0	89	28.0
571.0	111	17.5
572.0	100	33.0
573.0	101	41.0
574.0	124	17.0
575.0	83	56.0
576.0	102	19.0
577.0	117	60.0
578.0	115	40.0
579.0	98	58.5
580.0	116	16.5
581.0	113	62.0
582.0	118	18.0
583.0	112	44.0
584.0	117	161.0
585.0	123	25.0
586.0	123	130.0
587.0	89	53.0
588.0	124	20.0
589.0	124	28.5
590.0	101	24.5
591.0	125	25.0
592.0	99	27.0
593.0	96	17.0
594.0	117	16.0
595.0	116	20.0
596.0	119	58.0
597.0	89	80.0
598.0	89	26.0
599.0	112	47.5
600.0	111	25.5
601.0	116	15.0
602.0	101	58.0
603.0	118	33.0
604.0	119	25.0
605.0	122	112.0
606.0	106	67.0
607.0	113	79.5
608.0	108	17.0
609.0	124	64.0
610.0	123	50.0
611.0	85	24.5
612.0	100	35.0
613.0	108	20.5
614.0	117	117.5
615.0	119	23.0
616.0	82	26.5
617.0	137	103.0
618.0	232	16.0
619.0	154	51.5
620.0	229	94.5
621.0	326	25.0
622.0	339	66.0
623.0	205	25.0
624.0	225	66.0
625.0	348	78.0
626.0	418	30.0
627.0	474	54.5
628.0	519	102.0
629.0	497	22.5
630.0	545	58.0
631.0	533	14.5
632.0	529	22.0
633.0	480	21.0
634.0	576	105.0
635.0	546	23.0
636.0	586	58.0
637.0	577	58.0
638.0	591	102.0
639.0	529	38.0
640.0	433	37.0
641.0	407	27.5
642.0	551	72.0
643.0	641	111.5
644.0	595	96.5
645.0	546	101.0
646.0	549	26.5
647.0	597	15.0
648.0	596	24.5
649.0	893	25.0
650.0	657	28.0
651.0	664	42.0
652.0	614	90.0
653.0	552	41.0
654.0	562	16.5
655.0	862	49.0
656.0	1080	22.0
657.0	725	17.0
658.0	387	63.0
659.0	457	28.5
660.0	508	49.5
661.0	47	19.0
662.0	7	45.0
663.0	0	21.0
664.0	0	59.0
665.0	77	23.0
666.0	105	15.5
667.0	94	15.0
668.0	96	26.0
669.0	88	63.5
670.0	95	153.0
671.0	117	49.0
672.0	90	16.0
673.0	113	34.0
674.0	120	19.0
675.0	124	31.5
676.0	113	62.0
677.0	125	101.0
678.0	124	35.0
679.0	91	46.0
680.0	112	53.0
681.0	105	100.0
682.0	107	24.0
683.0	117	165.0
684.0	0	42.0
685.0	0	31.0
686.0	0	21.5
687.0	0	49.5
688.0	0	31.0
689.0	120	67.5
690.0	116	52.0
691.0	125	41.0
692.0	123	78.5
693.0	122	88.0
694.0	109	20.0
695.0	108	22.0
696.0	101	58.5
697.0	111	110.5
698.0	108	33.0
699.0	121	108.0
700.0	96	36.0
701.0	91	44.0
702.0	121	22.5
703.0	150	43.0
704.0	245	23.0
705.0	201	45.5
706.0	299	16.0
707.0	309	33.0
708.0	365	140.5
709.0	382	24.0
710.0	341	33.5
711.0	362	79.0
712.0	421	18.5
713.0	429	53.0
714.0	459	41.5
715.0	257	30.0
716.0	0	52.0
717.0	0	36.0
718.0	112	17.0
719.0	117	38.0
720.0	92	90.0
721.0	105	73.0
722.0	105	15.0
723.0	115	40.0
724.0	103	40.0
725.0	124	28.0
726.0	95	30.0
727.0	113	63.5
728.0	123	16.5
729.0	117	166.5
730.0	122	15.0
731.0	115	40.5
732.0	122	22.0
733.0	95	15.0
734.0	107	56.0
735.0	107	60.0
736.0	124	55.0
737.0	117	93.5
738.0	97	30.0
739.0	114	46.0
740.0	118	45.0
741.0	103	26.0
742.0	96	38.0
743.0	102	59.5
744.0	124	38.0
745.0	124	76.0
746.0	119	19.0
747.0	102	31.5
748.0	98	26.0
749.0	103	36.0
750.0	108	19.0
751.0	90	15.0
752.0	97	30.0
753.0	116	108.0
754.0	111	59.0
755.0	99	38.0
756.0	118	65.0
757.0	106	22.0
758.0	112	65.0
759.0	116	59.0
760.0	114	32.0
761.0	112	75.5
762.0	117	52.5
763.0	116	35.5
764.0	95	24.0
765.0	79	20.0
766.0	97	64.0
767.0	82	54.5
768.0	120	20.0
769.0	122	107.0
770.0	113	96.0
771.0	115	36.0
772.0	109	17.0
773.0	108	28.5
774.0	125	52.0
775.0	120	47.0
776.0	106	56.0
777.0	117	49.0
778.0	120	27.0
779.0	94	28.0
780.0	109	29.0
781.0	125	46.0
782.0	105	30.0
783.0	92	28.0
784.0	87	29.0
785.0	137	48.0
786.0	273	84.5
787.0	386	42.0
788.0	233	41.5
789.0	0	95.5
790.0	0	45.0
791.0	0	124.0
792.0	0	56.0
793.0	0	15.5
794.0	87	40.5
795.0	95	85.0
796.0	82	26.0
797.0	92	32.0
798.0	107	89.0
799.0	109	39.5
