1.0	491	52.0
2.0	382	57.0
3.0	464	44.0
4.0	560	31.0
5.0	575	90.0
6.0	419	63.0
7.0	465	17.0
8.0	494	32.0
9.0	483	45.5
10.0	484	122.0
11.0	457	95.5
12.0	483	18.0
13.0	522	42.5
14.0	520	73.0
15.0	551	99.0
16.0	761	76.0
17.0	668	41.0
18.0	719	98.0
19.0	800	22.0
20.0	907	17.0
21.0	794	145.5
22.0	930	18.0
23.0	873	34.0
24.0	679	53.5
25.0	617	130.0
26.0	532	82.0
27.0	743	22.5
28.0	715	68.0
29.0	769	46.5
30.0	877	25.0
31.0	993	61.5
32.0	1010	122.0
33.0	887	49.5
34.0	851	86.0
35.0	707	80.0
36.0	482	102.0
37.0	589	88.0
38.0	570	139.0
39.0	685	32.0
40.0	692	74.0
41.0	43	29.5
42.0	124	18.0
43.0	621	69.5
44.0	468	56.0
45.0	75	49.5
46.0	101	32.0
47.0	115	49.0
48.0	117	109.5
49.0	212	59.0
50.0	569	57.5
51.0	227	35.0
52.0	364	109.0
53.0	212	21.5
54.0	75	22.0
55.0	123	27.0
56.0	232	18.0
57.0	364	57.0
58.0	451	20.0
59.0	410	65.0
60.0	557	27.0
61.0	448	72.0
62.0	295	38.0
63.0	7	35.0
64.0	92	50.0
65.0	124	53.0
66.0	105	106.5
67.0	76	92.0
68.0	118	43.0
69.0	113	34.5
70.0	118	35.0
71.0	117	93.0
72.0	93	17.0
73.0	88	73.5
74.0	118	44.0
75.0	100	19.0
76.0	124	32.0
77.0	121	59.0
78.0	82	79.5
79.0	77	26.0
80.0	52	95.0
81.0	26	47.0
82.0	82	67.0
83.0	101	51.0
84.0	92	70.0
85.0	76	47.0
86.0	9	55.0
87.0	7	30.0
88.0	12	44.0
89.0	19	51.0
90.0	5	56.0
91.0	7	20.0
92.0	111	107.5
93.0	121	74.0
94.0	87	27.0
95.0	29	45.0
96.0	16	80.0
97.0	6	30.5
98.0	22	156.0
99.0	23	62.0
100.0	19	52.0
101.0	20	21.5
102.0	95	23.0
103.0	115	15.0
104.0	93	40.5
105.0	115	35.0
106.0	142	81.0
107.0	188	15.0
108.0	242	28.5
109.0	268	74.0
110.0	419	16.0
111.0	523	25.0
112.0	549	49.0
113.0	545	75.5
114.0	666	20.5
115.0	746	17.5
116.0	885	108.0
117.0	818	40.0
118.0	781	63.0
119.0	844	39.0
120.0	885	17.5
121.0	1140	74.5
122.0	1320	55.5
123.0	1320	72.0
124.0	1240	70.0
125.0	788	51.0
126.0	1070	49.0
127.0	938	31.0
128.0	794	41.5
129.0	912	79.0
130.0	977	51.0
131.0	860	28.5
132.0	827	34.5
133.0	752	64.5
134.0	718	48.0
135.0	608	119.5
136.0	177	57.0
137.0	145	33.5
138.0	6	23.0
139.0	0	29.0
140.0	36	42.0
141.0	57	31.0
142.0	35	45.5
143.0	21	60.0
144.0	27	46.0
145.0	20	35.0
146.0	27	20.0
147.0	18	31.5
148.0	19	50.0
149.0	32	26.0
150.0	38	58.5
151.0	33	23.0
152.0	98	25.5
153.0	105	66.0
154.0	91	75.5
155.0	318	24.0
156.0	415	71.0
157.0	574	42.0
158.0	558	37.0
159.0	265	67.0
160.0	859	31.0
161.0	687	20.0
162.0	569	54.5
163.0	825	37.0
164.0	1180	89.0
165.0	1180	33.5
166.0	978	53.0
167.0	853	108.0
168.0	656	84.0
169.0	835	18.0
170.0	816	19.0
171.0	871	25.0
172.0	482	91.0
173.0	500	40.5
174.0	987	54.5
175.0	707	32.5
176.0	942	42.0
177.0	901	30.5
178.0	810	139.0
179.0	668	45.0
180.0	55	99.5
181.0	14	100.0
182.0	123	16.5
183.0	106	93.5
184.0	112	57.5
185.0	119	73.0
186.0	125	34.0
187.0	109	35.5
188.0	122	85.0
189.0	106	15.0
190.0	122	104.5
191.0	97	25.5
192.0	101	21.0
193.0	83	141.0
194.0	90	21.0
195.0	93	50.0
196.0	92	28.0
197.0	108	15.0
198.0	94	52.0
199.0	114	19.0
200.0	100	75.0
201.0	121	48.0
202.0	116	25.0
203.0	106	63.0
204.0	73	20.0
205.0	270	18.0
206.0	320	79.0
207.0	253	16.5
208.0	527	33.0
209.0	362	27.0
210.0	386	88.5
211.0	416	64.0
212.0	161	95.0
213.0	606	45.5
214.0	702	126.0
215.0	750	17.0
216.0	744	22.0
217.0	827	68.0
218.0	986	39.0
219.0	852	36.5
220.0	956	51.5
221.0	1020	18.0
222.0	1030	43.0
223.0	1130	93.0
224.0	1030	54.0
225.0	978	15.0
226.0	1150	24.5
227.0	1070	35.0
228.0	937	37.0
229.0	1110	23.0
230.0	935	73.0
231.0	800	27.5
232.0	1120	64.5
233.0	434	23.5
234.0	153	27.0
235.0	106	22.5
236.0	922	43.0
237.0	1080	71.0
238.0	1350	34.0
239.0	1140	162.0
240.0	941	65.5
241.0	1320	33.5
242.0	1040	31.0
243.0	1070	69.5
244.0	1170	24.0
245.0	1080	30.5
246.0	1040	58.0
247.0	901	44.0
248.0	903	20.0
249.0	474	117.0
250.0	141	32.5
251.0	245	27.0
252.0	806	35.5
253.0	344	26.5
254.0	158	32.0
255.0	214	57.0
256.0	492	26.0
257.0	132	21.0
258.0	188	59.0
259.0	154	34.0
260.0	182	56.0
261.0	186	25.5
262.0	203	36.0
263.0	187	38.0
264.0	319	43.0
265.0	184	95.0
266.0	118	21.0
267.0	153	80.0
268.0	127	24.5
269.0	60	43.5
270.0	155	63.5
271.0	67	94.0
272.0	73	82.5
273.0	80	58.0
274.0	132	36.0
275.0	72	49.0
276.0	26	21.0
277.0	113	135.0
278.0	118	112.5
279.0	594	55.0
280.0	633	86.0
281.0	641	31.0
282.0	562	41.0
283.0	647	101.5
284.0	719	165.5
285.0	747	22.0
286.0	752	24.0
287.0	687	31.0
288.0	711	128.0
289.0	673	45.5
290.0	726	26.0
291.0	756	33.5
292.0	878	39.0
293.0	747	35.0
294.0	717	103.5
295.0	688	46.5
296.0	800	18.0
297.0	673	35.0
298.0	678	56.5
299.0	586	57.0
300.0	97	99.0
301.0	112	57.5
302.0	80	34.5
303.0	122	26.5
304.0	668	93.5
305.0	642	15.5
306.0	590	72.5
307.0	806	59.5
308.0	700	22.5
309.0	595	25.0
310.0	320	24.0
311.0	0	22.0
312.0	86	48.0
313.0	89	81.5
314.0	119	44.5
315.0	92	18.0
316.0	366	46.0
317.0	372	25.0
318.0	456	61.5
319.0	542	62.0
320.0	507	41.0
321.0	524	23.0
322.0	501	23.0
323.0	540	96.5
324.0	617	16.0
325.0	685	21.0
326.0	782	58.5
327.0	860	41.0
328.0	813	106.0
329.0	886	44.0
330.0	1010	56.0
331.0	1050	59.5
332.0	1070	25.0
333.0	1090	26.0
334.0	1130	31.5
335.0	1150	16.5
336.0	859	80.0
337.0	985	82.0
338.0	833	19.0
339.0	1090	106.0
340.0	1190	55.0
341.0	1220	28.0
342.0	1100	33.0
343.0	820	75.0
344.0	837	34.0
345.0	1040	19.0
346.0	1070	45.0
347.0	1130	37.0
348.0	993	23.5
349.0	1040	32.5
350.0	979	46.0
351.0	962	40.0
352.0	1090	86.0
353.0	1090	89.0
354.0	1040	49.0
355.0	917	59.5
356.0	1070	143.5
357.0	1110	57.0
358.0	1020	32.0
359.0	1100	87.0
360.0	1060	23.5
361.0	941	43.5
362.0	1090	111.5
363.0	951	17.0
364.0	878	82.0
365.0	1020	45.5
366.0	1060	38.0
367.0	1240	20.0
368.0	890	24.0
369.0	1030	35.0
370.0	1070	25.0
371.0	802	33.0
372.0	909	57.0
373.0	916	17.0
374.0	933	32.0
375.0	964	101.5
376.0	1050	87.0
377.0	408	117.0
378.0	7	30.0
379.0	109	60.0
380.0	853	32.0
381.0	759	36.0
382.0	975	92.0
383.0	1060	63.0
384.0	905	35.0
385.0	1050	43.0
386.0	732	63.0
387.0	801	70.0
388.0	30	19.0
389.0	48	41.5
390.0	120	66.0
391.0	88	17.0
392.0	298	28.0
393.0	621	41.0
394.0	377	76.5
395.0	229	38.5
396.0	644	33.0
397.0	399	26.5
398.0	329	73.5
399.0	472	27.0
400.0	482	68.0
401.0	720	52.5
402.0	646	34.0
403.0	759	79.5
404.0	284	31.0
405.0	28	101.0
406.0	14	140.0
407.0	83	46.0
408.0	111	144.5
409.0	481	107.5
410.0	729	39.0
411.0	774	60.0
412.0	838	19.0
413.0	882	58.5
414.0	972	63.0
415.0	981	42.5
416.0	1030	97.5
417.0	972	36.0
418.0	1120	18.0
419.0	998	20.5
420.0	1050	26.5
421.0	932	70.0
422.0	1060	94.5
423.0	1080	34.0
424.0	1050	69.5
425.0	1020	64.0
426.0	1010	41.0
427.0	936	65.0
428.0	888	20.5
429.0	884	38.0
430.0	1010	45.0
431.0	1050	53.0
432.0	903	101.5
433.0	1070	97.5
434.0	1030	16.5
435.0	869	41.0
436.0	827	87.0
437.0	773	55.0
438.0	882	58.0
439.0	910	27.0
440.0	906	65.5
441.0	814	110.0
442.0	917	83.0
443.0	1070	89.0
444.0	840	102.5
445.0	860	36.0
446.0	919	37.5
447.0	863	43.0
448.0	914	67.0
449.0	818	44.0
450.0	812	18.5
451.0	843	29.0
452.0	867	80.0
453.0	909	15.0
454.0	1010	64.0
455.0	840	23.0
456.0	907	23.0
457.0	889	109.5
458.0	731	86.0
459.0	791	22.0
460.0	952	29.0
461.0	794	87.0
462.0	852	36.0
463.0	754	47.5
464.0	721	35.0
465.0	806	64.0
466.0	646	31.0
467.0	805	76.0
468.0	691	25.0
469.0	811	42.0
470.0	664	103.5
471.0	676	16.5
472.0	16	85.0
473.0	5	137.5
474.0	0	41.5
475.0	4	97.0
476.0	4	19.5
477.0	12	28.0
478.0	0	87.5
479.0	1	25.5
480.0	12	36.0
481.0	8	49.0
482.0	0	51.0
483.0	14	40.0
484.0	25	40.0
485.0	8	98.5
486.0	5	64.0
487.0	7	25.0
488.0	17	19.0
489.0	103	38.0
490.0	111	85.0
491.0	73	49.0
492.0	103	20.0
493.0	132	112.5
494.0	142	79.0
495.0	176	98.0
496.0	231	47.5
497.0	336	81.0
498.0	325	47.0
499.0	586	55.0
500.0	602	144.0
501.0	520	58.5
502.0	508	97.0
503.0	565	103.0
504.0	484	52.0
505.0	428	96.5
506.0	471	15.0
507.0	480	40.5
508.0	605	30.0
509.0	651	56.0
510.0	772	38.0
511.0	812	106.5
512.0	903	71.0
513.0	929	21.0
514.0	730	59.0
515.0	917	50.0
516.0	861	36.5
517.0	830	27.0
518.0	1010	30.0
519.0	958	123.5
520.0	1040	39.0
521.0	994	166.0
522.0	1070	22.0
523.0	902	94.5
524.0	898	17.0
525.0	1090	49.0
526.0	1010	73.0
527.0	941	32.5
528.0	1060	18.0
529.0	923	37.5
530.0	831	22.0
531.0	902	29.5
532.0	764	65.0
533.0	747	43.0
534.0	922	47.0
535.0	847	91.0
536.0	654	52.0
537.0	835	58.0
538.0	834	85.0
539.0	712	32.0
540.0	624	31.5
541.0	735	77.0
542.0	948	66.0
543.0	829	82.0
544.0	850	55.5
545.0	821	15.0
546.0	801	29.0
547.0	821	74.0
548.0	725	73.5
549.0	845	39.5
550.0	779	71.0
551.0	825	104.5
552.0	766	19.0
553.0	752	70.0
554.0	801	33.0
555.0	833	78.0
556.0	899	45.0
557.0	899	20.0
558.0	998	21.5
559.0	842	42.0
560.0	776	45.5
561.0	943	61.0
562.0	918	26.5
563.0	328	79.5
564.0	28	27.0
565.0	3	45.0
566.0	0	41.0
567.0	68	37.0
568.0	30	36.0
569.0	7	45.0
570.0	96	112.5
571.0	500	78.0
572.0	570	30.0
573.0	609	70.0
574.0	642	61.0
575.0	583	54.5
576.0	605	42.5
577.0	441	43.0
578.0	334	41.0
579.0	398	114.5
580.0	129	127.5
581.0	11	53.5
582.0	10	29.0
583.0	3	51.0
584.0	5	21.0
585.0	106	23.0
586.0	33	45.0
587.0	28	64.0
588.0	42	131.0
589.0	26	24.0
590.0	32	64.5
591.0	83	68.0
592.0	123	29.0
593.0	185	41.0
594.0	233	78.5
595.0	211	58.0
596.0	199	58.0
597.0	200	43.0
598.0	226	37.0
599.0	220	108.5
600.0	260	153.5
601.0	270	48.5
602.0	323	35.0
603.0	353	103.5
604.0	352	33.0
605.0	19	34.0
606.0	23	42.0
607.0	13	72.0
608.0	121	37.5
609.0	362	28.5
610.0	398	79.0
611.0	384	56.0
612.0	454	81.5
613.0	474	50.0
614.0	486	67.0
615.0	471	77.0
616.0	473	26.0
617.0	510	17.0
618.0	576	44.5
619.0	477	86.0
620.0	551	27.5
621.0	656	55.5
622.0	749	89.5
623.0	725	16.0
624.0	698	97.0
625.0	861	83.0
626.0	790	48.0
627.0	957	32.0
628.0	937	22.0
629.0	796	62.0
630.0	980	18.0
631.0	998	86.0
632.0	1050	39.0
633.0	1040	65.0
634.0	1220	24.5
635.0	911	87.0
636.0	1020	68.0
637.0	927	65.0
638.0	978	209.0
639.0	950	25.0
640.0	1030	53.5
641.0	1180	46.0
642.0	1010	15.0
643.0	1110	105.5
644.0	1120	110.0
645.0	1190	173.0
646.0	1180	53.0
647.0	982	20.5
648.0	914	24.0
649.0	946	24.0
650.0	1020	75.0
651.0	797	24.5
652.0	825	21.0
653.0	931	74.0
654.0	935	27.0
655.0	1040	58.0
656.0	857	32.0
657.0	1050	33.0
658.0	906	75.0
659.0	840	34.5
660.0	804	154.0
661.0	732	75.5
662.0	1070	45.0
663.0	868	35.0
664.0	891	31.0
665.0	1000	75.5
666.0	906	25.0
667.0	855	71.5
668.0	528	49.0
669.0	560	52.0
670.0	751	80.5
671.0	928	71.0
672.0	742	56.0
673.0	788	45.0
674.0	606	80.0
675.0	781	27.0
676.0	672	128.5
677.0	679	61.0
678.0	698	35.0
679.0	255	48.5
680.0	20	19.0
681.0	171	41.0
682.0	297	108.5
683.0	580	44.0
684.0	648	55.5
685.0	454	42.0
686.0	557	122.5
687.0	552	31.0
688.0	433	96.0
689.0	532	18.0
690.0	74	43.0
691.0	1	92.0
692.0	0	72.5
693.0	27	18.5
694.0	4	57.0
695.0	4	24.5
696.0	21	34.0
697.0	55	68.0
698.0	11	35.5
699.0	3	91.0
700.0	0	31.0
701.0	111	32.0
702.0	110	70.5
703.0	215	23.0
704.0	192	113.0
705.0	271	35.5
706.0	333	22.0
707.0	346	36.5
708.0	393	23.5
709.0	325	49.0
710.0	396	28.0
711.0	329	47.0
712.0	394	41.0
713.0	301	38.0
714.0	418	71.0
715.0	439	50.0
716.0	412	32.0
717.0	455	41.0
718.0	478	19.0
719.0	503	75.0
720.0	513	18.0
721.0	476	51.0
722.0	560	77.0
723.0	501	42.0
724.0	544	21.5
725.0	532	60.0
726.0	591	26.0
727.0	534	44.5
728.0	646	44.0
729.0	736	101.0
730.0	607	81.0
731.0	659	83.0
732.0	848	42.0
733.0	749	26.0
734.0	672	36.0
735.0	587	25.5
736.0	248	24.5
737.0	629	36.0
738.0	498	21.5
739.0	585	23.5
740.0	443	44.0
741.0	362	103.5
742.0	417	38.0
743.0	434	25.0
744.0	188	147.0
745.0	398	90.0
746.0	366	19.0
747.0	374	92.5
748.0	444	31.0
749.0	379	65.0
750.0	451	78.0
751.0	507	28.0
752.0	523	35.5
753.0	475	91.0
754.0	304	66.0
755.0	3	22.0
756.0	0	108.0
757.0	6	26.5
758.0	43	71.5
759.0	199	24.0
760.0	2	26.0
761.0	86	96.0
762.0	116	48.5
763.0	116	15.5
764.0	143	89.5
765.0	245	122.0
766.0	277	44.0
767.0	272	103.5
768.0	296	62.0
769.0	406	33.0
770.0	400	41.0
771.0	438	16.0
772.0	466	50.0
773.0	259	34.0
774.0	384	21.0
775.0	355	27.0
776.0	446	30.5
777.0	455	113.0
778.0	428	71.5
779.0	490	95.5
780.0	396	20.5
781.0	278	28.0
782.0	89	45.0
783.0	0	31.5
784.0	119	19.0
785.0	105	76.5
786.0	89	89.0
787.0	112	26.0
788.0	119	33.0
789.0	110	57.0
790.0	91	25.5
791.0	124	102.0
792.0	85	17.0
793.0	104	121.0
794.0	93	65.0
795.0	112	98.5
796.0	123	62.0
