1.0	423	21.0
2.0	781	23.0
3.0	844	26.0
4.0	823	58.0
5.0	1080	50.0
6.0	1020	86.0
7.0	1020	37.0
8.0	1000	39.0
9.0	782	56.0
10.0	1110	69.0
11.0	892	28.0
12.0	1150	17.0
13.0	1070	41.0
14.0	122	114.5
15.0	76	42.0
16.0	221	61.5
17.0	538	23.5
18.0	570	24.0
19.0	558	51.0
20.0	523	26.0
21.0	560	20.0
22.0	593	21.0
23.0	752	60.5
24.0	715	83.0
25.0	613	52.0
26.0	1130	109.0
27.0	1120	16.5
28.0	767	18.0
29.0	910	31.0
30.0	947	109.0
31.0	1110	33.5
32.0	914	37.0
33.0	930	29.5
34.0	798	23.0
35.0	999	31.5
36.0	884	54.0
37.0	872	39.5
38.0	782	69.0
39.0	790	26.5
40.0	656	51.5
41.0	667	53.0
42.0	616	66.0
43.0	1010	31.0
44.0	1180	30.0
45.0	822	36.0
46.0	708	124.0
47.0	705	53.5
48.0	605	28.5
49.0	994	21.0
50.0	246	30.0
51.0	106	26.0
52.0	76	33.0
53.0	487	16.0
54.0	477	93.0
55.0	551	23.5
56.0	588	28.0
57.0	790	93.0
58.0	670	15.0
59.0	856	42.0
60.0	840	60.0
61.0	120	63.0
62.0	99	44.5
63.0	104	95.0
64.0	106	42.0
65.0	430	32.0
66.0	757	83.0
67.0	288	52.0
68.0	123	17.0
69.0	295	62.0
70.0	758	61.0
71.0	629	17.5
72.0	2	112.0
73.0	5	86.0
74.0	0	48.0
75.0	0	40.0
76.0	0	26.0
77.0	0	60.0
78.0	112	93.0
79.0	120	77.0
80.0	480	33.0
81.0	733	33.0
82.0	880	97.0
83.0	824	43.0
84.0	847	33.5
85.0	821	37.0
86.0	1000	85.0
87.0	861	24.0
88.0	882	58.0
89.0	885	68.5
90.0	1090	79.5
91.0	805	25.0
92.0	600	23.0
93.0	684	16.0
94.0	871	25.0
95.0	1160	22.5
96.0	1120	44.0
97.0	946	61.0
98.0	1200	32.0
99.0	861	37.0
100.0	1420	79.0
101.0	1600	51.0
102.0	1420	15.0
103.0	847	91.5
104.0	90	24.0
105.0	93	15.5
106.0	0	58.0
107.0	977	21.0
108.0	1340	25.0
109.0	1620	24.0
110.0	1590	20.0
111.0	1270	25.0
112.0	1400	39.5
113.0	1320	24.5
114.0	1430	24.0
115.0	1320	95.5
116.0	1260	69.5
117.0	1660	41.0
118.0	1590	60.0
119.0	1490	16.0
120.0	1680	50.0
121.0	1650	68.0
122.0	1600	105.5
123.0	1410	28.5
124.0	357	101.0
125.0	0	25.5
126.0	0	31.0
127.0	0	16.0
128.0	125	139.5
129.0	119	38.5
130.0	93	51.0
131.0	98	28.0
132.0	235	32.0
133.0	131	89.0
134.0	18	25.5
135.0	18	17.0
136.0	33	30.0
137.0	91	51.0
138.0	105	59.0
139.0	136	45.0
140.0	63	30.0
141.0	210	28.0
142.0	244	25.0
143.0	292	38.5
144.0	421	25.5
145.0	419	49.0
146.0	392	20.5
147.0	413	36.5
148.0	404	16.0
149.0	407	80.0
150.0	438	100.0
151.0	320	41.0
152.0	407	104.5
153.0	496	40.0
154.0	518	88.0
155.0	526	16.0
156.0	604	31.0
157.0	586	36.0
158.0	543	95.0
159.0	498	17.5
160.0	420	54.0
161.0	566	29.0
162.0	575	23.5
163.0	597	94.0
164.0	630	15.0
165.0	538	52.0
166.0	570	18.5
167.0	629	75.5
168.0	732	98.5
169.0	794	19.0
170.0	872	33.0
171.0	792	34.0
172.0	642	19.0
173.0	831	20.0
174.0	672	27.5
175.0	732	65.0
176.0	134	59.0
177.0	145	69.0
178.0	25	37.0
179.0	119	27.0
180.0	101	47.0
181.0	108	37.0
182.0	115	45.0
183.0	111	114.0
184.0	112	71.0
185.0	77	30.5
186.0	120	119.0
187.0	91	48.0
188.0	112	54.5
189.0	99	107.0
190.0	100	91.0
191.0	121	54.0
192.0	109	24.0
193.0	116	82.0
194.0	123	16.0
195.0	121	63.0
196.0	97	32.0
197.0	103	86.0
198.0	125	51.5
199.0	107	32.0
200.0	112	94.0
201.0	105	24.0
202.0	117	15.5
203.0	115	14.5
204.0	107	75.0
205.0	93	48.0
206.0	101	33.0
207.0	114	32.0
208.0	118	51.5
209.0	115	42.0
210.0	115	58.0
211.0	107	27.0
212.0	107	84.0
213.0	94	65.0
214.0	112	53.0
215.0	114	31.0
216.0	110	72.0
217.0	125	116.0
218.0	101	104.0
219.0	125	25.0
220.0	114	25.0
221.0	124	21.0
222.0	119	141.0
223.0	115	33.5
224.0	118	22.0
225.0	124	56.5
226.0	112	69.0
227.0	118	22.5
228.0	98	106.5
229.0	112	20.0
230.0	102	87.0
231.0	120	23.5
232.0	118	63.0
233.0	123	74.0
234.0	97	15.0
235.0	115	22.0
236.0	117	15.0
237.0	117	21.0
238.0	115	71.5
239.0	123	67.5
240.0	112	34.0
241.0	102	68.0
242.0	88	31.0
243.0	105	32.5
244.0	108	14.5
245.0	103	36.0
246.0	109	108.5
247.0	110	65.0
248.0	124	35.5
249.0	119	54.0
250.0	123	76.0
251.0	117	34.0
252.0	112	56.0
253.0	115	37.0
254.0	112	86.5
255.0	106	31.0
256.0	113	24.0
257.0	101	23.0
258.0	115	54.0
259.0	123	109.0
260.0	112	25.0
261.0	103	63.0
262.0	113	52.0
263.0	113	18.0
264.0	112	45.5
265.0	89	48.0
266.0	124	35.0
267.0	117	24.5
268.0	120	29.0
269.0	85	98.0
270.0	101	115.0
271.0	124	32.5
272.0	122	16.0
273.0	121	50.0
274.0	115	40.0
275.0	101	129.5
276.0	106	52.0
277.0	85	45.0
278.0	101	28.5
279.0	125	45.0
280.0	123	22.0
281.0	106	174.0
282.0	85	22.5
283.0	125	42.5
284.0	86	20.0
285.0	120	92.0
286.0	124	92.0
287.0	121	25.0
288.0	117	71.0
289.0	124	43.0
290.0	96	27.0
291.0	111	30.0
292.0	98	24.5
293.0	111	87.5
294.0	90	62.0
295.0	122	49.5
296.0	107	34.0
297.0	125	37.0
298.0	89	102.5
299.0	115	39.5
300.0	83	46.0
301.0	117	34.0
302.0	95	32.0
303.0	99	17.0
304.0	107	34.0
305.0	119	25.0
306.0	103	25.0
307.0	114	117.0
308.0	122	41.5
309.0	116	55.0
310.0	119	114.0
311.0	116	19.0
312.0	81	35.0
313.0	91	44.0
314.0	121	64.0
315.0	140	53.0
316.0	165	16.5
317.0	197	102.0
318.0	243	67.5
319.0	254	48.0
320.0	266	61.5
321.0	96	20.5
322.0	117	92.0
323.0	103	84.0
324.0	118	79.0
325.0	122	81.5
326.0	110	41.0
327.0	87	99.5
328.0	120	79.0
329.0	113	31.0
330.0	125	114.5
331.0	104	40.5
332.0	112	22.0
333.0	125	84.0
334.0	98	35.5
335.0	105	107.0
336.0	121	15.0
337.0	115	20.5
338.0	114	98.0
339.0	91	24.0
340.0	133	24.0
341.0	147	39.0
342.0	185	42.5
343.0	239	19.0
344.0	295	90.0
345.0	360	31.5
346.0	432	22.5
347.0	450	20.5
348.0	528	15.0
349.0	637	60.0
350.0	676	125.5
351.0	718	55.0
352.0	694	140.0
353.0	898	85.0
354.0	946	69.0
355.0	979	89.0
356.0	965	95.0
357.0	1130	61.5
358.0	1210	32.0
359.0	1230	24.0
360.0	1090	119.0
361.0	1340	21.0
362.0	1360	36.0
363.0	1310	43.0
364.0	1250	19.0
365.0	1160	30.0
366.0	1350	24.0
367.0	1120	38.5
368.0	1030	84.0
369.0	710	56.0
370.0	994	21.0
371.0	980	15.0
372.0	981	30.0
373.0	1150	105.0
374.0	738	28.0
375.0	503	17.0
376.0	150	86.0
377.0	13	28.0
378.0	9	25.0
379.0	2	56.0
380.0	3	121.0
381.0	105	88.5
382.0	121	39.0
383.0	56	75.0
384.0	141	80.0
385.0	157	72.0
386.0	34	28.0
387.0	90	34.0
388.0	73	58.0
389.0	31	45.0
390.0	20	42.0
391.0	3	110.0
392.0	33	35.0
393.0	5	61.0
394.0	12	22.5
395.0	36	18.0
396.0	4	43.0
397.0	29	78.0
398.0	2	130.5
399.0	6	28.0
400.0	15	15.0
401.0	66	30.0
402.0	48	81.5
403.0	50	97.0
404.0	78	25.0
405.0	34	27.0
406.0	3	57.5
407.0	0	105.5
408.0	96	19.0
409.0	101	18.0
410.0	137	126.0
411.0	142	80.0
412.0	145	81.0
413.0	170	23.0
414.0	191	49.0
415.0	200	32.0
416.0	219	44.0
417.0	223	50.0
418.0	269	62.0
419.0	208	96.0
420.0	456	65.0
421.0	489	115.5
422.0	578	18.0
423.0	518	74.0
424.0	162	49.0
425.0	12	56.5
426.0	0	20.0
427.0	0	150.0
428.0	101	97.0
429.0	120	65.0
430.0	121	104.0
431.0	113	94.0
432.0	262	26.0
433.0	360	57.0
434.0	445	38.0
435.0	503	52.0
436.0	522	86.0
437.0	480	23.0
438.0	547	48.0
439.0	364	47.0
440.0	585	60.5
441.0	668	15.0
442.0	704	55.0
443.0	755	92.5
444.0	781	104.0
445.0	751	85.5
446.0	205	56.0
447.0	8	63.0
448.0	7	84.5
449.0	1	17.5
450.0	123	42.0
451.0	92	117.0
452.0	0	41.0
453.0	125	125.0
454.0	213	126.5
455.0	384	52.0
456.0	621	16.0
457.0	822	26.0
458.0	25	45.0
459.0	0	40.5
460.0	0	83.5
461.0	0	66.5
462.0	115	63.0
463.0	116	33.0
464.0	105	79.5
465.0	91	27.0
466.0	96	58.0
467.0	119	18.0
468.0	100	61.0
469.0	88	17.0
470.0	36	73.0
471.0	147	17.0
472.0	292	90.5
473.0	88	34.0
474.0	5	34.0
475.0	1	51.0
476.0	57	81.5
477.0	1	17.0
478.0	18	41.0
479.0	2	16.0
480.0	3	114.5
481.0	4	82.0
482.0	1	56.0
483.0	12	22.5
484.0	4	68.0
485.0	11	40.0
486.0	10	155.0
487.0	117	38.0
488.0	105	54.5
489.0	113	14.5
490.0	83	38.0
491.0	181	33.5
492.0	254	30.0
493.0	379	21.0
494.0	283	69.0
495.0	322	107.0
496.0	481	99.5
497.0	450	93.5
498.0	500	109.0
499.0	500	30.0
500.0	543	32.5
501.0	532	98.5
502.0	458	80.0
503.0	574	65.0
504.0	396	15.0
505.0	123	80.5
506.0	123	76.0
507.0	107	43.5
508.0	114	28.0
509.0	84	51.0
510.0	50	39.0
511.0	31	102.5
512.0	0	35.0
513.0	0	32.0
514.0	22	94.0
515.0	84	41.0
516.0	95	27.0
517.0	353	36.5
518.0	401	105.5
519.0	339	36.0
520.0	500	67.0
521.0	512	37.0
522.0	513	55.0
523.0	534	49.0
524.0	528	69.0
525.0	516	161.0
526.0	502	136.5
527.0	415	94.0
528.0	545	77.0
529.0	573	78.0
530.0	570	17.0
531.0	397	26.0
532.0	593	49.0
533.0	606	78.0
534.0	600	62.0
535.0	659	22.0
536.0	641	23.0
537.0	792	118.0
538.0	759	46.5
539.0	751	22.5
540.0	753	100.0
541.0	979	76.0
542.0	888	45.5
543.0	785	116.0
544.0	964	98.0
545.0	996	15.5
546.0	683	28.5
547.0	929	57.5
548.0	810	102.0
549.0	892	28.0
550.0	788	79.0
551.0	896	40.0
552.0	1080	91.0
553.0	889	25.0
554.0	1070	33.0
555.0	899	22.5
556.0	811	123.0
557.0	742	101.5
558.0	313	27.5
559.0	60	54.0
560.0	34	26.0
561.0	32	160.0
562.0	2	106.0
563.0	32	76.5
564.0	75	132.5
565.0	85	48.0
566.0	108	31.0
567.0	217	22.0
568.0	761	94.5
569.0	921	54.5
570.0	880	15.0
571.0	980	27.0
572.0	994	37.5
573.0	921	17.5
574.0	892	91.0
575.0	1140	23.0
576.0	1110	114.0
577.0	1060	87.0
578.0	855	34.5
579.0	1120	31.0
580.0	1290	49.5
581.0	1260	90.0
582.0	1110	31.0
583.0	862	216.0
584.0	1150	37.5
585.0	286	33.5
586.0	2	21.0
587.0	111	76.0
588.0	145	92.5
589.0	691	78.5
590.0	727	23.5
591.0	792	23.0
592.0	1040	74.0
593.0	1210	55.0
594.0	1080	58.5
595.0	1060	16.0
596.0	887	34.5
597.0	1190	75.0
598.0	1160	72.0
599.0	1230	78.0
600.0	1130	20.0
601.0	1120	17.0
602.0	1230	22.0
603.0	1140	56.5
604.0	872	17.5
605.0	989	18.5
606.0	889	23.0
607.0	992	22.0
608.0	1010	80.0
609.0	808	58.0
610.0	800	65.0
611.0	627	31.0
612.0	488	105.0
613.0	244	42.5
614.0	47	22.5
615.0	2	90.0
616.0	20	26.0
617.0	23	20.0
618.0	28	43.0
619.0	120	19.0
620.0	166	33.5
621.0	18	17.0
622.0	67	30.5
623.0	180	20.5
624.0	154	71.0
625.0	38	40.0
626.0	94	15.5
627.0	20	25.0
628.0	88	31.0
629.0	145	46.0
630.0	161	74.0
631.0	257	34.5
632.0	300	51.0
633.0	277	44.0
634.0	285	44.0
635.0	264	107.0
636.0	334	92.0
637.0	366	101.5
638.0	366	49.5
639.0	422	29.0
640.0	465	120.5
641.0	414	15.5
642.0	445	32.0
643.0	492	35.0
644.0	475	43.0
645.0	328	35.0
646.0	0	30.0
647.0	0	25.0
648.0	105	30.0
649.0	125	35.0
650.0	319	89.0
651.0	390	32.0
652.0	401	23.0
653.0	311	54.0
654.0	404	32.0
655.0	436	24.0
656.0	470	39.0
657.0	262	69.0
658.0	500	113.0
659.0	463	43.5
660.0	297	42.0
661.0	0	30.0
662.0	0	18.0
663.0	0	76.0
664.0	0	107.0
665.0	0	35.0
666.0	95	67.0
667.0	88	18.0
668.0	315	38.0
669.0	432	50.0
670.0	493	46.0
671.0	266	51.0
672.0	366	31.0
673.0	403	31.0
674.0	450	38.0
675.0	487	66.5
676.0	500	60.0
677.0	522	82.0
678.0	477	102.5
679.0	506	22.5
680.0	506	43.5
681.0	499	39.5
682.0	521	27.5
683.0	546	51.0
684.0	549	20.0
685.0	577	31.0
686.0	598	96.0
687.0	635	29.0
688.0	686	36.5
689.0	655	23.0
690.0	782	82.0
691.0	684	35.5
692.0	806	44.5
693.0	812	40.5
694.0	779	100.5
695.0	836	127.0
696.0	733	137.5
697.0	809	74.0
698.0	911	34.0
699.0	839	54.0
700.0	834	31.0
701.0	921	26.0
702.0	891	58.5
703.0	971	47.0
704.0	1170	74.0
705.0	1110	66.0
706.0	1020	18.0
707.0	950	38.0
708.0	1200	28.0
709.0	1030	48.0
710.0	1210	91.5
711.0	1380	83.0
712.0	1140	25.0
713.0	1490	44.0
714.0	1500	47.0
715.0	1190	67.0
716.0	822	58.5
717.0	1590	32.5
718.0	1590	106.0
719.0	1190	25.0
720.0	1350	14.5
721.0	1450	88.0
722.0	1590	17.0
723.0	1230	41.0
724.0	1480	36.5
725.0	1150	51.0
726.0	964	52.0
727.0	1280	56.0
728.0	1500	49.5
729.0	847	26.0
730.0	954	68.0
731.0	1200	22.5
732.0	1200	125.5
733.0	1200	36.0
734.0	1440	42.5
735.0	1480	109.5
736.0	1300	51.0
737.0	1310	51.5
738.0	1180	49.0
739.0	683	22.5
740.0	1290	75.0
741.0	1320	40.0
742.0	1180	105.0
743.0	1040	21.0
744.0	1160	16.5
745.0	1130	102.0
746.0	1100	53.0
747.0	803	55.0
748.0	1100	58.0
749.0	821	21.0
750.0	1190	39.5
751.0	1200	19.0
752.0	1130	47.5
753.0	1140	149.0
754.0	1100	65.0
755.0	1270	72.0
756.0	1180	18.5
757.0	1140	57.0
758.0	1040	94.0
759.0	942	55.5
760.0	1100	14.5
761.0	287	116.5
762.0	8	39.0
763.0	26	51.0
764.0	0	39.5
765.0	124	43.0
766.0	93	156.5
767.0	208	75.0
768.0	301	39.0
769.0	383	32.5
770.0	434	16.0
771.0	537	77.0
772.0	585	18.5
773.0	674	131.0
774.0	705	56.0
775.0	753	16.0
776.0	726	20.0
777.0	691	69.0
778.0	845	26.0
779.0	856	44.0
780.0	719	34.0
781.0	560	95.5
782.0	641	68.0
783.0	600	35.5
784.0	256	29.0
785.0	1	48.0
786.0	0	100.0
787.0	0	18.0
788.0	3	17.0
789.0	0	95.0
790.0	117	54.0
791.0	105	63.0
792.0	96	30.0
793.0	121	32.5
794.0	91	20.0
795.0	91	115.5
796.0	79	17.0
797.0	118	46.0
798.0	119	16.5
799.0	88	30.0
