1.0	98	65.0
2.0	120	36.5
3.0	282	37.0
4.0	484	35.5
5.0	545	86.0
6.0	579	72.0
7.0	666	46.0
8.0	741	81.0
9.0	324	17.5
10.0	51	50.0
11.0	307	24.0
12.0	498	35.5
13.0	622	34.0
14.0	917	35.0
15.0	900	83.0
16.0	968	19.5
17.0	843	52.5
18.0	888	37.0
19.0	854	40.0
20.0	999	100.5
21.0	1040	23.0
22.0	1040	77.0
23.0	962	38.0
24.0	905	68.0
25.0	515	45.0
26.0	945	36.5
27.0	668	23.5
28.0	1360	23.0
29.0	757	24.5
30.0	1070	29.0
31.0	736	50.0
32.0	132	41.0
33.0	885	35.0
34.0	849	124.0
35.0	774	99.0
36.0	715	19.0
37.0	843	31.0
38.0	892	22.0
39.0	1060	106.0
40.0	852	29.0
41.0	790	57.5
42.0	595	49.5
43.0	595	47.0
44.0	587	57.0
45.0	632	39.0
46.0	656	70.0
47.0	537	22.0
48.0	333	97.0
49.0	492	39.5
50.0	115	85.0
51.0	116	40.0
52.0	490	38.0
53.0	737	45.0
54.0	716	89.0
55.0	797	23.0
56.0	935	92.0
57.0	270	58.0
58.0	89	89.5
59.0	116	23.0
60.0	713	29.0
61.0	737	69.0
62.0	778	31.0
63.0	862	58.0
64.0	892	21.0
65.0	793	36.0
66.0	923	27.0
67.0	926	24.5
68.0	871	24.0
69.0	804	17.0
70.0	400	70.5
71.0	117	15.0
72.0	113	49.0
73.0	315	51.0
74.0	64	35.0
75.0	0	34.0
76.0	0	90.5
77.0	0	79.0
78.0	0	17.5
79.0	9	59.0
80.0	101	17.0
81.0	96	39.0
82.0	119	24.0
83.0	88	22.0
84.0	37	28.0
85.0	11	20.0
86.0	6	50.0
87.0	1	49.0
88.0	0	48.0
89.0	0	41.0
90.0	0	101.0
91.0	0	82.5
92.0	83	120.0
93.0	101	36.0
94.0	212	42.0
95.0	190	50.0
96.0	165	48.0
97.0	143	196.5
98.0	22	51.5
99.0	130	20.0
100.0	157	20.5
101.0	225	141.5
102.0	191	63.0
103.0	73	155.0
104.0	182	23.0
105.0	214	32.5
106.0	85	40.5
107.0	115	50.0
108.0	75	28.0
109.0	697	84.5
110.0	909	66.0
111.0	1030	67.0
112.0	1170	56.0
113.0	1280	31.0
114.0	1250	24.5
115.0	1420	69.5
116.0	1640	67.0
117.0	1480	23.5
118.0	1300	27.0
119.0	1500	45.5
120.0	1380	46.0
121.0	1180	42.0
122.0	136	44.0
123.0	0	65.0
124.0	0	32.0
125.0	0	27.5
126.0	0	31.0
127.0	0	151.0
128.0	0	37.5
129.0	0	98.0
130.0	0	18.0
131.0	0	55.5
132.0	0	49.0
133.0	0	33.0
134.0	0	54.0
135.0	0	64.5
136.0	0	98.5
137.0	0	56.0
138.0	0	59.5
139.0	0	35.0
140.0	0	19.0
141.0	0	28.0
142.0	0	108.0
143.0	102	38.0
144.0	115	51.0
145.0	116	55.5
146.0	116	103.5
147.0	0	63.5
148.0	0	26.0
149.0	0	62.0
150.0	0	144.0
151.0	0	34.5
152.0	0	49.0
153.0	0	91.0
154.0	0	25.0
155.0	185	17.0
156.0	1000	40.0
157.0	1210	17.0
158.0	1070	62.0
159.0	121	51.0
160.0	101	22.5
161.0	820	135.0
162.0	1140	36.5
163.0	1180	29.5
164.0	1180	39.5
165.0	1060	75.5
166.0	1050	20.0
167.0	899	63.0
168.0	366	35.5
169.0	7	24.0
170.0	3	30.5
171.0	11	44.0
172.0	90	41.5
173.0	107	29.0
174.0	95	61.0
175.0	97	18.0
176.0	101	16.0
177.0	93	90.0
178.0	109	20.5
179.0	122	130.0
180.0	118	95.0
181.0	102	20.0
182.0	97	71.5
183.0	124	127.0
184.0	120	27.0
185.0	820	22.0
186.0	858	40.5
187.0	821	117.0
188.0	753	89.0
189.0	801	63.0
190.0	733	33.0
191.0	513	43.0
192.0	626	22.0
193.0	791	41.0
194.0	794	29.5
195.0	881	102.5
196.0	960	58.5
197.0	807	55.0
198.0	794	22.0
199.0	1060	22.0
200.0	1200	171.0
201.0	821	94.0
202.0	1070	30.0
203.0	998	69.0
204.0	889	44.0
205.0	873	114.0
206.0	852	118.0
207.0	1230	150.0
208.0	1380	28.0
209.0	900	98.0
210.0	909	62.5
211.0	810	59.0
212.0	844	20.0
213.0	863	74.5
214.0	949	31.0
215.0	1020	88.0
216.0	875	75.0
217.0	967	33.0
218.0	964	16.0
219.0	961	43.0
220.0	860	46.5
221.0	967	15.0
222.0	1090	75.0
223.0	1230	43.0
224.0	1090	15.0
225.0	1070	30.5
226.0	1150	50.0
227.0	874	34.5
228.0	899	90.5
229.0	831	104.5
230.0	1060	67.5
231.0	933	22.0
232.0	210	85.0
233.0	122	24.0
234.0	607	80.0
235.0	817	28.5
236.0	1080	14.5
237.0	918	35.0
238.0	1150	120.0
239.0	1260	212.0
240.0	871	92.0
241.0	1260	20.0
242.0	1290	41.0
243.0	1530	92.0
244.0	1290	94.5
245.0	1570	79.5
246.0	636	89.0
247.0	970	43.0
248.0	867	60.5
249.0	1070	29.5
250.0	1060	35.5
251.0	1030	100.5
252.0	537	30.5
253.0	45	21.0
254.0	55	47.0
255.0	233	16.0
256.0	501	116.0
257.0	704	55.0
258.0	696	21.0
259.0	28	54.0
260.0	21	20.0
261.0	35	36.5
262.0	38	61.0
263.0	135	23.0
264.0	29	15.5
265.0	67	46.0
266.0	60	21.5
267.0	99	42.0
268.0	76	32.0
269.0	53	64.0
270.0	74	25.0
271.0	34	110.5
272.0	70	22.0
273.0	53	90.0
274.0	83	115.5
275.0	106	56.0
276.0	245	33.5
277.0	395	27.0
278.0	489	58.0
279.0	503	24.5
280.0	595	153.0
281.0	654	135.0
282.0	730	48.0
283.0	644	115.5
284.0	862	43.5
285.0	819	45.5
286.0	868	21.0
287.0	277	58.0
288.0	112	104.0
289.0	239	84.0
290.0	503	49.0
291.0	542	58.0
292.0	729	83.0
293.0	798	78.0
294.0	826	15.0
295.0	859	18.0
296.0	734	23.0
297.0	676	32.0
298.0	736	93.0
299.0	729	38.5
300.0	702	27.5
301.0	710	44.5
302.0	720	67.0
303.0	761	50.0
304.0	576	15.5
305.0	605	17.0
306.0	1070	27.0
307.0	885	69.0
308.0	743	30.5
309.0	712	89.5
310.0	760	30.0
311.0	777	55.0
312.0	154	24.0
313.0	80	74.0
314.0	92	89.0
315.0	391	33.0
316.0	79	21.0
317.0	84	49.0
318.0	888	22.0
319.0	811	46.5
320.0	907	93.0
321.0	914	38.0
322.0	817	46.0
323.0	818	41.5
324.0	795	32.5
325.0	783	26.0
326.0	769	70.0
327.0	906	87.0
328.0	795	46.0
329.0	1100	61.0
330.0	879	103.0
331.0	1400	22.0
332.0	1210	83.0
333.0	1020	29.0
334.0	995	18.0
335.0	1260	39.0
336.0	1440	37.0
337.0	1500	29.0
338.0	1320	37.0
339.0	1330	39.0
340.0	1370	15.0
341.0	1300	72.0
342.0	991	67.0
343.0	1090	69.0
344.0	1070	51.5
345.0	1330	102.0
346.0	1260	103.5
347.0	1390	74.0
348.0	1380	80.5
349.0	1220	28.0
350.0	1230	29.0
351.0	1370	65.0
352.0	1250	39.0
353.0	1200	24.0
354.0	1160	55.5
355.0	140	122.0
356.0	88	99.5
357.0	101	80.5
358.0	119	72.0
359.0	119	32.0
360.0	644	22.0
361.0	1180	37.0
362.0	1030	69.0
363.0	1330	46.5
364.0	909	49.0
365.0	1280	23.0
366.0	1050	79.0
367.0	1400	146.0
368.0	1270	18.0
369.0	918	110.5
370.0	888	55.0
371.0	1340	19.0
372.0	1360	21.5
373.0	1010	196.0
374.0	1230	25.0
375.0	1030	76.0
376.0	760	92.0
377.0	810	117.5
378.0	1180	40.0
379.0	1100	176.0
380.0	1110	45.0
381.0	1130	103.5
382.0	939	107.5
383.0	746	40.0
384.0	134	79.5
385.0	650	45.0
386.0	876	14.5
387.0	825	53.0
388.0	1060	36.0
389.0	1120	65.0
390.0	1050	68.5
391.0	1220	30.0
392.0	1060	92.5
393.0	11	28.0
394.0	96	51.0
395.0	86	115.0
396.0	1000	27.0
397.0	1280	121.5
398.0	1260	24.5
399.0	1410	50.0
400.0	1440	23.0
401.0	977	77.0
402.0	1080	15.0
403.0	1110	53.0
404.0	1010	55.0
405.0	1540	34.0
406.0	1360	23.0
407.0	1530	33.0
408.0	1290	159.0
409.0	1310	21.0
410.0	1330	38.0
411.0	1250	118.0
412.0	1260	23.0
413.0	1170	15.5
414.0	1220	79.5
415.0	1240	64.0
416.0	1390	58.0
417.0	1060	76.0
418.0	1250	20.0
419.0	1240	58.0
420.0	1260	16.5
421.0	1310	64.0
422.0	1290	95.5
423.0	78	51.0
424.0	120	42.0
425.0	764	152.0
426.0	1120	66.0
427.0	917	20.5
428.0	1060	29.0
429.0	1300	31.0
430.0	1170	65.0
431.0	1550	33.0
432.0	1380	37.0
433.0	1260	36.0
434.0	1310	38.0
435.0	1100	95.5
436.0	1180	15.5
437.0	1140	24.5
438.0	1250	111.5
439.0	1200	44.0
440.0	1050	33.0
441.0	1330	27.0
442.0	951	101.0
443.0	969	36.0
444.0	993	48.0
445.0	915	60.0
446.0	1030	167.0
447.0	991	89.0
448.0	934	32.0
449.0	1120	121.0
450.0	1050	19.0
451.0	909	17.0
452.0	891	86.5
453.0	816	73.0
454.0	935	118.0
455.0	1040	46.0
456.0	975	94.0
457.0	125	46.0
458.0	119	83.0
459.0	122	16.0
460.0	215	100.0
461.0	350	31.5
462.0	30	34.5
463.0	116	61.0
464.0	687	111.0
465.0	788	129.0
466.0	782	89.0
467.0	811	30.0
468.0	935	47.0
469.0	901	46.0
470.0	753	43.0
471.0	873	99.0
472.0	902	108.5
473.0	920	21.0
474.0	562	50.0
475.0	143	49.5
476.0	98	108.0
477.0	91	90.0
478.0	114	29.0
479.0	100	46.0
480.0	115	15.0
481.0	106	41.0
482.0	116	36.0
483.0	113	40.0
484.0	79	27.5
485.0	122	35.5
486.0	141	64.0
487.0	294	19.0
488.0	218	57.0
489.0	0	38.0
490.0	1	33.0
491.0	0	76.0
492.0	15	182.0
493.0	106	27.0
494.0	121	86.0
495.0	729	72.0
496.0	729	19.5
497.0	815	73.0
498.0	698	63.5
499.0	764	48.0
500.0	790	91.0
501.0	722	38.0
502.0	717	66.0
503.0	732	79.5
504.0	690	36.0
505.0	601	49.0
506.0	642	91.0
507.0	645	56.0
508.0	734	86.0
509.0	885	116.0
510.0	714	34.0
511.0	730	40.5
512.0	742	38.0
513.0	786	41.0
514.0	631	14.5
515.0	719	43.5
516.0	70	24.5
517.0	27	31.5
518.0	121	41.0
519.0	116	53.5
520.0	379	63.0
521.0	613	46.5
522.0	645	58.0
523.0	657	94.0
524.0	641	22.0
525.0	670	47.0
526.0	582	88.0
527.0	511	103.5
528.0	577	50.0
529.0	763	78.0
530.0	741	41.5
531.0	829	73.0
532.0	670	49.0
533.0	761	15.0
534.0	687	183.0
535.0	609	23.5
536.0	867	93.5
537.0	845	83.0
538.0	800	167.0
539.0	575	35.0
540.0	940	53.0
541.0	979	30.0
542.0	983	21.0
543.0	1030	31.0
544.0	889	42.0
545.0	844	38.0
546.0	1070	24.0
547.0	1050	15.0
548.0	981	34.5
549.0	1070	42.0
550.0	925	23.5
551.0	726	18.5
552.0	1150	75.0
553.0	1190	88.0
554.0	1070	76.5
555.0	1110	31.0
556.0	1290	96.0
557.0	1080	15.0
558.0	1040	35.0
559.0	1240	30.5
560.0	566	44.0
561.0	822	33.5
562.0	914	74.0
563.0	706	46.0
564.0	710	27.0
565.0	573	43.0
566.0	217	42.0
567.0	4	93.0
568.0	9	136.0
569.0	5	93.0
570.0	171	27.0
571.0	120	28.0
572.0	512	94.5
573.0	503	21.0
574.0	826	51.0
575.0	846	29.0
576.0	909	17.0
577.0	829	20.0
578.0	979	41.0
579.0	967	23.5
580.0	972	107.5
581.0	917	87.0
582.0	911	22.0
583.0	950	45.0
584.0	939	67.0
585.0	969	41.0
586.0	1100	45.0
587.0	398	140.0
588.0	89	90.0
589.0	805	45.0
590.0	832	70.0
591.0	800	89.0
592.0	0	17.0
593.0	114	41.0
594.0	124	18.0
595.0	410	18.0
596.0	548	22.0
597.0	619	21.0
598.0	672	110.0
599.0	658	104.0
600.0	522	84.5
601.0	553	16.0
602.0	446	31.0
603.0	540	40.0
604.0	657	16.0
605.0	630	42.5
606.0	515	50.0
607.0	634	59.0
608.0	748	55.5
609.0	679	77.5
610.0	654	46.0
611.0	563	57.0
612.0	607	85.5
613.0	697	18.0
614.0	371	71.0
615.0	12	37.0
616.0	3	29.0
617.0	0	93.0
618.0	7	51.0
619.0	124	28.0
620.0	85	102.5
621.0	30	34.5
622.0	43	39.0
623.0	61	31.5
624.0	51	100.0
625.0	74	25.5
626.0	71	54.0
627.0	297	16.0
628.0	344	115.5
629.0	145	87.0
630.0	202	70.0
631.0	206	20.0
632.0	10	45.0
633.0	56	159.0
634.0	79	22.0
635.0	13	67.0
636.0	40	19.5
637.0	16	81.0
638.0	56	15.0
639.0	29	23.5
640.0	3	27.0
641.0	1	15.0
642.0	30	26.5
643.0	21	32.0
644.0	8	35.0
645.0	23	40.0
646.0	28	135.0
647.0	17	60.0
648.0	18	81.0
649.0	14	47.0
650.0	14	20.0
651.0	38	16.0
652.0	51	50.0
653.0	47	35.0
654.0	44	35.0
655.0	107	58.0
656.0	132	106.0
657.0	174	18.0
658.0	98	21.0
659.0	30	42.0
660.0	11	98.0
661.0	48	45.0
662.0	155	30.0
663.0	119	101.0
664.0	12	18.0
665.0	132	25.0
666.0	135	41.0
667.0	134	97.0
668.0	15	22.5
669.0	208	76.0
670.0	235	65.0
671.0	247	26.0
672.0	148	29.0
673.0	331	41.0
674.0	470	15.0
675.0	258	16.5
676.0	31	25.5
677.0	200	17.0
678.0	360	59.0
679.0	164	133.0
680.0	69	66.0
681.0	134	43.5
682.0	207	30.5
683.0	159	53.0
684.0	0	17.0
685.0	0	58.5
686.0	88	21.5
687.0	125	118.5
688.0	125	46.0
689.0	103	17.0
690.0	190	36.0
691.0	225	62.5
692.0	391	42.0
693.0	557	40.5
694.0	484	38.0
695.0	424	77.0
696.0	468	19.5
697.0	432	41.0
698.0	60	87.0
699.0	296	45.0
700.0	440	103.0
701.0	488	17.0
702.0	423	35.0
703.0	429	36.0
704.0	528	102.5
705.0	463	90.0
706.0	236	113.0
707.0	603	38.5
708.0	662	96.0
709.0	621	21.5
710.0	591	18.0
711.0	699	43.5
712.0	712	30.0
713.0	671	63.0
714.0	703	35.0
715.0	511	60.0
716.0	229	41.0
717.0	290	50.5
718.0	504	21.0
719.0	536	35.0
720.0	521	48.0
721.0	527	44.5
722.0	618	17.5
723.0	530	51.0
724.0	559	107.0
725.0	622	55.0
726.0	681	87.5
727.0	648	148.5
728.0	694	55.0
729.0	645	35.0
730.0	661	23.0
731.0	587	117.0
732.0	593	36.0
733.0	518	71.0
734.0	620	25.0
735.0	627	90.0
736.0	603	23.0
737.0	689	95.0
738.0	866	82.5
739.0	695	14.5
740.0	803	75.0
741.0	1020	20.0
742.0	1040	26.0
743.0	718	74.0
744.0	685	20.0
745.0	795	122.0
746.0	975	28.0
747.0	660	98.0
748.0	808	58.0
749.0	960	46.0
750.0	11	23.0
751.0	113	78.0
752.0	114	26.0
753.0	104	19.0
754.0	93	17.0
755.0	120	91.5
756.0	122	33.5
757.0	102	136.5
758.0	110	92.5
759.0	79	34.0
760.0	86	22.0
761.0	107	83.0
762.0	116	24.0
763.0	118	21.0
764.0	101	93.0
765.0	91	51.5
766.0	98	133.5
767.0	103	68.5
768.0	124	49.0
769.0	92	14.5
770.0	116	215.0
771.0	117	30.5
772.0	105	121.5
773.0	91	22.5
774.0	92	26.0
775.0	116	39.0
776.0	104	17.0
777.0	106	77.0
778.0	113	99.0
779.0	108	58.0
780.0	112	67.0
781.0	114	69.0
782.0	112	34.0
783.0	122	104.0
784.0	123	67.0
785.0	107	19.0
786.0	111	23.5
787.0	114	16.0
788.0	101	35.0
789.0	116	63.5
790.0	103	65.0
791.0	118	50.0
792.0	99	32.0
793.0	89	51.5
794.0	118	23.0
795.0	100	50.0
796.0	80	28.5
797.0	107	24.0
798.0	120	132.5
799.0	122	44.0
