1.0	170	32.0
2.0	304	25.5
3.0	484	78.0
4.0	544	61.0
5.0	684	33.5
6.0	695	32.0
7.0	358	18.5
8.0	99	35.0
9.0	123	57.0
10.0	237	35.0
11.0	75	74.0
12.0	94	50.0
13.0	120	26.0
14.0	140	29.0
15.0	409	59.0
16.0	653	72.0
17.0	755	35.0
18.0	740	65.0
19.0	632	32.5
20.0	702	24.0
21.0	664	17.0
22.0	612	92.0
23.0	614	61.0
24.0	699	44.5
25.0	717	62.0
26.0	1210	20.0
27.0	798	88.0
28.0	809	133.0
29.0	649	75.0
30.0	428	16.0
31.0	289	40.0
32.0	185	73.0
33.0	675	44.0
34.0	705	30.0
35.0	753	221.0
36.0	767	17.0
37.0	455	100.0
38.0	441	78.0
39.0	76	134.0
40.0	108	21.5
41.0	627	15.0
42.0	1040	24.0
43.0	910	51.0
44.0	832	61.0
45.0	759	73.0
46.0	685	63.0
47.0	801	70.0
48.0	601	88.0
49.0	100	25.5
50.0	99	48.0
51.0	802	77.0
52.0	1170	37.5
53.0	1190	48.0
54.0	1110	56.0
55.0	798	31.0
56.0	817	14.5
57.0	1010	60.5
58.0	1040	42.0
59.0	761	103.0
60.0	823	15.5
61.0	872	39.0
62.0	971	27.5
63.0	892	97.0
64.0	729	80.0
65.0	104	72.0
66.0	114	32.0
67.0	456	20.5
68.0	642	61.0
69.0	616	94.0
70.0	762	109.0
71.0	670	65.0
72.0	594	43.0
73.0	733	116.0
74.0	816	55.5
75.0	732	23.5
76.0	839	105.0
77.0	578	35.0
78.0	641	42.5
79.0	590	15.0
80.0	688	88.5
81.0	679	21.0
82.0	661	21.0
83.0	623	71.0
84.0	686	32.0
85.0	610	94.0
86.0	648	33.0
87.0	852	19.0
88.0	998	88.0
89.0	832	80.0
90.0	1020	16.5
91.0	1010	21.0
92.0	873	22.0
93.0	929	33.0
94.0	452	22.5
95.0	107	57.0
96.0	509	49.0
97.0	1430	78.0
98.0	1270	81.0
99.0	1240	17.0
100.0	1080	83.0
101.0	1270	51.0
102.0	1570	34.5
103.0	1540	92.0
104.0	1650	65.0
105.0	1640	107.0
106.0	1630	43.0
107.0	1620	26.5
108.0	1570	60.0
109.0	1300	20.0
110.0	723	29.5
111.0	549	165.0
112.0	831	42.0
113.0	1020	26.0
114.0	1310	21.0
115.0	1320	162.0
116.0	687	31.5
117.0	611	30.0
118.0	177	21.0
119.0	92	20.5
120.0	110	87.5
121.0	99	33.0
122.0	78	42.0
123.0	100	23.0
124.0	98	56.0
125.0	88	35.0
126.0	97	30.5
127.0	114	134.0
128.0	121	28.5
129.0	115	60.0
130.0	121	88.5
131.0	114	68.0
132.0	102	36.0
133.0	93	31.0
134.0	110	33.0
135.0	388	22.5
136.0	491	24.0
137.0	510	88.5
138.0	544	22.0
139.0	625	60.0
140.0	601	21.0
141.0	661	16.0
142.0	799	67.0
143.0	880	51.0
144.0	810	95.0
145.0	404	106.0
146.0	101	53.0
147.0	366	48.0
148.0	752	49.5
149.0	878	82.0
150.0	813	15.0
151.0	1100	36.5
152.0	1310	45.5
153.0	1300	72.0
154.0	1720	90.0
155.0	1790	36.0
156.0	1390	89.0
157.0	1560	50.0
158.0	1360	57.0
159.0	950	24.5
160.0	894	139.0
161.0	768	85.0
162.0	12	47.5
163.0	3	74.5
164.0	112	43.0
165.0	122	48.0
166.0	117	42.5
167.0	115	40.0
168.0	118	34.0
169.0	94	17.0
170.0	100	33.0
171.0	91	54.0
172.0	111	37.0
173.0	110	16.5
174.0	101	54.0
175.0	90	52.5
176.0	105	21.5
177.0	308	52.0
178.0	473	21.0
179.0	493	32.0
180.0	553	43.0
181.0	486	35.0
182.0	541	60.5
183.0	512	16.0
184.0	37	95.0
185.0	464	19.0
186.0	638	20.5
187.0	638	16.5
188.0	216	73.0
189.0	286	182.0
190.0	355	76.0
191.0	235	35.0
192.0	268	30.0
193.0	415	28.5
194.0	410	20.0
195.0	594	93.5
196.0	593	18.0
197.0	491	16.0
198.0	488	51.0
199.0	456	49.0
200.0	390	24.0
201.0	626	16.0
202.0	512	65.0
203.0	479	75.0
204.0	362	24.0
205.0	369	71.5
206.0	99	20.0
207.0	292	74.5
208.0	337	45.0
209.0	239	46.0
210.0	230	154.0
211.0	408	37.5
212.0	374	164.0
213.0	385	110.5
214.0	229	14.5
215.0	147	27.0
216.0	347	45.0
217.0	214	23.0
218.0	90	18.0
219.0	307	52.0
220.0	326	18.0
221.0	376	75.5
222.0	352	120.0
223.0	206	47.0
224.0	261	22.0
225.0	56	91.5
226.0	11	31.0
227.0	0	46.0
228.0	118	31.0
229.0	103	49.5
230.0	119	16.5
231.0	597	105.0
232.0	721	73.5
233.0	823	34.0
234.0	828	56.0
235.0	852	59.0
236.0	761	21.0
237.0	845	74.5
238.0	831	90.0
239.0	741	74.0
240.0	734	83.0
241.0	742	91.0
242.0	789	113.5
243.0	849	19.0
244.0	931	39.0
245.0	1150	95.0
246.0	962	68.0
247.0	1160	74.0
248.0	1090	88.5
249.0	1080	40.0
250.0	1070	44.5
251.0	1100	18.5
252.0	1260	87.0
253.0	1090	87.0
254.0	1070	122.0
255.0	1040	23.0
256.0	1210	149.0
257.0	1280	16.0
258.0	1090	37.5
259.0	969	16.0
260.0	1230	49.0
261.0	1010	46.5
262.0	1080	26.0
263.0	1150	94.0
264.0	1120	46.5
265.0	1060	23.0
266.0	1140	63.0
267.0	1150	38.0
268.0	1130	33.0
269.0	936	22.0
270.0	1130	73.0
271.0	1020	35.0
272.0	1010	31.5
273.0	857	103.0
274.0	107	73.0
275.0	119	105.0
276.0	847	120.5
277.0	859	96.5
278.0	902	154.5
279.0	1010	125.0
280.0	981	105.5
281.0	935	64.0
282.0	989	88.0
283.0	865	106.0
284.0	791	102.0
285.0	952	40.0
286.0	1130	39.0
287.0	974	25.0
288.0	922	24.5
289.0	916	27.0
290.0	838	73.0
291.0	1040	19.0
292.0	1210	43.0
293.0	942	16.0
294.0	1020	50.0
295.0	1050	60.0
296.0	1030	39.0
297.0	1050	66.5
298.0	1200	26.0
299.0	1110	80.0
300.0	1040	88.0
301.0	997	25.0
302.0	1280	24.0
303.0	1010	196.0
304.0	868	18.0
305.0	1030	17.0
306.0	968	44.5
307.0	285	19.0
308.0	117	46.0
309.0	497	96.5
310.0	891	27.5
311.0	876	29.0
312.0	967	23.5
313.0	1290	15.0
314.0	1190	22.0
315.0	1340	44.0
316.0	1520	29.5
317.0	1390	22.0
318.0	1430	39.0
319.0	1480	15.0
320.0	1560	34.0
321.0	1630	26.0
322.0	1420	97.0
323.0	1600	26.0
324.0	1670	76.0
325.0	1350	79.0
326.0	1130	51.0
327.0	1550	105.0
328.0	1500	172.0
329.0	1120	59.0
330.0	1290	28.0
331.0	1490	51.0
332.0	1540	120.0
333.0	1550	116.0
334.0	1160	71.0
335.0	1170	47.0
336.0	1300	73.0
337.0	1360	36.5
338.0	1370	43.0
339.0	1160	15.0
340.0	1310	68.5
341.0	1300	54.0
342.0	1350	64.0
343.0	1300	29.5
344.0	1170	34.0
345.0	1370	22.0
346.0	1250	93.0
347.0	114	39.0
348.0	122	64.0
349.0	754	60.0
350.0	777	69.0
351.0	843	39.0
352.0	649	38.0
353.0	835	27.0
354.0	779	15.0
355.0	864	27.0
356.0	842	74.0
357.0	753	57.0
358.0	699	19.0
359.0	595	19.5
360.0	220	76.0
361.0	179	43.0
362.0	105	31.0
363.0	115	31.0
364.0	95	15.0
365.0	121	18.5
366.0	85	35.0
367.0	108	40.0
368.0	120	29.0
369.0	163	80.5
370.0	465	120.0
371.0	301	120.0
372.0	180	80.0
373.0	82	140.0
374.0	117	44.0
375.0	111	97.0
376.0	56	35.0
377.0	0	81.0
378.0	0	90.0
379.0	0	43.0
380.0	0	45.0
381.0	0	79.0
382.0	0	48.0
383.0	0	62.0
384.0	0	145.0
385.0	0	42.0
386.0	0	91.0
387.0	117	16.0
388.0	121	49.5
389.0	123	22.0
390.0	0	81.0
391.0	0	18.0
392.0	0	72.0
393.0	5	44.0
394.0	127	67.0
395.0	271	51.5
396.0	474	41.0
397.0	492	79.5
398.0	504	32.0
399.0	220	93.0
400.0	121	47.0
401.0	335	55.0
402.0	603	22.0
403.0	671	91.0
404.0	770	99.0
405.0	764	39.0
406.0	793	152.0
407.0	109	35.0
408.0	639	33.0
409.0	763	51.0
410.0	744	104.0
411.0	735	22.0
412.0	842	60.0
413.0	937	55.0
414.0	929	17.0
415.0	830	105.5
416.0	881	22.0
417.0	870	33.0
418.0	846	77.0
419.0	882	155.0
420.0	852	47.0
421.0	786	92.0
422.0	153	104.0
423.0	10	44.0
424.0	6	60.0
425.0	106	26.0
426.0	105	101.5
427.0	105	44.0
428.0	94	74.0
429.0	123	82.5
430.0	107	44.5
431.0	116	22.0
432.0	92	54.0
433.0	125	78.0
434.0	122	38.0
435.0	116	39.0
436.0	115	74.0
437.0	110	25.0
438.0	143	93.0
439.0	275	23.0
440.0	296	47.5
441.0	134	36.0
442.0	13	31.0
443.0	18	26.5
444.0	100	60.0
445.0	112	18.0
446.0	96	94.0
447.0	87	48.5
448.0	95	31.5
449.0	93	72.0
450.0	130	15.0
451.0	98	142.5
452.0	2	27.0
453.0	16	31.5
454.0	63	184.0
455.0	61	52.0
456.0	53	32.0
457.0	6	52.0
458.0	99	73.0
459.0	107	105.5
460.0	120	56.5
461.0	119	95.0
462.0	98	69.5
463.0	94	28.0
464.0	112	48.0
465.0	123	53.0
466.0	100	58.0
467.0	186	23.0
468.0	221	62.0
469.0	78	47.5
470.0	56	28.5
471.0	14	118.0
472.0	43	17.0
473.0	37	150.0
474.0	43	19.0
475.0	117	28.0
476.0	251	82.0
477.0	245	15.0
478.0	249	85.0
479.0	233	15.0
480.0	58	24.5
481.0	56	27.0
482.0	52	58.0
483.0	63	75.0
484.0	141	145.5
485.0	61	15.5
486.0	125	48.0
487.0	91	21.0
488.0	300	31.0
489.0	368	62.0
490.0	347	32.5
491.0	400	71.0
492.0	388	51.0
493.0	346	15.0
494.0	404	132.0
495.0	337	69.0
496.0	430	78.5
497.0	390	27.0
498.0	421	17.0
499.0	497	55.5
500.0	508	25.0
501.0	593	47.0
502.0	611	31.0
503.0	673	69.5
504.0	706	35.5
505.0	775	95.0
506.0	779	44.0
507.0	833	98.5
508.0	797	101.0
509.0	942	39.0
510.0	909	34.0
511.0	582	57.0
512.0	966	161.0
513.0	1070	42.5
514.0	1030	35.5
515.0	686	42.0
516.0	974	25.5
517.0	1010	25.0
518.0	856	140.0
519.0	632	35.5
520.0	964	28.0
521.0	952	108.5
522.0	1040	44.0
523.0	1140	81.5
524.0	916	50.5
525.0	1020	23.0
526.0	944	151.0
527.0	965	82.5
528.0	781	23.0
529.0	1010	26.5
530.0	1090	56.0
531.0	1240	37.5
532.0	1040	58.0
533.0	927	89.5
534.0	873	27.5
535.0	640	38.0
536.0	837	38.0
537.0	456	32.0
538.0	438	20.0
539.0	304	77.5
540.0	275	71.5
541.0	577	51.0
542.0	632	63.5
543.0	751	53.0
544.0	751	39.0
545.0	730	20.5
546.0	215	90.0
547.0	159	24.5
548.0	108	29.5
549.0	164	56.5
550.0	422	16.0
551.0	710	49.0
552.0	777	162.0
553.0	731	46.0
554.0	825	53.0
555.0	777	37.0
556.0	664	46.0
557.0	498	48.5
558.0	832	31.5
559.0	756	73.5
560.0	676	21.0
561.0	848	32.0
562.0	686	58.0
563.0	111	44.5
564.0	90	100.0
565.0	566	52.5
566.0	704	46.0
567.0	568	84.0
568.0	575	96.5
569.0	533	108.0
570.0	575	138.0
571.0	511	27.0
572.0	568	116.5
573.0	557	23.0
574.0	781	22.0
575.0	793	48.0
576.0	689	126.0
577.0	853	45.0
578.0	946	110.0
579.0	701	17.0
580.0	943	48.0
581.0	804	40.0
582.0	851	26.0
583.0	1040	32.0
584.0	1000	18.0
585.0	881	31.0
586.0	771	109.0
587.0	854	105.0
588.0	121	29.0
589.0	150	31.0
590.0	109	104.0
591.0	132	91.0
592.0	573	42.0
593.0	649	70.5
594.0	292	28.0
595.0	276	46.0
596.0	160	100.0
597.0	186	24.0
598.0	87	82.0
599.0	126	60.0
600.0	117	50.0
601.0	296	28.0
602.0	373	88.5
603.0	415	92.0
604.0	343	59.5
605.0	314	29.0
606.0	436	96.0
607.0	455	40.5
608.0	434	30.0
609.0	497	133.0
610.0	205	34.5
611.0	22	17.0
612.0	135	25.0
613.0	365	44.0
614.0	372	51.0
615.0	39	22.0
616.0	120	30.5
617.0	91	137.0
618.0	89	50.0
619.0	142	130.0
620.0	162	128.0
621.0	164	85.0
622.0	54	63.0
623.0	3	63.5
624.0	109	34.0
625.0	85	86.0
626.0	124	24.0
627.0	43	101.0
628.0	7	72.0
629.0	121	61.0
630.0	99	105.0
631.0	62	96.5
632.0	76	32.0
633.0	21	50.0
634.0	116	50.5
635.0	116	23.0
636.0	108	52.5
637.0	103	59.5
638.0	117	53.0
639.0	111	42.5
640.0	106	28.5
641.0	38	45.0
642.0	106	62.0
643.0	118	48.0
644.0	110	77.5
645.0	9	23.0
646.0	7	86.0
647.0	88	26.5
648.0	115	45.0
649.0	20	69.0
650.0	25	27.0
651.0	105	101.5
652.0	114	25.0
653.0	106	24.0
654.0	83	26.0
655.0	18	30.0
656.0	1	30.0
657.0	14	26.0
658.0	23	32.5
659.0	7	61.0
660.0	17	26.0
661.0	7	30.0
662.0	16	177.0
663.0	11	50.0
664.0	9	70.0
665.0	15	41.5
666.0	11	94.5
667.0	8	72.0
668.0	13	27.0
669.0	13	24.0
670.0	5	108.0
671.0	12	15.0
672.0	9	57.0
673.0	10	49.0
674.0	11	44.0
675.0	12	148.0
676.0	14	58.0
677.0	10	24.0
678.0	14	46.0
679.0	9	53.5
680.0	7	40.0
681.0	8	36.0
682.0	18	29.0
683.0	9	16.0
684.0	10	42.5
685.0	9	72.0
686.0	13	19.0
687.0	11	28.5
688.0	5	24.0
689.0	10	53.0
690.0	13	17.0
691.0	10	38.0
692.0	7	93.5
693.0	11	54.5
694.0	9	63.0
695.0	3	20.0
696.0	10	64.0
697.0	7	50.5
698.0	8	53.0
699.0	8	58.0
700.0	9	101.0
701.0	10	62.0
702.0	8	91.5
703.0	7	15.5
704.0	7	20.0
705.0	8	62.0
706.0	4	62.0
707.0	11	115.5
708.0	5	51.5
709.0	7	75.0
710.0	4	149.0
711.0	8	36.0
712.0	6	38.5
713.0	6	20.0
714.0	6	16.0
715.0	7	18.0
716.0	8	49.0
717.0	7	40.0
718.0	3	93.0
719.0	8	94.0
720.0	3	38.0
721.0	7	77.0
722.0	5	44.5
723.0	5	29.0
724.0	7	76.0
725.0	6	142.0
726.0	9	16.0
727.0	6	43.0
728.0	8	101.0
729.0	9	17.0
730.0	10	39.0
731.0	9	25.0
732.0	4	59.5
733.0	9	85.5
734.0	6	28.0
735.0	8	25.0
736.0	6	33.0
737.0	5	91.0
738.0	4	29.5
739.0	4	39.5
740.0	3	43.0
741.0	5	15.0
742.0	4	67.5
743.0	3	52.0
744.0	5	53.0
745.0	5	18.0
746.0	5	107.0
747.0	2	33.0
748.0	6	54.0
749.0	4	42.5
750.0	3	136.0
751.0	3	43.0
752.0	6	92.5
753.0	5	47.0
754.0	4	39.0
755.0	1	38.0
756.0	1	97.0
757.0	7	83.0
758.0	1	15.5
759.0	4	25.0
760.0	3	16.0
761.0	3	17.0
762.0	3	37.0
763.0	3	29.0
764.0	4	31.0
765.0	3	89.0
766.0	97	41.0
767.0	116	100.5
768.0	111	63.5
769.0	108	85.5
770.0	97	30.5
771.0	92	39.0
772.0	91	35.5
773.0	92	51.5
774.0	114	33.0
775.0	124	86.0
776.0	104	74.5
777.0	110	24.0
778.0	109	35.0
779.0	105	62.0
780.0	88	29.0
781.0	98	27.0
782.0	105	16.0
783.0	110	24.0
784.0	117	20.0
785.0	125	72.0
786.0	60	90.5
787.0	19	97.5
788.0	36	34.0
789.0	71	40.0
790.0	82	60.0
791.0	91	56.0
792.0	88	30.5
793.0	8	55.5
794.0	121	66.0
795.0	105	95.0
796.0	95	65.0
797.0	100	27.0
798.0	102	128.0
799.0	129	53.0
