1609824607.28	40000	1.000999	0.045	334476	33	-7.200000000000003
1609824608.41	20000	1.327903	0.098	11007815	960	-15.68
1609824609.16	20000	1.574881	0.0	8849724	630	20.0
1609824609.56	20000	2.206103	0.0	3191121	298	20.0
1609824610.75	80000	2.033342	0.0	13114792	1025	20.0
1609824612.65	160000	1.249158	0.099	20946809	1659	64.16
1609824613.81	160000	1.333213	0.25	11895609	1031	120.0
1609824614.47	160000	1.677832	0.0	7597636	538	160.0
1609824615.91	60000	1.323515	0.088	17832465	1269	-54.08
1609824616.96	60000	1.440581	0.168	9877442	926	33.120000000000005
1609824618.11	60000	1.359933	0.062	10988410	1013	50.08
1609824618.8	60000	1.672891	0.0	15230785	525	60.0
1609824619.41	80000	2.074091	0.0	17710542	417	60.0
1609824619.97	160000	2.496341	0.0	19559369	382	80.0
1609824620.56	160000	2.912014	0.0	22224402	386	160.0
1609824621.16	160000	3.313711	0.0	22578365	397	160.0
1609824621.5	160000	3.977689	0.0	8346702	218	160.0
1609824622.08	160000	4.396512	0.0	15775481	413	160.0
1609824623.85	160000	3.628084	0.0	9163235	1642	160.0
1609824627.36	160000	1.318558	0.2	41307095	3089	128.0
1609824628.97	110000	1.381571	0.67	19285617	1431	-47.2
1609824630.15	110000	1.302857	0.107	14817542	1043	92.88
1609824630.8	80000	1.659949	0.0	13274781	493	50.0
1609824631.45	80000	2.010156	0.0	14862949	497	80.0
1609824631.91	80000	2.549694	0.0	10513690	322	80.0
1609824632.42	80000	3.044525	0.0	8329186	385	80.0
1609824639.79	110000	1.415227	4.745	44076779	7089	-679.2
1609824641.61	40000	1.411181	0.811	20723782	1630	-159.76
1609824642.84	160000	1.464154	0.287	15251076	1087	-5.920000000000002
1609824644.14	160000	1.255735	0.058	16574034	1125	150.72
1609824645.38	160000	1.314907	0.301	13009028	1112	111.84
1609824646.4	160000	1.367296	0.07	12791674	888	148.8
1609824647.3	160000	1.46835	0.0	11137898	763	160.0
1609824648.25	160000	1.519328	0.0	11485310	813	160.0
1609824649.28	160000	1.489882	0.0	12428518	887	160.0
1609824650.13	160000	1.641789	0.0	9963766	717	160.0
1609824651.28	160000	1.49071	0.0	12189364	1010	160.0
1609824652.22	160000	1.558618	0.0	10142396	807	160.0
1609824653.32	160000	1.45637	0.0	10185488	974	160.0
1609824654.49	160000	1.444799	0.158	14061455	1027	134.72
1609824655.75	110000	1.353926	0.168	13956444	1115	33.120000000000005
1609824656.22	20000	1.893785	0.0	4742872	353	-70.0
1609824656.74	20000	2.369238	0.0	4955535	409	20.0
1609824657.3	110000	2.802678	0.0	5545322	457	20.0
1609824658.72	110000	2.391323	0.0	15180886	1262	110.0
1609824660.06	110000	2.049971	0.0	16044226	1179	110.0
1609824661.51	160000	1.601828	0.0	18715420	1270	110.0
1609824662.87	160000	1.284203	0.04	17000816	1191	153.6
1609824664.0	160000	1.319289	0.165	14448126	990	133.6
1609824664.64	160000	1.68169	0.0	6958676	525	160.0
1609824665.5	160000	1.821801	0.0	9088791	738	160.0
1609824666.12	160000	2.203334	0.0	7211881	493	160.0
1609824666.42	160000	2.90373	0.0	3063586	208	160.0
1609824666.69	160000	3.62957	0.0	2782179	185	160.0
1609824667.49	160000	3.832133	0.0	9958410	674	160.0
1609824668.54	160000	3.793085	0.0	12158708	903	160.0
1609824669.6	160000	3.727556	0.0	12300216	921	160.0
1609824670.91	160000	3.419334	0.0	15815684	1143	160.0
1609824672.17	160000	3.153585	0.0	13526256	1128	160.0
1609824673.24	160000	3.090667	0.0	11995130	929	160.0
1609824674.47	160000	2.857942	0.0	13394791	1087	160.0
1609824676.02	160000	2.313582	0.0	14135828	1399	160.0
1609824677.38	160000	1.950841	0.0	15366126	1212	160.0
1609824678.63	160000	1.705805	0.0	14248439	1093	160.0
1609824679.81	160000	1.519084	0.0	13843717	1038	160.0
1609824681.1	160000	1.234241	0.0	14665119	1142	160.0
1609824682.37	110000	1.25298	0.288	14377779	1117	13.920000000000002
1609824683.5	80000	1.291616	0.167	12476436	992	23.28
1609824684.62	80000	1.459623	0.287	10883852	994	34.08
1609824685.73	80000	1.496894	0.143	13889966	970	57.120000000000005
1609824686.85	80000	1.373066	0.0	12943936	983	80.0
1609824687.64	80000	1.582835	0.0	8355811	670	80.0
1609824688.5	80000	1.726076	0.0	7699623	739	80.0
1609824689.22	80000	2.002116	0.0	8697196	600	80.0
1609824689.7	80000	2.525672	0.0	8539884	356	80.0
1609824690.13	80000	3.10162	0.0	10111273	296	80.0
1609824691.21	80000	3.018551	0.0	34025057	825	80.0
1609824691.75	160000	3.4835	0.0	16292703	365	80.0
1609824692.54	160000	3.692586	0.0	25587422	580	160.0
1609824693.76	160000	3.472847	0.0	23982306	1015	160.0
1609824694.25	160000	3.988737	0.0	13347845	342	160.0
1609824694.74	160000	4.495361	0.0	14337991	332	160.0
1609824695.19	160000	5.043207	0.0	14584990	301	160.0
1609824695.86	160000	5.380583	0.0	13962401	511	160.0
1609824697.48	160000	4.761438	0.0	14393788	1471	160.0
1609824699.26	160000	3.982133	0.0	14649457	1631	160.0
1609824702.09	160000	2.146759	0.0	13409715	2683	160.0
1609824703.26	160000	1.979787	0.0	13909605	1021	160.0
1609824703.89	160000	2.349078	0.0	13301968	487	160.0
1609824704.37	110000	2.871076	0.0	13175394	326	60.0
1609824704.77	110000	3.470641	0.0	14191823	255	110.0
1609824705.21	160000	4.03918	0.0	18261873	257	110.0
1609824705.69	160000	4.556264	0.0	19847604	286	160.0
1609824706.06	160000	5.190048	0.0	18767181	193	160.0
1609824706.48	160000	5.763529	0.0	22420858	227	160.0
1609824706.85	160000	6.397729	0.0	19324333	186	160.0
1609824707.24	160000	7.013553	0.0	20392234	195	160.0
1609824707.43	160000	7.825571	0.0	7671072	73	160.0
1609824707.78	160000	8.472072	0.0	17781906	169	160.0
1609824708.04	160000	9.209325	0.0	12839336	122	160.0
1609824708.28	160000	9.97635	0.0	10779770	103	160.0
1609824708.57	160000	10.686222	0.0	14606687	139	160.0
1609824709.22	160000	11.03136	0.0	41866951	357	160.0
1609824709.82	160000	11.432817	0.0	37238410	324	160.0
1609824710.15	160000	12.105875	0.0	14347759	175	160.0
1609824710.43	160000	12.833113	0.0	11399187	141	160.0
1609824710.68	160000	13.579208	0.0	10358641	126	160.0
1609824711.0	160000	14.255955	0.0	14315696	170	160.0
1609824711.49	160000	14.777156	0.0	23283631	277	160.0
1609824712.24	160000	15.020078	0.0	37521367	477	160.0
1609824712.73	160000	15.537586	0.0	22241104	286	160.0
1609824713.36	160000	15.901842	0.0	15813346	475	160.0
1609824713.92	160000	16.344789	0.0	17116450	384	160.0
1609824714.44	160000	16.829801	0.0	18867054	339	160.0
1609824714.94	160000	17.327279	0.0	17393609	327	160.0
1609824715.61	160000	17.65696	0.0	24759401	464	160.0
1609824716.25	160000	18.024399	0.0	25782433	415	160.0
1609824716.96	160000	18.313702	0.0	25885372	469	160.0
1609824717.89	160000	18.381504	0.0	26242011	697	160.0
1609824719.2	160000	18.075923	0.0	23865378	1084	160.0
1609824723.5	160000	14.777073	0.0	25470681	4064	160.0
1609824725.94	160000	13.332882	0.0	27258768	2203	160.0
1609824727.35	160000	12.928203	0.0	17853711	1232	160.0
1609824728.51	160000	12.762194	0.0	14829893	1005	160.0
1609824730.71	160000	11.566292	0.0	27779697	1971	160.0
1609824736.18	160000	7.095302	0.0	27714923	5235	160.0
1609824744.44	160000	1.43936	1.605	25946474	8047	-96.80000000000001
1609824745.09	60000	1.787471	0.0	6892659	526	-40.0
1609824745.97	60000	1.908054	0.0	9177908	751	60.0
1609824746.7	60000	2.179326	0.0	6923540	614	60.0
1609824747.26	60000	2.62206	0.0	9283858	429	60.0
1609824747.8	60000	3.081901	0.0	9627205	414	60.0
1609824748.51	160000	3.376346	0.0	14528511	545	60.0
1609824749.29	160000	3.595665	0.0	16841176	609	160.0
1609824750.05	160000	3.837156	0.0	16743604	591	160.0
1609824750.88	160000	4.005645	0.0	17975224	653	160.0
1609824751.87	160000	4.022119	0.0	22329548	785	160.0
1609824753.33	160000	3.555184	0.0	16001583	1298	160.0
1609824756.04	160000	1.853988	0.0	18238584	2524	160.0
1609824757.74	160000	1.307314	0.153	21308824	1520	135.52
1609824759.16	160000	1.461513	0.58	17749058	1271	67.2
1609824760.32	160000	1.304712	0.0	14127787	1009	160.0
1609824762.11	110000	1.293264	0.775	11843441	1653	-64.0
1609824762.87	110000	1.530498	0.0	9470053	633	110.0
1609824763.54	110000	1.858768	0.0	13845974	521	110.0
1609824764.19	110000	2.217609	0.0	15054391	488	110.0
1609824764.86	160000	2.549151	0.0	18863108	482	110.0
1609824765.35	160000	3.057529	0.0	15964734	331	160.0
1609824765.64	160000	3.769879	0.0	8284939	171	160.0
1609824765.94	160000	4.464616	0.0	9004706	185	160.0
1609824766.2	160000	5.212984	0.0	6955279	140	160.0
1609824766.54	160000	5.867818	0.0	10701639	216	160.0
1609824766.86	160000	6.550243	0.0	9459459	191	160.0
1609824767.02	160000	7.395368	0.0	3212828	60	160.0
1609824767.15	160000	8.266572	0.0	2509989	45	160.0
1609824767.25	160000	9.164916	0.0	2004927	35	160.0
1609824767.31	160000	10.105966	0.0	591360	11	160.0
1609824767.4	160000	11.450697	0.0	2394426	42	160.0
1609824767.74	40000	1.000999	0.031	336477	2	-4.960000000000001
1609824768.26	160000	1.804836	0.0	14912671	292	40.0
1609824769.08	160000	1.983331	0.0	24265636	525	160.0
1609824771.28	160000	1.418588	0.515	22711544	2014	77.6
1609824771.96	160000	1.775736	0.0	19639705	475	160.0
1609824772.55	160000	2.202511	0.0	20946809	394	160.0
1609824772.91	160000	2.867309	0.0	11895609	224	160.0
1609824787.5	160000	1.277031	11.988	7597636	14462	-1758.08
1609824787.89	20000	1.883583	0.0	4047415	286	-120.0
1609824788.21	20000	2.564751	0.0	2863079	221	20.0
1609824788.68	20000	3.099488	0.0	4167844	361	20.0
1609824789.25	20000	3.521548	0.0	5571764	466	20.0
1609824789.74	20000	4.036192	0.0	4925652	380	20.0
1609824791.32	160000	3.458624	0.0	19559369	1390	20.0
1609824793.32	160000	2.457842	0.0	22224402	1806	160.0
1609824796.68	160000	1.249756	1.153	22578365	3166	-24.47999999999999
1609824797.46	160000	1.469898	0.0	8346702	658	160.0
1609824798.57	160000	1.400537	0.038	15775481	940	153.92
1609824799.15	160000	1.821794	0.0	9163235	453	160.0
1609824799.94	80000	2.025542	0.0	20277060	595	0.0
1609824800.55	110000	2.419569	0.0	19285617	414	80.0
1609824801.15	160000	2.816146	0.0	21266416	405	110.0
1609824801.75	160000	3.218439	0.0	23702229	389	160.0
1609824802.42	160000	3.549712	0.0	27580394	444	160.0
1609824802.91	160000	4.058186	0.0	20329780	307	160.0
1609824803.33	160000	4.643927	0.0	16109183	247	160.0
1609824811.18	160000	1.34243	3.55	58830800	7260	-408.0
