1609882814.08	40000	1.000999	0.028	334476	16	-4.480000000000004
1609882814.75	160000	1.72752	0.0	14912671	431	40.0
1609882815.18	160000	2.294496	0.0	24265636	148	160.0
1609882815.83	160000	2.65192	0.0	22711544	426	160.0
1609882816.71	160000	2.8423	0.0	19639705	677	160.0
1609882817.04	160000	3.510639	0.0	20946809	130	160.0
1609882817.72	160000	3.882468	0.0	11895609	524	160.0
1609882817.9	160000	4.708974	0.0	7597636	44	160.0
1609882819.36	160000	4.299988	0.0	56067905	890	160.0
1609882820.19	160000	4.465228	0.0	45444680	506	160.0
1609882821.27	160000	4.391617	0.0	54798068	688	160.0
1609882822.49	160000	4.171073	0.0	69464107	691	160.0
1609882823.24	160000	4.416051	0.0	50637608	384	160.0
1609882823.92	160000	4.741386	0.0	19559369	477	160.0
1609882824.25	160000	5.413533	0.0	22224402	127	160.0
1609882824.98	160000	5.683202	0.0	22578365	522	160.0
1609882825.16	160000	6.500458	0.0	8346702	51	160.0
1609882825.93	160000	6.738851	0.0	15775481	590	160.0
1609882826.13	160000	7.554538	0.0	9163235	53	160.0
1609882827.24	160000	7.513766	0.0	41307095	813	160.0
1609882828.1	160000	7.657478	0.0	28763893	606	160.0
1609882828.98	160000	7.779827	0.0	21266416	679	160.0
1609882829.34	160000	8.417342	0.0	23702229	140	160.0
1609882830.13	160000	8.623419	0.0	27580394	563	160.0
1609882831.07	160000	8.68953	0.0	20329780	729	160.0
1609882831.35	160000	9.411472	0.0	16109183	112	160.0
1609882832.54	160000	9.217612	0.0	58830800	782	160.0
1609882833.62	160000	9.144021	0.0	66935122	642	160.0
1609882834.06	160000	9.702653	0.0	15251076	277	160.0
1609882834.34	160000	10.423114	0.0	16574034	103	160.0
1609882835.02	160000	10.747196	0.0	13009028	517	160.0
1609882835.23	160000	11.530322	0.0	12791674	68	160.0
1609882835.63	160000	12.135958	0.0	11137898	251	160.0
1609882836.03	160000	12.740274	0.0	11485310	242	160.0
1609882836.25	160000	13.517343	0.0	12428518	72	160.0
1609882836.58	160000	14.190352	0.0	9963766	191	160.0
1609882837.02	160000	14.752756	0.0	12189364	291	160.0
1609882837.21	160000	15.565334	0.0	10142396	50	160.0
1609882837.4	160000	16.375943	0.0	10185488	50	160.0
1609882837.75	160000	17.022552	0.0	14061455	192	160.0
1609882838.13	160000	17.646263	0.0	20074099	184	160.0
1609882838.75	160000	18.021354	0.0	46115254	286	160.0
1609882839.35	160000	18.422947	0.0	40906522	281	160.0
1609882839.56	160000	19.214905	0.0	7891151	82	160.0
1609882839.98	160000	19.795661	0.0	21012466	220	160.0
1609882840.96	160000	19.81886	0.0	23519424	761	160.0
1609882842.52	160000	19.259809	0.0	18715420	1369	160.0
1609882844.18	160000	18.602729	0.0	17000816	1477	160.0
1609882845.33	160000	18.453249	0.0	14448126	984	160.0
1609882845.97	160000	18.811382	0.0	6958676	522	160.0
1609882846.41	160000	19.372913	0.0	9088791	308	160.0
1609882846.74	160000	20.045281	0.0	7211881	201	160.0
1609882846.93	160000	20.857478	0.0	3063586	84	160.0
1609882847.11	160000	21.680136	0.0	2782179	76	160.0
1609882847.36	160000	22.426608	0.0	9958410	116	160.0
1609882847.67	160000	23.121461	0.0	12158708	157	160.0
1609882848.02	160000	23.776815	0.0	12300216	195	160.0
1609882848.4	160000	24.393952	0.0	15815684	202	160.0
1609882848.75	160000	25.045507	0.0	13526256	197	160.0
1609882849.09	160000	25.703083	0.0	11995130	197	160.0
1609882849.38	160000	26.416753	0.0	13394791	140	160.0
1609882849.71	160000	27.090105	0.0	14135828	169	160.0
1609882850.11	160000	27.683674	0.0	15366126	251	160.0
1609882850.4	160000	28.397311	0.0	14248439	136	160.0
1609882850.69	160000	29.106617	0.0	13843717	141	160.0
1609882851.05	160000	29.746003	0.0	14665119	202	160.0
1609882851.48	160000	30.323338	0.0	21079187	221	160.0
1609882852.14	160000	30.666307	0.0	25480074	440	160.0
1609882852.6	160000	31.198955	0.0	23021754	245	160.0
1609882853.6	160000	31.203519	0.0	27527834	764	160.0
1609882854.52	160000	31.28328	0.0	26155848	683	160.0
1609882854.91	160000	31.895113	0.0	17849379	211	160.0
1609882855.3	160000	32.505814	0.0	16546531	217	160.0
1609882855.68	160000	33.124673	0.0	17718949	196	160.0
1609882856.07	160000	33.742165	0.0	17337137	202	160.0
1609882856.9	160000	33.908486	0.0	20008245	636	160.0
1609882858.96	160000	32.851379	0.0	58430914	1668	160.0
1609882859.56	160000	33.247536	0.0	16292703	427	160.0
1609882860.57	160000	33.240753	0.0	25587422	792	160.0
1609882861.56	160000	33.257449	0.0	23982306	763	160.0
1609882861.83	160000	33.98529	0.0	13347845	115	160.0
1609882862.56	160000	34.26005	0.0	14337991	569	160.0
1609882862.85	160000	34.968005	0.0	14584990	131	160.0
1609882863.57	160000	35.243395	0.0	13962401	575	160.0
1609882863.86	160000	35.962105	0.0	14393788	127	160.0
1609882864.57	160000	36.252582	0.0	14649457	555	160.0
1609882864.84	160000	36.984906	0.0	13409715	114	160.0
1609882865.56	160000	37.264165	0.0	13909605	570	160.0
1609882865.82	160000	38.004398	0.0	13301968	108	160.0
1609882866.62	160000	38.200937	0.0	19025846	618	160.0
1609882867.24	160000	38.58133	0.0	19295426	438	160.0
1609882867.7	160000	39.121279	0.0	18261873	281	160.0
1609882868.65	160000	39.178289	0.0	19847604	755	160.0
1609882869.53	160000	39.296945	0.0	18767181	693	160.0
1609882869.93	160000	39.902765	0.0	22420858	193	160.0
1609882870.74	160000	40.089776	0.0	19324333	620	160.0
1609882871.65	160000	40.17627	0.0	20392234	707	160.0
1609882871.84	160000	40.988013	0.0	7671072	62	160.0
1609882872.71	160000	41.120974	0.0	17781906	691	160.0
1609882872.97	160000	41.859263	0.0	12839336	111	160.0
1609882873.67	160000	42.167093	0.0	10779770	555	160.0
1609882873.95	160000	42.886773	0.0	14606687	123	160.0
1609882875.11	160000	42.726991	0.0	41866951	838	160.0
1609882876.08	160000	42.76231	0.0	37238410	667	160.0
1609882876.74	160000	43.097404	0.0	14347759	505	160.0
1609882876.98	160000	43.862104	0.0	11399187	89	160.0
1609882877.58	160000	44.255861	0.0	10358641	467	160.0
1609882877.86	160000	44.979492	0.0	14315696	123	160.0
1609882878.62	160000	45.224354	0.0	23283631	546	160.0
1609882879.28	160000	45.567803	0.0	37521367	350	160.0
1609882879.9	160000	45.945278	0.0	22241104	413	160.0
1609882880.22	160000	46.621943	0.0	15813346	148	160.0
1609882880.8	160000	47.044348	0.0	17116450	397	160.0
1609882881.12	160000	47.726097	0.0	18867054	131	160.0
1609882881.66	160000	48.189024	0.0	17393609	357	160.0
1609882882.08	160000	48.766384	0.0	24759401	208	160.0
1609882882.72	160000	49.132275	0.0	25782433	416	160.0
1609882883.13	160000	49.721995	0.0	25885372	170	160.0
1609882883.72	160000	50.132773	0.0	26242011	357	160.0
1609882884.15	160000	50.706487	0.0	23865378	181	160.0
1609882884.65	160000	51.205038	0.0	25470681	282	160.0
1609882885.12	160000	51.738369	0.0	27258768	228	160.0
1609882885.48	160000	52.375329	0.0	17853711	174	160.0
1609882885.79	160000	53.069108	0.0	14829893	145	160.0
1609882886.23	160000	53.629538	0.0	27779697	208	160.0
1609882886.71	160000	54.153535	0.0	27714923	249	160.0
1609882887.1	160000	54.756695	0.0	25946474	171	160.0
1609882887.44	160000	55.422893	0.0	19596259	146	160.0
1609882887.83	160000	56.030495	0.0	23774167	183	160.0
1609882888.15	160000	56.714665	0.0	19373656	131	160.0
1609882888.55	160000	57.317512	0.0	23977420	178	160.0
1609882888.95	160000	57.915817	0.0	24493733	179	160.0
1609882889.28	160000	58.582961	0.0	14528511	176	160.0
1609882889.59	160000	59.279891	0.0	16841176	129	160.0
1609882889.9	160000	59.977879	0.0	16743604	128	160.0
1609882891.02	160000	59.911424	0.0	17975224	436	160.0
1609882892.12	160000	59.75379	0.0	22329548	895	160.0
1609882893.03	160000	59.845349	0.0	16001583	735	160.0
1609882894.06	160000	59.808495	0.0	18238584	856	160.0
1609882896.01	160000	58.864634	0.0	21308824	1739	160.0
1609882896.65	160000	59.225415	0.0	17749058	461	160.0
1609882896.97	160000	59.901984	0.0	14127787	168	160.0
1609882898.51	160000	59.362958	0.0	17525699	1359	160.0
1609882899.19	160000	59.688189	0.0	14240042	518	160.0
1609882900.15	160000	59.728379	0.0	20324139	769	160.0
1609882901.21	160000	59.671438	0.0	21993033	364	160.0
1609882902.15	160000	59.922449	0.0	18863108	249	160.0
1609882902.96	160000	59.923417	0.0	15964734	138	160.0
1609882904.18	160000	59.924418	0.0	8284939	89	160.0
1609882905.39	160000	59.675438	0.0	9004706	81	160.0
1609882906.25	160000	59.676458	0.0	6955279	238	160.0
1609882906.97	160000	59.927405	0.0	10701639	80	160.0
1609882908.25	160000	59.678429	0.0	9459459	137	160.0
1609882909.38	160000	59.679464	0.0	3212828	24	160.0
1609882909.99	160000	59.930479	0.0	2509989	19	160.0
1609882911.21	160000	59.931437	0.0	2004927	143	160.0
1609882912.27	160000	59.682377	0.0	591360	3	160.0
1609882913.84	160000	59.617176	0.0	2394426	17	160.0
1609882914.24	40000	1.000999	0.051	336477	24	-8.16
1609882914.58	160000	2.001999	0.0	14912671	106	40.0
1609882915.66	160000	1.934666	0.0	24265636	780	160.0
1609882917.74	160000	1.415904	0.545	22711544	1876	72.8
1609882919.54	160000	1.314692	0.642	19639705	1610	57.28
1609882921.3	160000	1.299642	0.722	20946809	1568	44.480000000000004
1609882922.47	160000	1.273024	0.142	11895609	1025	137.28
1609882923.27	160000	1.473864	0.0	7597636	673	160.0
1609882925.03	60000	1.391616	0.678	17832465	1578	-148.48000000000002
1609882925.83	60000	1.588547	0.0	9877442	666	60.0
1609882926.76	60000	1.661529	0.0	10988410	785	60.0
1609882928.2	60000	1.347128	0.122	15230785	1282	40.480000000000004
1609882929.71	80000	1.468974	0.628	17710542	1336	-40.480000000000004
1609882930.77	110000	1.406069	0.0	10838546	914	80.0
1609882931.86	110000	1.347203	0.03	12783186	941	105.2
1609882932.91	110000	1.380709	0.081	13101938	905	97.03999999999999
1609882933.42	110000	1.863896	0.0	5268213	403	110.0
1609882934.31	110000	1.984575	0.0	9838179	741	110.0
1609882934.87	110000	2.419487	0.0	6126794	448	110.0
1609882937.33	110000	1.464811	0.504	26576979	2249	29.36
1609882938.83	110000	1.469512	0.502	19285617	1320	29.680000000000007
1609882940.14	110000	1.473321	0.315	14817542	1160	59.6
1609882941.57	110000	1.288737	0.247	17002609	1263	70.47999999999999
1609882943.27	110000	1.2859	0.689	19316039	1511	-0.23999999999999488
1609882944.49	110000	1.475557	0.409	13919609	1070	44.56
1609882945.44	110000	1.529615	0.0	11073078	801	110.0
1609882946.46	20000	1.505825	0.0	9946363	869	-70.0
1609882947.69	20000	1.38746	0.116	11684632	1098	1.4400000000000013
1609882948.67	110000	1.416653	0.0	10019282	826	20.0
1609882949.95	160000	1.263999	0.133	16574034	1111	88.72
