1609880540.58	40000	1.000999	0.071	334476	58	-11.36
1609880542.05	20000	1.310473	0.401	11007815	1288	-64.16
1609880543.49	20000	1.333818	0.44	8849724	1313	-50.400000000000006
1609880543.85	20000	1.980207	0.0	3191121	241	20.0
1609880544.6	40000	2.267887	0.0	4726840	633	20.0
1609880545.64	60000	2.232921	0.0	7325507	907	40.0
1609880546.2	60000	2.670701	0.0	4014386	455	60.0
1609880546.63	60000	3.242962	0.0	3830488	316	60.0
1609880548.47	60000	2.403605	0.0	17832465	1623	60.0
1609880549.63	60000	2.247806	0.0	9877442	1014	60.0
1609880550.85	60000	2.032527	0.0	10988410	1069	60.0
1609880552.84	60000	1.445669	0.408	15230785	1840	-5.280000000000001
1609880555.27	60000	1.35482	1.34	13601559	2286	-154.4
1609880556.51	80000	1.446795	0.326	7412644	1111	7.840000000000003
1609880557.26	80000	1.691848	0.0	9055732	627	80.0
1609880558.42	80000	1.542628	0.0	9337721	1009	80.0
1609880558.74	80000	2.219219	0.0	3201928	217	80.0
1609880559.29	80000	2.670742	0.0	6731501	430	80.0
1609880559.62	80000	3.339631	0.0	4543558	221	80.0
1609880561.74	110000	2.218148	0.0	26576979	1834	80.0
1609880563.47	110000	1.497131	0.0	19285617	1528	110.0
1609880566.85	110000	1.280787	2.165	14817542	3226	-236.39999999999998
1609880567.96	60000	1.445877	0.278	10489883	967	-34.48
1609880569.58	60000	1.474136	0.647	11644166	1482	-43.519999999999996
1609880570.38	60000	1.672689	0.0	8135330	675	60.0
1609880570.82	40000	2.237662	0.0	4316804	322	20.0
1609880571.77	20000	2.282332	0.0	9946363	813	0.0
1609880574.53	20000	1.37465	0.843	11684632	2612	-114.88
1609880575.64	110000	1.467942	0.208	10019282	985	-13.280000000000001
1609880576.59	110000	1.519958	0.0	10921784	808	110.0
1609880577.59	110000	1.518866	0.0	8768798	865	110.0
1609880577.99	110000	2.124023	0.0	8740660	268	110.0
1609880579.8	160000	1.430745	0.121	11137898	1679	90.63999999999999
1609880580.83	160000	1.405926	0.0	11485310	879	160.0
1609880581.81	160000	1.457203	0.03	12428518	832	155.2
1609880582.68	160000	1.584539	0.0	9963766	729	160.0
1609880583.2	160000	2.069649	0.0	12189364	370	160.0
1609880583.75	160000	2.517715	0.0	10142396	414	160.0
1609880584.17	160000	3.102883	0.0	10185488	280	160.0
1609880584.82	160000	3.449526	0.0	14061455	487	160.0
1609880585.91	160000	3.362446	0.0	20074099	885	160.0
1609880588.23	160000	2.043266	0.0	46115254	1810	160.0
1609880589.96	160000	1.395753	0.079	40906522	1401	147.36
1609880590.82	160000	1.535501	0.0	7891151	734	160.0
1609880591.28	160000	2.074716	0.0	21012466	260	160.0
1609880591.78	160000	2.578176	0.0	23519424	290	160.0
1609880592.16	160000	3.20064	0.0	18715420	188	160.0
1609880592.51	160000	3.847995	0.0	17000816	166	160.0
1609880592.81	160000	4.543581	0.0	14448126	148	160.0
1609880593.01	160000	5.347903	0.0	6958676	73	160.0
1609880593.24	160000	6.122991	0.0	9088791	94	160.0
1609880593.43	160000	6.928562	0.0	7211881	75	160.0
1609880593.57	160000	7.796432	0.0	3063586	32	160.0
1609880593.69	160000	8.668847	0.0	2782179	28	160.0
1609880593.94	160000	9.424374	0.0	9958410	110	160.0
1609880594.22	160000	10.144561	0.0	12158708	134	160.0
1609880594.5	160000	10.862106	0.0	12300216	135	160.0
1609880594.86	160000	11.510926	0.0	15815684	181	160.0
1609880595.14	160000	12.227293	0.0	13526256	131	160.0
1609880595.4	160000	12.965316	0.0	11995130	116	160.0
1609880595.68	160000	13.68459	0.0	13394791	129	160.0
1609880595.97	160000	14.398116	0.0	14135828	133	160.0
1609880596.28	160000	15.093144	0.0	15366126	144	160.0
1609880596.57	160000	15.801284	0.0	14248439	134	160.0
1609880596.86	160000	16.516736	0.0	13843717	131	160.0
1609880597.16	160000	17.218413	0.0	14665119	140	160.0
1609880597.56	160000	17.816417	0.0	21079187	202	160.0
1609880598.02	160000	18.357311	0.0	25480074	243	160.0
1609880598.45	160000	18.929023	0.0	23021754	214	160.0
1609880598.93	160000	19.449798	0.0	27527834	255	160.0
1609880599.37	160000	20.005212	0.0	26155848	216	160.0
1609880599.7	160000	20.677063	0.0	17849379	150	160.0
1609880600.02	160000	21.358059	0.0	16546531	140	160.0
1609880600.36	160000	22.021415	0.0	17718949	148	160.0
1609880600.69	160000	22.695591	0.0	17337137	151	160.0
1609880601.13	160000	23.254725	0.0	20008245	251	160.0
1609880606.25	160000	19.133779	0.0	58430914	4628	160.0
1609880606.84	160000	19.550869	0.0	16292703	400	160.0
1609880607.54	160000	19.851726	0.0	25587422	478	160.0
1609880608.19	160000	20.205837	0.0	23982306	433	160.0
1609880608.64	160000	20.750773	0.0	13347845	293	160.0
1609880609.12	160000	21.274766	0.0	14337991	318	160.0
1609880609.59	160000	21.804446	0.0	14584990	313	160.0
1609880610.04	160000	22.349418	0.0	13962401	300	160.0
1609880611.27	160000	22.124474	0.0	14393788	1067	160.0
1609880612.28	160000	22.110326	0.0	14649457	855	160.0
1609880612.82	160000	22.578714	0.0	13409715	379	160.0
1609880613.32	160000	23.074376	0.0	13909605	347	160.0
1609880613.76	160000	23.640251	0.0	13301968	286	160.0
1609880614.37	160000	24.038796	0.0	19025846	411	160.0
1609880614.98	160000	24.424653	0.0	19295426	416	160.0
1609880615.59	160000	24.81317	0.0	18261873	429	160.0
1609880616.26	160000	25.140839	0.0	19847604	477	160.0
1609880616.85	160000	25.551528	0.0	18767181	407	160.0
1609880617.57	160000	25.836096	0.0	22420858	510	160.0
1609880618.22	160000	26.182487	0.0	19324333	460	160.0
1609880618.82	160000	26.587705	0.0	20392234	404	160.0
1609880619.1	160000	27.312153	0.0	7671072	150	160.0
1609880619.65	160000	27.758801	0.0	17781906	373	160.0
1609880620.07	160000	28.337835	0.0	12839336	271	160.0
1609880620.41	160000	29.000932	0.0	10779770	199	160.0
1609880620.83	160000	29.590069	0.0	14606687	254	160.0
1609880621.88	160000	29.533518	0.0	41866951	722	160.0
1609880622.79	160000	29.62449	0.0	37238410	611	160.0
1609880623.17	160000	30.241252	0.0	14347759	226	160.0
1609880623.51	160000	30.900857	0.0	11399187	200	160.0
1609880623.84	160000	31.574857	0.0	10358641	184	160.0
1609880624.26	160000	32.161732	0.0	14315696	255	160.0
1609880624.75	160000	32.664754	0.0	23283631	275	160.0
1609880625.5	160000	32.920022	0.0	37521367	452	160.0
1609880625.97	160000	33.44661	0.0	22241104	274	160.0
1609880626.34	160000	34.078209	0.0	15813346	194	160.0
1609880626.69	160000	34.731813	0.0	17116450	175	160.0
1609880627.07	160000	35.356491	0.0	18867054	192	160.0
1609880627.42	160000	36.004386	0.0	17393609	175	160.0
1609880627.85	160000	36.57405	0.0	24759401	220	160.0
1609880628.3	160000	37.128282	0.0	25782433	231	160.0
1609880628.8	160000	37.629184	0.0	25885372	267	160.0
1609880629.29	160000	38.135942	0.0	26242011	271	160.0
1609880629.77	160000	38.668856	0.0	23865378	246	160.0
1609880630.25	160000	39.180515	0.0	25470681	264	160.0
1609880630.73	160000	39.699351	0.0	27258768	241	160.0
1609880631.06	160000	40.367751	0.0	17853711	150	160.0
1609880631.35	160000	41.086372	0.0	14829893	122	160.0
1609880631.83	160000	41.600794	0.0	27779697	254	160.0
1609880632.31	160000	42.121196	0.0	27714923	254	160.0
1609880632.78	160000	42.651792	0.0	25946474	244	160.0
1609880633.16	160000	43.275593	0.0	19596259	185	160.0
1609880633.59	160000	43.843375	0.0	23774167	222	160.0
1609880633.95	160000	44.494282	0.0	19373656	162	160.0
1609880634.37	160000	45.072344	0.0	23977420	201	160.0
1609880634.79	160000	45.651164	0.0	24493733	209	160.0
1609880635.07	160000	46.370835	0.0	14528511	125	160.0
1609880635.39	160000	47.050594	0.0	16841176	148	160.0
1609880635.7	160000	47.742672	0.0	16743604	136	160.0
1609880636.02	160000	48.423103	0.0	17975224	146	160.0
1609880636.4	160000	49.044897	0.0	22329548	182	160.0
1609880636.72	160000	49.730765	0.0	16001583	147	160.0
1609880637.06	160000	50.386786	0.0	18238584	166	160.0
1609880637.46	160000	50.990814	0.0	21308824	194	160.0
1609880637.89	160000	51.557482	0.0	17749058	258	160.0
1609880638.25	160000	52.200844	0.0	14127787	205	160.0
1609880639.43	160000	52.019762	0.0	17525699	994	160.0
1609880640.59	160000	51.865543	0.0	14240042	993	160.0
1609880641.0	160000	52.458137	0.0	20324139	220	160.0
1609880641.43	160000	53.02269	0.0	21993033	236	160.0
1609880641.77	160000	53.689784	0.0	18863108	148	160.0
1609880642.03	160000	54.422586	0.0	15964734	98	160.0
1609880642.21	160000	55.247846	0.0	8284939	51	160.0
1609880642.39	160000	56.066668	0.0	9004706	55	160.0
1609880642.56	160000	56.904638	0.0	6955279	43	160.0
1609880642.82	160000	57.636533	0.0	10701639	130	160.0
1609880643.07	160000	58.391853	0.0	9459459	116	160.0
1609880643.22	160000	59.247206	0.0	3212828	33	160.0
1609880643.84	160000	59.78158	0.0	2509989	31	160.0
1609880645.03	160000	59.532536	0.0	2004927	108	160.0
1609880645.63	160000	59.995682	0.0	591360	40	160.0
1609880647.38	160000	59.718375	0.0	2394426	200	160.0
1609880647.68	40000	1.000999	0.024	336477	3	-3.8400000000000034
1609880648.05	160000	2.001999	0.0	14912671	132	40.0
1609880648.56	160000	2.498392	0.0	24265636	215	160.0
1609880649.46	160000	2.600073	0.0	22711544	686	160.0
1609880650.91	160000	2.299066	0.0	19639705	1250	160.0
1609880651.42	160000	2.814279	0.0	20946809	306	160.0
1609880651.74	160000	3.490713	0.0	11895609	174	160.0
1609880652.02	160000	4.237722	0.0	7597636	153	160.0
1609880658.35	160000	1.171427	2.225	56067905	5811	-196.0
1609880659.09	80000	1.433793	0.0	15816325	551	0.0
1609880659.67	110000	1.858076	0.0	26873304	338	80.0
1609880660.33	110000	2.194558	0.0	33588177	386	110.0
1609880661.28	160000	2.255149	0.0	50637608	549	110.0
1609880661.67	160000	2.863939	0.0	19559369	193	160.0
1609880662.08	160000	3.452226	0.0	22224402	212	160.0
1609880662.47	160000	4.062366	0.0	22578365	181	160.0
1609880662.67	160000	4.868655	0.0	8346702	66	160.0
1609880662.97	160000	5.567259	0.0	15775481	127	160.0
1609880663.16	160000	6.374696	0.0	9163235	62	160.0
1609880663.75	160000	6.789012	0.0	41307095	282	160.0
1609880664.2	160000	7.34224	0.0	28763893	199	160.0
1609880664.55	160000	7.987863	0.0	21266416	151	160.0
1609880664.94	160000	8.602728	0.0	23702229	170	160.0
1609880665.32	160000	9.219611	0.0	27580394	152	160.0
1609880665.64	160000	9.903705	0.0	20329780	111	160.0
1609880665.9	160000	10.640815	0.0	16109183	87	160.0
1609880666.71	160000	10.832008	0.0	58830800	312	160.0
1609880667.55	160000	10.993794	0.0	66935122	386	160.0
