1609884708.07	40000	1.000999	0.019	334476	7	-3.039999999999999
1609884708.65	160000	1.809212	0.0	14912671	306	40.0
1609884709.18	160000	2.291631	0.0	24265636	247	160.0
1609884709.91	160000	2.56483	0.0	22711544	529	160.0
1609884710.79	160000	2.812927	0.0	19639705	690	160.0
1609884711.23	160000	3.399743	0.0	20946809	225	160.0
1609884711.77	160000	3.883845	0.0	11895609	397	160.0
1609884711.96	160000	4.694568	0.0	7597636	69	160.0
1609884713.51	160000	4.23619	0.0	56067905	1014	160.0
1609884714.27	160000	4.477656	0.0	45444680	446	160.0
1609884715.38	160000	4.368901	0.0	54798068	748	160.0
1609884717.18	160000	3.567397	0.0	69464107	1267	160.0
1609884718.59	160000	3.162379	0.0	50637608	1054	160.0
1609884720.41	160000	2.363579	0.0	19559369	1618	160.0
1609884721.11	160000	2.670363	0.0	22224402	487	160.0
1609884722.05	160000	2.734268	0.0	22578365	734	160.0
1609884722.25	160000	3.528106	0.0	8346702	80	160.0
1609884722.99	160000	3.789065	0.0	15775481	573	160.0
1609884723.19	160000	4.589692	0.0	9163235	71	160.0
1609884724.32	160000	4.465363	0.0	41307095	836	160.0
1609884725.21	160000	4.574084	0.0	28763893	647	160.0
1609884725.7	160000	5.092011	0.0	21266416	290	160.0
1609884726.59	160000	5.198233	0.0	23702229	669	160.0
1609884727.68	160000	5.104558	0.0	27580394	864	160.0
1609884730.67	160000	3.12247	0.0	20329780	2775	160.0
1609884731.43	160000	3.362384	0.0	16109183	594	160.0
1609884732.73	110000	3.061047	0.0	44076779	946	60.0
1609884733.62	110000	3.166854	0.0	49215857	532	110.0
1609884733.93	160000	3.858835	0.0	15251076	151	110.0
1609884734.33	160000	4.46674	0.0	16574034	210	160.0
1609884734.61	160000	5.183818	0.0	13009028	133	160.0
1609884734.88	160000	5.918262	0.0	12791674	119	160.0
1609884735.13	160000	6.666775	0.0	11137898	105	160.0
1609884735.38	160000	7.41271	0.0	11485310	113	160.0
1609884735.65	160000	8.146028	0.0	12428518	119	160.0
1609884735.89	160000	8.91265	0.0	9963766	96	160.0
1609884736.16	160000	9.650299	0.0	12189364	111	160.0
1609884736.38	160000	10.418622	0.0	10142396	81	160.0
1609884736.63	160000	11.177227	0.0	10185488	100	160.0
1609884736.92	160000	11.880761	0.0	14061455	144	160.0
1609884737.28	160000	12.522329	0.0	20074099	170	160.0
1609884737.98	160000	12.827073	0.0	46115254	375	160.0
1609884738.6	160000	13.209826	0.0	40906522	312	160.0
1609884738.76	160000	14.042265	0.0	7891151	44	160.0
1609884739.08	160000	14.729242	0.0	21012466	121	160.0
1609884739.46	160000	15.353196	0.0	23519424	174	160.0
1609884739.75	160000	16.060183	0.0	18715420	103	160.0
1609884740.02	160000	16.789125	0.0	17000816	95	160.0
1609884740.29	160000	17.523894	0.0	14448126	106	160.0
1609884740.46	160000	18.354923	0.0	6958676	53	160.0
1609884740.66	160000	19.153949	0.0	9088791	76	160.0
1609884740.84	160000	19.974699	0.0	7211881	57	160.0
1609884740.97	160000	20.849974	0.0	3063586	27	160.0
1609884741.09	160000	21.729241	0.0	2782179	24	160.0
1609884741.29	160000	22.527092	0.0	9958410	70	160.0
1609884741.52	160000	23.299744	0.0	12158708	85	160.0
1609884742.23	160000	23.592257	0.0	12300216	563	160.0
1609884742.53	160000	24.292078	0.0	15815684	126	160.0
1609884743.32	160000	24.503641	0.0	13526256	641	160.0
1609884743.54	160000	25.282677	0.0	11995130	80	160.0
1609884744.29	160000	25.532335	0.0	13394791	602	160.0
1609884744.54	160000	26.284061	0.0	14135828	98	160.0
1609884745.33	160000	26.498972	0.0	15366126	626	160.0
1609884745.57	160000	27.254384	0.0	14248439	95	160.0
1609884746.34	160000	27.490039	0.0	13843717	613	160.0
1609884746.6	160000	28.229629	0.0	14665119	96	160.0
1609884747.45	160000	28.384993	0.0	21079187	651	160.0
1609884748.21	160000	28.623461	0.0	25480074	544	160.0
1609884748.58	160000	29.253995	0.0	23021754	161	160.0
1609884749.53	160000	29.299714	0.0	27527834	728	160.0
1609884750.48	160000	29.352937	0.0	26155848	713	160.0
1609884750.79	160000	30.042828	0.0	17849379	125	160.0
1609884751.47	160000	30.363019	0.0	16546531	508	160.0
1609884751.78	160000	31.058419	0.0	17718949	126	160.0
1609884752.49	160000	31.345148	0.0	17337137	541	160.0
1609884752.82	160000	32.019296	0.0	20008245	135	160.0
1609884754.04	160000	31.807849	0.0	58430914	806	160.0
1609884754.53	160000	32.310059	0.0	16292703	318	160.0
1609884754.92	160000	32.925473	0.0	25587422	165	160.0
1609884755.63	160000	33.22204	0.0	23982306	494	160.0
1609884755.87	160000	33.977905	0.0	13347845	86	160.0
1609884756.52	160000	34.325364	0.0	14337991	497	160.0
1609884756.78	160000	35.067049	0.0	14584990	96	160.0
1609884757.52	160000	35.330908	0.0	13962401	582	160.0
1609884757.77	160000	36.076075	0.0	14393788	99	160.0
1609884758.56	160000	36.291358	0.0	14649457	630	160.0
1609884758.81	160000	37.047957	0.0	13409715	90	160.0
1609884759.55	160000	37.303324	0.0	13909605	589	160.0
1609884759.79	160000	38.063918	0.0	13301968	92	160.0
1609884761.42	160000	37.431247	0.0	19025846	1444	160.0
1609884763.12	160000	36.730828	0.0	19295426	1511	160.0
1609884764.81	160000	36.047942	0.0	18261873	1507	160.0
1609884766.46	160000	35.399494	0.0	19847604	1455	160.0
1609884768.08	160000	34.77231	0.0	18767181	1448	160.0
1609884769.93	160000	33.930112	0.0	22420858	1635	160.0
1609884771.55	160000	33.306075	0.0	19324333	1431	160.0
1609884773.35	160000	32.520787	0.0	20392234	1582	160.0
1609884774.16	160000	32.704327	0.0	7671072	687	160.0
1609884775.77	160000	32.097004	0.0	17781906	1431	160.0
1609884776.96	160000	31.906409	0.0	12839336	1043	160.0
1609884778.01	160000	31.856596	0.0	10779770	913	160.0
1609884779.16	160000	31.701682	0.0	14606687	1002	160.0
1609884782.66	160000	29.207014	0.0	41866951	3165	160.0
1609884785.67	160000	27.19404	0.0	37238410	2711	160.0
1609884786.85	160000	27.023363	0.0	14347759	1011	160.0
1609884787.79	160000	27.079678	0.0	11399187	799	160.0
1609884788.66	160000	27.214191	0.0	10358641	727	160.0
1609884789.91	160000	26.956446	0.0	14315696	1102	160.0
1609884792.88	160000	24.995519	0.0	23283631	2751	160.0
1609884798.22	160000	20.648786	0.0	37521367	5036	160.0
1609884799.27	160000	20.60253	0.0	22241104	851	160.0
1609884799.79	160000	21.08649	0.0	15813346	347	160.0
1609884800.24	160000	21.646518	0.0	17116450	269	160.0
1609884800.71	160000	22.165802	0.0	18867054	283	160.0
1609884801.11	160000	22.765716	0.0	17393609	223	160.0
1609884801.65	160000	23.232365	0.0	24759401	318	160.0
1609884802.41	160000	23.465921	0.0	25782433	542	160.0
1609884803.11	160000	23.775997	0.0	25885372	461	160.0
1609884803.79	160000	24.101187	0.0	26242011	450	160.0
1609884804.4	160000	24.487085	0.0	23865378	380	160.0
1609884805.32	160000	24.564771	0.0	25470681	706	160.0
1609884806.15	160000	24.744509	0.0	27258768	580	160.0
1609884806.64	160000	25.247926	0.0	17853711	309	160.0
1609884807.33	160000	25.55698	0.0	14829893	533	160.0
1609884808.16	160000	25.732903	0.0	27779697	587	160.0
1609884808.84	160000	26.050669	0.0	27714923	448	160.0
1609884809.41	160000	26.480943	0.0	25946474	344	160.0
1609884809.86	160000	27.03527	0.0	19596259	263	160.0
1609884810.41	160000	27.485903	0.0	23774167	338	160.0
1609884810.87	160000	28.027435	0.0	19373656	265	160.0
1609884811.36	160000	28.533779	0.0	23977420	280	160.0
1609884811.87	160000	29.028618	0.0	24493733	283	160.0
1609884812.18	160000	29.719812	0.0	14528511	146	160.0
1609884812.52	160000	30.377845	0.0	16841176	170	160.0
1609884812.86	160000	31.038673	0.0	16743604	165	160.0
1609884813.2	160000	31.695346	0.0	17975224	165	160.0
1609884813.61	160000	32.290073	0.0	22329548	206	160.0
1609884814.15	160000	32.760155	0.0	16001583	363	160.0
1609884814.9	160000	33.003834	0.0	18238584	563	160.0
1609884815.36	160000	33.538629	0.0	21308824	264	160.0
1609884815.76	160000	34.145186	0.0	17749058	218	160.0
1609884816.07	160000	34.838619	0.0	14127787	153	160.0
1609884816.45	160000	35.459537	0.0	17525699	190	160.0
1609884816.75	160000	36.153491	0.0	14240042	155	160.0
1609884817.16	160000	36.74979	0.0	20324139	214	160.0
1609884817.59	160000	37.317205	0.0	21993033	234	160.0
1609884818.0	160000	37.916617	0.0	18863108	208	160.0
1609884818.38	160000	38.529264	0.0	15964734	205	160.0
1609884818.62	160000	39.296966	0.0	8284939	107	160.0
1609884818.87	160000	40.049522	0.0	9004706	116	160.0
1609884819.05	160000	40.859212	0.0	6955279	70	160.0
1609884819.3	160000	41.617037	0.0	10701639	107	160.0
1609884819.52	160000	42.392286	0.0	9459459	95	160.0
1609884819.65	160000	43.262469	0.0	3212828	32	160.0
1609884819.77	160000	44.147465	0.0	2509989	25	160.0
1609884819.86	160000	45.057402	0.0	2004927	20	160.0
1609884819.92	160000	45.999691	0.0	591360	5	160.0
1609884819.99	160000	47.361578	0.0	2394426	24	160.0
1609884820.4	40000	1.000999	0.031	336477	3	-4.960000000000001
1609884820.79	160000	1.971613	0.0	14912671	146	40.0
1609884821.29	160000	2.465409	0.0	24265636	210	160.0
1609884821.7	160000	3.053767	0.0	22711544	200	160.0
1609884822.06	160000	3.701394	0.0	19639705	166	160.0
1609884822.43	160000	4.401138	0.0	20946809	163	160.0
1609884822.67	160000	5.162848	0.0	11895609	94	160.0
1609884822.84	160000	5.989213	0.0	7597636	59	160.0
1609884823.8	160000	6.110562	0.0	56067905	399	160.0
1609884824.42	160000	6.516901	0.0	45444680	312	160.0
1609884825.17	160000	6.821142	0.0	54798068	375	160.0
1609884826.14	160000	6.844635	0.0	69464107	443	160.0
1609884826.82	160000	7.183156	0.0	50637608	314	160.0
1609884827.12	160000	7.87343	0.0	19559369	118	160.0
1609884827.45	160000	8.545514	0.0	22224402	130	160.0
1609884827.78	160000	9.212245	0.0	22578365	132	160.0
1609884827.96	160000	10.038391	0.0	8346702	39	160.0
1609884828.21	160000	10.784904	0.0	15775481	88	160.0
1609884828.39	160000	11.605113	0.0	9163235	52	160.0
1609884828.94	160000	12.060776	0.0	41307095	234	160.0
1609884829.34	160000	12.654628	0.0	28763893	159	160.0
1609884829.66	160000	13.342656	0.0	21266416	117	160.0
1609884830.02	160000	13.977079	0.0	23702229	131	160.0
1609884830.41	160000	14.594651	0.0	27580394	157	160.0
1609884830.73	160000	15.275067	0.0	20329780	117	160.0
1609884830.99	160000	16.015056	0.0	16109183	93	160.0
1609884831.76	160000	16.242995	0.0	58830800	346	160.0
1609884832.62	160000	16.454565	0.0	66935122	384	160.0
1609884832.87	160000	17.214509	0.0	15251076	81	160.0
1609884833.14	160000	17.989182	0.0	16574034	89	160.0
