1609881677.66	40000	1.000999	0.036	334476	23	-5.759999999999998
1609881678.59	160000	1.446654	0.0	14912671	699	40.0
1609881680.33	160000	1.446001	0.71	24265636	1488	46.400000000000006
1609881681.99	160000	1.422702	0.583	22711544	1459	66.72
1609881684.3	160000	1.310818	1.172	19639705	2117	-27.52000000000001
1609881685.49	160000	1.303608	0.153	20946809	997	135.52
1609881686.33	160000	1.46597	0.0	11895609	684	160.0
1609881686.91	160000	1.878904	0.0	7597636	454	160.0
1609881687.74	60000	2.054487	0.0	17832465	627	-40.0
1609881688.39	80000	2.406659	0.0	15816325	468	60.0
1609881689.52	110000	2.275623	0.0	26873304	888	80.0
1609881690.86	110000	1.932066	0.0	33588177	1029	110.0
1609881692.96	160000	1.462564	0.633	50637608	1679	8.719999999999999
1609881693.99	160000	1.447243	0.0	19559369	813	160.0
1609881695.32	160000	1.348789	0.237	22224402	1140	122.08
1609881696.88	160000	1.337425	0.548	22578365	1364	72.32
1609881697.19	160000	2.023396	0.0	8346702	183	160.0
1609881701.25	160000	1.387248	2.421	15775481	3900	-227.36
1609881702.6	160000	1.309353	0.268	9163235	1216	117.12
1609881704.05	40000	1.328405	0.473	11199212	1307	-155.68
1609881704.76	40000	1.62839	0.0	8376884	569	40.0
1609881705.42	40000	1.961281	0.0	6254528	549	40.0
1609881706.11	40000	2.271723	0.0	7313446	564	40.0
1609881706.97	60000	2.420198	0.0	11644166	702	40.0
1609881707.31	60000	3.081527	0.0	8135330	203	60.0
1609881707.65	80000	3.734744	0.0	8329186	207	60.0
1609881708.84	80000	3.549904	0.0	34554431	913	80.0
1609881710.98	160000	2.410165	0.0	66935122	1599	80.0
1609881711.72	160000	2.669976	0.0	15251076	574	160.0
1609881713.09	160000	2.305604	0.0	16574034	1186	160.0
1609881713.68	160000	2.713889	0.0	13009028	442	160.0
1609881714.56	160000	2.833034	0.0	12791674	730	160.0
1609881715.15	160000	3.241824	0.0	11137898	449	160.0
1609881715.43	160000	3.965456	0.0	11485310	131	160.0
1609881715.73	160000	4.674447	0.0	12428518	142	160.0
1609881715.98	160000	5.416025	0.0	9963766	112	160.0
1609881716.3	160000	6.099395	0.0	12189364	169	160.0
1609881716.58	160000	6.820481	0.0	10142396	141	160.0
1609881716.86	160000	7.542924	0.0	10185488	142	160.0
1609881717.27	160000	8.142626	0.0	14061455	241	160.0
1609881717.89	160000	8.516261	0.0	20074099	425	160.0
1609881719.85	160000	7.552508	0.0	46115254	1617	160.0
1609881721.65	160000	6.757037	0.0	40906522	1480	160.0
1609881722.37	160000	7.040024	0.0	7891151	589	160.0
1609881723.39	160000	7.018818	0.0	21012466	822	160.0
1609881723.85	160000	7.561277	0.0	23519424	245	160.0
1609881724.23	160000	8.178506	0.0	18715420	194	160.0
1609881724.61	160000	8.800296	0.0	17000816	200	160.0
1609881724.94	160000	9.467398	0.0	14448126	171	160.0
1609881725.15	160000	10.263447	0.0	6958676	76	160.0
1609881725.38	160000	11.03798	0.0	9088791	91	160.0
1609881725.57	160000	11.843143	0.0	7211881	73	160.0
1609881725.71	160000	12.710828	0.0	3063586	31	160.0
1609881725.83	160000	13.581638	0.0	2782179	27	160.0
1609881726.07	160000	14.345231	0.0	9958410	100	160.0
1609881726.35	160000	15.072819	0.0	12158708	122	160.0
1609881726.62	160000	15.794762	0.0	12300216	126	160.0
1609881726.96	160000	16.459058	0.0	15815684	162	160.0
1609881727.27	160000	17.159524	0.0	13526256	144	160.0
1609881727.56	160000	17.867286	0.0	11995130	141	160.0
1609881727.87	160000	18.55678	0.0	13394791	157	160.0
1609881728.19	160000	19.235369	0.0	14135828	166	160.0
1609881728.52	160000	19.909148	0.0	15366126	166	160.0
1609881728.83	160000	20.59424	0.0	14248439	158	160.0
1609881729.14	160000	21.289917	0.0	13843717	150	160.0
1609881729.45	160000	21.981215	0.0	14665119	146	160.0
1609881729.85	160000	22.577859	0.0	21079187	207	160.0
1609881730.32	160000	23.105932	0.0	25480074	250	160.0
1609881730.77	160000	23.663277	0.0	23021754	230	160.0
1609881731.28	160000	24.153454	0.0	27527834	279	160.0
1609881731.89	160000	24.543769	0.0	26155848	375	160.0
1609881732.33	160000	25.107213	0.0	17849379	252	160.0
1609881733.92	160000	24.513954	0.0	16546531	1416	160.0
1609881735.57	160000	23.86955	0.0	17718949	1457	160.0
1609881737.04	160000	23.398762	0.0	17337137	1295	160.0
1609881738.55	160000	22.890695	0.0	20008245	1316	160.0
1609881739.79	160000	22.650764	0.0	58430914	846	160.0
1609881740.17	160000	23.274811	0.0	16292703	198	160.0
1609881740.7	160000	23.745772	0.0	25587422	313	160.0
1609881741.2	160000	24.238373	0.0	23982306	293	160.0
1609881741.53	160000	24.914472	0.0	13347845	167	160.0
1609881741.94	160000	25.501654	0.0	14337991	251	160.0
1609881742.36	160000	26.081898	0.0	14584990	256	160.0
1609881743.06	160000	26.382782	0.0	13962401	540	160.0
1609881745.59	160000	24.858823	0.0	14393788	2362	160.0
1609881747.46	160000	23.986162	0.0	14649457	1708	160.0
1609881748.98	160000	23.471883	0.0	13409715	1346	160.0
1609881751.26	160000	22.192936	0.0	13909605	2117	160.0
1609881763.35	160000	11.103905	0.0	13301968	11922	160.0
1609881764.65	110000	10.801548	0.0	13175394	1144	60.0
1609881766.14	110000	10.312979	0.0	14191823	1326	110.0
1609881767.61	110000	9.848929	0.0	12316520	1315	110.0
1609881769.5	80000	8.952595	0.0	9413866	1753	50.0
1609881771.02	80000	8.435467	0.0	8818409	1383	80.0
1609881775.87	160000	4.583773	0.0	22420858	4630	80.0
1609881778.25	110000	3.209703	0.0	13365138	2210	60.0
1609881780.6	80000	1.857292	0.0	10113016	2210	50.0
1609881781.18	80000	2.280098	0.0	3986512	468	80.0
1609881781.81	80000	2.655305	0.0	8761637	481	80.0
1609881782.33	80000	3.132483	0.0	6255843	399	80.0
1609881782.87	80000	3.589853	0.0	5347529	428	80.0
1609881783.92	80000	3.545747	0.0	6979884	920	80.0
1609881788.68	80000	1.384569	1.599	22955881	4553	-175.84
1609881788.91	40000	2.158824	0.0	10062382	76	0.0
1609881789.06	60000	3.002691	0.0	5249262	38	40.0
1609881789.3	160000	3.770118	0.0	11399187	81	60.0
1609881789.51	160000	4.554396	0.0	10358641	74	160.0
1609881789.79	160000	5.286507	0.0	14315696	105	160.0
1609881790.17	160000	5.898894	0.0	23283631	167	160.0
1609881790.71	160000	6.359356	0.0	37521367	227	160.0
1609881791.06	160000	7.01712	0.0	22241104	135	160.0
1609881791.33	160000	7.743481	0.0	15813346	95	160.0
1609881791.68	160000	8.390696	0.0	17116450	173	160.0
1609881792.07	160000	9.004045	0.0	18867054	191	160.0
1609881792.56	160000	9.515467	0.0	17393609	308	160.0
1609881794.83	160000	8.251143	0.0	24759401	2041	160.0
1609881798.5	160000	5.583173	0.0	25782433	3430	160.0
1609881800.64	160000	4.437194	0.0	25885372	1903	160.0
1609881802.67	160000	3.406868	0.0	26242011	1801	160.0
1609881803.74	160000	3.340657	0.0	23865378	840	160.0
1609881804.2	160000	3.881493	0.0	25470681	239	160.0
1609881804.72	160000	4.370403	0.0	27258768	256	160.0
1609881805.07	160000	5.011175	0.0	17853711	171	160.0
1609881805.38	160000	5.706097	0.0	14829893	142	160.0
1609881806.21	160000	5.874232	0.0	27779697	595	160.0
1609881807.1	160000	5.986334	0.0	27714923	644	160.0
1609881808.93	160000	5.161048	0.0	25946474	1591	160.0
1609881810.48	160000	4.61365	0.0	19596259	1354	160.0
1609881812.48	160000	3.614689	0.0	23774167	1786	160.0
1609881813.09	160000	4.00446	0.0	19373656	417	160.0
1609881813.77	160000	4.324049	0.0	23977420	470	160.0
1609881814.46	160000	4.63564	0.0	24493733	456	160.0
1609881814.89	160000	5.200185	0.0	14528511	272	160.0
1609881815.39	160000	5.710245	0.0	16841176	311	160.0
1609881815.87	160000	6.231552	0.0	16743604	300	160.0
1609881816.35	160000	6.7455	0.0	17975224	303	160.0
1609881816.96	160000	7.134571	0.0	22329548	402	160.0
1609881817.45	160000	7.645119	0.0	16001583	315	160.0
1609881818.02	160000	8.084765	0.0	18238584	371	160.0
1609881818.66	160000	8.440372	0.0	21308824	430	160.0
1609881819.24	160000	8.866001	0.0	17749058	397	160.0
1609881819.71	160000	9.39485	0.0	14127787	315	160.0
1609881820.26	160000	9.846851	0.0	17525699	371	160.0
1609881820.71	160000	10.394359	0.0	14240042	296	160.0
1609881821.28	160000	10.829962	0.0	20324139	368	160.0
1609881821.88	160000	11.227707	0.0	21993033	398	160.0
1609881822.38	160000	11.725271	0.0	18863108	301	160.0
1609881822.82	160000	12.293384	0.0	15964734	254	160.0
1609881823.06	160000	13.046492	0.0	8284939	118	160.0
1609881823.33	160000	13.785687	0.0	9004706	128	160.0
1609881823.56	160000	14.549392	0.0	6955279	98	160.0
1609881823.86	160000	15.257489	0.0	10701639	148	160.0
1609881824.09	160000	16.024933	0.0	9459459	97	160.0
1609881824.23	160000	16.88986	0.0	3212828	32	160.0
1609881824.35	160000	17.770591	0.0	2509989	26	160.0
1609881824.44	160000	18.676721	0.0	2004927	20	160.0
1609881824.5	160000	19.616423	0.0	591360	5	160.0
1609881824.58	160000	20.975894	0.0	2394426	25	160.0
1609881825.0	40000	1.000999	0.051	336477	3	-8.16
1609881825.39	160000	1.919457	0.0	14912671	136	40.0
1609881825.91	160000	2.39572	0.0	24265636	219	160.0
1609881826.3	160000	3.007712	0.0	22711544	168	160.0
1609881826.64	160000	3.667934	0.0	19639705	146	160.0
1609881827.01	160000	4.367733	0.0	20946809	151	160.0
1609881827.25	160000	5.132707	0.0	11895609	81	160.0
1609881827.42	160000	5.960086	0.0	7597636	52	160.0
1609881828.39	160000	6.06601	0.0	56067905	389	160.0
1609881829.03	160000	6.447221	0.0	45444680	306	160.0
1609881829.99	160000	6.540214	0.0	54798068	570	160.0
1609881836.13	160000	1.404204	0.0	69464107	5551	160.0
1609881837.72	160000	1.402424	0.591	50637608	1274	65.44
1609881838.15	160000	1.9748	0.0	19559369	230	160.0
1609881838.6	160000	2.524651	0.0	22224402	239	160.0
1609881839.06	160000	3.07305	0.0	22578365	242	160.0
1609881839.28	160000	3.848776	0.0	8346702	95	160.0
1609881839.64	160000	4.493598	0.0	15775481	176	160.0
1609881839.88	160000	5.253526	0.0	9163235	104	160.0
1609881840.62	160000	5.509539	0.0	41307095	449	160.0
1609881841.19	160000	5.947813	0.0	28763893	308	160.0
1609881841.68	160000	6.45533	0.0	21266416	289	160.0
1609881842.23	160000	6.908454	0.0	23702229	323	160.0
1609881843.98	160000	6.157052	0.0	27580394	1525	160.0
1609881845.33	160000	5.809228	0.0	20329780	1139	160.0
1609881845.68	160000	6.457807	0.0	16109183	178	160.0
1609881846.79	160000	6.348007	0.0	58830800	666	160.0
1609881848.0	160000	6.135748	0.0	66935122	738	160.0
