1609830607.39	40000	1.000999	0.035	334476	24	-5.600000000000001
1609830608.53	160000	1.245922	0.0	14912671	894	40.0
1609830609.81	160000	1.246144	0.251	24265636	1023	119.84
1609830613.72	160000	1.415442	3.024	22711544	3712	-323.84
1609830615.29	160000	1.31019	0.437	19639705	1395	90.08
1609830617.14	160000	1.27181	0.79	20946809	1665	33.599999999999994
1609830618.15	160000	1.346731	0.076	11895609	863	147.84
1609830618.9	160000	1.596493	0.0	7597636	618	160.0
1609830619.74	40000	1.751303	0.0	9295618	710	-80.0
1609830620.53	60000	1.977409	0.0	9877442	635	40.0
1609830621.5	80000	1.999408	0.0	15275967	809	60.0
1609830624.73	80000	1.427283	1.659	20600381	3058	-185.44
1609830626.49	80000	1.337041	0.667	17710542	1596	-26.72
1609830627.01	110000	1.819515	0.0	10838546	368	80.0
1609830627.48	110000	2.348588	0.0	12783186	326	110.0
1609830627.88	110000	2.95035	0.0	13101938	255	110.0
1609830628.17	160000	3.660546	0.0	8346702	163	110.0
1609830628.6	160000	4.228474	0.0	15775481	270	160.0
1609830628.88	160000	4.946158	0.0	9163235	153	160.0
1609830629.94	160000	4.892935	0.0	41307095	660	160.0
1609830630.59	160000	5.237614	0.0	28763893	431	160.0
1609830631.12	160000	5.72104	0.0	21266416	305	160.0
1609830632.01	160000	5.825555	0.0	23702229	685	160.0
1609830647.25	160000	1.22507	9.639	27580394	15025	-1382.24
1609830647.66	60000	1.817343	0.0	8135330	279	-40.0
1609830647.97	60000	2.502134	0.0	6391364	202	60.0
1609830648.43	20000	3.054328	0.0	9946363	315	-20.0
1609830648.83	20000	3.649181	0.0	11684632	263	20.0
1609830649.19	110000	4.291382	0.0	10019282	226	20.0
1609830649.73	160000	4.752281	0.0	16574034	365	110.0
1609830650.16	160000	5.321752	0.0	13009028	280	160.0
1609830650.62	160000	5.862939	0.0	12791674	317	160.0
1609830651.09	160000	6.395194	0.0	11137898	330	160.0
1609830651.69	160000	6.797667	0.0	11485310	462	160.0
1609830652.71	160000	6.771498	0.0	12428518	877	160.0
1609830653.62	160000	6.868692	0.0	9963766	771	160.0
1609830654.65	160000	6.834015	0.0	12189364	892	160.0
1609830655.19	160000	7.300952	0.0	10142396	398	160.0
1609830655.61	160000	7.881898	0.0	10185488	289	160.0
1609830656.05	160000	8.446381	0.0	14061455	285	160.0
1609830656.64	160000	8.853595	0.0	20074099	402	160.0
1609830657.9	160000	8.591037	0.0	46115254	872	160.0
1609830658.89	160000	8.598519	0.0	40906522	686	160.0
1609830659.15	160000	9.344874	0.0	7891151	134	160.0
1609830659.7	160000	9.790927	0.0	21012466	364	160.0
1609830660.33	160000	10.168312	0.0	23519424	425	160.0
1609830660.82	160000	10.674567	0.0	18715420	313	160.0
1609830661.28	160000	11.216187	0.0	17000816	280	160.0
1609830661.66	160000	11.83377	0.0	14448126	233	160.0
1609830661.89	160000	12.606961	0.0	6958676	111	160.0
1609830662.16	160000	13.338997	0.0	9088791	145	160.0
1609830662.39	160000	14.107663	0.0	7211881	114	160.0
1609830662.54	160000	14.962113	0.0	3063586	49	160.0
1609830662.68	160000	15.822461	0.0	2782179	45	160.0
1609830662.97	160000	16.532472	0.0	9958410	160	160.0
1609830663.31	160000	17.191945	0.0	12158708	195	160.0
1609830663.66	160000	17.841789	0.0	12300216	200	160.0
1609830664.08	160000	18.430093	0.0	15815684	250	160.0
1609830664.44	160000	19.070265	0.0	13526256	214	160.0
1609830664.76	160000	19.746102	0.0	11995130	184	160.0
1609830665.12	160000	20.394381	0.0	13394791	205	160.0
1609830665.48	160000	21.027264	0.0	14135828	216	160.0
1609830665.85	160000	21.657262	0.0	15366126	204	160.0
1609830666.2	160000	22.308758	0.0	14248439	189	160.0
1609830666.54	160000	22.972734	0.0	13843717	184	160.0
1609830666.88	160000	23.633506	0.0	14665119	183	160.0
1609830667.35	160000	24.175795	0.0	21079187	262	160.0
1609830667.89	160000	24.629895	0.0	25480074	316	160.0
1609830668.38	160000	25.136301	0.0	23021754	287	160.0
1609830668.92	160000	25.597752	0.0	27527834	314	160.0
1609830669.44	160000	26.082899	0.0	26155848	292	160.0
1609830669.79	160000	26.729871	0.0	17849379	180	160.0
1609830670.13	160000	27.39121	0.0	16546531	164	160.0
1609830670.48	160000	28.0418	0.0	17718949	177	160.0
1609830670.82	160000	28.704143	0.0	17337137	158	160.0
1609830671.19	160000	29.332321	0.0	20008245	183	160.0
1609830672.31	160000	29.21966	0.0	58430914	653	160.0
1609830672.69	160000	29.832985	0.0	16292703	198	160.0
1609830673.16	160000	30.372555	0.0	25587422	250	160.0
1609830673.59	160000	30.936371	0.0	23982306	234	160.0
1609830673.89	160000	31.644231	0.0	13347845	139	160.0
1609830674.19	160000	32.342771	0.0	14337991	148	160.0
1609830674.49	160000	33.042225	0.0	14584990	151	160.0
1609830674.81	160000	33.724637	0.0	13962401	163	160.0
1609830675.12	160000	34.409618	0.0	14393788	163	160.0
1609830675.44	160000	35.095223	0.0	14649457	165	160.0
1609830675.77	160000	35.765312	0.0	13409715	188	160.0
1609830676.14	160000	36.400015	0.0	13909605	210	160.0
1609830676.48	160000	37.054087	0.0	13301968	201	160.0
1609830677.02	160000	37.528487	0.0	19025846	344	160.0
1609830677.55	160000	37.990088	0.0	19295426	350	160.0
1609830679.83	160000	36.708758	0.0	18261873	2105	160.0
1609830682.05	160000	35.495303	0.0	19847604	2025	160.0
1609830683.74	160000	34.802667	0.0	18767181	1516	160.0
1609830684.46	160000	35.086362	0.0	22420858	520	160.0
1609830685.28	160000	35.267326	0.0	19324333	632	160.0
1609830686.09	160000	35.45261	0.0	20392234	626	160.0
1609830686.43	160000	36.115728	0.0	7671072	217	160.0
1609830687.55	160000	35.999311	0.0	17781906	944	160.0
1609830688.19	160000	36.361892	0.0	12839336	490	160.0
1609830688.73	160000	36.821215	0.0	10779770	402	160.0
1609830689.34	160000	37.211486	0.0	14606687	455	160.0
1609830691.52	160000	36.035994	0.0	41866951	1848	160.0
1609830695.78	160000	32.776238	0.0	37238410	3960	160.0
1609830697.28	160000	32.269146	0.0	14347759	1353	160.0
1609830698.29	160000	32.26266	0.0	11399187	868	160.0
1609830698.92	160000	32.640415	0.0	10358641	488	160.0
1609830699.44	160000	33.114885	0.0	14315696	375	160.0
1609830700.19	160000	33.368823	0.0	23283631	546	160.0
1609830701.26	160000	33.301525	0.0	37521367	774	160.0
1609830701.87	160000	33.685817	0.0	22241104	421	160.0
1609830702.4	160000	34.163922	0.0	15813346	340	160.0
1609830702.95	160000	34.612659	0.0	17116450	379	160.0
1609830703.57	160000	34.991929	0.0	18867054	443	160.0
1609830704.14	160000	35.427997	0.0	17393609	382	160.0
1609830704.88	160000	35.686805	0.0	24759401	535	160.0
1609830705.62	160000	35.946965	0.0	25782433	524	160.0
1609830706.41	160000	36.161379	0.0	25885372	553	160.0
1609830707.18	160000	36.387835	0.0	26242011	544	160.0
1609830707.88	160000	36.6924	0.0	23865378	477	160.0
1609830708.58	160000	36.987712	0.0	25470681	490	160.0
1609830709.31	160000	37.258363	0.0	27258768	492	160.0
1609830709.81	160000	37.766295	0.0	17853711	318	160.0
1609830710.24	160000	38.337799	0.0	14829893	265	160.0
1609830710.96	160000	38.618398	0.0	27779697	493	160.0
1609830711.68	160000	38.899561	0.0	27714923	495	160.0
1609830712.3	160000	39.274704	0.0	25946474	407	160.0
1609830712.79	160000	39.787377	0.0	19596259	303	160.0
1609830713.35	160000	40.225663	0.0	23774167	357	160.0
1609830713.83	160000	40.75201	0.0	19373656	291	160.0
1609830714.4	160000	41.178785	0.0	23977420	370	160.0
1609830714.98	160000	41.599188	0.0	24493733	372	160.0
1609830715.35	160000	42.234255	0.0	14528511	204	160.0
1609830715.75	160000	42.829148	0.0	16841176	237	160.0
1609830716.14	160000	43.439644	0.0	16743604	218	160.0
1609830716.55	160000	44.032342	0.0	17975224	231	160.0
1609830717.04	160000	44.54878	0.0	22329548	286	160.0
1609830717.41	160000	45.180826	0.0	16001583	202	160.0
1609830717.81	160000	45.77346	0.0	18238584	229	160.0
1609830718.34	160000	46.24692	0.0	21308824	326	160.0
1609830718.79	160000	46.803081	0.0	17749058	272	160.0
1609830719.15	160000	47.447645	0.0	14127787	207	160.0
1609830719.58	160000	48.008257	0.0	17525699	256	160.0
1609830719.94	160000	48.653329	0.0	14240042	207	160.0
1609830720.42	160000	49.173344	0.0	20324139	292	160.0
1609830720.93	160000	49.665517	0.0	21993033	316	160.0
1609830721.99	160000	49.610124	0.0	18863108	876	160.0
1609830723.38	160000	49.219155	0.0	15964734	1223	160.0
1609830723.96	160000	49.639718	0.0	8284939	456	160.0
1609830724.25	160000	50.353237	0.0	9004706	159	160.0
1609830724.49	160000	51.113941	0.0	6955279	123	160.0
1609830724.82	160000	51.778947	0.0	10701639	189	160.0
1609830725.11	160000	52.494813	0.0	9459459	158	160.0
1609830725.26	160000	53.343855	0.0	3212828	54	160.0
1609830725.39	160000	54.213581	0.0	2509989	41	160.0
1609830725.49	160000	55.110872	0.0	2004927	33	160.0
1609830725.56	160000	56.04755	0.0	591360	10	160.0
1609830725.65	160000	57.393484	0.0	2394426	39	160.0
1609830726.01	40000	1.000999	0.03	336477	6	-4.799999999999997
1609830726.54	160000	1.802662	0.0	14912671	281	40.0
1609830727.31	160000	2.036843	0.0	24265636	462	160.0
1609830727.98	160000	2.437226	0.0	22711544	442	160.0
1609830728.46	160000	2.965357	0.0	19639705	287	160.0
1609830728.96	160000	3.509653	0.0	20946809	307	160.0
1609830729.31	160000	4.19069	0.0	11895609	198	160.0
1609830729.56	160000	4.96759	0.0	7597636	126	160.0
1609830731.81	160000	3.771315	0.0	56067905	1725	160.0
1609830733.87	160000	2.709458	0.0	45444680	1752	160.0
1609830735.45	160000	2.134147	0.0	54798068	1205	160.0
1609830737.39	160000	1.357593	0.193	69464107	1399	129.12
1609830738.69	160000	1.432352	0.39	50637608	961	97.6
1609830739.26	160000	1.86094	0.0	19559369	384	160.0
1609830739.91	160000	2.212126	0.0	22224402	449	160.0
1609830740.93	160000	2.186991	0.0	22578365	821	160.0
1609830741.57	160000	2.551978	0.0	8346702	516	160.0
1609830742.61	160000	2.508744	0.0	15775481	882	160.0
1609830743.27	160000	2.85645	0.0	9163235	524	160.0
1609830745.57	160000	1.551666	0.0	41307095	2010	160.0
1609830747.62	160000	1.329404	0.822	28763893	1824	28.47999999999999
1609830748.51	160000	1.436663	0.0	21266416	703	160.0
1609830749.35	160000	1.598924	0.0	23702229	619	160.0
1609830750.17	160000	1.781206	0.0	27580394	594	160.0
1609830750.98	160000	1.97001	0.0	20329780	610	160.0
1609830751.54	160000	2.406795	0.0	16109183	401	160.0
1609830754.48	160000	1.407545	0.939	58830800	2581	9.759999999999991
1609830758.98	160000	1.346901	3.438	66935122	4113	-390.08000000000004
