1609799756.34	40000	1.000999	0.056	334476	43	-8.96
1609799757.13	20000	1.571364	0.0	11007815	600	0.0
1609799757.94	20000	1.768898	0.0	8849724	671	20.0
1609799758.1	20000	2.610124	0.0	3191121	63	20.0
1609799759.3	160000	2.456671	0.0	19639705	952	20.0
1609799760.33	160000	2.43502	0.0	20946809	825	160.0
1609799761.16	160000	2.622698	0.0	11895609	693	160.0
1609799761.99	160000	2.797197	0.0	7597636	707	160.0
1609799764.64	160000	1.293128	0.144	56067905	2084	136.96
1609799765.32	80000	1.614257	0.0	15816325	503	0.0
1609799766.27	80000	1.664917	0.0	15275967	788	80.0
1609799767.41	80000	1.525222	0.0	20600381	951	80.0
1609799768.33	110000	1.602514	0.0	25684661	705	80.0
1609799768.95	160000	1.981966	0.0	19559369	432	110.0
1609799769.58	160000	2.353304	0.0	22224402	428	160.0
1609799770.4	160000	2.530209	0.0	22578365	626	160.0
1609799771.17	160000	2.765141	0.0	8346702	645	160.0
1609799772.36	160000	2.575433	0.0	15775481	1022	160.0
1609799773.46	160000	2.478624	0.0	9163235	971	160.0
1609799776.45	160000	1.476232	0.989	41307095	2727	1.759999999999991
1609799778.04	110000	1.465761	0.573	19285617	1403	-31.680000000000007
1609799779.24	110000	1.263715	0.0	14817542	1052	110.0
1609799780.68	110000	1.290811	0.468	17002609	1278	35.120000000000005
1609799781.93	110000	1.26055	0.219	19316039	1059	74.96000000000001
1609799782.64	110000	1.565162	0.0	13919609	543	110.0
1609799783.09	110000	2.102451	0.0	11073078	319	110.0
1609799784.22	60000	1.972331	0.0	27018238	904	10.0
1609799787.04	80000	1.483405	1.325	37801487	2556	-152.0
1609799788.35	160000	1.309727	0.132	15251076	1157	58.879999999999995
1609799789.75	160000	1.442925	0.532	16574034	1245	74.88
1609799790.96	160000	1.476046	0.245	13009028	1077	120.8
1609799792.09	160000	1.471969	0.132	12791674	993	138.88
1609799793.66	160000	1.354979	0.447	11137898	1436	88.48
1609799795.26	160000	1.302683	0.544	11485310	1468	72.96
1609799798.31	160000	1.348207	2.098	12428518	2917	-175.68
1609799799.59	160000	1.446381	0.377	9963766	1159	99.68
1609799800.65	110000	1.389867	0.0	8625024	931	60.0
1609799801.48	110000	1.561539	0.0	6833121	711	110.0
1609799802.19	110000	1.849049	0.0	6808950	595	110.0
1609799803.0	110000	2.043713	0.0	9608563	674	110.0
1609799803.74	60000	2.298703	0.0	7686878	620	10.0
1609799804.2	20000	2.843982	0.0	4742872	342	-20.0
1609799805.15	40000	2.888964	0.0	11857920	808	20.0
1609799805.83	160000	3.212041	0.0	7891151	553	40.0
1609799808.67	160000	1.371649	0.0	21012466	2643	160.0
1609799810.89	110000	1.334032	1.172	16044226	2050	-127.52000000000001
1609799811.9	110000	1.320315	0.0	12394633	874	110.0
1609799813.04	110000	1.259848	0.081	11196580	1010	97.03999999999999
1609799813.91	160000	1.388896	0.0	14448126	714	110.0
1609799814.31	160000	1.996876	0.0	6958676	277	160.0
1609799814.73	160000	2.571709	0.0	9088791	297	160.0
1609799815.08	160000	3.221384	0.0	7211881	233	160.0
1609799815.28	160000	4.025626	0.0	3063586	101	160.0
1609799815.47	160000	4.838918	0.0	2782179	90	160.0
1609799815.93	160000	5.380428	0.0	9958410	329	160.0
1609799816.45	160000	5.861041	0.0	12158708	381	160.0
1609799816.96	160000	6.349402	0.0	12300216	373	160.0
1609799817.58	160000	6.735365	0.0	15815684	453	160.0
1609799818.1	160000	7.211118	0.0	13526256	377	160.0
1609799818.54	160000	7.778897	0.0	11995130	291	160.0
1609799819.01	160000	8.302061	0.0	13394791	324	160.0
1609799819.47	160000	8.84115	0.0	14135828	313	160.0
1609799819.95	160000	9.36274	0.0	15366126	322	160.0
1609799820.39	160000	9.928999	0.0	14248439	284	160.0
1609799820.78	160000	10.53637	0.0	13843717	245	160.0
1609799821.19	160000	11.125491	0.0	14665119	254	160.0
1609799821.7	160000	11.624369	0.0	21079187	316	160.0
1609799822.32	160000	12.002919	0.0	25480074	383	160.0
1609799822.82	160000	12.502767	0.0	23021754	294	160.0
1609799823.4	160000	12.923332	0.0	27527834	351	160.0
1609799823.95	160000	13.371621	0.0	26155848	336	160.0
1609799824.36	160000	13.969685	0.0	17849379	229	160.0
1609799824.73	160000	14.600648	0.0	16546531	199	160.0
1609799825.12	160000	15.210063	0.0	17718949	215	160.0
1609799825.47	160000	15.860926	0.0	17337137	178	160.0
1609799825.81	160000	16.528029	0.0	20008245	148	160.0
1609799826.73	160000	16.607725	0.0	58430914	431	160.0
1609799827.01	160000	17.323291	0.0	16292703	98	160.0
1609799827.38	160000	17.951952	0.0	25587422	154	160.0
1609799827.73	160000	18.603705	0.0	23982306	142	160.0
1609799827.96	160000	19.371593	0.0	13347845	82	160.0
1609799828.2	160000	20.137266	0.0	14337991	86	160.0
1609799828.44	160000	20.899005	0.0	14584990	86	160.0
1609799828.67	160000	21.670604	0.0	13962401	80	160.0
1609799828.91	160000	22.432355	0.0	14393788	83	160.0
1609799829.14	160000	23.197096	0.0	14649457	84	160.0
1609799829.36	160000	23.978445	0.0	13409715	76	160.0
1609799830.52	160000	23.82402	0.0	13909605	1008	160.0
1609799831.51	160000	23.832601	0.0	13301968	842	160.0
1609799831.83	160000	24.515955	0.0	19025846	131	160.0
1609799832.15	160000	25.200643	0.0	19295426	132	160.0
1609799832.46	160000	25.88868	0.0	18261873	125	160.0
1609799832.75	160000	26.597122	0.0	19847604	103	160.0
1609799833.03	160000	27.32039	0.0	18767181	100	160.0
1609799833.35	160000	28.003016	0.0	22420858	111	160.0
1609799833.64	160000	28.713183	0.0	19324333	103	160.0
1609799833.94	160000	29.413424	0.0	20392234	105	160.0
1609799834.1	160000	30.254703	0.0	7671072	40	160.0
1609799834.37	160000	30.987022	0.0	17781906	94	160.0
1609799834.6	160000	31.750857	0.0	12839336	83	160.0
1609799834.82	160000	32.539269	0.0	10779770	73	160.0
1609799835.07	160000	33.287795	0.0	14606687	98	160.0
1609799835.67	160000	33.685096	0.0	41866951	282	160.0
1609799836.15	160000	34.203473	0.0	37238410	195	160.0
1609799836.38	160000	34.979167	0.0	14347759	75	160.0
1609799836.58	160000	35.779317	0.0	11399187	61	160.0
1609799836.77	160000	36.586681	0.0	10358641	55	160.0
1609799837.0	160000	37.359154	0.0	14315696	75	160.0
1609799837.33	160000	38.034683	0.0	23283631	117	160.0
1609799837.83	160000	38.539157	0.0	37521367	194	160.0
1609799838.14	160000	39.227891	0.0	22241104	115	160.0
1609799838.39	160000	39.974176	0.0	15813346	82	160.0
1609799838.65	160000	40.714318	0.0	17116450	89	160.0
1609799838.93	160000	41.436392	0.0	18867054	92	160.0
1609799839.19	160000	42.17853	0.0	17393609	83	160.0
1609799839.52	160000	42.846768	0.0	24759401	121	160.0
1609799839.94	160000	43.426681	0.0	25782433	200	160.0
1609799840.38	160000	43.991257	0.0	25885372	196	160.0
1609799840.78	160000	44.589645	0.0	26242011	182	160.0
1609799841.15	160000	45.227494	0.0	23865378	141	160.0
1609799841.52	160000	45.858625	0.0	25470681	151	160.0
1609799841.89	160000	46.48616	0.0	27258768	135	160.0
1609799842.16	160000	47.216666	0.0	17853711	87	160.0
1609799842.39	160000	47.984909	0.0	14829893	72	160.0
1609799842.78	160000	48.599839	0.0	27779697	131	160.0
1609799843.19	160000	49.191648	0.0	27714923	178	160.0
1609799843.58	160000	49.80146	0.0	25946474	167	160.0
1609799843.92	160000	50.460873	0.0	19596259	153	160.0
1609799844.33	160000	51.056911	0.0	23774167	186	160.0
1609799844.67	160000	51.715855	0.0	19373656	151	160.0
1609799845.01	160000	52.379462	0.0	23977420	127	160.0
1609799845.34	160000	53.042877	0.0	24493733	127	160.0
1609799845.57	160000	53.814694	0.0	14528511	76	160.0
1609799845.89	160000	54.493453	0.0	16841176	143	160.0
1609799846.22	160000	55.171522	0.0	16743604	149	160.0
1609799846.55	160000	55.834874	0.0	17975224	160	160.0
1609799846.95	160000	56.445634	0.0	22329548	191	160.0
1609799847.25	160000	57.14523	0.0	16001583	134	160.0
1609799847.58	160000	57.817184	0.0	18238584	154	160.0
1609799847.94	160000	58.450232	0.0	21308824	174	160.0
1609799848.27	160000	59.123081	0.0	17749058	141	160.0
1609799848.54	160000	59.860349	0.0	14127787	115	160.0
1609799849.91	160000	59.685277	0.0	17525699	196	160.0
1609799850.8	160000	59.686192	0.0	14240042	231	160.0
1609799854.43	160000	56.970948	0.0	20324139	3442	160.0
1609799856.44	160000	55.962531	0.0	21993033	1813	160.0
1609799858.08	160000	55.32098	0.0	18863108	1456	160.0
1609799859.38	160000	55.023417	0.0	15964734	1137	160.0
1609799860.17	160000	55.232848	0.0	8284939	671	160.0
1609799860.98	160000	55.422253	0.0	9004706	687	160.0
1609799861.2	160000	56.207852	0.0	6955279	96	160.0
1609799861.48	160000	56.922758	0.0	10701639	149	160.0
1609799861.75	160000	57.660972	0.0	9459459	132	160.0
1609799861.89	160000	58.519665	0.0	3212828	45	160.0
1609799862.0	160000	59.404733	0.0	2509989	25	160.0
1609799862.59	160000	59.948201	0.0	2004927	20	160.0
1609799863.65	160000	59.949348	0.0	591360	5	160.0
1609799865.23	160000	59.634084	0.0	2394426	22	160.0
1609799865.57	40000	1.000999	0.03	336477	2	-4.799999999999997
1609799865.89	160000	2.001999	0.0	14912671	100	40.0
1609799866.37	160000	2.573882	0.0	24265636	177	160.0
1609799866.75	160000	3.195369	0.0	22711544	172	160.0
1609799867.09	160000	3.8563	0.0	19639705	149	160.0
1609799867.44	160000	4.532543	0.0	20946809	148	160.0
1609799867.66	160000	5.356203	0.0	11895609	83	160.0
1609799867.84	160000	6.186194	0.0	7597636	54	160.0
1609799868.74	160000	6.357939	0.0	56067905	358	160.0
1609799869.36	160000	6.759245	0.0	45444680	288	160.0
1609799870.07	160000	7.070879	0.0	54798068	336	160.0
1609799871.2	160000	6.975615	0.0	69464107	584	160.0
1609799871.91	160000	7.264947	0.0	50637608	342	160.0
1609799872.23	160000	7.950438	0.0	19559369	130	160.0
1609799872.55	160000	8.630777	0.0	22224402	120	160.0
1609799872.87	160000	9.314058	0.0	22578365	121	160.0
1609799873.03	160000	10.149405	0.0	8346702	46	160.0
1609799873.29	160000	10.898597	0.0	15775481	87	160.0
1609799873.46	160000	11.722207	0.0	9163235	51	160.0
1609799873.99	160000	12.1962	0.0	41307095	232	160.0
1609799874.4	160000	12.781988	0.0	28763893	159	160.0
1609799874.72	160000	13.471736	0.0	21266416	117	160.0
1609799875.07	160000	14.115231	0.0	23702229	128	160.0
1609799875.45	160000	14.737735	0.0	27580394	148	160.0
1609799875.77	160000	15.424065	0.0	20329780	109	160.0
1609799876.02	160000	16.171731	0.0	16109183	87	160.0
1609799876.81	160000	16.38543	0.0	58830800	373	160.0
1609799877.71	160000	16.545751	0.0	66935122	433	160.0
