1609796347.26	40000	1.000999	0.041	334476	30	-6.560000000000002
1609796348.31	20000	1.452767	0.158	11007815	879	-25.28
1609796349.15	20000	1.612377	0.0	8849724	708	20.0
1609796349.48	20000	2.307328	0.0	3191121	231	20.0
1609796351.28	160000	1.532423	0.0	19639705	1535	20.0
1609796353.02	160000	1.320074	0.505	20946809	1554	79.2
1609796354.02	160000	1.315075	0.0	11895609	866	160.0
1609796354.81	160000	1.526822	0.0	7597636	665	160.0
1609796356.26	60000	1.326733	0.249	17832465	1275	-79.84
1609796357.25	60000	1.335319	0.0	9877442	855	60.0
1609796358.31	60000	1.318775	0.046	10988410	926	52.64
1609796359.59	60000	1.375394	0.326	15230785	1119	7.840000000000003
1609796361.09	80000	1.452846	0.578	17710542	1328	-32.480000000000004
1609796362.06	110000	1.484039	0.0	10838546	817	80.0
1609796363.18	110000	1.363397	0.0	12783186	971	110.0
1609796364.27	110000	1.268389	0.0	13101938	950	110.0
1609796364.91	110000	1.629408	0.0	5268213	530	110.0
1609796365.75	110000	1.798101	0.0	9838179	695	110.0
1609796366.31	110000	2.238231	0.0	6126794	445	110.0
1609796368.52	110000	1.221277	0.196	26576979	1957	78.64
1609796370.08	80000	1.484787	0.82	14877694	1405	-81.19999999999999
1609796370.89	80000	1.676092	0.0	11453319	671	80.0
1609796371.74	80000	1.831061	0.0	13274781	699	80.0
1609796373.42	110000	1.307709	0.161	19316039	1498	54.239999999999995
1609796375.61	110000	1.470057	1.347	13919609	2038	-105.52000000000001
1609796378.35	110000	1.318424	1.589	11073078	2602	-144.24
1609796380.67	20000	1.408363	1.415	9946363	2195	-296.4
1609796381.44	20000	1.651712	0.0	11684632	615	20.0
1609796381.74	60000	2.348747	0.0	5395812	181	20.0
1609796381.99	60000	3.094818	0.0	5799553	142	60.0
1609796382.69	160000	3.401114	0.0	13009028	546	60.0
1609796383.25	160000	3.840732	0.0	12791674	416	160.0
1609796383.86	160000	4.232991	0.0	11137898	473	160.0
1609796384.25	160000	4.844171	0.0	11485310	248	160.0
1609796384.9	160000	5.193971	0.0	12428518	507	160.0
1609796385.25	160000	5.839577	0.0	9963766	220	160.0
1609796385.89	160000	6.201177	0.0	12189364	484	160.0
1609796386.19	160000	6.902935	0.0	10142396	163	160.0
1609796386.76	160000	7.335474	0.0	10185488	436	160.0
1609796387.15	160000	7.945179	0.0	14061455	233	160.0
1609796387.93	160000	8.168751	0.0	20074099	578	160.0
1609796389.46	160000	7.639732	0.0	46115254	1026	160.0
1609796390.57	160000	7.525132	0.0	40906522	801	160.0
1609796390.95	160000	8.158687	0.0	7891151	244	160.0
1609796391.62	160000	8.476383	0.0	21012466	469	160.0
1609796392.28	160000	8.820825	0.0	23519424	448	160.0
1609796393.15	160000	8.954102	0.0	18715420	678	160.0
1609796393.94	160000	9.164216	0.0	17000816	614	160.0
1609796394.38	160000	9.72339	0.0	14448126	281	160.0
1609796394.88	160000	10.22564	0.0	6958676	378	160.0
1609796395.19	160000	10.91558	0.0	9088791	182	160.0
1609796395.45	160000	11.653066	0.0	7211881	145	160.0
1609796395.81	160000	12.298384	0.0	3063586	257	160.0
1609796395.96	160000	13.152311	0.0	2782179	50	160.0
1609796396.27	160000	13.845384	0.0	9958410	172	160.0
1609796396.67	160000	14.438404	0.0	12158708	262	160.0
1609796397.13	160000	14.98208	0.0	12300216	308	160.0
1609796397.6	160000	15.510083	0.0	15815684	293	160.0
1609796398.14	160000	15.977334	0.0	13526256	383	160.0
1609796398.48	160000	16.633555	0.0	11995130	204	160.0
1609796398.86	160000	17.254476	0.0	13394791	229	160.0
1609796399.28	160000	17.834907	0.0	14135828	266	160.0
1609796399.73	160000	18.388388	0.0	15366126	290	160.0
1609796400.25	160000	18.872248	0.0	14248439	355	160.0
1609796400.81	160000	19.311988	0.0	13843717	397	160.0
1609796401.55	160000	19.574919	0.0	14665119	579	160.0
1609796402.52	160000	19.599841	0.0	21079187	773	160.0
1609796404.2	160000	18.920942	0.0	25480074	1466	160.0
1609796405.24	160000	18.881757	0.0	23021754	834	160.0
1609796406.4	160000	18.726562	0.0	27527834	912	160.0
1609796407.71	160000	18.418302	0.0	26155848	1084	160.0
1609796408.89	160000	18.238418	0.0	17849379	1002	160.0
1609796413.72	160000	14.411661	0.0	16546531	4638	160.0
1609796415.23	160000	13.901716	0.0	17718949	1329	160.0
1609796416.86	160000	13.27303	0.0	17337137	1456	160.0
1609796418.79	160000	12.339075	0.0	20008245	1743	160.0
1609796423.9	160000	8.232016	0.0	58430914	4592	160.0
1609796425.19	160000	7.944502	0.0	16292703	1108	160.0
1609796427.41	160000	6.726121	0.0	25587422	2000	160.0
1609796429.37	160000	5.767133	0.0	23982306	1752	160.0
1609796430.55	160000	5.581615	0.0	13347845	1033	160.0
1609796431.91	160000	5.232585	0.0	14337991	1194	160.0
1609796433.19	160000	4.949783	0.0	14584990	1124	160.0
1609796434.59	160000	4.554129	0.0	13962401	1240	160.0
1609796435.93	160000	4.207561	0.0	14393788	1189	160.0
1609796437.1	160000	4.039605	0.0	14649457	1015	160.0
1609796438.17	160000	3.971791	0.0	13409715	921	160.0
1609796439.27	160000	3.87032	0.0	13909605	952	160.0
1609796440.37	160000	3.772531	0.0	13301968	952	160.0
1609796442.14	160000	3.009108	0.0	19025846	1573	160.0
1609796443.95	160000	2.198958	0.0	19295426	1617	160.0
1609796445.68	160000	1.465922	0.0	18261873	1548	160.0
1609796446.74	110000	1.411975	0.0	13245175	900	60.0
1609796447.93	110000	1.389808	0.173	12490444	1057	82.32
1609796449.28	110000	1.296196	0.25	15265366	1195	70.0
1609796450.68	110000	1.315527	0.424	13365138	1263	42.16
1609796451.78	110000	1.461609	0.247	13994870	953	70.47999999999999
1609796452.25	160000	1.99445	0.0	7671072	329	110.0
1609796453.16	160000	2.085035	0.0	17781906	732	160.0
1609796453.8	160000	2.448595	0.0	12839336	490	160.0
1609796454.31	160000	2.943622	0.0	10779770	365	160.0
1609796455.01	160000	3.242486	0.0	14606687	542	160.0
1609796457.57	160000	1.682092	0.0	41866951	2251	160.0
1609796465.52	160000	1.492883	6.759	37238410	7664	-921.44
1609796466.84	160000	1.251883	0.046	14347759	1155	152.64
1609796467.78	160000	1.31037	0.0	11399187	799	160.0
1609796468.49	160000	1.599996	0.0	10358641	562	160.0
1609796468.94	80000	2.148962	0.0	6587403	317	0.0
1609796469.61	80000	2.4826	0.0	12556616	518	80.0
1609796471.38	160000	1.710356	0.0	37521367	1480	80.0
1609796472.55	160000	1.539563	0.0	22241104	959	160.0
1609796473.37	160000	1.725625	0.0	15813346	646	160.0
1609796474.23	160000	1.870652	0.0	17116450	681	160.0
1609796475.2	160000	1.896356	0.0	18867054	784	160.0
1609796476.07	160000	2.026602	0.0	17393609	692	160.0
1609796477.28	160000	1.820982	0.0	24759401	994	160.0
1609796478.78	160000	1.380345	0.062	25782433	1272	150.08
1609796480.01	160000	1.372435	0.22	25885372	1028	124.8
1609796481.92	160000	1.343554	0.877	26242011	1688	19.680000000000007
1609796482.84	160000	1.469251	0.05	23865378	708	152.0
1609796488.03	160000	1.271785	3.99	25470681	4958	-478.4
1609796491.59	110000	1.263024	2.552	18638649	3378	-348.32
1609796492.67	110000	1.316106	0.126	12036523	935	89.84
1609796493.58	110000	1.424532	0.024	9918331	778	106.16
1609796494.37	60000	1.636628	0.0	9939880	648	10.0
1609796494.83	60000	2.176093	0.0	10038030	321	60.0
1609796495.25	60000	2.756423	0.0	9757084	291	60.0
1609796495.97	160000	3.039468	0.0	19596259	534	60.0
1609796496.77	160000	3.246652	0.0	23774167	568	160.0
1609796497.28	160000	3.730589	0.0	19373656	325	160.0
1609796497.9	160000	4.120161	0.0	23977420	390	160.0
1609796498.5	160000	4.511468	0.0	24493733	395	160.0
1609796498.94	160000	5.080155	0.0	14528511	267	160.0
1609796499.42	160000	5.598514	0.0	16841176	310	160.0
1609796499.92	160000	6.100344	0.0	16743604	307	160.0
1609796500.43	160000	6.589256	0.0	17975224	329	160.0
1609796501.07	160000	6.951214	0.0	22329548	435	160.0
1609796501.57	160000	7.453208	0.0	16001583	315	160.0
1609796508.9	160000	1.475082	0.355	18238584	7164	103.2
1609796510.2	110000	1.330845	0.159	15340646	1152	34.56
1609796511.41	110000	1.490493	0.367	12480173	1072	51.28
1609796512.1	110000	1.799155	0.0	9581283	554	110.0
1609796512.59	80000	2.314614	0.0	8494032	356	50.0
1609796512.95	80000	2.950276	0.0	6723557	250	80.0
1609796513.81	160000	3.095125	0.0	20324139	658	80.0
1609796514.75	160000	3.155247	0.0	21993033	740	160.0
1609796515.39	160000	3.516856	0.0	18863108	454	160.0
1609796515.95	160000	3.962977	0.0	15964734	381	160.0
1609796516.4	160000	4.506483	0.0	8284939	327	160.0
1609796516.89	160000	5.020212	0.0	9004706	356	160.0
1609796517.24	160000	5.668914	0.0	6955279	231	160.0
1609796517.74	160000	6.172468	0.0	10701639	357	160.0
1609796518.11	160000	6.795449	0.0	9459459	246	160.0
1609796518.29	160000	7.621118	0.0	3212828	75	160.0
1609796518.44	160000	8.470654	0.0	2509989	57	160.0
1609796518.56	160000	9.352137	0.0	2004927	47	160.0
1609796518.63	160000	10.285105	0.0	591360	13	160.0
1609796518.74	160000	11.609432	0.0	2394426	56	160.0
1609796519.11	40000	1.000999	0.048	336477	8	-7.68
1609796519.71	160000	1.692061	0.0	14912671	370	40.0
1609796520.52	160000	1.884602	0.0	24265636	499	160.0
1609796521.84	160000	1.670287	0.0	22711544	1104	160.0
1609796526.72	160000	1.307771	3.466	19639705	4691	-394.55999999999995
