1609901520.72	40000	1.000999	0.091	334476	78	-14.560000000000002
1609901523.08	20000	1.471403	1.462	11007815	2194	-233.92
1609901524.12	20000	1.453646	0.0	8849724	906	20.0
1609901524.48	20000	2.094586	0.0	3191121	260	20.0
1609901525.71	40000	1.890734	0.0	4726840	1116	20.0
1609901526.65	60000	1.950645	0.0	7325507	812	40.0
1609901527.84	60000	1.765066	0.0	4014386	1083	60.0
1609901528.24	40000	2.366887	0.0	2185110	302	20.0
1609901528.93	20000	2.67663	0.0	4047415	586	0.0
1609901529.46	20000	3.147546	0.0	2863079	433	20.0
1609901530.75	20000	2.853879	0.0	4167844	1190	20.0
1609901531.15	20000	3.456734	0.0	5571764	285	20.0
1609901531.51	20000	4.094889	0.0	4925652	252	20.0
1609901532.81	80000	3.796216	0.0	7412644	1171	20.0
1609901533.44	80000	4.173269	0.0	9055732	497	80.0
1609901535.66	110000	2.94915	0.0	13101938	2059	80.0
1609901537.43	110000	2.182829	0.0	5268213	1659	110.0
1609901539.27	110000	1.34244	0.0	9838179	1710	110.0
1609901540.34	110000	1.270743	0.0	6126794	961	110.0
1609901542.14	20000	1.274786	0.804	6357933	1685	-198.64
1609901542.98	20000	1.435256	0.0	4814284	726	20.0
1609901543.44	20000	1.980355	0.0	3419258	355	20.0
1609901545.61	40000	1.331842	0.517	7313446	2045	-62.72
1609901546.65	20000	1.348938	0.06	4284196	938	-9.6
1609901547.11	20000	1.890912	0.0	3022025	359	20.0
1609901547.39	20000	2.605911	0.0	2248581	193	20.0
1609901549.14	20000	1.874503	0.0	9946363	1599	20.0
1609901550.39	20000	1.614354	0.0	11684632	1109	20.0
1609901551.26	60000	1.746159	0.0	5395812	755	20.0
1609901551.76	60000	2.239955	0.0	5799553	397	60.0
1609901552.83	110000	2.173178	0.0	8768798	931	60.0
1609901553.77	110000	2.24063	0.0	8740660	807	110.0
1609901555.23	160000	1.777371	0.0	11137898	1315	110.0
1609901556.6	160000	1.408757	0.0	11485310	1230	160.0
1609901559.29	160000	1.419976	1.695	12428518	2549	-111.19999999999999
1609901560.52	160000	1.36703	0.178	9963766	1108	131.52
1609901561.35	110000	1.536524	0.0	8625024	700	60.0
1609901561.97	110000	1.929239	0.0	6833121	487	110.0
1609901562.58	110000	2.308769	0.0	6808950	492	110.0
1609901563.48	110000	2.410851	0.0	9608563	766	110.0
1609901564.54	80000	2.352341	0.0	10250816	920	50.0
1609901565.66	40000	2.235688	0.0	13308063	952	0.0
1609901566.68	40000	2.215857	0.0	11857920	881	40.0
1609901567.51	160000	2.389483	0.0	7891151	701	40.0
1609901572.2	160000	1.304983	2.606	21012466	4464	-256.96
1609901574.27	80000	1.411861	1.173	11589115	1932	-187.68
1609901576.32	80000	1.335602	0.983	8720528	1933	-77.28
1609901577.87	80000	1.31893	0.53	7852064	1429	-4.799999999999997
1609901578.53	80000	1.657727	0.0	6922163	543	80.0
1609901579.03	110000	2.158333	0.0	4738333	391	80.0
1609901579.91	160000	2.279851	0.0	9088791	745	110.0
1609901581.04	160000	2.153291	0.0	7211881	1002	160.0
1609901582.41	160000	1.787467	0.0	3063586	1270	160.0
1609901584.61	160000	1.351642	0.764	2782179	2106	37.760000000000005
1609901586.18	60000	1.369502	0.588	3496204	1468	-134.07999999999998
1609901587.5	40000	1.458666	0.407	2715272	1221	-45.120000000000005
1609901587.85	40000	2.109252	0.0	2754002	254	40.0
1609901588.29	40000	2.666721	0.0	3700338	342	40.0
1609901588.69	40000	3.271251	0.0	2697401	299	40.0
1609901590.07	80000	2.887264	0.0	5098216	1275	40.0
1609901591.53	80000	2.432125	0.0	5982646	1340	80.0
1609901594.03	80000	1.37086	0.44	6905077	2392	9.599999999999994
1609901595.0	60000	1.402683	0.0	5270336	846	40.0
1609901595.45	60000	1.952247	0.0	4123549	347	60.0
1609901595.93	60000	2.473625	0.0	4164335	375	60.0
1609901596.48	60000	2.927163	0.0	4586890	439	60.0
1609901598.03	60000	2.377353	0.0	7674948	1428	60.0
1609901599.19	60000	2.212338	0.0	9132721	1034	60.0
1609901599.71	60000	2.69984	0.0	7880072	390	60.0
1609901600.73	60000	2.673398	0.0	10340109	890	60.0
1609901602.9	110000	1.50549	0.0	17918889	1981	60.0
1609901605.95	110000	1.320087	1.861	11843178	2909	-187.76
1609901606.41	80000	1.868772	0.0	7699623	327	50.0
1609901606.9	80000	2.368247	0.0	8697196	367	80.0
1609901608.7	80000	1.576979	0.0	8539884	1663	80.0
1609901609.57	60000	1.703441	0.0	7595952	744	40.0
1609901610.5	20000	1.771551	0.0	9620218	794	-20.0
1609901611.29	80000	1.982195	0.0	8652970	658	20.0
1609901612.48	80000	1.801213	0.0	12877164	1035	80.0
1609901614.11	110000	1.42009	0.25	16439864	1470	40.0
1609901614.84	110000	1.687189	0.0	8847416	601	110.0
1609901616.07	160000	1.460008	0.0	14337991	1068	110.0
1609901617.27	160000	1.44195	0.176	14584990	1050	131.84
1609901618.56	160000	1.360482	0.215	13962401	1149	125.6
1609901619.86	160000	1.31051	0.25	14393788	1154	120.0
1609901621.07	160000	1.3364	0.225	14649457	1050	124.0
1609901622.29	160000	1.313062	0.197	13409715	1075	128.48
1609901628.09	160000	1.260398	4.75	13909605	5641	-600.0
1609901629.39	80000	1.262834	0.304	6270064	1186	-48.64
1609901630.14	40000	1.513869	0.0	4729676	635	0.0
1609901631.1	40000	1.557119	0.0	5966743	840	40.0
1609901631.71	40000	1.95274	0.0	4031950	500	40.0
1609901632.33	40000	2.330258	0.0	4314280	517	40.0
1609901634.02	60000	1.638303	0.0	6405222	1572	40.0
1609901636.21	60000	1.323112	0.866	7920104	2064	-78.56
1609901637.89	40000	1.440316	0.805	4687332	1583	-108.80000000000001
1609901638.84	40000	1.50052	0.0	4811858	827	40.0
1609901639.89	60000	1.497072	0.05	3037981	954	32.0
1609901640.74	40000	1.65015	0.0	4462862	739	20.0
1609901641.1	40000	2.291688	0.0	3046638	261	40.0
1609901641.42	40000	2.9702	0.0	2648526	227	40.0
1609901642.62	40000	2.773801	0.0	3387394	1096	40.0
1609901643.63	20000	2.757203	0.0	5664827	896	0.0
1609901644.51	20000	2.886206	0.0	4578115	718	20.0
1609901645.12	40000	3.273773	0.0	3552565	510	20.0
1609901645.91	80000	3.483259	0.0	4651140	679	40.0
1609901646.58	80000	3.813677	0.0	3942750	568	80.0
1609901647.28	80000	4.117984	0.0	6587403	578	80.0
1609901650.01	80000	2.391162	0.0	12556616	2581	80.0
1609901651.75	40000	1.64709	0.0	11490169	1602	0.0
1609901653.67	40000	1.310502	0.582	6507505	1807	-53.120000000000005
1609901654.57	40000	1.414646	0.0	4368401	791	40.0
1609901655.21	40000	1.775054	0.0	4682869	533	40.0
1609901655.67	40000	2.316797	0.0	3815757	357	40.0
1609901656.01	40000	2.978972	0.0	3334508	239	40.0
1609901656.76	60000	3.226669	0.0	9064385	621	40.0
1609901657.25	60000	3.733347	0.0	9739432	360	60.0
1609901658.23	80000	3.763138	0.0	12229430	825	60.0
1609901661.87	110000	1.373079	0.25	17781436	3475	40.0
1609901665.22	80000	1.401825	2.382	12007698	3216	-331.12
1609901666.41	60000	1.284463	0.072	9267595	1064	28.480000000000004
1609901673.21	60000	1.358041	5.87	10030748	6665	-879.2
1609901674.28	40000	1.478785	0.19	4036556	966	-10.399999999999999
1609901674.49	20000	2.273298	0.0	1541020	112	0.0
1609901674.89	20000	2.869521	0.0	2926720	307	20.0
1609901676.0	40000	2.757509	0.0	6446252	993	20.0
1609901676.51	40000	3.249727	0.0	6361946	393	40.0
1609901677.25	80000	3.516457	0.0	9469564	602	40.0
1609901679.09	80000	2.673464	0.0	12216668	1701	80.0
1609901681.33	80000	1.431542	0.0	9408461	2107	80.0
1609901682.3	60000	1.463432	0.0	9283858	835	40.0
1609901684.96	60000	1.427897	1.619	9627205	2534	-199.04000000000002
1609901685.9	60000	1.485725	0.0	4915398	835	60.0
1609901688.57	60000	1.29868	1.479	5898498	2558	-176.64
1609901689.91	40000	1.278698	0.319	3709626	1236	-31.04
1609901690.3	40000	1.8879	0.0	3979395	287	40.0
1609901690.73	40000	2.461985	0.0	5202497	315	40.0
1609901691.1	40000	3.090461	0.0	4422067	267	40.0
1609901691.82	40000	3.371541	0.0	5339294	612	40.0
1609901694.71	110000	1.480225	0.0	15340646	2728	40.0
1609901697.16	110000	1.353141	1.324	12480173	2312	-101.84
1609901698.02	110000	1.494405	0.0	9581283	720	110.0
1609901700.14	80000	1.428492	1.049	8494032	1990	-117.84
1609901704.92	80000	1.478815	3.833	6723557	4665	-533.28
1609901706.34	20000	1.310118	0.25	2364826	1321	-80.0
1609901706.96	20000	1.694904	0.0	2517454	518	20.0
1609901707.44	20000	2.21224	0.0	1883143	390	20.0
1609901707.84	20000	2.819019	0.0	1726706	303	20.0
1609901708.39	60000	3.265638	0.0	2585313	457	20.0
1609901709.66	110000	3.001384	0.0	5906076	1151	60.0
1609901710.64	160000	3.01498	0.0	6955279	870	110.0
1609901711.34	160000	3.320713	0.0	10701639	549	160.0
1609901712.55	160000	3.114727	0.0	9459459	1079	160.0
1609901713.81	160000	2.855046	0.0	3212828	1166	160.0
1609901714.75	160000	2.916046	0.0	2509989	850	160.0
1609901714.97	160000	3.701717	0.0	2004927	146	160.0
1609901715.06	160000	4.60178	0.0	591360	40	160.0
1609901715.29	160000	5.813766	0.0	2394426	174	160.0
1609901715.59	40000	1.000999	0.042	336477	23	-6.719999999999999
1609901716.83	20000	1.299121	0.25	11007815	1058	-40.0
1609901718.18	20000	1.316669	0.345	8849724	1226	-35.2
1609901718.58	20000	1.942292	0.0	3191121	286	20.0
1609901720.13	40000	1.480989	0.074	4726840	1448	8.16
