1609900580.48	40000	1.000999	0.089	334476	77	-14.240000000000002
1609900583.28	20000	1.32147	1.75	11007815	2634	-280.0
1609900584.13	20000	1.488889	0.0	8849724	724	20.0
1609900584.79	20000	1.854989	0.0	3191121	554	20.0
1609900585.28	20000	2.369796	0.0	1661718	392	20.0
1609900586.29	60000	2.360246	0.0	7325507	883	20.0
1609900587.48	60000	2.164693	0.0	4014386	1088	60.0
1609900588.12	60000	2.528203	0.0	3830488	531	60.0
1609900590.22	40000	1.432282	0.0	9295618	1958	20.0
1609900590.58	20000	2.074331	0.0	2863079	253	0.0
1609900590.9	20000	2.751769	0.0	4167844	213	20.0
1609900591.3	20000	3.350448	0.0	5571764	285	20.0
1609900592.99	60000	2.667494	0.0	13601559	1511	20.0
1609900594.14	110000	2.516822	0.0	10838546	1008	60.0
1609900599.2	160000	1.27646	2.817	22224402	4815	-340.72
1609900600.46	110000	1.34451	0.333	13101938	1115	6.719999999999999
1609900602.06	110000	1.42808	0.679	5268213	1492	1.3599999999999994
1609900603.01	110000	1.475178	0.0	9838179	818	110.0
1609900603.59	110000	1.901641	0.0	6126794	460	110.0
1609900604.6	40000	1.891811	0.0	11199212	866	-30.0
1609900605.32	40000	2.172624	0.0	8376884	592	40.0
1609900608.21	60000	1.362417	1.08	9003718	2765	-132.8
1609900612.91	40000	1.443343	3.781	7313446	4577	-584.96
1609900613.4	20000	1.952725	0.0	4284196	384	0.0
1609900613.77	20000	2.58397	0.0	3022025	270	20.0
1609900614.13	20000	3.227244	0.0	2248581	262	20.0
1609900615.91	20000	2.451993	0.0	9946363	1645	20.0
1609900616.74	20000	2.618575	0.0	11684632	687	20.0
1609900619.41	110000	1.480128	0.534	10019282	2547	-65.44
1609900620.32	110000	1.576807	0.0	10921784	767	110.0
1609900621.06	110000	1.835806	0.0	8768798	616	110.0
1609900621.82	110000	2.083733	0.0	8740660	623	110.0
1609900622.77	160000	2.125171	0.0	11137898	808	110.0
1609900624.01	160000	1.885424	0.0	11485310	1099	160.0
1609900625.09	160000	1.810597	0.0	12428518	925	160.0
1609900625.9	160000	2.001799	0.0	9963766	675	160.0
1609900627.07	160000	1.830439	0.0	12189364	1029	160.0
1609900629.02	160000	1.273181	0.39	10142396	1819	97.6
1609900631.46	160000	1.414235	1.583	10185488	2316	-93.28
1609900632.96	110000	1.49817	0.579	9608563	1369	-32.64
1609900634.93	60000	1.317757	0.791	7686878	1848	-116.56
1609900635.93	20000	1.369898	0.046	4742872	883	-27.36
1609900636.46	20000	1.8373	0.0	4955535	420	20.0
1609900636.85	60000	2.443077	0.0	3174755	282	20.0
1609900639.28	60000	1.418166	0.4	9032460	2302	-4.0
1609900640.6	60000	1.319826	0.222	8531701	1200	24.479999999999997
1609900641.91	60000	1.292973	0.278	6264914	1191	15.520000000000003
1609900642.83	60000	1.376154	0.0	5629782	804	60.0
1609900643.62	60000	1.5793	0.0	5045231	690	60.0
1609900644.85	110000	1.350807	0.0	4738333	1123	60.0
1609900647.14	110000	1.325264	1.264	6072231	2179	-92.24000000000001
1609900647.82	110000	1.65305	0.0	4799875	567	110.0
1609900648.07	110000	2.399176	0.0	1790651	166	110.0
1609900648.3	110000	3.170367	0.0	1529278	141	110.0
1609900650.05	110000	2.427148	0.0	6558222	1631	110.0
1609900652.01	110000	1.462066	0.0	7961846	1836	110.0
1609900654.64	110000	1.345426	1.515	8148750	2515	-132.4
1609900655.24	60000	1.748644	0.0	5707279	481	10.0
1609900655.74	60000	2.249644	0.0	4397748	395	60.0
1609900656.35	80000	2.63909	0.0	5098216	489	60.0
1609900657.5	80000	2.496909	0.0	5982646	1020	80.0
1609900658.85	80000	2.145721	0.0	6905077	1236	80.0
1609900659.33	80000	2.669696	0.0	7258180	358	80.0
1609900660.08	110000	2.916858	0.0	8760683	624	80.0
1609900661.22	110000	2.780513	0.0	8711578	1006	110.0
1609900662.3	110000	2.703201	0.0	9417807	947	110.0
1609900665.55	110000	1.370452	0.925	14377779	3114	-38.0
1609900666.6	80000	1.329939	0.0	12476436	890	50.0
1609900668.19	60000	1.281241	0.541	7880072	1467	-46.56
1609900669.18	40000	1.339837	0.055	6695853	880	11.2
1609900669.83	40000	1.700678	0.0	6133072	524	40.0
1609900670.43	60000	2.096402	0.0	6050499	489	40.0
1609900670.97	60000	2.559921	0.0	5568885	425	60.0
1609900671.54	60000	2.988829	0.0	6422673	450	60.0
1609900672.45	80000	3.083051	0.0	8539884	775	60.0
1609900673.49	80000	3.040034	0.0	10111273	909	80.0
1609900675.66	60000	1.873443	0.0	26329427	1905	40.0
1609900676.62	110000	1.907903	0.0	11574285	820	60.0
1609900678.24	110000	1.404132	0.109	17560011	1441	92.56
1609900679.71	110000	1.264773	0.332	16439864	1312	56.88
1609900680.48	110000	1.497082	0.0	8847416	641	110.0
1609900681.69	160000	1.324041	0.037	14337991	1057	104.08000000000001
1609900686.82	160000	1.386868	4.195	14584990	4985	-511.20000000000005
1609900689.26	110000	1.333211	1.385	9471489	2313	-161.6
1609900690.35	80000	1.469516	0.22	7120614	967	14.799999999999997
1609900691.44	80000	1.440347	0.062	7243569	973	70.08
1609900692.68	60000	1.256391	0.057	4721651	1132	30.880000000000003
1609900693.79	60000	1.317869	0.161	4637025	997	34.239999999999995
1609900694.71	40000	1.479449	0.079	3059193	818	7.359999999999999
1609900697.02	40000	1.309101	1.147	4729676	2211	-143.52
1609900698.32	20000	1.456678	0.445	3156442	1193	-71.2
1609900698.61	20000	2.166624	0.0	1895098	196	20.0
1609900698.91	20000	2.871959	0.0	1939135	201	20.0
1609900699.19	20000	3.587847	0.0	1842874	191	20.0
1609900700.13	20000	3.64996	0.0	2235830	843	20.0
1609900700.69	40000	4.094808	0.0	4687332	443	20.0
1609900701.2	40000	4.57875	0.0	4811858	413	40.0
1609900702.76	110000	4.026964	0.0	5391903	1441	40.0
1609900704.83	110000	2.959987	0.0	12114555	1923	110.0
1609900706.24	110000	2.547249	0.0	8739355	1284	110.0
1609900707.03	110000	2.754052	0.0	7401667	671	110.0
1609900709.26	110000	1.527131	0.0	9761239	2089	110.0
1609900710.23	20000	1.559316	0.0	5664827	852	-70.0
1609900710.96	20000	1.835137	0.0	4578115	618	20.0
1609900712.17	60000	1.62567	0.0	5249262	1092	20.0
1609900713.14	60000	1.652259	0.0	3327042	871	60.0
1609900713.82	60000	1.976997	0.0	2811660	577	60.0
1609900714.69	60000	2.108394	0.0	4702600	763	60.0
1609900715.14	20000	2.656169	0.0	3055257	348	-20.0
1609900716.4	20000	2.394109	0.0	5355572	1153	20.0
1609900716.68	20000	3.118191	0.0	3278424	176	20.0
1609900717.12	80000	3.682982	0.0	8326048	307	20.0
1609900717.58	80000	4.223712	0.0	8972855	331	80.0
1609900720.03	110000	2.771729	0.0	12122131	2305	80.0
1609900722.94	110000	1.424751	0.568	10969714	2787	19.120000000000005
1609900724.33	60000	1.493477	0.458	9064385	1262	-63.28
1609900724.95	40000	1.882488	0.0	6433588	488	20.0
1609900725.55	40000	2.276995	0.0	5638739	495	40.0
1609900728.45	40000	1.453627	1.076	6062060	2780	-132.16
1609900729.6	40000	1.303329	0.0	5850985	1035	40.0
1609900730.74	40000	1.280983	0.111	6118487	1024	22.24
1609900732.41	40000	1.398852	0.785	6683536	1551	-85.6
1609900733.16	40000	1.65543	0.0	4036556	640	40.0
1609900733.75	40000	2.060454	0.0	3322499	494	40.0
1609900734.75	40000	2.061573	0.0	6343093	881	40.0
1609900735.86	40000	1.953726	0.0	6446252	991	40.0
1609900736.37	40000	2.443078	0.0	6361946	393	40.0
1609900736.75	40000	3.067346	0.0	4367184	270	40.0
1609900737.27	40000	3.544015	0.0	6033322	408	40.0
1609900739.91	110000	1.911128	0.0	13175624	2476	40.0
1609900741.71	80000	1.442322	0.329	12195097	1658	-2.6400000000000006
1609900744.75	80000	1.272402	1.869	12613176	2897	-219.04000000000002
1609900748.92	80000	1.392141	3.299	6800911	4061	-447.84000000000003
1609900749.63	40000	1.691698	0.0	3851594	591	0.0
1609900750.2	40000	2.119878	0.0	3709626	469	40.0
1609900750.54	40000	2.776191	0.0	3979395	240	40.0
1609900750.97	40000	3.351711	0.0	5202497	314	40.0
1609900751.98	60000	3.344476	0.0	6409879	885	40.0
1609900753.66	60000	2.666167	0.0	7627654	1558	60.0
1609900756.43	80000	1.447445	0.552	11598573	2640	-28.319999999999993
1609900761.73	80000	1.500385	4.351	9254020	5170	-616.16
1609900762.62	60000	1.60893	0.0	5103310	780	40.0
1609900763.08	40000	2.153159	0.0	4039495	347	20.0
1609900763.43	40000	2.797337	0.0	3205850	254	40.0
1609900763.89	40000	3.34123	0.0	4848722	339	40.0
1609900764.76	60000	3.477067	0.0	8011132	734	40.0
1609900768.38	160000	1.356148	0.499	18863108	3448	-19.840000000000003
1609900770.7	160000	1.35716	1.322	15964734	2168	-51.52000000000001
1609900771.59	160000	1.469849	0.0	8284939	765	160.0
1609900772.46	160000	1.598545	0.0	9004706	745	160.0
1609900773.09	160000	1.965945	0.0	6955279	515	160.0
1609900774.15	160000	1.909013	0.0	10701639	916	160.0
1609900775.07	160000	1.992876	0.0	9459459	784	160.0
1609900775.41	160000	2.649872	0.0	3212828	247	160.0
1609900775.67	160000	3.389092	0.0	2509989	173	160.0
1609900775.89	160000	4.176121	0.0	2004927	142	160.0
1609900775.98	160000	5.082795	0.0	591360	39	160.0
1609900776.19	160000	6.308288	0.0	2394426	160	160.0
1609900776.51	40000	1.000999	0.033	336477	21	-5.280000000000001
1609900777.84	160000	1.319272	0.36	14912671	1125	-17.599999999999994
1609900779.87	160000	1.445129	1.124	24265636	1757	-19.840000000000003
