1609879592.45	40000	1.000999	0.042	334476	30	-6.719999999999999
1609879596.29	20000	1.448856	2.943	11007815	3679	-470.88
1609879598.06	20000	1.327541	0.618	8849724	1637	-78.88
1609879598.68	20000	1.740673	0.0	3191121	524	20.0
1609879599.4	40000	2.020259	0.0	4726840	605	20.0
1609879600.57	60000	1.850838	0.0	7325507	1042	40.0
1609879601.33	60000	2.097099	0.0	4014386	649	60.0
1609879601.7	60000	2.726971	0.0	3830488	266	60.0
1609879602.1	40000	3.326319	0.0	9295618	261	20.0
1609879602.39	40000	4.041255	0.0	5971357	168	40.0
1609879602.8	60000	4.632189	0.0	10988410	268	40.0
1609879603.33	80000	5.097095	0.0	20600381	284	60.0
1609879604.59	160000	4.839525	0.0	50637608	676	80.0
1609879604.98	160000	5.456525	0.0	19559369	187	160.0
1609879605.39	160000	6.043781	0.0	22224402	212	160.0
1609879605.93	160000	6.507722	0.0	22578365	328	160.0
1609879606.14	160000	7.29201	0.0	8346702	81	160.0
1609879606.48	160000	7.956532	0.0	15775481	168	160.0
1609879606.8	160000	8.633785	0.0	9163235	190	160.0
1609879607.55	160000	8.885026	0.0	41307095	442	160.0
1609879608.27	160000	9.16927	0.0	28763893	474	160.0
1609879609.4	160000	9.045671	0.0	21266416	924	160.0
1609879614.78	160000	4.661491	0.0	23702229	5167	160.0
1609879617.76	160000	2.688633	0.0	27580394	2737	160.0
1609879619.32	160000	2.134673	0.0	20329780	1355	160.0
1609879620.6	160000	1.84298	0.0	16109183	1114	160.0
1609879621.62	20000	1.828303	0.0	9946363	875	-120.0
1609879622.77	20000	1.681064	0.0	11684632	989	20.0
1609879625.42	160000	1.274754	1.252	15251076	2505	-180.32
1609879626.62	160000	1.279001	0.189	16574034	1024	129.76
1609879627.49	160000	1.4637	0.066	13009028	731	149.44
1609879628.38	160000	1.581724	0.0	12791674	739	160.0
1609879629.19	160000	1.777923	0.0	11137898	665	160.0
1609879629.97	160000	1.991274	0.0	11485310	637	160.0
1609879631.3	160000	1.660667	0.0	12428518	1189	160.0
1609879632.62	160000	1.346618	0.0	9963766	1177	160.0
1609879633.73	160000	1.290536	0.063	12189364	974	149.92
1609879634.61	160000	1.416623	0.0	10142396	741	160.0
1609879635.47	160000	1.556638	0.0	10185488	725	160.0
1609879636.49	160000	1.536302	0.0	14061455	864	160.0
1609879637.37	110000	1.663574	0.0	13956444	712	60.0
1609879638.23	40000	1.799284	0.0	13308063	708	-30.0
1609879639.87	80000	1.359203	0.2	22860019	1453	8.0
1609879640.48	160000	1.75202	0.0	7891151	478	80.0
1609879641.74	160000	1.493366	0.0	21012466	1066	160.0
1609879642.9	160000	1.338783	0.0	23519424	943	160.0
1609879643.77	160000	1.466384	0.0	18715420	688	160.0
1609879644.59	160000	1.642143	0.0	17000816	648	160.0
1609879645.37	160000	1.864902	0.0	14448126	624	160.0
1609879645.99	160000	2.250441	0.0	6958676	496	160.0
1609879648.69	160000	1.316844	0.766	9088791	2578	37.44
1609879650.88	160000	1.333853	1.204	7211881	2075	-32.639999999999986
1609879651.45	160000	1.764968	0.0	3063586	470	160.0
1609879651.76	160000	2.456565	0.0	2782179	212	160.0
1609879652.68	160000	2.534548	0.0	9958410	792	160.0
1609879653.87	160000	2.349655	0.0	12158708	1045	160.0
1609879654.94	160000	2.277063	0.0	12300216	925	160.0
1609879656.22	160000	2.000561	0.0	15815684	1112	160.0
1609879657.36	160000	1.855348	0.0	13526256	996	160.0
1609879658.39	160000	1.828043	0.0	11995130	886	160.0
1609879659.68	160000	1.544068	0.0	13394791	1133	160.0
1609879660.82	160000	1.403104	0.0	14135828	985	160.0
1609879662.07	160000	1.299298	0.143	15366126	1100	137.12
1609879663.41	160000	1.439682	0.489	14248439	1200	81.76
1609879664.66	160000	1.432549	0.235	13843717	1102	122.4
1609879665.48	110000	1.614418	0.0	9417807	683	60.0
1609879666.65	110000	1.436815	0.0	14377779	1012	110.0
1609879668.12	110000	1.420015	0.44	17340552	1293	39.599999999999994
1609879669.33	110000	1.360482	0.153	15365006	1050	85.52
1609879670.91	110000	1.26474	0.486	19021488	1407	32.239999999999995
1609879672.42	110000	1.256117	0.5	17918889	1336	30.0
1609879673.42	110000	1.250168	0.0	11843178	872	110.0
1609879674.36	110000	1.312249	0.0	10916331	804	110.0
1609879675.5	110000	1.260585	0.079	12021075	990	97.36
1609879676.62	110000	1.340641	0.207	11809774	992	76.88
1609879677.7	110000	1.297402	0.028	13817529	923	105.52
1609879678.77	20000	1.327276	0.104	9620218	945	-86.64
1609879679.65	80000	1.451693	0.0	8652970	744	20.0
1609879680.85	80000	1.432761	0.179	12877164	1061	51.36
1609879681.86	80000	1.416051	0.0	11975956	878	80.0
1609879682.66	110000	1.62195	0.0	8847416	665	80.0
1609879683.53	110000	1.756844	0.0	9530442	734	110.0
1609879684.76	160000	1.527403	0.0	14584990	1072	110.0
1609879686.14	160000	1.367233	0.226	13962401	1239	123.84
1609879687.61	160000	1.344022	0.44	14393788	1316	89.6
1609879689.26	160000	1.285272	0.586	14649457	1500	66.24
1609879690.59	160000	1.372663	0.425	13409715	1190	92.0
1609879692.03	160000	1.298829	0.366	13909605	1299	101.44
1609879692.84	110000	1.491722	0.0	8764764	677	60.0
1609879693.81	110000	1.528472	0.0	13175394	815	110.0
1609879694.75	110000	1.582808	0.0	14191823	794	110.0
1609879695.78	110000	1.55877	0.0	12316520	875	110.0
1609879696.39	110000	1.949028	0.0	13245175	462	110.0
1609879697.09	160000	2.248196	0.0	18767181	517	110.0
1609879697.78	160000	2.561222	0.0	22420858	484	160.0
1609879698.32	160000	3.030092	0.0	19324333	350	160.0
1609879698.83	160000	3.511171	0.0	20392234	314	160.0
1609879699.07	160000	4.271185	0.0	7671072	118	160.0
1609879699.52	160000	4.826596	0.0	17781906	268	160.0
1609879699.86	160000	5.482424	0.0	12839336	193	160.0
1609879700.2	160000	6.155704	0.0	10779770	187	160.0
1609879700.76	160000	6.589534	0.0	14606687	403	160.0
1609879702.6	160000	5.745032	0.0	41866951	1535	160.0
1609879707.1	160000	2.253647	0.0	37238410	4206	160.0
1609879708.04	160000	2.312411	0.0	14347759	781	160.0
1609879708.64	160000	2.706316	0.0	11399187	460	160.0
1609879709.18	160000	3.175751	0.0	10358641	395	160.0
1609879713.6	160000	1.434841	1.679	14315696	4279	-108.63999999999999
1609879714.22	40000	1.811	0.0	6479978	501	-80.0
1609879715.07	40000	1.965487	0.0	11490169	700	40.0
1609879715.9	80000	2.132872	0.0	12161730	685	40.0
1609879716.48	80000	2.557136	0.0	8326048	451	80.0
1609879717.12	80000	2.916349	0.0	8972855	411	80.0
1609879718.54	160000	2.499301	0.0	18867054	1232	80.0
1609879719.87	160000	2.168992	0.0	17393609	1153	160.0
1609879721.59	160000	1.500346	0.055	24759401	1510	151.2
1609879723.2	160000	1.427831	0.531	25782433	1390	75.04
1609879724.51	160000	1.45102	0.329	25885372	1108	107.36
1609879725.59	160000	1.371905	0.0	26242011	851	160.0
1609879726.42	160000	1.540242	0.0	23865378	615	160.0
1609879727.2	160000	1.756513	0.0	25470681	551	160.0
1609879728.05	160000	1.912738	0.0	27258768	613	160.0
1609879728.65	160000	2.314516	0.0	17853711	411	160.0
1609879729.09	160000	2.875674	0.0	14829893	277	160.0
1609879729.85	160000	3.11353	0.0	27779697	509	160.0
1609879730.55	160000	3.411227	0.0	27714923	473	160.0
1609879731.13	160000	3.831614	0.0	25946474	347	160.0
1609879731.58	160000	4.383108	0.0	19596259	262	160.0
1609879732.08	160000	4.884638	0.0	23774167	284	160.0
1609879732.51	160000	5.463252	0.0	19373656	231	160.0
1609879732.99	160000	5.980089	0.0	23977420	256	160.0
1609879733.46	160000	6.505525	0.0	24493733	260	160.0
1609879733.79	160000	7.180649	0.0	14528511	165	160.0
1609879734.17	160000	7.802631	0.0	16841176	200	160.0
1609879734.55	160000	8.426547	0.0	16743604	203	160.0
1609879734.87	160000	9.100262	0.0	17975224	142	160.0
1609879735.25	160000	9.727315	0.0	22329548	171	160.0
1609879735.54	160000	10.438068	0.0	16001583	123	160.0
1609879735.87	160000	11.104361	0.0	18238584	152	160.0
1609879736.25	160000	11.729228	0.0	21308824	180	160.0
1609879736.59	160000	12.386288	0.0	17749058	150	160.0
1609879736.86	160000	13.117322	0.0	14127787	115	160.0
1609879737.18	160000	13.798773	0.0	17525699	142	160.0
1609879737.45	160000	14.527883	0.0	14240042	116	160.0
1609879737.82	160000	15.169669	0.0	20324139	168	160.0
1609879738.27	160000	15.712789	0.0	21993033	245	160.0
1609879738.66	160000	16.329337	0.0	18863108	204	160.0
1609879738.96	160000	17.035425	0.0	15964734	128	160.0
1609879739.16	160000	17.830847	0.0	8284939	68	160.0
1609879739.36	160000	18.628936	0.0	9004706	73	160.0
1609879739.53	160000	19.45581	0.0	6955279	55	160.0
1609879739.76	160000	20.235112	0.0	10701639	86	160.0
1609879739.97	160000	21.022377	0.0	9459459	84	160.0
1609879740.1	160000	21.892031	0.0	3212828	28	160.0
1609879740.22	160000	22.775984	0.0	2509989	22	160.0
1609879740.31	160000	23.68551	0.0	2004927	18	160.0
1609879740.37	160000	24.6205	0.0	591360	3	160.0
1609879740.45	160000	25.984263	0.0	2394426	21	160.0
1609879740.75	40000	1.000999	0.02	336477	2	-3.200000000000003
1609879741.15	160000	1.946278	0.0	14912671	152	40.0
1609879741.7	160000	2.398758	0.0	24265636	242	160.0
1609879742.29	160000	2.805215	0.0	22711544	379	160.0
1609879742.82	160000	3.35953	0.0	19639705	328	160.0
1609879743.35	160000	3.947575	0.0	20946809	308	160.0
1609879743.67	160000	4.625056	0.0	11895609	174	160.0
1609879743.9	160000	5.398746	0.0	7597636	109	160.0
1609879745.27	160000	5.107372	0.0	56067905	797	160.0
1609879756.54	160000	1.262305	6.386	45444680	10977	-861.76
1609879758.18	80000	1.398967	0.783	15275967	1480	-125.28
1609879760.24	60000	1.432377	1.091	15230785	1903	-134.56
1609879761.75	60000	1.274024	0.352	13601559	1366	3.6799999999999997
1609879762.39	60000	1.64101	0.0	5612759	518	60.0
1609879763.13	60000	1.895875	0.0	6789212	627	60.0
1609879764.03	80000	1.996514	0.0	9337721	764	60.0
1609879764.38	80000	2.648313	0.0	3201928	249	80.0
1609879765.27	110000	2.764521	0.0	9838179	737	80.0
1609879765.74	110000	3.292445	0.0	6126794	359	110.0
1609879767.21	110000	2.821063	0.0	26576979	1252	110.0
1609879771.74	110000	1.383371	2.09	19285617	4353	-224.39999999999998
