1.0 125
2.0 211
3.0 323
4.0 454
5.0 481
6.0 343
7.0 0
8.0 105
9.0 125
10.0 207
11.0 366
12.0 202
13.0 88
14.0 268
15.0 580
16.0 633
17.0 779
18.0 630
19.0 781
20.0 111
21.0 104
22.0 95
23.0 100
24.0 113
25.0 107
26.0 117
27.0 97
28.0 88
29.0 95
30.0 171
31.0 276
32.0 342
33.0 309
34.0 321
35.0 309
36.0 98
37.0 114
38.0 116
39.0 21
40.0 95
41.0 114
42.0 109
43.0 121
44.0 62
45.0 18
46.0 78
47.0 114
48.0 123
49.0 86
50.0 124
51.0 121
52.0 109
53.0 109
54.0 110
55.0 89
56.0 120
57.0 105
58.0 118
59.0 116
60.0 108
61.0 80
62.0 471
63.0 763
64.0 833
65.0 909
66.0 276
67.0 106
68.0 122
69.0 358
70.0 953
71.0 725
72.0 739
73.0 888
74.0 370
75.0 816
76.0 396
77.0 463
78.0 129
79.0 163
80.0 123
81.0 169
82.0 161
83.0 119
84.0 103
85.0 83
86.0 92
87.0 268
88.0 562
89.0 617
90.0 691
91.0 748
92.0 830
93.0 895
94.0 939
95.0 813
96.0 800
97.0 873
98.0 512
99.0 112
100.0 104
101.0 362
102.0 110
103.0 124
104.0 122
105.0 81
106.0 89
107.0 121
108.0 122
109.0 118
110.0 91
111.0 102
112.0 105
113.0 119
114.0 124
115.0 121
116.0 106
117.0 120
118.0 106
119.0 103
120.0 104
121.0 109
122.0 116
123.0 118
124.0 98
125.0 387
126.0 644
127.0 605
128.0 673
129.0 673
130.0 116
131.0 96
132.0 374
133.0 793
134.0 974
135.0 958
136.0 784
137.0 858
138.0 688
139.0 1010
140.0 617
141.0 681
142.0 647
143.0 121
144.0 125
145.0 110
146.0 109
147.0 123
148.0 120
149.0 109
150.0 114
151.0 114
152.0 543
153.0 815
154.0 744
155.0 454
156.0 117
157.0 2
158.0 92
159.0 120
160.0 448
161.0 786
162.0 835
163.0 814
164.0 788
165.0 595
166.0 500
167.0 253
168.0 96
169.0 136
170.0 40
171.0 131
172.0 90
173.0 137
174.0 115
175.0 103
176.0 90
177.0 81
178.0 58
179.0 47
180.0 28
181.0 96
182.0 95
183.0 131
184.0 115
185.0 149
186.0 219
187.0 223
188.0 235
189.0 198
190.0 87
191.0 102
192.0 83
193.0 58
194.0 82
195.0 85
196.0 11
197.0 118
198.0 98
199.0 394
200.0 468
201.0 471
202.0 501
203.0 585
204.0 561
205.0 548
206.0 580
207.0 603
208.0 618
209.0 629
210.0 608
211.0 630
212.0 588
213.0 625
214.0 591
215.0 637
216.0 603
217.0 644
218.0 611
219.0 612
220.0 598
221.0 626
222.0 640
223.0 633
224.0 620
225.0 667
226.0 632
227.0 616
228.0 612
229.0 601
230.0 651
231.0 597
232.0 582
233.0 626
234.0 647
235.0 602
236.0 669
237.0 623
238.0 562
239.0 349
240.0 663
241.0 384
242.0 184
243.0 651
244.0 741
245.0 36
246.0 45
247.0 115
248.0 111
249.0 92
250.0 112
