1.0 41
2.0 41
3.0 46
4.0 20
5.0 2
6.0 109
7.0 83
8.0 78
9.0 107
10.0 150
11.0 191
12.0 150
13.0 117
14.0 118
15.0 123
16.0 308
17.0 396
18.0 510
19.0 378
20.0 396
21.0 541
22.0 594
23.0 686
24.0 339
25.0 8
26.0 8
27.0 11
28.0 82
29.0 83
30.0 104
31.0 116
32.0 91
33.0 114
34.0 578
35.0 1230
36.0 1150
37.0 942
38.0 81
39.0 10
40.0 122
41.0 501
42.0 950
43.0 998
44.0 1030
45.0 1350
46.0 1180
47.0 949
48.0 645
49.0 126
50.0 23
51.0 2
52.0 97
53.0 92
54.0 123
55.0 117
56.0 85
57.0 496
58.0 625
59.0 585
60.0 643
61.0 535
62.0 662
63.0 780
64.0 81
65.0 95
66.0 119
67.0 110
68.0 121
69.0 152
70.0 321
71.0 198
72.0 479
73.0 491
74.0 496
75.0 438
76.0 413
77.0 413
78.0 468
79.0 456
80.0 440
81.0 137
82.0 121
83.0 197
84.0 122
85.0 136
86.0 496
87.0 121
88.0 230
89.0 137
90.0 107
91.0 108
92.0 112
93.0 108
94.0 103
95.0 107
96.0 95
97.0 97
98.0 97
99.0 95
100.0 90
101.0 60
102.0 119
103.0 156
104.0 732
105.0 758
106.0 793
107.0 776
108.0 785
109.0 756
110.0 754
111.0 777
112.0 760
113.0 691
114.0 805
115.0 622
116.0 590
117.0 709
118.0 651
119.0 839
120.0 115
121.0 91
122.0 116
123.0 227
124.0 575
125.0 586
126.0 487
127.0 305
128.0 166
129.0 151
130.0 75
131.0 51
132.0 59
133.0 57
134.0 60
135.0 111
136.0 118
137.0 515
138.0 601
139.0 636
140.0 479
141.0 635
142.0 643
143.0 627
144.0 635
145.0 647
146.0 732
147.0 787
148.0 790
149.0 720
150.0 818
151.0 794
152.0 883
153.0 792
154.0 1000
155.0 1030
156.0 1080
157.0 1090
158.0 1080
159.0 1140
160.0 1040
161.0 1280
162.0 1150
163.0 1120
164.0 1320
165.0 1320
166.0 624
167.0 101
168.0 124
169.0 1060
170.0 1430
171.0 1290
172.0 1280
173.0 1030
174.0 681
175.0 10
176.0 121
177.0 87
178.0 100
179.0 112
180.0 255
181.0 530
182.0 629
183.0 374
184.0 277
185.0 180
186.0 267
187.0 124
188.0 202
189.0 428
190.0 209
191.0 141
192.0 137
193.0 144
194.0 148
195.0 133
196.0 124
197.0 126
198.0 117
199.0 94
200.0 131
201.0 113
202.0 115
203.0 122
204.0 125
205.0 118
206.0 121
207.0 129
208.0 68
209.0 131
210.0 87
211.0 95
212.0 123
213.0 120
214.0 311
215.0 169
216.0 83
217.0 88
218.0 134
219.0 492
220.0 507
221.0 260
222.0 101
223.0 110
224.0 114
225.0 181
226.0 449
227.0 470
228.0 479
229.0 472
230.0 483
231.0 517
232.0 522
233.0 537
234.0 473
235.0 255
236.0 199
237.0 109
238.0 228
239.0 445
240.0 515
241.0 497
242.0 483
243.0 449
244.0 461
245.0 494
246.0 496
247.0 523
248.0 473
249.0 417
250.0 211
