1.0 112
2.0 279
3.0 516
4.0 376
5.0 3
6.0 0
7.0 0
8.0 0
9.0 0
10.0 119
11.0 106
12.0 604
13.0 719
14.0 885
15.0 352
16.0 97
17.0 96
18.0 501
19.0 525
20.0 148
21.0 127
22.0 98
23.0 114
24.0 116
25.0 124
26.0 112
27.0 121
28.0 95
29.0 98
30.0 92
31.0 117
32.0 114
33.0 190
34.0 370
35.0 317
36.0 373
37.0 322
38.0 353
39.0 153
40.0 6
41.0 124
42.0 99
43.0 20
44.0 7
45.0 9
46.0 76
47.0 123
48.0 133
49.0 206
50.0 249
51.0 333
52.0 432
53.0 635
54.0 487
55.0 545
56.0 517
57.0 660
58.0 546
59.0 457
60.0 423
61.0 585
62.0 289
63.0 7
64.0 0
65.0 18
66.0 1
67.0 10
68.0 13
69.0 20
70.0 49
71.0 77
72.0 111
73.0 89
74.0 108
75.0 97
76.0 115
77.0 79
78.0 113
79.0 103
80.0 101
81.0 120
82.0 124
83.0 125
84.0 125
85.0 105
86.0 270
87.0 218
88.0 182
89.0 162
90.0 46
91.0 57
92.0 86
93.0 124
94.0 92
95.0 633
96.0 665
97.0 698
98.0 813
99.0 891
100.0 793
101.0 829
102.0 161
103.0 908
104.0 976
105.0 1020
106.0 1010
107.0 1010
108.0 1010
109.0 955
110.0 1010
111.0 976
112.0 991
113.0 996
114.0 1030
115.0 1010
116.0 1030
117.0 994
118.0 1020
119.0 984
120.0 976
121.0 1030
122.0 1030
123.0 986
124.0 1020
125.0 1050
126.0 1010
127.0 995
128.0 1000
129.0 1000
130.0 918
131.0 1030
132.0 953
133.0 902
134.0 976
135.0 898
136.0 966
137.0 1050
138.0 968
139.0 1150
140.0 1080
141.0 924
142.0 1260
143.0 1030
144.0 78
145.0 121
146.0 116
147.0 85
148.0 124
149.0 720
150.0 794
151.0 649
152.0 506
153.0 584
154.0 389
155.0 184
156.0 645
157.0 54
158.0 11
159.0 26
160.0 116
161.0 109
162.0 108
163.0 649
164.0 543
165.0 636
166.0 694
167.0 505
168.0 785
169.0 805
170.0 824
171.0 870
172.0 405
173.0 93
174.0 88
175.0 863
176.0 354
177.0 754
178.0 1340
179.0 1320
180.0 1270
181.0 1440
182.0 1410
183.0 1740
184.0 1550
185.0 1690
186.0 1200
187.0 1420
188.0 1110
189.0 982
190.0 1000
191.0 663
192.0 901
193.0 533
194.0 680
195.0 729
196.0 609
197.0 22
198.0 125
199.0 111
200.0 118
201.0 118
202.0 115
203.0 116
204.0 111
205.0 96
206.0 112
207.0 86
208.0 638
209.0 872
210.0 685
211.0 582
212.0 13
213.0 12
214.0 0
215.0 73
216.0 101
217.0 395
218.0 668
219.0 802
220.0 581
221.0 604
222.0 326
223.0 275
224.0 212
225.0 128
226.0 21
227.0 16
228.0 42
229.0 71
230.0 41
231.0 28
232.0 27
233.0 112
234.0 124
235.0 113
236.0 118
237.0 155
238.0 187
239.0 184
240.0 179
241.0 198
242.0 81
243.0 0
244.0 0
245.0 0
246.0 86
247.0 118
248.0 112
249.0 115
250.0 104
251.0 124
252.0 104
253.0 159
254.0 99
255.0 78
256.0 90
257.0 104
258.0 124
259.0 108
260.0 110
261.0 177
262.0 106
263.0 135
264.0 145
265.0 214
266.0 118
267.0 90
268.0 116
269.0 112
270.0 149
271.0 115
272.0 98
273.0 349
274.0 365
275.0 362
