1611424841.11	40000	2.001999	1.538	11954855	1384	-246.08
1611424842.28	20000	3.11638	0.0	11985188	990	0.0
1611424843.1	40000	4.324848	0.0	8088547	625	20.0
1611424843.57	40000	5.880472	0.0	3788109	340	40.0
1611424845.11	40000	6.343609	0.0	16582062	1322	40.0
1611424848.43	80000	5.026747	0.0	36903091	2820	40.0
1611424851.59	110000	3.867774	0.0	36735456	2808	80.0
1611424857.44	110000	2.267746	2.255	25528337	5625	-250.8
1611424859.84	110000	2.254522	0.377	14334576	2215	49.68
1611424862.24	60000	2.403858	0.548	19118420	2164	-77.68
1611424863.8	40000	2.84209	0.0	14762921	1373	20.0
1611424865.28	40000	3.361402	0.0	15408933	1283	40.0
1611424866.19	40000	4.460117	0.0	9918109	741	40.0
1611424867.94	20000	4.707428	0.0	21687457	1509	0.0
1611424877.16	160000	2.461195	4.972	30885146	8917	-775.52
1611424879.58	110000	2.43502	0.394	17355447	2220	-3.039999999999999
1611424881.31	110000	2.709947	0.0	15198239	1539	110.0
1611424882.97	110000	3.054267	0.0	15360788	1462	110.0
1611424884.41	110000	3.611937	0.0	15436753	1256	110.0
1611424886.25	110000	3.773522	0.0	16343051	1634	110.0
1611424892.71	60000	2.337529	3.024	27746166	6218	-473.84
1611424895.25	40000	2.363907	0.565	14116083	2366	-70.4
1611424896.8	40000	2.824188	0.0	11890766	1370	40.0
1611424898.15	60000	3.477061	0.0	11640396	1177	40.0
1611424899.01	60000	4.60965	0.0	7641283	716	60.0
1611424899.83	80000	5.795667	0.0	7769280	660	60.0
1611424900.43	160000	7.19532	0.0	5636789	458	80.0
1611424902.33	160000	7.301602	0.0	22059227	1670	160.0
1611424904.56	160000	7.068594	0.0	28191877	1975	160.0
1611424906.89	160000	6.74141	0.0	25042796	2074	160.0
1611424909.12	160000	6.513599	0.0	27281085	1959	160.0
1611424911.47	160000	6.165626	0.0	29208375	2075	160.0
1611424912.53	160000	7.107696	0.0	28005634	789	160.0
1611424914.13	160000	7.509479	0.0	46665385	1160	160.0
1611424915.71	160000	7.929766	0.0	50358062	1201	160.0
1611424917.09	160000	8.559405	0.0	43912649	1037	160.0
1611424918.19	160000	9.45945	0.0	34250091	808	160.0
1611424921.05	160000	8.603634	0.0	37283670	2559	160.0
1611424926.2	160000	5.45057	0.0	75230318	4460	160.0
1611424928.87	160000	4.78305	0.0	49667787	2336	160.0
1611424930.81	40000	2.001999	1.526	14901079	1347	-244.16
1611424933.18	160000	2.335841	0.492	44147819	1850	-38.72
1611424936.96	160000	2.276431	1.787	38785859	3484	-125.92000000000002
1611424938.5	160000	2.757352	0.0	17658536	1325	160.0
1611424941.13	60000	2.317306	0.192	30367840	2338	-70.72
1611424942.6	60000	2.855404	0.0	26794605	1204	60.0
1611424943.69	60000	3.768333	0.0	19133407	856	60.0
1611424945.08	110000	4.376314	0.0	25528337	1108	60.0
1611424946.44	160000	5.017102	0.0	23321872	1120	110.0
1611424952.08	160000	2.160797	0.789	50623178	5222	33.760000000000005
1611424954.94	110000	2.304268	0.999	34273990	2583	-99.84
1611424960.3	110000	2.305961	3.358	36260396	5063	-427.28
1611424963.13	110000	2.415822	0.942	24918887	2597	-40.72
1611424964.93	20000	2.619101	0.0	21687457	1538	-70.0
1611424967.13	80000	2.42389	0.0	14387394	1973	20.0
1611424968.22	80000	3.333722	0.0	12659697	915	80.0
1611424969.05	80000	4.507098	0.0	11162745	662	80.0
1611424970.12	110000	5.44386	0.0	15360788	872	80.0
1611424971.14	110000	6.420448	0.0	15436753	837	110.0
1611424972.24	110000	7.325789	0.0	16343051	897	110.0
1611424981.91	160000	2.192792	2.542	66035061	9151	-296.72
1611424985.64	80000	2.356226	1.889	27108833	3481	-302.24
1611424988.63	80000	2.302456	0.943	23240791	2779	-70.88
1611424990.65	110000	2.497436	0.206	23111848	1778	47.03999999999999
1611424992.32	160000	2.82897	0.0	21430543	1440	110.0
1611424993.7	160000	3.447348	0.0	16231263	1184	160.0
1611424994.27	160000	4.87664	0.0	5636789	433	160.0
1611424996.19	160000	4.964008	0.0	22059227	1683	160.0
1611424998.71	160000	4.442293	0.0	28191877	2265	160.0
1611425000.79	160000	4.363472	0.0	25042796	1823	160.0
1611425002.39	160000	4.770686	0.0	27281085	1340	160.0
1611425003.88	160000	5.282585	0.0	29208375	1211	160.0
1611425005.25	160000	5.91075	0.0	28005634	1114	160.0
1611425007.37	160000	5.791121	0.0	46665385	1753	160.0
1611425009.52	160000	5.647004	0.0	50358062	1752	160.0
1611425011.21	160000	5.971628	0.0	43912649	1321	160.0
1611425012.4	160000	6.766619	0.0	34250091	892	160.0
1611425013.58	160000	7.599552	0.0	37283670	862	160.0
1611425015.65	160000	7.524235	0.0	75230318	1458	160.0
1611425017.84	160000	7.334477	0.0	49667787	1850	160.0
1611425018.89	40000	2.001999	0.625	14901079	446	-100.0
1611425022.72	160000	2.444106	2.061	44147819	3294	-289.76
1611425025.82	160000	2.302152	1.046	38785859	2804	-7.360000000000014
1611425026.62	160000	3.523574	0.0	17658536	588	160.0
1611425028.67	80000	3.468696	0.0	49310181	1587	0.0
1611425030.17	80000	3.976217	0.0	36903091	1184	80.0
1611425035.89	160000	2.190495	1.932	72652354	5077	-229.12
1611425039.0	160000	2.273366	1.195	45807917	2775	-31.19999999999999
