1609827211.64	40000	1.000999	0.042	334476	29	-6.719999999999999
1609827212.66	20000	1.472915	0.111	11007815	855	-17.76
1609827213.43	20000	1.698197	0.0	8849724	649	20.0
1609827213.78	20000	2.373046	0.0	3191121	250	20.0
1609827215.2	160000	1.974234	0.0	19639705	1175	20.0
1609827220.65	160000	1.330985	3.787	20946809	5263	-445.91999999999996
1609827221.08	160000	1.904364	0.0	11895609	281	160.0
1609827221.38	160000	2.60345	0.0	7597636	179	160.0
1609827222.1	60000	2.886071	0.0	17832465	531	-40.0
1609827222.75	80000	3.243223	0.0	15816325	472	60.0
1609827223.36	80000	3.627991	0.0	15275967	459	80.0
1609827226.0	160000	1.996021	0.0	69464107	1883	80.0
1609827229.87	160000	1.337336	2.249	50637608	3554	-199.83999999999997
1609827230.49	160000	1.717612	0.0	19559369	427	160.0
1609827236.32	160000	1.33951	4.452	22224402	5642	-552.32
1609827238.25	160000	1.29226	0.883	22578365	1748	18.72
1609827238.95	160000	1.59838	0.0	8346702	572	160.0
1609827239.79	160000	1.753802	0.0	15775481	682	160.0
1609827240.14	160000	2.402551	0.0	9163235	228	160.0
1609827240.85	80000	2.691992	0.0	20277060	520	0.0
1609827241.82	160000	2.72646	0.0	28763893	738	80.0
1609827242.5	160000	3.048791	0.0	21266416	480	160.0
1609827243.34	160000	3.213394	0.0	23702229	631	160.0
1609827244.57	160000	2.984005	0.0	27580394	991	160.0
1609827245.98	160000	2.570635	0.0	20329780	1226	160.0
1609827246.79	160000	2.759114	0.0	16109183	641	160.0
1609827248.45	160000	2.105935	0.0	58830800	1266	160.0
1609827249.82	160000	1.737586	0.0	66935122	930	160.0
1609827250.3	160000	2.252187	0.0	15251076	323	160.0
1609827250.94	160000	2.613601	0.0	16574034	463	160.0
1609827251.55	160000	3.009108	0.0	13009028	461	160.0
1609827252.19	160000	3.364168	0.0	12791674	502	160.0
1609827252.74	160000	3.819401	0.0	11137898	410	160.0
1609827253.24	160000	4.324514	0.0	11485310	358	160.0
1609827253.91	160000	4.651374	0.0	12428518	533	160.0
1609827254.78	160000	4.78349	0.0	9963766	734	160.0
1609827255.7	160000	4.868665	0.0	12189364	775	160.0
1609827255.93	160000	5.634024	0.0	10142396	105	160.0
1609827256.17	160000	6.396363	0.0	10185488	106	160.0
1609827256.47	160000	7.100918	0.0	14061455	146	160.0
1609827256.88	160000	7.687779	0.0	20074099	229	160.0
1609827257.76	160000	7.810827	0.0	46115254	545	160.0
1609827258.47	160000	8.097777	0.0	40906522	411	160.0
1609827258.67	160000	8.89924	0.0	7891151	79	160.0
1609827259.07	160000	9.498115	0.0	21012466	214	160.0
1609827259.51	160000	10.061886	0.0	23519424	238	160.0
1609827259.91	160000	10.668561	0.0	18715420	214	160.0
1609827260.28	160000	11.293339	0.0	17000816	198	160.0
1609827260.61	160000	11.968692	0.0	14448126	170	160.0
1609827260.8	160000	12.778714	0.0	6958676	76	160.0
1609827261.02	160000	13.555725	0.0	9088791	98	160.0
1609827261.21	160000	14.363929	0.0	7211881	78	160.0
1609827261.34	160000	15.236026	0.0	3063586	33	160.0
1609827261.47	160000	16.113202	0.0	2782179	30	160.0
1609827261.71	160000	16.871635	0.0	9958410	101	160.0
1609827261.97	160000	17.613237	0.0	12158708	119	160.0
1609827262.23	160000	18.347652	0.0	12300216	118	160.0
1609827262.55	160000	19.031826	0.0	15815684	155	160.0
1609827262.84	160000	19.75005	0.0	13526256	136	160.0
1609827263.1	160000	20.490846	0.0	11995130	120	160.0
1609827263.38	160000	21.209595	0.0	13394791	135	160.0
1609827263.69	160000	21.903413	0.0	14135828	139	160.0
1609827264.07	160000	22.525502	0.0	15366126	219	160.0
1609827264.42	160000	23.169617	0.0	14248439	203	160.0
1609827265.22	160000	23.37137	0.0	13843717	645	160.0
1609827266.92	160000	22.668939	0.0	14665119	1543	160.0
1609827268.81	160000	21.781508	0.0	21079187	1697	160.0
1609827270.95	160000	20.639818	0.0	25480074	1930	160.0
1609827272.04	160000	20.557109	0.0	23021754	875	160.0
1609827272.67	160000	20.927411	0.0	27527834	403	160.0
1609827273.22	160000	21.380955	0.0	26155848	319	160.0
1609827273.61	160000	21.990118	0.0	17849379	218	160.0
1609827273.98	160000	22.621495	0.0	16546531	201	160.0
1609827274.38	160000	23.216871	0.0	17718949	216	160.0
1609827274.77	160000	23.832637	0.0	17337137	211	160.0
1609827275.31	160000	24.290755	0.0	20008245	350	160.0
1609827280.18	160000	20.425507	0.0	58430914	4448	160.0
1609827281.95	160000	19.655587	0.0	16292703	1599	160.0
1609827298.3	160000	4.305197	0.0	25587422	16123	160.0
1609827299.92	80000	3.691266	0.0	11975956	1464	0.0
1609827300.55	80000	4.061521	0.0	6280571	519	80.0
1609827301.28	80000	4.32772	0.0	6681274	619	80.0
1609827302.07	80000	4.543138	0.0	7178853	666	80.0
1609827302.66	80000	4.952614	0.0	6803527	477	80.0
1609827303.8	160000	4.815119	0.0	14393788	975	80.0
1609827305.1	160000	4.513592	0.0	14649457	1148	160.0
1609827306.31	160000	4.299648	0.0	13409715	1067	160.0
1609827307.5	160000	4.113797	0.0	13909605	1034	160.0
1609827308.32	160000	4.297956	0.0	13301968	666	160.0
1609827309.16	160000	4.454142	0.0	19025846	663	160.0
1609827309.8	160000	4.827702	0.0	19295426	443	160.0
1609827310.35	160000	5.273582	0.0	18261873	368	160.0
1609827310.93	160000	5.689998	0.0	19847604	395	160.0
1609827311.47	160000	6.153702	0.0	18767181	351	160.0
1609827312.09	160000	6.528738	0.0	22420858	418	160.0
1609827312.63	160000	6.995698	0.0	19324333	347	160.0
1609827313.28	160000	7.344552	0.0	20392234	465	160.0
1609827313.65	160000	7.97414	0.0	7671072	250	160.0
1609827314.4	160000	8.227239	0.0	17781906	572	160.0
1609827314.96	160000	8.669154	0.0	12839336	410	160.0
1609827315.31	160000	9.319986	0.0	10779770	214	160.0
1609827315.76	160000	9.871171	0.0	14606687	296	160.0
1609827316.76	160000	9.867253	0.0	41866951	678	160.0
1609827317.72	160000	9.91344	0.0	37238410	659	160.0
1609827318.1	160000	10.532712	0.0	14347759	227	160.0
1609827318.35	160000	11.287371	0.0	11399187	104	160.0
1609827318.58	160000	12.056396	0.0	10358641	96	160.0
1609827318.87	160000	12.766454	0.0	14315696	134	160.0
1609827319.29	160000	13.354034	0.0	23283631	202	160.0
1609827319.92	160000	13.718425	0.0	37521367	317	160.0
1609827320.3	160000	14.3392	0.0	22241104	174	160.0
1609827320.6	160000	15.042902	0.0	15813346	124	160.0
1609827320.9	160000	15.737941	0.0	17116450	135	160.0
1609827321.21	160000	16.433519	0.0	18867054	124	160.0
1609827321.49	160000	17.148235	0.0	17393609	113	160.0
1609827321.87	160000	17.775716	0.0	24759401	158	160.0
1609827322.27	160000	18.37464	0.0	25782433	179	160.0
1609827322.69	160000	18.959458	0.0	25885372	184	160.0
1609827323.1	160000	19.551295	0.0	26242011	187	160.0
1609827323.47	160000	20.181778	0.0	23865378	141	160.0
1609827323.84	160000	20.811647	0.0	25470681	152	160.0
1609827324.29	160000	21.356566	0.0	27258768	202	160.0
1609827324.65	160000	22.001432	0.0	17853711	181	160.0
1609827324.95	160000	22.695984	0.0	14829893	150	160.0
1609827326.18	160000	22.475249	0.0	27779697	966	160.0
1609827329.82	160000	19.835644	0.0	27714923	3403	160.0
1609827332.89	160000	17.76526	0.0	25946474	2839	160.0
1609827334.64	160000	17.011944	0.0	19596259	1573	160.0
1609827336.38	160000	16.285775	0.0	23774167	1520	160.0
1609827337.4	160000	16.251876	0.0	19373656	838	160.0
1609827337.84	160000	16.82165	0.0	23977420	224	160.0
1609827338.28	160000	17.381183	0.0	24493733	231	160.0
1609827338.58	160000	18.0837	0.0	14528511	139	160.0
1609827338.91	160000	18.748464	0.0	16841176	161	160.0
1609827339.3	160000	19.373388	0.0	16743604	208	160.0
1609827339.89	160000	19.771964	0.0	17975224	409	160.0
1609827340.61	160000	20.053086	0.0	22329548	520	160.0
1609827341.15	160000	20.512199	0.0	16001583	375	160.0
1609827343.06	160000	19.607184	0.0	18238584	1729	160.0
1609827344.7	160000	18.967931	0.0	21308824	1440	160.0
1609827346.21	160000	18.455156	0.0	17749058	1335	160.0
1609827346.64	160000	19.026801	0.0	14127787	278	160.0
1609827347.16	160000	19.509843	0.0	17525699	345	160.0
1609827347.6	160000	20.075291	0.0	14240042	276	160.0
1609827348.17	160000	20.501104	0.0	20324139	385	160.0
1609827348.78	160000	20.894488	0.0	21993033	407	160.0
1609827349.31	160000	21.3611	0.0	18863108	347	160.0
1609827349.76	160000	21.911932	0.0	15964734	276	160.0
1609827350.03	160000	22.649326	0.0	8284939	140	160.0
1609827350.32	160000	23.358413	0.0	9004706	163	160.0
1609827350.58	160000	24.102017	0.0	6955279	133	160.0
1609827350.92	160000	24.757421	0.0	10701639	211	160.0
1609827351.24	160000	25.441184	0.0	9459459	187	160.0
1609827351.4	160000	26.278645	0.0	3212828	66	160.0
1609827351.55	160000	27.136702	0.0	2509989	51	160.0
1609827351.66	160000	28.025303	0.0	2004927	41	160.0
1609827351.72	160000	28.96155	0.0	591360	12	160.0
1609827351.82	160000	30.298188	0.0	2394426	49	160.0
1609827352.16	40000	1.000999	0.032	336477	6	-5.119999999999997
1609827352.73	160000	1.724991	0.0	14912671	333	40.0
1609827353.56	160000	1.89408	0.0	24265636	532	160.0
1609827354.24	160000	2.276853	0.0	22711544	474	160.0
1609827354.79	160000	2.774641	0.0	19639705	356	160.0
1609827355.37	160000	3.22578	0.0	20946809	379	160.0
1609827355.7	160000	3.951053	0.0	11895609	191	160.0
1609827355.95	160000	4.705768	0.0	7597636	118	160.0
1609827357.34	160000	4.366821	0.0	56067905	819	160.0
1609827358.12	160000	4.584357	0.0	45444680	464	160.0
1609827358.99	160000	4.715141	0.0	54798068	500	160.0
1609827360.07	160000	4.642381	0.0	69464107	544	160.0
1609827360.78	160000	4.92953	0.0	50637608	353	160.0
1609827361.1	160000	5.610947	0.0	19559369	133	160.0
1609827361.45	160000	6.260265	0.0	22224402	153	160.0
1609827361.81	160000	6.908473	0.0	22578365	153	160.0
1609827361.99	160000	7.728971	0.0	8346702	56	160.0
1609827362.26	160000	8.45633	0.0	15775481	106	160.0
1609827362.49	160000	9.227564	0.0	9163235	95	160.0
1609827363.22	160000	9.497789	0.0	41307095	429	160.0
1609827366.31	160000	7.466477	0.0	28763893	2837	160.0
1609827367.98	160000	6.801391	0.0	21266416	1469	160.0
1609827369.86	160000	5.924941	0.0	23702229	1650	160.0
1609827370.72	160000	6.0581	0.0	27580394	636	160.0
1609827371.16	160000	6.620564	0.0	20329780	239	160.0
1609827371.5	160000	7.277771	0.0	16109183	180	160.0
1609827372.56	160000	7.218027	0.0	58830800	639	160.0
