1611429456.36	40000	2.001999	0.988	11954855	882	-158.08
1611429457.55	40000	3.085788	0.0	25238199	836	40.0
1611429457.88	40000	4.751577	0.0	8088547	183	40.0
1611429459.33	110000	5.376165	0.0	15011672	1229	40.0
1611429463.39	80000	3.325838	0.0	49310181	3486	50.0
1611429466.69	80000	2.415371	0.39	36903091	3015	17.6
1611429468.86	80000	2.306007	0.062	25031039	1925	70.08
1611429471.08	110000	2.340164	0.25	25528337	1988	40.0
1611429474.75	110000	2.37346	1.697	14334576	3498	-161.51999999999998
1611429476.46	40000	2.664123	0.0	13193359	1534	-30.0
1611429478.1	40000	3.02504	0.0	14762921	1455	40.0
1611429479.64	40000	3.48938	0.0	15408933	1343	40.0
1611429480.19	20000	4.937866	0.0	5227974	415	0.0
1611429482.03	20000	5.100569	0.0	21687457	1616	20.0
1611429484.36	160000	4.766334	0.0	30885146	2030	20.0
1611429490.99	160000	2.283832	2.149	25605653	6405	-183.83999999999997
1611429493.57	110000	2.47869	0.773	15198239	2400	-63.68000000000001
1611429495.57	110000	2.482047	0.0	15360788	1818	110.0
1611429497.28	110000	2.773582	0.0	15436753	1522	110.0
1611429498.94	110000	3.114671	0.0	16343051	1465	110.0
1611429500.6	40000	3.462556	0.0	18415047	1444	-30.0
1611429502.03	40000	4.032795	0.0	14116083	1253	40.0
1611429504.17	80000	3.902499	0.0	23240791	1896	40.0
1611429507.15	160000	2.913065	0.0	35151436	2685	80.0
1611429509.05	160000	3.020231	0.0	21430543	1676	160.0
1611429510.77	160000	3.293274	0.0	16231263	1538	160.0
1611429511.35	160000	4.715637	0.0	5636789	446	160.0
1611429513.35	160000	4.721115	0.0	22059227	1770	160.0
1611429515.74	160000	4.329238	0.0	28191877	2145	160.0
1611429517.7	160000	4.373141	0.0	25042796	1721	160.0
1611429519.82	160000	4.256447	0.0	27281085	1867	160.0
1611429522.07	160000	4.013241	0.0	29208375	1990	160.0
1611429524.32	160000	3.763796	0.0	28005634	1996	160.0
1611429526.88	110000	3.207051	0.0	31666077	2271	60.0
1611429529.79	110000	2.300671	0.0	34107477	2604	110.0
1611429532.62	110000	2.270848	0.806	29620330	2575	-18.960000000000008
1611429534.63	110000	2.318179	0.052	22878143	1782	101.68
1611429536.11	80000	2.841903	0.0	18631298	1279	50.0
1611429539.02	60000	2.403615	0.476	33359937	2652	-36.16
1611429540.72	60000	2.7072	0.0	18918123	1528	60.0
1611429542.61	40000	2.001999	1.361	14901079	1239	-217.76
1611429544.83	40000	2.452559	0.459	25238199	1934	-33.44
1611429545.73	40000	3.598565	0.0	8088547	751	40.0
1611429546.46	60000	4.892012	0.0	7003735	551	40.0
1611429549.01	60000	4.343992	0.0	30367840	2241	60.0
1611429551.47	60000	3.879303	0.0	26794605	2203	60.0
1611429554.66	110000	2.691402	0.0	36735456	2794	60.0
1611429556.99	110000	2.435466	0.067	25528337	2069	99.28
1611429558.3	110000	3.123359	0.0	14334576	1135	110.0
1611429561.14	110000	2.290919	0.0	32276831	2556	110.0
1611429563.44	80000	2.245856	0.251	26496620	2026	9.840000000000003
1611429565.36	60000	2.384727	0.063	22176094	1682	29.92
1611429566.32	40000	3.428839	0.0	9918109	795	20.0
1611429569.4	40000	2.351152	0.0	39665707	2755	40.0
1611429573.9	160000	2.341998	2.501	30885146	4225	-360.16
1611429576.31	160000	2.345982	0.404	25605653	2176	95.36
1611429578.18	160000	2.475223	0.0	22421293	1636	160.0
1611429579.8	160000	2.860806	0.0	22469732	1392	160.0
1611429584.26	160000	2.257998	1.854	22397259	4240	-136.64
1611429585.22	60000	3.291823	0.0	8828714	808	-40.0
1611429587.7	60000	2.816599	0.0	27746166	2204	60.0
1611429589.37	60000	3.15271	0.0	20920144	1436	60.0
1611429590.65	60000	3.874981	0.0	17629836	1079	60.0
1611429592.92	160000	3.605496	0.0	35151436	1981	60.0
1611429594.27	160000	4.260909	0.0	21430543	1126	160.0
1611429595.25	160000	5.272854	0.0	16231263	797	160.0
1611429595.64	160000	6.884377	0.0	5636789	255	160.0
1611429596.86	160000	7.671486	0.0	22059227	992	160.0
1611429598.19	160000	8.340139	0.0	28191877	1073	160.0
1611429599.26	160000	9.278159	0.0	25042796	806	160.0
1611429600.27	160000	10.267612	0.0	27281085	755	160.0
1611429601.25	160000	11.284969	0.0	29208375	711	160.0
1611429602.13	160000	12.414684	0.0	28005634	611	160.0
1611429606.25	160000	10.297966	0.0	46665385	3689	160.0
1611429610.09	160000	8.450729	0.0	50358062	3462	160.0
1611429612.16	160000	8.387552	0.0	43912649	1720	160.0
1611429613.71	160000	8.842186	0.0	34250091	1264	160.0
1611429615.37	160000	9.17975	0.0	37283670	1368	160.0
1611429618.61	160000	7.939895	0.0	75230318	2579	160.0
1611429620.57	160000	7.981488	0.0	49667787	1624	160.0
1611429625.24	40000	2.001999	4.162	14901079	4086	-665.92
1611429629.4	40000	2.370417	2.32	25238199	3870	-331.2
1611429630.38	40000	3.439003	0.0	8088547	820	40.0
1611429630.86	40000	4.957322	0.0	3788109	356	40.0
1611429632.49	40000	5.331104	0.0	16582062	1428	40.0
1611429634.13	40000	5.695355	0.0	18697302	1427	40.0
1611429636.0	80000	5.833593	0.0	25031039	1589	40.0
1611429637.47	110000	6.36604	0.0	25528337	1188	80.0
1611429639.16	110000	6.675025	0.0	14334576	1515	110.0
1611429642.35	110000	5.484089	0.0	32276831	2860	110.0
1611429645.13	110000	4.703804	0.0	34273990	2488	110.0
1611429647.67	110000	4.173761	0.0	36260396	2221	110.0
1611429648.92	80000	4.916428	0.0	18838149	1049	50.0
1611429652.45	60000	3.396503	0.0	57086776	2864	40.0
1611429654.19	160000	3.654751	0.0	30885146	1424	60.0
