1611427364.56	40000	2.001999	4.13	11954855	4036	-660.8
1611427366.38	20000	2.491351	0.0	11985188	1646	0.0
1611427366.87	20000	4.002439	0.0	3082121	364	20.0
1611427367.13	20000	5.767706	0.0	1274148	143	20.0
1611427368.08	20000	6.824015	0.0	7289848	800	20.0
1611427369.27	20000	7.638286	0.0	9975168	1026	20.0
1611427371.95	80000	6.956758	0.0	25031039	2334	20.0
1611427373.53	80000	7.379818	0.0	18034210	1373	80.0
1611427374.71	110000	8.201317	0.0	14334576	962	80.0
1611427377.04	110000	7.879156	0.0	32276831	1996	110.0
1611427379.67	110000	7.247383	0.0	34273990	2343	110.0
1611427382.04	110000	6.87825	0.0	36260396	2069	110.0
1611427384.14	110000	6.780846	0.0	24918887	1855	110.0
1611427391.81	110000	2.120582	1.012	93799287	6665	-51.91999999999999
1611427395.48	160000	2.473056	2.022	30885146	3362	-213.51999999999998
1611427402.89	160000	2.49726	5.436	25605653	7187	-709.76
1611427405.95	160000	2.426358	0.983	22421293	2846	2.719999999999999
1611427407.66	110000	2.713571	0.0	15360788	1523	60.0
1611427409.2	110000	3.175203	0.0	15436753	1353	110.0
1611427410.72	110000	3.664645	0.0	16343051	1310	110.0
1611427412.41	40000	3.973208	0.0	18415047	1444	-30.0
1611427413.79	40000	4.597656	0.0	14116083	1199	40.0
1611427417.75	160000	2.635094	0.0	44641838	3620	40.0
1611427420.8	160000	2.43115	0.839	35151436	2771	25.75999999999999
1611427422.75	160000	2.477381	0.0	21430543	1733	160.0
1611427424.09	160000	3.145544	0.0	16231263	1139	160.0
1611427424.62	160000	4.618032	0.0	5636789	395	160.0
1611427426.59	160000	4.640156	0.0	22059227	1753	160.0
1611427429.1	160000	4.135423	0.0	28191877	2241	160.0
1611427431.23	160000	4.011189	0.0	25042796	1886	160.0
1611427433.34	160000	3.896862	0.0	27281085	1867	160.0
1611427435.76	160000	3.48176	0.0	29208375	2158	160.0
1611427438.13	160000	3.113715	0.0	28005634	2111	160.0
1611427441.11	110000	2.259995	0.085	31666077	2696	46.400000000000006
1611427442.62	80000	2.749179	0.0	24569943	1259	50.0
1611427443.68	80000	3.687919	0.0	21207759	837	80.0
1611427444.49	80000	4.884042	0.0	16384861	613	80.0
1611427445.65	110000	5.719367	0.0	25558418	944	80.0
1611427448.86	160000	4.51801	0.0	75230318	2710	110.0
1611427450.91	160000	4.464929	0.0	49667787	1693	160.0
1611427452.07	40000	2.001999	0.655	14901079	503	-104.8
1611427453.36	160000	2.885002	0.0	44147819	727	40.0
1611427454.16	160000	4.192329	0.0	38785859	486	160.0
1611427454.58	160000	5.820417	0.0	17658536	212	160.0
1611427456.72	160000	5.791151	0.0	100767000	1097	160.0
1611427458.97	160000	5.542467	0.0	128611905	1308	160.0
1611427460.22	160000	6.291976	0.0	72652354	769	160.0
1611427461.03	160000	7.485448	0.0	45807917	458	160.0
1611427461.5	160000	9.012213	0.0	23321872	228	160.0
1611427462.37	160000	10.148146	0.0	50623178	493	160.0
1611427463.26	160000	11.270487	0.0	50601822	501	160.0
1611427464.17	160000	12.369669	0.0	51548908	505	160.0
1611427464.83	160000	13.797158	0.0	36583542	358	160.0
1611427466.87	160000	13.760819	0.0	126634779	1243	160.0
1611427467.5	160000	15.132604	0.0	30885146	347	160.0
1611427468.0	160000	16.636299	0.0	25605653	254	160.0
1611427468.45	160000	18.185405	0.0	22421293	224	160.0
1611427468.9	160000	19.739797	0.0	22469732	221	160.0
1611427469.34	160000	21.298997	0.0	22397259	215	160.0
1611427469.82	160000	22.828065	0.0	24249062	234	160.0
1611427470.92	160000	23.730139	0.0	66035061	645	160.0
1611427471.8	160000	24.852242	0.0	48981522	480	160.0
1611427472.59	160000	26.063064	0.0	44641838	438	160.0
1611427473.23	160000	27.423496	0.0	35151436	345	160.0
1611427473.66	160000	28.997185	0.0	21430543	207	160.0
1611427474.0	160000	30.651899	0.0	16231263	149	160.0
1611427474.19	160000	32.468478	0.0	5636789	50	160.0
1611427474.62	160000	34.041227	0.0	22059227	206	160.0
1611427475.16	160000	35.503192	0.0	28191877	271	160.0
1611427475.66	160000	37.014907	0.0	25042796	249	160.0
1611427476.19	160000	38.474111	0.0	27281085	270	160.0
1611427476.74	160000	39.931664	0.0	29208375	288	160.0
1611427477.28	160000	41.391578	0.0	28005634	279	160.0
1611427478.09	160000	42.585642	0.0	46665385	456	160.0
1611427478.97	160000	43.704936	0.0	50358062	487	160.0
1611427479.76	160000	44.922032	0.0	43912649	434	160.0
1611427480.4	160000	46.280616	0.0	34250091	342	160.0
1611427481.05	160000	47.629552	0.0	37283670	371	160.0
1611427482.27	160000	48.414823	0.0	75230318	744	160.0
1611427483.12	160000	49.564128	0.0	49667787	506	160.0
1611427484.31	40000	2.001999	0.653	14901079	501	-104.48
1611427485.55	160000	2.935788	0.0	44147819	699	40.0
1611427486.3	160000	4.257682	0.0	38785859	423	160.0
1611427486.7	160000	5.894462	0.0	17658536	182	160.0
1611427488.71	160000	5.955275	0.0	100767000	964	160.0
1611427490.93	160000	5.739475	0.0	128611905	1249	160.0
1611427492.22	160000	6.455871	0.0	72652354	784	160.0
1611427493.13	160000	7.544124	0.0	45807917	563	160.0
1611427493.61	160000	9.070453	0.0	23321872	228	160.0
1611427494.47	160000	10.213371	0.0	50623178	488	160.0
1611427495.36	160000	11.324934	0.0	50601822	513	160.0
1611427496.29	160000	12.395202	0.0	51548908	542	160.0
1611427496.99	160000	13.799169	0.0	36583542	405	160.0
1611427500.17	160000	12.622298	0.0	126634779	2360	160.0
1611427500.97	160000	13.830047	0.0	30885146	521	160.0
1611427509.53	160000	7.266151	0.0	25605653	8312	160.0
1611427512.43	160000	6.372482	0.0	22421293	2659	160.0
1611427514.72	160000	6.085978	0.0	22469732	2059	160.0
1611427516.54	160000	6.262642	0.0	22397259	1592	160.0
1611427518.0	160000	6.804072	0.0	24249062	1214	160.0
1611427519.33	60000	7.474829	0.0	27746166	1036	-40.0
1611427521.06	160000	7.753103	0.0	48981522	1357	60.0
1611427522.39	160000	8.423536	0.0	44641838	963	160.0
1611427523.33	160000	9.490291	0.0	35151436	644	160.0
1611427523.91	160000	10.9084	0.0	21430543	362	160.0
1611427524.35	160000	12.466857	0.0	16231263	243	160.0
1611427524.57	160000	14.255061	0.0	5636789	77	160.0
1611427525.11	160000	15.710885	0.0	22059227	313	160.0
1611427525.76	160000	17.06698	0.0	28191877	390	160.0
1611427526.33	160000	18.501212	0.0	25042796	328	160.0
1611427526.92	160000	19.908394	0.0	27281085	337	160.0
1611427527.54	160000	21.294865	0.0	29208375	350	160.0
1611427528.13	160000	22.703074	0.0	28005634	334	160.0
1611427529.0	160000	23.837844	0.0	46665385	515	160.0
1611427529.98	160000	24.859115	0.0	50358062	610	160.0
1611427530.88	160000	25.963228	0.0	43912649	544	160.0
1611427531.77	160000	27.073833	0.0	34250091	609	160.0
1611427538.27	160000	22.572583	0.0	37283670	6215	160.0
1611427541.03	160000	21.814896	0.0	75230318	2271	160.0
1611427542.49	160000	22.354264	0.0	49667787	1134	160.0
1611427543.45	40000	2.001999	0.516	14901079	337	-82.56
1611427544.98	160000	2.655584	0.0	44147819	983	40.0
1611427546.18	160000	3.552951	0.0	38785859	889	160.0
1611427546.79	160000	4.972175	0.0	17658536	397	160.0
1611427550.04	160000	3.773566	0.0	100767000	2202	160.0
