1611430922.6	40000	2.001999	0.621	11954855	556	-99.36
1611430926.62	160000	2.325984	2.057	44147819	3505	-289.12
1611430929.95	160000	2.293065	1.387	38785859	3025	-61.91999999999999
1611430931.66	160000	2.598915	0.0	17658536	1504	160.0
1611430934.04	60000	2.296881	0.074	30367840	2085	-51.84
1611430936.22	60000	2.360977	0.25	26794605	1946	20.0
1611430938.52	80000	2.411571	0.347	25031039	2029	4.479999999999997
1611430940.13	80000	2.806874	0.0	18034210	1405	80.0
1611430940.79	80000	4.147994	0.0	9442903	505	80.0
1611430943.3	80000	3.642776	0.0	24579254	2270	80.0
1611430945.38	80000	3.55706	0.0	26496620	1834	80.0
1611430947.89	60000	3.052369	0.0	22176094	2253	40.0
1611430950.61	60000	2.331692	0.0	14532367	2540	60.0
1611430952.67	20000	2.327505	0.05	21687457	1832	-28.0
1611430953.94	80000	3.06341	0.0	14387394	1085	20.0
1611430955.41	110000	3.585574	0.0	17355447	1230	80.0
1611430956.57	110000	4.441238	0.0	15198239	965	110.0
1611430957.67	110000	5.336605	0.0	15360788	912	110.0
1611430958.73	110000	6.280518	0.0	15436753	878	110.0
1611430960.26	160000	6.74677	0.0	24249062	1295	110.0
1611430965.68	160000	3.329515	0.0	66035061	4808	160.0
1611430967.56	160000	3.455626	0.0	48981522	1522	160.0
1611430969.68	160000	3.337484	0.0	44641838	1763	160.0
1611430971.24	160000	3.775738	0.0	35151436	1253	160.0
1611430972.25	160000	4.775941	0.0	21430543	782	160.0
1611430973.09	160000	5.93167	0.0	16231263	642	160.0
1611430973.5	160000	7.52666	0.0	5636789	275	160.0
1611430974.92	160000	8.111843	0.0	22059227	1193	160.0
1611430977.18	160000	7.844885	0.0	28191877	1991	160.0
1611430979.64	160000	7.391718	0.0	25042796	2214	160.0
1611430981.56	160000	7.472557	0.0	27281085	1659	160.0
1611430982.84	160000	8.198333	0.0	29208375	1020	160.0
1611430984.07	160000	8.964928	0.0	28005634	970	160.0
1611430986.05	160000	8.98338	0.0	46665385	1617	160.0
1611430988.11	160000	8.927253	0.0	50358062	1680	160.0
1611430989.86	160000	9.180979	0.0	43912649	1400	160.0
1611430991.21	160000	9.827299	0.0	34250091	1050	160.0
1611430992.62	160000	10.427835	0.0	37283670	1106	160.0
1611430995.33	160000	9.71209	0.0	75230318	2107	160.0
1611430996.93	160000	10.127972	0.0	49667787	1239	160.0
1611430997.84	40000	2.001999	0.519	14901079	337	-83.04
1611430999.33	160000	2.690283	0.0	44147819	916	40.0
1611431000.4	160000	3.714751	0.0	38785859	750	160.0
1611431000.91	160000	5.227775	0.0	17658536	313	160.0
1611431003.47	160000	4.727492	0.0	100767000	1540	160.0
1611431006.26	160000	3.971056	0.0	128611905	1822	160.0
1611431012.49	160000	2.384314	2.645	72652354	5789	-263.2
1611431014.8	160000	2.212071	0.074	45807917	1978	148.16
1611431019.02	160000	2.273874	2.274	23321872	3979	-203.83999999999997
1611431022.69	110000	2.350638	1.747	32276831	3380	-219.51999999999998
1611431024.71	60000	2.337371	0.0	20993520	1752	10.0
1611431026.03	40000	3.01584	0.0	15408933	1124	20.0
1611431026.85	40000	4.19797	0.0	9918109	661	40.0
1611431028.47	20000	4.574996	0.0	21687457	1369	0.0
1611431030.54	160000	4.511698	0.0	30885146	1779	20.0
1611431032.05	160000	4.999572	0.0	25605653	1268	160.0
1611431033.17	160000	5.889474	0.0	22421293	888	160.0
1611431034.14	160000	6.913974	0.0	22469732	743	160.0
1611431035.01	160000	8.048322	0.0	22397259	644	160.0
1611431035.85	160000	9.208153	0.0	24249062	606	160.0
1611431037.66	160000	9.401084	0.0	66035061	1373	160.0
1611431038.89	160000	10.175902	0.0	48981522	827	160.0
1611431039.89	160000	11.179239	0.0	44641838	659	160.0
1611431040.65	160000	12.414143	0.0	35151436	473	160.0
1611431041.16	160000	13.914904	0.0	21430543	278	160.0
1611431041.71	160000	15.358624	0.0	16231263	362	160.0
1611431042.0	160000	17.073693	0.0	5636789	153	160.0
1611431043.8	160000	17.278947	0.0	22059227	1574	160.0
1611431045.91	160000	17.166292	0.0	28191877	1858	160.0
1611431047.12	160000	17.963196	0.0	25042796	945	160.0
1611431048.39	160000	18.688544	0.0	27281085	1014	160.0
1611431049.74	160000	19.359342	0.0	29208375	1071	160.0
1611431051.02	160000	20.064579	0.0	28005634	1031	160.0
1611431053.02	160000	20.070309	0.0	46665385	1645	160.0
1611431056.86	160000	18.231876	0.0	50358062	3465	160.0
1611431060.54	160000	16.549118	0.0	43912649	3346	160.0
1611431061.97	160000	17.129001	0.0	34250091	1138	160.0
1611431063.47	160000	17.624285	0.0	37283670	1219	160.0
1611431067.07	160000	16.032334	0.0	75230318	3110	160.0
1611431069.8	160000	15.297305	0.0	49667787	2395	160.0
1611431070.9	40000	2.001999	0.646	14901079	520	-103.36
1611431073.53	160000	2.449951	0.866	44147819	2115	-98.56
1611431078.4	160000	2.31543	2.788	38785859	4541	-286.08
1611431080.69	160000	2.484408	0.452	17658536	2091	87.68
1611431082.18	40000	2.997625	0.0	16582062	1289	-80.0
1611431086.27	60000	2.396055	1.492	26794605	3815	-198.72
1611431089.23	80000	2.435126	0.992	25031039	2682	-98.72
1611431090.97	80000	2.698144	0.0	18034210	1537	80.0
1611431091.84	80000	3.83031	0.0	9442903	715	80.0
1611431093.79	80000	3.878535	0.0	24579254	1724	80.0
1611431097.38	80000	2.434761	0.145	26496620	3347	56.8
1611431099.25	60000	2.570647	0.0	22176094	1620	40.0
1611431100.38	60000	3.438125	0.0	14532367	955	60.0
1611431103.14	40000	2.675603	0.0	39665707	2446	20.0
1611431105.18	160000	2.644179	0.0	30885146	1749	40.0
1611431108.44	160000	2.338788	0.954	25605653	3029	7.360000000000014
1611431111.25	160000	2.295005	0.761	22421293	2588	38.239999999999995
1611431116.47	160000	2.308623	3.236	22469732	5012	-357.76
1611431118.55	110000	2.271443	0.038	15436753	1858	53.92
1611431120.36	110000	2.46455	0.0	16343051	1610	110.0
