1611425890.55	40000	2.001999	1.347	11954855	1284	-215.52
1611425891.61	20000	3.217477	0.0	11985188	880	0.0
1611425893.07	60000	3.803733	0.0	16057946	1217	20.0
1611425893.79	60000	5.085027	0.0	7003735	579	60.0
1611425896.39	60000	4.51166	0.0	30367840	2218	60.0
1611425898.77	60000	4.12646	0.0	26794605	2134	60.0
1611425900.6	60000	4.302591	0.0	19133407	1615	60.0
1611425902.86	110000	4.040465	0.0	25528337	1977	60.0
1611425904.1	110000	4.8082	0.0	14334576	1055	110.0
1611425906.88	110000	4.027542	0.0	32276831	2507	110.0
1611425909.49	110000	3.417181	0.0	34273990	2318	110.0
1611425912.6	110000	2.354408	0.042	36260396	2803	103.28
1611425913.38	60000	3.575548	0.0	14532367	593	10.0
1611425923.64	60000	2.108035	6.786	57086776	9670	-1025.76
1611425926.13	110000	2.437942	0.818	20241275	2277	-70.88
1611425928.08	110000	2.489892	0.0	17355447	1753	110.0
1611425929.52	110000	3.046713	0.0	15198239	1260	110.0
1611425930.83	110000	3.740471	0.0	15360788	1127	110.0
1611425932.07	110000	4.50739	0.0	15436753	1046	110.0
1611425933.3	110000	5.27333	0.0	16343051	1044	110.0
1611425936.39	110000	4.189727	0.0	47587683	2709	110.0
1611425938.26	110000	4.312978	0.0	35525202	1566	110.0
1611425940.11	160000	4.468184	0.0	44641838	1435	110.0
1611425941.32	160000	5.264436	0.0	35151436	899	160.0
1611425942.11	160000	6.484121	0.0	21430543	566	160.0
1611425942.77	160000	7.818251	0.0	16231263	464	160.0
1611425943.06	160000	9.525915	0.0	5636789	160	160.0
1611425944.18	160000	10.406919	0.0	22059227	899	160.0
1611425945.57	160000	11.017022	0.0	28191877	1124	160.0
1611425946.99	160000	11.605398	0.0	25042796	1176	160.0
1611425948.16	160000	12.43333	0.0	27281085	919	160.0
1611425949.46	160000	13.139503	0.0	29208375	1039	160.0
1611425951.29	160000	13.308252	0.0	28005634	1573	160.0
1611425961.1	160000	5.499812	0.0	46665385	9442	160.0
1611425965.94	160000	2.667171	0.0	50358062	4438	160.0
1611425967.69	80000	2.919627	0.0	21207759	1477	0.0
1611425969.17	80000	3.437324	0.0	16384861	1293	80.0
1611425970.67	80000	3.939556	0.0	18631298	1314	80.0
1611425973.57	60000	3.038875	0.0	33359937	2639	40.0
1611425975.21	60000	3.406817	0.0	18918123	1470	60.0
1611425977.4	40000	2.001999	1.699	14901079	1520	-271.84
1611425979.44	40000	2.444548	0.276	25238199	1749	-4.159999999999997
1611425980.15	40000	3.768242	0.0	8088547	552	40.0
1611425981.08	80000	4.858632	0.0	10719472	732	40.0
1611425983.82	60000	4.120767	0.0	30367840	2390	40.0
1611425986.24	60000	3.703574	0.0	26794605	2163	60.0
1611425988.04	60000	3.901601	0.0	19133407	1597	60.0
1611425990.36	110000	3.588412	0.0	25528337	2030	60.0
1611425991.78	110000	4.164421	0.0	14334576	1237	110.0
1611425994.14	110000	3.805346	0.0	32276831	2084	110.0
1611425995.91	110000	4.04115	0.0	34273990	1474	110.0
1611425998.62	110000	3.331241	0.0	36260396	2410	110.0
1611426000.18	80000	3.775458	0.0	18838149	1350	50.0
1611426013.3	60000	2.273087	9.621	57086776	12542	-1499.36
1611426014.9	80000	2.682904	0.0	14387394	1396	60.0
1611426016.47	110000	3.112785	0.0	17355447	1373	80.0
1611426017.53	110000	4.048445	0.0	15198239	884	110.0
1611426018.43	110000	5.151247	0.0	15360788	718	110.0
1611426019.25	110000	6.339794	0.0	15436753	628	110.0
1611426020.69	160000	6.898044	0.0	24249062	1173	110.0
1611426024.63	160000	4.959371	0.0	66035061	3473	160.0
1611426036.53	160000	2.35872	7.301	48981522	11562	-1008.1600000000001
1611426040.5	110000	2.411569	2.022	31250786	3706	-263.52
1611426042.75	110000	2.412827	0.251	23111848	2040	69.84
1611426044.61	160000	2.555396	0.0	21430543	1623	110.0
1611426054.25	160000	2.439416	7.527	16231263	9462	-1044.32
1611426054.62	160000	4.073093	0.0	5636789	236	160.0
1611426055.28	110000	5.412169	0.0	14465961	481	60.0
1611426056.13	110000	6.569183	0.0	18780277	637	110.0
1611426056.85	110000	7.846763	0.0	15875012	537	110.0
1611426057.48	110000	9.221223	0.0	17834356	426	110.0
1611426058.77	160000	9.937181	0.0	29208375	1008	110.0
1611426059.96	160000	10.750736	0.0	28005634	937	160.0
1611426061.36	160000	11.346008	0.0	46665385	1053	160.0
1611426062.91	160000	11.79824	0.0	50358062	1164	160.0
1611426064.33	160000	12.380571	0.0	43912649	1072	160.0
1611426077.51	160000	2.468061	1.272	34250091	12905	-43.52000000000001
1611426080.1	60000	2.256994	0.379	13977853	2434	-100.64
1611426081.86	20000	2.507501	0.0	12281338	1576	-20.0
