1611426733.29	40000	2.001999	1.34	11954855	1203	-214.4
1611426734.54	20000	3.010523	0.0	11985188	1077	0.0
1611426735.72	60000	3.878959	0.0	16057946	914	20.0
1611426736.26	60000	5.343133	0.0	7003735	388	60.0
1611426738.36	60000	5.250711	0.0	30367840	1713	60.0
1611426740.61	60000	4.993701	0.0	26794605	2010	60.0
1611426744.29	80000	3.323441	0.0	25031039	3388	60.0
1611426746.79	110000	2.82242	0.0	25528337	2219	80.0
1611426748.08	110000	3.538331	0.0	14334576	1100	110.0
1611426750.53	110000	3.086059	0.0	32276831	2169	110.0
1611426752.4	80000	3.219646	0.0	26496620	1614	50.0
1611426754.57	60000	3.054133	0.0	22176094	1930	40.0
1611426755.91	60000	3.712344	0.0	14532367	1155	60.0
1611426759.45	40000	2.169474	0.0	39665707	3128	20.0
1611426762.63	160000	2.279793	1.285	30885146	2885	-165.6
1611426764.23	160000	2.686857	0.0	25605653	1346	160.0
1611426765.61	160000	3.3101	0.0	22421293	1132	160.0
1611426767.68	160000	3.242008	0.0	22469732	1843	160.0
1611426768.99	160000	3.930488	0.0	22397259	1086	160.0
1611426770.3	160000	4.626272	0.0	24249062	1068	160.0
1611426774.06	160000	2.866525	0.0	66035061	3139	160.0
1611426783.74	160000	2.265337	7.076	48981522	9333	-972.1600000000001
1611426787.62	110000	2.413536	2.019	31250786	3603	-263.04
1611426789.83	110000	2.434268	0.231	23111848	2001	73.03999999999999
1611426791.58	160000	2.681477	0.0	21430543	1517	110.0
1611426792.63	160000	3.636491	0.0	16231263	849	160.0
1611426793.01	160000	5.253684	0.0	5636789	249	160.0
1611426794.07	160000	6.202935	0.0	22059227	830	160.0
1611426795.2	160000	7.069928	0.0	28191877	873	160.0
1611426796.1	160000	8.168723	0.0	25042796	663	160.0
1611426796.98	160000	9.291852	0.0	27281085	615	160.0
1611426797.83	160000	10.451997	0.0	29208375	586	160.0
1611426798.59	160000	11.692157	0.0	28005634	502	160.0
1611426799.7	160000	12.581621	0.0	46665385	732	160.0
1611426800.78	160000	13.504014	0.0	50358062	701	160.0
1611426801.68	160000	14.60254	0.0	43912649	538	160.0
1611426802.38	160000	15.908792	0.0	34250091	393	160.0
1611426803.07	160000	17.220861	0.0	37283670	398	160.0
1611426804.42	160000	17.871729	0.0	75230318	747	160.0
1611426805.26	160000	19.03332	0.0	49667787	512	160.0
1611426805.99	40000	2.001999	0.305	14901079	154	-48.8
1611426806.99	160000	3.18411	0.0	44147819	449	40.0
1611426807.72	160000	4.483147	0.0	38785859	404	160.0
1611426808.1	160000	6.143359	0.0	17658536	177	160.0
1611426810.09	160000	6.246568	0.0	100767000	933	160.0
1611426815.16	160000	3.209721	0.0	128611905	4064	160.0
1611426818.84	160000	2.393643	0.86	72652354	3240	22.400000000000006
1611426821.07	160000	2.181571	0.021	45807917	1914	156.64
1611426822.26	160000	2.994692	0.0	23321872	930	160.0
1611426825.3	160000	2.178333	0.223	50623178	2699	124.32
1611426832.54	110000	2.255812	5.312	34273990	6929	-789.92
1611426835.04	60000	2.280489	0.522	22176094	2242	-73.52
1611426836.45	60000	2.863503	0.0	14532367	1233	60.0
1611426838.36	20000	2.96348	0.0	21687457	1642	-20.0
1611426839.18	60000	4.142168	0.0	10720902	660	20.0
1611426840.66	160000	4.663125	0.0	25605653	1236	60.0
1611426841.74	160000	5.589158	0.0	22421293	850	160.0
1611426842.65	160000	6.676797	0.0	22469732	688	160.0
1611426843.48	160000	7.850958	0.0	22397259	583	160.0
1611426844.3	160000	9.02808	0.0	24249062	583	160.0
1611426846.02	160000	9.317499	0.0	66035061	1274	160.0
1611426847.2	160000	10.147342	0.0	48981522	780	160.0
1611426848.17	160000	11.177464	0.0	44641838	621	160.0
1611426848.91	160000	12.428048	0.0	35151436	451	160.0
1611426849.41	160000	13.935245	0.0	21430543	265	160.0
1611426850.83	160000	14.510419	0.0	16231263	1231	160.0
1611426851.35	160000	15.99482	0.0	5636789	381	160.0
1611426852.48	160000	16.864879	0.0	22059227	909	160.0
1611426853.81	160000	17.539656	0.0	28191877	1075	160.0
1611426855.0	160000	18.35436	0.0	25042796	942	160.0
1611426856.26	160000	19.09005	0.0	27281085	998	160.0
1611426857.6	160000	19.760951	0.0	29208375	1068	160.0
1611426858.85	160000	20.505419	0.0	28005634	998	160.0
1611426860.8	160000	20.56386	0.0	46665385	1595	160.0
1611426862.81	160000	20.556334	0.0	50358062	1637	160.0
1611426865.81	160000	19.553642	0.0	43912649	2677	160.0
1611426868.7	160000	18.670819	0.0	34250091	2595	160.0
1611426870.23	160000	19.141031	0.0	37283670	1248	160.0
1611426872.86	160000	18.512949	0.0	75230318	2159	160.0
1611426874.56	160000	18.808977	0.0	49667787	1341	160.0
1611426876.95	40000	2.001999	1.958	14901079	1783	-313.28
1611426879.89	60000	2.435763	1.163	32419973	2520	-146.08
1611426880.98	80000	3.413303	0.0	24366692	813	60.0
1611426881.56	80000	4.8376	0.0	10719472	415	80.0
1611426890.56	80000	2.301279	4.439	49310181	8544	-630.24
1611426893.42	60000	2.492022	1.05	26794605	2620	-128.0
1611426895.74	80000	2.293897	0.12	25031039	2085	40.8
1611426897.58	80000	2.457071	0.0	18034210	1633	80.0
1611426898.41	80000	3.627095	0.0	9442903	673	80.0
1611426899.74	80000	4.303998	0.0	24579254	1084	80.0
1611426900.89	80000	5.151175	0.0	26496620	903	80.0
1611426901.94	80000	6.10186	0.0	28144554	794	80.0
1611426902.83	110000	7.214167	0.0	24918887	612	80.0
1611426906.4	160000	5.648706	0.0	126634779	2274	110.0
1611426907.24	160000	6.812864	0.0	30885146	534	160.0
1611426907.83	160000	8.226698	0.0	25605653	343	160.0
1611426908.34	160000	9.71744	0.0	22421293	284	160.0
1611426908.83	160000	11.230946	0.0	22469732	260	160.0
1611426909.35	160000	12.710147	0.0	22397259	302	160.0
1611426909.92	160000	14.148381	0.0	24249062	321	160.0
1611426911.12	160000	14.941549	0.0	66035061	731	160.0
1611426913.65	160000	14.417746	0.0	48981522	2130	160.0
1611426917.53	160000	12.540652	0.0	44641838	3538	160.0
1611426919.14	160000	12.933542	0.0	35151436	1323	160.0
1611426920.11	160000	13.962471	0.0	21430543	748	160.0
1611426920.83	160000	15.238143	0.0	16231263	531	160.0
1611426922.5	160000	15.575545	0.0	5636789	1529	160.0
1611426931.13	160000	8.946017	0.0	22059227	8400	160.0
