1611432388.84	40000	2.001999	0.635	11954855	489	-101.6
1611432390.13	160000	3.022927	0.0	44147819	701	40.0
1611432392.9	160000	2.339127	0.088	38785859	2460	145.92
1611432393.93	160000	3.360894	0.0	17658536	828	160.0
1611432398.25	80000	2.263722	1.222	49310181	3885	-195.52
1611432403.62	80000	2.400424	3.506	36903091	5085	-480.96000000000004
1611432408.46	110000	2.470711	2.906	36735456	4509	-384.96
1611432410.93	110000	2.354554	0.356	25528337	2233	53.04
1611432412.13	80000	3.15423	0.0	9442903	1047	50.0
1611432413.9	60000	3.388963	0.0	19118420	1519	40.0
1611432418.28	60000	2.265247	1.252	20993520	4168	-140.32
1611432420.31	40000	2.26909	0.038	15408933	1821	13.920000000000002
1611432421.44	40000	3.144156	0.0	9918109	970	40.0
1611432423.67	20000	2.919726	0.0	21687457	2001	0.0
1611432424.53	40000	4.062548	0.0	7141143	716	20.0
1611432425.45	40000	5.146549	0.0	6366651	775	40.0
1611432430.1	110000	2.492483	0.0	15198239	4464	40.0
1611432434.69	110000	2.307848	2.406	15360788	4416	-274.96
1611432436.16	80000	2.844048	0.0	11506506	1298	50.0
1611432437.5	80000	3.49989	0.0	11871431	1177	80.0
1611432438.31	20000	4.695549	0.0	7276296	660	-40.0
1611432438.98	20000	6.028431	0.0	6228603	530	20.0
1611432440.04	40000	6.969685	0.0	11890766	887	20.0
1611432443.2	160000	5.814333	0.0	35151436	2866	40.0
1611432445.21	160000	5.807139	0.0	21430543	1791	160.0
1611432446.54	160000	6.477738	0.0	16231263	1141	160.0
1611432447.09	160000	7.923971	0.0	5636789	422	160.0
1611432448.96	160000	8.057237	0.0	22059227	1644	160.0
1611432451.22	160000	7.801996	0.0	28191877	2011	160.0
1611432453.38	160000	7.646209	0.0	25042796	1922	160.0
1611432455.18	160000	7.844742	0.0	27281085	1553	160.0
1611432456.79	160000	8.242236	0.0	29208375	1340	160.0
1611432458.26	160000	8.769643	0.0	28005634	1205	160.0
1611432460.5	160000	8.532382	0.0	46665385	1882	160.0
1611432462.76	160000	8.278593	0.0	50358062	1890	160.0
1611432464.63	160000	8.404964	0.0	43912649	1541	160.0
1611432465.98	160000	9.055704	0.0	34250091	1072	160.0
1611432467.3	160000	9.741575	0.0	37283670	1022	160.0
1611432469.67	160000	9.374243	0.0	75230318	1683	160.0
1611432470.95	160000	10.096352	0.0	49667787	938	160.0
1611432471.8	40000	2.001999	0.328	14901079	259	-52.48
1611432473.05	160000	2.928012	0.0	44147819	689	40.0
1611432474.75	160000	3.36519	0.0	38785859	1375	160.0
1611432477.19	160000	2.984448	0.0	17658536	2228	160.0
1611432482.56	80000	2.265315	2.647	49310181	4934	-423.52
1611432488.67	80000	2.438256	4.277	36903091	5824	-604.32
1611432490.73	80000	2.445329	0.068	25031039	1812	69.12
1611432492.11	80000	3.066288	0.0	18034210	1180	80.0
1611432492.83	80000	4.344891	0.0	9442903	571	80.0
1611432494.47	80000	4.705994	0.0	24579254	1400	80.0
1611432496.15	80000	5.034502	0.0	26496620	1430	80.0
1611432497.69	80000	5.498609	0.0	28144554	1284	80.0
1611432498.9	110000	6.282356	0.0	24918887	946	80.0
1611432504.08	160000	3.113375	0.0	126634779	3862	110.0
1611432505.24	160000	3.949318	0.0	30885146	873	160.0
1611432506.18	160000	5.011955	0.0	25605653	679	160.0
1611432507.0	160000	6.201664	0.0	22421293	589	160.0
1611432507.8	160000	7.395354	0.0	22469732	569	160.0
1611432508.63	160000	8.566475	0.0	22397259	607	160.0
1611432509.53	160000	9.676249	0.0	24249062	654	160.0
1611432511.82	160000	9.381271	0.0	66035061	1840	160.0
1611432513.56	160000	9.654585	0.0	48981522	1344	160.0
1611432515.19	160000	10.020067	0.0	44641838	1296	160.0
1611432516.36	160000	10.847878	0.0	35151436	892	160.0
1611432517.1	160000	12.110243	0.0	21430543	516	160.0
1611432517.69	160000	13.518162	0.0	16231263	386	160.0
1611432518.04	160000	15.180282	0.0	5636789	203	160.0
1611432519.37	160000	15.845842	0.0	22059227	1118	160.0
1611432521.6	160000	15.619762	0.0	28191877	1979	160.0
1611432522.83	160000	16.38819	0.0	25042796	992	160.0
1611432524.07	160000	17.155586	0.0	27281085	966	160.0
1611432525.35	160000	17.869928	0.0	29208375	1029	160.0
1611432526.59	160000	18.636939	0.0	28005634	987	160.0
1611432530.52	160000	16.711201	0.0	46665385	3572	160.0
1611432537.77	160000	11.457274	0.0	50358062	6892	160.0
1611432541.17	160000	10.059611	0.0	43912649	3061	160.0
1611432543.49	160000	9.747469	0.0	34250091	2031	160.0
1611432545.77	160000	9.468728	0.0	37283670	1991	160.0
1611432550.27	160000	6.965606	0.0	75230318	4037	160.0
1611432552.01	160000	7.232534	0.0	49667787	1403	160.0
1611432553.14	40000	2.001999	0.64	14901079	466	-102.4
1611432554.98	160000	2.473458	0.0	44147819	1280	40.0
1611432556.45	160000	3.073907	0.0	38785859	1164	160.0
1611432557.63	160000	3.945763	0.0	17658536	969	160.0
1611432565.01	110000	2.212507	3.64	81269154	6585	-522.4
1611432568.17	80000	2.389126	1.342	36903091	2852	-164.72
1611432571.0	110000	2.482458	0.915	36735456	2546	-66.4
1611432572.78	110000	2.704123	0.0	25528337	1533	110.0
1611432573.75	110000	3.736229	0.0	14334576	795	110.0
1611432583.92	110000	2.404477	6.844	32276831	9913	-985.04
1611432586.46	60000	2.500334	0.629	20993520	2282	-90.64
