1611429247.03	40000	2.001999	1.246	11954855	1097	-199.36
1611429248.47	40000	2.857459	0.0	25238199	1078	40.0
1611429252.98	80000	2.266452	1.865	24366692	4254	-258.4
1611429254.01	80000	3.266577	0.0	10719472	865	80.0
1611429255.61	40000	3.664826	0.0	16582062	1406	0.0
1611429257.83	60000	3.446382	0.0	26794605	1941	40.0
1611429259.51	60000	3.773437	0.0	19133407	1470	60.0
1611429260.4	60000	4.882406	0.0	13530274	715	60.0
1611429261.38	110000	5.905099	0.0	14334576	767	60.0
1611429267.6	110000	2.288625	0.595	32276831	5919	14.799999999999997
1611429269.92	60000	2.385426	0.416	20993520	2104	-56.56
1611429282.99	60000	2.303979	10.986	22176094	12844	-1697.76
1611429284.44	20000	2.854233	0.0	5227974	1283	-20.0
1611429286.22	20000	3.071853	0.0	21687457	1552	20.0
1611429286.88	60000	4.418827	0.0	10720902	493	20.0
1611429287.47	80000	5.831736	0.0	12659697	407	60.0
1611429287.92	80000	7.377404	0.0	11162745	284	80.0
1611429288.7	160000	8.609749	0.0	22469732	504	80.0
1611429289.41	160000	9.890041	0.0	22397259	488	160.0
1611429290.3	160000	11.008245	0.0	24249062	648	160.0
1611429294.94	160000	8.365148	0.0	66035061	3982	160.0
1611429296.98	160000	8.333957	0.0	48981522	1679	160.0
1611429298.79	160000	8.518553	0.0	44641838	1453	160.0
1611429300.24	160000	9.070172	0.0	35151436	1151	160.0
1611429301.16	160000	10.156362	0.0	21430543	697	160.0
1611429301.87	160000	11.442935	0.0	16231263	503	160.0
1611429302.18	160000	13.142992	0.0	5636789	169	160.0
1611429303.08	160000	14.242289	0.0	22059227	676	160.0
1611429304.21	160000	15.115923	0.0	28191877	860	160.0
1611429305.19	160000	16.13957	0.0	25042796	749	160.0
1611429306.25	160000	17.078594	0.0	27281085	796	160.0
1611429307.35	160000	17.982869	0.0	29208375	828	160.0
1611429308.38	160000	18.949396	0.0	28005634	780	160.0
1611429309.98	160000	19.34872	0.0	46665385	1247	160.0
1611429311.66	160000	19.671126	0.0	50358062	1276	160.0
1611429313.02	160000	20.314921	0.0	43912649	1018	160.0
1611429314.05	160000	21.292682	0.0	34250091	723	160.0
1611429315.07	160000	22.270393	0.0	37283670	730	160.0
1611429317.03	160000	22.309571	0.0	75230318	1362	160.0
1611429323.2	160000	18.149706	0.0	49667787	5821	160.0
1611429324.91	40000	2.001999	1.308	14901079	1126	-209.28
1611429328.36	160000	2.185909	1.425	44147819	2930	-188.0
1611429331.06	160000	2.312427	0.879	38785859	2417	19.360000000000014
1611429333.23	160000	2.322211	0.178	17658536	1981	131.52
1611429336.62	60000	2.251924	1.32	30367840	3101	-251.2
1611429338.54	60000	2.33785	0.0	26794605	1663	60.0
1611429339.53	60000	3.348975	0.0	19133407	769	60.0
1611429340.79	110000	4.088809	0.0	25528337	991	60.0
1611429341.54	110000	5.341049	0.0	14334576	575	110.0
1611429343.09	110000	5.797359	0.0	32276831	1260	110.0
1611429345.5	160000	5.384781	0.0	50601822	1958	110.0
1611429347.8	160000	5.091417	0.0	51548908	1927	160.0
1611429349.37	160000	5.525358	0.0	36583542	1270	160.0
1611429354.1	160000	2.792328	0.0	126634779	3496	160.0
1611429355.17	160000	3.727003	0.0	30885146	778	160.0
1611429355.93	160000	4.964343	0.0	25605653	519	160.0
1611429356.6	160000	6.309268	0.0	22421293	430	160.0
1611429357.23	160000	7.669196	0.0	22469732	405	160.0
1611429357.82	160000	9.081436	0.0	22397259	369	160.0
1611429358.43	160000	10.472345	0.0	24249062	377	160.0
1611429359.87	160000	11.034801	0.0	66035061	985	160.0
1611429362.67	160000	10.236463	0.0	48981522	2412	160.0
1611429364.57	160000	10.33857	0.0	44641838	1558	160.0
1611429365.87	160000	11.038549	0.0	35151436	1019	160.0
1611429366.71	160000	12.203939	0.0	21430543	617	160.0
1611429367.37	160000	13.550545	0.0	16231263	448	160.0
1611429367.65	160000	15.272549	0.0	5636789	147	160.0
1611429368.48	160000	16.440401	0.0	22059227	611	160.0
1611429369.51	160000	17.408085	0.0	28191877	787	160.0
1611429370.8	160000	18.121981	0.0	25042796	1046	160.0
1611429372.69	160000	18.239907	0.0	27281085	1619	160.0
1611429373.87	160000	19.059989	0.0	29208375	923	160.0
1611429374.97	160000	19.965333	0.0	28005634	850	160.0
1611429376.68	160000	20.255877	0.0	46665385	1352	160.0
1611429378.46	160000	20.473205	0.0	50358062	1423	160.0
1611429380.19	160000	20.745254	0.0	43912649	1406	160.0
1611429382.43	160000	20.513344	0.0	34250091	1955	160.0
1611429384.42	160000	20.519097	0.0	37283670	1717	160.0
1611429388.55	160000	18.38808	0.0	75230318	3669	160.0
1611429390.37	160000	18.573214	0.0	49667787	1483	160.0
1611429391.44	40000	2.001999	0.61	14901079	433	-97.6
1611429394.25	160000	2.447207	1.061	44147819	2327	-129.76
1611429396.87	160000	2.303915	0.55	38785859	2323	72.0
1611429398.25	160000	2.914749	0.0	17658536	1180	160.0
1611429403.15	80000	2.354763	2.336	49310181	4453	-373.76
1611429406.98	80000	2.306656	1.782	36903091	3549	-205.12
1611429409.89	80000	2.341188	0.943	25031039	2673	-70.88
1611429411.46	80000	2.778744	0.0	18034210	1359	80.0
1611429412.29	80000	3.949088	0.0	9442903	679	80.0
1611429414.09	80000	4.155824	0.0	24579254	1558	80.0
1611429415.95	80000	4.292395	0.0	26496620	1611	80.0
1611429417.87	80000	4.375218	0.0	28144554	1657	80.0
1611429419.52	80000	4.729295	0.0	18838149	1442	80.0
1611429424.9	80000	2.144334	0.803	72878891	4755	-48.47999999999999
1611429426.42	160000	2.629702	0.0	30885146	1220	80.0
1611429427.51	160000	3.536704	0.0	25605653	857	160.0
1611429428.41	160000	4.647034	0.0	22421293	667	160.0
1611429429.22	160000	5.838344	0.0	22469732	585	160.0
1611429430.54	160000	6.518233	0.0	22397259	1103	160.0
1611429432.63	160000	6.428636	0.0	24249062	1828	160.0
1611429434.85	160000	6.210153	0.0	66035061	1773	160.0
1611429436.41	160000	6.647428	0.0	48981522	1194	160.0
1611429439.79	160000	5.282413	0.0	44641838	3005	160.0
1611429441.76	160000	5.307131	0.0	35151436	1663	160.0
1611429443.32	160000	5.748072	0.0	21430543	1337	160.0
1611429444.5	160000	6.568945	0.0	16231263	986	160.0
1611429445.03	160000	8.043624	0.0	5636789	396	160.0
