1611424004.35	40000	2.001999	2.726	11954855	2570	-436.16
1611424009.16	20000	2.342857	2.839	11985188	4642	-454.24
1611424009.91	20000	3.621514	0.0	3082121	615	20.0
1611424010.29	20000	5.249741	0.0	1274148	255	20.0
1611424013.76	20000	3.777886	0.0	7289848	3324	20.0
1611424019.0	20000	2.272818	1.728	9975168	5080	-256.48
1611424020.66	20000	2.615354	0.0	6901001	1511	20.0
1611424021.57	20000	3.70186	0.0	4333650	784	20.0
1611424021.92	20000	5.355637	0.0	1464771	231	20.0
1611424023.1	20000	6.178215	0.0	7130725	1034	20.0
1611424024.29	20000	6.993793	0.0	8204773	1031	20.0
1611424025.86	20000	7.42004	0.0	8139807	1415	20.0
1611424027.52	20000	7.761088	0.0	5227974	1525	20.0
1611424030.22	20000	7.066697	0.0	21687457	2426	20.0
1611424030.74	20000	8.546542	0.0	3629543	394	20.0
1611424031.92	60000	9.372783	0.0	9427304	986	20.0
1611424033.78	110000	9.507315	0.0	15198239	1650	60.0
1611424035.54	110000	9.756412	0.0	15360788	1562	110.0
1611424037.69	110000	9.601109	0.0	15436753	1967	110.0
1611424040.0	110000	9.294913	0.0	16343051	2111	110.0
1611424047.79	110000	3.508003	0.0	47587683	7236	110.0
1611424050.25	60000	3.047476	0.0	20920144	2230	10.0
1611424052.02	60000	3.281367	0.0	17629836	1566	60.0
1611424054.03	110000	3.27478	0.0	23111848	1763	60.0
1611424055.87	160000	3.435198	0.0	21430543	1581	110.0
1611424057.18	160000	4.131687	0.0	16231263	1110	160.0
1611424057.7	160000	5.614647	0.0	5636789	384	160.0
1611424059.43	160000	5.88545	0.0	22059227	1501	160.0
1611424061.95	160000	5.361994	0.0	28191877	2263	160.0
1611424064.32	160000	4.997723	0.0	25042796	2127	160.0
1611424066.59	160000	4.731534	0.0	27281085	2020	160.0
1611424069.23	160000	4.093398	0.0	29208375	2382	160.0
1611424071.77	160000	3.552378	0.0	28005634	2291	160.0
1611424074.6	110000	2.726744	0.0	31666077	2535	60.0
1611424077.96	110000	2.309103	0.937	34107477	3071	-39.91999999999999
1611424079.75	80000	2.519094	0.0	21207759	1537	50.0
1611424081.34	80000	2.931858	0.0	16384861	1395	80.0
1611424082.91	80000	3.362338	0.0	18631298	1383	80.0
1611424086.5	80000	2.254205	0.482	43110372	3306	2.8799999999999955
1611424088.54	80000	2.465023	0.25	24866711	1858	40.0
1611424090.36	40000	2.001999	1.353	14901079	1257	-216.48
1611424092.94	40000	2.449958	0.837	25238199	2299	-93.91999999999999
1611424094.23	40000	3.211916	0.0	8088547	1131	40.0
1611424095.02	60000	4.423002	0.0	7003735	610	40.0
1611424097.27	60000	4.179955	0.0	30367840	1931	60.0
1611424100.61	60000	2.839431	0.0	26794605	3081	60.0
1611424108.78	80000	2.463917	5.794	25031039	7907	-867.04
1611424111.24	60000	2.258514	0.252	13530274	2276	-0.3200000000000003
1611424112.48	60000	3.013681	0.0	6354322	1102	60.0
1611424114.43	40000	3.070678	0.0	13193359	1764	20.0
1611424116.19	40000	3.316567	0.0	14762921	1570	40.0
1611424117.07	20000	4.433622	0.0	8139807	699	0.0
1611424117.63	20000	5.879674	0.0	5227974	422	20.0
1611424119.36	20000	6.143904	0.0	21687457	1514	20.0
1611424121.51	160000	6.000672	0.0	30885146	1837	20.0
1611424125.96	160000	3.557117	0.0	25605653	4195	160.0
1611424127.97	160000	3.544133	0.0	22421293	1789	160.0
1611424130.08	160000	3.441712	0.0	22469732	1875	160.0
1611424131.92	160000	3.59846	0.0	22397259	1617	160.0
1611424134.77	110000	2.748663	0.0	16343051	2617	60.0
1611424141.28	40000	2.286761	4.041	18415047	6302	-676.56
1611424143.24	40000	2.326255	0.0	14116083	1780	40.0
1611424144.66	40000	2.904414	0.0	11890766	1256	40.0
1611424145.49	40000	4.079126	0.0	7205198	685	40.0
1611424146.06	40000	5.507006	0.0	4915338	439	40.0
1611424146.83	80000	6.750805	0.0	7769280	609	40.0
1611424147.36	160000	8.218101	0.0	5636789	389	80.0
1611424148.84	160000	8.739473	0.0	22059227	1247	160.0
1611424151.76	160000	7.819935	0.0	28191877	2666	160.0
1611424160.11	160000	2.338861	0.872	25042796	8131	20.47999999999999
1611424163.16	110000	2.463876	1.173	17834356	2850	-127.68
1611424164.94	80000	2.684792	0.0	12838637	1603	50.0
1611424171.96	80000	2.390688	4.725	12026590	6845	-676.0
1611424172.68	20000	3.668487	0.0	4747341	588	-40.0
1611424173.36	20000	4.996973	0.0	5202423	535	20.0
1611424173.88	20000	6.476079	0.0	4501588	390	20.0
1611424174.3	20000	8.062908	0.0	3360712	291	20.0
1611424175.19	40000	9.171846	0.0	9262332	750	20.0
1611424179.45	110000	6.921369	0.0	56251068	3742	40.0
1611424181.35	110000	7.011567	0.0	34021932	1665	110.0
1611424182.36	40000	2.001999	0.634	14901079	452	-101.44
1611424192.05	40000	2.452834	7.933	25238199	9401	-1229.28
1611424195.98	40000	2.453727	1.879	8088547	3752	-260.64
1611424196.44	20000	3.994437	0.0	1274148	308	0.0
1611424198.02	20000	4.409977	0.0	7289848	1441	20.0
1611424199.7	20000	4.738111	0.0	9975168	1514	20.0
1611424200.82	20000	5.613728	0.0	6901001	980	20.0
