1611360444.77	40000	4.003999	2.349	21721358	2069	-375.84
1611360445.89	40000	7.137118	0.0	12219626	860	40.0
1611360449.11	40000	7.937595	0.0	36401521	2746	40.0
1611360451.0	40000	10.063068	0.0	22323996	1607	40.0
1611360453.61	80000	11.445749	0.0	33598049	2233	40.0
1611360466.95	110000	4.313694	2.208	70263691	12641	-273.28
1611360470.18	20000	5.092417	0.0	27079366	2937	-70.0
1611360471.85	60000	7.425104	0.0	19809391	1368	20.0
1611360473.28	80000	10.003312	0.0	22374327	1160	60.0
1611360474.57	80000	12.709372	0.0	23286131	1028	80.0
1611360482.67	110000	8.616108	0.0	82670502	7393	80.0
1611360488.73	160000	6.562262	0.0	79494977	5423	110.0
1611360490.98	160000	8.315809	0.0	37791381	1910	160.0
1611360492.71	160000	10.585594	0.0	27693627	1453	160.0
1611360495.6	160000	11.702123	0.0	53357619	2441	160.0
1611360500.1	160000	11.204919	0.0	56589177	4044	160.0
1611360506.63	160000	8.676662	0.0	74460781	5985	160.0
1611360514.35	160000	4.968029	0.0	94383331	6893	160.0
1611360516.86	110000	6.455617	0.0	48415094	2084	60.0
1611360520.52	110000	6.800937	0.0	90353482	3008	110.0
1611360522.52	160000	8.815616	0.0	56037611	1539	110.0
1611360525.27	160000	10.058244	0.0	56374991	2288	160.0
1611360529.39	160000	9.948775	0.0	70368918	3557	160.0
1611360532.95	160000	10.390654	0.0	78755744	2931	160.0
1611360538.5	160000	8.840007	0.0	58315435	5084	160.0
1611360547.82	160000	4.275801	0.761	103342407	8692	38.239999999999995
1611360551.51	160000	4.589556	0.0	50327508	3266	160.0
1611360555.12	110000	4.988588	0.0	72264134	3070	60.0
1611360557.2	110000	6.913566	0.0	52599470	1637	110.0
1611360559.38	110000	8.734282	0.0	69290902	1640	110.0
1611360561.61	160000	10.503671	0.0	84581308	1619	110.0
1611360566.46	160000	9.666656	0.0	100529018	4136	160.0
1611360571.41	160000	8.719586	0.0	91643249	4329	160.0
1611360577.19	160000	6.94542	0.0	65507911	5275	160.0
1611360585.31	160000	4.249901	1.43	78053308	7589	-68.80000000000001
1611360608.75	160000	4.364608	19.55	64177082	22988	-2968.0
1611360621.08	80000	4.418349	8.384	35909875	12014	-1341.44
1611360626.3	110000	4.305766	1.099	21091748	4996	-95.84
1611360629.68	160000	4.921024	0.0	15606388	3206	110.0
1611360631.39	160000	5.65328	0.0	2583063	1598	160.0
