1611361702.29	40000	4.003999	2.23	21721358	1961	-356.8
1611361704.77	60000	5.783289	0.0	23554049	2114	40.0
1611361710.12	60000	4.451221	0.0	58794468	4628	60.0
1611361712.32	60000	6.253758	0.0	32649655	1866	60.0
1611361714.02	60000	8.56494	0.0	25172333	1425	60.0
1611361720.16	60000	6.428353	0.0	43153278	5762	60.0
1611361728.49	60000	4.168735	2.069	71663973	7717	-271.04
1611361731.14	80000	5.516068	0.0	26589827	2278	60.0
1611361734.04	110000	6.616133	0.0	30304543	2538	80.0
1611361738.81	110000	5.85601	0.0	31640106	4460	110.0
1611361752.01	60000	4.407494	7.762	48559765	12837	-1231.92
1611361755.6	60000	4.822076	0.0	28923153	3295	60.0
1611361757.02	60000	7.409915	0.0	13475098	1208	60.0
1611361758.27	110000	10.158261	0.0	17612046	1020	60.0
1611361760.4	110000	12.032731	0.0	34630358	1800	110.0
1611361762.52	110000	13.924706	0.0	36351090	1774	110.0
1611361765.2	110000	15.246104	0.0	48939331	2298	110.0
1611361770.42	160000	14.030171	0.0	94383331	4366	110.0
1611361774.75	160000	13.704316	0.0	71616778	3780	160.0
1611361780.0	160000	12.455065	0.0	125037367	4227	160.0
1611361781.94	160000	14.522152	0.0	56037611	1495	160.0
1611361783.6	160000	16.864081	0.0	56374991	1231	160.0
1611361785.49	160000	18.981083	0.0	70368918	1353	160.0
1611361787.45	160000	21.02714	0.0	78755744	1367	160.0
1611361788.92	160000	23.56661	0.0	58315435	984	160.0
1611361791.35	160000	25.133213	0.0	103342407	1764	160.0
1611361792.78	160000	27.70185	0.0	50327508	975	160.0
1611361801.64	160000	22.853488	0.0	99522857	8150	160.0
1611361807.16	160000	21.333311	0.0	78914493	4942	160.0
1611361812.78	160000	19.716137	0.0	101780103	4908	160.0
1611361817.45	160000	19.056707	0.0	84581308	4026	160.0
1611361822.28	160000	18.221995	0.0	100529018	4094	160.0
1611361825.78	160000	18.72857	0.0	91643249	2833	160.0
1611361827.91	160000	20.604895	0.0	65507911	1605	160.0
1611361830.07	160000	22.44562	0.0	78053308	1592	160.0
1611361831.85	160000	24.672807	0.0	64177082	1242	160.0
1611361833.89	160000	26.638067	0.0	75479141	1469	160.0
1611361834.9	160000	29.632127	0.0	33015172	716	160.0
1611361835.44	160000	33.09332	0.0	15606388	360	160.0
1611361836.31	160000	34.654692	0.0	2583063	768	160.0
1611361842.89	40000	3.945513	5.878	38164385	5561	-940.48
1611361859.59	80000	4.443724	13.112	35753203	16323	-2057.92
1611361863.1	20000	4.949768	0.0	18417315	3216	-40.0
1611361865.17	20000	6.886371	0.0	11585571	1874	20.0
1611361866.66	20000	9.398913	0.0	8665426	1311	20.0
1611361869.7	20000	10.361425	0.0	16527091	2806	20.0
1611361875.97	20000	8.099342	0.0	27079366	5980	20.0
1611361880.11	60000	7.965313	0.0	19809391	3820	20.0
1611361882.57	60000	9.507548	0.0	16918810	2232	60.0
1611361884.39	60000	11.68843	0.0	17577718	1584	60.0
1611361886.91	40000	13.172014	0.0	32612148	2199	20.0
1611361888.76	60000	15.330493	0.0	28923153	1540	40.0
1611361890.39	160000	17.703509	0.0	37791381	1225	60.0
1611361891.44	160000	20.65428	0.0	27693627	772	160.0
1611361893.16	160000	22.943271	0.0	53357619	1219	160.0
1611361894.69	160000	25.410868	0.0	56589177	1096	160.0
1611361896.82	160000	27.296667	0.0	74460781	1392	160.0
1611361899.32	160000	28.793244	0.0	94383331	1747	160.0
