1609828524.22	40000	1.000999	0.232	334476	219	-37.12
1609828527.13	20000	1.481126	2.017	11007815	2749	-322.72
1609828528.29	20000	1.353187	0.0	8849724	1023	20.0
1609828528.95	20000	1.717666	0.0	3191121	559	20.0
1609828529.88	20000	1.78583	0.0	1661718	838	20.0
1609828530.31	40000	2.351375	0.0	3421740	328	20.0
1609828530.6	40000	3.068214	0.0	1987360	189	40.0
1609828530.88	40000	3.790707	0.0	2185110	183	40.0
1609828531.47	40000	4.201985	0.0	9295618	459	40.0
1609828531.88	40000	4.79692	0.0	5971357	294	40.0
1609828532.93	80000	4.743722	0.0	15275967	857	40.0
1609828537.42	110000	1.421375	0.169	33588177	4128	52.96000000000001
1609828539.45	110000	1.429924	1.036	25684661	1832	-55.75999999999999
1609828540.41	110000	1.471729	0.0	10838546	820	110.0
1609828541.53	110000	1.467716	0.114	12783186	985	91.76
1609828542.62	110000	1.372624	0.0	13101938	944	110.0
1609828543.68	110000	1.333155	0.014	5268213	949	107.76
1609828546.24	110000	1.347907	1.578	9838179	2441	-142.48
1609828546.83	110000	1.760054	0.0	6126794	474	110.0
1609828547.92	40000	1.665221	0.0	11199212	951	-30.0
1609828548.77	40000	1.818598	0.0	8376884	721	40.0
1609828549.23	40000	2.364784	0.0	6254528	340	40.0
1609828549.7	40000	2.893671	0.0	7313446	351	40.0
1609828550.6	80000	2.989958	0.0	14862949	743	40.0
1609828551.27	80000	3.323432	0.0	10513690	534	80.0
1609828551.82	80000	3.775804	0.0	8329186	426	80.0
1609828553.88	110000	2.712008	0.0	44076779	1693	80.0
1609828555.63	110000	1.968558	0.0	49215857	1349	110.0
1609828559.72	160000	1.435448	2.561	15251076	3936	-299.76
1609828563.76	160000	1.497552	3.097	16574034	3882	-335.52
1609828565.3	160000	1.344899	0.394	13009028	1404	96.96000000000001
1609828566.17	110000	1.48494	0.0	8740660	730	60.0
1609828566.72	110000	1.938649	0.0	7610374	426	110.0
1609828567.17	110000	2.478529	0.0	7822163	332	110.0
1609828567.63	160000	3.02817	0.0	12428518	308	110.0
1609828568.0	160000	3.650972	0.0	9963766	247	160.0
1609828568.36	160000	4.292408	0.0	12189364	219	160.0
1609828568.68	160000	4.97777	0.0	10142396	182	160.0
1609828569.0	160000	5.659404	0.0	10185488	183	160.0
1609828569.39	160000	6.267068	0.0	14061455	243	160.0
1609828569.94	160000	6.72683	0.0	20074099	352	160.0
1609828571.72	160000	5.939286	0.0	46115254	1452	160.0
1609828572.64	160000	6.02342	0.0	40906522	614	160.0
1609828572.85	160000	6.813092	0.0	7891151	87	160.0
1609828573.27	160000	7.389765	0.0	21012466	230	160.0
1609828573.71	160000	7.949844	0.0	23519424	239	160.0
1609828574.09	160000	8.577617	0.0	18715420	190	160.0
1609828574.41	160000	9.264686	0.0	17000816	146	160.0
1609828574.7	160000	9.96778	0.0	14448126	123	160.0
1609828574.88	160000	10.790663	0.0	6958676	60	160.0
1609828575.08	160000	11.58782	0.0	9088791	78	160.0
1609828575.27	160000	12.401928	0.0	7211881	70	160.0
1609828575.4	160000	13.274998	0.0	3063586	30	160.0
1609828575.52	160000	14.151751	0.0	2782179	27	160.0
1609828575.76	160000	14.923003	0.0	9958410	96	160.0
1609828576.01	160000	15.661265	0.0	12158708	113	160.0
1609828576.27	160000	16.403997	0.0	12300216	115	160.0
1609828576.59	160000	17.088002	0.0	15815684	148	160.0
1609828576.87	160000	17.810988	0.0	13526256	127	160.0
1609828577.12	160000	18.558528	0.0	11995130	112	160.0
1609828577.39	160000	19.28791	0.0	13394791	120	160.0
1609828577.68	160000	20.004689	0.0	14135828	133	160.0
1609828577.98	160000	20.703592	0.0	15366126	140	160.0
1609828578.31	160000	21.372149	0.0	14248439	177	160.0
1609828578.68	160000	22.005302	0.0	13843717	216	160.0
1609828579.06	160000	22.62689	0.0	14665119	229	160.0
1609828580.71	160000	21.971657	0.0	21079187	1458	160.0
1609828581.58	160000	22.103308	0.0	25480074	657	160.0
1609828582.14	160000	22.550146	0.0	23021754	346	160.0
1609828582.76	160000	22.93222	0.0	27527834	392	160.0
1609828583.38	160000	23.325502	0.0	26155848	385	160.0
1609828583.89	160000	23.796294	0.0	17849379	308	160.0
1609828584.33	160000	24.36319	0.0	16546531	261	160.0
1609828584.74	160000	24.957311	0.0	17718949	231	160.0
1609828585.13	160000	25.56075	0.0	17337137	226	160.0
1609828585.55	160000	26.145408	0.0	20008245	226	160.0
1609828586.67	160000	26.021829	0.0	58430914	648	160.0
1609828587.02	160000	26.680915	0.0	16292703	163	160.0
1609828587.47	160000	27.225588	0.0	25587422	249	160.0
1609828587.91	160000	27.789959	0.0	23982306	230	160.0
1609828588.2	160000	28.500338	0.0	13347845	125	160.0
1609828588.49	160000	29.217348	0.0	14337991	130	160.0
1609828588.77	160000	29.932068	0.0	14584990	130	160.0
1609828589.05	160000	30.656229	0.0	13962401	127	160.0
1609828589.32	160000	31.383565	0.0	14393788	123	160.0
1609828589.6	160000	32.112948	0.0	14649457	119	160.0
1609828589.85	160000	32.850932	0.0	13409715	106	160.0
1609828590.12	160000	33.589741	0.0	13909605	114	160.0
1609828590.39	160000	34.321617	0.0	13301968	123	160.0
1609828590.75	160000	34.960505	0.0	19025846	177	160.0
1609828591.11	160000	35.601729	0.0	19295426	178	160.0
1609828591.45	160000	36.261136	0.0	18261873	164	160.0
1609828591.82	160000	36.890645	0.0	19847604	178	160.0
1609828592.17	160000	37.543421	0.0	18767181	168	160.0
1609828592.56	160000	38.151633	0.0	22420858	194	160.0
1609828592.92	160000	38.791648	0.0	19324333	166	160.0
1609828593.29	160000	39.427441	0.0	20392234	176	160.0
1609828593.47	160000	40.243834	0.0	7671072	62	160.0
1609828593.8	160000	40.928381	0.0	17781906	144	160.0
1609828594.05	160000	41.669308	0.0	12839336	101	160.0
1609828594.27	160000	42.445753	0.0	10779770	87	160.0
1609828594.55	160000	43.174389	0.0	14606687	121	160.0
1609828595.21	160000	43.508876	0.0	41866951	348	160.0
1609828595.82	160000	43.898386	0.0	37238410	313	160.0
1609828596.1	160000	44.62689	0.0	14347759	121	160.0
1609828596.33	160000	45.393783	0.0	11399187	99	160.0
1609828596.56	160000	46.161572	0.0	10358641	95	160.0
1609828596.85	160000	46.877223	0.0	14315696	129	160.0
1609828597.27	160000	47.456732	0.0	23283631	213	160.0
1609828597.86	160000	47.870367	0.0	37521367	296	160.0
1609828598.24	160000	48.498395	0.0	22241104	176	160.0
1609828598.51	160000	49.217369	0.0	15813346	98	160.0
1609828598.79	160000	49.940229	0.0	17116450	110	160.0
1609828599.09	160000	50.638678	0.0	18867054	121	160.0
1609828599.38	160000	51.353404	0.0	17393609	117	160.0
1609828599.78	160000	51.954341	0.0	24759401	176	160.0
1609828600.18	160000	52.557442	0.0	25782433	185	160.0
1609828600.7	160000	53.041895	0.0	25885372	275	160.0
1609828601.2	160000	53.538925	0.0	26242011	279	160.0
1609828603.25	160000	52.491482	0.0	23865378	1824	160.0
1609828604.82	160000	51.924476	0.0	25470681	1345	160.0
1609828605.57	160000	52.168416	0.0	27258768	513	160.0
1609828605.96	160000	52.786869	0.0	17853711	194	160.0
1609828606.25	160000	53.491953	0.0	14829893	138	160.0
1609828606.8	160000	53.942425	0.0	27779697	312	160.0
1609828607.34	160000	54.401531	0.0	27714923	312	160.0
1609828607.82	160000	54.9218	0.0	25946474	263	160.0
1609828608.21	160000	55.538304	0.0	19596259	198	160.0
1609828608.72	160000	56.024737	0.0	23774167	297	160.0
1609828609.15	160000	56.598969	0.0	19373656	242	160.0
1609828609.7	160000	57.046296	0.0	23977420	351	160.0
1609828610.28	160000	57.467602	0.0	24493733	378	160.0
1609828610.78	160000	57.972447	0.0	14528511	341	160.0
1609828611.34	160000	58.410897	0.0	16841176	389	160.0
1609828614.78	160000	55.977585	0.0	16743604	3248	160.0
1609828616.41	160000	55.346805	0.0	17975224	1460	160.0
1609828617.68	160000	55.08078	0.0	22329548	1070	160.0
1609828618.11	160000	55.644705	0.0	16001583	273	160.0
1609828618.57	160000	56.186075	0.0	18238584	283	160.0
1609828619.05	160000	56.704769	0.0	21308824	286	160.0
1609828619.47	160000	57.294255	0.0	17749058	239	160.0
1609828619.84	160000	57.918642	0.0	14127787	217	160.0
1609828620.28	160000	58.484056	0.0	17525699	261	160.0
1609828620.94	160000	58.824069	0.0	14240042	504	160.0
1609828622.4	160000	58.367322	0.0	20324139	1265	160.0
1609828623.57	160000	58.191664	0.0	21993033	977	160.0
1609828624.1	160000	58.664361	0.0	18863108	341	160.0
1609828624.55	160000	59.221953	0.0	15964734	277	160.0
1609828624.79	160000	59.97377	0.0	8284939	129	160.0
1609828626.06	160000	59.857928	0.0	9004706	140	160.0
1609828627.3	160000	59.608866	0.0	6955279	118	160.0
1609828628.08	160000	59.859845	0.0	10701639	150	160.0
1609828629.35	160000	59.610832	0.0	9459459	132	160.0
1609828629.98	160000	59.861873	0.0	3212828	36	160.0
1609828631.1	160000	59.862918	0.0	2509989	27	160.0
1609828632.2	160000	59.613904	0.0	2004927	24	160.0
1609828633.26	160000	59.614932	0.0	591360	11	160.0
1609828638.47	160000	55.736986	0.0	2394426	5153	160.0
1609828638.78	40000	1.000999	0.028	336477	8	-4.480000000000004
1609828639.52	160000	1.699576	0.0	14912671	517	40.0
1609828640.19	160000	2.030915	0.0	24265636	372	160.0
1609828640.74	160000	2.496291	0.0	22711544	335	160.0
1609828641.2	160000	3.145086	0.0	19639705	267	160.0
1609828641.73	160000	3.671245	0.0	20946809	320	160.0
1609828642.13	160000	4.286984	0.0	11895609	260	160.0
1609828642.41	160000	5.006075	0.0	7597636	166	160.0
1609828647.06	160000	1.467898	0.0	56067905	4100	160.0
1609828648.23	160000	1.392577	0.093	45444680	847	145.12
1609828648.81	110000	1.81314	0.0	26873304	336	60.0
1609828649.46	110000	2.15801	0.0	33588177	386	110.0
1609828650.38	160000	2.238615	0.0	50637608	542	110.0
1609828650.78	160000	2.840857	0.0	19559369	206	160.0
1609828651.21	160000	3.415976	0.0	22224402	232	160.0
1609828651.66	160000	3.959993	0.0	22578365	238	160.0
1609828651.88	160000	4.748634	0.0	8346702	86	160.0
1609828652.21	160000	5.413316	0.0	15775481	161	160.0
1609828652.44	160000	6.183154	0.0	9163235	93	160.0
1609828653.15	160000	6.480258	0.0	41307095	411	160.0
1609828653.67	160000	6.958083	0.0	28763893	286	160.0
1609828654.11	160000	7.524914	0.0	21266416	237	160.0
1609828654.57	160000	8.059971	0.0	23702229	257	160.0
1609828655.38	160000	8.256658	0.0	27580394	570	160.0
1609828656.78	160000	7.854114	0.0	20329780	1208	160.0
1609828658.71	160000	6.927159	0.0	16109183	1761	160.0
1609828667.07	160000	1.361488	1.799	58830800	7924	-127.83999999999997
1609828670.06	40000	1.426186	2.055	20723782	2803	-408.8
