1611363170.11	40000	4.003999	2.046	21721358	1925	-327.36
1611363172.26	60000	6.090895	0.0	23554049	1807	40.0
1611363176.38	60000	6.000396	0.0	58794468	3410	60.0
1611363184.76	60000	4.322585	2.711	32649655	8079	-373.76
1611363188.27	40000	4.821514	0.0	16843169	3206	20.0
1611363193.44	40000	4.21773	0.563	30292099	4866	-50.08
1611363197.43	20000	4.294476	0.068	27079366	3723	-10.88
1611363199.44	40000	6.290761	0.0	13219047	1806	20.0
1611363201.07	40000	8.668339	0.0	11298304	1424	40.0
1611363202.57	40000	11.167884	0.0	11538526	1309	40.0
1611363205.73	40000	12.023766	0.0	32612148	2829	40.0
1611363211.72	110000	10.025337	0.0	53844172	5499	40.0
1611363215.59	110000	10.161752	0.0	25241849	3587	110.0
1611363217.91	110000	11.850998	0.0	17612046	2076	110.0
1611363221.73	110000	12.026122	0.0	34630358	3478	110.0
1611363224.59	110000	13.172189	0.0	36351090	2510	110.0
1611363227.51	110000	14.260247	0.0	48939331	2493	110.0
1611363231.61	110000	14.156991	0.0	63676925	3630	110.0
1611363235.17	160000	14.606287	0.0	71616778	2839	110.0
1611363243.8	160000	9.982201	0.0	125037367	7427	160.0
1611363248.83	160000	8.951791	0.0	56037611	4571	160.0
1611363253.62	160000	8.164899	0.0	56374991	4357	160.0
1611363258.37	160000	7.41997	0.0	70368918	4219	160.0
1611363262.06	160000	7.738124	0.0	78755744	3067	160.0
1611363267.0	160000	6.800005	0.0	58315435	4496	160.0
1611363272.7	160000	5.108759	0.0	103342407	5000	160.0
1611363275.45	160000	6.377612	0.0	50327508	2300	160.0
1611363279.82	110000	5.99013	0.0	72264134	3834	60.0
1611363282.87	110000	6.950654	0.0	52599470	2628	110.0
1611363286.44	110000	7.382753	0.0	69290902	3067	110.0
1611363301.44	160000	4.271997	7.883	84581308	14435	-1151.28
1611363307.78	80000	4.409746	2.469	49312278	5900	-395.04
1611363310.47	80000	5.713791	0.0	46514551	2297	80.0
1611363311.87	80000	8.316944	0.0	30826930	1095	80.0
1611363313.8	110000	10.396314	0.0	54833000	1502	80.0
1611363318.33	160000	9.860794	0.0	64177082	4047	110.0
1611363324.91	160000	7.290721	0.0	75479141	6005	160.0
1611363327.37	160000	8.829588	0.0	33015172	2177	160.0
1611363328.33	160000	11.881913	0.0	15606388	771	160.0
1611363328.54	160000	14.100217	0.0	2583063	113	160.0
1611363331.31	40000	3.937299	2.019	38164385	1743	-323.04
1611363333.35	60000	5.95603	0.0	23554049	1718	40.0
1611363338.27	60000	5.077173	0.0	58794468	4273	60.0
1611363342.02	80000	5.327865	0.0	42874871	3295	60.0
1611363344.95	80000	6.409871	0.0	33598049	2583	80.0
1611363349.58	80000	5.785968	0.0	54500904	4193	80.0
1611363352.01	20000	7.354414	0.0	27079366	2077	-40.0
1611363353.79	60000	9.581091	0.0	19809391	1528	20.0
1611363356.49	110000	10.888656	0.0	30304543	2323	60.0
1611363360.54	160000	10.837648	0.0	46650228	3596	110.0
