1611358555.06	40000	4.003999	2.046	21721358	1930	-327.36
1611358557.01	60000	6.312352	0.0	23554049	1587	40.0
1611358564.0	60000	4.304351	0.967	58794468	6378	-94.72
1611358565.9	60000	6.412855	0.0	32649655	1579	60.0
1611358568.01	80000	8.300487	0.0	33598049	1744	60.0
1611358572.44	80000	7.872128	0.0	54500904	4015	80.0
1611358590.8	80000	4.126786	10.607	91612048	17620	-1617.12
1611358592.61	80000	6.32214	0.0	26589827	1484	80.0
1611358593.84	80000	9.092213	0.0	22374327	974	80.0
1611358595.34	110000	11.592868	0.0	31640106	1119	80.0
1611358602.77	160000	8.165907	0.0	114842163	6418	110.0
1611358607.52	160000	7.420919	0.0	79494977	4181	160.0
1611358611.27	160000	7.676906	0.0	37791381	3416	160.0
1611358613.83	160000	9.11625	0.0	27693627	2258	160.0
1611358618.45	160000	8.506606	0.0	53357619	4186	160.0
1611358648.79	160000	4.315327	22.145	56589177	29944	-3383.2
1611358651.1	40000	6.005279	0.0	15548912	2026	-80.0
1611358653.0	40000	8.113777	0.0	21367184	1634	40.0
1611358654.16	40000	10.954773	0.0	16871664	928	40.0
1611358655.99	40000	13.122971	0.0	36186972	1508	40.0
1611358657.21	80000	15.923408	0.0	26906439	913	40.0
1611358659.12	160000	18.001261	0.0	56374991	1466	80.0
1611358661.1	160000	20.032831	0.0	70368918	1432	160.0
1611358663.01	160000	22.12281	0.0	78755744	1400	160.0
1611358664.41	160000	24.737011	0.0	58315435	940	160.0
1611358666.68	160000	26.467089	0.0	103342407	1643	160.0
1611358669.17	160000	27.97137	0.0	50327508	2052	160.0
1611358681.81	160000	19.336914	0.0	99522857	11961	160.0
1611358688.69	160000	16.461064	0.0	78914493	6296	160.0
1611358693.85	160000	15.308274	0.0	101780103	4459	160.0
1611358697.73	160000	15.429438	0.0	84581308	3279	160.0
1611358702.24	160000	14.930348	0.0	100529018	3826	160.0
1611358707.61	160000	13.563059	0.0	91643249	4666	160.0
1611358713.87	160000	11.307928	0.0	65507911	5723	160.0
1611358720.62	160000	8.55351	0.0	78053308	6191	160.0
1611358724.52	160000	8.666039	0.0	64177082	3394	160.0
1611358727.74	160000	9.449948	0.0	75479141	2622	160.0
1611358728.96	160000	12.224861	0.0	33015172	936	160.0
1611358729.56	160000	15.635429	0.0	15606388	394	160.0
1611358729.72	160000	17.905847	0.0	2583063	57	160.0
1611358731.5	40000	3.922356	0.98	38164385	788	-156.8
1611358733.06	110000	6.424419	0.0	50056342	1024	40.0
1611358739.45	160000	4.090851	0.0	232146143	3931	110.0
1611358742.64	160000	4.907334	0.0	119505339	2359	160.0
1611358744.48	160000	7.229323	0.0	73867208	1291	160.0
1611358746.87	160000	8.840887	0.0	102497605	1686	160.0
1611358750.88	160000	8.842614	0.0	163416115	3087	160.0
