1609831649.1	40000	1.000999	0.023	334476	11	-3.6799999999999997
1609831649.86	160000	1.635929	0.0	14912671	515	40.0
1609831651.75	160000	1.350949	0.582	24265636	1646	66.88
1609831659.77	160000	1.421801	7.067	22711544	7820	-970.72
1609831660.61	60000	1.599369	0.0	8954217	711	-40.0
1609831661.78	80000	1.479725	0.0	11497228	1021	60.0
1609831662.18	80000	2.082727	0.0	6232523	284	80.0
1609831662.49	80000	2.773612	0.0	5425476	198	80.0
1609831662.96	40000	3.300016	0.0	9295618	341	0.0
1609831663.61	80000	3.651856	0.0	15816325	480	40.0
1609831664.63	110000	3.637557	0.0	26873304	789	80.0
1609831672.14	160000	0.943596	3.814	69464107	6878	-500.24
1609831672.9	110000	1.39754	0.167	25684661	539	33.28
1609831673.48	160000	1.812547	0.0	19559369	401	110.0
1609831674.14	160000	2.160107	0.0	22224402	454	160.0
1609831674.72	160000	2.582193	0.0	22578365	385	160.0
1609831674.98	160000	3.318035	0.0	8346702	141	160.0
1609831675.43	160000	3.86972	0.0	15775481	292	160.0
1609831675.72	160000	4.57647	0.0	9163235	168	160.0
1609831683.39	160000	1.266108	3.36	41307095	7404	-377.6
1609831685.63	160000	1.432419	1.405	28763893	2036	-64.80000000000001
1609831687.5	160000	1.33834	0.77	21266416	1687	36.8
1609831689.11	110000	1.359394	0.634	17002609	1453	-41.44
1609831690.62	110000	1.493309	0.637	19316039	1343	8.079999999999998
1609831691.78	110000	1.369217	0.035	13919609	1012	104.4
1609831692.71	110000	1.432602	0.0	11073078	802	110.0
1609831693.56	20000	1.587046	0.0	9946363	712	-70.0
1609831694.59	20000	1.555325	0.0	11684632	893	20.0
1609831696.08	160000	1.421358	0.353	15251076	1347	-36.47999999999999
1609831697.64	160000	1.276451	0.413	16574034	1404	93.92
1609831698.81	160000	1.440168	0.33	13009028	1040	107.2
1609831699.97	160000	1.283362	0.0	12791674	1027	160.0
1609831700.89	160000	1.388792	0.026	11137898	787	155.84
1609831701.91	160000	1.369426	0.0	11485310	886	160.0
1609831703.1	160000	1.30006	0.121	12428518	1063	140.64
1609831703.95	160000	1.455461	0.0	9963766	721	160.0
1609831704.94	160000	1.46447	0.0	12189364	855	160.0
1609831705.9	160000	1.50803	0.0	10142396	831	160.0
1609831706.79	160000	1.616317	0.0	10185488	766	160.0
1609831708.05	160000	1.427054	0.074	14061455	1125	148.16
1609831709.79	160000	1.252011	0.562	20074099	1569	70.08
1609831710.28	20000	1.766024	0.0	4742872	379	-120.0
1609831710.79	20000	2.25509	0.0	4955535	408	20.0
1609831711.34	110000	2.700478	0.0	5545322	448	20.0
1609831712.62	110000	2.429008	0.0	15180886	1123	110.0
1609831714.23	110000	1.81345	0.0	16044226	1452	110.0
1609831715.7	160000	1.347488	0.0	18715420	1286	110.0
1609831717.02	160000	1.320583	0.296	17000816	1170	112.64
1609831718.13	160000	1.366564	0.15	14448126	970	136.0
1609831718.73	160000	1.768065	0.0	6958676	487	160.0
1609831719.49	160000	2.003119	0.0	9088791	644	160.0
1609831720.12	160000	2.374338	0.0	7211881	514	160.0
1609831720.47	160000	3.033954	0.0	3063586	248	160.0
1609831720.81	160000	3.692	0.0	2782179	251	160.0
1609831721.77	160000	3.729997	0.0	9958410	841	160.0
1609831722.83	160000	3.669675	0.0	12158708	928	160.0
1609831723.94	160000	3.560975	0.0	12300216	972	160.0
1609831725.32	160000	3.186304	0.0	15815684	1221	160.0
1609831726.5	160000	3.002268	0.0	13526256	1031	160.0
1609831727.49	160000	3.012301	0.0	11995130	855	160.0
1609831728.45	160000	3.060972	0.0	13394791	808	160.0
1609831729.19	160000	3.317571	0.0	14135828	599	160.0
1609831729.91	160000	3.600139	0.0	15366126	567	160.0
1609831730.58	160000	3.936096	0.0	14248439	518	160.0
1609831731.24	160000	4.274483	0.0	13843717	519	160.0
1609831731.91	160000	4.603939	0.0	14665119	523	160.0
1609831732.78	160000	4.732874	0.0	21079187	688	160.0
1609831733.78	160000	4.739601	0.0	25480074	786	160.0
1609831734.7	160000	4.813045	0.0	23021754	733	160.0
1609831735.67	160000	4.844952	0.0	27527834	737	160.0
1609831736.41	160000	5.104821	0.0	26155848	526	160.0
1609831736.97	160000	5.551082	0.0	17849379	361	160.0
1609831737.47	160000	6.049526	0.0	16546531	334	160.0
1609831737.98	160000	6.542975	0.0	17718949	337	160.0
1609831738.48	160000	7.046108	0.0	17337137	329	160.0
1609831738.96	160000	7.565637	0.0	20008245	288	160.0
1609831740.2	160000	7.323874	0.0	58430914	863	160.0
1609831740.61	160000	7.918625	0.0	16292703	236	160.0
1609831741.17	160000	8.356938	0.0	25587422	357	160.0
1609831741.7	160000	8.829913	0.0	23982306	330	160.0
1609831742.02	160000	9.50378	0.0	13347845	181	160.0
1609831742.37	160000	10.159491	0.0	14337991	200	160.0
1609831742.64	160000	10.885623	0.0	14584990	130	160.0
1609831742.92	160000	11.613149	0.0	13962401	131	160.0
1609831743.19	160000	12.340233	0.0	14393788	128	160.0
1609831743.47	160000	13.064757	0.0	14649457	132	160.0
1609831743.76	160000	13.769981	0.0	13409715	153	160.0
1609831744.07	160000	14.468389	0.0	13909605	154	160.0
1609831744.36	160000	15.172274	0.0	13301968	152	160.0
1609831744.71	160000	15.828527	0.0	19025846	161	160.0
1609831745.05	160000	16.4927	0.0	19295426	162	160.0
1609831745.37	160000	17.165436	0.0	18261873	154	160.0
1609831745.74	160000	17.801744	0.0	19847604	172	160.0
1609831746.08	160000	18.465341	0.0	18767181	163	160.0
1609831746.47	160000	19.073247	0.0	22420858	195	160.0
1609831746.84	160000	19.699772	0.0	19324333	192	160.0
1609831747.23	160000	20.313754	0.0	20392234	196	160.0
1609831747.42	160000	21.121692	0.0	7671072	76	160.0
1609831747.75	160000	21.799172	0.0	17781906	156	160.0
1609831748.0	160000	22.5424	0.0	12839336	112	160.0
1609831748.23	160000	23.319547	0.0	10779770	94	160.0
1609831748.51	160000	24.043693	0.0	14606687	128	160.0
1609831749.1	160000	24.454086	0.0	41866951	280	160.0
1609831749.64	160000	24.906081	0.0	37238410	247	160.0
1609831749.89	160000	25.670099	0.0	14347759	86	160.0
1609831750.09	160000	26.464073	0.0	11399187	67	160.0
1609831750.28	160000	27.27261	0.0	10358641	62	160.0
1609831750.51	160000	28.041569	0.0	14315696	84	160.0
1609831750.86	160000	28.69799	0.0	23283631	149	160.0
1609831751.38	160000	29.173432	0.0	37521367	239	160.0
1609831751.8	160000	29.758538	0.0	22241104	228	160.0
1609831752.15	160000	30.412653	0.0	15813346	181	160.0
1609831752.51	160000	31.050022	0.0	17116450	197	160.0
1609831752.92	160000	31.646958	0.0	18867054	229	160.0
1609831753.3	160000	32.261953	0.0	17393609	209	160.0
1609831753.77	160000	32.789293	0.0	24759401	267	160.0
1609831754.23	160000	33.330106	0.0	25782433	252	160.0
1609831755.68	160000	32.887419	0.0	25885372	1206	160.0
1609831756.63	160000	32.932148	0.0	26242011	743	160.0
1609831761.9	160000	28.669681	0.0	23865378	5042	160.0
1609831764.47	160000	27.095324	0.0	25470681	2359	160.0
1609831765.47	160000	27.103294	0.0	27258768	761	160.0
1609831766.03	160000	27.544844	0.0	17853711	384	160.0
1609831766.49	160000	28.083687	0.0	14829893	313	160.0
1609831767.23	160000	28.344043	0.0	27779697	519	160.0
1609831767.94	160000	28.63069	0.0	27714923	485	160.0
1609831768.59	160000	28.98583	0.0	25946474	428	160.0
1609831769.15	160000	29.422472	0.0	19596259	372	160.0
1609831769.81	160000	29.76995	0.0	23774167	447	160.0
1609831770.34	160000	30.241409	0.0	19373656	350	160.0
1609831770.97	160000	30.608221	0.0	23977420	439	160.0
1609831771.63	160000	30.953798	0.0	24493733	456	160.0
1609831772.01	160000	31.566636	0.0	14528511	234	160.0
1609831772.45	160000	32.126584	0.0	16841176	272	160.0
1609831772.91	160000	32.683292	0.0	16743604	279	160.0
1609831773.47	160000	33.117554	0.0	17975224	375	160.0
1609831774.04	160000	33.542672	0.0	22329548	372	160.0
1609831774.47	160000	34.114939	0.0	16001583	265	160.0
1609831774.93	160000	34.659002	0.0	18238584	285	160.0
1609831775.45	160000	35.1395	0.0	21308824	325	160.0
1609831775.87	160000	35.716284	0.0	17749058	255	160.0
1609831776.21	160000	36.376032	0.0	14127787	190	160.0
1609831776.63	160000	36.965305	0.0	17525699	242	160.0
1609831776.98	160000	37.611861	0.0	14240042	210	160.0
1609831777.46	160000	38.130834	0.0	20324139	300	160.0
1609831778.03	160000	38.560923	0.0	21993033	368	160.0
1609831778.55	160000	39.039131	0.0	18863108	329	160.0
1609831778.98	160000	39.61521	0.0	15964734	265	160.0
1609831779.25	160000	40.347075	0.0	8284939	137	160.0
1609831779.52	160000	41.07658	0.0	9004706	149	160.0
1609831779.75	160000	41.850759	0.0	6955279	114	160.0
1609831780.05	160000	42.544248	0.0	10701639	175	160.0
1609831780.33	160000	43.266005	0.0	9459459	155	160.0
1609831780.48	160000	44.120763	0.0	3212828	52	160.0
1609831780.6	160000	44.996966	0.0	2509989	41	160.0
1609831780.7	160000	45.902725	0.0	2004927	29	160.0
1609831780.76	160000	46.845111	0.0	591360	8	160.0
1609831780.84	160000	48.198897	0.0	2394426	34	160.0
1609831781.19	40000	1.000999	0.018	336477	4	-2.8800000000000026
1609831781.64	160000	1.835902	0.0	14912671	216	40.0
1609831782.28	160000	2.192463	0.0	24265636	342	160.0
1609831782.82	160000	2.662944	0.0	22711544	324	160.0
1609831783.31	160000	3.242139	0.0	19639705	304	160.0
1609831783.83	160000	3.769991	0.0	20946809	324	160.0
1609831784.16	160000	4.446576	0.0	11895609	186	160.0
1609831784.39	160000	5.234402	0.0	7597636	116	160.0
1609831785.67	160000	5.011807	0.0	56067905	762	160.0
1609831786.56	160000	5.153874	0.0	45444680	575	160.0
1609831787.73	160000	4.979561	0.0	54798068	819	160.0
1609831789.03	160000	4.682614	0.0	69464107	781	160.0
1609831790.07	160000	4.638368	0.0	50637608	698	160.0
1609831790.54	160000	5.169193	0.0	19559369	289	160.0
1609831791.04	160000	5.671577	0.0	22224402	304	160.0
1609831791.53	160000	6.184895	0.0	22578365	294	160.0
1609831791.76	160000	6.95595	0.0	8346702	109	160.0
1609831792.13	160000	7.589446	0.0	15775481	206	160.0
1609831792.38	160000	8.342236	0.0	9163235	121	160.0
1609831793.18	160000	8.536503	0.0	41307095	518	160.0
1609831793.78	160000	8.990723	0.0	28763893	347	160.0
1609831794.22	160000	9.555603	0.0	21266416	251	160.0
1609831794.72	160000	10.063562	0.0	23702229	280	160.0
1609831795.28	160000	10.502678	0.0	27580394	341	160.0
1609831795.73	160000	11.048171	0.0	20329780	252	160.0
1609831796.1	160000	11.682137	0.0	16109183	202	160.0
1609831797.24	160000	11.546369	0.0	58830800	733	160.0
1609831798.45	160000	11.332248	0.0	66935122	800	160.0
