1611430713.56	40000	2.001999	1.119	11954855	969	-179.04
1611430715.83	40000	2.294063	0.252	25238199	1914	-0.3200000000000003
1611430716.56	40000	3.581674	0.0	8088547	579	40.0
1611430717.6	80000	4.558638	0.0	10719472	843	40.0
1611430722.13	80000	2.291153	0.264	49310181	4022	37.76
1611430724.5	60000	2.483233	0.556	26794605	2088	-48.959999999999994
1611430726.53	80000	2.45606	0.0	25031039	1777	60.0
1611430727.72	80000	3.269267	0.0	18034210	970	80.0
1611430728.59	110000	4.400158	0.0	14334576	655	80.0
1611430734.16	110000	2.290113	1.471	32276831	5302	-125.36000000000001
1611430736.94	60000	2.266357	0.745	20993520	2546	-109.2
1611430739.23	60000	2.221673	0.251	22176094	2077	19.840000000000003
1611430739.8	20000	3.657659	0.0	5227974	423	-20.0
1611430747.2	20000	2.267535	4.008	21687457	7173	-621.28
1611430747.94	20000	3.528828	0.0	3629543	610	20.0
1611430749.47	60000	4.004021	0.0	9427304	1366	20.0
1611430751.0	80000	4.4757	0.0	11162745	1360	60.0
1611430752.36	80000	5.112197	0.0	11388687	1199	80.0
1611430753.61	80000	5.863863	0.0	11506506	1080	80.0
1611430754.77	80000	6.705828	0.0	11871431	989	80.0
1611430757.91	80000	5.567423	0.0	36190105	2845	80.0
1611430759.21	80000	6.269947	0.0	27108833	1035	80.0
1611430760.64	160000	6.848626	0.0	44641838	1035	80.0
1611430761.61	160000	7.870896	0.0	35151436	685	160.0
1611430762.23	160000	9.259512	0.0	21430543	391	160.0
1611430762.93	160000	10.562339	0.0	16231263	506	160.0
1611430763.3	160000	12.20108	0.0	5636789	226	160.0
1611430764.4	160000	13.091498	0.0	22059227	877	160.0
1611430765.79	160000	13.71068	0.0	28191877	1120	160.0
1611430767.73	160000	13.769682	0.0	25042796	1697	160.0
1611430770.46	160000	13.042636	0.0	27281085	2471	160.0
1611430771.84	160000	13.672097	0.0	29208375	1106	160.0
1611430773.1	160000	14.39955	0.0	28005634	1020	160.0
1611430775.14	160000	14.367661	0.0	46665385	1681	160.0
1611430777.28	160000	14.228002	0.0	50358062	1765	160.0
1611430779.09	160000	14.421168	0.0	43912649	1482	160.0
1611430780.48	160000	15.03548	0.0	34250091	1103	160.0
1611430781.93	160000	15.584894	0.0	37283670	1156	160.0
1611430784.82	160000	14.70005	0.0	75230318	2204	160.0
1611430786.51	160000	15.009252	0.0	49667787	1370	160.0
1611430787.46	40000	2.001999	0.55	14901079	366	-88.0
1611430792.48	160000	2.420062	3.238	44147819	4511	-478.08000000000004
1611430798.44	160000	2.27752	3.901	38785859	5647	-464.15999999999997
1611430800.25	160000	2.48686	0.0	17658536	1602	160.0
1611430802.82	60000	2.325537	0.402	30367840	2270	-104.32
1611430804.61	60000	2.532097	0.0	26794605	1535	60.0
1611430805.95	80000	3.191491	0.0	25031039	1048	60.0
1611430806.79	80000	4.358216	0.0	18034210	628	80.0
1611430807.43	110000	5.723332	0.0	14334576	420	80.0
1611430808.56	110000	6.592393	0.0	32276831	849	110.0
1611430810.1	160000	7.051215	0.0	50601822	1090	110.0
1611430811.4	160000	7.760002	0.0	51548908	910	160.0
1611430812.26	160000	8.895798	0.0	36583542	562	160.0
1611430815.11	160000	8.050859	0.0	126634779	1570	160.0
1611430815.83	160000	9.334803	0.0	30885146	431	160.0
1611430816.34	160000	10.828255	0.0	25605653	267	160.0
1611430816.8	160000	12.367019	0.0	22421293	233	160.0
1611430817.24	160000	13.924443	0.0	22469732	217	160.0
1611430817.7	160000	15.473156	0.0	22397259	215	160.0
1611430818.19	160000	16.984137	0.0	24249062	247	160.0
1611430819.29	160000	17.886506	0.0	66035061	645	160.0
1611430820.13	160000	19.044153	0.0	48981522	452	160.0
1611430820.88	160000	20.299076	0.0	44641838	411	160.0
1611430821.5	160000	21.684558	0.0	35151436	322	160.0
1611430821.93	160000	23.251089	0.0	21430543	198	160.0
1611430822.29	160000	24.896526	0.0	16231263	158	160.0
1611430822.47	160000	26.716765	0.0	5636789	46	160.0
1611430822.9	160000	28.291929	0.0	22059227	199	160.0
1611430823.41	160000	29.77889	0.0	28191877	258	160.0
1611430823.89	160000	31.302931	0.0	25042796	234	160.0
1611430824.77	160000	32.426094	0.0	27281085	610	160.0
1611430827.1	160000	32.095784	0.0	29208375	2069	160.0
1611430829.17	160000	32.026382	0.0	28005634	1814	160.0
1611430831.32	160000	31.884648	0.0	46665385	1784	160.0
1611430833.59	160000	31.610913	0.0	50358062	1907	160.0
1611430835.51	160000	31.689646	0.0	43912649	1579	160.0
1611430837.41	160000	31.795991	0.0	34250091	1608	160.0
1611430840.92	160000	30.29098	0.0	37283670	3216	160.0
1611430845.39	160000	27.821607	0.0	75230318	3990	160.0
1611430848.03	160000	27.17918	0.0	49667787	2317	160.0
1611430849.26	40000	2.001999	0.817	14901079	642	-130.72
1611430850.83	160000	2.613802	0.0	44147819	982	40.0
1611430851.8	160000	3.743048	0.0	38785859	646	160.0
1611430852.27	160000	5.303381	0.0	17658536	253	160.0
1611430854.49	160000	5.158713	0.0	100767000	1173	160.0
1611430856.76	160000	4.88475	0.0	128611905	1322	160.0
1611430858.01	160000	5.642032	0.0	72652354	728	160.0
1611430858.81	160000	6.860443	0.0	45807917	439	160.0
1611430859.28	160000	8.371674	0.0	23321872	221	160.0
1611430860.11	160000	9.547951	0.0	50623178	452	160.0
1611430860.96	160000	10.700559	0.0	50601822	466	160.0
1611430861.83	160000	11.9552	0.0	51548908	473	160.0
1611430862.49	160000	13.29715	0.0	36583542	343	160.0
1611430864.46	160000	13.327414	0.0	126634779	1163	160.0
1611430865.07	160000	14.717555	0.0	30885146	333	160.0
1611430865.58	160000	16.207702	0.0	25605653	243	160.0
1611430866.03	160000	17.765229	0.0	22421293	213	160.0
1611430866.45	160000	19.343391	0.0	22469732	196	160.0
1611430866.88	160000	20.917143	0.0	22397259	197	160.0
1611430867.35	160000	22.451235	0.0	24249062	225	160.0
1611430868.4	160000	23.395686	0.0	66035061	610	160.0
1611430869.25	160000	24.555788	0.0	48981522	441	160.0
1611430869.98	160000	25.820755	0.0	44641838	405	160.0
1611430870.58	160000	27.220995	0.0	35151436	315	160.0
1611430871.0	160000	28.806184	0.0	21430543	191	160.0
1611430871.33	160000	30.47759	0.0	16231263	135	160.0
1611430871.52	160000	32.290932	0.0	5636789	42	160.0
1611430871.94	160000	33.874915	0.0	22059227	193	160.0
1611430872.45	160000	35.368252	0.0	28191877	254	160.0
1611430872.92	160000	36.894353	0.0	25042796	232	160.0
1611430873.45	160000	38.373781	0.0	27281085	255	160.0
1611430873.97	160000	39.852022	0.0	29208375	266	160.0
1611430874.5	160000	41.326954	0.0	28005634	275	160.0
1611430875.31	160000	42.517372	0.0	46665385	461	160.0
1611430878.13	160000	41.692005	0.0	50358062	2464	160.0
1611430879.62	160000	42.210153	0.0	43912649	1133	160.0
1611430880.75	160000	43.078884	0.0	34250091	857	160.0
1611430881.96	160000	43.870313	0.0	37283670	929	160.0
1611430888.08	160000	39.754357	0.0	75230318	5646	160.0
1611430890.38	160000	39.45664	0.0	49667787	1964	160.0
1611430891.33	40000	2.001999	0.308	14901079	238	-49.28
1611430893.88	160000	2.23825	0.581	44147819	2015	-52.959999999999994
1611430896.16	160000	2.260356	0.351	38785859	1990	103.84
1611430897.27	160000	3.18153	0.0	17658536	899	160.0
1611430900.92	80000	2.305737	0.773	49310181	3214	-123.68
1611430905.43	80000	2.330967	2.528	36903091	4218	-324.48
1611430908.82	110000	2.361363	1.42	36735456	3060	-147.2
1611430911.1	110000	2.283055	0.203	25528337	2043	77.52000000000001
1611430911.89	80000	3.501662	0.0	9442903	622	50.0
