1609833732.92	40000	1.000999	0.04	334476	27	-6.399999999999999
1609833733.81	20000	1.469124	0.0	11007815	710	0.0
1609833734.18	20000	2.094872	0.0	8849724	246	20.0
1609833735.08	160000	2.21848	0.0	22711544	639	20.0
1609833737.72	160000	1.273032	0.639	19639705	2449	57.760000000000005
1609833739.53	160000	1.268304	0.778	20946809	1632	35.519999999999996
1609833740.55	160000	1.278371	0.03	11895609	883	155.2
1609833741.25	160000	1.583734	0.0	7597636	575	160.0
1609833742.99	60000	1.329266	0.484	17832465	1572	-117.44
1609833743.9	60000	1.421598	0.0	9877442	776	60.0
1609833744.82	60000	1.499967	0.0	10988410	790	60.0
1609833746.04	60000	1.31554	0.035	15230785	1061	54.4
1609833747.6	60000	1.350948	0.595	13601559	1420	-35.2
1609833748.28	110000	1.668602	0.0	10838546	537	60.0
1609833749.14	110000	1.811109	0.0	12783186	711	110.0
1609833752.43	160000	1.410602	1.882	22578365	3092	-191.12
1609833753.25	160000	1.586471	0.0	8346702	700	160.0
1609833754.42	160000	1.412876	0.0	15775481	1009	160.0
1609833755.03	160000	1.804772	0.0	9163235	480	160.0
1609833756.08	80000	1.755865	0.0	20277060	856	0.0
1609833756.73	80000	2.111038	0.0	14877694	495	80.0
1609833757.62	160000	2.22194	0.0	21266416	692	80.0
1609833758.52	160000	2.319177	0.0	23702229	672	160.0
1609833759.48	160000	2.36299	0.0	27580394	732	160.0
1609833760.22	160000	2.620492	0.0	20329780	548	160.0
1609833760.85	160000	2.99684	0.0	16109183	456	160.0
1609833762.87	160000	1.978106	0.0	58830800	1414	160.0
1609833764.71	160000	1.226346	0.086	66935122	1387	146.24
1609833765.17	160000	1.766991	0.0	15251076	290	160.0
1609833765.64	160000	2.293246	0.0	16574034	302	160.0
1609833766.03	160000	2.905263	0.0	13009028	243	160.0
1609833766.42	160000	3.512318	0.0	12791674	252	160.0
1609833766.79	160000	4.157358	0.0	11137898	219	160.0
1609833767.15	160000	4.788775	0.0	11485310	223	160.0
1609833767.53	160000	5.407301	0.0	12428518	242	160.0
1609833767.86	160000	6.083281	0.0	9963766	194	160.0
1609833768.2	160000	6.746088	0.0	12189364	199	160.0
1609833768.49	160000	7.450795	0.0	10142396	166	160.0
1609833768.8	160000	8.153802	0.0	10185488	166	160.0
1609833769.18	160000	8.764977	0.0	14061455	228	160.0
1609833769.7	160000	9.250433	0.0	20074099	328	160.0
1609833770.69	160000	9.262687	0.0	46115254	668	160.0
1609833771.66	160000	9.286552	0.0	40906522	665	160.0
1609833771.92	160000	10.028508	0.0	7891151	133	160.0
1609833772.8	160000	10.145614	0.0	21012466	697	160.0
1609833780.54	160000	3.415178	0.0	23519424	7521	160.0
1609833782.09	160000	2.858374	0.0	18715420	1382	160.0
1609833783.48	160000	2.47375	0.0	17000816	1213	160.0
1609833784.69	160000	2.260528	0.0	14448126	1058	160.0
1609833785.33	160000	2.625802	0.0	6958676	517	160.0
1609833786.13	160000	2.823599	0.0	9088791	677	160.0
1609833786.78	160000	3.17447	0.0	7211881	533	160.0
1609833787.1	160000	3.856882	0.0	3063586	223	160.0
1609833787.39	160000	4.56527	0.0	2782179	198	160.0
1609833788.23	160000	4.731349	0.0	9958410	706	160.0
1609833789.24	160000	4.722226	0.0	12158708	860	160.0
1609833790.37	160000	4.590788	0.0	12300216	992	160.0
1609833791.77	160000	4.193295	0.0	15815684	1239	160.0
1609833792.86	160000	4.105261	0.0	13526256	947	160.0
1609833793.86	160000	4.1017	0.0	11995130	867	160.0
1609833794.92	160000	4.043909	0.0	13394791	916	160.0
1609833796.42	160000	3.545799	0.0	14135828	1350	160.0
1609833797.8	160000	3.171267	0.0	15366126	1214	160.0
1609833799.12	160000	2.844048	0.0	14248439	1177	160.0
1609833800.36	160000	2.609651	0.0	13843717	1087	160.0
1609833801.59	160000	2.377892	0.0	14665119	1077	160.0
1609833803.38	160000	1.590857	0.0	21079187	1589	160.0
1609833804.92	110000	1.436626	0.382	17340552	1369	-1.1199999999999974
1609833806.19	110000	1.350353	0.185	15365006	1124	80.4
1609833807.95	110000	1.286024	0.689	19021488	1583	-0.23999999999999488
1609833809.48	110000	1.476515	0.723	17918889	1373	-5.680000000000007
1609833810.57	110000	1.450623	0.06	11843178	945	100.4
1609833811.57	110000	1.474486	0.026	10916331	865	105.84
1609833812.66	110000	1.382591	0.0	12021075	949	110.0
1609833813.65	110000	1.392324	0.0	11809774	851	110.0
1609833814.76	110000	1.289972	0.0	13817529	961	110.0
1609833815.57	20000	1.473683	0.0	9620218	682	-70.0
1609833816.63	110000	1.415136	0.0	11574285	914	20.0
1609833818.26	110000	1.294108	0.507	17560011	1462	28.879999999999995
1609833819.8	110000	1.302076	0.546	16439864	1384	22.64
1609833820.99	160000	1.347385	0.232	13347845	1044	72.88
1609833822.37	160000	1.332061	0.367	14337991	1242	101.28
1609833823.8	160000	1.444204	0.532	14584990	1277	74.88
1609833825.09	160000	1.484078	0.335	13962401	1152	106.4
1609833826.24	160000	1.336536	0.0	14393788	993	160.0
1609833827.38	160000	1.321065	0.121	14649457	995	140.64
1609833828.45	160000	1.442699	0.191	13409715	932	129.44
1609833829.75	160000	1.367257	0.232	13909605	1167	122.88
1609833831.16	160000	1.349467	0.383	13301968	1263	98.72
1609833833.53	160000	1.256325	1.278	19025846	2201	-44.47999999999999
1609833834.98	110000	1.28506	0.48	14191823	1304	-16.799999999999997
1609833836.1	110000	1.266067	0.096	12316520	979	94.64
1609833837.07	110000	1.361852	0.07	13245175	831	98.8
1609833837.86	110000	1.573627	0.0	12490444	647	110.0
1609833839.0	110000	1.432018	0.0	15265366	989	110.0
1609833839.81	110000	1.623748	0.0	13365138	662	110.0
1609833841.07	160000	1.406345	0.044	20392234	1074	102.96000000000001
1609833841.75	160000	1.728128	0.0	7671072	556	160.0
1609833843.8	160000	1.480568	0.799	17781906	1889	32.16
1609833844.81	160000	1.475588	0.0	12839336	858	160.0
1609833845.67	160000	1.612638	0.0	10779770	727	160.0
1609833846.66	160000	1.627234	0.0	14606687	835	160.0
1609833847.49	60000	1.791063	0.0	17736300	663	-40.0
1609833848.97	110000	1.318637	0.0	26354219	1250	60.0
1609833849.86	160000	1.428784	0.0	14347759	725	110.0
1609833850.56	160000	1.727388	0.0	11399187	560	160.0
1609833851.26	160000	2.033868	0.0	10358641	558	160.0
1609833852.26	160000	2.031643	0.0	14315696	850	160.0
1609833853.57	160000	1.719654	0.0	23283631	1112	160.0
1609833855.32	160000	1.224796	0.251	37521367	1475	119.84
1609833856.33	160000	1.264296	0.051	22241104	815	151.84
1609833857.02	160000	1.573364	0.0	15813346	427	160.0
1609833857.66	160000	1.938961	0.0	17116450	470	160.0
1609833858.25	160000	2.351609	0.0	18867054	412	160.0
1609833858.86	160000	2.744743	0.0	17393609	426	160.0
1609833859.69	160000	2.910119	0.0	24759401	614	160.0
1609833860.41	160000	3.18725	0.0	25782433	511	160.0
1609833861.17	160000	3.429342	0.0	25885372	528	160.0
1609833861.92	160000	3.685872	0.0	26242011	524	160.0
1609833862.6	160000	4.004526	0.0	23865378	464	160.0
1609833863.2	160000	4.404392	0.0	25470681	389	160.0
1609833863.84	160000	4.762135	0.0	27258768	404	160.0
1609833864.28	160000	5.32412	0.0	17853711	261	160.0
1609833864.66	160000	5.944198	0.0	14829893	225	160.0
1609833865.35	160000	6.258855	0.0	27779697	443	160.0
1609833865.97	160000	6.642499	0.0	27714923	390	160.0
1609833866.55	160000	7.06638	0.0	25946474	355	160.0
1609833866.98	160000	7.627882	0.0	19596259	257	160.0
1609833867.51	160000	8.107852	0.0	23774167	311	160.0
1609833868.0	160000	8.610779	0.0	19373656	310	160.0
1609833868.59	160000	9.025393	0.0	23977420	381	160.0
1609833869.15	160000	9.471922	0.0	24493733	340	160.0
1609833869.51	160000	10.111027	0.0	14528511	201	160.0
1609833869.91	160000	10.710544	0.0	16841176	228	160.0
1609833870.31	160000	11.313132	0.0	16743604	229	160.0
1609833870.69	160000	11.934342	0.0	17975224	204	160.0
1609833871.07	160000	12.549313	0.0	22329548	174	160.0
1609833871.36	160000	13.258389	0.0	16001583	126	160.0
1609833871.7	160000	13.924204	0.0	18238584	159	160.0
1609833872.11	160000	14.512649	0.0	21308824	215	160.0
1609833872.47	160000	15.155321	0.0	17749058	181	160.0
1609833872.82	160000	15.806705	0.0	14127787	191	160.0
1609833873.23	160000	16.398009	0.0	17525699	241	160.0
1609833873.58	160000	17.052421	0.0	14240042	196	160.0
1609833874.02	160000	17.607736	0.0	20324139	257	160.0
1609833874.49	160000	18.138816	0.0	21993033	278	160.0
1609833874.94	160000	18.695507	0.0	18863108	255	160.0
1609833875.32	160000	19.312391	0.0	15964734	216	160.0
1609833875.56	160000	20.076548	0.0	8284939	112	160.0
1609833875.85	160000	20.786182	0.0	9004706	165	160.0
1609833876.08	160000	21.556991	0.0	6955279	115	160.0
1609833876.39	160000	22.24411	0.0	10701639	177	160.0
1609833876.66	160000	22.982271	0.0	9459459	133	160.0
1609833876.78	160000	23.853779	0.0	3212828	32	160.0
1609833876.9	160000	24.741061	0.0	2509989	25	160.0
1609833876.99	160000	25.650643	0.0	2004927	20	160.0
1609833877.05	160000	26.593583	0.0	591360	5	160.0
1609833877.13	160000	27.944689	0.0	2394426	23	160.0
1609833877.47	40000	1.000999	0.027	336477	3	-4.32
1609833877.86	160000	1.90292	0.0	14912671	149	40.0
1609833878.39	160000	2.375175	0.0	24265636	242	160.0
1609833878.83	160000	2.931179	0.0	22711544	230	160.0
1609833879.22	160000	3.544765	0.0	19639705	204	160.0
1609833879.63	160000	4.197195	0.0	20946809	216	160.0
1609833879.92	160000	4.953072	0.0	11895609	123	160.0
1609833880.12	160000	5.76251	0.0	7597636	77	160.0
1609833881.22	160000	5.721774	0.0	56067905	555	160.0
1609833881.92	160000	6.040268	0.0	45444680	404	160.0
1609833882.78	160000	6.215527	0.0	54798068	488	160.0
1609833884.05	160000	5.937207	0.0	69464107	748	160.0
1609833885.01	160000	5.986333	0.0	50637608	620	160.0
1609833885.41	160000	6.585404	0.0	19559369	222	160.0
1609833885.88	160000	7.113971	0.0	22224402	258	160.0
1609833886.36	160000	7.637725	0.0	22578365	271	160.0
1609833886.58	160000	8.415105	0.0	8346702	100	160.0
1609833886.91	160000	9.088244	0.0	15775481	162	160.0
1609833887.13	160000	9.865505	0.0	9163235	93	160.0
1609833887.86	160000	10.145085	0.0	41307095	427	160.0
1609833888.38	160000	10.616665	0.0	28763893	285	160.0
1609833888.8	160000	11.203859	0.0	21266416	221	160.0
1609833889.37	160000	11.638319	0.0	23702229	346	160.0
1609833890.49	160000	11.595938	0.0	27580394	899	160.0
1609833894.17	160000	8.921253	0.0	20329780	3464	160.0
1609833894.78	160000	9.307289	0.0	16109183	450	160.0
1609833897.85	160000	7.243605	0.0	58830800	2645	160.0
