1611362541.28	40000	4.003999	2.317	21721358	2048	-370.72
1611362542.45	40000	7.062098	0.0	12219626	907	40.0
1611362545.63	40000	7.905993	0.0	36401521	2698	40.0
1611362547.43	40000	10.10805	0.0	22323996	1534	40.0
1611362550.36	80000	11.180896	0.0	33598049	2559	40.0
1611362558.41	110000	7.137204	0.0	70263691	7320	80.0
1611362579.49	80000	4.003284	13.943	91612048	20275	-2180.88
1611362584.66	80000	4.302433	1.482	26589827	4893	-157.12
1611362586.79	80000	6.185158	0.0	22374327	1859	80.0
1611362588.13	60000	8.847024	0.0	17577718	1044	40.0
1611362589.87	40000	11.104881	0.0	32612148	1430	20.0
1611362592.05	110000	12.935424	0.0	53844172	1749	40.0
1611362593.41	160000	15.572551	0.0	37791381	972	110.0
1611362594.34	160000	18.652377	0.0	27693627	634	160.0
1611362595.78	160000	21.210616	0.0	53357619	1037	160.0
1611362598.3	160000	22.701181	0.0	56589177	2067	160.0
1611362604.8	160000	20.205102	0.0	74460781	5909	160.0
1611362612.9	160000	16.118799	0.0	94383331	7408	160.0
1611362619.23	160000	13.784493	0.0	71616778	5786	160.0
1611362629.82	160000	7.19449	0.0	125037367	9562	160.0
1611362634.33	160000	6.688333	0.0	56037611	4073	160.0
1611362639.14	160000	5.886897	0.0	56374991	4373	160.0
1611362643.04	110000	5.985133	0.0	48719934	3489	60.0
1611362647.1	110000	5.930413	0.0	53152745	3615	110.0
1611362650.38	110000	6.652714	0.0	39946823	2904	110.0
1611362656.25	110000	4.785735	0.0	72955109	5324	110.0
1611362658.12	110000	6.919541	0.0	32265160	1542	110.0
1611362662.85	110000	6.199587	0.0	72264134	4201	110.0
1611362667.54	110000	5.516003	0.0	52599470	4219	110.0
1611362674.56	110000	4.359842	1.871	69290902	6565	-189.36
1611362678.53	80000	4.388649	0.0	41041452	3585	50.0
1611362682.58	80000	4.448483	0.114	49312278	3660	61.760000000000005
1611362686.84	80000	4.300252	0.112	46514551	3873	62.08
1611362690.36	110000	4.789927	0.0	43643258	3131	80.0
1611362693.98	110000	5.17643	0.0	54833000	3172	110.0
1611362696.35	110000	6.807509	0.0	43739515	1977	110.0
1611362701.19	160000	5.973947	0.0	75479141	4285	110.0
1611362706.19	160000	4.971242	0.0	33015172	4697	160.0
1611362709.18	160000	5.988548	0.0	15606388	2806	160.0
1611362709.69	160000	7.917819	0.0	2583063	402	160.0
1611362716.18	40000	3.950446	5.592	38164385	5430	-894.72
1611362717.75	40000	6.440663	0.0	12219626	1356	40.0
1611362720.76	40000	7.457671	0.0	36401521	2672	40.0
1611362722.19	40000	10.034242	0.0	22323996	1158	40.0
1611362723.19	40000	13.03948	0.0	16843169	769	40.0
1611362733.41	110000	6.822493	0.0	70263691	9470	40.0
