1609825649.17	40000	1.000999	0.042	334476	30	-6.719999999999999
1609825650.41	20000	1.326384	0.176	11007815	1072	-28.16
1609825651.38	20000	1.380276	0.0	8849724	848	20.0
1609825651.76	20000	1.998869	0.0	3191121	287	20.0
1609825652.3	40000	2.539657	0.0	4726840	428	20.0
1609825654.31	160000	1.523273	0.0	20946809	1766	40.0
1609825655.47	160000	1.370403	0.0	11895609	1010	160.0
1609825656.21	160000	1.631399	0.0	7597636	624	160.0
1609825658.36	60000	1.261084	0.777	17832465	1977	-164.32
1609825659.37	60000	1.275754	0.028	9877442	884	55.519999999999996
1609825660.34	60000	1.309462	0.0	10988410	838	60.0
1609825663.35	60000	1.319062	2.018	15230785	2864	-262.88
1609825664.52	60000	1.337555	0.187	13601559	1032	30.08
1609825665.18	80000	1.675316	0.0	7412644	540	60.0
1609825665.9	80000	1.950415	0.0	9055732	600	80.0
1609825666.77	110000	2.089085	0.0	13101938	716	80.0
1609825667.12	110000	2.733382	0.0	5268213	257	110.0
1609825667.66	110000	3.199036	0.0	9838179	408	110.0
1609825668.16	160000	3.698123	0.0	9163235	366	110.0
1609825670.05	160000	2.811901	0.0	41307095	1454	160.0
1609825671.11	160000	2.751575	0.0	28763893	829	160.0
1609825671.9	160000	2.956767	0.0	21266416	590	160.0
1609825678.69	160000	1.284006	4.114	23702229	6594	-498.24
1609825680.37	110000	1.398864	0.792	19316039	1509	-66.72
1609825682.31	110000	1.424006	0.965	13919609	1797	-44.400000000000006
1609825683.25	80000	1.484408	0.0	8329186	819	50.0
1609825684.24	20000	1.495668	0.0	9946363	860	-40.0
1609825684.74	20000	1.999629	0.0	11684632	360	20.0
1609825685.29	160000	2.450553	0.0	15251076	395	20.0
1609825685.76	160000	2.984182	0.0	16574034	297	160.0
1609825686.13	160000	3.611216	0.0	13009028	232	160.0
1609825687.69	160000	3.054026	0.0	12791674	1419	160.0
1609825688.32	160000	3.419815	0.0	11137898	505	160.0
1609825688.72	160000	4.023005	0.0	11485310	261	160.0
1609825689.15	160000	4.597624	0.0	12428518	289	160.0
1609825689.45	160000	5.294984	0.0	9963766	177	160.0
1609825689.8	160000	5.946008	0.0	12189364	214	160.0
1609825690.11	160000	6.640736	0.0	10142396	181	160.0
1609825690.37	160000	7.378697	0.0	10185488	139	160.0
1609825690.71	160000	8.035725	0.0	14061455	194	160.0
1609825691.17	160000	8.579912	0.0	20074099	275	160.0
1609825692.1	160000	8.648267	0.0	46115254	540	160.0
1609825692.92	160000	8.838295	0.0	40906522	517	160.0
1609825693.13	160000	9.622168	0.0	7891151	99	160.0
1609825693.54	160000	10.217378	0.0	21012466	214	160.0
1609825693.98	160000	10.779891	0.0	23519424	240	160.0
1609825694.35	160000	11.403474	0.0	18715420	195	160.0
1609825694.71	160000	12.053653	0.0	17000816	183	160.0
1609825695.02	160000	12.743005	0.0	14448126	152	160.0
1609825695.21	160000	13.552512	0.0	6958676	76	160.0
1609825695.43	160000	14.333467	0.0	9088791	96	160.0
1609825695.62	160000	15.144111	0.0	7211881	75	160.0
1609825695.74	160000	16.020478	0.0	3063586	32	160.0
1609825695.86	160000	16.902715	0.0	2782179	28	160.0
1609825696.09	160000	17.673761	0.0	9958410	105	160.0
1609825696.35	160000	18.417384	0.0	12158708	119	160.0
1609825696.61	160000	19.160062	0.0	12300216	120	160.0
1609825696.93	160000	19.842072	0.0	15815684	151	160.0
1609825697.2	160000	20.570065	0.0	13526256	131	160.0
1609825697.45	160000	21.319374	0.0	11995130	117	160.0
1609825697.73	160000	22.044184	0.0	13394791	128	160.0
1609825698.01	160000	22.7615	0.0	14135828	138	160.0
1609825698.32	160000	23.450957	0.0	15366126	162	160.0
1609825698.65	160000	24.125328	0.0	14248439	176	160.0
1609825698.97	160000	24.810592	0.0	13843717	171	160.0
1609825699.29	160000	25.48695	0.0	14665119	176	160.0
1609825699.7	160000	26.082825	0.0	21079187	211	160.0
1609825700.17	160000	26.608814	0.0	25480074	255	160.0
1609825700.61	160000	27.169439	0.0	23021754	238	160.0
1609825701.13	160000	27.654914	0.0	27527834	292	160.0
1609825701.64	160000	28.139966	0.0	26155848	291	160.0
1609825702.02	160000	28.767358	0.0	17849379	199	160.0
1609825702.36	160000	29.420149	0.0	16546531	184	160.0
1609825702.72	160000	30.060569	0.0	17718949	196	160.0
1609825703.09	160000	30.698611	0.0	17337137	192	160.0
1609825703.48	160000	31.310706	0.0	20008245	200	160.0
1609825704.51	160000	31.27472	0.0	58430914	571	160.0
1609825704.84	160000	31.94634	0.0	16292703	152	160.0
1609825705.3	160000	32.491754	0.0	25587422	240	160.0
1609825705.72	160000	33.066163	0.0	23982306	230	160.0
1609825706.0	160000	33.797118	0.0	13347845	128	160.0
1609825706.28	160000	34.51363	0.0	14337991	138	160.0
1609825706.56	160000	35.233806	0.0	14584990	135	160.0
1609825706.83	160000	35.961352	0.0	13962401	129	160.0
1609825707.11	160000	36.681125	0.0	14393788	133	160.0
1609825707.39	160000	37.408578	0.0	14649457	128	160.0
1609825707.65	160000	38.149278	0.0	13409715	110	160.0
1609825707.91	160000	38.89037	0.0	13909605	116	160.0
1609825708.16	160000	39.63944	0.0	13301968	111	160.0
1609825708.51	160000	40.291856	0.0	19025846	164	160.0
1609825708.85	160000	40.949103	0.0	19295426	168	160.0
1609825709.19	160000	41.613478	0.0	18261873	159	160.0
1609825709.8	160000	42.002036	0.0	19847604	425	160.0
1609825710.85	160000	41.956763	0.0	18767181	871	160.0
1609825714.08	160000	39.726141	0.0	22420858	3037	160.0
1609825714.83	160000	39.971966	0.0	19324333	567	160.0
1609825715.49	160000	40.325635	0.0	20392234	469	160.0
1609825715.74	160000	41.07191	0.0	7671072	132	160.0
1609825716.22	160000	41.589848	0.0	17781906	316	160.0
1609825716.64	160000	42.167826	0.0	12839336	282	160.0
1609825717.01	160000	42.799121	0.0	10779770	240	160.0
1609825717.49	160000	43.331124	0.0	14606687	321	160.0
1609825719.06	160000	42.752552	0.0	41866951	1257	160.0
1609825721.13	160000	41.687435	0.0	37238410	1774	160.0
1609825721.62	160000	42.194881	0.0	14347759	340	160.0
1609825722.0	160000	42.815721	0.0	11399187	240	160.0
1609825722.36	160000	43.461011	0.0	10358641	223	160.0
1609825722.81	160000	44.004932	0.0	14315696	311	160.0
1609825723.52	160000	44.296969	0.0	23283631	511	160.0
1609825724.8	160000	44.019393	0.0	37521367	982	160.0
1609825725.48	160000	44.338277	0.0	22241104	482	160.0
1609825726.03	160000	44.793285	0.0	15813346	376	160.0
1609825726.58	160000	45.242046	0.0	17116450	383	160.0
1609825727.13	160000	45.696161	0.0	18867054	370	160.0
1609825727.66	160000	46.16424	0.0	17393609	352	160.0
1609825728.39	160000	46.433986	0.0	24759401	523	160.0
1609825729.05	160000	46.777713	0.0	25782433	449	160.0
1609825729.72	160000	47.104535	0.0	25885372	447	160.0
1609825730.39	160000	47.43871	0.0	26242011	450	160.0
1609825730.99	160000	47.843249	0.0	23865378	376	160.0
1609825731.61	160000	48.221435	0.0	25470681	410	160.0
1609825732.32	160000	48.510274	0.0	27258768	485	160.0
1609825732.72	160000	49.117874	0.0	17853711	222	160.0
1609825733.04	160000	49.78905	0.0	14829893	179	160.0
1609825733.61	160000	50.225106	0.0	27779697	334	160.0
1609825734.17	160000	50.666916	0.0	27714923	340	160.0
1609825734.68	160000	51.153739	0.0	25946474	295	160.0
1609825735.07	160000	51.768301	0.0	19596259	200	160.0
1609825735.51	160000	52.325069	0.0	23774167	243	160.0
1609825735.87	160000	52.973573	0.0	19373656	172	160.0
1609825736.28	160000	53.558953	0.0	23977420	213	160.0
1609825736.74	160000	54.10714	0.0	24493733	244	160.0
1609825737.04	160000	54.805013	0.0	14528511	151	160.0
1609825737.38	160000	55.462308	0.0	16841176	173	160.0
1609825737.72	160000	56.121966	0.0	16743604	174	160.0
1609825738.08	160000	56.764991	0.0	17975224	185	160.0
1609825738.51	160000	57.340962	0.0	22329548	231	160.0
1609825738.8	160000	58.049224	0.0	16001583	134	160.0
1609825739.12	160000	58.727336	0.0	18238584	154	160.0
1609825739.49	160000	59.355529	0.0	21308824	180	160.0
1609825740.33	160000	59.523603	0.0	17749058	163	160.0
1609825741.11	160000	59.774584	0.0	14127787	131	160.0
1609825742.44	160000	59.525602	0.0	17525699	169	160.0
1609825743.22	160000	59.776564	0.0	14240042	124	160.0
1609825744.07	160000	59.962988	0.0	20324139	174	160.0
1609825745.44	160000	59.528598	0.0	21993033	178	160.0
1609825745.9	160000	59.959251	0.0	18863108	274	160.0
1609825747.29	160000	59.780597	0.0	15964734	232	160.0
1609825748.0	160000	59.860809	0.0	8284939	588	160.0
1609825749.09	160000	59.782501	0.0	9004706	464	160.0
1609825750.27	160000	59.783588	0.0	6955279	75	160.0
1609825751.47	160000	59.534593	0.0	10701639	68	160.0
1609825752.11	160000	59.752126	0.0	9459459	513	160.0
1609825753.38	160000	59.5366	0.0	3212828	174	160.0
1609825754.16	160000	59.787588	0.0	2509989	192	160.0
1609825755.39	160000	59.538571	0.0	2004927	166	160.0
1609825756.45	160000	59.539574	0.0	591360	7	160.0
1609825757.52	160000	59.97429	0.0	2394426	25	160.0
1609825757.88	40000	1.000999	0.072	336477	28	-11.52
1609825758.83	160000	1.409183	0.0	14912671	723	40.0
1609825759.47	160000	1.773558	0.0	24265636	355	160.0
1609825760.13	160000	2.184244	0.0	22711544	445	160.0
1609825760.82	160000	2.519024	0.0	19639705	506	160.0
1609825765.99	160000	1.264614	2.776	20946809	4980	-284.16
1609825767.24	160000	1.266934	0.258	11895609	1119	118.72
1609825767.71	160000	1.803872	0.0	7597636	347	160.0
1609825768.12	60000	2.395821	0.0	17832465	225	-40.0
1609825768.37	60000	3.142559	0.0	9877442	125	60.0
1609825768.72	80000	3.794532	0.0	15275967	191	60.0
1609825770.2	160000	3.311173	0.0	69464107	763	80.0
1609825771.02	160000	3.491181	0.0	50637608	474	160.0
1609825771.36	160000	4.158706	0.0	19559369	156	160.0
1609825771.73	160000	4.791806	0.0	22224402	177	160.0
1609825772.07	160000	5.445425	0.0	22578365	153	160.0
1609825772.26	160000	6.262424	0.0	8346702	53	160.0
1609825772.53	160000	6.988821	0.0	15775481	108	160.0
1609825772.72	160000	7.803239	0.0	9163235	63	160.0
1609825773.32	160000	8.231762	0.0	41307095	295	160.0
1609825773.78	160000	8.838987	0.0	28763893	205	160.0
1609825774.09	160000	9.52781	0.0	21266416	116	160.0
1609825774.44	160000	10.179233	0.0	23702229	130	160.0
1609825774.81	160000	10.814554	0.0	27580394	150	160.0
1609825775.11	160000	11.513755	0.0	20329780	107	160.0
1609825775.36	160000	12.267879	0.0	16109183	85	160.0
1609825776.11	160000	12.515519	0.0	58830800	328	160.0
1609825776.97	160000	12.658526	0.0	66935122	419	160.0
1609825777.2	160000	13.426699	0.0	15251076	76	160.0
