1611425050.34	40000	2.001999	1.146	11954855	1000	-183.36
1611425052.42	40000	2.343914	0.133	25238199	1729	18.72
1611425053.12	40000	3.655085	0.0	8088547	554	40.0
1611425053.79	60000	5.014598	0.0	7003735	482	40.0
1611425056.48	60000	4.314545	0.0	30367840	2385	60.0
1611425059.06	60000	3.743655	0.0	26794605	2303	60.0
1611425061.04	60000	3.763029	0.0	19133407	1767	60.0
1611425063.18	110000	3.624952	0.0	25528337	1839	60.0
1611425064.51	110000	4.294368	0.0	14334576	1152	110.0
1611425070.77	110000	2.467869	2.441	32276831	6004	-280.56
1611425073.0	40000	2.409677	0.169	14762921	2049	-57.04
1611425074.09	20000	3.321929	0.0	8139807	932	0.0
1611425074.78	20000	4.638109	0.0	5227974	549	20.0
1611425077.01	20000	4.410311	0.0	21687457	2003	20.0
1611425077.43	20000	5.986857	0.0	3629543	301	20.0
1611425079.74	160000	5.682398	0.0	25605653	2025	20.0
1611425081.83	160000	5.588964	0.0	22421293	1866	160.0
1611425083.82	160000	5.603641	0.0	22469732	1756	160.0
1611425085.9	160000	5.522372	0.0	22397259	1853	160.0
1611425087.92	160000	5.513526	0.0	24249062	1769	160.0
1611425092.18	110000	3.253869	0.0	47587683	3776	60.0
1611425095.12	110000	2.357255	0.047	35525202	2641	102.48
1611425097.68	110000	2.398886	0.6	31250786	2301	14.0
1611425099.94	160000	2.183221	0.033	35151436	1952	104.72
1611425100.87	160000	3.250258	0.0	21430543	712	160.0
1611425101.56	160000	4.562942	0.0	16231263	493	160.0
1611425101.87	160000	6.260621	0.0	5636789	165	160.0
1611425102.71	160000	7.422706	0.0	22059227	615	160.0
1611425103.7	160000	8.427124	0.0	28191877	740	160.0
1611425104.56	160000	9.576585	0.0	25042796	616	160.0
1611425105.42	160000	10.713287	0.0	27281085	614	160.0
1611425106.29	160000	11.849989	0.0	29208375	612	160.0
1611425107.08	160000	13.061684	0.0	28005634	536	160.0
1611425108.25	160000	13.896751	0.0	46665385	811	160.0
1611425112.7	160000	11.445335	0.0	50358062	4068	160.0
1611425115.23	160000	10.924084	0.0	43912649	2177	160.0
1611425116.74	160000	11.410648	0.0	34250091	1208	160.0
1611425123.36	160000	6.793711	0.0	37283670	6309	160.0
1611425129.88	160000	2.275898	0.0	75230318	5837	160.0
1611425131.66	80000	2.490793	0.0	24866711	1540	0.0
1611425133.08	40000	2.001999	1.004	14901079	822	-160.64
1611425134.72	40000	2.536436	0.0	25238199	1345	40.0
1611425135.29	40000	4.04492	0.0	8088547	415	40.0
1611425136.01	80000	5.376049	0.0	10719472	521	40.0
1611425138.5	80000	4.88401	0.0	49310181	1949	80.0
1611425140.84	110000	4.546677	0.0	64057580	1797	80.0
1611425142.95	160000	4.44154	0.0	72652354	1478	110.0
1611425144.1	160000	5.292468	0.0	45807917	774	160.0
1611425144.68	160000	6.715862	0.0	23321872	348	160.0
1611425145.75	160000	7.647209	0.0	50623178	682	160.0
1611425146.77	160000	8.628525	0.0	50601822	622	160.0
1611425147.74	160000	9.665404	0.0	51548908	565	160.0
1611425148.43	160000	10.976392	0.0	36583542	391	160.0
1611425156.94	160000	4.465665	0.0	126634779	7418	160.0
1611425161.65	160000	2.48042	0.719	30885146	4450	44.959999999999994
1611425163.45	160000	2.679255	0.0	25605653	1561	160.0
1611425167.88	160000	2.452657	2.203	22421293	4224	-192.48000000000002
1611425169.53	160000	2.800497	0.0	22469732	1427	160.0
1611425171.07	160000	3.262025	0.0	22397259	1312	160.0
1611425172.23	110000	4.108062	0.0	16343051	938	60.0
1611425174.59	80000	3.747475	0.0	36190105	2065	50.0
1611425190.58	110000	2.408381	12.658	35525202	15716	-1945.28
1611425193.92	60000	2.317928	1.238	17629836	3105	-188.08
1611425195.77	60000	2.496636	0.029	11640396	1682	55.36
1611425197.19	80000	3.072059	0.0	10400554	1262	60.0
1611425198.56	110000	3.705122	0.0	10784692	1201	80.0
1611425199.0	110000	5.268694	0.0	3217684	314	110.0
1611425200.47	110000	5.800541	0.0	14465961	1292	110.0
1611425202.16	110000	6.112864	0.0	18780277	1486	110.0
1611425203.57	110000	6.700977	0.0	15875012	1222	110.0
1611425211.56	110000	2.350071	1.635	17834356	7797	-151.60000000000002
1611425212.49	60000	3.423596	0.0	9125547	770	10.0
1611425213.36	60000	4.558968	0.0	8446744	703	60.0
1611425214.79	60000	5.124779	0.0	16792289	1237	60.0
1611425216.16	60000	5.763561	0.0	18051312	1159	60.0
1611425217.25	60000	6.6742	0.0	15522226	901	60.0
1611425218.15	60000	7.784062	0.0	11985604	725	60.0
1611425220.7	160000	7.222798	0.0	37283670	2275	60.0
1611425225.1	160000	4.826387	0.0	75230318	3916	160.0
1611425227.37	160000	4.559026	0.0	49667787	1923	160.0
1611425228.52	40000	2.001999	0.659	14901079	503	-105.44
1611425230.16	160000	2.527739	0.0	44147819	1084	40.0
1611425231.12	160000	3.741868	0.0	38785859	650	160.0
1611425231.57	160000	5.316745	0.0	17658536	247	160.0
1611425233.9	160000	5.048504	0.0	100767000	1297	160.0
1611425236.18	160000	4.770306	0.0	128611905	1345	160.0
1611425237.45	160000	5.50267	0.0	72652354	751	160.0
1611425238.27	160000	6.683168	0.0	45807917	463	160.0
1611425238.75	160000	8.203958	0.0	23321872	230	160.0
1611425239.64	160000	9.317927	0.0	50623178	505	160.0
1611425240.54	160000	10.472327	0.0	50601822	506	160.0
1611425241.43	160000	11.686205	0.0	51548908	505	160.0
1611425242.1	160000	13.021543	0.0	36583542	352	160.0
1611425244.11	160000	13.01193	0.0	126634779	1205	160.0
1611425244.73	160000	14.386276	0.0	30885146	335	160.0
1611425245.22	160000	15.899131	0.0	25605653	246	160.0
1611425245.67	160000	17.450312	0.0	22421293	220	160.0
1611425246.12	160000	19.008957	0.0	22469732	216	160.0
1611425246.57	160000	20.558974	0.0	22397259	218	160.0
1611425247.04	160000	22.092015	0.0	24249062	225	160.0
1611425248.24	160000	22.889623	0.0	66035061	759	160.0
1611425249.1	160000	24.036574	0.0	48981522	453	160.0
