4 41.0
5 38.0
6 33.0
7 31.0
8 21.0
9 4.0
10 17.0
11 1.0
12 0.0
13 0.0
14 0.0
15 0.0
16 0.0
17 0.0
18 0.0
19 0.0
20 8.0
21 36.0
22 67.0
23 42.0
24 0.0
25 27.0
26 16.0
27 1.0
28 37.0
29 46.0
30 43.0
31 40.0
32 40.0
33 31.0
34 39.0
35 36.0
36 14.0
37 4.0
38 15.0
39 25.0
40 11.0
41 2.0
42 20.0
43 25.0
44 23.0
45 17.0
46 12.0
47 17.0
48 55.0
49 77.0
50 101.0
51 127.0
52 123.0
53 111.0
54 112.0
55 103.0
56 106.0
57 83.0
58 90.0
59 106.0
60 114.0
61 141.0
62 92.0
63 96.0
64 128.0
65 222.0
66 216.0
67 225.0
68 251.0
69 252.0
70 264.0
71 290.0
72 275.0
73 276.0
74 286.0
75 286.0
76 280.0
77 288.0
78 281.0
79 289.0
80 285.0
81 284.0
82 247.0
83 283.0
84 282.0
85 267.0
86 310.0
87 285.0
88 288.0
89 277.0
90 289.0
91 292.0
92 287.0
93 285.0
94 284.0
95 294.0
96 280.0
97 291.0
98 273.0
99 253.0
100 308.0
101 283.0
102 276.0
103 282.0
104 275.0
105 275.0
106 278.0
107 275.0
108 270.0
109 268.0
110 270.0
111 284.0
112 288.0
113 277.0
114 253.0
115 245.0
116 195.0
117 195.0
118 138.0
119 163.0
120 107.0
121 88.0
122 55.0
123 55.0
124 79.0
125 70.0
126 58.0
127 12.0
128 25.0
129 27.0
130 18.0
131 15.0
132 29.0
133 29.0
134 34.0
135 43.0
136 48.0
137 45.0
138 45.0
139 51.0
140 37.0
141 33.0
142 22.0
143 40.0
144 37.0
145 39.0
146 35.0
147 32.0
148 42.0
149 30.0
150 28.0
151 36.0
152 33.0
153 33.0
154 33.0
155 33.0
156 32.0
157 33.0
158 33.0
159 34.0
160 25.0
161 41.0
162 32.0
163 31.0
164 29.0
165 36.0
166 30.0
167 32.0
168 32.0
169 32.0
170 30.0
171 29.0
172 29.0
173 29.0
174 35.0
175 30.0
176 31.0
177 30.0
178 32.0
179 22.0
180 33.0
181 29.0
182 20.0
183 36.0
184 30.0
185 37.0
186 22.0
187 25.0
188 13.0
189 23.0
190 10.0
191 12.0
192 30.0
193 37.0
194 42.0
195 45.0
196 44.0
197 51.0
198 53.0
199 57.0
200 66.0
201 67.0
202 71.0
203 74.0
204 90.0
205 89.0
206 85.0
207 120.0
208 81.0
209 74.0
210 49.0
211 81.0
212 69.0
213 53.0
214 45.0
215 50.0
216 46.0
217 40.0
218 72.0
219 72.0
220 56.0
221 76.0
222 61.0
223 43.0
224 26.0
225 25.0
226 15.0
227 33.0
228 39.0
229 57.0
230 77.0
231 75.0
232 35.0
233 21.0
234 38.0
235 31.0
236 32.0
237 61.0
238 76.0
239 67.0
240 73.0
241 43.0
242 45.0
243 44.0
244 36.0
245 39.0
246 31.0
247 26.0
