0 3.0
1 3.5
2 3.0
3 2.5
4 3.0
5 2.5
6 2.5
7 2.0
8 3.0
9 4.0
10 3.5
11 3.5
12 4.0
13 4.0
14 4.0
15 3.0
16 3.5
17 4.0
18 5.0
19 6.5
20 4.0
21 3.0
22 3.0
23 3.5
24 5.0
25 5.0
26 3.0
27 2.0
28 2.5
29 2.5
30 3.0
31 3.0
32 3.0
33 3.0
34 3.5
35 4.0
36 2.5
37 2.5
38 4.0
39 4.0
40 4.5
41 5.0
42 6.0
43 7.5
44 6.0
45 2.5
46 2.0
47 5.5
48 6.0
49 3.0
50 3.5
51 4.0
52 3.0
53 2.5
54 2.0
55 2.0
56 1.5
57 2.0
58 4.0
59 3.5
60 1.5
61 2.0
62 3.0
63 2.0
64 3.0
65 5.5
66 6.0
67 4.0
68 3.0
69 4.0
70 4.5
71 5.0
72 4.0
73 1.5
74 1.5
75 6.0
76 5.5
77 2.5
78 3.0
79 4.5
80 3.5
81 2.5
82 2.5
83 3.0
84 6.5
85 6.0
86 2.5
87 2.0
88 3.0
89 4.0
90 5.0
91 4.5
92 4.5
93 5.0
94 4.5
95 2.5
96 1.0
97 1.5
98 2.5
99 3.5
100 2.5
101 0.5
102 3.0
103 6.0
104 6.0
105 5.5
106 5.5
107 6.5
108 6.5
109 5.0
110 5.5
111 7.0
112 8.0
113 9.5
114 8.5
115 10.0
116 10.5
117 7.0
118 7.5
119 10.5
120 10.5
121 9.0
122 10.0
123 9.5
124 11.0
125 10.5
126 8.0
127 8.0
128 7.5
129 7.5
130 8.0
131 11.5
132 12.5
133 10.5
134 10.5
135 8.5
136 6.0
137 7.5
138 11.0
139 12.0
140 11.0
141 11.0
142 15.5
143 17.0
144 13.0
145 11.0
146 9.0
147 14.5
148 19.0
149 20.0
150 23.5
151 20.0
152 14.0
153 13.0
154 14.5
155 17.5
156 18.5
157 18.5
158 17.5
159 16.5
160 17.0
161 16.0
162 17.5
163 18.0
164 15.5
165 15.0
166 17.0
167 17.5
168 14.5
169 13.5
170 12.5
171 15.0
172 19.0
173 21.0
174 25.5
175 25.0
176 19.5
177 22.0
178 23.0
179 19.0
180 21.0
181 24.0
182 20.0
183 17.0
184 19.5
185 21.0
186 18.0
187 18.0
188 23.5
189 24.5
190 24.0
191 22.0
192 21.5
193 24.5
194 28.5
195 31.0
196 29.0
197 28.0
198 32.5
199 29.5
200 27.0
201 26.5
202 29.0
203 33.5
204 32.0
205 30.5
206 20.0
207 25.0
208 30.0
209 26.0
210 32.5
211 30.5
212 26.5
213 24.0
214 27.5
215 34.0
216 36.0
217 35.5
218 29.0
219 31.0
220 33.5
221 34.0
222 31.0
223 26.5
224 30.0
225 23.0
226 15.5
227 15.5
228 23.5
229 24.5
230 16.5
231 21.0
232 27.0
233 24.5
234 20.5
235 22.0
236 28.5
237 30.0
238 29.0
239 33.0
240 35.0
241 26.0
242 19.0
243 16.0
244 23.5
245 26.5
246 15.0
247 18.5
248 23.0
249 20.5
250 17.5
251 13.5
252 14.5
253 15.5
254 15.0
255 12.5
256 13.5
257 20.5
258 23.5
259 23.0
260 21.0
261 21.0
262 21.0
263 19.5
264 19.5
265 17.5
266 20.5
267 24.5
268 24.0
269 18.5
270 8.5
271 9.5
272 22.0
273 21.0
274 13.0
275 16.5
276 20.5
277 26.0
279 35.0
280 28.0
281 22.0
282 20.0
283 11.0
284 23.0
285 19.0
286 20.0
287 16.0
288 24.0
289 10.0
290 11.0
291 19.0
292 15.0
293 14.0
294 15.0
295 15.0
296 10.0
297 17.0
298 9.0
299 9.0
300 12.0
301 9.0
302 6.0
303 12.0
304 11.0
305 11.0
306 10.0
307 5.0
308 8.0
309 11.0
310 8.0
311 4.0
312 12.0
313 12.0
314 12.0
315 11.0
316 14.0
317 11.0
318 5.0
319 5.0
320 5.0
321 5.0
322 6.0
323 2.0
324 2.0
325 3.0
326 4.0
327 4.0
328 4.0
329 4.0
330 3.0
331 2.0
332 3.0
333 2.0
334 2.0
335 2.0
336 3.0
337 2.0
338 2.0
339 2.0
340 2.0
341 2.0
342 4.0
343 1.0
344 3.0
345 4.0
346 5.0
347 4.0
348 2.0
349 5.0
350 4.0
351 6.0
352 6.0
353 8.0
354 7.0
355 1.0
356 10.0
357 5.0
358 8.0
359 4.0
360 7.0
361 7.0
362 4.0
363 9.0
364 8.0
365 7.0
366 8.0
367 13.0
368 10.0
369 4.0
370 14.0
371 6.0
372 3.0
373 8.0
374 10.0
375 10.0
376 14.0
377 7.0
378 7.0
379 7.0
380 4.0
381 9.0
382 14.0
383 11.0
384 13.0
385 11.0
386 11.0
387 10.0
388 9.0
389 4.0
390 9.0
391 9.0
392 5.0
393 6.0
394 2.0
395 3.0
396 5.0
397 9.0
398 9.0
399 6.0
400 7.0
401 4.0
402 3.0
403 9.0
404 4.0
405 9.0
406 10.0
407 7.0
408 4.0
409 9.0
410 9.0
411 13.0
412 16.0
413 17.0
414 18.0
415 23.0
416 19.0
417 18.0
418 18.0
419 25.0
420 17.0
421 25.0
422 34.0
423 22.0
424 23.0
425 27.0
426 26.0
427 16.0
428 38.0
429 23.0
430 27.0
431 36.0
432 41.0
433 39.0
434 36.0
435 35.0
436 34.0
437 28.0
438 23.0
439 22.0
440 37.0
441 27.0
442 32.0
443 25.0
444 23.0
445 16.0
446 27.0
447 23.0
448 14.0
449 18.0
450 27.0
451 22.0
452 25.0
453 24.0
454 30.0
455 23.0
456 23.0
457 31.0
458 43.0
459 29.0
460 31.0
461 23.0
462 35.0
463 20.0
464 30.0
465 28.0
466 8.0
467 13.0
468 16.0
469 20.0
470 18.0
471 23.0
472 14.0
473 8.0
474 16.0
475 16.0
476 13.0
477 17.0
478 19.0
479 24.0
480 25.0
481 12.0
482 10.0
483 12.0
484 11.0
485 19.0
486 14.0
487 28.0
488 30.0
489 22.0
490 30.0
491 27.0
492 31.0
493 24.0
494 32.0
495 35.0
496 24.0
497 19.0
498 21.0
499 21.0
500 27.0
501 32.0
502 30.0
503 23.0
504 21.0
505 24.0
506 24.0
507 25.0
508 26.0
509 34.0
510 15.0
511 40.0
512 29.0
513 31.0
514 29.0
515 31.0
516 18.0
517 32.0
518 27.0
519 13.0
520 2.0
521 16.0
522 4.0
523 9.0
524 6.0
525 9.0
526 4.0
527 3.0
528 13.0
529 12.0
530 4.0
531 7.0
532 6.0
533 7.0
534 6.0
535 5.0
536 9.0
537 6.0
538 6.0
539 9.0
540 8.0
541 3.0
542 3.0
543 3.0
544 4.0
545 4.0
546 6.0
547 4.0
548 3.0
549 5.0
550 3.0
551 2.0
552 4.0
553 3.0
554 2.0
555 2.0
556 3.0
557 3.5
558 3.0
559 3.0
560 2.5
561 3.5
562 5.5
563 5.5
564 5.5
565 7.5
566 9.5
567 9.5
568 8.5
569 9.0
570 9.0
571 11.0
572 10.5
573 8.0
574 9.5
575 12.0
576 18.0
577 29.5
578 42.0
579 40.0
580 31.0
581 28.5
582 30.5
583 41.5
584 46.0
585 50.5
586 55.5
587 50.5
588 47.0
589 55.5
590 55.5
591 53.5
592 62.0
593 60.0
594 58.5
595 54.0
596 54.0
597 47.5
598 37.0
599 40.0
600 43.0
601 41.5
602 45.5
603 51.0
604 52.0
605 52.0
606 55.0
607 54.0
608 44.0
609 47.0
610 54.5
611 48.5
612 37.5
613 37.5
614 43.5
615 41.5
616 41.5
617 45.5
618 49.5
619 56.0
620 53.5
621 50.0
622 45.0
623 51.5
624 53.5
625 34.5
626 29.0
627 39.0
628 36.5
629 36.5
630 51.5
631 67.0
632 82.0
633 90.5
634 86.5
635 80.5
636 81.0
637 78.5
638 72.5
639 57.0
640 55.5
641 54.0
642 60.0
643 67.5
644 52.0
645 47.5
646 38.5
647 45.5
648 54.0
649 49.5
650 38.0
651 21.5
652 23.0
653 24.0
654 17.5
655 13.5
656 19.5
657 23.5
658 16.5
659 9.5
660 16.5
661 21.5
662 16.0
663 15.0
664 17.5
665 13.0
666 9.0
667 14.5
668 20.0
669 22.0
670 32.5
671 39.5
672 32.0
673 24.5
674 23.5
675 19.0
676 11.5
677 13.0
678 14.5
679 13.0
680 13.0
681 10.0
682 11.0
683 13.5
684 13.0
685 14.0
686 13.5
687 20.5
688 27.5
689 31.5
690 32.5
691 31.5
692 38.0
693 41.0
694 39.5
695 41.5
696 37.0
697 31.0
698 30.5
699 21.5
700 16.5
701 15.5
702 18.5
703 18.0
704 13.5
705 11.5
706 9.5
707 8.5
708 7.0
709 9.0
710 9.0
711 7.5
712 8.5
713 10.0
714 12.0
715 12.5
716 10.0
717 7.0
718 5.5
719 6.0
720 9.5
721 10.5
722 10.5
723 13.0
724 13.0
725 13.0
726 12.0
727 9.5
728 11.0
729 13.5
730 11.0
731 10.5
732 9.5
733 7.5
734 9.5
735 11.5
736 10.0
737 9.0
738 6.5
739 4.0
740 6.0
741 6.5
742 6.0
743 4.5
744 4.5
745 5.5
746 5.0
747 4.5
748 4.0
749 4.0
750 4.5
751 4.5
752 3.0
753 2.0
754 2.0
755 2.5
756 3.0
757 2.0
758 2.0
759 3.0
760 3.0
761 2.5
762 2.0
763 3.0
764 3.5
765 3.0
766 3.0
767 2.5
768 2.5
769 2.5
770 3.0
771 3.5
772 3.5
773 3.0
774 3.0
775 4.0
776 3.5
777 3.0
778 3.0
779 2.5
780 3.0
781 3.0
782 2.5
783 3.0
784 3.0
785 3.0
786 3.0
787 2.0
788 1.0
789 0.5
790 1.0
791 2.0
792 2.5
793 2.5
794 1.5
795 1.0
796 0.5
797 1.0
798 1.0
799 39.5
