0 68.0
1 59.0
2 65.0
3 40.0
4 36.0
5 42.0
6 68.0
7 64.0
8 69.0
9 46.0
10 30.0
11 40.0
12 18.0
13 24.0
14 23.0
15 56.0
16 85.0
17 96.0
18 102.0
19 79.0
20 73.0
21 123.0
22 62.0
23 47.0
24 70.0
25 79.0
26 69.0
27 45.0
28 40.0
29 32.0
30 75.0
31 27.0
32 146.0
33 140.0
34 82.0
35 95.0
36 48.0
37 66.0
38 52.0
39 22.0
40 2.0
41 32.0
42 38.0
43 72.0
44 41.0
45 12.0
46 41.0
47 36.0
48 33.0
49 41.0
50 49.0
51 47.0
52 49.0
53 55.0
54 58.0
55 54.0
56 68.0
57 76.0
58 87.0
59 55.0
60 57.0
61 105.0
62 36.0
63 85.0
64 118.0
65 162.0
66 222.0
67 246.0
68 229.0
69 196.0
70 173.0
71 65.0
72 75.0
73 68.0
74 18.0
75 19.0
76 15.0
77 3.0
78 43.0
79 32.0
80 46.0
81 16.0
82 34.0
83 32.0
84 55.0
85 83.0
86 103.0
87 129.0
88 93.0
89 104.0
90 72.0
91 35.0
92 21.0
93 53.0
94 52.0
95 62.0
96 85.0
97 83.0
98 84.0
99 87.0
100 86.0
101 87.0
102 88.0
103 83.0
104 79.0
105 77.0
106 72.0
107 72.0
108 51.0
109 62.0
110 73.0
111 34.0
112 86.0
113 63.0
114 29.0
115 53.0
116 42.0
117 23.0
118 28.0
119 8.0
120 5.0
121 10.0
122 6.0
123 21.0
124 28.0
125 31.0
126 30.0
127 38.0
128 33.0
129 34.0
130 41.0
131 41.0
132 56.0
133 46.0
134 32.0
135 25.0
136 44.0
137 47.0
138 36.0
139 22.0
140 39.0
141 28.0
142 22.0
143 32.0
144 30.0
145 29.0
146 28.0
147 25.0
148 27.0
149 24.0
150 33.0
151 25.0
152 13.0
153 22.0
154 23.0
155 23.0
156 20.0
157 18.0
158 19.0
159 21.0
160 13.0
161 8.0
162 11.0
163 4.0
164 4.0
165 7.0
166 8.0
167 6.0
168 7.0
169 5.0
170 4.0
171 4.0
172 4.0
173 5.0
174 2.0
175 6.0
176 5.0
177 6.0
178 6.0
179 4.0
180 5.0
181 6.0
182 5.0
183 6.0
184 2.0
185 7.0
186 6.0
187 5.0
188 2.0
189 5.0
190 4.0
191 2.0
192 4.0
193 4.0
194 4.0
195 4.0
196 4.0
197 5.0
198 3.0
199 5.0
200 3.0
201 3.0
202 3.0
203 5.0
204 5.0
205 5.0
206 5.0
207 5.0
208 3.0
209 5.0
210 5.0
211 3.0
212 4.0
213 2.0
214 2.0
215 2.0
216 2.0
217 1.0
218 2.0
219 1.0
220 0.0
221 0.0
222 0.0
223 0.0
224 4.0
225 4.0
226 3.0
227 6.0
228 5.0
229 5.0
230 3.0
231 7.0
232 9.0
233 9.0
234 7.0
235 7.0
236 9.0
237 9.0
238 7.0
239 7.0
240 9.0
241 4.0
242 4.0
243 5.0
244 5.0
245 5.0
246 30.0
247 54.0
248 63.0
249 68.0
