0 61.5
1 63.5
2 57.0
3 58.0
4 74.5
5 83.0
6 82.0
7 95.0
8 80.5
9 64.5
10 78.0
11 92.0
12 102.0
13 98.0
14 87.0
15 78.5
16 55.5
17 67.5
18 88.5
19 94.5
20 117.0
21 132.0
22 153.5
23 180.0
24 192.5
25 192.0
26 176.5
27 148.0
28 141.5
29 149.5
30 154.0
31 152.0
32 141.5
33 140.5
34 151.0
35 143.5
36 137.5
37 143.5
38 144.5
39 147.5
40 138.5
41 120.0
42 101.0
43 73.0
44 62.0
45 71.5
46 93.5
47 98.5
48 83.5
49 76.0
50 66.5
51 78.0
52 86.0
53 82.5
54 74.5
55 69.5
56 70.0
57 41.5
58 26.5
59 40.5
60 54.5
61 70.5
62 81.0
63 73.5
64 68.0
65 76.0
66 76.0
67 78.0
68 89.5
69 103.0
70 107.5
71 99.0
72 110.5
73 108.5
74 126.0
75 149.5
76 127.0
77 122.0
78 117.0
79 103.0
80 101.0
81 105.5
82 93.0
83 61.0
84 88.0
85 112.5
86 90.5
87 97.5
88 98.0
89 91.0
90 108.0
91 100.0
92 57.5
93 77.0
94 120.0
95 119.0
96 116.5
97 114.0
98 109.0
99 108.0
100 101.5
101 102.0
102 117.5
103 134.0
104 140.5
105 123.5
106 110.5
107 117.5
108 117.5
109 111.5
110 97.5
111 77.5
112 91.0
113 91.0
114 76.5
115 70.5
116 68.5
117 72.0
118 56.5
119 55.0
120 67.0
121 72.0
122 62.5
123 57.0
124 55.5
125 51.0
126 48.5
127 50.0
128 54.0
129 55.0
130 55.0
131 50.0
132 48.5
133 50.0
134 45.5
135 49.5
136 59.0
137 42.5
138 15.5
139 13.0
140 21.5
141 21.5
142 17.0
143 21.5
144 19.5
145 16.5
146 13.5
147 6.0
148 4.0
149 2.5
150 1.5
151 3.0
152 9.5
153 11.0
154 10.5
155 12.0
156 12.0
157 10.5
158 5.5
159 14.5
160 29.5
161 33.0
162 38.5
163 37.0
164 25.5
165 15.0
166 20.5
167 22.5
168 8.0
169 12.0
170 15.0
171 10.0
172 13.0
173 15.5
174 18.0
175 23.0
176 29.0
177 34.5
178 39.5
179 41.5
180 39.5
181 41.0
182 44.0
183 44.0
184 44.0
185 47.5
186 49.0
187 44.5
188 37.5
189 39.5
190 47.5
191 49.5
192 52.5
193 57.0
194 54.0
195 46.5
196 47.5
197 58.0
198 62.5
199 55.5
200 52.0
201 42.5
202 35.5
203 43.0
204 44.5
205 37.5
206 38.5
207 43.0
208 44.0
209 56.0
210 64.0
211 58.5
212 64.0
213 69.0
214 60.5
215 54.0
216 51.5
217 36.5
218 38.0
219 57.0
220 62.0
221 57.5
222 46.0
223 47.0
224 46.5
225 43.0
226 39.5
227 44.0
228 39.5
229 33.5
230 31.0
231 29.5
232 37.0
233 24.0
234 25.0
235 31.0
236 38.5
237 63.5
238 72.5
239 72.5
240 74.0
241 76.5
242 84.5
243 88.0
244 85.0
245 84.5
246 86.5
247 83.5
248 80.5
249 72.5
250 62.0
251 49.0
252 54.0
253 62.0
254 62.0
255 61.0
256 50.5
257 53.0
258 48.0
259 46.5
260 48.5
261 34.0
262 42.0
263 65.0
264 73.0
265 83.0
266 86.5
267 79.5
268 80.0
269 77.5
270 68.5
271 69.5
272 71.0
273 61.0
274 58.5
275 59.0
276 50.0
277 52.0
278 54.0
279 47.0
280 57.0
282 54.0
283 53.0
284 51.0
285 43.0
286 48.0
287 33.0
288 38.0
289 37.0
290 28.0
291 31.0
292 43.0
293 40.0
294 43.0
295 44.0
296 44.0
297 35.0
298 27.0
299 30.0
300 41.0
301 34.0
302 39.0
303 21.0
304 47.0
305 27.0
306 14.0
307 21.0
308 15.0
309 17.0
310 21.0
311 19.0
312 29.0
313 24.0
314 20.0
315 20.0
316 32.0
317 43.0
318 35.0
319 34.0
320 33.0
321 35.0
322 34.0
323 13.0
324 15.0
325 5.0
326 2.0
327 9.0
328 12.0
329 64.0
330 54.0
331 52.0
332 48.0
333 48.0
334 53.0
335 58.0
336 57.0
337 30.0
338 56.0
339 56.0
340 27.0
341 43.0
342 55.0
343 46.0
344 27.0
345 62.0
346 49.0
347 41.0
348 41.0
349 58.0
350 66.0
351 49.0
352 53.0
353 44.0
354 46.0
355 32.0
356 38.0
357 50.0
358 42.0
359 39.0
360 34.0
361 56.0
362 24.0
363 49.0
364 50.0
365 53.0
366 30.0
367 48.0
368 52.0
369 77.0
370 85.0
371 74.0
372 80.0
373 57.0
374 66.0
375 83.0
376 93.0
377 90.0
378 81.0
379 52.0
380 63.0
381 89.0
382 82.0
383 84.0
384 73.0
385 49.0
386 64.0
387 101.0
388 87.0
389 80.0
390 37.0
391 77.0
392 69.0
393 42.0
394 57.0
395 62.0
396 80.0
397 89.0
398 87.0
399 92.0
400 66.0
401 42.0
402 63.0
403 80.0
404 92.0
405 77.0
406 65.0
407 43.0
408 91.0
409 84.0
410 85.0
411 80.0
412 85.0
413 87.0
414 88.0
415 88.0
416 80.0
417 74.0
418 15.0
419 94.0
420 98.0
421 97.0
422 104.0
423 110.0
424 105.0
425 106.0
426 123.0
427 107.0
428 94.0
429 88.0
430 66.0
431 43.0
432 75.0
433 61.0
434 69.0
435 77.0
436 83.0
437 79.0
438 44.0
439 40.0
440 68.0
441 76.0
442 67.0
443 49.0
444 41.0
445 68.0
446 45.0
447 50.0
448 25.0
449 40.0
450 40.0
451 15.0
452 29.0
453 5.0
454 1.0
455 1.0
456 3.0
457 5.0
458 6.0
459 11.0
460 21.0
461 20.0
462 14.0
463 20.0
464 18.0
465 19.0
466 26.0
467 26.0
468 32.0
469 19.0
470 32.0
471 27.0
472 25.0
473 28.0
474 28.0
475 25.0
476 15.0
477 29.0
478 23.0
479 19.0
480 17.0
481 26.0
482 16.0
483 25.0
484 21.0
485 22.0
486 23.0
487 22.0
488 19.0
489 22.0
490 20.0
491 25.0
492 17.0
493 23.0
494 26.0
495 20.0
496 28.0
497 22.0
498 23.0
499 8.0
500 2.0
501 8.0
502 14.0
503 7.0
504 18.0
505 11.0
506 13.0
507 11.0
508 11.0
509 9.0
510 10.0
511 8.0
512 11.0
513 9.0
514 6.0
515 9.0
516 6.0
517 11.0
518 6.0
519 6.0
520 7.0
521 10.0
522 5.0
523 5.0
524 8.0
525 6.0
526 9.0
527 6.0
528 8.0
529 7.0
530 8.0
531 8.0
532 5.0
533 7.0
534 7.0
535 4.0
536 5.0
537 5.0
538 3.0
539 8.0
540 5.0
541 5.0
542 4.0
543 3.0
544 7.0
545 4.0
546 2.0
547 4.0
548 6.0
549 7.0
550 7.0
551 6.0
552 11.0
553 11.0
554 7.0
555 9.0
556 9.0
557 7.0
558 13.0
559 6.0
560 11.0
561 9.0
562 14.0
563 14.0
564 19.0
565 24.0
566 22.0
567 21.0
568 24.0
569 17.0
570 36.0
571 33.0
572 20.0
573 24.0
574 32.0
575 32.0
576 34.0
577 39.0
578 35.0
579 36.0
580 32.0
581 26.0
582 39.0
583 40.0
584 30.0
585 32.0
586 44.0
587 38.0
588 28.0
589 27.0
590 34.0
591 20.0
592 25.0
593 22.0
594 24.0
595 15.0
596 13.0
597 9.0
598 16.0
599 30.0
600 23.0
601 23.0
602 26.0
603 12.0
604 19.0
605 26.0
606 24.0
607 24.0
608 25.0
609 23.0
610 17.0
611 28.0
612 24.0
613 26.0
614 30.0
615 32.0
616 36.0
617 28.0
618 30.0
619 38.0
620 37.0
621 34.0
622 35.0
623 38.0
624 39.0
625 34.0
626 34.0
627 28.0
628 41.0
629 27.0
630 38.0
631 22.0
632 35.0
633 28.0
634 26.0
635 29.0
636 34.0
637 27.0
638 27.0
639 25.0
640 23.0
641 25.0
642 25.0
643 28.0
644 36.0
645 31.0
646 21.0
647 34.0
648 29.0
649 31.0
650 12.0
651 16.0
652 18.0
653 15.0
654 21.0
655 17.0
656 15.0
657 17.0
658 12.0
659 15.0
660 13.0
661 21.0
662 19.0
663 10.0
664 18.0
665 7.0
666 18.0
667 15.0
668 16.0
669 15.0
670 10.0
671 16.0
672 15.0
673 18.0
674 11.0
675 15.0
676 12.0
677 21.0
678 17.0
679 7.0
680 9.0
681 13.0
682 13.0
683 8.0
684 14.0
685 14.0
686 11.0
687 18.0
688 9.0
689 15.0
690 12.0
691 10.0
692 15.0
693 11.0
694 10.0
695 10.0
696 13.0
697 6.0
698 14.0
699 7.0
700 12.0
701 12.0
702 13.0
703 11.0
704 8.0
705 6.0
706 7.0
707 3.0
708 6.0
709 5.0
710 6.0
711 4.0
712 6.0
713 4.0
714 5.0
715 4.0
716 5.0
717 5.0
718 8.0
719 5.0
720 8.0
721 5.0
722 5.0
723 4.0
724 5.0
725 8.0
726 8.0
727 5.0
728 2.0
729 3.0
730 4.0
731 4.0
732 4.0
733 2.0
734 3.0
735 5.0
736 4.0
737 4.0
738 4.0
739 3.0
740 6.0
741 3.0
742 2.0
743 2.0
744 2.0
745 4.0
746 4.0
747 3.0
748 4.0
749 7.0
750 3.0
751 1.0
752 3.0
753 7.0
754 8.0
755 37.0
756 48.0
757 46.0
758 47.0
759 55.0
760 59.0
761 64.0
762 58.0
763 26.0
764 68.0
765 46.0
766 40.0
767 50.0
768 43.0
769 46.0
770 47.0
771 55.0
772 56.0
773 50.0
774 47.0
775 31.0
776 54.0
777 22.0
778 22.0
779 42.0
780 53.0
781 32.0
782 46.0
783 30.0
784 39.0
785 38.0
786 36.0
787 29.0
788 39.0
789 37.0
790 44.0
791 33.0
792 44.0
793 41.0
794 43.0
795 25.0
796 42.0
797 32.0
