0 7.5
1 7.0
2 11.0
3 13.0
5 12.0
6 14.0
7 13.0
8 20.0
9 19.0
10 20.0
11 29.0
12 4.0
13 3.0
14 39.0
15 34.0
16 49.0
17 38.0
18 31.0
19 37.0
20 38.0
21 38.0
22 34.0
23 48.0
24 62.0
25 51.0
26 23.0
27 43.0
28 53.0
29 58.0
30 18.0
31 13.0
32 11.0
33 36.0
34 5.0
35 41.0
36 14.0
37 12.0
38 15.0
39 13.0
40 13.0
41 25.0
42 13.0
43 24.0
44 32.0
45 34.0
46 33.0
47 38.0
48 26.0
49 19.0
50 22.0
51 45.0
52 34.0
53 50.0
54 58.0
55 48.0
56 32.0
57 31.0
58 20.0
59 21.0
60 31.0
61 10.0
62 19.0
63 28.0
64 8.0
65 13.0
66 10.0
67 16.0
68 20.0
69 56.0
70 61.0
71 31.0
72 21.0
73 51.0
74 63.0
75 30.0
76 29.0
77 26.0
78 22.0
79 13.0
80 16.0
81 26.0
82 9.0
83 10.0
84 16.0
85 15.0
86 14.0
87 19.0
88 20.0
89 46.0
90 37.0
91 25.0
92 27.0
93 24.0
94 16.0
95 6.0
96 14.0
97 33.0
98 48.0
99 42.0
100 69.0
101 84.0
102 93.0
103 85.0
104 86.0
105 71.0
106 97.0
107 131.0
108 131.0
109 139.0
110 46.0
111 94.0
112 21.0
113 61.0
114 11.0
115 28.0
116 46.0
117 64.0
118 108.0
119 166.0
120 107.0
121 113.0
122 50.0
123 79.0
124 80.0
125 87.0
126 102.0
127 100.0
128 103.0
129 107.0
130 87.0
131 70.0
132 66.0
133 65.0
134 82.0
135 85.0
136 105.0
137 97.0
138 106.0
139 103.0
140 102.0
141 61.0
142 109.0
143 51.0
144 78.0
145 75.0
146 38.0
147 61.0
148 47.0
149 45.0
150 20.0
151 62.0
152 54.0
153 31.0
154 42.0
155 37.0
156 68.0
157 71.0
158 61.0
159 44.0
160 35.0
161 36.0
162 40.0
163 51.0
164 50.0
165 30.0
166 33.0
167 26.0
168 37.0
169 25.0
170 31.0
171 14.0
172 20.0
173 12.0
174 3.0
175 25.0
176 14.0
177 15.0
178 15.0
179 9.0
180 19.0
181 13.0
182 11.0
183 15.0
184 5.0
185 14.0
186 11.0
187 11.0
188 13.0
189 7.0
190 15.0
191 14.0
192 14.0
193 14.0
194 12.0
195 12.0
196 17.0
197 14.0
198 8.0
199 18.0
200 8.0
201 13.0
202 14.0
203 17.0
204 9.0
205 3.0
206 14.0
207 15.0
208 14.0
209 9.0
210 5.0
211 14.0
212 12.0
213 12.0
214 13.0
215 14.0
216 13.0
217 9.0
218 5.0
219 15.0
220 6.0
221 7.0
222 3.0
223 6.0
224 7.0
225 5.0
226 7.0
227 2.0
228 4.0
229 2.0
230 1.0
231 1.0
232 2.0
233 2.0
234 3.0
235 2.0
236 2.0
237 1.0
238 2.0
239 1.0
240 2.0
241 1.0
242 1.0
243 2.0
244 1.0
245 1.0
246 1.0
247 2.0
248 2.0
249 3.0
250 1.0
251 0.0
252 2.0
253 1.0
254 3.0
255 2.0
256 1.0
257 1.0
258 3.0
259 3.0
260 2.0
261 2.0
262 2.0
263 3.0
264 3.0
265 1.0
266 1.0
267 1.0
268 3.0
269 2.0
270 0.0
271 2.0
272 4.0
273 4.0
274 1.0
275 0.0
276 3.0
277 7.0
277 6.5
278 4.5
279 3.0
280 5.0
281 7.5
282 9.0
283 7.0
284 3.5
285 3.5
286 5.0
287 5.0
288 5.0
289 4.5
290 3.0
291 3.5
292 4.5
293 5.5
294 5.0
295 3.0
296 3.5
297 4.5
298 4.5
299 5.5
300 7.5
301 6.5
302 5.0
303 6.5
304 8.5
305 6.5
306 4.5
307 5.0
308 5.0
309 4.5
310 4.0
311 9.0
312 15.5
313 20.0
314 22.0
315 23.0
316 23.5
317 21.5
318 24.5
319 26.0
320 15.5
321 19.5
322 22.5
323 15.0
324 16.5
325 14.0
326 13.5
327 11.0
328 10.5
329 11.5
330 11.0
331 14.5
332 13.0
333 10.0
334 10.0
335 15.0
336 18.5
337 17.5
338 15.5
339 15.5
340 20.0
341 18.5
342 15.5
343 17.5
344 18.5
345 15.0
346 13.0
347 12.0
348 10.0
349 14.0
350 15.5
351 13.0
352 9.0
353 6.5
354 9.0
355 7.0
356 3.5
357 8.0
358 11.0
359 10.0
360 10.0
361 9.0
362 6.5
363 10.0
364 9.5
365 5.5
366 5.5
367 6.5
368 8.0
369 5.0
370 4.0
371 5.0
372 4.0
373 3.0
374 4.0
375 5.0
376 6.0
377 6.0
378 5.5
379 7.0
380 8.0
381 11.0
382 10.5
383 11.5
384 21.0
385 21.0
386 11.0
387 5.5
388 4.5
389 4.5
390 5.5
391 8.5
392 9.5
393 9.5
394 17.0
395 21.0
396 20.5
397 19.0
398 16.0
399 13.5
400 12.5
401 10.5
402 12.0
403 16.0
404 12.5
405 11.5
406 13.0
407 15.0
408 12.0
409 10.0
410 10.5
411 9.5
412 8.0
413 7.0
414 7.0
415 4.0
416 4.5
417 7.0
418 5.5
419 4.0
420 5.0
421 3.5
422 2.5
423 3.0
424 3.0
425 3.0
426 3.5
427 3.5
428 3.0
429 3.0
430 2.5
431 2.5
432 3.5
433 3.5
434 3.0
435 2.0
436 1.5
437 2.5
438 3.0
439 2.5
440 1.5
441 1.5
442 1.5
443 1.5
444 1.5
445 0.5
446 1.0
447 2.0
448 2.5
449 2.0
450 1.5
451 1.5
452 1.5
453 2.0
454 1.5
455 1.5
456 1.5
457 1.5
458 2.0
459 2.0
460 1.5
461 1.5
462 2.5
463 3.5
464 3.0
465 2.0
466 1.5
467 2.0
468 3.0
469 3.0
470 2.5
471 2.0
472 2.5
473 3.0
474 3.5
475 3.5
476 2.5
477 3.0
478 4.0
479 3.5
480 2.5
481 3.5
482 4.0
483 3.0
484 4.5
485 5.0
486 5.0
487 6.5
488 5.5
489 7.5
490 9.5
491 7.0
492 6.5
493 6.0
494 15.0
495 24.5
496 23.0
497 24.0
498 23.5
499 17.0
500 14.0
501 9.5
502 8.0
503 14.0
504 10.0
505 8.0
506 10.0
507 8.5
508 5.5
509 5.5
510 7.5
511 7.0
512 9.5
513 11.0
514 11.0
515 11.5
516 12.5
517 15.5
518 12.0
519 9.5
520 12.0
521 10.5
522 9.5
523 9.0
524 9.0
525 9.5
526 9.5
527 9.5
528 11.0
529 8.5
530 8.5
531 9.5
532 8.0
533 10.0
534 9.5
535 9.5
536 10.0
537 9.0
538 21.0
539 33.0
540 27.0
541 17.0
542 11.0
543 11.0
544 13.5
545 14.0
546 11.0
547 11.0
548 11.5
549 11.5
550 7.5
551 3.0
552 8.0
553 6.5
554 2.5
555 7.0
556 7.5
557 3.0
558 7.0
559 10.5
560 9.5
561 9.5
562 8.0
563 6.5
564 8.0
565 7.5
566 8.5
567 12.0
568 8.5
569 4.0
570 7.0
571 9.5
572 7.5
573 6.5
574 7.0
575 5.5
576 5.0
577 7.0
578 6.0
579 5.5
580 6.5
581 6.5
582 7.0
583 5.5
584 7.5
585 11.0
586 11.5
587 15.0
588 22.0
589 30.5
590 33.0
591 27.5
592 20.5
593 21.5
594 28.5
595 25.5
596 13.5
597 6.5
598 5.0
599 4.5
600 5.0
601 6.0
602 4.5
603 8.5
604 10.0
605 7.0
606 6.5
607 5.0
608 6.5
609 8.0
610 6.5
611 8.0
612 13.5
613 12.5
614 7.0
615 7.0
616 7.5
617 6.0
618 4.5
619 6.0
620 9.5
621 8.5
622 6.0
623 4.0
624 4.5
625 4.0
626 6.5
627 11.5
628 9.0
629 6.0
630 9.5
631 12.0
632 11.5
633 12.0
634 14.5
635 10.0
636 7.0
637 7.5
638 8.0
639 10.0
640 7.0
641 6.5
642 7.5
643 8.5
644 9.5
645 6.5
646 4.0
647 4.5
648 3.5
649 3.5
650 4.5
651 4.5
652 4.5
653 3.5
654 2.0
655 4.0
656 5.5
657 5.5
658 6.5
659 5.0
660 3.0
661 4.5
662 3.5
663 1.0
664 2.0
665 2.0
666 2.5
667 3.5
668 2.5
669 4.5
670 6.0
671 5.0
672 4.5
673 3.0
674 2.5
675 3.5
676 5.0
677 5.5
678 4.5
679 4.5
680 4.0
681 3.0
682 3.0
683 2.5
684 2.0
685 2.5
686 3.0
687 3.5
688 3.5
689 3.0
690 3.0
691 3.0
692 3.5
693 4.0
694 3.5
695 3.0
696 3.5
697 4.0
698 3.0
699 3.0
700 4.5
701 4.5
702 2.5
703 1.5
704 2.0
705 1.5
706 1.0
707 2.0
708 3.0
709 3.0
710 4.0
711 4.5
712 4.0
713 4.0
714 3.5
715 2.5
716 1.5
717 1.5
718 2.5
719 3.5
720 3.5
721 2.5
722 2.5
723 3.0
724 3.0
725 2.5
726 2.0
727 2.5
728 2.0
729 2.5
730 3.5
731 2.0
732 2.0
733 2.5
734 2.5
735 2.5
736 1.5
737 2.0
738 4.0
739 4.0
740 2.5
741 2.0
742 3.0
743 2.5
744 0.5
745 0.5
746 1.0
747 1.5
748 1.5
749 1.5
750 1.5
751 0.5
752 1.0
753 1.5
754 1.0
755 1.0
756 1.0
757 1.0
758 1.5
759 1.0
760 0.5
761 1.0
762 1.5
763 1.5
764 1.5
765 2.5
766 3.0
767 3.0
768 2.5
769 2.0
770 2.5
771 3.0
772 3.0
773 2.5
774 2.0
775 2.0
776 1.5
777 1.0
778 1.0
779 1.0
780 1.5
781 1.0
782 0.5
783 1.5
784 2.0
785 1.5
786 1.5
787 1.5
788 1.0
789 1.0
790 0.5
791 0.5
792 1.0
793 1.0
794 0.5
795 0.5
796 0.5
797 5.0
798 16.0
799 35.5
