0 60.0
1 51.0
2 76.0
3 71.0
4 67.0
5 29.0
6 30.0
7 51.0
8 77.0
9 69.0
10 67.0
11 57.0
12 26.0
13 31.0
14 29.0
15 30.0
16 18.0
17 15.0
18 29.0
19 46.0
20 58.0
21 67.0
22 85.0
23 121.0
24 91.0
25 83.0
26 88.0
27 89.0
28 68.0
29 64.0
30 67.0
31 108.0
32 101.0
33 87.0
34 49.0
35 2.0
36 0.0
37 79.0
38 74.0
39 0.0
40 18.0
41 54.0
42 54.0
43 44.0
44 41.0
45 32.0
46 45.0
47 31.0
48 27.0
49 39.0
50 29.0
51 9.0
52 42.0
53 28.0
54 37.0
55 29.0
56 25.0
57 20.0
58 25.0
59 18.0
60 21.0
61 41.0
62 39.0
63 22.0
64 22.0
65 27.0
66 23.0
67 24.0
68 40.0
69 63.0
70 55.0
71 56.0
72 36.0
73 81.0
74 12.0
75 32.0
76 5.0
77 19.0
78 2.0
79 15.0
80 26.0
81 20.0
82 36.0
83 29.0
84 35.0
85 28.0
86 32.0
87 27.0
88 24.0
89 23.0
90 21.0
91 17.0
92 9.0
93 1.0
94 5.0
95 24.0
96 13.0
97 17.0
98 18.0
99 34.0
100 37.0
101 44.0
102 42.0
103 41.0
104 38.0
105 31.0
106 40.0
107 34.0
108 34.0
109 10.0
110 27.0
111 18.0
112 25.0
113 4.0
114 6.0
115 14.0
116 24.0
117 41.0
118 24.0
119 9.0
120 13.0
121 18.0
122 19.0
123 14.0
124 5.0
125 17.0
126 13.0
127 5.0
128 7.0
129 25.0
130 27.0
131 39.0
132 43.0
133 50.0
134 32.0
135 22.0
136 29.0
137 46.0
138 44.0
139 54.0
140 60.0
141 66.0
142 62.0
143 78.0
144 84.0
145 53.0
146 72.0
147 121.0
148 112.0
149 102.0
150 106.0
151 69.5
152 40.0
153 42.5
154 64.0
155 42.0
156 13.5
157 17.0
158 25.5
159 28.5
160 37.5
161 42.0
162 39.5
163 35.5
164 28.5
165 42.0
166 63.0
167 68.5
168 68.0
169 67.0
170 75.5
171 64.5
172 35.0
173 37.5
174 37.5
175 17.5
176 20.5
177 29.0
178 21.0
179 9.0
180 3.0
181 15.5
182 28.0
183 47.0
184 71.5
185 82.0
186 73.0
187 44.5
188 44.5
189 52.5
190 46.0
191 36.0
192 30.5
193 41.5
194 38.0
195 32.5
196 37.0
197 40.0
198 40.5
199 38.0
200 32.0
201 43.5
202 63.0
203 51.5
204 31.5
205 21.5
206 18.5
207 22.5
208 28.0
209 44.5
210 56.0
211 55.5
212 53.0
213 51.0
214 50.0
215 47.5
216 47.5
217 50.0
218 52.0
219 52.5
220 50.5
221 46.0
222 46.0
