0 5.0
1 4.0
2 4.0
3 6.0
4 3.0
5 3.0
6 4.0
7 2.0
8 2.0
9 3.0
10 3.0
11 3.0
12 4.0
13 5.0
14 5.0
15 5.0
16 2.0
17 11.0
18 9.0
19 8.0
20 8.0
21 6.0
22 8.0
23 3.0
24 8.0
25 6.0
26 7.0
27 5.0
28 3.0
29 6.0
30 3.0
31 6.0
32 6.0
33 9.0
34 8.0
35 9.0
36 9.0
37 10.0
38 9.0
39 8.0
40 3.0
41 10.0
42 11.0
43 11.0
44 13.0
45 14.0
46 11.0
47 7.0
48 9.0
49 4.0
50 8.0
51 6.0
52 7.0
53 5.0
54 5.0
55 5.0
56 7.0
57 5.0
58 6.0
59 4.0
60 7.0
61 5.0
62 6.0
63 7.0
64 4.0
65 6.0
66 4.0
67 9.0
68 7.0
69 6.0
70 4.0
71 4.0
72 7.0
73 7.0
74 8.0
75 8.0
76 10.0
77 9.0
78 5.0
79 4.0
80 10.0
81 6.0
82 8.0
83 5.0
84 10.0
85 4.0
86 6.0
87 7.0
88 7.0
89 9.0
90 11.0
91 12.0
92 9.0
93 10.0
94 6.0
95 9.0
96 8.0
97 12.0
98 11.0
99 10.0
100 11.0
101 9.0
102 10.0
103 11.0
104 12.0
105 6.0
106 7.0
107 13.0
108 5.0
109 9.0
110 7.0
111 4.0
112 8.0
113 8.0
114 8.0
115 8.0
116 8.0
117 11.0
118 11.0
119 12.0
120 5.0
121 12.0
122 10.0
123 6.0
124 7.0
125 6.0
126 8.0
127 3.0
128 5.0
129 9.0
130 8.0
131 11.0
132 13.0
133 11.0
134 9.0
135 10.0
136 6.0
137 6.0
138 8.0
139 10.0
140 8.0
141 10.0
142 10.0
143 10.0
144 11.0
145 9.0
146 8.0
147 9.0
148 13.0
149 14.0
150 14.0
151 15.0
152 13.0
153 17.0
154 18.0
155 15.0
156 15.0
157 15.0
158 10.0
159 16.0
160 13.0
161 18.0
162 16.0
163 15.0
164 17.0
165 21.0
166 20.0
167 19.0
168 20.0
169 18.0
170 23.0
171 16.0
172 25.0
173 20.0
174 26.0
175 29.0
176 28.0
177 35.0
178 35.0
179 30.0
180 28.0
181 32.0
182 36.0
183 27.0
184 33.0
185 29.0
186 13.0
187 37.0
188 15.0
189 29.0
190 27.0
191 29.0
192 27.0
193 23.0
194 28.0
195 29.0
196 34.0
197 34.0
198 37.0
199 49.0
200 39.0
201 39.0
202 41.0
203 38.0
204 40.0
205 20.0
206 36.0
207 39.0
208 27.0
209 33.0
210 31.0
211 18.0
212 29.0
213 27.0
214 32.0
215 28.0
216 33.0
217 35.0
218 40.0
219 34.0
220 39.0
221 37.0
222 44.0
223 42.0
224 38.0
225 37.0
226 45.0
227 41.0
228 50.0
229 39.0
230 31.0
231 52.0
232 43.0
233 37.0
234 33.0
235 38.0
236 40.0
237 32.0
238 28.0
239 22.0
240 32.0
241 33.0
242 28.0
243 33.0
244 32.0
245 30.0
246 29.0
247 31.0
248 28.0
249 24.0
250 28.0
251 30.0
252 34.0
253 34.0
254 34.0
255 32.0
256 26.0
257 44.0
258 38.0
259 38.0
260 44.0
261 46.0
262 44.0
263 42.0
264 42.0
265 47.0
266 47.0
267 49.0
268 50.0
269 52.0
270 51.0
271 46.0
272 59.0
273 40.0
274 58.0
275 56.0
276 55.0
277 49.0
278 28.0
279 61.0
280 44.0
281 44.0
282 37.0
283 40.0
284 36.0
285 33.0
286 38.0
287 33.0
288 29.0
289 40.0
290 37.0
291 25.0
292 41.0
293 32.0
294 29.0
295 35.0
296 32.0
297 29.0
298 27.0
299 32.0
300 31.0
301 32.0
302 24.0
303 32.0
304 33.0
305 30.0
306 29.0
307 25.0
308 12.0
309 14.0
310 12.0
311 12.0
312 12.0
313 13.0
314 9.0
315 10.0
316 9.0
317 9.0
318 6.0
319 11.0
320 10.0
321 11.0
322 11.0
323 11.0
324 4.0
325 9.0
326 7.0
327 8.0
328 6.0
329 7.0
330 9.0
331 9.0
332 9.0
333 6.0
334 9.0
335 7.0
336 8.0
337 7.0
338 10.0
339 7.0
340 4.0
341 11.0
342 8.0
343 9.0
344 8.0
345 9.0
346 11.0
347 10.0
348 11.0
349 7.0
350 11.0
351 13.0
352 9.0
353 7.0
354 13.0
355 10.0
356 12.0
357 14.0
358 16.0
359 14.0
360 11.0
361 11.0
362 9.0
363 16.0
364 7.0
365 16.0
366 13.0
367 10.0
368 9.0
369 13.0
370 13.0
371 14.0
372 15.0
373 14.0
374 14.0
375 12.0
376 13.0
377 15.0
378 13.0
379 12.0
380 21.0
381 12.0
382 10.0
383 17.0
384 18.0
385 12.0
386 19.0
387 20.0
388 16.0
389 22.0
390 18.0
391 14.0
392 11.0
393 25.0
394 25.0
395 24.0
396 12.0
397 30.0
398 23.0
399 23.0
400 18.0
401 30.0
402 27.0
403 27.0
404 30.0
405 28.0
406 21.0
407 25.0
408 17.0
409 26.0
410 31.0
411 30.0
412 27.0
413 22.0
414 25.0
415 24.0
416 26.0
417 28.0
418 30.0
419 27.0
420 26.0
421 26.0
422 17.0
423 32.0
424 26.0
425 27.0
426 22.0
427 30.0
428 28.0
429 25.0
430 22.0
431 24.0
432 24.0
433 17.0
434 32.0
435 23.0
436 18.0
437 29.0
438 16.0
439 18.0
440 20.0
441 22.0
442 17.0
443 16.0
444 16.0
445 17.0
446 17.0
447 19.0
448 21.0
449 19.0
450 19.0
451 16.0
452 20.0
453 22.0
454 19.0
455 22.0
456 22.0
457 21.0
458 20.0
459 19.0
460 13.0
461 23.0
462 19.0
463 19.0
464 11.0
465 18.0
466 14.0
467 17.0
468 20.0
469 12.0
470 21.0
471 9.0
472 15.0
473 20.0
474 14.0
475 11.0
476 18.0
477 15.0
478 15.0
479 16.0
480 19.0
481 21.0
482 19.0
483 22.0
484 18.0
485 12.0
486 26.0
487 20.0
488 10.0
489 20.0
490 11.0
491 3.0
492 13.0
493 13.0
494 16.0
495 15.0
496 12.0
497 13.0
498 17.0
499 20.0
500 16.0
501 19.0
502 8.0
503 13.0
504 21.0
505 21.0
506 21.0
507 30.0
508 30.0
509 24.0
510 22.0
511 23.0
512 24.0
513 8.0
514 2.0
515 6.0
516 12.0
517 24.0
518 21.0
519 20.0
520 20.0
521 19.0
522 19.0
523 17.0
524 12.0
525 24.0
526 15.0
527 16.0
528 6.0
529 8.0
530 16.0
531 12.0
532 10.0
533 17.0
534 15.0
535 6.0
536 3.0
537 14.0
538 8.0
539 3.0
540 11.0
541 9.0
542 9.0
543 8.0
544 9.0
545 9.0
546 10.0
547 8.0
548 13.0
549 7.0
550 13.0
551 16.0
552 13.0
553 16.0
554 16.0
555 15.0
556 11.0
557 13.0
558 11.0
559 12.0
560 10.0
561 13.0
562 11.0
563 12.0
564 6.0
565 11.0
566 12.0
567 10.0
568 6.0
569 14.0
570 14.0
571 8.0
572 13.0
573 12.0
574 15.0
575 18.0
576 19.0
577 10.0
578 16.0
579 19.0
580 18.0
581 17.0
582 14.0
583 15.0
584 21.0
585 20.0
586 16.0
587 21.0
588 30.0
589 33.0
590 35.0
591 49.0
592 47.0
593 49.0
594 54.0
595 52.0
596 54.0
597 57.0
598 56.0
599 32.0
600 66.0
601 49.0
602 56.0
603 52.0
604 57.0
605 51.0
606 56.0
607 36.0
608 51.0
609 46.0
610 38.0
611 45.0
612 49.0
613 43.0
614 47.0
615 43.0
616 42.0
617 29.0
618 37.0
619 24.0
620 19.0
621 32.0
622 35.0
623 38.0
624 32.5
625 30.0
626 33.0
627 34.0
628 33.5
629 32.0
630 31.5
631 37.0
632 40.0
633 41.5
634 36.5
635 33.5
636 31.5
637 39.5
638 51.5
639 52.5
640 51.0
641 45.5
642 42.0
643 35.5
644 34.0
645 33.5
646 34.0
647 43.5
648 52.0
649 51.0
650 49.5
651 51.5
652 46.5
653 43.5
654 51.0
655 52.0
656 46.0
657 37.0
658 36.0
659 42.5
660 44.5
661 49.0
662 54.0
663 53.5
664 48.5
665 44.5
666 42.0
667 43.0
668 42.0
669 35.5
670 31.0
671 24.0
672 18.5
673 27.0
674 27.0
675 27.5
676 31.0
677 31.0
678 30.5
679 30.0
680 34.5
681 32.5
682 29.5
683 30.5
684 27.0
685 30.0
686 37.0
687 33.5
688 35.5
689 41.0
690 45.0
691 45.0
692 38.0
693 32.5
694 30.5
695 31.0
696 30.0
697 32.5
698 32.5
699 28.5
700 23.5
701 25.0
702 31.0
703 26.5
704 25.0
705 29.5
706 30.0
707 28.0
708 25.0
709 19.5
710 16.5
711 21.0
712 31.0
713 36.0
714 33.5
715 36.0
716 38.0
717 36.0
718 31.5
719 27.0
720 19.0
721 16.0
722 21.0
723 21.5
724 24.5
725 28.0
726 26.5
727 25.0
728 23.5
729 14.5
730 14.5
731 19.5
732 16.5
733 15.5
734 15.5
735 15.5
736 16.5
737 15.0
738 15.0
739 18.0
740 15.5
741 13.0
742 12.5
743 14.5
744 18.5
745 16.5
746 13.5
747 13.0
748 12.5
749 9.5
750 9.5
751 12.0
752 10.5
753 8.5
754 11.5
755 14.0
756 13.0
757 12.5
758 12.5
759 13.0
760 12.5
761 11.5
762 11.0
763 11.0
764 10.5
765 8.0
766 8.0
767 6.5
768 2.0
769 3.0
770 6.0
771 6.5
772 6.0
773 5.5
774 5.0
775 4.0
776 4.5
777 4.5
778 3.5
779 4.5
780 4.0
781 4.0
782 3.5
783 3.0
784 4.0
785 4.0
786 4.0
787 4.0
788 3.5
789 3.5
790 4.5
791 5.0
792 5.5
793 5.5
794 4.5
795 3.5
796 4.0
797 4.5
798 4.0
799 46.0
