0 92.0
1 103.0
2 99.0
3 75.0
4 60.0
5 83.0
6 65.0
7 47.0
8 14.0
9 13.0
10 29.0
11 24.0
12 37.0
13 63.0
14 101.0
15 110.0
16 66.0
17 75.0
18 67.0
19 45.0
20 88.0
21 66.0
22 51.0
23 12.0
24 86.0
25 129.0
26 91.0
27 96.0
28 89.0
29 83.0
30 55.0
31 29.0
32 69.0
33 61.0
34 42.0
35 40.0
36 52.0
37 32.0
38 27.0
39 41.0
40 41.0
41 45.0
42 23.0
43 37.0
44 33.0
45 15.0
46 25.0
47 44.0
48 49.0
49 37.0
50 32.0
51 49.0
52 37.0
53 58.0
54 45.0
55 21.0
56 59.0
57 53.0
58 127.0
59 125.0
60 147.0
61 139.0
62 152.0
63 177.0
64 168.0
65 205.0
66 168.0
67 130.0
68 110.0
69 103.0
70 79.0
71 17.0
72 34.0
73 58.0
74 23.0
75 40.0
76 48.0
77 29.0
78 22.0
79 20.0
80 21.0
81 29.0
82 9.0
83 3.0
84 13.0
85 26.0
86 30.0
87 31.0
88 38.0
89 43.0
90 36.0
91 36.0
92 33.0
93 27.0
94 28.0
95 26.5
96 35.0
97 29.5
98 14.5
99 12.0
100 27.5
101 35.5
102 34.0
103 31.5
104 32.0
105 30.0
106 29.0
107 32.0
108 33.0
109 32.0
110 29.5
111 31.5
112 35.0
113 33.0
114 32.0
115 32.0
116 32.0
117 28.0
118 31.0
119 32.5
120 25.5
121 26.5
122 27.0
123 15.5
124 13.5
125 24.0
126 34.5
127 31.5
128 19.0
129 20.5
130 18.0
131 11.5
132 11.5
133 16.0
134 29.5
135 42.0
136 45.5
137 45.0
138 45.5
139 48.5
140 50.0
141 54.5
142 65.0
143 67.0
144 69.0
145 59.5
146 43.5
147 68.5
148 98.0
149 100.5
150 95.0
151 94.0
152 98.0
153 91.0
154 79.5
155 75.0
156 71.5
157 67.5
158 65.0
159 62.5
160 58.5
161 52.0
162 49.5
163 44.0
164 40.5
165 49.5
166 47.5
167 48.0
168 68.0
169 75.0
170 70.0
171 69.0
172 57.0
173 33.5
174 33.5
175 38.0
176 33.0
177 33.0
178 28.0
179 21.5
180 10.5
181 10.5
182 15.0
183 16.5
184 27.5
185 46.0
186 66.0
187 80.5
188 77.5
189 67.5
190 55.0
191 37.0
192 22.0
193 24.0
194 36.0
195 37.0
196 36.5
197 37.0
198 36.5
199 38.5
200 48.5
201 67.5
202 81.0
203 94.5
204 103.5
205 93.0
206 69.0
207 28.5
208 24.5
209 49.0
210 53.5
211 51.0
212 47.0
213 49.0
214 51.5
215 51.5
216 51.0
217 49.5
218 49.5
219 53.0
220 51.5
221 48.5
222 46.0
223 48.5
224 51.5
225 50.0
226 51.0
227 50.5
228 51.0
229 50.5
230 50.5
231 51.0
232 45.5
233 44.5
234 53.0
235 54.0
236 50.0
237 52.0
238 52.0
239 54.5
240 59.5
241 60.0
242 58.0
243 53.5
244 43.0
245 40.5
246 42.0
247 45.5
248 50.5
249 44.0
