0 96.0
1 120.0
2 123.0
3 113.0
4 119.0
5 114.0
6 121.0
7 119.0
8 102.0
9 81.0
10 77.0
11 66.0
12 58.0
13 64.0
14 66.0
15 57.0
16 70.0
17 77.0
18 80.0
19 83.0
20 81.0
21 74.0
22 64.0
23 73.0
24 74.0
25 74.0
26 80.0
27 78.0
28 83.0
29 70.0
30 63.0
31 64.0
32 70.0
33 75.0
34 64.0
35 67.0
36 61.0
37 54.0
38 57.0
39 48.0
40 53.0
41 57.0
42 53.0
43 58.0
44 61.0
45 51.0
46 57.0
47 51.0
48 50.0
49 52.0
50 45.0
51 39.0
52 48.0
53 54.0
54 48.0
55 59.0
56 65.0
57 63.0
58 76.0
59 75.0
60 91.0
61 123.0
62 150.0
63 182.0
64 208.0
65 210.0
66 178.0
67 183.0
68 189.0
69 169.0
70 169.0
71 139.0
72 147.0
73 76.0
74 40.0
75 162.0
76 115.0
77 110.0
78 121.0
79 120.0
80 99.0
81 81.0
82 68.0
83 84.0
84 101.0
85 107.0
86 110.0
87 102.0
88 110.0
89 110.0
90 125.0
91 127.0
92 138.0
93 147.0
94 155.0
95 179.0
96 153.0
97 225.0
98 220.0
99 240.0
100 243.0
101 224.0
102 197.0
103 184.0
104 175.0
105 151.0
106 148.0
107 140.0
108 139.0
109 131.0
110 87.0
111 106.0
112 136.0
113 77.0
114 115.0
115 109.0
116 104.0
117 98.0
118 96.0
119 95.0
120 88.0
121 61.0
122 89.0
123 72.0
124 80.0
125 76.0
126 80.0
127 77.0
128 60.0
129 78.0
130 70.0
131 61.0
132 57.0
133 39.0
134 54.0
135 12.0
136 0.0
137 3.0
138 0.0
139 0.0
140 28.0
141 8.0
142 19.5
143 22.0
144 16.0
145 10.0
146 12.5
147 20.0
148 23.5
149 24.0
150 22.5
151 20.5
152 20.0
153 23.0
154 27.5
155 32.0
156 31.5
157 32.5
158 29.5
159 22.5
160 30.5
161 34.5
162 32.0
163 32.0
164 30.5
165 35.5
166 43.5
167 38.0
168 28.0
169 38.5
170 46.5
171 40.5
172 39.5
173 35.5
174 33.5
175 39.0
176 37.0
177 42.0
178 48.5
179 38.0
180 35.0
181 26.5
182 29.0
183 48.5
184 51.0
185 56.0
186 57.0
187 44.5
188 44.0
189 46.5
190 46.0
191 44.0
192 34.0
193 24.0
194 22.0
195 26.5
196 26.5
197 24.5
198 24.0
199 16.5
200 9.0
201 17.5
202 25.0
203 22.0
204 14.0
205 16.0
206 20.5
207 19.0
208 19.0
209 17.5
210 17.0
211 17.0
212 19.5
213 19.5
214 15.5
215 16.5
216 22.0
217 22.5
218 19.5
219 16.5
220 13.0
221 15.5
222 20.5
223 18.0
224 16.5
225 16.5
226 13.5
227 13.0
228 12.5
229 13.0
230 14.0
231 13.0
232 15.0
233 19.5
234 21.0
235 20.5
236 19.0
237 16.5
238 19.0
239 21.5
240 19.0
241 15.0
242 19.0
243 27.5
244 32.0
245 27.5
246 20.0
247 21.5
248 30.0
249 37.0
250 33.0
251 30.5
252 32.5
253 34.5
254 30.0
255 24.5
256 24.5
257 24.5
258 23.0
259 26.5
260 28.5
261 14.0
262 2.0
263 0.5
264 9.0
265 12.5
266 8.5
267 18.5
268 20.0
269 14.0
270 14.5
271 12.0
272 13.5
273 10.5
274 5.5
275 9.5
276 10.0
277 7.0
278 4.0
279 5.5
280 7.5
281 5.5
282 5.0
283 6.0
284 7.5
285 9.0
286 8.0
287 6.0
288 3.0
289 1.0
290 2.0
291 1.5
292 1.0
293 1.0
294 1.0
295 1.5
296 1.5
297 1.5
298 2.5
299 2.5
300 3.0
301 3.0
302 2.0
303 2.0
304 3.0
305 3.0
306 1.5
307 1.5
308 2.0
309 2.5
310 3.0
311 3.0
312 4.0
313 5.0
314 5.0
315 5.5
316 7.0
317 7.5
318 4.0
319 4.0
320 8.0
321 8.0
322 5.0
323 6.0
324 8.0
325 5.5
326 3.5
327 5.0
328 6.0
329 5.5
330 5.0
331 6.5
332 8.0
333 7.5
334 8.5
335 8.5
336 7.5
337 7.5
338 7.5
339 9.0
340 9.5
341 6.5
342 9.0
343 11.5
344 10.0
345 7.5
346 9.0
347 14.5
348 12.5
349 10.5
350 13.5
351 14.0
352 11.5
353 11.5
354 15.5
355 12.0
356 6.0
357 9.0
358 11.5
359 10.0
360 8.5
361 8.0
362 9.5
363 8.0
364 8.5
365 10.0
366 8.0
367 9.0
368 10.5
369 12.5
370 15.5
371 19.0
372 20.0
373 19.5
374 16.0
375 12.0
376 17.5
377 21.5
378 22.0
379 27.0
380 29.0
381 28.5
382 31.5
383 28.5
384 28.5
385 29.5
386 28.5
387 32.0
388 33.0
389 30.5
390 21.5
391 16.5
392 21.5
393 21.0
394 15.0
395 17.0
396 22.0
397 29.0
398 33.0
399 28.5
400 25.5
401 27.0
402 24.0
403 18.0
404 20.5
405 23.0
406 24.5
407 20.5
408 21.5
409 28.5
410 29.5
411 31.0
412 31.5
413 31.5
414 28.0
415 25.5
416 27.0
417 27.0
418 24.0
419 18.5
420 24.0
421 30.0
422 27.0
423 30.0
424 30.0
425 30.0
427 26.0
428 23.0
429 39.0
430 27.0
431 28.0
432 29.0
433 23.0
434 16.0
435 31.0
436 21.0
437 24.0
438 7.0
439 27.0
440 12.0
441 14.0
442 7.0
443 13.0
444 20.0
445 18.0
446 21.0
447 27.0
448 16.0
449 16.0
450 16.0
451 18.0
452 17.0
453 15.0
454 18.0
455 18.0
456 17.0
457 13.0
458 20.0
459 18.0
460 29.0
461 35.0
462 30.0
463 34.0
464 34.0
465 30.0
466 28.0
467 32.0
468 30.0
469 28.0
470 32.0
471 29.0
472 29.0
473 30.0
474 28.0
475 15.0
476 41.0
477 33.0
478 33.0
479 34.0
480 31.0
481 32.0
482 36.0
483 35.0
484 34.0
485 24.0
486 35.0
487 38.0
488 36.0
489 37.0
490 36.0
491 32.0
492 24.0
493 29.0
494 21.0
495 24.0
496 5.0
497 16.0
498 15.0
499 13.0
500 16.0
501 21.0
502 26.0
503 30.0
504 15.0
505 9.0
506 29.0
507 34.0
508 23.0
509 20.0
510 17.0
511 24.0
512 17.0
513 17.0
514 8.0
515 4.0
516 7.0
517 11.0
518 8.0
519 12.0
520 11.0
521 13.0
522 9.0
523 7.0
524 12.0
525 12.0
526 13.0
527 13.0
528 7.0
529 13.0
530 15.0
531 13.0
532 12.0
533 13.0
534 18.0
535 24.0
536 20.0
537 16.0
538 18.0
539 13.0
540 15.0
541 14.0
542 13.0
543 14.0
544 12.0
545 15.0
546 11.0
547 11.0
548 10.0
549 14.0
550 11.0
551 12.0
552 15.0
553 22.0
554 28.0
555 23.0
556 24.0
557 16.0
558 22.0
559 18.0
560 6.0
561 10.0
562 17.0
563 12.0
564 11.0
565 14.0
566 13.0
567 14.0
568 13.0
569 21.0
570 30.0
571 28.0
572 30.0
573 31.0
574 34.0
575 35.0
576 46.0
577 52.0
578 33.0
579 56.0
580 57.0
581 41.0
582 31.0
583 53.0
584 50.0
585 66.0
586 68.0
587 59.0
588 58.0
589 62.0
590 69.0
591 56.0
592 52.0
593 41.0
594 34.0
595 34.0
596 41.0
597 44.0
598 43.0
599 49.0
600 62.0
601 54.0
602 54.0
603 44.0
604 50.0
605 50.0
606 55.0
607 50.0
608 25.0
609 35.0
610 32.0
611 45.0
612 39.0
613 47.0
614 49.0
615 56.0
616 60.0
617 52.0
618 46.0
619 54.0
620 47.0
621 39.0
622 47.0
623 47.0
624 56.0
625 54.0
626 56.0
627 50.0
628 29.0
629 68.0
630 39.0
631 45.0
632 17.0
633 23.0
634 50.0
635 48.0
636 40.0
637 62.0
638 40.0
639 38.0
640 63.0
641 49.0
642 48.0
643 64.0
644 55.0
645 71.0
646 71.0
647 68.0
648 40.0
649 5.0
650 29.0
651 34.0
652 24.0
653 11.0
654 22.0
655 21.0
656 21.0
657 26.0
658 21.0
659 27.0
660 33.0
661 37.0
662 29.0
663 31.0
664 35.0
665 46.0
666 47.0
667 42.0
668 54.0
669 46.0
670 27.0
671 29.0
672 12.0
673 22.0
674 26.0
675 25.0
676 24.0
677 24.0
678 12.0
679 26.0
680 21.0
681 25.0
682 20.0
683 22.0
684 24.0
685 30.0
686 24.0
687 36.0
688 35.0
689 44.0
690 32.0
691 39.0
692 20.0
693 29.0
694 14.0
695 25.0
696 18.0
697 19.0
698 21.0
699 5.0
700 26.0
701 12.0
702 16.0
703 3.0
704 20.0
705 8.0
706 6.0
707 15.0
708 13.0
709 12.0
710 11.0
711 13.0
712 7.0
713 13.0
714 11.0
715 11.0
716 13.0
717 12.0
718 14.0
719 13.0
720 5.0
721 17.0
722 12.5
723 10.5
724 11.5
725 13.5
726 13.0
727 12.0
728 12.0
729 12.0
730 12.5
731 10.0
732 12.0
733 13.5
734 11.5
735 12.0
736 11.0
737 9.0
738 11.0
739 12.0
740 9.0
741 7.5
742 7.0
743 9.5
744 9.0
745 5.5
746 4.0
747 6.5
748 6.5
749 3.5
750 4.5
751 5.0
752 4.0
753 3.5
754 3.5
755 4.0
756 4.0
757 4.0
758 2.5
759 2.0
760 2.5
761 2.5
762 2.5
763 2.0
764 3.0
765 3.5
766 3.0
767 3.5
768 3.5
769 2.0
770 2.5
771 3.5
772 2.5
773 3.0
774 3.5
775 2.5
776 3.0
777 3.0
778 3.5
779 4.0
780 3.0
781 3.5
782 3.5
783 3.0
784 2.5
785 2.0
786 2.0
787 2.5
788 2.5
789 2.0
790 2.0
791 1.0
792 1.0
793 2.0
794 2.0
795 1.5
796 1.0
797 1.5
798 3.0
799 27.5
