0 38.0
1 36.0
2 31.0
3 15.0
4 20.0
5 14.0
6 3.0
7 0.0
8 0.0
9 0.0
10 0.0
11 0.0
12 0.0
13 0.0
14 0.0
15 0.0
16 0.0
17 0.0
18 1.0
19 12.0
20 30.0
21 52.0
22 52.0
23 9.0
24 58.0
25 56.0
26 43.0
27 37.0
28 37.0
29 36.0
30 37.0
31 35.0
32 22.0
33 11.0
34 4.0
35 2.0
36 0.0
37 11.0
38 1.0
39 26.0
40 21.0
41 14.0
42 43.0
43 47.0
44 41.0
45 41.0
46 55.0
47 61.0
48 35.0
49 56.0
50 46.0
51 73.0
52 76.0
53 70.0
54 85.0
55 53.0
56 114.0
57 60.0
58 34.0
59 41.0
60 42.0
61 29.0
62 23.0
63 24.0
64 22.0
65 18.0
66 20.0
67 15.0
68 10.0
69 16.0
70 14.0
71 16.0
72 13.0
73 20.0
74 19.0
75 18.0
76 15.0
77 9.0
78 16.0
79 16.0
80 13.0
81 18.0
82 20.0
83 23.0
84 20.0
85 23.0
86 21.0
87 24.0
88 25.0
89 24.0
90 19.0
91 33.0
92 26.0
93 20.0
94 33.0
95 27.0
96 27.0
97 24.0
98 17.0
99 16.0
100 22.0
101 15.0
102 8.0
103 16.0
104 8.0
105 15.0
106 17.0
107 9.0
108 9.0
109 12.5
110 20.5
111 30.0
112 36.5
113 49.5
114 75.0
115 99.0
116 87.5
117 78.5
118 91.5
119 78.5
120 52.0
121 38.0
122 42.0
123 51.0
124 52.5
125 49.5
126 34.5
127 37.0
128 55.0
129 58.0
130 58.5
131 59.0
132 63.5
133 60.5
134 55.5
135 56.5
136 55.0
137 52.0
138 52.5
139 57.5
140 56.0
141 62.0
142 62.0
143 50.0
144 59.0
145 70.0
146 69.0
147 65.0
148 67.0
149 68.5
150 62.5
151 58.5
152 50.5
153 60.0
154 72.5
155 65.5
156 57.5
157 38.0
158 13.0
159 28.0
160 55.5
161 47.5
162 37.5
163 32.5
164 33.0
165 41.0
166 31.5
167 13.5
168 4.0
169 0.0
170 1.0
171 19.5
172 38.5
173 39.5
174 48.0
175 58.5
176 64.5
177 83.0
178 109.5
179 114.0
180 83.0
181 55.0
182 42.0
183 48.5
184 50.5
185 32.5
186 26.5
187 31.5
188 32.0
189 27.5
190 30.0
191 30.5
192 24.0
193 21.0
194 21.5
195 28.5
196 50.5
197 71.5
198 67.5
199 40.0
200 32.5
201 34.0
202 27.5
203 16.5
204 11.0
205 13.0
206 10.0
207 17.0
208 28.5
209 32.0
210 39.0
211 49.0
212 58.5
213 70.0
214 67.0
215 61.5
216 46.5
217 31.0
218 27.0
219 24.0
220 31.0
221 31.0
222 25.0
223 32.5
224 53.0
225 62.0
226 53.0
227 50.0
228 54.5
229 51.5
230 45.0
231 39.0
232 40.0
233 44.5
234 46.5
235 46.5
236 52.0
237 58.5
238 57.5
239 58.0
240 56.0
241 54.0
242 55.5
243 53.0
244 50.0
245 46.0
246 48.5
247 53.0
248 41.0
249 31.5
