0 37.0
1 32.0
2 32.0
3 38.0
4 37.0
5 34.0
6 42.0
7 54.0
8 58.0
9 76.0
10 76.0
11 63.0
12 34.0
13 64.0
14 67.0
15 54.0
16 23.0
17 64.0
18 66.0
19 73.0
20 70.0
21 62.0
22 48.0
23 54.0
24 58.0
25 63.0
26 64.0
27 64.0
28 75.0
29 59.0
30 42.0
31 67.0
32 62.0
33 73.0
34 67.0
35 61.0
36 84.0
37 82.0
38 87.0
39 89.0
40 63.0
41 98.0
42 73.0
43 55.0
44 119.0
45 93.0
46 26.0
47 51.0
48 82.0
49 102.0
50 95.0
51 90.0
52 67.0
53 16.0
54 10.0
55 53.0
56 31.0
57 44.0
58 46.0
59 38.0
60 62.0
61 46.0
62 45.0
63 66.0
64 68.0
65 60.0
66 67.0
67 66.0
68 66.0
69 62.0
70 78.0
71 50.0
72 57.0
73 66.0
74 57.0
75 45.0
76 73.0
77 49.0
78 34.0
79 80.0
80 70.0
81 78.0
82 56.0
83 32.0
84 46.0
85 91.0
86 112.0
87 126.0
88 136.0
89 137.0
90 137.0
91 135.0
92 147.0
93 138.0
94 124.0
95 111.0
96 120.0
97 111.0
98 149.0
99 144.0
100 109.0
101 92.0
102 122.0
103 96.0
104 69.0
105 81.0
106 97.0
107 76.0
108 95.0
109 111.0
110 113.0
111 112.0
112 117.0
113 110.0
114 102.0
115 69.0
116 40.0
117 88.0
118 64.0
119 22.0
120 41.0
121 67.0
122 71.0
123 102.0
124 70.0
125 64.0
126 119.0
127 90.0
128 108.0
129 110.0
130 133.0
131 107.0
132 108.0
133 152.0
134 188.0
135 179.0
136 200.0
137 96.0
138 0.0
139 9.0
140 1.0
141 0.0
142 0.0
143 0.0
144 6.0
145 71.0
146 155.0
147 182.0
148 153.0
149 98.0
150 79.0
151 69.0
152 72.0
153 49.0
154 43.0
155 54.0
156 63.0
157 48.0
158 68.0
159 123.0
160 127.0
161 127.0
162 147.0
163 117.0
164 126.0
165 125.0
166 119.0
167 102.0
168 133.0
169 129.0
170 128.0
171 109.0
172 119.0
173 102.0
174 88.0
175 87.0
176 81.0
177 72.0
178 51.0
179 58.0
180 35.0
181 51.0
182 80.0
183 91.0
184 102.0
185 111.0
186 85.0
187 71.0
188 55.0
189 79.0
190 99.0
191 89.0
192 71.0
193 86.0
194 81.0
195 85.0
196 40.0
197 79.0
198 20.0
199 38.0
200 57.0
201 39.0
202 23.0
203 27.0
204 35.0
205 39.0
206 72.0
207 62.0
208 90.0
209 82.0
210 89.0
211 84.0
212 84.0
213 74.0
214 75.0
215 62.0
216 50.0
217 81.0
218 81.0
219 108.0
220 92.0
221 87.0
222 81.0
223 103.0
224 76.0
225 66.0
226 105.0
227 48.0
228 8.0
229 21.0
230 28.0
231 49.0
232 32.0
233 19.0
234 33.0
235 25.0
236 30.0
237 28.0
238 29.0
239 26.0
240 28.0
241 30.0
242 56.0
243 35.0
244 32.0
245 35.0
246 23.0
247 36.0
248 50.0
249 35.0
250 8.0
251 42.0
252 61.0
253 119.0
254 111.0
255 84.0
256 75.0
257 85.0
258 110.0
259 114.0
260 106.5
261 99.0
262 108.5
263 132.0
264 135.5
265 110.5
266 90.5
267 103.5
268 115.5
269 108.0
270 97.5
271 92.5
272 101.5
273 84.5
274 47.0
275 72.5
276 125.5
277 155.5
278 176.5
279 161.0
280 162.0
281 174.0
282 191.5
283 216.0
284 225.5
285 234.5
286 232.5
287 233.5
288 213.5
289 190.0
290 172.0
291 139.0
292 127.5
293 132.5
294 119.0
295 85.5
296 78.0
297 115.5
298 126.0
299 109.0
300 111.5
301 110.0
302 86.5
303 81.5
304 73.5
305 67.0
306 71.0
307 66.5
308 79.5
309 88.5
310 89.5
311 81.0
312 72.5
313 61.5
314 61.0
315 58.0
316 53.5
317 42.5
318 48.0
319 53.5
320 27.0
321 23.5
322 27.5
323 26.5
324 26.0
325 22.5
326 21.0
327 22.0
328 19.5
329 19.0
330 20.0
331 19.0
332 27.0
333 30.0
334 24.5
335 26.0
336 28.0
337 31.0
338 26.0
339 20.5
340 25.5
341 24.0
342 18.5
343 22.5
344 27.5
345 26.0
346 24.5
347 25.5
348 27.0
349 29.0
350 31.5
351 33.0
352 27.5
353 19.0
354 24.0
355 26.5
356 25.5
357 23.0
358 23.0
359 29.5
360 22.5
361 19.0
362 25.0
363 25.0
364 21.5
365 24.5
366 32.5
367 38.0
368 31.5
369 26.5
370 31.0
371 28.5
372 26.0
373 28.0
374 23.5
375 26.5
376 33.0
377 26.0
378 24.5
379 29.5
380 27.5
381 25.5
382 21.5
383 14.0
384 20.5
385 27.0
386 30.5
387 34.0
388 33.5
389 35.0
390 35.0
391 38.5
392 39.5
393 39.5
394 38.0
395 36.5
396 29.0
397 33.0
398 43.0
399 37.0
400 37.5
401 42.0
402 41.5
403 39.0
404 35.5
405 40.5
406 43.0
407 36.0
408 32.0
409 35.0
410 34.0
411 29.0
412 28.0
413 27.5
414 31.5
415 26.0
416 27.5
417 34.5
418 35.0
419 36.0
420 34.0
421 30.0
422 31.0
423 34.0
424 27.5
425 22.0
426 21.5
427 19.0
428 13.5
429 8.0
430 8.0
431 14.5
432 10.5
433 3.0
434 10.0
435 15.0
436 12.0
437 10.0
438 9.0
439 9.0
440 8.5
441 6.5
442 5.5
443 5.5
444 8.5
445 10.5
446 8.0
447 6.0
448 5.0
449 6.0
450 7.5
451 7.5
452 6.0
453 3.0
454 5.5
455 8.5
456 7.0
457 5.0
458 5.0
459 5.0
460 6.0
461 7.0
462 4.5
463 4.5
464 5.0
465 4.5
466 4.5
467 3.0
468 2.5
469 2.5
470 3.0
471 4.0
472 3.5
473 3.5
474 3.5
475 3.5
476 2.5
477 2.0
478 4.0
479 4.5
480 2.5
481 1.5
482 2.5
483 3.0
484 3.5
485 3.0
486 3.0
487 4.0
488 4.0
489 2.5
490 0.5
491 0.0
492 0.0
493 0.0
494 1.0
495 2.0
496 1.0
497 1.5
498 3.0
499 3.5
500 4.5
501 4.0
502 6.0
503 12.0
504 16.0
505 15.0
506 12.5
507 11.0
508 10.0
509 15.0
510 17.5
511 10.0
512 8.0
513 11.5
514 16.0
515 16.5
516 11.5
517 11.0
518 10.5
519 8.5
520 9.5
521 11.0
522 12.0
523 12.0
524 19.5
525 19.0
526 7.0
527 6.5
528 15.0
529 22.5
530 35.5
531 35.5
532 24.5
533 27.0
534 30.5
536 32.0
537 38.0
538 32.0
539 23.0
540 32.0
541 28.0
542 28.0
543 21.0
544 12.0
545 4.0
546 8.0
547 6.0
548 10.0
549 5.0
550 4.0
551 9.0
552 13.0
553 18.0
554 20.0
555 17.0
556 17.0
557 26.0
558 20.0
559 16.0
560 11.0
561 26.0
562 12.0
563 17.0
564 16.0
565 20.0
566 14.0
567 20.0
568 21.0
569 22.0
570 23.0
571 19.0
572 18.0
573 20.0
574 16.0
575 19.0
576 20.0
577 21.0
578 22.0
579 23.0
580 19.0
581 28.0
582 25.0
583 24.0
584 18.0
585 25.0
586 26.0
587 30.0
588 15.0
589 32.0
590 22.0
591 17.0
592 24.0
593 23.0
594 27.0
595 25.0
596 21.0
597 25.0
598 26.0
599 28.0
600 27.0
601 26.0
602 23.0
603 33.0
604 31.0
605 24.0
606 31.0
607 36.0
608 39.0
609 34.0
610 40.0
611 30.0
612 33.0
613 34.0
614 18.0
615 35.0
616 30.0
617 27.0
618 30.0
619 20.0
620 16.0
621 29.0
622 28.0
623 28.0
624 26.0
625 25.0
626 25.0
627 31.0
628 35.0
629 29.0
630 33.0
631 34.0
632 24.0
633 20.0
634 33.0
635 37.0
636 33.0
637 28.0
638 24.0
639 27.0
640 23.0
641 9.0
642 24.0
643 28.0
644 22.0
645 20.0
646 13.0
647 22.0
648 16.0
649 19.0
650 19.0
651 9.0
652 17.0
653 5.0
654 11.0
655 13.0
656 11.0
657 7.0
658 9.0
659 4.0
660 1.0
661 11.0
662 11.0
663 11.0
664 11.0
665 9.0
666 8.0
667 7.0
668 7.0
669 8.0
670 6.0
671 4.0
672 9.0
673 7.0
674 8.0
675 7.0
676 7.0
677 7.0
678 10.0
679 8.0
680 6.0
681 7.0
682 9.0
683 5.0
684 7.0
685 8.0
686 7.0
687 2.0
688 4.0
689 1.0
690 2.0
691 2.0
692 9.0
693 7.0
694 7.0
695 6.0
696 5.0
697 6.0
698 3.0
699 5.0
700 7.0
701 7.0
702 7.0
703 6.0
704 6.0
705 6.0
706 4.0
707 7.0
708 6.0
709 5.0
710 6.0
711 4.0
712 5.0
713 7.0
714 5.0
715 6.0
716 6.0
717 7.0
718 9.0
719 7.0
720 8.0
721 8.0
722 11.0
723 6.0
724 4.0
725 6.0
726 6.0
727 9.0
728 5.0
729 8.0
730 6.0
731 8.0
732 7.0
733 6.0
734 6.0
735 8.0
736 6.0
737 4.0
738 7.0
739 7.0
740 7.0
741 7.0
742 6.0
743 6.0
744 4.0
745 8.0
746 5.0
747 6.0
748 5.0
749 6.0
750 6.0
751 4.0
752 6.0
753 5.0
754 4.0
755 3.0
756 6.0
757 5.0
758 5.0
759 5.0
760 4.0
761 6.0
762 4.0
763 4.0
764 5.0
765 3.0
766 4.0
767 3.0
768 4.0
769 4.0
770 3.0
771 3.0
772 5.0
773 3.0
774 4.0
775 3.0
776 4.0
777 4.0
778 3.0
779 2.0
780 4.0
781 3.0
782 5.0
783 3.0
784 3.0
785 3.0
786 3.0
787 3.0
788 4.0
789 3.0
790 1.0
791 2.0
792 2.0
793 1.0
794 9.0
795 31.0
796 46.0
797 59.0
798 75.0
799 82.0
