45 34.0
46 12.0
47 29.0
48 28.0
49 27.0
50 33.0
51 13.0
52 30.0
53 21.0
54 25.0
55 10.0
56 39.0
57 34.0
58 42.0
59 57.0
60 56.0
61 44.0
62 38.0
63 41.0
64 33.0
65 47.0
66 51.0
67 55.0
68 42.0
69 38.0
70 43.0
71 44.0
72 25.0
73 14.0
74 27.0
75 31.0
76 15.0
77 20.0
78 23.0
79 26.5
80 22.5
81 13.0
82 13.5
83 17.5
84 14.5
85 12.0
86 15.5
87 14.0
88 13.0
89 12.0
90 9.5
91 27.5
92 32.5
93 30.5
94 30.5
95 28.0
96 35.0
97 35.0
98 38.5
99 38.5
100 39.5
101 48.5
102 61.0
103 70.5
104 72.0
105 59.5
106 42.5
107 55.5
108 60.0
109 46.5
110 38.5
111 36.0
112 31.0
113 26.0
114 32.0
115 33.0
116 33.0
117 29.5
118 20.0
119 16.5
120 19.0
121 17.5
122 14.0
123 12.0
124 10.0
125 12.5
126 15.0
127 10.0
128 9.5
129 10.5
130 7.0
131 5.0
132 4.5
133 9.5
134 17.0
135 14.5
136 5.5
137 2.0
138 14.0
139 22.0
140 16.0
141 13.5
142 11.5
143 7.5
144 10.5
145 9.5
146 3.0
147 10.5
148 19.0
149 23.5
150 26.5
151 24.0
152 22.5
153 16.5
154 12.0
155 14.5
156 17.5
157 16.5
158 17.0
159 25.5
160 34.5
161 33.0
162 22.5
163 9.5
164 1.0
165 0.5
166 0.5
167 0.5
168 2.5
169 7.5
170 16.5
171 16.5
172 7.5
173 6.5
174 29.5
175 45.5
176 44.5
177 51.5
178 54.5
179 54.5
180 56.5
181 62.0
182 66.0
183 66.5
184 72.5
185 78.5
186 78.0
187 65.0
188 51.5
189 67.0
190 92.5
191 96.5
192 97.0
193 103.5
194 113.5
195 123.0
196 122.0
197 122.5
198 124.0
199 113.0
200 119.5
201 137.0
202 148.0
203 156.0
204 151.0
205 139.5
206 132.5
207 133.0
208 123.5
209 125.0
210 126.0
211 112.5
212 108.0
213 113.5
214 120.5
215 118.0
216 111.5
217 106.0
218 100.5
219 91.5
220 85.0
221 79.0
222 69.0
223 52.0
224 45.0
225 50.0
226 44.5
227 38.5
228 33.5
229 31.0
230 51.5
231 72.0
232 87.0
233 107.5
234 123.0
235 135.0
236 154.5
237 175.5
238 173.5
239 163.0
240 153.0
241 140.5
242 113.0
243 97.5
244 106.0
245 111.5
246 115.5
247 121.0
248 123.0
249 119.0
250 115.0
251 111.5
252 102.5
253 100.5
254 109.5
255 108.5
256 105.5
257 106.0
258 102.5
259 104.5
260 111.0
261 111.5
262 110.5
263 118.0
264 120.0
265 119.5
266 125.0
267 112.5
268 102.0
269 103.5
270 99.0
271 92.5
272 91.5
273 95.5
274 97.0
275 98.0
276 101.5
277 104.0
278 104.5
279 106.5
280 107.5
281 108.0
282 108.0
283 103.0
284 98.5
285 94.5
286 85.0
287 82.0
288 85.0
289 81.5
290 84.0
291 82.5
292 74.0
293 62.5
294 42.5
295 30.5
296 27.0
297 27.0
298 29.0
299 33.0
300 37.5
301 45.0
302 53.5
303 55.0
304 53.5
305 47.0
306 32.5
307 48.0
308 67.0
309 54.0
310 33.0
311 28.0
312 40.5
313 52.0
314 58.5
315 57.0
316 52.5
317 43.5
318 36.0
319 35.5
320 39.5
321 40.5
322 36.5
323 40.5
324 47.0
325 47.5
326 54.0
327 56.5
328 52.0
329 42.0
330 32.0
331 41.5
332 49.5
333 48.0
334 48.0
335 46.0
336 38.5
337 31.0
338 37.5
339 50.5
340 49.0
341 49.5
342 53.5
343 49.0
344 44.0
345 38.0
346 46.5
347 61.5
348 69.0
349 68.0
350 64.5
351 67.0
352 67.5
353 67.5
354 78.5
355 87.0
356 80.0
357 81.5
358 81.5
359 65.0
360 69.0
361 86.0
362 81.0
363 82.0
364 79.0
365 42.0
366 27.0
367 44.5
368 47.0
369 36.0
370 28.0
371 44.5
372 63.0
373 59.0
374 62.5
375 71.5
376 79.5
377 83.0
378 79.5
379 86.0
380 95.5
381 95.5
382 87.5
383 87.5
384 98.0
385 98.5
386 91.5
387 95.0
388 95.5
389 86.0
390 79.0
391 77.0
392 82.5
393 84.0
394 83.0
395 82.0
396 77.5
397 74.5
398 74.0
399 78.5
400 85.5
401 82.5
402 83.0
403 88.5
404 89.5
405 97.0
406 99.0
407 91.5
408 91.0
409 82.5
410 83.0
411 88.5
412 56.5
413 64.0
414 87.0
415 69.5
416 63.5
417 44.0
418 34.0
419 51.0
420 58.0
421 57.0
422 44.5
423 43.5
424 58.5
425 55.0
426 49.5
427 50.0
428 44.5
429 39.0
430 33.0
431 20.0
432 5.0
433 2.5
434 21.0
435 32.0
436 27.5
437 34.5
438 38.0
439 32.5
440 37.5
441 41.0
442 34.5
443 32.0
444 22.0
445 22.0
446 21.0
447 16.0
448 21.5
449 23.5
450 25.0
451 22.5
452 16.0
453 8.5
454 13.0
455 23.0
456 29.5
457 31.5
458 19.0
459 5.0
460 9.5
461 20.5
462 23.5
463 23.0
464 23.0
465 27.5
466 27.5
467 25.0
468 30.0
469 33.0
470 32.5
471 28.0
472 25.0
473 33.5
474 37.5
475 34.5
476 35.5
477 32.5
478 23.0
479 28.5
480 34.5
481 28.0
482 27.0
483 27.5
484 28.0
485 34.5
486 36.5
487 36.5
488 44.5
489 49.0
490 53.0
491 57.5
492 60.0
493 60.5
494 33.5
495 24.0
496 38.5
497 51.0
498 67.5
499 68.0
500 67.5
501 72.0
502 72.0
503 69.5
504 55.5
505 30.0
506 41.5
507 63.0
508 62.5
509 62.5
510 67.5
511 74.0
512 72.5
513 69.0
514 72.5
515 76.0
516 65.5
517 61.5
518 77.0
519 97.0
520 107.5
521 110.0
522 115.5
523 106.5
524 80.0
525 69.5
526 83.0
527 79.5
528 76.5
529 87.5
530 81.5
531 61.5
532 63.5
533 62.5
534 55.5
535 62.0
536 61.5
537 63.0
538 62.5
539 52.0
540 50.5
541 42.5
542 14.5
543 25.0
544 47.5
545 32.5
546 31.5
547 45.0
548 43.0
549 43.0
550 46.0
551 45.0
552 38.0
553 27.5
554 28.5
555 36.0
556 35.0
557 29.5
558 24.0
559 25.5
560 29.0
561 29.0
562 28.5
563 28.5
564 25.0
565 23.0
566 25.0
567 26.5
568 22.5
569 15.0
570 12.0
571 30.0
572 22.0
573 26.0
574 23.0
575 27.0
576 25.0
577 27.0
578 15.0
579 28.0
580 21.0
581 25.0
582 29.0
583 27.0
584 36.0
585 38.0
586 40.0
587 33.0
588 34.0
589 36.0
590 29.0
591 25.0
592 33.0
593 20.0
594 29.0
595 17.0
596 26.0
597 21.0
598 24.0
599 30.0
600 34.0
601 37.0
602 26.0
603 22.0
604 32.0
605 49.0
606 45.0
607 51.0
608 56.0
609 43.0
610 58.0
611 65.0
612 41.0
613 42.0
614 56.0
615 48.0
616 50.0
617 40.0
618 32.0
619 52.0
620 52.0
621 53.0
622 51.0
623 40.0
624 5.0
625 59.0
626 46.0
627 55.0
628 70.0
629 67.0
630 61.0
631 49.0
632 35.0
633 71.0
634 65.0
635 83.0
636 73.0
637 81.0
638 84.0
639 71.0
640 68.0
641 71.0
642 65.0
643 66.0
644 65.0
645 59.0
646 58.0
647 59.0
648 60.0
649 67.0
650 12.0
651 0.0
652 0.0
653 0.0
654 3.0
655 0.0
656 13.0
657 48.0
658 29.0
659 40.0
660 55.0
661 49.0
662 44.0
663 41.0
664 33.0
665 27.0
666 30.0
667 24.0
668 45.0
669 41.0
670 37.0
671 39.0
672 25.0
673 1.0
674 43.0
675 61.0
676 51.0
677 53.0
678 58.0
679 61.0
680 57.0
681 59.0
682 52.0
683 60.0
684 63.0
685 63.0
686 64.0
687 66.0
688 64.0
689 70.0
690 65.0
691 57.0
692 72.0
693 65.0
694 63.0
695 41.0
696 54.0
697 52.0
698 16.0
699 25.0
700 35.0
701 4.0
702 10.0
703 7.0
704 27.0
705 16.0
706 17.0
707 28.0
708 22.0
709 23.0
710 22.0
711 20.0
712 23.0
713 31.0
714 34.0
715 35.0
716 17.0
717 18.0
718 11.0
719 20.0
720 9.0
721 0.0
722 0.0
723 0.0
724 0.0
725 0.0
726 0.0
727 0.0
728 0.0
729 0.0
730 0.0
731 0.0
732 4.0
733 40.0
734 59.0
735 59.0
736 54.0
737 50.0
738 54.0
739 54.0
740 59.0
741 53.0
742 63.0
743 57.0
744 52.0
745 46.0
746 13.0
747 36.0
748 32.0
749 25.0
750 32.0
751 47.0
752 42.0
753 45.0
754 41.0
755 44.0
756 30.0
757 27.0
758 22.0
759 26.0
760 27.0
761 30.0
762 26.0
763 32.0
764 27.0
765 22.0
766 24.0
767 21.0
768 22.0
769 20.0
770 22.0
771 59.0
772 48.0
773 21.0
774 31.0
775 41.0
776 43.0
777 43.0
778 10.0
779 13.0
780 9.0
781 12.0
782 10.0
783 12.0
784 9.0
785 62.0
786 42.0
787 30.0
788 24.0
789 22.0
790 22.0
791 23.0
792 14.0
793 24.0
794 19.0
795 25.0
796 33.0
797 42.0
798 44.0
799 34.0
