0 36.5
1 34.5
2 36.5
3 40.5
4 39.0
5 31.0
6 24.5
7 14.5
8 15.0
9 19.5
10 7.0
11 0.0
12 0.0
13 0.0
14 0.0
15 0.0
16 0.0
17 0.0
18 0.0
19 0.0
20 2.0
21 29.0
22 43.5
23 31.0
24 38.5
25 29.0
26 27.5
27 49.5
28 52.5
29 47.0
30 38.5
31 36.0
32 38.5
33 38.5
34 36.0
35 33.5
36 30.5
37 17.5
38 10.0
39 8.5
40 11.0
41 24.0
42 25.0
43 19.5
44 19.5
45 20.5
46 22.0
47 22.0
48 22.0
49 23.5
50 25.0
51 26.0
52 26.5
53 23.5
54 21.5
55 26.5
56 30.5
57 28.5
58 21.5
59 17.0
60 14.5
61 11.5
62 7.0
63 6.5
64 9.0
65 6.5
66 4.0
67 5.0
68 4.0
69 12.5
70 22.0
71 18.0
72 17.5
73 19.5
74 21.5
75 21.0
76 16.5
77 19.0
78 25.0
79 24.5
80 23.0
81 23.0
82 29.0
83 33.0
84 33.0
85 32.5
86 28.0
87 22.0
88 13.5
89 15.0
90 18.5
91 15.5
92 14.5
93 14.0
94 10.0
95 5.0
96 5.0
97 5.5
98 5.5
99 7.5
100 8.0
101 6.5
102 7.0
103 8.5
104 11.5
105 13.0
106 12.5
107 13.0
108 16.5
109 16.0
110 15.0
111 19.0
112 19.0
113 20.0
114 24.5
115 29.5
116 30.0
117 34.0
118 38.0
119 32.5
120 35.5
121 46.0
122 45.5
123 41.0
124 38.0
125 44.5
126 49.5
127 31.5
128 15.0
129 29.0
130 43.5
131 38.0
132 39.5
133 43.0
134 35.5
135 29.5
136 33.0
137 36.0
138 36.5
139 35.5
140 29.0
141 24.0
142 23.5
143 25.5
144 24.5
145 25.0
146 24.0
147 18.5
148 19.5
149 21.5
150 19.5
151 15.5
152 13.0
153 12.5
154 13.0
155 9.5
156 9.0
157 11.0
158 9.0
159 9.0
160 9.5
161 9.5
162 8.5
163 6.5
164 10.0
165 9.5
166 6.0
167 6.0
168 7.0
169 7.0
170 6.0
171 7.5
172 8.0
173 6.5
174 5.0
175 6.0
176 6.0
177 7.0
178 9.0
179 8.0
180 7.0
181 4.5
182 2.5
183 4.5
184 6.0
185 5.5
186 6.0
187 7.0
188 5.0
189 4.5
190 5.5
191 5.0
192 5.5
193 7.5
194 8.5
195 7.5
196 7.0
197 6.5
198 7.0
199 6.0
200 3.5
201 3.0
202 4.0
203 5.0
204 5.0
205 4.0
206 2.5
207 1.5
208 8.0
209 21.0
210 35.0
211 45.0
212 44.0
213 45.0
214 44.5
215 42.5
216 42.0
217 40.5
218 45.0
219 48.0
220 44.0
221 42.0
222 50.0
223 51.5
224 47.0
225 47.5
226 41.5
227 38.0
228 44.5
229 45.5
230 33.5
231 38.0
232 44.5
233 36.5
234 35.5
235 35.0
236 36.0
237 39.0
238 39.5
239 40.0
240 41.0
241 41.5
242 39.5
243 41.5
244 41.0
245 44.0
246 50.5
247 45.5
248 37.5
249 33.0
