0 12.0
1 21.0
2 21.0
3 25.0
4 22.0
5 22.0
6 23.0
7 18.0
8 31.0
9 27.0
10 24.0
11 37.0
12 35.0
13 38.0
14 33.0
15 13.0
16 30.0
17 11.0
18 31.0
19 13.0
20 12.0
21 30.0
22 36.0
23 51.0
24 44.0
25 29.0
26 31.0
27 43.0
28 48.0
29 60.0
30 65.0
31 33.0
32 35.0
33 48.0
34 40.0
35 38.0
36 4.0
37 31.0
38 35.0
39 38.0
40 13.0
41 37.0
42 26.0
43 12.0
44 24.0
45 16.0
46 11.0
47 18.0
48 19.0
49 42.0
50 50.0
51 57.0
52 48.0
53 54.0
54 47.0
55 52.0
56 50.0
57 58.0
58 54.0
59 66.0
60 88.0
61 114.0
62 103.0
63 91.0
64 116.0
65 80.0
66 47.0
67 89.0
68 80.0
69 70.0
70 61.0
71 39.0
72 33.0
73 42.0
74 55.0
75 65.0
76 60.0
77 58.0
78 57.0
79 43.0
80 38.0
81 30.0
82 58.0
83 71.0
84 53.0
85 59.0
86 81.0
87 91.0
88 88.0
89 92.0
90 93.0
91 83.0
92 94.0
93 109.0
94 121.0
95 133.0
96 136.0
97 122.0
98 70.0
99 22.0
100 9.0
101 0.0
102 0.0
103 0.0
104 0.0
105 0.0
106 0.0
107 0.0
108 0.0
109 0.0
110 0.0
111 0.0
112 0.0
113 0.0
114 0.0
115 3.0
116 40.0
117 50.0
118 55.0
119 65.0
120 69.0
121 65.0
122 65.0
123 62.0
124 109.0
125 102.0
126 100.0
127 87.0
128 72.0
129 67.0
130 40.0
131 31.0
132 14.0
133 28.0
134 38.0
135 47.0
136 48.0
137 57.0
138 58.0
139 47.0
140 17.0
141 17.0
142 32.0
143 22.0
144 18.0
145 37.0
146 22.0
147 16.0
148 19.0
149 26.0
150 37.0
151 44.0
152 40.0
153 35.0
154 14.0
155 37.0
156 33.0
157 31.0
158 19.0
159 34.0
160 31.0
161 28.0
162 53.0
163 39.0
164 40.0
165 48.0
166 34.0
167 32.0
168 38.0
169 32.0
170 27.0
171 41.0
172 28.0
173 27.0
174 32.0
175 36.0
176 28.0
177 31.0
178 32.0
179 22.0
180 37.0
181 30.0
182 34.0
183 35.0
184 21.0
185 26.0
186 35.0
187 34.0
188 48.0
189 42.0
190 39.0
191 39.0
192 39.0
193 34.0
194 28.0
195 35.0
196 33.0
197 23.0
198 39.0
199 21.0
200 38.0
201 43.0
202 47.0
203 44.0
204 62.0
205 56.0
206 47.0
207 37.0
208 49.0
209 33.0
210 31.0
211 47.0
212 41.0
213 57.0
214 27.0
215 61.0
216 27.0
217 52.0
218 47.0
219 45.0
220 48.0
221 48.0
222 55.0
223 69.0
224 45.0
225 37.0
226 52.0
227 47.0
228 50.0
229 81.0
230 101.0
231 88.0
232 78.0
233 93.0
234 80.0
235 73.0
236 69.0
237 35.0
238 47.0
239 59.0
240 45.0
241 36.0
242 43.0
243 41.0
244 13.0
245 45.0
246 14.0
247 32.0
248 22.0
249 23.0
250 22.0
251 27.0
252 23.0
253 24.0
254 25.0
255 19.0
256 26.0
257 10.0
258 29.0
259 16.0
260 11.0
261 15.0
262 14.0
263 7.0
264 16.0
265 13.0
266 19.0
267 23.0
268 15.0
269 16.0
270 10.0
271 24.0
272 19.0
273 12.0
274 9.0
275 14.0
276 8.0
277 7.0
278 12.0
279 12.0
280 10.0
281 6.0
282 10.0
283 9.0
284 9.0
285 10.0
286 21.0
287 21.0
288 28.0
289 25.0
290 25.0
291 18.0
292 14.0
293 18.0
294 20.0
295 21.0
296 23.0
297 24.0
298 21.0
299 14.0
300 13.0
301 14.0
302 18.0
303 17.0
304 11.0
305 26.0
306 17.0
307 19.0
308 9.0
309 29.0
310 35.0
311 36.0
312 30.0
313 30.0
314 28.0
315 28.0
316 37.0
317 44.0
318 40.0
319 32.0
320 47.0
321 44.0
322 48.0
323 33.0
324 57.0
325 53.0
326 54.0
327 47.0
328 51.0
329 34.0
330 58.0
331 44.0
332 46.0
333 48.0
334 30.0
335 54.0
336 32.0
337 49.0
338 40.0
339 46.0
340 41.0
341 41.0
342 41.0
343 30.0
344 43.0
345 39.0
346 41.0
347 26.0
348 27.0
349 18.0
350 30.0
351 30.0
352 33.0
353 33.0
354 32.0
355 29.0
356 31.0
357 31.0
358 27.0
359 25.0
360 33.0
361 29.0
362 16.0
363 20.0
364 17.0
365 7.0
366 12.0
366 19.0
367 29.5
368 33.0
369 36.0
370 37.5
371 35.0
372 33.5
373 28.0
374 29.0
375 35.5
376 34.5
377 30.0
378 29.5
379 37.5
380 37.5
381 29.0
382 29.5
383 30.5
384 28.0
385 28.5
386 30.0
387 25.5
388 23.5
389 24.0
390 23.5
391 21.0
392 18.0
393 21.0
394 20.5
395 19.5
396 18.0
397 13.5
398 11.5
399 16.5
400 20.0
401 17.5
402 14.5
403 14.5
404 14.0
405 16.5
406 21.0
407 21.0
408 20.5
409 18.0
410 13.5
411 11.0
412 9.0
413 5.0
414 7.5
415 10.0
416 9.0
417 9.0
418 8.5
419 6.0
420 3.5
421 4.0
422 6.5
423 8.5
424 6.5
425 5.5
426 6.0
427 4.5
428 11.5
429 20.0
430 22.0
431 30.0
432 37.5
433 42.5
434 47.0
435 49.5
436 50.5
437 45.0
438 35.0
439 35.5
440 43.5
441 43.0
442 35.0
443 33.0
444 33.5
445 30.0
446 29.0
447 37.0
448 54.0
449 66.0
450 67.5
451 67.0
452 70.0
453 57.5
454 58.5
455 75.5
456 78.5
457 76.0
458 75.0
459 76.0
460 72.0
461 74.0
462 78.0
463 77.0
464 79.0
465 81.0
466 74.0
467 85.0
468 99.0
469 98.0
470 100.0
471 92.0
472 87.0
473 92.0
474 92.0
475 79.5
476 67.5
477 74.5
478 81.5
479 93.5
480 105.5
481 106.5
482 105.5
483 100.5
484 105.5
485 115.0
486 122.0
487 130.5
488 129.5
489 117.0
490 114.0
491 120.5
492 113.5
493 90.5
494 77.5
495 83.0
496 89.0
497 88.5
498 79.5
499 74.0
500 80.0
501 85.5
502 85.5
503 77.5
504 72.5
505 72.5
506 74.0
507 66.5
508 60.0
509 62.0
510 65.0
511 60.0
512 53.0
513 51.5
514 50.0
515 40.0
516 14.5
517 14.5
518 48.5
519 71.0
520 84.5
521 113.5
522 125.0
523 112.5
524 93.5
525 82.0
526 94.0
527 107.5
528 109.0
529 107.5
530 104.5
531 99.0
532 91.0
533 88.5
534 86.5
535 89.0
536 96.0
537 90.5
538 86.0
539 83.0
540 72.0
541 76.0
542 87.5
543 90.5
544 96.5
545 102.5
546 99.5
547 102.0
548 109.0
549 104.0
550 90.5
551 76.5
552 74.5
553 63.0
554 53.0
555 54.0
556 49.5
557 41.5
558 31.0
559 27.5
560 26.0
561 25.0
562 27.0
563 27.5
564 21.5
565 12.0
566 4.5
567 3.0
568 2.0
569 1.0
570 3.5
571 5.5
572 10.0
573 7.5
574 3.0
575 6.0
576 7.5
577 6.5
578 4.0
579 14.0
580 19.0
581 12.0
582 7.0
583 3.5
584 6.5
585 7.5
586 9.0
587 10.0
588 7.0
589 7.0
590 7.0
591 9.5
592 9.5
593 3.5
594 3.0
595 4.0
596 3.0
597 3.0
598 4.0
599 4.0
600 3.0
601 4.5
602 5.0
603 4.5
604 4.0
605 6.0
606 8.0
607 8.0
608 22.0
609 38.5
610 41.0
611 36.5
612 35.5
613 34.0
614 31.5
615 36.0
616 30.5
617 33.0
618 34.5
619 26.0
620 29.0
621 29.0
622 27.0
623 28.0
624 32.5
625 36.0
626 31.5
627 34.0
628 42.0
629 55.5
630 71.0
631 62.5
632 54.5
633 59.5
634 69.0
635 69.0
636 70.5
637 68.0
638 44.5
639 47.0
640 53.5
641 32.0
642 27.0
643 32.5
644 25.5
645 27.5
646 32.0
647 32.0
648 19.5
649 9.0
650 17.5
651 29.5
652 33.5
653 32.5
654 34.0
655 40.0
656 46.5
657 44.5
658 44.0
659 45.5
660 49.5
661 54.0
662 43.5
663 45.5
664 54.0
665 49.0
666 50.0
667 46.0
668 54.5
669 60.5
670 50.5
671 60.5
672 64.5
673 44.0
674 44.0
675 63.0
676 63.0
677 59.0
678 44.0
679 25.0
680 44.0
681 57.5
682 54.0
683 58.5
684 60.5
685 54.0
686 48.5
687 50.5
688 49.0
689 38.0
690 29.5
691 37.0
692 34.0
693 27.5
694 31.5
695 35.0
696 30.5
697 32.0
698 44.5
699 48.5
700 50.5
701 51.0
702 52.5
703 58.0
704 58.0
705 53.0
706 50.0
707 51.0
708 47.5
709 52.5
710 65.5
711 63.0
712 52.5
713 66.0
714 66.0
715 60.0
716 74.0
717 69.5
718 78.0
719 89.0
720 82.5
721 73.5
722 61.5
723 58.5
724 52.5
725 44.0
726 51.5
727 57.5
728 58.0
729 64.0
730 65.0
731 59.5
732 43.5
733 45.5
734 41.0
735 39.5
736 47.5
737 37.5
738 36.5
739 25.0
740 22.5
741 34.5
742 40.0
743 34.0
744 29.5
745 38.0
746 42.5
747 39.0
748 29.5
749 23.0
750 39.0
