1.0 155
2.0 251
3.0 142
4.0 0
5.0 0
6.0 0
7.0 0
8.0 0
9.0 114
10.0 118
11.0 106
12.0 115
13.0 111
14.0 101
15.0 120
16.0 115
17.0 94
18.0 117
19.0 94
20.0 84
21.0 122
22.0 101
23.0 114
24.0 113
25.0 117
26.0 121
27.0 83
28.0 124
29.0 124
30.0 123
31.0 84
32.0 107
33.0 152
34.0 239
35.0 67
36.0 57
37.0 32
38.0 31
39.0 25
40.0 26
41.0 27
42.0 23
43.0 166
44.0 340
45.0 257
46.0 387
47.0 378
48.0 522
49.0 517
50.0 570
51.0 470
52.0 547
53.0 414
54.0 505
55.0 376
56.0 429
57.0 418
58.0 484
59.0 452
60.0 490
61.0 443
62.0 323
63.0 292
64.0 205
65.0 244
66.0 103
67.0 227
68.0 252
69.0 252
70.0 148
71.0 149
72.0 20
73.0 7
74.0 15
75.0 22
76.0 123
77.0 107
78.0 94
79.0 108
80.0 81
81.0 122
82.0 114
83.0 103
84.0 114
85.0 87
86.0 118
87.0 125
88.0 107
89.0 105
90.0 122
91.0 106
92.0 108
93.0 104
94.0 92
95.0 121
96.0 88
97.0 94
98.0 120
99.0 121
100.0 122
101.0 122
102.0 115
103.0 92
104.0 119
105.0 89
106.0 114
107.0 87
108.0 123
109.0 97
110.0 110
111.0 101
112.0 82
113.0 124
114.0 195
115.0 219
116.0 247
117.0 67
118.0 195
119.0 223
120.0 60
121.0 39
122.0 14
123.0 25
124.0 8
125.0 13
126.0 12
127.0 104
128.0 110
129.0 100
130.0 123
131.0 171
132.0 207
133.0 214
134.0 203
135.0 203
136.0 210
137.0 201
138.0 210
139.0 208
140.0 165
141.0 179
142.0 230
143.0 65
144.0 227
145.0 323
146.0 68
147.0 3
148.0 0
149.0 5
150.0 11
151.0 25
152.0 7
153.0 113
154.0 108
155.0 105
156.0 128
157.0 280
158.0 320
159.0 508
160.0 518
161.0 454
162.0 456
163.0 422
164.0 121
165.0 18
166.0 2
167.0 0
168.0 0
169.0 0
170.0 0
171.0 119
172.0 95
173.0 99
174.0 199
175.0 259
176.0 247
177.0 350
178.0 211
179.0 251
180.0 356
181.0 426
182.0 342
183.0 431
184.0 51
185.0 0
186.0 0
187.0 0
188.0 110
189.0 82
190.0 99
191.0 19
192.0 22
193.0 12
194.0 6
195.0 19
196.0 27
197.0 103
198.0 218
199.0 164
200.0 142
201.0 70
202.0 32
203.0 0
204.0 0
205.0 0
206.0 0
207.0 0
208.0 118
209.0 94
210.0 110
211.0 99
212.0 92
213.0 101
214.0 117
215.0 115
216.0 83
217.0 113
218.0 87
219.0 123
220.0 109
221.0 94
222.0 13
223.0 129
224.0 163
225.0 294
226.0 155
227.0 80
228.0 2
229.0 0
230.0 0
231.0 76
232.0 115
233.0 13
234.0 198
235.0 218
236.0 276
237.0 215
238.0 227
239.0 249
240.0 337
241.0 430
242.0 228
243.0 134
244.0 200
245.0 1
246.0 0
247.0 106
248.0 114
249.0 105
250.0 92
