1.0	80	57.0
2.0	122	87.0
3.0	124	14.5
4.0	124	62.0
5.0	97	73.0
6.0	94	23.0
7.0	78	72.0
8.0	120	84.5
9.0	104	33.0
10.0	106	36.0
11.0	98	24.0
12.0	119	31.0
13.0	81	98.0
14.0	101	41.0
15.0	99	37.0
16.0	125	31.0
17.0	120	38.0
18.0	89	45.0
19.0	116	27.5
20.0	118	34.0
21.0	102	113.0
22.0	98	49.0
23.0	123	73.0
24.0	117	95.5
25.0	123	41.0
26.0	108	27.0
27.0	93	72.5
28.0	118	77.0
29.0	113	24.0
30.0	124	22.0
31.0	112	54.0
32.0	38	67.0
33.0	87	18.0
34.0	0	80.0
35.0	0	38.0
36.0	0	45.0
37.0	0	49.0
38.0	0	102.5
39.0	121	98.0
40.0	85	57.5
41.0	105	33.0
42.0	115	75.0
43.0	135	41.0
44.0	154	114.0
45.0	136	126.0
46.0	150	61.0
47.0	106	92.0
48.0	23	28.5
49.0	121	25.0
50.0	97	57.0
51.0	121	23.0
52.0	114	93.0
53.0	166	35.0
54.0	158	46.5
55.0	143	33.0
56.0	118	107.5
57.0	148	92.0
58.0	184	16.0
59.0	221	48.0
60.0	229	58.0
61.0	208	24.0
62.0	117	62.0
63.0	20	20.0
64.0	26	63.0
65.0	21	53.0
66.0	27	31.0
67.0	28	37.0
68.0	32	36.0
69.0	109	35.0
70.0	99	25.0
71.0	95	25.5
72.0	123	86.5
73.0	117	65.5
74.0	113	42.0
75.0	113	98.5
76.0	95	21.0
77.0	118	163.0
78.0	123	19.0
79.0	110	40.5
80.0	95	32.0
81.0	104	144.0
82.0	115	32.0
83.0	118	24.0
84.0	109	99.5
85.0	117	41.0
86.0	125	21.0
87.0	109	64.0
88.0	121	22.5
89.0	104	91.0
90.0	115	28.0
91.0	113	36.5
92.0	98	103.0
93.0	100	37.0
94.0	125	25.0
95.0	85	75.0
96.0	97	83.5
97.0	101	29.0
98.0	114	61.0
99.0	111	58.0
100.0	108	58.0
101.0	115	62.0
102.0	93	102.0
103.0	99	25.5
104.0	84	30.0
105.0	78	29.5
106.0	92	50.0
107.0	96	35.0
108.0	87	77.0
109.0	108	33.0
110.0	136	67.5
111.0	151	33.5
112.0	110	23.0
113.0	303	34.0
114.0	387	56.0
115.0	544	22.5
116.0	554	28.0
117.0	303	57.0
118.0	204	47.0
119.0	247	90.5
120.0	41	53.0
121.0	75	88.5
122.0	38	102.5
123.0	64	48.5
124.0	155	23.5
125.0	219	97.0
126.0	25	71.5
127.0	29	63.0
128.0	30	49.5
129.0	22	40.0
130.0	11	71.0
131.0	108	97.0
132.0	137	52.0
133.0	152	33.0
134.0	161	39.0
135.0	123	103.5
136.0	125	188.5
137.0	128	47.0
138.0	141	34.0
139.0	142	36.0
140.0	170	38.5
141.0	200	92.0
142.0	258	108.5
143.0	324	34.0
144.0	386	30.0
145.0	362	56.0
146.0	446	99.0
147.0	489	37.0
148.0	625	94.0
149.0	699	43.0
150.0	784	25.0
151.0	703	15.5
152.0	1090	74.0
153.0	988	43.0
154.0	1030	15.0
155.0	774	112.0
156.0	1040	90.5
157.0	940	36.0
158.0	820	28.0
159.0	501	89.0
160.0	568	93.0
161.0	588	41.0
162.0	419	65.5
163.0	28	16.5
164.0	18	18.0
165.0	3	18.0
166.0	0	91.0
167.0	7	17.0
168.0	28	69.0
169.0	33	26.0
170.0	22	104.5
171.0	24	36.0
172.0	6	121.0
173.0	22	30.0
174.0	107	69.0
175.0	104	69.0
176.0	38	35.0
177.0	77	70.0
178.0	90	36.0
179.0	90	69.0
180.0	102	89.5
181.0	107	26.0
182.0	142	37.0
183.0	189	45.5
184.0	26	141.0
185.0	0	15.0
186.0	0	57.0
187.0	77	27.0
188.0	122	22.0
189.0	133	45.0
190.0	341	26.5
191.0	502	41.5
192.0	727	20.0
193.0	778	68.0
194.0	746	119.5
195.0	726	70.0
196.0	786	45.0
197.0	883	76.0
198.0	807	70.5
199.0	800	86.0
200.0	778	62.0
201.0	592	149.0
202.0	740	73.0
203.0	877	72.0
204.0	909	64.0
205.0	870	70.0
206.0	718	140.5
207.0	968	35.5
208.0	1050	121.5
209.0	1020	50.0
210.0	797	86.0
211.0	828	110.5
212.0	821	62.5
213.0	731	88.5
214.0	853	73.0
215.0	1090	41.0
216.0	779	101.0
217.0	897	48.0
218.0	458	99.0
219.0	370	98.0
220.0	725	17.0
221.0	280	19.5
222.0	467	62.5
223.0	511	71.5
224.0	602	59.0
225.0	205	18.0
226.0	7	38.5
227.0	90	30.0
228.0	107	20.0
229.0	125	15.0
230.0	450	29.0
231.0	517	89.0
232.0	572	17.5
233.0	600	55.0
234.0	720	124.0
235.0	269	34.0
236.0	414	64.0
237.0	605	46.0
238.0	141	23.0
239.0	0	45.5
240.0	0	39.0
241.0	0	26.0
242.0	79	79.0
243.0	125	33.0
244.0	116	98.0
245.0	87	200.0
246.0	106	51.0
247.0	98	22.0
248.0	123	36.5
249.0	9	57.0
250.0	16	28.0
