1.0	13	20.0
2.0	22	63.0
3.0	47	65.0
4.0	86	83.0
5.0	121	41.0
6.0	180	37.0
7.0	276	69.5
8.0	419	27.0
9.0	387	83.5
10.0	124	28.0
11.0	123	91.5
12.0	301	20.0
13.0	296	89.0
14.0	0	18.0
15.0	78	90.0
16.0	102	40.0
17.0	114	26.0
18.0	112	91.5
19.0	110	33.0
20.0	87	23.0
21.0	105	78.0
22.0	116	21.0
23.0	122	17.0
24.0	111	31.0
25.0	54	38.0
26.0	190	55.5
27.0	93	48.0
28.0	82	39.0
29.0	13	35.0
30.0	78	69.5
31.0	115	24.0
32.0	145	78.5
33.0	186	16.0
34.0	251	23.0
35.0	259	145.5
36.0	304	62.5
37.0	323	16.0
38.0	295	29.0
39.0	333	67.5
40.0	379	47.0
41.0	412	30.5
42.0	388	40.0
43.0	457	72.0
44.0	424	48.0
45.0	429	23.0
46.0	513	189.0
47.0	509	54.0
48.0	595	47.5
49.0	492	54.0
50.0	252	21.5
51.0	10	68.0
52.0	13	49.0
53.0	29	22.0
54.0	20	91.5
55.0	15	38.0
56.0	31	15.0
57.0	30	23.5
58.0	80	52.0
59.0	125	72.0
60.0	118	24.5
61.0	117	23.0
62.0	112	16.5
63.0	112	67.5
64.0	113	112.0
65.0	117	90.0
66.0	120	18.0
67.0	108	97.0
68.0	92	42.5
69.0	120	66.5
70.0	119	89.0
71.0	115	26.5
72.0	123	57.0
73.0	86	26.0
74.0	84	31.5
75.0	125	15.0
76.0	96	107.5
77.0	106	113.0
78.0	108	90.0
79.0	123	30.5
80.0	104	94.0
81.0	121	17.0
82.0	92	152.5
83.0	117	90.0
84.0	89	27.0
85.0	114	16.0
86.0	110	37.0
87.0	102	41.0
88.0	109	51.0
89.0	100	61.5
90.0	113	106.5
91.0	119	55.0
92.0	121	15.0
93.0	114	90.0
94.0	94	47.5
95.0	104	32.5
96.0	94	111.0
97.0	108	24.0
98.0	106	76.5
99.0	94	85.0
100.0	105	68.5
101.0	80	36.5
102.0	111	26.5
103.0	122	41.0
104.0	123	41.0
105.0	122	51.0
106.0	107	125.0
107.0	86	37.5
108.0	89	20.5
109.0	81	16.0
110.0	60	114.5
111.0	89	84.0
112.0	93	178.0
113.0	109	41.5
114.0	138	32.0
115.0	170	28.5
116.0	102	26.0
117.0	210	21.0
118.0	122	35.0
119.0	111	96.0
120.0	45	69.0
121.0	125	80.0
122.0	125	34.0
123.0	121	45.0
124.0	224	46.0
125.0	187	28.0
126.0	156	26.5
127.0	173	38.0
128.0	155	29.0
129.0	139	48.0
130.0	177	100.0
131.0	207	93.5
132.0	219	162.5
133.0	228	114.0
134.0	276	30.5
135.0	383	53.0
136.0	322	25.5
137.0	422	34.0
138.0	409	21.0
139.0	435	84.5
140.0	547	65.5
141.0	572	37.0
142.0	519	16.5
143.0	610	56.5
144.0	638	62.5
145.0	526	19.0
146.0	604	14.5
147.0	611	48.0
148.0	1060	67.0
149.0	828	69.0
150.0	608	17.0
151.0	661	17.5
152.0	619	45.0
153.0	505	28.0
154.0	826	18.0
155.0	840	47.0
156.0	809	87.5
157.0	807	27.5
158.0	935	112.5
159.0	946	37.0
160.0	777	30.0
161.0	668	58.0
162.0	740	36.0
163.0	695	16.0
164.0	810	59.0
165.0	845	17.0
166.0	602	23.5
167.0	154	54.5
168.0	11	40.0
169.0	4	25.0
170.0	36	101.0
171.0	291	86.5
172.0	483	119.0
173.0	12	99.0
174.0	100	119.5
175.0	102	69.0
176.0	310	44.5
177.0	820	45.5
178.0	667	23.0
179.0	813	17.0
180.0	563	50.5
181.0	422	30.0
182.0	126	102.0
183.0	37	86.0
184.0	6	22.0
185.0	101	63.0
186.0	101	15.0
187.0	318	27.5
188.0	375	68.5
189.0	376	53.0
190.0	338	113.5
191.0	399	56.5
192.0	341	39.0
193.0	392	45.0
194.0	322	51.5
195.0	463	20.0
196.0	217	22.0
197.0	9	21.0
198.0	0	18.5
199.0	10	74.0
200.0	95	46.0
201.0	109	58.0
202.0	255	44.0
203.0	289	89.5
204.0	323	42.0
205.0	317	38.0
206.0	242	35.0
207.0	240	27.0
208.0	54	92.0
209.0	0	59.0
210.0	6	26.0
211.0	0	65.5
212.0	15	39.0
213.0	98	62.5
214.0	84	58.0
215.0	4	24.0
216.0	85	24.5
217.0	87	22.0
218.0	121	26.0
219.0	74	26.0
220.0	81	40.0
221.0	26	31.0
222.0	0	71.0
223.0	92	25.0
224.0	124	60.0
225.0	108	26.0
226.0	107	35.0
227.0	147	44.0
228.0	52	93.5
229.0	83	69.5
230.0	114	27.0
231.0	115	85.0
232.0	121	41.0
233.0	161	59.5
234.0	235	25.0
235.0	250	63.0
236.0	388	57.0
237.0	449	28.5
238.0	465	24.0
239.0	500	55.0
240.0	669	41.5
241.0	770	71.5
242.0	747	114.0
243.0	868	25.0
244.0	912	24.0
245.0	1110	28.0
246.0	973	33.0
247.0	996	33.0
248.0	1140	212.0
249.0	1260	57.0
250.0	1050	32.0
