1.0	167	17.0
2.0	327	44.0
3.0	356	107.0
4.0	349	24.0
5.0	326	28.5
6.0	356	48.0
7.0	142	91.5
8.0	82	113.0
9.0	100	42.0
10.0	92	43.0
11.0	108	15.5
12.0	232	85.0
13.0	159	34.0
14.0	0	29.0
15.0	4	82.0
16.0	94	21.5
17.0	120	141.0
18.0	117	24.0
19.0	91	22.0
20.0	119	88.0
21.0	115	24.5
22.0	102	86.0
23.0	113	35.5
24.0	158	82.5
25.0	156	39.0
26.0	44	98.0
27.0	16	91.0
28.0	21	51.0
29.0	103	55.0
30.0	246	41.5
31.0	430	35.0
32.0	499	98.5
33.0	546	109.0
34.0	583	36.0
35.0	242	57.0
36.0	0	115.0
37.0	0	28.0
38.0	0	43.0
39.0	0	28.5
40.0	0	23.0
41.0	0	96.5
42.0	0	41.0
43.0	93	171.0
44.0	102	174.0
45.0	116	18.0
46.0	122	48.0
47.0	109	50.0
48.0	79	34.0
49.0	108	61.0
50.0	150	48.5
51.0	264	40.0
52.0	371	93.5
53.0	384	103.0
54.0	282	29.5
55.0	121	29.0
56.0	111	62.0
57.0	93	26.0
58.0	213	29.0
59.0	413	64.5
60.0	431	55.0
61.0	500	97.5
62.0	492	66.0
63.0	464	45.5
64.0	507	16.0
65.0	527	87.0
66.0	520	22.0
67.0	530	34.0
68.0	547	31.0
69.0	628	140.0
70.0	672	89.0
71.0	672	60.0
72.0	748	39.0
73.0	835	20.5
74.0	918	18.0
75.0	631	38.0
76.0	857	43.0
77.0	808	114.5
78.0	742	15.5
79.0	553	27.0
80.0	461	121.0
81.0	21	16.0
82.0	116	61.0
83.0	105	125.0
84.0	59	55.0
85.0	103	26.0
86.0	96	31.5
87.0	361	77.0
88.0	240	63.0
89.0	296	128.0
90.0	137	99.5
91.0	220	84.0
92.0	269	33.5
93.0	119	15.0
94.0	275	66.0
95.0	69	43.0
96.0	78	55.5
97.0	78	34.0
98.0	76	75.0
99.0	79	43.0
100.0	104	33.0
101.0	113	35.0
102.0	319	31.0
103.0	377	85.5
104.0	445	34.5
105.0	387	76.0
106.0	356	33.0
107.0	386	67.5
108.0	411	27.0
109.0	388	25.5
110.0	418	137.0
111.0	434	26.0
112.0	470	38.0
113.0	471	48.0
114.0	468	40.0
115.0	538	36.0
116.0	557	32.0
117.0	543	72.0
118.0	594	113.5
119.0	651	32.0
120.0	666	46.0
121.0	547	48.0
122.0	572	52.5
123.0	583	16.0
124.0	183	63.5
125.0	108	44.0
126.0	110	31.0
127.0	473	33.0
128.0	500	17.0
129.0	444	39.0
130.0	430	93.5
131.0	571	32.0
132.0	502	16.0
133.0	291	45.0
134.0	97	38.0
135.0	119	102.0
136.0	357	107.5
137.0	379	63.0
138.0	386	49.0
139.0	427	115.0
140.0	445	32.0
141.0	435	17.0
142.0	414	111.5
143.0	230	39.0
144.0	135	103.0
145.0	158	51.0
146.0	131	21.0
147.0	224	163.0
148.0	99	15.0
149.0	107	41.0
150.0	208	29.0
151.0	289	52.0
152.0	389	65.5
153.0	278	73.5
154.0	338	54.0
155.0	164	55.0
156.0	164	91.5
157.0	141	65.5
158.0	135	66.0
159.0	145	64.0
160.0	136	82.5
161.0	119	32.5
162.0	97	53.0
163.0	97	75.0
164.0	99	33.0
165.0	82	16.0
166.0	81	59.0
167.0	38	55.0
168.0	186	33.0
169.0	87	44.0
170.0	321	31.0
171.0	306	14.5
172.0	4	59.0
173.0	177	29.0
174.0	139	16.0
175.0	116	111.5
176.0	494	83.0
177.0	491	43.0
178.0	458	23.0
179.0	498	79.0
180.0	322	27.0
181.0	111	71.0
182.0	109	66.0
183.0	104	25.0
184.0	114	71.5
185.0	116	69.0
186.0	124	43.0
187.0	461	28.5
188.0	288	91.0
189.0	554	35.0
190.0	572	48.5
191.0	520	39.5
192.0	624	39.0
193.0	114	40.0
194.0	111	18.5
195.0	124	28.0
196.0	367	25.0
197.0	401	91.0
198.0	404	106.5
199.0	458	19.0
200.0	107	101.0
201.0	133	55.0
202.0	112	58.0
203.0	171	61.5
204.0	182	181.0
205.0	114	51.0
206.0	164	56.5
207.0	128	80.0
208.0	116	96.0
209.0	127	21.0
210.0	95	115.0
211.0	234	99.0
212.0	362	62.0
213.0	462	102.0
214.0	485	33.0
215.0	483	63.0
216.0	468	19.0
217.0	518	87.5
218.0	515	58.5
219.0	541	44.0
220.0	658	27.0
221.0	699	51.0
222.0	648	98.0
223.0	684	56.0
224.0	727	15.0
225.0	575	23.0
226.0	681	91.5
227.0	656	32.5
228.0	609	61.0
229.0	568	94.0
230.0	662	43.0
231.0	641	53.0
232.0	539	33.0
233.0	586	94.0
234.0	584	34.0
235.0	673	37.0
236.0	584	64.0
237.0	614	20.0
238.0	594	94.5
239.0	602	95.0
240.0	549	23.0
241.0	549	57.0
242.0	599	56.0
243.0	627	143.0
244.0	571	29.0
245.0	577	29.0
246.0	571	115.0
247.0	546	50.0
248.0	650	19.0
249.0	742	20.0
250.0	843	32.5
