1.0	713	36.5
2.0	636	113.0
3.0	730	32.5
4.0	631	38.0
5.0	182	57.0
6.0	223	36.0
7.0	603	84.5
8.0	583	105.0
9.0	678	29.0
10.0	407	46.5
11.0	112	18.5
12.0	117	29.5
13.0	115	75.0
14.0	81	65.5
15.0	122	57.0
16.0	113	199.0
17.0	121	31.0
18.0	117	99.0
19.0	124	15.0
20.0	121	106.5
21.0	78	24.0
22.0	98	40.0
23.0	88	48.5
24.0	86	31.5
25.0	88	35.0
26.0	346	108.0
27.0	626	56.0
28.0	673	87.0
29.0	309	48.0
30.0	2	20.5
31.0	0	87.0
32.0	97	86.5
33.0	100	33.0
34.0	581	58.0
35.0	844	35.5
36.0	897	15.0
37.0	866	50.0
38.0	818	23.0
39.0	1080	29.0
40.0	1460	66.0
41.0	1490	21.0
42.0	1000	31.5
43.0	155	34.5
44.0	11	59.5
45.0	109	16.0
46.0	105	88.0
47.0	91	42.0
48.0	92	94.0
49.0	90	166.0
50.0	104	34.0
51.0	119	30.5
52.0	98	42.5
53.0	94	100.0
54.0	121	34.0
55.0	114	144.0
56.0	98	77.5
57.0	100	21.5
58.0	117	20.0
59.0	78	88.0
60.0	124	54.0
61.0	114	90.0
62.0	101	30.5
63.0	117	39.0
64.0	110	65.0
65.0	92	60.5
66.0	110	39.0
67.0	112	116.5
68.0	120	62.0
69.0	103	114.0
70.0	107	20.5
71.0	123	27.0
72.0	121	16.0
73.0	90	31.5
74.0	117	62.0
75.0	93	37.5
76.0	111	107.0
77.0	92	39.0
78.0	107	95.0
79.0	97	38.0
80.0	124	50.0
81.0	89	17.0
82.0	119	29.0
83.0	125	49.0
84.0	96	23.5
85.0	118	62.5
86.0	120	30.0
87.0	123	21.0
88.0	113	182.0
89.0	125	81.0
90.0	108	119.0
91.0	109	20.0
92.0	102	72.5
93.0	40	51.0
94.0	26	88.0
95.0	0	73.0
96.0	0	32.5
97.0	86	23.0
98.0	122	18.5
99.0	178	70.0
100.0	231	41.0
101.0	532	27.0
102.0	651	75.0
103.0	397	42.0
104.0	484	16.5
105.0	521	92.0
106.0	251	48.0
107.0	482	29.5
108.0	232	65.5
109.0	515	19.5
110.0	632	45.0
111.0	588	36.0
112.0	716	70.0
113.0	831	25.0
114.0	903	36.0
115.0	253	81.0
116.0	675	49.5
117.0	768	22.5
118.0	793	41.5
119.0	648	17.0
120.0	831	109.0
121.0	858	157.0
122.0	945	20.5
123.0	918	21.0
124.0	1070	109.0
125.0	1190	26.0
126.0	1220	72.5
127.0	1310	23.5
128.0	1350	35.0
129.0	1430	22.0
130.0	1480	192.0
131.0	1510	88.0
132.0	1460	58.0
133.0	1410	39.5
134.0	1560	36.5
135.0	774	92.0
136.0	914	28.5
137.0	1270	31.0
138.0	1460	55.5
139.0	1500	71.5
140.0	1230	61.5
141.0	1350	17.5
142.0	1200	26.0
143.0	1540	17.5
144.0	1300	22.5
145.0	1690	64.5
146.0	1150	20.0
147.0	848	70.5
148.0	1020	34.5
149.0	880	23.5
150.0	974	38.5
151.0	905	50.0
152.0	758	25.5
153.0	647	104.0
154.0	787	39.0
155.0	626	92.0
156.0	601	35.0
157.0	393	84.0
158.0	6	41.0
159.0	2	35.0
160.0	0	19.0
161.0	1	14.5
162.0	5	138.5
163.0	119	22.0
164.0	5	57.0
165.0	1	23.0
166.0	15	31.0
167.0	90	21.0
168.0	85	22.0
169.0	675	81.0
170.0	1330	92.5
171.0	648	40.0
172.0	522	62.5
173.0	420	110.0
174.0	4	206.0
175.0	1	135.5
176.0	9	66.0
177.0	0	61.0
178.0	5	91.0
179.0	109	69.5
180.0	101	26.0
181.0	710	75.5
182.0	900	25.0
183.0	900	62.0
184.0	742	36.0
185.0	1070	22.5
186.0	1180	41.5
187.0	1200	48.0
188.0	1110	22.0
189.0	1290	35.0
190.0	1320	16.0
191.0	1050	44.0
192.0	539	43.0
193.0	477	37.0
194.0	17	18.0
195.0	6	39.5
196.0	0	33.0
197.0	5	39.0
198.0	96	43.0
199.0	121	75.0
200.0	512	88.0
201.0	718	20.0
202.0	495	34.0
203.0	16	33.0
204.0	0	59.0
205.0	0	61.0
206.0	94	74.0
207.0	107	18.5
208.0	249	16.0
209.0	498	37.5
210.0	343	47.0
211.0	400	56.0
212.0	498	89.5
213.0	491	52.0
214.0	487	32.5
215.0	752	76.5
216.0	505	20.0
217.0	582	69.5
218.0	870	14.5
219.0	630	16.0
220.0	819	17.0
221.0	223	32.0
222.0	6	81.5
223.0	0	20.0
224.0	0	23.0
225.0	123	22.0
226.0	89	19.0
227.0	125	29.0
228.0	114	27.0
229.0	113	54.0
