1.0	562.0
2.0	296.0
3.0	118.0
4.0	112.0
5.0	111.0
6.0	124.0
7.0	93.0
8.0	218.0
9.0	331.0
10.0	386.0
11.0	369.0
12.0	226.0
13.0	298.0
14.0	242.0
15.0	440.0
16.0	484.0
17.0	534.0
18.0	710.0
19.0	778.0
20.0	801.0
21.0	792.0
22.0	848.0
23.0	802.0
24.0	938.0
25.0	867.0
26.0	800.0
27.0	816.0
28.0	808.0
29.0	729.0
30.0	742.0
31.0	826.0
32.0	912.0
33.0	914.0
34.0	986.0
35.0	927.0
36.0	1040.0
37.0	809.0
38.0	692.0
39.0	0.0
40.0	4.0
41.0	110.0
42.0	87.0
43.0	116.0
44.0	106.0
45.0	107.0
46.0	120.0
47.0	101.0
48.0	114.0
49.0	82.0
50.0	95.0
51.0	95.0
52.0	87.0
53.0	118.0
54.0	82.0
55.0	115.0
56.0	119.0
57.0	119.0
58.0	109.0
59.0	108.0
60.0	125.0
61.0	96.0
62.0	116.0
63.0	103.0
64.0	101.0
65.0	108.0
66.0	84.0
67.0	97.0
68.0	102.0
69.0	105.0
70.0	95.0
71.0	71.0
72.0	82.0
73.0	101.0
74.0	22.0
75.0	101.0
76.0	83.0
77.0	114.0
78.0	114.0
79.0	107.0
80.0	88.0
81.0	12.0
82.0	104.0
83.0	87.0
84.0	118.0
85.0	106.0
86.0	85.0
87.0	124.0
88.0	79.0
89.0	104.0
90.0	124.0
91.0	174.0
92.0	200.0
93.0	313.0
94.0	378.0
95.0	471.0
96.0	494.0
97.0	615.0
98.0	632.0
99.0	508.0
100.0	557.0
101.0	588.0
102.0	682.0
103.0	1070.0
104.0	1030.0
105.0	1160.0
106.0	1490.0
107.0	1580.0
108.0	1290.0
109.0	746.0
110.0	780.0
111.0	855.0
112.0	1250.0
113.0	850.0
114.0	737.0
115.0	726.0
116.0	725.0
117.0	338.0
118.0	145.0
119.0	17.0
120.0	1.0
121.0	19.0
122.0	36.0
123.0	3.0
124.0	6.0
125.0	124.0
126.0	97.0
127.0	112.0
128.0	285.0
129.0	290.0
130.0	383.0
131.0	341.0
132.0	403.0
133.0	453.0
134.0	440.0
135.0	512.0
136.0	579.0
137.0	576.0
138.0	567.0
139.0	714.0
140.0	740.0
141.0	926.0
142.0	880.0
143.0	824.0
144.0	877.0
145.0	746.0
146.0	856.0
147.0	815.0
148.0	823.0
149.0	1040.0
150.0	1010.0
151.0	1440.0
152.0	1750.0
153.0	1630.0
154.0	1370.0
155.0	1080.0
156.0	585.0
157.0	20.0
158.0	0.0
159.0	6.0
160.0	61.0
161.0	102.0
162.0	115.0
163.0	107.0
164.0	110.0
165.0	121.0
166.0	117.0
167.0	120.0
168.0	107.0
169.0	62.0
170.0	310.0
171.0	571.0
172.0	558.0
173.0	530.0
174.0	520.0
175.0	521.0
176.0	573.0
177.0	181.0
178.0	279.0
179.0	606.0
180.0	930.0
181.0	837.0
182.0	807.0
183.0	985.0
184.0	947.0
185.0	1170.0
186.0	1040.0
187.0	940.0
188.0	985.0
189.0	1120.0
190.0	1110.0
191.0	1030.0
192.0	920.0
193.0	1150.0
194.0	1170.0
195.0	1080.0
196.0	1070.0
197.0	1120.0
198.0	1120.0
199.0	1060.0
200.0	1070.0
201.0	988.0
202.0	947.0
203.0	1120.0
204.0	1140.0
205.0	1250.0
206.0	1030.0
207.0	960.0
208.0	1260.0
209.0	1080.0
210.0	891.0
211.0	925.0
212.0	969.0
213.0	1030.0
214.0	1170.0
215.0	1040.0
216.0	1060.0
217.0	1070.0
218.0	847.0
219.0	1090.0
220.0	921.0
221.0	870.0
222.0	349.0
223.0	117.0
224.0	109.0
225.0	968.0
226.0	882.0
227.0	988.0
228.0	1160.0
229.0	1080.0
230.0	1060.0
231.0	791.0
232.0	1060.0
233.0	901.0
234.0	1050.0
235.0	862.0
236.0	774.0
237.0	917.0
238.0	965.0
239.0	1230.0
240.0	1030.0
241.0	965.0
242.0	858.0
243.0	845.0
244.0	1040.0
245.0	924.0
246.0	1020.0
247.0	1050.0
248.0	1160.0
249.0	995.0
250.0	1170.0
251.0	1170.0
252.0	1100.0
253.0	1050.0
254.0	1010.0
255.0	1040.0
256.0	1080.0
257.0	967.0
258.0	915.0
259.0	1070.0
260.0	1190.0
261.0	1110.0
262.0	964.0
263.0	937.0
264.0	920.0
265.0	1200.0
266.0	1010.0
267.0	1010.0
268.0	1020.0
269.0	1020.0
270.0	973.0
271.0	1040.0
272.0	1150.0
273.0	1050.0
274.0	1130.0
275.0	1030.0
276.0	1120.0
277.0	1240.0
278.0	1080.0
279.0	1100.0
280.0	1070.0
281.0	922.0
282.0	960.0
283.0	861.0
284.0	775.0
285.0	830.0
286.0	408.0
287.0	106.0
288.0	117.0
289.0	112.0
290.0	93.0
291.0	638.0
292.0	587.0
293.0	631.0
294.0	646.0
295.0	681.0
296.0	742.0
297.0	321.0
298.0	0.0
299.0	480.0
300.0	820.0
301.0	867.0
302.0	735.0
303.0	712.0
304.0	802.0
305.0	67.0
306.0	100.0
307.0	91.0
308.0	120.0
309.0	314.0
310.0	656.0
311.0	627.0
312.0	670.0
313.0	708.0
314.0	637.0
315.0	637.0
316.0	195.0
317.0	681.0
318.0	745.0
319.0	854.0
320.0	1110.0
321.0	935.0
322.0	987.0
323.0	771.0
324.0	830.0
325.0	921.0
326.0	948.0
327.0	974.0
328.0	974.0
329.0	810.0
330.0	934.0
331.0	935.0
332.0	984.0
333.0	844.0
334.0	1040.0
335.0	965.0
336.0	1030.0
337.0	870.0
338.0	914.0
339.0	931.0
340.0	918.0
341.0	785.0
342.0	908.0
343.0	992.0
344.0	1030.0
345.0	956.0
346.0	1030.0
347.0	921.0
348.0	950.0
349.0	848.0
350.0	916.0
351.0	956.0
352.0	1010.0
353.0	799.0
354.0	992.0
355.0	931.0
356.0	878.0
357.0	873.0
358.0	887.0
359.0	906.0
360.0	677.0
361.0	664.0
362.0	474.0
363.0	247.0
364.0	636.0
365.0	440.0
366.0	590.0
367.0	496.0
368.0	141.0
369.0	70.0
370.0	249.0
371.0	88.0
372.0	62.0
373.0	37.0
374.0	115.0
375.0	113.0
376.0	116.0
377.0	111.0
378.0	103.0
379.0	118.0
380.0	119.0
381.0	692.0
382.0	704.0
383.0	654.0
384.0	843.0
385.0	303.0
386.0	404.0
387.0	604.0
388.0	353.0
389.0	207.0
390.0	322.0
391.0	193.0
392.0	47.0
393.0	161.0
394.0	128.0
395.0	62.0
396.0	99.0
397.0	43.0
398.0	36.0
399.0	125.0
400.0	96.0
401.0	118.0
402.0	157.0
403.0	152.0
404.0	219.0
405.0	232.0
406.0	257.0
407.0	323.0
408.0	475.0
409.0	422.0
410.0	565.0
411.0	406.0
412.0	115.0
413.0	118.0
414.0	586.0
415.0	695.0
416.0	780.0
417.0	794.0
418.0	636.0
419.0	664.0
420.0	718.0
421.0	799.0
422.0	751.0
423.0	817.0
424.0	826.0
425.0	916.0
426.0	871.0
427.0	960.0
428.0	980.0
429.0	972.0
430.0	977.0
431.0	933.0
432.0	957.0
433.0	953.0
434.0	882.0
435.0	419.0
436.0	31.0
437.0	4.0
438.0	28.0
439.0	98.0
440.0	52.0
441.0	13.0
442.0	5.0
443.0	104.0
444.0	104.0
445.0	117.0
446.0	94.0
447.0	88.0
448.0	120.0
449.0	118.0
450.0	112.0
451.0	123.0
452.0	95.0
453.0	117.0
454.0	113.0
455.0	121.0
456.0	122.0
457.0	117.0
458.0	125.0
459.0	124.0
460.0	115.0
461.0	120.0
462.0	122.0
463.0	95.0
464.0	90.0
465.0	115.0
466.0	114.0
467.0	111.0
468.0	109.0
469.0	112.0
470.0	119.0
471.0	118.0
472.0	116.0
473.0	111.0
474.0	111.0
475.0	87.0
476.0	120.0
477.0	119.0
478.0	113.0
479.0	119.0
480.0	101.0
481.0	20.0
482.0	24.0
483.0	25.0
484.0	36.0
485.0	46.0
486.0	50.0
487.0	75.0
488.0	112.0
489.0	115.0
490.0	91.0
491.0	142.0
492.0	171.0
493.0	191.0
494.0	182.0
495.0	183.0
496.0	214.0
497.0	218.0
498.0	36.0
499.0	33.0
500.0	24.0
501.0	100.0
502.0	111.0
503.0	175.0
504.0	235.0
505.0	208.0
506.0	197.0
507.0	259.0
508.0	227.0
509.0	607.0
510.0	292.0
511.0	376.0
512.0	383.0
513.0	370.0
514.0	491.0
515.0	647.0
516.0	641.0
517.0	805.0
518.0	942.0
519.0	992.0
520.0	1110.0
521.0	1020.0
522.0	1510.0
523.0	1430.0
524.0	1240.0
525.0	1350.0
526.0	1180.0
527.0	1350.0
528.0	1390.0
529.0	1330.0
530.0	1440.0
531.0	1390.0
532.0	1460.0
533.0	1280.0
534.0	1220.0
535.0	1220.0
536.0	1010.0
537.0	928.0
538.0	1170.0
539.0	915.0
540.0	941.0
541.0	822.0
542.0	594.0
543.0	13.0
544.0	16.0
545.0	0.0
546.0	0.0
547.0	84.0
548.0	109.0
549.0	522.0
550.0	1050.0
551.0	1080.0
552.0	1140.0
553.0	1170.0
554.0	1150.0
555.0	1230.0
556.0	1220.0
557.0	1250.0
558.0	1300.0
559.0	1380.0
560.0	1360.0
561.0	1300.0
562.0	1250.0
563.0	1410.0
564.0	1340.0
565.0	1260.0
566.0	945.0
567.0	1070.0
568.0	1030.0
569.0	18.0
570.0	1.0
571.0	0.0
572.0	112.0
573.0	122.0
574.0	648.0
575.0	1180.0
576.0	911.0
577.0	1040.0
578.0	914.0
579.0	991.0
580.0	967.0
581.0	896.0
582.0	981.0
583.0	1070.0
584.0	1030.0
585.0	932.0
586.0	872.0
587.0	1040.0
588.0	1010.0
589.0	1040.0
590.0	1030.0
591.0	1020.0
592.0	320.0
593.0	182.0
594.0	164.0
595.0	99.0
596.0	701.0
597.0	937.0
598.0	805.0
599.0	1000.0
600.0	899.0
601.0	945.0
602.0	926.0
603.0	940.0
604.0	677.0
605.0	982.0
606.0	995.0
607.0	946.0
608.0	967.0
609.0	939.0
610.0	925.0
611.0	1080.0
612.0	969.0
613.0	880.0
614.0	957.0
615.0	956.0
616.0	882.0
617.0	811.0
618.0	329.0
619.0	100.0
620.0	114.0
621.0	109.0
622.0	112.0
623.0	431.0
624.0	857.0
625.0	754.0
626.0	695.0
627.0	204.0
628.0	22.0
629.0	1.0
630.0	654.0
631.0	763.0
632.0	763.0
633.0	319.0
634.0	101.0
635.0	122.0
636.0	86.0
637.0	374.0
638.0	591.0
639.0	285.0
640.0	13.0
641.0	108.0
642.0	120.0
643.0	124.0
644.0	299.0
645.0	354.0
646.0	419.0
647.0	380.0
648.0	422.0
649.0	397.0
650.0	483.0
651.0	487.0
652.0	528.0
653.0	510.0
654.0	480.0
655.0	627.0
656.0	534.0
657.0	532.0
658.0	578.0
659.0	590.0
660.0	631.0
661.0	803.0
662.0	748.0
663.0	846.0
664.0	757.0
665.0	858.0
666.0	844.0
667.0	769.0
668.0	818.0
669.0	971.0
670.0	867.0
671.0	793.0
672.0	993.0
673.0	906.0
674.0	1080.0
675.0	1040.0
676.0	745.0
677.0	945.0
678.0	908.0
679.0	561.0
680.0	576.0
681.0	747.0
682.0	1150.0
683.0	1040.0
684.0	804.0
685.0	854.0
686.0	838.0
687.0	750.0
688.0	771.0
689.0	733.0
690.0	1030.0
691.0	895.0
692.0	885.0
693.0	780.0
694.0	712.0
695.0	850.0
696.0	763.0
697.0	827.0
698.0	841.0
699.0	790.0
700.0	789.0
701.0	1100.0
702.0	941.0
703.0	1230.0
704.0	287.0
705.0	28.0
706.0	123.0
707.0	84.0
708.0	116.0
709.0	507.0
710.0	581.0
711.0	497.0
712.0	307.0
713.0	116.0
714.0	92.0
715.0	134.0
716.0	177.0
717.0	257.0
718.0	353.0
719.0	360.0
720.0	415.0
721.0	375.0
722.0	364.0
723.0	465.0
724.0	423.0
725.0	426.0
726.0	499.0
727.0	535.0
728.0	559.0
729.0	464.0
730.0	548.0
731.0	570.0
732.0	598.0
733.0	613.0
734.0	610.0
735.0	618.0
736.0	763.0
737.0	606.0
738.0	568.0
739.0	566.0
740.0	677.0
741.0	635.0
742.0	742.0
743.0	601.0
744.0	634.0
745.0	570.0
746.0	497.0
747.0	617.0
748.0	517.0
749.0	483.0
750.0	562.0
751.0	532.0
752.0	672.0
753.0	487.0
754.0	590.0
755.0	682.0
756.0	621.0
757.0	630.0
758.0	521.0
759.0	558.0
760.0	528.0
761.0	464.0
762.0	493.0
763.0	524.0
764.0	499.0
765.0	512.0
766.0	292.0
767.0	118.0
768.0	125.0
769.0	93.0
770.0	122.0
771.0	82.0
772.0	120.0
773.0	120.0
774.0	115.0
775.0	80.0
776.0	108.0
777.0	156.0
778.0	192.0
779.0	208.0
780.0	233.0
781.0	224.0
782.0	276.0
783.0	304.0
784.0	348.0
785.0	426.0
786.0	487.0
787.0	526.0
788.0	603.0
789.0	656.0
790.0	670.0
791.0	780.0
792.0	732.0
