1.0	78.0
2.0	117.0
3.0	110.0
4.0	108.0
5.0	100.0
6.0	124.0
7.0	109.0
8.0	108.0
9.0	87.0
10.0	116.0
11.0	86.0
12.0	124.0
13.0	8.0
14.0	4.0
15.0	110.0
16.0	75.0
17.0	13.0
18.0	4.0
19.0	116.0
20.0	112.0
21.0	115.0
22.0	98.0
23.0	13.0
24.0	112.0
25.0	91.0
26.0	116.0
27.0	108.0
28.0	95.0
29.0	125.0
30.0	96.0
31.0	54.0
32.0	13.0
33.0	106.0
34.0	107.0
35.0	121.0
36.0	96.0
37.0	101.0
38.0	107.0
39.0	110.0
40.0	112.0
41.0	148.0
42.0	143.0
43.0	195.0
44.0	141.0
45.0	14.0
46.0	44.0
47.0	14.0
48.0	41.0
49.0	30.0
50.0	29.0
51.0	121.0
52.0	119.0
53.0	123.0
54.0	102.0
55.0	106.0
56.0	114.0
57.0	106.0
58.0	83.0
59.0	112.0
60.0	105.0
61.0	110.0
62.0	87.0
63.0	118.0
64.0	106.0
65.0	115.0
66.0	109.0
67.0	110.0
68.0	95.0
69.0	109.0
70.0	112.0
71.0	122.0
72.0	108.0
73.0	111.0
74.0	116.0
75.0	24.0
76.0	9.0
77.0	125.0
78.0	108.0
79.0	47.0
80.0	15.0
81.0	104.0
82.0	89.0
83.0	109.0
84.0	99.0
85.0	108.0
86.0	91.0
87.0	124.0
88.0	59.0
89.0	96.0
90.0	87.0
91.0	31.0
92.0	33.0
93.0	19.0
94.0	97.0
95.0	118.0
96.0	131.0
97.0	140.0
98.0	157.0
99.0	159.0
100.0	182.0
101.0	192.0
102.0	257.0
103.0	292.0
104.0	340.0
105.0	391.0
106.0	500.0
107.0	598.0
108.0	581.0
109.0	272.0
110.0	227.0
111.0	400.0
112.0	624.0
113.0	678.0
114.0	685.0
115.0	717.0
116.0	665.0
117.0	493.0
118.0	718.0
119.0	729.0
120.0	751.0
121.0	92.0
122.0	0.0
123.0	116.0
124.0	104.0
125.0	109.0
126.0	121.0
127.0	105.0
128.0	96.0
129.0	449.0
130.0	791.0
131.0	693.0
132.0	878.0
133.0	969.0
134.0	924.0
135.0	905.0
136.0	760.0
137.0	738.0
138.0	510.0
139.0	22.0
140.0	301.0
141.0	30.0
142.0	67.0
143.0	31.0
144.0	13.0
145.0	39.0
146.0	85.0
147.0	98.0
148.0	125.0
149.0	303.0
150.0	358.0
151.0	14.0
152.0	2.0
153.0	0.0
154.0	61.0
155.0	60.0
156.0	96.0
157.0	111.0
158.0	89.0
159.0	212.0
160.0	276.0
161.0	333.0
162.0	317.0
163.0	335.0
164.0	360.0
165.0	387.0
166.0	410.0
167.0	411.0
168.0	432.0
169.0	439.0
170.0	505.0
171.0	550.0
172.0	571.0
173.0	637.0
174.0	642.0
175.0	602.0
176.0	686.0
177.0	500.0
178.0	549.0
179.0	634.0
180.0	772.0
181.0	887.0
182.0	462.0
183.0	64.0
184.0	501.0
185.0	618.0
186.0	594.0
187.0	657.0
188.0	727.0
189.0	789.0
190.0	656.0
191.0	769.0
192.0	840.0
193.0	765.0
194.0	680.0
195.0	637.0
196.0	637.0
197.0	692.0
198.0	711.0
199.0	705.0
200.0	826.0
201.0	761.0
202.0	637.0
203.0	621.0
204.0	616.0
205.0	554.0
206.0	668.0
207.0	765.0
208.0	704.0
209.0	568.0
210.0	661.0
211.0	575.0
212.0	645.0
213.0	719.0
214.0	692.0
215.0	785.0
216.0	714.0
217.0	701.0
218.0	663.0
219.0	569.0
220.0	548.0
221.0	624.0
222.0	634.0
223.0	658.0
224.0	589.0
225.0	666.0
226.0	325.0
227.0	62.0
228.0	0.0
229.0	31.0
230.0	111.0
