1.0	26.0
2.0	73.0
3.0	104.0
4.0	122.0
5.0	124.0
6.0	121.0
7.0	100.0
8.0	125.0
9.0	109.0
10.0	96.0
11.0	122.0
12.0	106.0
13.0	98.0
14.0	116.0
15.0	109.0
16.0	90.0
17.0	107.0
18.0	123.0
19.0	122.0
20.0	104.0
21.0	118.0
22.0	96.0
23.0	48.0
24.0	58.0
25.0	65.0
26.0	77.0
27.0	51.0
28.0	17.0
29.0	21.0
30.0	125.0
31.0	91.0
32.0	111.0
33.0	55.0
34.0	68.0
35.0	80.0
36.0	87.0
37.0	95.0
38.0	110.0
39.0	127.0
40.0	165.0
41.0	185.0
42.0	159.0
43.0	41.0
44.0	6.0
45.0	14.0
46.0	12.0
47.0	13.0
48.0	105.0
49.0	107.0
50.0	80.0
51.0	109.0
52.0	106.0
53.0	120.0
54.0	119.0
55.0	94.0
56.0	109.0
57.0	105.0
58.0	102.0
59.0	123.0
60.0	118.0
61.0	97.0
62.0	118.0
63.0	356.0
64.0	335.0
65.0	404.0
66.0	370.0
67.0	403.0
68.0	384.0
69.0	448.0
70.0	463.0
71.0	287.0
72.0	270.0
73.0	120.0
74.0	138.0
75.0	145.0
76.0	158.0
77.0	100.0
78.0	125.0
79.0	114.0
80.0	124.0
81.0	98.0
82.0	243.0
83.0	402.0
84.0	446.0
85.0	456.0
86.0	484.0
87.0	447.0
88.0	443.0
89.0	470.0
90.0	109.0
91.0	105.0
92.0	121.0
93.0	99.0
94.0	120.0
95.0	113.0
96.0	125.0
97.0	112.0
98.0	88.0
99.0	111.0
100.0	113.0
101.0	119.0
102.0	104.0
103.0	117.0
104.0	121.0
105.0	115.0
106.0	104.0
107.0	534.0
108.0	680.0
109.0	857.0
110.0	743.0
111.0	780.0
112.0	883.0
113.0	107.0
114.0	113.0
115.0	641.0
116.0	777.0
117.0	726.0
118.0	769.0
119.0	347.0
120.0	673.0
121.0	468.0
122.0	545.0
123.0	428.0
124.0	110.0
125.0	108.0
126.0	117.0
127.0	100.0
128.0	86.0
129.0	118.0
130.0	116.0
131.0	64.0
132.0	345.0
133.0	639.0
134.0	205.0
135.0	45.0
136.0	21.0
137.0	0.0
138.0	4.0
139.0	89.0
140.0	115.0
141.0	201.0
142.0	147.0
143.0	61.0
144.0	64.0
145.0	30.0
146.0	62.0
147.0	78.0
148.0	66.0
149.0	14.0
150.0	1.0
151.0	21.0
152.0	0.0
153.0	4.0
154.0	107.0
155.0	123.0
156.0	127.0
157.0	264.0
158.0	294.0
159.0	329.0
160.0	384.0
161.0	452.0
162.0	530.0
163.0	477.0
164.0	114.0
165.0	142.0
166.0	349.0
167.0	391.0
168.0	398.0
169.0	382.0
170.0	144.0
171.0	44.0
172.0	34.0
173.0	53.0
174.0	52.0
175.0	44.0
176.0	39.0
177.0	23.0
178.0	91.0
179.0	117.0
180.0	71.0
181.0	89.0
182.0	84.0
183.0	114.0
184.0	122.0
185.0	125.0
186.0	120.0
187.0	118.0
188.0	121.0
189.0	115.0
190.0	91.0
191.0	125.0
192.0	123.0
193.0	124.0
194.0	122.0
195.0	108.0
196.0	121.0
197.0	94.0
198.0	282.0
199.0	391.0
200.0	367.0
201.0	304.0
202.0	93.0
203.0	99.0
204.0	63.0
205.0	18.0
206.0	85.0
207.0	57.0
208.0	124.0
209.0	93.0
210.0	214.0
211.0	215.0
212.0	193.0
213.0	193.0
214.0	210.0
215.0	206.0
216.0	204.0
217.0	180.0
218.0	200.0
219.0	194.0
220.0	177.0
