1.0	42.0
2.0	105.0
3.0	112.0
4.0	1200.0
5.0	1010.0
6.0	789.0
7.0	836.0
8.0	1090.0
9.0	606.0
10.0	726.0
11.0	918.0
12.0	858.0
13.0	753.0
14.0	645.0
15.0	592.0
16.0	670.0
17.0	583.0
18.0	562.0
19.0	1070.0
20.0	1200.0
21.0	784.0
22.0	813.0
23.0	1460.0
24.0	1230.0
25.0	477.0
26.0	1030.0
27.0	81.0
28.0	781.0
29.0	1220.0
30.0	1060.0
31.0	1110.0
32.0	654.0
33.0	19.0
34.0	37.0
35.0	30.0
36.0	125.0
37.0	849.0
38.0	488.0
39.0	12.0
40.0	125.0
41.0	96.0
42.0	753.0
43.0	314.0
44.0	43.0
45.0	257.0
46.0	118.0
47.0	1080.0
48.0	1070.0
49.0	1060.0
50.0	1030.0
51.0	936.0
52.0	752.0
53.0	1010.0
54.0	717.0
55.0	1110.0
56.0	933.0
57.0	607.0
58.0	7.0
59.0	192.0
60.0	119.0
61.0	615.0
62.0	8.0
63.0	0.0
64.0	0.0
65.0	0.0
66.0	0.0
67.0	30.0
68.0	76.0
69.0	124.0
70.0	114.0
71.0	839.0
72.0	19.0
73.0	0.0
74.0	0.0
75.0	0.0
76.0	0.0
77.0	6.0
78.0	35.0
79.0	310.0
80.0	117.0
81.0	683.0
82.0	730.0
83.0	689.0
84.0	490.0
85.0	5.0
86.0	0.0
87.0	0.0
88.0	51.0
89.0	289.0
90.0	81.0
91.0	72.0
92.0	0.0
93.0	0.0
94.0	0.0
95.0	0.0
96.0	28.0
97.0	119.0
98.0	403.0
99.0	106.0
100.0	1230.0
101.0	1490.0
102.0	1130.0
103.0	1670.0
104.0	1670.0
105.0	1230.0
106.0	1450.0
107.0	1110.0
108.0	770.0
109.0	958.0
110.0	715.0
111.0	927.0
112.0	1120.0
113.0	0.0
114.0	0.0
115.0	0.0
116.0	0.0
117.0	0.0
118.0	0.0
119.0	0.0
120.0	0.0
121.0	0.0
122.0	0.0
123.0	0.0
124.0	0.0
125.0	0.0
126.0	0.0
127.0	0.0
128.0	0.0
129.0	0.0
130.0	0.0
131.0	0.0
132.0	0.0
133.0	0.0
134.0	1.0
135.0	121.0
136.0	118.0
137.0	123.0
138.0	1150.0
139.0	1480.0
140.0	996.0
141.0	179.0
142.0	47.0
143.0	112.0
144.0	120.0
145.0	1190.0
146.0	1300.0
147.0	987.0
148.0	734.0
149.0	1450.0
150.0	1360.0
151.0	1050.0
152.0	749.0
153.0	1000.0
154.0	876.0
155.0	677.0
156.0	474.0
157.0	850.0
158.0	375.0
159.0	64.0
160.0	44.0
161.0	0.0
162.0	0.0
163.0	0.0
164.0	35.0
165.0	31.0
166.0	69.0
167.0	85.0
168.0	112.0
169.0	104.0
170.0	870.0
171.0	1310.0
172.0	977.0
173.0	1240.0
174.0	968.0
175.0	443.0
176.0	489.0
177.0	1010.0
178.0	1070.0
179.0	1010.0
180.0	1130.0
181.0	1160.0
182.0	1350.0
183.0	916.0
184.0	1120.0
185.0	1310.0
186.0	979.0
187.0	934.0
188.0	1020.0
189.0	1150.0
190.0	1190.0
191.0	1310.0
192.0	1320.0
193.0	1170.0
194.0	1470.0
195.0	1540.0
196.0	1710.0
197.0	1390.0
198.0	1530.0
199.0	1530.0
200.0	1520.0
201.0	1190.0
202.0	1240.0
203.0	1390.0
204.0	1550.0
205.0	1310.0
206.0	1430.0
207.0	1540.0
208.0	1720.0
209.0	794.0
210.0	771.0
211.0	1050.0
212.0	1440.0
213.0	95.0
214.0	125.0
215.0	885.0
216.0	106.0
217.0	1690.0
218.0	1460.0
219.0	1330.0
220.0	1700.0
221.0	1300.0
222.0	1390.0
223.0	896.0
224.0	810.0
225.0	707.0
226.0	902.0
227.0	924.0
228.0	940.0
229.0	780.0
230.0	52.0
231.0	160.0
232.0	158.0
233.0	1700.0
234.0	123.0
235.0	1570.0
236.0	1840.0
237.0	1790.0
238.0	1810.0
239.0	1580.0
240.0	1550.0
241.0	1790.0
242.0	1710.0
243.0	1810.0
244.0	1770.0
245.0	1840.0
246.0	1440.0
247.0	1800.0
248.0	1750.0
249.0	1780.0
250.0	1410.0
251.0	1770.0
252.0	1860.0
253.0	1810.0
254.0	884.0
255.0	188.0
256.0	15.0
257.0	520.0
258.0	121.0
259.0	1160.0
260.0	1230.0
261.0	1200.0
262.0	1340.0
263.0	1770.0
264.0	1790.0
265.0	1860.0
266.0	1200.0
267.0	995.0
268.0	1650.0
269.0	1740.0
270.0	1370.0
271.0	1320.0
272.0	1160.0
273.0	1050.0
274.0	1130.0
275.0	1580.0
276.0	1340.0
277.0	1810.0
278.0	1830.0
279.0	1760.0
280.0	1760.0
281.0	1840.0
282.0	1740.0
283.0	1550.0
284.0	1750.0
285.0	1720.0
286.0	1560.0
287.0	1760.0
288.0	1780.0
289.0	1670.0
290.0	1570.0
291.0	18.0
292.0	47.0
293.0	870.0
294.0	90.0
295.0	1420.0
296.0	1550.0
297.0	1610.0
298.0	1280.0
299.0	1390.0
300.0	1490.0
301.0	1320.0
302.0	1480.0
303.0	1650.0
304.0	1410.0
305.0	1500.0
306.0	1590.0
307.0	1520.0
308.0	1540.0
309.0	1440.0
310.0	1270.0
311.0	1370.0
312.0	1400.0
313.0	1410.0
314.0	1330.0
315.0	1470.0
316.0	1390.0
317.0	1010.0
318.0	980.0
319.0	940.0
320.0	893.0
321.0	30.0
322.0	55.0
323.0	106.0
324.0	118.0
325.0	878.0
326.0	44.0
327.0	35.0
328.0	110.0
329.0	116.0
330.0	1200.0
331.0	1380.0
332.0	658.0
333.0	623.0
334.0	587.0
335.0	580.0
336.0	278.0
337.0	484.0
338.0	469.0
339.0	412.0
340.0	284.0
341.0	254.0
342.0	331.0
343.0	588.0
344.0	80.0
345.0	88.0
346.0	18.0
347.0	3.0
348.0	22.0
349.0	146.0
350.0	286.0
351.0	118.0
352.0	1100.0
353.0	1360.0
354.0	1330.0
355.0	1510.0
356.0	1580.0
357.0	1360.0
358.0	1380.0
359.0	1730.0
360.0	1780.0
361.0	1510.0
362.0	1540.0
363.0	1110.0
364.0	20.0
365.0	4.0
366.0	970.0
367.0	94.0
368.0	1770.0
369.0	1500.0
370.0	1780.0
371.0	1750.0
372.0	1780.0
373.0	1500.0
374.0	1340.0
375.0	1400.0
376.0	1630.0
377.0	1670.0
378.0	1640.0
379.0	1790.0
380.0	760.0
381.0	29.0
382.0	466.0
383.0	112.0
384.0	1740.0
385.0	1680.0
386.0	1800.0
387.0	1470.0
388.0	1580.0
389.0	1750.0
390.0	1610.0
391.0	1620.0
392.0	1610.0
393.0	1750.0
394.0	1730.0
395.0	1710.0
396.0	1630.0
397.0	1680.0
398.0	1710.0
399.0	1770.0
400.0	1620.0
401.0	1810.0
402.0	1700.0
403.0	1280.0
404.0	1710.0
405.0	1630.0
406.0	1050.0
407.0	1670.0
408.0	1660.0
409.0	1170.0
410.0	1180.0
411.0	1350.0
412.0	1160.0
413.0	1030.0
414.0	1250.0
415.0	1400.0
416.0	930.0
417.0	1070.0
418.0	1200.0
419.0	1360.0
420.0	1030.0
421.0	996.0
422.0	1090.0
423.0	1040.0
424.0	1060.0
425.0	910.0
426.0	818.0
427.0	885.0
428.0	705.0
429.0	664.0
430.0	717.0
431.0	928.0
432.0	41.0
433.0	0.0
434.0	90.0
435.0	114.0
436.0	0.0
437.0	0.0
438.0	0.0
439.0	0.0
440.0	0.0
441.0	4.0
442.0	7.0
443.0	100.0
444.0	101.0
445.0	110.0
446.0	723.0
447.0	882.0
448.0	955.0
449.0	60.0
450.0	14.0
451.0	58.0
452.0	165.0
453.0	120.0
454.0	376.0
455.0	885.0
456.0	725.0
457.0	1010.0
458.0	843.0
459.0	1190.0
460.0	1530.0
461.0	1500.0
462.0	1580.0
463.0	1140.0
464.0	674.0
465.0	0.0
466.0	24.0
467.0	85.0
468.0	306.0
469.0	118.0
470.0	1260.0
471.0	1340.0
472.0	1590.0
473.0	1770.0
474.0	1780.0
475.0	1730.0
476.0	1800.0
477.0	1800.0
478.0	1800.0
479.0	1620.0
480.0	1640.0
481.0	1700.0
482.0	1760.0
483.0	1780.0
484.0	1690.0
485.0	1640.0
486.0	1630.0
487.0	1620.0
488.0	1810.0
489.0	1730.0
490.0	1760.0
491.0	1730.0
492.0	1790.0
493.0	1820.0
494.0	1580.0
495.0	1740.0
496.0	1790.0
497.0	1620.0
498.0	1660.0
499.0	1570.0
500.0	1670.0
501.0	1650.0
502.0	1740.0
503.0	1690.0
504.0	1720.0
505.0	1630.0
506.0	1480.0
507.0	1240.0
508.0	912.0
509.0	980.0
510.0	889.0
511.0	853.0
512.0	850.0
513.0	495.0
514.0	405.0
515.0	41.0
516.0	42.0
517.0	220.0
518.0	414.0
519.0	114.0
520.0	1580.0
521.0	1620.0
522.0	1600.0
523.0	1510.0
524.0	1580.0
525.0	1460.0
526.0	1490.0
527.0	1620.0
528.0	1080.0
529.0	1090.0
530.0	878.0
531.0	334.0
532.0	0.0
533.0	75.0
534.0	70.0
535.0	121.0
536.0	625.0
537.0	970.0
538.0	1470.0
539.0	1590.0
540.0	1490.0
541.0	1360.0
542.0	1790.0
543.0	1700.0
544.0	1770.0
545.0	1180.0
546.0	1690.0
547.0	1530.0
548.0	1770.0
549.0	1680.0
550.0	1710.0
551.0	1690.0
552.0	1740.0
553.0	1280.0
554.0	1490.0
555.0	871.0
556.0	48.0
557.0	97.0
558.0	80.0
559.0	118.0
560.0	102.0
561.0	64.0
562.0	39.0
563.0	18.0
564.0	55.0
565.0	33.0
566.0	5.0
567.0	5.0
568.0	1.0
569.0	85.0
570.0	36.0
571.0	30.0
572.0	3.0
573.0	15.0
574.0	42.0
575.0	84.0
576.0	48.0
577.0	91.0
578.0	142.0
579.0	204.0
580.0	75.0
581.0	18.0
582.0	36.0
583.0	109.0
584.0	87.0
585.0	22.0
586.0	18.0
587.0	19.0
588.0	118.0
589.0	106.0
590.0	173.0
591.0	200.0
592.0	171.0
593.0	237.0
594.0	275.0
595.0	348.0
596.0	439.0
597.0	145.0
598.0	473.0
599.0	519.0
600.0	616.0
601.0	703.0
602.0	827.0
603.0	879.0
604.0	768.0
605.0	1050.0
606.0	741.0
607.0	708.0
608.0	906.0
609.0	702.0
610.0	655.0
611.0	810.0
612.0	773.0
613.0	860.0
614.0	843.0
615.0	1040.0
616.0	885.0
617.0	907.0
618.0	810.0
619.0	1160.0
620.0	1450.0
621.0	1280.0
622.0	1190.0
623.0	737.0
624.0	798.0
625.0	924.0
626.0	788.0
627.0	821.0
628.0	880.0
629.0	837.0
630.0	1020.0
631.0	1140.0
632.0	1290.0
633.0	916.0
634.0	1260.0
635.0	1530.0
636.0	1340.0
637.0	1370.0
638.0	1060.0
639.0	1370.0
640.0	969.0
641.0	1110.0
642.0	1060.0
643.0	1010.0
644.0	1270.0
645.0	1570.0
646.0	1150.0
647.0	1400.0
648.0	1060.0
649.0	1270.0
650.0	1230.0
651.0	1470.0
652.0	1440.0
653.0	1660.0
654.0	1520.0
655.0	1600.0
656.0	1580.0
657.0	1760.0
658.0	1840.0
659.0	1790.0
660.0	1390.0
661.0	1630.0
662.0	1560.0
663.0	1840.0
664.0	1760.0
665.0	1800.0
666.0	1760.0
667.0	1630.0
668.0	1510.0
669.0	1730.0
670.0	1600.0
671.0	1820.0
672.0	1650.0
673.0	1650.0
674.0	1600.0
675.0	1730.0
676.0	1650.0
677.0	1200.0
678.0	1260.0
679.0	1390.0
680.0	0.0
681.0	2.0
682.0	124.0
683.0	113.0
684.0	105.0
685.0	107.0
686.0	109.0
687.0	124.0
688.0	97.0
689.0	125.0
690.0	121.0
691.0	118.0
692.0	102.0
693.0	120.0
694.0	125.0
695.0	121.0
696.0	100.0
697.0	118.0
698.0	101.0
699.0	85.0
700.0	112.0
701.0	361.0
702.0	414.0
703.0	494.0
704.0	558.0
705.0	658.0
706.0	23.0
707.0	832.0
708.0	1140.0
709.0	1170.0
710.0	1670.0
711.0	1790.0
712.0	1780.0
713.0	1830.0
714.0	1720.0
715.0	1800.0
716.0	1800.0
717.0	1790.0
718.0	1440.0
719.0	1440.0
720.0	1450.0
721.0	1800.0
722.0	1810.0
723.0	1510.0
724.0	1270.0
725.0	1210.0
726.0	1710.0
727.0	1800.0
728.0	1680.0
729.0	1490.0
730.0	1050.0
731.0	1030.0
732.0	1310.0
733.0	1330.0
734.0	861.0
735.0	683.0
736.0	714.0
737.0	366.0
738.0	568.0
739.0	551.0
740.0	451.0
741.0	336.0
742.0	2.0
743.0	86.0
744.0	93.0
745.0	123.0
746.0	125.0
747.0	102.0
748.0	117.0
749.0	113.0
750.0	107.0
751.0	110.0
752.0	92.0
753.0	106.0
754.0	108.0
755.0	962.0
756.0	1010.0
757.0	1100.0
758.0	1070.0
759.0	1100.0
760.0	1060.0
761.0	0.0
762.0	785.0
763.0	1690.0
764.0	1800.0
765.0	1040.0
766.0	883.0
767.0	1620.0
768.0	1720.0
769.0	975.0
770.0	1470.0
771.0	1750.0
772.0	1590.0
773.0	1370.0
774.0	1500.0
775.0	1030.0
776.0	834.0
777.0	2.0
778.0	0.0
779.0	20.0
780.0	75.0
781.0	420.0
782.0	123.0
783.0	1600.0
784.0	1660.0
785.0	919.0
786.0	1710.0
787.0	1740.0
788.0	1490.0
789.0	1800.0
790.0	1780.0
791.0	1820.0
792.0	1790.0
793.0	1810.0
794.0	1510.0
795.0	1800.0
796.0	1820.0
797.0	1810.0
798.0	1810.0
799.0	1800.0
