1.0	66.0
2.0	93.0
3.0	280.0
4.0	458.0
5.0	447.0
6.0	436.0
7.0	532.0
8.0	653.0
9.0	612.0
10.0	792.0
11.0	960.0
12.0	926.0
13.0	1160.0
14.0	1190.0
15.0	1130.0
16.0	1310.0
17.0	1450.0
18.0	1720.0
19.0	1420.0
20.0	1160.0
21.0	1330.0
22.0	1200.0
23.0	1340.0
24.0	1420.0
25.0	1350.0
26.0	1480.0
27.0	1240.0
28.0	1210.0
29.0	1200.0
30.0	1280.0
31.0	1250.0
32.0	1540.0
33.0	1450.0
34.0	1200.0
35.0	513.0
36.0	70.0
37.0	89.0
38.0	96.0
39.0	154.0
40.0	118.0
41.0	124.0
42.0	248.0
43.0	641.0
44.0	1010.0
45.0	943.0
46.0	1130.0
47.0	1080.0
48.0	974.0
49.0	838.0
50.0	844.0
51.0	916.0
52.0	1010.0
53.0	841.0
54.0	948.0
55.0	1190.0
56.0	1090.0
57.0	1050.0
58.0	1070.0
59.0	934.0
60.0	120.0
61.0	94.0
62.0	78.0
63.0	92.0
64.0	117.0
65.0	125.0
66.0	760.0
67.0	767.0
68.0	749.0
69.0	786.0
70.0	757.0
71.0	982.0
72.0	892.0
73.0	689.0
74.0	837.0
75.0	885.0
76.0	892.0
77.0	1000.0
78.0	1080.0
79.0	963.0
80.0	869.0
81.0	940.0
82.0	995.0
83.0	956.0
84.0	803.0
85.0	949.0
86.0	748.0
87.0	935.0
88.0	701.0
89.0	745.0
90.0	857.0
91.0	732.0
92.0	307.0
93.0	465.0
94.0	850.0
95.0	862.0
96.0	736.0
97.0	792.0
98.0	765.0
99.0	805.0
100.0	727.0
101.0	720.0
102.0	1020.0
103.0	936.0
104.0	920.0
105.0	1200.0
106.0	1120.0
107.0	1080.0
108.0	1070.0
109.0	930.0
110.0	1140.0
111.0	1390.0
112.0	1070.0
113.0	1000.0
114.0	807.0
115.0	913.0
116.0	1060.0
117.0	887.0
118.0	329.0
119.0	117.0
120.0	87.0
121.0	124.0
122.0	101.0
123.0	113.0
124.0	99.0
125.0	107.0
126.0	111.0
127.0	123.0
128.0	109.0
129.0	88.0
130.0	123.0
131.0	101.0
132.0	80.0
133.0	122.0
134.0	103.0
135.0	124.0
136.0	103.0
137.0	96.0
138.0	110.0
139.0	98.0
140.0	116.0
141.0	123.0
142.0	101.0
143.0	124.0
144.0	117.0
145.0	117.0
146.0	100.0
147.0	100.0
148.0	103.0
149.0	122.0
150.0	85.0
151.0	96.0
152.0	110.0
153.0	124.0
154.0	121.0
155.0	107.0
156.0	120.0
157.0	90.0
158.0	99.0
159.0	109.0
160.0	89.0
161.0	122.0
162.0	120.0
163.0	121.0
164.0	103.0
165.0	101.0
166.0	106.0
167.0	113.0
168.0	109.0
169.0	104.0
170.0	114.0
171.0	30.0
172.0	112.0
173.0	123.0
174.0	125.0
175.0	113.0
176.0	111.0
177.0	122.0
178.0	77.0
179.0	120.0
180.0	110.0
181.0	315.0
182.0	366.0
183.0	487.0
184.0	514.0
185.0	457.0
186.0	516.0
187.0	220.0
188.0	96.0
189.0	726.0
190.0	1010.0
191.0	1010.0
192.0	480.0
193.0	78.0
194.0	113.0
195.0	1060.0
196.0	1040.0
197.0	1140.0
198.0	622.0
199.0	709.0
200.0	822.0
201.0	772.0
202.0	662.0
203.0	734.0
204.0	734.0
205.0	1060.0
206.0	1010.0
207.0	1250.0
208.0	1290.0
209.0	1340.0
210.0	1410.0
211.0	1240.0
212.0	1290.0
213.0	1640.0
214.0	1530.0
215.0	1190.0
216.0	1020.0
217.0	819.0
218.0	804.0
219.0	1210.0
220.0	972.0
221.0	929.0
222.0	926.0
223.0	801.0
224.0	756.0
225.0	828.0
226.0	967.0
227.0	970.0
228.0	966.0
229.0	1250.0
230.0	915.0
231.0	1110.0
232.0	1140.0
233.0	992.0
234.0	1120.0
235.0	1270.0
236.0	1060.0
237.0	341.0
238.0	10.0
239.0	7.0
240.0	117.0
241.0	116.0
242.0	92.0
243.0	97.0
244.0	1080.0
245.0	1270.0
246.0	1220.0
247.0	1160.0
248.0	1150.0
249.0	703.0
250.0	1170.0
251.0	1270.0
252.0	1250.0
253.0	1200.0
254.0	1450.0
255.0	1420.0
256.0	1200.0
257.0	760.0
258.0	174.0
259.0	121.0
260.0	113.0
261.0	1020.0
262.0	1020.0
263.0	888.0
264.0	990.0
265.0	1060.0
266.0	1010.0
267.0	1030.0
268.0	1080.0
269.0	1040.0
270.0	985.0
271.0	733.0
272.0	1010.0
273.0	1150.0
274.0	869.0
275.0	1130.0
276.0	1140.0
277.0	1120.0
278.0	391.0
279.0	69.0
280.0	13.0
281.0	145.0
282.0	340.0
283.0	123.0
284.0	118.0
285.0	989.0
286.0	990.0
287.0	1070.0
288.0	1100.0
289.0	1180.0
290.0	1050.0
291.0	933.0
292.0	983.0
293.0	1250.0
294.0	1030.0
295.0	1030.0
296.0	940.0
297.0	1090.0
298.0	1050.0
299.0	1020.0
300.0	937.0
301.0	1090.0
302.0	1090.0
303.0	1180.0
304.0	1290.0
305.0	1200.0
306.0	1130.0
307.0	1120.0
308.0	598.0
309.0	16.0
310.0	8.0
311.0	97.0
312.0	55.0
313.0	63.0
314.0	124.0
315.0	115.0
316.0	118.0
317.0	907.0
318.0	1040.0
319.0	1140.0
320.0	1040.0
321.0	937.0
322.0	1140.0
323.0	658.0
324.0	63.0
325.0	76.0
326.0	92.0
327.0	498.0
328.0	119.0
329.0	123.0
330.0	893.0
331.0	916.0
332.0	917.0
333.0	861.0
334.0	940.0
335.0	837.0
336.0	680.0
337.0	22.0
338.0	78.0
339.0	106.0
340.0	90.0
341.0	123.0
342.0	683.0
343.0	708.0
344.0	682.0
345.0	800.0
346.0	836.0
347.0	923.0
348.0	934.0
349.0	823.0
350.0	998.0
351.0	1150.0
352.0	1040.0
353.0	1180.0
354.0	1250.0
355.0	1020.0
356.0	1380.0
357.0	1430.0
358.0	1450.0
359.0	1680.0
360.0	1570.0
361.0	1450.0
362.0	1380.0
363.0	1550.0
364.0	1570.0
365.0	1350.0
366.0	1540.0
367.0	1430.0
368.0	1220.0
369.0	1410.0
370.0	1390.0
371.0	1400.0
372.0	1490.0
373.0	1320.0
374.0	1480.0
375.0	1320.0
376.0	1480.0
377.0	1130.0
378.0	1080.0
379.0	1250.0
380.0	1120.0
381.0	1010.0
382.0	861.0
383.0	1010.0
384.0	908.0
385.0	721.0
386.0	895.0
387.0	875.0
388.0	839.0
389.0	1130.0
390.0	930.0
391.0	858.0
392.0	897.0
393.0	825.0
394.0	956.0
395.0	762.0
396.0	6.0
397.0	77.0
398.0	117.0
399.0	739.0
400.0	765.0
401.0	783.0
402.0	760.0
403.0	790.0
404.0	907.0
405.0	916.0
406.0	780.0
407.0	944.0
408.0	874.0
409.0	998.0
410.0	845.0
411.0	984.0
412.0	635.0
413.0	957.0
414.0	813.0
415.0	997.0
416.0	1020.0
417.0	1120.0
418.0	1270.0
419.0	1080.0
420.0	1210.0
421.0	1250.0
422.0	1240.0
423.0	1090.0
424.0	599.0
425.0	358.0
426.0	67.0
427.0	352.0
428.0	203.0
429.0	112.0
430.0	40.0
431.0	122.0
432.0	142.0
433.0	103.0
434.0	113.0
435.0	402.0
436.0	470.0
437.0	470.0
438.0	509.0
439.0	510.0
440.0	520.0
441.0	543.0
442.0	510.0
443.0	685.0
444.0	681.0
445.0	760.0
446.0	720.0
447.0	912.0
448.0	983.0
449.0	983.0
450.0	937.0
451.0	1080.0
452.0	628.0
453.0	24.0
454.0	123.0
455.0	113.0
456.0	855.0
457.0	891.0
458.0	1050.0
459.0	1010.0
460.0	1090.0
461.0	1040.0
462.0	1230.0
463.0	1290.0
464.0	1170.0
465.0	1380.0
466.0	995.0
467.0	995.0
468.0	1420.0
469.0	1050.0
470.0	1290.0
471.0	1350.0
472.0	1230.0
473.0	1530.0
474.0	1270.0
475.0	1090.0
476.0	843.0
477.0	822.0
478.0	824.0
479.0	1040.0
480.0	959.0
481.0	923.0
482.0	860.0
483.0	843.0
484.0	920.0
485.0	973.0
486.0	838.0
487.0	907.0
488.0	962.0
489.0	1030.0
490.0	1320.0
491.0	1160.0
492.0	1250.0
493.0	1120.0
494.0	1440.0
495.0	1130.0
496.0	812.0
497.0	720.0
498.0	883.0
499.0	1070.0
500.0	894.0
501.0	640.0
502.0	678.0
503.0	583.0
504.0	692.0
505.0	739.0
506.0	573.0
507.0	354.0
508.0	14.0
509.0	0.0
510.0	1.0
511.0	19.0
512.0	4.0
513.0	2.0
514.0	0.0
515.0	0.0
516.0	78.0
517.0	109.0
518.0	81.0
519.0	122.0
520.0	102.0
521.0	104.0
522.0	104.0
523.0	100.0
524.0	116.0
525.0	113.0
526.0	123.0
527.0	84.0
528.0	82.0
529.0	125.0
530.0	120.0
531.0	125.0
532.0	100.0
533.0	94.0
534.0	118.0
535.0	112.0
536.0	99.0
537.0	716.0
538.0	457.0
539.0	105.0
540.0	171.0
541.0	489.0
542.0	343.0
543.0	79.0
544.0	84.0
545.0	123.0
546.0	202.0
547.0	105.0
548.0	103.0
549.0	114.0
550.0	107.0
551.0	122.0
552.0	69.0
553.0	87.0
554.0	71.0
555.0	72.0
556.0	115.0
557.0	95.0
558.0	105.0
559.0	88.0
560.0	122.0
561.0	440.0
562.0	100.0
563.0	95.0
564.0	74.0
565.0	48.0
566.0	85.0
567.0	72.0
568.0	74.0
569.0	152.0
570.0	530.0
571.0	625.0
572.0	665.0
573.0	714.0
574.0	693.0
575.0	624.0
576.0	480.0
577.0	591.0
578.0	166.0
579.0	84.0
580.0	114.0
581.0	122.0
582.0	107.0
583.0	110.0
584.0	101.0
585.0	123.0
586.0	119.0
587.0	81.0
588.0	118.0
589.0	116.0
590.0	117.0
591.0	112.0
592.0	113.0
593.0	80.0
594.0	112.0
595.0	109.0
596.0	86.0
597.0	124.0
598.0	123.0
599.0	124.0
600.0	114.0
601.0	104.0
602.0	124.0
603.0	124.0
604.0	99.0
605.0	92.0
606.0	121.0
607.0	104.0
608.0	839.0
609.0	876.0
610.0	934.0
611.0	1040.0
612.0	1040.0
613.0	915.0
614.0	572.0
615.0	882.0
616.0	1120.0
617.0	668.0
618.0	93.0
619.0	87.0
620.0	112.0
621.0	95.0
622.0	96.0
623.0	457.0
624.0	514.0
625.0	657.0
626.0	587.0
627.0	627.0
628.0	508.0
629.0	612.0
630.0	676.0
631.0	716.0
632.0	808.0
633.0	701.0
634.0	808.0
635.0	852.0
636.0	862.0
637.0	887.0
638.0	889.0
639.0	692.0
640.0	521.0
641.0	605.0
642.0	617.0
643.0	571.0
644.0	114.0
645.0	10.0
646.0	18.0
647.0	2.0
648.0	8.0
649.0	1.0
650.0	22.0
651.0	3.0
652.0	1.0
653.0	36.0
654.0	177.0
655.0	116.0
656.0	48.0
657.0	9.0
658.0	1.0
659.0	118.0
660.0	110.0
661.0	114.0
662.0	2.0
663.0	0.0
664.0	33.0
665.0	10.0
666.0	14.0
667.0	18.0
668.0	13.0
669.0	17.0
670.0	13.0
671.0	13.0
672.0	4.0
673.0	22.0
674.0	18.0
675.0	14.0
676.0	9.0
677.0	13.0
678.0	7.0
679.0	13.0
680.0	7.0
681.0	15.0
682.0	10.0
683.0	13.0
684.0	13.0
685.0	4.0
686.0	10.0
687.0	2.0
688.0	7.0
689.0	11.0
690.0	7.0
691.0	8.0
692.0	7.0
693.0	4.0
694.0	10.0
695.0	5.0
696.0	0.0
697.0	1.0
698.0	7.0
699.0	2.0
700.0	81.0
701.0	88.0
702.0	106.0
703.0	105.0
704.0	80.0
705.0	90.0
706.0	146.0
707.0	192.0
708.0	268.0
709.0	335.0
710.0	313.0
711.0	416.0
712.0	507.0
713.0	417.0
714.0	532.0
715.0	476.0
716.0	537.0
717.0	572.0
718.0	583.0
719.0	560.0
720.0	708.0
721.0	575.0
722.0	599.0
723.0	558.0
724.0	180.0
725.0	557.0
726.0	618.0
727.0	654.0
728.0	589.0
729.0	666.0
730.0	631.0
731.0	596.0
732.0	662.0
733.0	575.0
734.0	669.0
735.0	654.0
736.0	737.0
737.0	714.0
738.0	788.0
739.0	679.0
740.0	703.0
741.0	864.0
742.0	590.0
743.0	759.0
744.0	657.0
745.0	593.0
746.0	626.0
747.0	86.0
748.0	0.0
749.0	106.0
750.0	114.0
751.0	0.0
752.0	123.0
753.0	122.0
754.0	685.0
755.0	371.0
756.0	480.0
757.0	592.0
758.0	616.0
759.0	672.0
760.0	670.0
761.0	646.0
762.0	523.0
763.0	573.0
764.0	437.0
765.0	545.0
766.0	569.0
767.0	777.0
768.0	603.0
769.0	580.0
770.0	471.0
771.0	317.0
772.0	0.0
773.0	115.0
774.0	110.0
775.0	95.0
776.0	124.0
777.0	87.0
778.0	123.0
779.0	38.0
780.0	9.0
