1.0	37.0
2.0	71.0
3.0	190.0
4.0	238.0
5.0	193.0
6.0	499.0
7.0	551.0
8.0	537.0
9.0	8.0
10.0	10.0
11.0	18.0
12.0	397.0
13.0	519.0
14.0	564.0
15.0	615.0
16.0	609.0
17.0	646.0
18.0	564.0
19.0	721.0
20.0	722.0
21.0	638.0
22.0	616.0
23.0	635.0
24.0	664.0
25.0	691.0
26.0	754.0
27.0	965.0
28.0	455.0
29.0	10.0
30.0	8.0
31.0	13.0
32.0	0.0
33.0	0.0
34.0	0.0
35.0	0.0
36.0	0.0
37.0	0.0
38.0	50.0
39.0	23.0
40.0	22.0
41.0	28.0
42.0	118.0
43.0	113.0
44.0	123.0
45.0	36.0
46.0	42.0
47.0	37.0
48.0	77.0
49.0	21.0
50.0	40.0
51.0	123.0
52.0	112.0
53.0	99.0
54.0	101.0
55.0	108.0
56.0	105.0
57.0	85.0
58.0	212.0
59.0	165.0
60.0	160.0
61.0	148.0
62.0	149.0
63.0	45.0
64.0	39.0
65.0	46.0
66.0	105.0
67.0	183.0
68.0	158.0
69.0	114.0
70.0	25.0
71.0	0.0
72.0	0.0
73.0	0.0
74.0	0.0
75.0	18.0
76.0	107.0
77.0	115.0
78.0	103.0
79.0	56.0
80.0	73.0
81.0	38.0
82.0	0.0
83.0	0.0
84.0	0.0
85.0	0.0
86.0	0.0
87.0	114.0
88.0	117.0
89.0	109.0
90.0	39.0
91.0	14.0
92.0	13.0
93.0	0.0
94.0	47.0
95.0	100.0
96.0	97.0
97.0	73.0
98.0	56.0
99.0	50.0
100.0	46.0
101.0	64.0
102.0	66.0
103.0	57.0
104.0	50.0
105.0	57.0
106.0	44.0
107.0	37.0
108.0	4.0
109.0	11.0
110.0	0.0
111.0	0.0
112.0	0.0
113.0	109.0
114.0	113.0
115.0	86.0
116.0	59.0
117.0	62.0
118.0	58.0
119.0	94.0
120.0	34.0
121.0	10.0
122.0	77.0
123.0	18.0
124.0	29.0
125.0	58.0
126.0	45.0
127.0	29.0
128.0	25.0
129.0	34.0
130.0	24.0
131.0	38.0
132.0	39.0
133.0	40.0
134.0	34.0
135.0	42.0
136.0	36.0
137.0	44.0
138.0	30.0
139.0	25.0
140.0	33.0
141.0	34.0
142.0	32.0
143.0	101.0
144.0	90.0
145.0	132.0
146.0	139.0
147.0	149.0
148.0	133.0
149.0	62.0
150.0	92.0
151.0	123.0
152.0	125.0
153.0	125.0
154.0	121.0
155.0	132.0
156.0	133.0
157.0	162.0
158.0	126.0
159.0	55.0
160.0	42.0
161.0	40.0
162.0	40.0
163.0	38.0
164.0	27.0
165.0	36.0
166.0	47.0
167.0	78.0
168.0	18.0
169.0	96.0
170.0	120.0
171.0	116.0
172.0	106.0
173.0	122.0
174.0	101.0
175.0	105.0
176.0	77.0
177.0	107.0
178.0	103.0
179.0	118.0
180.0	110.0
181.0	81.0
182.0	101.0
183.0	120.0
184.0	115.0
185.0	90.0
186.0	124.0
187.0	101.0
188.0	84.0
189.0	125.0
190.0	119.0
191.0	124.0
192.0	123.0
193.0	118.0
194.0	111.0
195.0	121.0
196.0	99.0
197.0	87.0
198.0	89.0
199.0	120.0
200.0	118.0
201.0	97.0
202.0	118.0
203.0	88.0
204.0	105.0
205.0	115.0
206.0	105.0
207.0	124.0
208.0	85.0
209.0	114.0
210.0	118.0
211.0	105.0
212.0	109.0
213.0	100.0
214.0	86.0
215.0	99.0
216.0	104.0
217.0	124.0
218.0	113.0
219.0	114.0
220.0	119.0
221.0	118.0
222.0	114.0
223.0	109.0
224.0	125.0
225.0	122.0
226.0	97.0
227.0	111.0
228.0	118.0
229.0	100.0
230.0	125.0
231.0	103.0
232.0	97.0
233.0	83.0
234.0	112.0
235.0	118.0
236.0	123.0
237.0	116.0
238.0	85.0
239.0	125.0
240.0	106.0
241.0	124.0
242.0	125.0
243.0	104.0
244.0	103.0
245.0	120.0
246.0	119.0
247.0	105.0
248.0	117.0
249.0	120.0
250.0	115.0
251.0	107.0
252.0	121.0
253.0	84.0
254.0	109.0
255.0	97.0
256.0	123.0
257.0	111.0
258.0	117.0
259.0	85.0
260.0	116.0
261.0	97.0
262.0	120.0
263.0	110.0
264.0	112.0
265.0	88.0
266.0	125.0
267.0	124.0
268.0	109.0
269.0	100.0
270.0	109.0
271.0	124.0
272.0	119.0
273.0	120.0
274.0	92.0
275.0	88.0
276.0	123.0
277.0	109.0
278.0	124.0
279.0	106.0
280.0	84.0
281.0	110.0
282.0	123.0
283.0	83.0
284.0	88.0
285.0	129.0
286.0	10.0
287.0	105.0
288.0	105.0
289.0	142.0
290.0	215.0
291.0	328.0
292.0	393.0
293.0	435.0
294.0	457.0
295.0	448.0
296.0	215.0
297.0	450.0
298.0	642.0
299.0	757.0
300.0	714.0
301.0	731.0
302.0	927.0
303.0	952.0
304.0	1020.0
305.0	873.0
306.0	889.0
307.0	910.0
308.0	963.0
309.0	1520.0
310.0	1440.0
311.0	1670.0
312.0	1490.0
313.0	1280.0
314.0	1250.0
315.0	1240.0
316.0	1580.0
317.0	1530.0
318.0	1280.0
319.0	1550.0
320.0	1730.0
321.0	1360.0
322.0	1540.0
323.0	1460.0
324.0	1430.0
325.0	1450.0
326.0	1020.0
327.0	548.0
328.0	1050.0
329.0	918.0
330.0	3.0
331.0	6.0
332.0	12.0
333.0	0.0
334.0	0.0
335.0	0.0
336.0	0.0
337.0	6.0
338.0	30.0
339.0	0.0
340.0	1.0
341.0	31.0
342.0	27.0
343.0	54.0
344.0	47.0
345.0	76.0
346.0	108.0
347.0	45.0
348.0	101.0
349.0	228.0
350.0	178.0
351.0	290.0
352.0	193.0
353.0	154.0
354.0	282.0
355.0	529.0
356.0	641.0
357.0	663.0
358.0	671.0
359.0	507.0
360.0	363.0
361.0	99.0
362.0	41.0
363.0	416.0
364.0	498.0
365.0	564.0
366.0	270.0
367.0	22.0
368.0	75.0
369.0	16.0
370.0	15.0
371.0	3.0
372.0	113.0
373.0	92.0
374.0	256.0
375.0	348.0
376.0	397.0
377.0	453.0
378.0	585.0
379.0	666.0
380.0	743.0
381.0	852.0
382.0	949.0
383.0	1040.0
384.0	909.0
385.0	1290.0
386.0	1380.0
387.0	1470.0
388.0	1500.0
389.0	1580.0
390.0	1560.0
391.0	1270.0
392.0	1650.0
393.0	1780.0
394.0	1750.0
395.0	1380.0
396.0	862.0
397.0	893.0
398.0	639.0
399.0	1050.0
400.0	751.0
401.0	824.0
402.0	984.0
403.0	801.0
404.0	858.0
405.0	1080.0
406.0	1450.0
407.0	1820.0
408.0	1830.0
409.0	1830.0
410.0	1810.0
411.0	1660.0
412.0	1670.0
413.0	1780.0
414.0	1570.0
415.0	1800.0
416.0	1540.0
417.0	1820.0
418.0	1800.0
419.0	1340.0
420.0	1340.0
421.0	1540.0
422.0	1320.0
423.0	1110.0
424.0	1540.0
425.0	1250.0
426.0	1040.0
427.0	1350.0
428.0	1290.0
429.0	1040.0
430.0	1060.0
431.0	1130.0
432.0	1030.0
433.0	811.0
434.0	931.0
435.0	1170.0
436.0	1350.0
437.0	1170.0
438.0	1150.0
439.0	942.0
440.0	900.0
441.0	1020.0
442.0	1070.0
443.0	1230.0
444.0	1090.0
445.0	988.0
446.0	787.0
447.0	735.0
448.0	166.0
449.0	80.0
450.0	56.0
451.0	401.0
452.0	272.0
453.0	428.0
454.0	779.0
455.0	202.0
456.0	0.0
457.0	0.0
458.0	0.0
459.0	0.0
460.0	0.0
461.0	90.0
462.0	95.0
463.0	529.0
464.0	598.0
465.0	682.0
466.0	443.0
467.0	687.0
468.0	733.0
469.0	713.0
470.0	614.0
471.0	741.0
472.0	705.0
473.0	746.0
474.0	726.0
475.0	1060.0
476.0	849.0
477.0	1030.0
478.0	974.0
479.0	1110.0
480.0	1410.0
481.0	1410.0
482.0	1340.0
483.0	1680.0
484.0	979.0
485.0	542.0
486.0	0.0
487.0	29.0
488.0	117.0
489.0	345.0
490.0	202.0
491.0	808.0
492.0	1130.0
493.0	1450.0
494.0	1450.0
495.0	1230.0
496.0	1010.0
497.0	1170.0
498.0	1140.0
499.0	1090.0
500.0	1030.0
501.0	1120.0
502.0	1210.0
503.0	1030.0
504.0	889.0
505.0	872.0
506.0	967.0
507.0	850.0
508.0	878.0
509.0	867.0
510.0	895.0
511.0	921.0
512.0	964.0
513.0	1140.0
514.0	1050.0
515.0	1010.0
516.0	1000.0
517.0	1190.0
518.0	1760.0
519.0	508.0
520.0	89.0
521.0	699.0
522.0	498.0
523.0	37.0
524.0	105.0
525.0	184.0
526.0	245.0
527.0	89.0
528.0	147.0
529.0	47.0
530.0	76.0
531.0	65.0
532.0	0.0
533.0	6.0
534.0	95.0
535.0	83.0
536.0	34.0
537.0	118.0
538.0	87.0
539.0	91.0
540.0	42.0
541.0	52.0
542.0	80.0
543.0	81.0
544.0	88.0
545.0	132.0
546.0	205.0
547.0	248.0
548.0	271.0
549.0	295.0
550.0	57.0
551.0	180.0
552.0	182.0
553.0	79.0
554.0	71.0
555.0	23.0
556.0	37.0
557.0	34.0
558.0	28.0
559.0	3.0
560.0	0.0
561.0	0.0
562.0	12.0
563.0	86.0
564.0	108.0
565.0	292.0
566.0	522.0
567.0	639.0
568.0	659.0
569.0	917.0
570.0	1080.0
571.0	1170.0
572.0	1270.0
573.0	1260.0
574.0	1580.0
575.0	1100.0
576.0	1620.0
577.0	1690.0
578.0	1510.0
579.0	1460.0
580.0	936.0
581.0	332.0
582.0	0.0
583.0	0.0
584.0	26.0
585.0	117.0
586.0	168.0
587.0	212.0
588.0	422.0
589.0	246.0
590.0	384.0
591.0	137.0
592.0	70.0
593.0	38.0
594.0	128.0
595.0	298.0
596.0	124.0
597.0	242.0
598.0	208.0
599.0	11.0
600.0	81.0
601.0	54.0
602.0	82.0
603.0	134.0
604.0	54.0
605.0	135.0
606.0	48.0
607.0	19.0
608.0	1.0
609.0	67.0
610.0	61.0
611.0	47.0
612.0	147.0
613.0	80.0
614.0	27.0
615.0	40.0
616.0	13.0
617.0	41.0
618.0	19.0
619.0	23.0
620.0	17.0
621.0	24.0
622.0	41.0
623.0	45.0
624.0	26.0
625.0	40.0
626.0	25.0
627.0	32.0
628.0	33.0
629.0	74.0
630.0	56.0
631.0	114.0
632.0	155.0
633.0	258.0
634.0	296.0
635.0	178.0
636.0	238.0
637.0	176.0
638.0	145.0
639.0	140.0
640.0	43.0
641.0	3.0
642.0	107.0
643.0	115.0
644.0	86.0
645.0	0.0
646.0	0.0
647.0	58.0
648.0	414.0
649.0	332.0
650.0	540.0
651.0	559.0
652.0	513.0
653.0	541.0
654.0	578.0
655.0	602.0
656.0	706.0
657.0	784.0
658.0	407.0
659.0	505.0
660.0	704.0
661.0	769.0
662.0	933.0
663.0	932.0
664.0	1100.0
665.0	835.0
666.0	844.0
667.0	1000.0
668.0	1100.0
669.0	524.0
670.0	722.0
671.0	905.0
672.0	1190.0
673.0	788.0
674.0	1120.0
675.0	652.0
676.0	1160.0
677.0	998.0
678.0	1190.0
679.0	766.0
680.0	857.0
681.0	714.0
682.0	790.0
683.0	889.0
684.0	1040.0
685.0	1520.0
686.0	1260.0
687.0	873.0
688.0	1190.0
689.0	1230.0
690.0	1090.0
691.0	1060.0
692.0	835.0
693.0	1010.0
694.0	1020.0
695.0	1180.0
696.0	1320.0
697.0	572.0
698.0	1080.0
699.0	958.0
700.0	1220.0
701.0	712.0
702.0	1330.0
703.0	866.0
704.0	1070.0
705.0	1050.0
706.0	917.0
707.0	913.0
708.0	947.0
709.0	524.0
710.0	698.0
711.0	1130.0
712.0	753.0
713.0	798.0
714.0	701.0
715.0	570.0
716.0	891.0
717.0	860.0
718.0	648.0
719.0	766.0
720.0	763.0
721.0	758.0
722.0	593.0
723.0	757.0
724.0	753.0
725.0	874.0
726.0	728.0
727.0	1100.0
728.0	682.0
729.0	750.0
730.0	762.0
731.0	791.0
732.0	591.0
733.0	612.0
734.0	774.0
735.0	24.0
736.0	21.0
737.0	3.0
738.0	0.0
739.0	119.0
740.0	91.0
741.0	33.0
742.0	81.0
743.0	115.0
744.0	392.0
745.0	509.0
746.0	134.0
747.0	96.0
748.0	100.0
749.0	106.0
750.0	118.0
751.0	91.0
752.0	114.0
753.0	103.0
754.0	107.0
755.0	117.0
756.0	93.0
757.0	107.0
758.0	93.0
759.0	114.0
760.0	100.0
761.0	119.0
762.0	119.0
763.0	121.0
764.0	109.0
765.0	117.0
766.0	96.0
767.0	117.0
768.0	116.0
769.0	101.0
770.0	80.0
771.0	122.0
772.0	123.0
773.0	102.0
774.0	121.0
775.0	122.0
776.0	109.0
777.0	103.0
778.0	122.0
779.0	113.0
780.0	96.0
781.0	109.0
782.0	106.0
783.0	95.0
784.0	97.0
785.0	125.0
786.0	125.0
787.0	96.0
788.0	111.0
789.0	90.0
790.0	123.0
791.0	122.0
792.0	107.0
793.0	104.0
794.0	100.0
795.0	105.0
796.0	125.0
797.0	116.0
798.0	101.0
799.0	114.0
