1.0	188.0
2.0	117.0
3.0	84.0
4.0	433.0
5.0	559.0
6.0	664.0
7.0	735.0
8.0	813.0
9.0	868.0
10.0	901.0
11.0	907.0
12.0	1130.0
13.0	1170.0
14.0	1200.0
15.0	1350.0
16.0	1520.0
17.0	1360.0
18.0	1420.0
19.0	1230.0
20.0	1210.0
21.0	1220.0
22.0	1320.0
23.0	1320.0
24.0	1130.0
25.0	1350.0
26.0	1430.0
27.0	1290.0
28.0	1200.0
29.0	1540.0
30.0	1270.0
31.0	1630.0
32.0	982.0
33.0	953.0
34.0	1100.0
35.0	1090.0
36.0	682.0
37.0	600.0
38.0	606.0
39.0	560.0
40.0	456.0
41.0	480.0
42.0	543.0
43.0	282.0
44.0	144.0
45.0	87.0
46.0	170.0
47.0	137.0
48.0	122.0
49.0	99.0
50.0	93.0
51.0	109.0
52.0	116.0
53.0	47.0
54.0	93.0
55.0	105.0
56.0	183.0
57.0	751.0
58.0	696.0
59.0	684.0
60.0	721.0
61.0	750.0
62.0	707.0
63.0	640.0
64.0	700.0
65.0	748.0
66.0	789.0
67.0	689.0
68.0	205.0
69.0	111.0
70.0	443.0
71.0	863.0
72.0	890.0
73.0	1160.0
74.0	1130.0
75.0	1230.0
76.0	1300.0
77.0	1090.0
78.0	1120.0
79.0	1210.0
80.0	1270.0
81.0	1480.0
82.0	1490.0
83.0	1580.0
84.0	1620.0
85.0	1610.0
86.0	1610.0
87.0	1710.0
88.0	1490.0
89.0	1580.0
90.0	1450.0
91.0	1600.0
92.0	1390.0
93.0	745.0
94.0	117.0
95.0	291.0
96.0	1120.0
97.0	1580.0
98.0	1670.0
99.0	1380.0
100.0	1330.0
101.0	1470.0
102.0	1420.0
103.0	1420.0
104.0	1450.0
105.0	1400.0
106.0	1270.0
107.0	1550.0
108.0	1550.0
109.0	1560.0
110.0	1110.0
111.0	1530.0
112.0	1620.0
113.0	1130.0
114.0	1020.0
115.0	1200.0
116.0	1030.0
117.0	1240.0
118.0	888.0
119.0	939.0
120.0	1100.0
121.0	1010.0
122.0	879.0
123.0	980.0
124.0	1340.0
125.0	1230.0
126.0	1150.0
127.0	1100.0
128.0	820.0
129.0	930.0
130.0	1080.0
131.0	1050.0
132.0	1150.0
133.0	1160.0
134.0	952.0
135.0	951.0
136.0	947.0
137.0	838.0
138.0	780.0
139.0	819.0
140.0	754.0
141.0	821.0
142.0	776.0
143.0	895.0
144.0	751.0
145.0	772.0
146.0	674.0
147.0	650.0
148.0	596.0
149.0	743.0
150.0	509.0
151.0	123.0
152.0	115.0
153.0	122.0
154.0	84.0
155.0	78.0
156.0	393.0
157.0	695.0
158.0	619.0
159.0	795.0
160.0	773.0
161.0	763.0
162.0	686.0
163.0	709.0
164.0	700.0
165.0	916.0
166.0	1080.0
167.0	792.0
168.0	745.0
169.0	748.0
170.0	675.0
171.0	800.0
172.0	902.0
173.0	804.0
174.0	1180.0
175.0	1020.0
176.0	849.0
177.0	924.0
178.0	983.0
179.0	823.0
180.0	832.0
181.0	877.0
182.0	987.0
183.0	1020.0
184.0	969.0
185.0	992.0
186.0	1130.0
187.0	891.0
188.0	932.0
189.0	1230.0
190.0	1330.0
191.0	1240.0
192.0	1410.0
193.0	1110.0
194.0	1050.0
195.0	1270.0
196.0	1370.0
197.0	1280.0
198.0	1460.0
199.0	1410.0
200.0	1480.0
201.0	1510.0
202.0	1410.0
203.0	1380.0
204.0	1370.0
205.0	1300.0
206.0	966.0
207.0	936.0
208.0	912.0
209.0	835.0
210.0	833.0
211.0	773.0
212.0	70.0
213.0	518.0
214.0	327.0
215.0	58.0
216.0	45.0
217.0	107.0
218.0	93.0
219.0	185.0
220.0	422.0
221.0	438.0
222.0	562.0
223.0	598.0
224.0	645.0
225.0	605.0
226.0	654.0
227.0	852.0
228.0	715.0
229.0	883.0
230.0	1080.0
231.0	1100.0
232.0	1050.0
233.0	1030.0
234.0	1440.0
235.0	1260.0
236.0	1230.0
237.0	816.0
238.0	34.0
239.0	2.0
240.0	11.0
241.0	169.0
242.0	761.0
243.0	119.0
244.0	1.0
245.0	9.0
246.0	23.0
247.0	630.0
248.0	118.0
249.0	178.0
250.0	618.0
251.0	482.0
252.0	633.0
253.0	398.0
254.0	4.0
255.0	5.0
256.0	27.0
257.0	12.0
258.0	28.0
259.0	11.0
260.0	37.0
261.0	36.0
262.0	48.0
263.0	224.0
264.0	222.0
265.0	63.0
266.0	56.0
267.0	23.0
268.0	25.0
269.0	30.0
270.0	20.0
271.0	93.0
272.0	125.0
273.0	172.0
274.0	248.0
275.0	222.0
276.0	184.0
277.0	203.0
278.0	233.0
279.0	244.0
280.0	282.0
281.0	335.0
282.0	387.0
283.0	395.0
284.0	493.0
285.0	487.0
286.0	589.0
287.0	672.0
288.0	789.0
289.0	924.0
290.0	844.0
291.0	943.0
292.0	958.0
293.0	1170.0
294.0	1140.0
295.0	1190.0
296.0	1010.0
297.0	425.0
298.0	15.0
299.0	0.0
300.0	0.0
301.0	110.0
302.0	120.0
303.0	244.0
304.0	394.0
305.0	37.0
306.0	1.0
307.0	0.0
308.0	5.0
309.0	8.0
310.0	84.0
311.0	120.0
312.0	353.0
313.0	309.0
314.0	248.0
315.0	308.0
316.0	282.0
317.0	308.0
318.0	306.0
319.0	358.0
320.0	293.0
321.0	434.0
322.0	368.0
323.0	351.0
324.0	173.0
325.0	456.0
326.0	545.0
327.0	488.0
328.0	414.0
329.0	508.0
330.0	453.0
331.0	639.0
332.0	589.0
333.0	348.0
334.0	546.0
335.0	547.0
336.0	476.0
337.0	175.0
338.0	67.0
339.0	403.0
340.0	451.0
341.0	520.0
342.0	518.0
343.0	492.0
344.0	566.0
345.0	506.0
346.0	593.0
347.0	546.0
348.0	836.0
349.0	547.0
350.0	502.0
351.0	671.0
352.0	566.0
353.0	667.0
354.0	637.0
355.0	700.0
356.0	820.0
357.0	723.0
358.0	621.0
359.0	717.0
360.0	818.0
361.0	799.0
362.0	618.0
363.0	781.0
364.0	677.0
365.0	611.0
366.0	716.0
367.0	130.0
368.0	7.0
369.0	0.0
370.0	5.0
371.0	4.0
372.0	85.0
373.0	115.0
374.0	85.0
375.0	157.0
376.0	209.0
377.0	274.0
378.0	392.0
379.0	444.0
380.0	551.0
381.0	379.0
382.0	468.0
383.0	515.0
384.0	541.0
385.0	590.0
386.0	480.0
387.0	741.0
388.0	734.0
389.0	798.0
390.0	800.0
391.0	891.0
392.0	582.0
393.0	846.0
394.0	1130.0
395.0	920.0
396.0	834.0
397.0	754.0
398.0	947.0
399.0	917.0
400.0	991.0
401.0	920.0
402.0	775.0
403.0	905.0
404.0	842.0
405.0	882.0
406.0	750.0
407.0	736.0
408.0	719.0
409.0	509.0
410.0	18.0
411.0	1.0
412.0	117.0
413.0	102.0
414.0	8.0
415.0	7.0
416.0	110.0
417.0	91.0
418.0	84.0
419.0	12.0
420.0	3.0
421.0	28.0
422.0	18.0
423.0	108.0
424.0	121.0
425.0	39.0
426.0	18.0
427.0	8.0
428.0	17.0
429.0	98.0
430.0	109.0
431.0	78.0
432.0	47.0
433.0	42.0
434.0	82.0
435.0	102.0
436.0	150.0
437.0	178.0
438.0	245.0
439.0	318.0
440.0	429.0
441.0	382.0
442.0	528.0
443.0	554.0
444.0	659.0
445.0	776.0
446.0	750.0
447.0	773.0
448.0	792.0
449.0	1100.0
450.0	1090.0
451.0	1010.0
452.0	903.0
453.0	1170.0
454.0	1210.0
455.0	1140.0
456.0	830.0
457.0	1120.0
458.0	1230.0
459.0	927.0
460.0	796.0
461.0	645.0
462.0	712.0
463.0	642.0
464.0	718.0
465.0	456.0
466.0	688.0
467.0	635.0
468.0	744.0
469.0	704.0
470.0	752.0
471.0	875.0
472.0	804.0
473.0	701.0
474.0	633.0
475.0	755.0
476.0	857.0
477.0	871.0
478.0	956.0
479.0	958.0
480.0	1070.0
481.0	1200.0
482.0	797.0
483.0	872.0
484.0	1020.0
485.0	942.0
486.0	842.0
487.0	0.0
488.0	0.0
489.0	0.0
490.0	0.0
491.0	0.0
492.0	0.0
493.0	94.0
494.0	106.0
495.0	125.0
496.0	124.0
497.0	109.0
498.0	96.0
499.0	110.0
500.0	125.0
501.0	0.0
502.0	0.0
503.0	0.0
504.0	3.0
505.0	529.0
506.0	887.0
507.0	921.0
508.0	973.0
509.0	973.0
510.0	920.0
511.0	882.0
512.0	898.0
513.0	631.0
514.0	886.0
515.0	932.0
516.0	962.0
517.0	914.0
518.0	829.0
519.0	847.0
520.0	824.0
521.0	738.0
522.0	709.0
523.0	655.0
524.0	794.0
525.0	835.0
526.0	768.0
527.0	484.0
528.0	25.0
529.0	0.0
530.0	879.0
531.0	955.0
532.0	821.0
533.0	868.0
534.0	831.0
535.0	824.0
536.0	839.0
537.0	906.0
538.0	684.0
539.0	874.0
540.0	925.0
541.0	883.0
542.0	927.0
543.0	798.0
544.0	698.0
545.0	405.0
546.0	53.0
547.0	110.0
548.0	44.0
549.0	24.0
550.0	113.0
551.0	105.0
552.0	193.0
553.0	360.0
554.0	463.0
555.0	509.0
556.0	483.0
557.0	663.0
558.0	672.0
559.0	666.0
560.0	649.0
561.0	746.0
562.0	817.0
563.0	755.0
564.0	304.0
565.0	132.0
566.0	126.0
567.0	122.0
568.0	103.0
569.0	118.0
570.0	116.0
571.0	126.0
572.0	28.0
573.0	43.0
574.0	35.0
575.0	43.0
576.0	27.0
577.0	48.0
578.0	59.0
579.0	35.0
580.0	36.0
581.0	50.0
582.0	37.0
583.0	79.0
584.0	95.0
585.0	92.0
586.0	123.0
587.0	122.0
588.0	118.0
589.0	104.0
590.0	100.0
591.0	125.0
592.0	125.0
593.0	108.0
594.0	106.0
595.0	120.0
596.0	117.0
597.0	119.0
598.0	123.0
599.0	103.0
600.0	107.0
601.0	93.0
602.0	96.0
603.0	116.0
604.0	120.0
605.0	85.0
606.0	118.0
607.0	111.0
608.0	86.0
609.0	123.0
610.0	88.0
611.0	80.0
612.0	91.0
613.0	95.0
614.0	84.0
615.0	106.0
616.0	123.0
617.0	104.0
618.0	120.0
619.0	122.0
620.0	86.0
621.0	106.0
622.0	930.0
623.0	775.0
624.0	1090.0
625.0	1110.0
626.0	1080.0
627.0	1050.0
628.0	992.0
629.0	902.0
630.0	94.0
631.0	93.0
632.0	649.0
633.0	949.0
634.0	924.0
635.0	1000.0
636.0	951.0
637.0	911.0
638.0	999.0
639.0	936.0
640.0	987.0
641.0	1050.0
642.0	1140.0
643.0	1200.0
644.0	1100.0
645.0	1180.0
646.0	998.0
647.0	1010.0
648.0	975.0
649.0	1040.0
650.0	1040.0
651.0	1200.0
652.0	933.0
653.0	1120.0
654.0	999.0
655.0	837.0
656.0	917.0
657.0	656.0
658.0	712.0
659.0	502.0
660.0	499.0
661.0	427.0
662.0	188.0
663.0	27.0
664.0	14.0
665.0	2.0
666.0	1.0
667.0	0.0
668.0	0.0
669.0	0.0
670.0	0.0
671.0	11.0
672.0	45.0
673.0	53.0
674.0	25.0
675.0	36.0
676.0	45.0
677.0	88.0
678.0	119.0
679.0	397.0
680.0	376.0
681.0	193.0
682.0	215.0
683.0	307.0
684.0	350.0
685.0	187.0
686.0	93.0
687.0	99.0
688.0	408.0
689.0	377.0
690.0	240.0
691.0	553.0
692.0	544.0
693.0	335.0
694.0	289.0
695.0	676.0
696.0	710.0
697.0	700.0
698.0	706.0
699.0	695.0
700.0	816.0
701.0	827.0
702.0	854.0
703.0	920.0
704.0	995.0
705.0	979.0
706.0	1130.0
707.0	1070.0
708.0	1020.0
709.0	1220.0
710.0	1090.0
711.0	1060.0
712.0	421.0
713.0	31.0
714.0	6.0
715.0	97.0
716.0	78.0
717.0	34.0
718.0	10.0
719.0	164.0
720.0	17.0
721.0	27.0
722.0	119.0
723.0	4.0
724.0	86.0
725.0	108.0
726.0	422.0
727.0	492.0
728.0	659.0
729.0	499.0
730.0	664.0
731.0	783.0
732.0	895.0
733.0	830.0
734.0	898.0
735.0	1060.0
736.0	862.0
737.0	744.0
738.0	728.0
739.0	727.0
740.0	709.0
741.0	718.0
742.0	844.0
743.0	510.0
744.0	0.0
745.0	86.0
746.0	96.0
747.0	205.0
748.0	363.0
749.0	414.0
750.0	94.0
751.0	114.0
752.0	113.0
753.0	124.0
754.0	96.0
755.0	123.0
756.0	86.0
757.0	103.0
758.0	47.0
759.0	67.0
760.0	62.0
761.0	46.0
762.0	47.0
763.0	58.0
764.0	64.0
765.0	61.0
766.0	61.0
767.0	49.0
768.0	45.0
769.0	53.0
770.0	44.0
771.0	23.0
772.0	66.0
773.0	45.0
774.0	49.0
775.0	47.0
776.0	50.0
777.0	46.0
778.0	49.0
779.0	52.0
780.0	51.0
781.0	22.0
782.0	61.0
783.0	45.0
784.0	25.0
785.0	52.0
786.0	34.0
787.0	35.0
788.0	38.0
789.0	31.0
790.0	14.0
791.0	38.0
792.0	23.0
793.0	13.0
794.0	30.0
795.0	12.0
796.0	25.0
797.0	18.0
798.0	20.0
799.0	18.0
800.0	9.0
