1.0	225.0
2.0	542.0
3.0	760.0
4.0	652.0
5.0	779.0
6.0	874.0
7.0	875.0
8.0	956.0
9.0	1010.0
10.0	1140.0
11.0	1190.0
12.0	1320.0
13.0	1320.0
14.0	1410.0
15.0	1480.0
16.0	1700.0
17.0	1450.0
18.0	1700.0
19.0	1480.0
20.0	1680.0
21.0	1670.0
22.0	1700.0
23.0	1650.0
24.0	1780.0
25.0	1700.0
26.0	1740.0
27.0	1770.0
28.0	1670.0
29.0	1810.0
30.0	1810.0
31.0	1780.0
32.0	1660.0
33.0	1430.0
34.0	1080.0
35.0	1300.0
36.0	1500.0
37.0	1310.0
38.0	1090.0
39.0	1310.0
40.0	1230.0
41.0	895.0
42.0	1360.0
43.0	937.0
44.0	228.0
45.0	122.0
46.0	85.0
47.0	138.0
48.0	200.0
49.0	96.0
50.0	519.0
51.0	706.0
52.0	574.0
53.0	737.0
54.0	682.0
55.0	660.0
56.0	693.0
57.0	765.0
58.0	578.0
59.0	817.0
60.0	873.0
61.0	919.0
62.0	1080.0
63.0	1150.0
64.0	1270.0
65.0	1500.0
66.0	1290.0
67.0	1210.0
68.0	1070.0
69.0	745.0
70.0	327.0
71.0	334.0
72.0	212.0
73.0	98.0
74.0	306.0
75.0	743.0
76.0	818.0
77.0	833.0
78.0	829.0
79.0	658.0
80.0	685.0
81.0	828.0
82.0	922.0
83.0	788.0
84.0	628.0
85.0	821.0
86.0	922.0
87.0	933.0
88.0	1040.0
89.0	857.0
90.0	937.0
91.0	766.0
92.0	830.0
93.0	772.0
94.0	823.0
95.0	857.0
96.0	984.0
97.0	708.0
98.0	711.0
99.0	808.0
100.0	686.0
101.0	701.0
102.0	758.0
103.0	146.0
104.0	95.0
105.0	86.0
106.0	111.0
107.0	115.0
108.0	115.0
109.0	95.0
110.0	77.0
111.0	493.0
112.0	676.0
113.0	651.0
114.0	669.0
115.0	235.0
116.0	477.0
117.0	514.0
118.0	181.0
119.0	449.0
120.0	584.0
121.0	613.0
122.0	476.0
123.0	539.0
124.0	663.0
125.0	653.0
126.0	909.0
127.0	854.0
128.0	759.0
129.0	823.0
130.0	696.0
131.0	833.0
132.0	1040.0
133.0	1180.0
134.0	1050.0
135.0	888.0
136.0	1020.0
137.0	916.0
138.0	1040.0
139.0	672.0
140.0	619.0
141.0	797.0
142.0	733.0
143.0	753.0
144.0	607.0
145.0	380.0
146.0	261.0
147.0	362.0
148.0	474.0
149.0	127.0
150.0	488.0
151.0	538.0
152.0	577.0
153.0	748.0
154.0	398.0
155.0	622.0
156.0	500.0
157.0	135.0
158.0	165.0
159.0	365.0
160.0	434.0
161.0	169.0
162.0	1.0
163.0	0.0
164.0	21.0
165.0	0.0
166.0	21.0
167.0	8.0
168.0	121.0
169.0	105.0
170.0	125.0
171.0	271.0
172.0	353.0
173.0	308.0
174.0	261.0
175.0	87.0
176.0	117.0
177.0	91.0
178.0	245.0
179.0	302.0
180.0	267.0
181.0	267.0
182.0	386.0
183.0	374.0
184.0	282.0
185.0	350.0
186.0	480.0
187.0	484.0
188.0	500.0
189.0	617.0
190.0	571.0
191.0	801.0
192.0	913.0
193.0	912.0
194.0	896.0
195.0	1070.0
196.0	1300.0
197.0	1520.0
198.0	1560.0
199.0	1730.0
200.0	1540.0
201.0	1550.0
202.0	1450.0
203.0	1370.0
204.0	1470.0
205.0	1460.0
206.0	1560.0
207.0	1570.0
208.0	1590.0
209.0	1620.0
210.0	1680.0
211.0	1570.0
212.0	1730.0
213.0	1480.0
214.0	1690.0
215.0	1630.0
216.0	1500.0
217.0	1580.0
218.0	1590.0
219.0	1690.0
220.0	1560.0
221.0	1160.0
222.0	1310.0
223.0	1300.0
224.0	1200.0
225.0	532.0
226.0	27.0
227.0	23.0
228.0	17.0
229.0	5.0
230.0	115.0
231.0	120.0
232.0	873.0
233.0	886.0
234.0	1110.0
235.0	1180.0
236.0	1210.0
237.0	1080.0
238.0	1400.0
239.0	1480.0
240.0	1190.0
241.0	1460.0
242.0	1280.0
243.0	1120.0
244.0	916.0
245.0	1180.0
246.0	1240.0
247.0	1340.0
248.0	1100.0
249.0	665.0
250.0	255.0
251.0	713.0
252.0	420.0
253.0	304.0
254.0	270.0
255.0	187.0
256.0	35.0
257.0	98.0
258.0	96.0
259.0	338.0
260.0	358.0
261.0	329.0
262.0	352.0
263.0	350.0
264.0	352.0
265.0	354.0
266.0	365.0
267.0	385.0
268.0	407.0
269.0	441.0
270.0	447.0
271.0	465.0
272.0	348.0
273.0	200.0
274.0	37.0
275.0	47.0
276.0	40.0
277.0	117.0
278.0	121.0
279.0	276.0
280.0	365.0
281.0	366.0
282.0	451.0
283.0	421.0
284.0	387.0
285.0	413.0
286.0	499.0
287.0	416.0
288.0	593.0
289.0	645.0
290.0	713.0
291.0	797.0
292.0	969.0
293.0	1100.0
294.0	1250.0
295.0	828.0
296.0	1220.0
297.0	1430.0
298.0	1390.0
299.0	1380.0
300.0	1370.0
301.0	1620.0
302.0	1580.0
303.0	1580.0
304.0	1350.0
305.0	1230.0
306.0	1210.0
307.0	1260.0
308.0	1470.0
309.0	1440.0
310.0	1630.0
311.0	1650.0
312.0	1690.0
313.0	1690.0
314.0	1540.0
315.0	1360.0
316.0	971.0
317.0	16.0
318.0	0.0
319.0	11.0
320.0	33.0
321.0	17.0
322.0	102.0
323.0	123.0
324.0	472.0
325.0	565.0
326.0	715.0
327.0	736.0
328.0	726.0
329.0	764.0
330.0	3.0
331.0	5.0
332.0	123.0
333.0	122.0
334.0	445.0
335.0	561.0
336.0	553.0
337.0	655.0
338.0	594.0
339.0	765.0
340.0	723.0
341.0	804.0
342.0	896.0
343.0	907.0
344.0	223.0
345.0	433.0
346.0	630.0
347.0	619.0
348.0	680.0
349.0	580.0
350.0	687.0
351.0	681.0
352.0	419.0
353.0	3.0
354.0	0.0
355.0	0.0
356.0	0.0
357.0	1.0
358.0	109.0
359.0	327.0
360.0	530.0
361.0	515.0
362.0	544.0
363.0	743.0
364.0	546.0
365.0	640.0
366.0	616.0
367.0	749.0
368.0	768.0
369.0	687.0
370.0	612.0
371.0	521.0
372.0	697.0
373.0	650.0
374.0	976.0
375.0	681.0
376.0	908.0
377.0	1050.0
378.0	618.0
379.0	781.0
380.0	960.0
381.0	911.0
382.0	1090.0
383.0	1280.0
384.0	984.0
385.0	879.0
386.0	1230.0
387.0	750.0
388.0	810.0
389.0	898.0
390.0	678.0
391.0	732.0
392.0	705.0
393.0	685.0
394.0	744.0
395.0	601.0
396.0	732.0
397.0	720.0
398.0	549.0
399.0	642.0
400.0	625.0
401.0	672.0
402.0	978.0
403.0	972.0
404.0	762.0
405.0	768.0
406.0	799.0
407.0	1020.0
408.0	869.0
409.0	1070.0
410.0	1110.0
411.0	1170.0
412.0	810.0
413.0	781.0
414.0	958.0
415.0	694.0
416.0	803.0
417.0	850.0
418.0	885.0
419.0	817.0
420.0	895.0
421.0	899.0
422.0	928.0
423.0	1020.0
424.0	928.0
425.0	628.0
426.0	885.0
427.0	1180.0
428.0	1000.0
429.0	910.0
430.0	944.0
431.0	1090.0
432.0	959.0
433.0	1200.0
434.0	1260.0
435.0	680.0
436.0	313.0
437.0	518.0
438.0	655.0
439.0	817.0
440.0	149.0
441.0	401.0
442.0	226.0
443.0	80.0
444.0	238.0
445.0	14.0
446.0	20.0
447.0	19.0
448.0	44.0
449.0	116.0
450.0	102.0
451.0	121.0
452.0	125.0
453.0	113.0
454.0	110.0
455.0	87.0
456.0	128.0
457.0	181.0
458.0	25.0
459.0	122.0
460.0	104.0
461.0	184.0
462.0	221.0
463.0	180.0
464.0	224.0
465.0	205.0
466.0	233.0
467.0	192.0
468.0	250.0
469.0	241.0
470.0	288.0
471.0	339.0
472.0	424.0
473.0	484.0
474.0	582.0
475.0	725.0
476.0	686.0
477.0	682.0
478.0	850.0
479.0	960.0
480.0	1020.0
481.0	1130.0
482.0	1040.0
483.0	1320.0
484.0	1230.0
485.0	1180.0
486.0	1130.0
487.0	1030.0
488.0	1130.0
489.0	1030.0
490.0	1310.0
491.0	1560.0
492.0	1460.0
493.0	1390.0
494.0	1340.0
495.0	1260.0
496.0	1500.0
497.0	1140.0
498.0	1010.0
499.0	1030.0
500.0	811.0
501.0	977.0
502.0	933.0
503.0	810.0
504.0	789.0
505.0	822.0
506.0	1000.0
507.0	966.0
508.0	1100.0
509.0	924.0
510.0	1330.0
511.0	1390.0
512.0	1220.0
513.0	1140.0
514.0	1190.0
515.0	1330.0
516.0	913.0
517.0	966.0
518.0	1040.0
519.0	765.0
520.0	911.0
521.0	1030.0
522.0	1040.0
523.0	1320.0
524.0	1110.0
525.0	1220.0
526.0	888.0
527.0	797.0
528.0	722.0
529.0	808.0
530.0	612.0
531.0	604.0
532.0	888.0
533.0	819.0
534.0	698.0
535.0	446.0
536.0	533.0
537.0	397.0
538.0	310.0
539.0	431.0
540.0	305.0
541.0	253.0
542.0	238.0
543.0	52.0
544.0	115.0
545.0	119.0
546.0	112.0
547.0	96.0
548.0	80.0
549.0	113.0
550.0	103.0
551.0	124.0
552.0	108.0
553.0	125.0
554.0	107.0
555.0	104.0
556.0	99.0
557.0	107.0
558.0	111.0
559.0	125.0
560.0	118.0
561.0	113.0
562.0	119.0
563.0	111.0
564.0	85.0
565.0	118.0
566.0	97.0
567.0	116.0
568.0	110.0
569.0	122.0
570.0	125.0
571.0	99.0
572.0	121.0
573.0	120.0
574.0	92.0
575.0	125.0
576.0	117.0
577.0	116.0
578.0	118.0
579.0	119.0
580.0	110.0
581.0	108.0
582.0	124.0
583.0	119.0
584.0	98.0
585.0	118.0
586.0	94.0
587.0	94.0
588.0	88.0
589.0	109.0
590.0	123.0
591.0	116.0
592.0	83.0
593.0	104.0
594.0	121.0
595.0	90.0
596.0	124.0
597.0	88.0
598.0	94.0
599.0	112.0
600.0	94.0
601.0	101.0
602.0	98.0
603.0	84.0
604.0	94.0
605.0	118.0
606.0	104.0
607.0	107.0
608.0	104.0
609.0	98.0
610.0	107.0
611.0	97.0
612.0	123.0
613.0	104.0
614.0	90.0
615.0	120.0
616.0	119.0
617.0	124.0
618.0	102.0
619.0	88.0
620.0	113.0
621.0	117.0
622.0	118.0
623.0	113.0
624.0	124.0
625.0	102.0
626.0	121.0
627.0	113.0
628.0	109.0
629.0	125.0
630.0	116.0
631.0	90.0
632.0	121.0
633.0	112.0
634.0	109.0
635.0	109.0
636.0	102.0
637.0	93.0
638.0	122.0
639.0	124.0
640.0	122.0
641.0	125.0
642.0	106.0
643.0	111.0
644.0	88.0
645.0	122.0
646.0	113.0
647.0	122.0
648.0	108.0
649.0	112.0
650.0	126.0
651.0	143.0
652.0	203.0
653.0	240.0
654.0	231.0
655.0	238.0
656.0	197.0
657.0	258.0
658.0	306.0
659.0	385.0
660.0	349.0
661.0	347.0
662.0	398.0
663.0	498.0
664.0	476.0
665.0	609.0
666.0	541.0
667.0	679.0
668.0	639.0
669.0	748.0
670.0	616.0
671.0	640.0
672.0	828.0
673.0	920.0
674.0	707.0
675.0	740.0
676.0	695.0
677.0	696.0
678.0	637.0
679.0	785.0
680.0	617.0
681.0	656.0
682.0	778.0
683.0	879.0
684.0	598.0
685.0	673.0
686.0	762.0
687.0	780.0
688.0	661.0
689.0	558.0
690.0	696.0
691.0	435.0
692.0	13.0
693.0	8.0
694.0	0.0
695.0	1.0
696.0	85.0
697.0	119.0
698.0	113.0
699.0	106.0
700.0	125.0
701.0	118.0
702.0	100.0
703.0	87.0
704.0	402.0
705.0	616.0
706.0	524.0
707.0	115.0
708.0	7.0
709.0	0.0
710.0	1.0
711.0	3.0
712.0	17.0
713.0	113.0
714.0	106.0
715.0	100.0
716.0	84.0
717.0	118.0
718.0	101.0
719.0	121.0
720.0	112.0
721.0	109.0
722.0	116.0
723.0	125.0
724.0	122.0
725.0	95.0
726.0	110.0
727.0	99.0
728.0	110.0
729.0	92.0
730.0	113.0
731.0	125.0
732.0	93.0
733.0	117.0
734.0	114.0
735.0	24.0
736.0	1.0
737.0	3.0
738.0	4.0
739.0	8.0
740.0	4.0
741.0	107.0
742.0	118.0
743.0	115.0
744.0	90.0
745.0	115.0
746.0	14.0
747.0	30.0
748.0	24.0
749.0	39.0
750.0	31.0
751.0	60.0
752.0	10.0
753.0	1.0
754.0	107.0
755.0	124.0
756.0	97.0
757.0	92.0
758.0	120.0
759.0	83.0
760.0	122.0
761.0	121.0
762.0	104.0
763.0	112.0
764.0	97.0
765.0	116.0
766.0	105.0
767.0	89.0
768.0	112.0
769.0	105.0
770.0	116.0
771.0	105.0
772.0	95.0
773.0	116.0
774.0	79.0
775.0	91.0
776.0	114.0
777.0	12.0
778.0	9.0
779.0	12.0
780.0	18.0
781.0	23.0
782.0	20.0
783.0	119.0
784.0	124.0
785.0	95.0
786.0	114.0
787.0	184.0
788.0	88.0
789.0	209.0
790.0	104.0
791.0	75.0
792.0	94.0
793.0	125.0
794.0	25.0
795.0	33.0
796.0	23.0
797.0	22.0
798.0	21.0
799.0	20.0
800.0	120.0
