1.0	311.0
2.0	532.0
3.0	500.0
4.0	553.0
5.0	691.0
6.0	621.0
7.0	772.0
8.0	913.0
9.0	936.0
10.0	983.0
11.0	1260.0
12.0	1330.0
13.0	1440.0
14.0	1680.0
15.0	1720.0
16.0	1810.0
17.0	1780.0
18.0	1600.0
19.0	1390.0
20.0	1790.0
21.0	1610.0
22.0	1540.0
23.0	1370.0
24.0	1320.0
25.0	1510.0
26.0	1480.0
27.0	1360.0
28.0	1320.0
29.0	1320.0
30.0	1470.0
31.0	1160.0
32.0	765.0
33.0	147.0
34.0	235.0
35.0	63.0
36.0	84.0
37.0	63.0
38.0	109.0
39.0	64.0
40.0	96.0
41.0	117.0
42.0	130.0
43.0	446.0
44.0	500.0
45.0	565.0
46.0	406.0
47.0	564.0
48.0	613.0
49.0	578.0
50.0	696.0
51.0	688.0
52.0	794.0
53.0	903.0
54.0	1180.0
55.0	1040.0
56.0	1250.0
57.0	1310.0
58.0	1250.0
59.0	1450.0
60.0	1370.0
61.0	1420.0
62.0	876.0
63.0	370.0
64.0	111.0
65.0	525.0
66.0	880.0
67.0	915.0
68.0	1130.0
69.0	1130.0
70.0	1050.0
71.0	1140.0
72.0	1180.0
73.0	1180.0
74.0	1070.0
75.0	1000.0
76.0	932.0
77.0	964.0
78.0	978.0
79.0	1090.0
80.0	1060.0
81.0	901.0
82.0	1720.0
83.0	1390.0
84.0	1250.0
85.0	1070.0
86.0	1050.0
87.0	121.0
88.0	109.0
89.0	611.0
90.0	1100.0
91.0	540.0
92.0	576.0
93.0	786.0
94.0	640.0
95.0	637.0
96.0	378.0
97.0	718.0
98.0	853.0
99.0	656.0
100.0	773.0
101.0	766.0
102.0	872.0
103.0	855.0
104.0	758.0
105.0	695.0
106.0	783.0
107.0	859.0
108.0	814.0
109.0	840.0
110.0	581.0
111.0	390.0
112.0	628.0
113.0	666.0
114.0	532.0
115.0	332.0
116.0	700.0
117.0	619.0
118.0	663.0
119.0	753.0
120.0	735.0
121.0	726.0
122.0	764.0
123.0	756.0
124.0	702.0
125.0	708.0
126.0	823.0
127.0	839.0
128.0	982.0
129.0	824.0
130.0	734.0
131.0	658.0
132.0	705.0
133.0	706.0
134.0	771.0
135.0	798.0
136.0	917.0
137.0	1170.0
138.0	851.0
139.0	711.0
140.0	763.0
141.0	951.0
142.0	706.0
143.0	538.0
144.0	29.0
145.0	88.0
146.0	125.0
147.0	106.0
148.0	87.0
149.0	110.0
150.0	124.0
151.0	101.0
152.0	111.0
153.0	106.0
154.0	108.0
155.0	108.0
156.0	123.0
157.0	177.0
158.0	432.0
159.0	577.0
160.0	677.0
161.0	721.0
162.0	795.0
163.0	553.0
164.0	568.0
165.0	638.0
166.0	757.0
167.0	734.0
168.0	834.0
169.0	748.0
170.0	737.0
171.0	921.0
172.0	904.0
173.0	968.0
174.0	1170.0
175.0	1060.0
176.0	1140.0
177.0	1260.0
178.0	1260.0
179.0	1490.0
180.0	1170.0
181.0	1160.0
182.0	1160.0
183.0	1200.0
184.0	1170.0
185.0	1520.0
186.0	1640.0
187.0	1410.0
188.0	1570.0
189.0	1690.0
190.0	1520.0
191.0	1520.0
192.0	1450.0
193.0	1370.0
194.0	1310.0
195.0	1530.0
196.0	1610.0
197.0	1700.0
198.0	1670.0
199.0	1540.0
200.0	1600.0
201.0	1420.0
202.0	1440.0
203.0	1560.0
204.0	1720.0
205.0	1670.0
206.0	1790.0
207.0	1570.0
208.0	1400.0
209.0	1610.0
210.0	1570.0
211.0	1580.0
212.0	1790.0
213.0	1700.0
214.0	1670.0
215.0	1700.0
216.0	1560.0
217.0	962.0
218.0	1180.0
219.0	790.0
220.0	147.0
221.0	36.0
222.0	110.0
223.0	110.0
224.0	107.0
225.0	729.0
226.0	919.0
227.0	1010.0
228.0	1120.0
229.0	1110.0
230.0	1070.0
231.0	1140.0
232.0	1140.0
233.0	965.0
234.0	849.0
235.0	1010.0
236.0	994.0
237.0	1010.0
238.0	1120.0
239.0	548.0
240.0	93.0
241.0	347.0
242.0	718.0
243.0	727.0
244.0	789.0
245.0	767.0
246.0	787.0
247.0	776.0
248.0	800.0
249.0	799.0
250.0	766.0
251.0	860.0
252.0	869.0
253.0	878.0
254.0	920.0
255.0	966.0
256.0	1010.0
257.0	1200.0
258.0	986.0
259.0	772.0
260.0	78.0
261.0	146.0
262.0	113.0
263.0	110.0
264.0	99.0
265.0	409.0
266.0	742.0
267.0	538.0
268.0	738.0
269.0	657.0
270.0	717.0
271.0	764.0
272.0	740.0
273.0	793.0
274.0	725.0
275.0	826.0
276.0	815.0
277.0	842.0
278.0	833.0
279.0	948.0
280.0	985.0
281.0	983.0
282.0	1000.0
283.0	1080.0
284.0	1020.0
285.0	1040.0
286.0	1070.0
287.0	988.0
288.0	1040.0
289.0	888.0
290.0	1110.0
291.0	939.0
292.0	925.0
293.0	919.0
294.0	1070.0
295.0	1540.0
296.0	1320.0
297.0	1310.0
298.0	967.0
299.0	1160.0
300.0	1180.0
301.0	1260.0
302.0	1490.0
303.0	1380.0
304.0	1240.0
305.0	1220.0
306.0	105.0
307.0	37.0
308.0	511.0
309.0	915.0
310.0	544.0
311.0	40.0
312.0	0.0
313.0	114.0
314.0	261.0
315.0	381.0
316.0	773.0
317.0	74.0
318.0	502.0
319.0	131.0
320.0	370.0
321.0	446.0
322.0	530.0
323.0	492.0
324.0	97.0
325.0	116.0
326.0	243.0
327.0	469.0
328.0	571.0
329.0	519.0
330.0	558.0
331.0	527.0
332.0	655.0
333.0	699.0
334.0	606.0
335.0	764.0
336.0	590.0
337.0	815.0
338.0	910.0
339.0	967.0
340.0	934.0
341.0	1100.0
342.0	1200.0
343.0	1170.0
344.0	1220.0
345.0	1220.0
346.0	1160.0
347.0	1070.0
348.0	1420.0
349.0	1490.0
350.0	1230.0
351.0	1320.0
352.0	1410.0
353.0	1220.0
354.0	1290.0
355.0	1020.0
356.0	1410.0
357.0	1230.0
358.0	1430.0
359.0	1500.0
360.0	1420.0
361.0	1390.0
362.0	1390.0
363.0	1310.0
364.0	1460.0
365.0	1610.0
366.0	1600.0
367.0	1540.0
368.0	1470.0
369.0	1410.0
370.0	1460.0
371.0	1500.0
372.0	1390.0
373.0	1480.0
374.0	1230.0
375.0	999.0
376.0	1120.0
377.0	919.0
378.0	1100.0
379.0	1200.0
380.0	120.0
381.0	107.0
382.0	666.0
383.0	975.0
384.0	1070.0
385.0	1040.0
386.0	1150.0
387.0	1040.0
388.0	1050.0
389.0	1020.0
390.0	947.0
391.0	865.0
392.0	876.0
393.0	919.0
394.0	976.0
395.0	979.0
396.0	760.0
397.0	1180.0
398.0	1150.0
399.0	988.0
400.0	1010.0
401.0	822.0
402.0	1110.0
403.0	1080.0
404.0	1070.0
405.0	164.0
406.0	36.0
407.0	213.0
408.0	98.0
409.0	313.0
410.0	425.0
411.0	68.0
412.0	52.0
413.0	12.0
414.0	56.0
415.0	144.0
416.0	86.0
417.0	116.0
418.0	119.0
419.0	123.0
420.0	98.0
421.0	110.0
422.0	84.0
423.0	110.0
424.0	480.0
425.0	511.0
426.0	545.0
427.0	505.0
428.0	499.0
429.0	517.0
430.0	539.0
431.0	659.0
432.0	625.0
433.0	592.0
434.0	567.0
435.0	122.0
436.0	106.0
437.0	116.0
438.0	166.0
439.0	578.0
440.0	644.0
441.0	768.0
442.0	737.0
443.0	751.0
444.0	726.0
445.0	709.0
446.0	817.0
447.0	763.0
448.0	764.0
449.0	858.0
450.0	792.0
451.0	983.0
452.0	840.0
453.0	818.0
454.0	702.0
455.0	730.0
456.0	552.0
457.0	711.0
458.0	818.0
459.0	716.0
460.0	751.0
461.0	133.0
462.0	101.0
463.0	259.0
464.0	121.0
465.0	109.0
466.0	122.0
467.0	109.0
468.0	106.0
469.0	99.0
470.0	381.0
471.0	479.0
472.0	416.0
473.0	438.0
474.0	468.0
475.0	503.0
476.0	475.0
477.0	507.0
478.0	560.0
479.0	545.0
480.0	569.0
481.0	609.0
482.0	580.0
483.0	558.0
484.0	680.0
485.0	716.0
486.0	683.0
487.0	796.0
488.0	754.0
489.0	797.0
490.0	647.0
491.0	763.0
492.0	683.0
493.0	499.0
494.0	93.0
495.0	109.0
496.0	87.0
497.0	109.0
498.0	117.0
499.0	114.0
500.0	119.0
501.0	109.0
502.0	122.0
503.0	123.0
504.0	102.0
505.0	101.0
506.0	124.0
507.0	121.0
508.0	116.0
509.0	113.0
510.0	123.0
511.0	111.0
512.0	101.0
513.0	124.0
514.0	76.0
515.0	125.0
516.0	124.0
517.0	84.0
518.0	81.0
519.0	112.0
520.0	92.0
521.0	91.0
522.0	92.0
523.0	97.0
524.0	97.0
525.0	97.0
526.0	111.0
527.0	100.0
528.0	109.0
529.0	121.0
530.0	117.0
531.0	123.0
532.0	103.0
533.0	115.0
534.0	84.0
535.0	123.0
536.0	94.0
537.0	119.0
538.0	117.0
539.0	77.0
540.0	113.0
541.0	125.0
542.0	121.0
543.0	94.0
544.0	114.0
545.0	120.0
546.0	92.0
547.0	107.0
548.0	103.0
549.0	119.0
550.0	104.0
551.0	96.0
552.0	113.0
553.0	99.0
554.0	103.0
555.0	95.0
556.0	125.0
557.0	91.0
558.0	90.0
559.0	118.0
560.0	112.0
561.0	124.0
562.0	123.0
563.0	118.0
564.0	125.0
565.0	123.0
566.0	109.0
567.0	100.0
568.0	122.0
569.0	92.0
570.0	94.0
571.0	121.0
572.0	109.0
573.0	122.0
574.0	93.0
575.0	86.0
576.0	114.0
577.0	100.0
578.0	123.0
579.0	111.0
580.0	97.0
581.0	101.0
582.0	122.0
583.0	97.0
584.0	100.0
585.0	110.0
586.0	105.0
587.0	105.0
588.0	112.0
589.0	99.0
590.0	117.0
591.0	99.0
592.0	107.0
593.0	121.0
594.0	93.0
595.0	99.0
596.0	94.0
597.0	114.0
598.0	95.0
599.0	98.0
600.0	123.0
601.0	104.0
602.0	117.0
603.0	116.0
604.0	137.0
605.0	94.0
606.0	125.0
607.0	110.0
608.0	150.0
609.0	137.0
610.0	176.0
611.0	156.0
612.0	221.0
613.0	300.0
614.0	386.0
615.0	348.0
616.0	418.0
617.0	444.0
618.0	355.0
619.0	441.0
620.0	476.0
621.0	371.0
622.0	416.0
623.0	592.0
624.0	574.0
625.0	577.0
626.0	667.0
627.0	683.0
628.0	717.0
629.0	633.0
630.0	767.0
631.0	675.0
632.0	739.0
633.0	756.0
634.0	706.0
635.0	666.0
636.0	652.0
637.0	485.0
638.0	538.0
639.0	536.0
640.0	598.0
641.0	85.0
642.0	476.0
643.0	44.0
644.0	4.0
645.0	0.0
646.0	1.0
647.0	7.0
648.0	8.0
649.0	0.0
650.0	19.0
651.0	4.0
652.0	6.0
653.0	116.0
654.0	83.0
655.0	83.0
656.0	123.0
657.0	163.0
658.0	117.0
659.0	222.0
660.0	266.0
661.0	302.0
662.0	416.0
663.0	413.0
664.0	298.0
665.0	390.0
666.0	347.0
667.0	420.0
668.0	586.0
669.0	546.0
670.0	405.0
671.0	507.0
672.0	630.0
673.0	690.0
674.0	652.0
675.0	417.0
676.0	0.0
677.0	4.0
678.0	2.0
679.0	0.0
680.0	9.0
681.0	94.0
682.0	119.0
683.0	86.0
684.0	123.0
685.0	89.0
686.0	4.0
687.0	4.0
688.0	5.0
689.0	6.0
690.0	6.0
691.0	88.0
692.0	108.0
693.0	78.0
694.0	119.0
695.0	115.0
696.0	97.0
697.0	26.0
698.0	45.0
699.0	50.0
700.0	3.0
701.0	0.0
702.0	0.0
703.0	6.0
704.0	6.0
705.0	94.0
706.0	101.0
707.0	88.0
708.0	124.0
709.0	103.0
710.0	107.0
711.0	121.0
712.0	103.0
713.0	82.0
714.0	111.0
715.0	120.0
716.0	118.0
717.0	95.0
718.0	113.0
719.0	97.0
720.0	114.0
721.0	114.0
722.0	111.0
723.0	123.0
724.0	116.0
725.0	119.0
726.0	95.0
727.0	119.0
728.0	15.0
729.0	14.0
730.0	90.0
731.0	120.0
732.0	32.0
733.0	43.0
734.0	52.0
735.0	69.0
736.0	43.0
737.0	88.0
738.0	98.0
739.0	90.0
740.0	89.0
741.0	111.0
742.0	56.0
743.0	57.0
744.0	83.0
745.0	75.0
746.0	49.0
747.0	58.0
748.0	77.0
749.0	88.0
750.0	114.0
751.0	118.0
752.0	156.0
753.0	168.0
754.0	188.0
755.0	197.0
756.0	244.0
757.0	358.0
758.0	373.0
759.0	369.0
760.0	410.0
761.0	431.0
762.0	248.0
763.0	148.0
764.0	310.0
765.0	362.0
766.0	103.0
767.0	90.0
768.0	403.0
769.0	434.0
770.0	426.0
771.0	373.0
772.0	358.0
773.0	406.0
