1.0	65.0
2.0	130.0
3.0	168.0
4.0	195.0
5.0	20.0
6.0	16.0
7.0	36.0
8.0	27.0
9.0	26.0
10.0	96.0
11.0	95.0
12.0	152.0
13.0	220.0
14.0	207.0
15.0	243.0
16.0	258.0
17.0	300.0
18.0	394.0
19.0	521.0
20.0	545.0
21.0	615.0
22.0	542.0
23.0	714.0
24.0	551.0
25.0	767.0
26.0	597.0
27.0	704.0
28.0	435.0
29.0	445.0
30.0	172.0
31.0	0.0
32.0	119.0
33.0	123.0
34.0	384.0
35.0	674.0
36.0	279.0
37.0	113.0
38.0	109.0
39.0	280.0
40.0	623.0
41.0	521.0
42.0	667.0
43.0	508.0
44.0	645.0
45.0	46.0
46.0	8.0
47.0	163.0
48.0	105.0
49.0	103.0
50.0	234.0
51.0	402.0
52.0	371.0
53.0	550.0
54.0	537.0
55.0	554.0
56.0	457.0
57.0	556.0
58.0	557.0
59.0	539.0
60.0	553.0
61.0	528.0
62.0	39.0
63.0	23.0
64.0	20.0
65.0	20.0
66.0	8.0
67.0	77.0
68.0	107.0
69.0	123.0
70.0	36.0
71.0	20.0
72.0	15.0
73.0	51.0
74.0	78.0
75.0	99.0
76.0	115.0
77.0	121.0
78.0	36.0
79.0	76.0
80.0	40.0
81.0	28.0
82.0	39.0
83.0	120.0
84.0	105.0
85.0	186.0
86.0	376.0
87.0	398.0
88.0	343.0
89.0	462.0
90.0	444.0
91.0	485.0
92.0	554.0
93.0	494.0
94.0	665.0
95.0	811.0
96.0	287.0
97.0	121.0
98.0	300.0
99.0	628.0
100.0	672.0
101.0	901.0
102.0	791.0
103.0	847.0
104.0	898.0
105.0	924.0
106.0	646.0
107.0	837.0
108.0	810.0
109.0	212.0
110.0	414.0
111.0	132.0
112.0	0.0
113.0	5.0
114.0	0.0
115.0	0.0
116.0	0.0
117.0	0.0
118.0	18.0
119.0	1.0
120.0	0.0
121.0	0.0
122.0	124.0
123.0	96.0
124.0	113.0
125.0	88.0
126.0	585.0
127.0	781.0
128.0	861.0
129.0	858.0
130.0	945.0
131.0	1090.0
132.0	948.0
133.0	0.0
134.0	288.0
135.0	1260.0
136.0	986.0
137.0	1030.0
138.0	931.0
139.0	978.0
140.0	1120.0
141.0	1040.0
142.0	1400.0
143.0	1420.0
144.0	1380.0
145.0	1400.0
146.0	1380.0
147.0	1220.0
148.0	1300.0
149.0	139.0
150.0	98.0
151.0	789.0
152.0	1070.0
153.0	905.0
154.0	965.0
155.0	1170.0
156.0	961.0
157.0	958.0
158.0	495.0
159.0	617.0
160.0	1200.0
161.0	1330.0
162.0	1310.0
163.0	807.0
164.0	967.0
165.0	1020.0
166.0	715.0
167.0	98.0
168.0	46.0
169.0	77.0
170.0	61.0
171.0	408.0
172.0	35.0
173.0	46.0
174.0	54.0
175.0	58.0
176.0	110.0
177.0	91.0
178.0	120.0
179.0	105.0
180.0	125.0
181.0	116.0
182.0	116.0
183.0	110.0
184.0	108.0
185.0	122.0
186.0	100.0
187.0	119.0
188.0	117.0
189.0	89.0
190.0	122.0
191.0	100.0
192.0	87.0
193.0	121.0
194.0	122.0
195.0	116.0
196.0	224.0
197.0	589.0
198.0	565.0
199.0	634.0
200.0	647.0
201.0	592.0
202.0	631.0
203.0	659.0
204.0	653.0
205.0	748.0
206.0	728.0
207.0	752.0
208.0	780.0
209.0	888.0
210.0	915.0
211.0	868.0
212.0	936.0
213.0	963.0
214.0	892.0
215.0	986.0
216.0	913.0
217.0	904.0
218.0	945.0
219.0	927.0
220.0	817.0
221.0	973.0
222.0	981.0
223.0	934.0
224.0	960.0
225.0	1110.0
226.0	1130.0
227.0	986.0
228.0	1030.0
229.0	959.0
230.0	1110.0
231.0	824.0
232.0	1110.0
233.0	1010.0
234.0	629.0
235.0	182.0
236.0	834.0
237.0	947.0
238.0	1110.0
239.0	765.0
240.0	924.0
241.0	930.0
242.0	1040.0
243.0	994.0
244.0	997.0
245.0	963.0
246.0	817.0
247.0	523.0
248.0	561.0
249.0	849.0
250.0	871.0
251.0	864.0
252.0	897.0
253.0	579.0
254.0	265.0
255.0	165.0
256.0	149.0
257.0	187.0
258.0	303.0
259.0	172.0
260.0	160.0
261.0	133.0
262.0	179.0
263.0	169.0
264.0	285.0
265.0	205.0
266.0	169.0
267.0	173.0
268.0	177.0
269.0	151.0
270.0	137.0
271.0	120.0
272.0	119.0
273.0	526.0
274.0	84.0
275.0	80.0
276.0	11.0
277.0	124.0
278.0	68.0
279.0	27.0
280.0	30.0
281.0	36.0
282.0	42.0
283.0	32.0
284.0	35.0
285.0	36.0
286.0	43.0
287.0	19.0
288.0	46.0
289.0	33.0
290.0	26.0
291.0	34.0
292.0	36.0
293.0	31.0
294.0	20.0
295.0	42.0
296.0	35.0
297.0	35.0
298.0	47.0
299.0	53.0
300.0	102.0
301.0	172.0
302.0	285.0
303.0	364.0
304.0	426.0
305.0	348.0
306.0	381.0
307.0	552.0
308.0	506.0
309.0	512.0
310.0	624.0
311.0	438.0
312.0	29.0
313.0	106.0
314.0	389.0
315.0	653.0
316.0	768.0
317.0	795.0
318.0	733.0
319.0	786.0
320.0	853.0
321.0	836.0
322.0	884.0
323.0	889.0
324.0	742.0
325.0	736.0
326.0	699.0
327.0	769.0
328.0	856.0
329.0	669.0
330.0	838.0
331.0	815.0
332.0	1110.0
333.0	729.0
334.0	659.0
335.0	765.0
336.0	937.0
337.0	895.0
338.0	1430.0
339.0	957.0
340.0	778.0
341.0	912.0
342.0	878.0
343.0	834.0
344.0	1240.0
345.0	970.0
346.0	620.0
347.0	935.0
348.0	1180.0
349.0	1110.0
350.0	1280.0
351.0	1010.0
352.0	1270.0
353.0	1330.0
354.0	1170.0
355.0	978.0
356.0	1180.0
357.0	1170.0
358.0	965.0
359.0	938.0
360.0	833.0
361.0	727.0
362.0	735.0
363.0	985.0
364.0	975.0
365.0	647.0
366.0	1100.0
367.0	944.0
368.0	1090.0
369.0	1020.0
370.0	698.0
371.0	1000.0
372.0	983.0
373.0	881.0
374.0	865.0
375.0	1010.0
376.0	859.0
377.0	1040.0
378.0	954.0
379.0	737.0
380.0	757.0
381.0	878.0
382.0	589.0
383.0	871.0
384.0	887.0
385.0	755.0
386.0	839.0
387.0	681.0
388.0	927.0
389.0	842.0
390.0	1000.0
391.0	914.0
392.0	713.0
393.0	399.0
394.0	11.0
395.0	336.0
396.0	529.0
397.0	547.0
398.0	560.0
399.0	560.0
400.0	738.0
401.0	849.0
402.0	274.0
403.0	601.0
404.0	385.0
405.0	604.0
406.0	404.0
407.0	13.0
408.0	41.0
409.0	37.0
410.0	108.0
411.0	436.0
412.0	653.0
413.0	792.0
414.0	791.0
415.0	923.0
416.0	779.0
417.0	997.0
418.0	1040.0
419.0	958.0
420.0	989.0
421.0	708.0
422.0	1080.0
423.0	935.0
424.0	975.0
425.0	1030.0
426.0	1050.0
427.0	913.0
428.0	900.0
429.0	886.0
430.0	1060.0
431.0	774.0
432.0	1090.0
433.0	817.0
434.0	940.0
435.0	1120.0
436.0	1040.0
437.0	1120.0
438.0	846.0
439.0	878.0
440.0	1020.0
441.0	795.0
442.0	766.0
443.0	812.0
444.0	723.0
445.0	712.0
446.0	791.0
447.0	936.0
448.0	985.0
449.0	844.0
450.0	774.0
451.0	805.0
452.0	817.0
453.0	781.0
454.0	1070.0
455.0	1020.0
456.0	1040.0
457.0	823.0
458.0	1050.0
459.0	1130.0
460.0	910.0
461.0	550.0
462.0	782.0
463.0	683.0
464.0	862.0
465.0	992.0
466.0	733.0
467.0	733.0
468.0	610.0
469.0	589.0
470.0	833.0
471.0	838.0
472.0	706.0
473.0	607.0
474.0	872.0
475.0	863.0
476.0	924.0
477.0	721.0
478.0	659.0
479.0	620.0
480.0	770.0
481.0	654.0
482.0	654.0
483.0	689.0
484.0	580.0
485.0	734.0
486.0	837.0
487.0	718.0
488.0	784.0
489.0	701.0
490.0	682.0
491.0	815.0
492.0	715.0
493.0	647.0
494.0	699.0
495.0	692.0
496.0	825.0
497.0	788.0
498.0	733.0
499.0	577.0
500.0	888.0
501.0	875.0
502.0	772.0
503.0	959.0
504.0	835.0
505.0	957.0
506.0	768.0
507.0	770.0
508.0	896.0
509.0	799.0
510.0	682.0
511.0	48.0
512.0	1.0
513.0	79.0
514.0	121.0
515.0	463.0
516.0	717.0
517.0	773.0
518.0	928.0
519.0	806.0
520.0	816.0
521.0	831.0
522.0	796.0
523.0	601.0
524.0	663.0
525.0	855.0
526.0	25.0
527.0	4.0
528.0	119.0
529.0	104.0
530.0	412.0
531.0	500.0
532.0	685.0
533.0	755.0
534.0	439.0
535.0	718.0
536.0	783.0
537.0	695.0
538.0	479.0
539.0	589.0
540.0	793.0
541.0	584.0
542.0	730.0
543.0	925.0
544.0	920.0
545.0	909.0
546.0	869.0
547.0	768.0
548.0	969.0
549.0	947.0
550.0	978.0
551.0	987.0
552.0	954.0
553.0	815.0
554.0	752.0
555.0	849.0
556.0	865.0
557.0	908.0
558.0	897.0
559.0	815.0
560.0	824.0
561.0	850.0
562.0	834.0
563.0	858.0
564.0	893.0
565.0	833.0
566.0	1050.0
567.0	846.0
568.0	585.0
569.0	927.0
570.0	1120.0
571.0	577.0
572.0	214.0
573.0	109.0
574.0	216.0
575.0	89.0
576.0	517.0
577.0	536.0
578.0	589.0
579.0	506.0
580.0	469.0
581.0	584.0
582.0	590.0
583.0	522.0
584.0	530.0
585.0	508.0
586.0	560.0
587.0	541.0
588.0	480.0
589.0	553.0
590.0	489.0
591.0	589.0
592.0	104.0
593.0	125.0
594.0	510.0
595.0	550.0
596.0	434.0
597.0	546.0
598.0	572.0
599.0	644.0
600.0	508.0
601.0	547.0
602.0	597.0
603.0	709.0
604.0	573.0
605.0	503.0
606.0	543.0
607.0	488.0
608.0	927.0
609.0	966.0
610.0	866.0
611.0	810.0
612.0	825.0
613.0	1020.0
614.0	1150.0
615.0	969.0
616.0	933.0
617.0	1020.0
618.0	1180.0
619.0	53.0
620.0	96.0
621.0	99.0
622.0	114.0
623.0	831.0
624.0	544.0
625.0	596.0
626.0	1090.0
627.0	1140.0
628.0	1150.0
629.0	1110.0
630.0	1180.0
631.0	1000.0
632.0	933.0
633.0	797.0
634.0	748.0
635.0	724.0
636.0	915.0
637.0	865.0
638.0	892.0
639.0	874.0
640.0	844.0
641.0	874.0
642.0	822.0
643.0	697.0
644.0	1050.0
645.0	950.0
646.0	795.0
647.0	963.0
648.0	910.0
649.0	959.0
650.0	1040.0
651.0	956.0
652.0	958.0
653.0	954.0
654.0	528.0
655.0	109.0
656.0	124.0
657.0	114.0
658.0	124.0
659.0	202.0
660.0	83.0
661.0	106.0
662.0	307.0
663.0	428.0
664.0	382.0
665.0	424.0
666.0	425.0
667.0	33.0
668.0	14.0
669.0	8.0
670.0	11.0
671.0	16.0
672.0	1.0
673.0	114.0
674.0	102.0
675.0	316.0
676.0	387.0
677.0	346.0
678.0	402.0
679.0	388.0
680.0	352.0
681.0	395.0
682.0	368.0
683.0	386.0
684.0	387.0
685.0	345.0
686.0	373.0
687.0	326.0
688.0	416.0
689.0	435.0
690.0	442.0
691.0	339.0
692.0	401.0
693.0	375.0
694.0	352.0
695.0	300.0
696.0	480.0
697.0	375.0
698.0	439.0
699.0	420.0
700.0	436.0
701.0	440.0
702.0	356.0
703.0	466.0
704.0	329.0
705.0	388.0
706.0	487.0
707.0	542.0
708.0	78.0
709.0	2.0
710.0	0.0
711.0	22.0
712.0	120.0
713.0	82.0
714.0	122.0
715.0	140.0
716.0	220.0
717.0	274.0
718.0	334.0
719.0	357.0
720.0	377.0
721.0	434.0
722.0	420.0
723.0	451.0
724.0	434.0
725.0	455.0
726.0	392.0
727.0	440.0
728.0	533.0
729.0	447.0
730.0	541.0
731.0	497.0
732.0	400.0
733.0	491.0
734.0	487.0
735.0	486.0
736.0	480.0
737.0	425.0
738.0	533.0
739.0	560.0
740.0	596.0
741.0	543.0
742.0	491.0
743.0	517.0
744.0	478.0
745.0	464.0
746.0	488.0
747.0	472.0
748.0	454.0
749.0	416.0
750.0	394.0
751.0	179.0
752.0	101.0
753.0	103.0
754.0	111.0
755.0	96.0
756.0	98.0
757.0	113.0
758.0	94.0
759.0	117.0
760.0	117.0
761.0	108.0
762.0	117.0
763.0	110.0
764.0	106.0
765.0	76.0
766.0	276.0
767.0	386.0
768.0	319.0
769.0	343.0
770.0	351.0
771.0	371.0
772.0	379.0
773.0	321.0
774.0	398.0
775.0	445.0
776.0	422.0
777.0	408.0
778.0	505.0
779.0	516.0
780.0	575.0
781.0	399.0
782.0	561.0
783.0	638.0
784.0	648.0
785.0	623.0
786.0	646.0
787.0	601.0
788.0	496.0
789.0	692.0
790.0	176.0
791.0	23.0
792.0	156.0
793.0	99.0
794.0	573.0
795.0	521.0
796.0	495.0
797.0	499.0
798.0	540.0
799.0	531.0
800.0	559.0
