1.0	27.0
2.0	107.0
3.0	120.0
4.0	98.0
5.0	105.0
6.0	92.0
7.0	90.0
8.0	746.0
9.0	871.0
10.0	951.0
11.0	969.0
12.0	398.0
13.0	53.0
14.0	93.0
15.0	756.0
16.0	1330.0
17.0	1000.0
18.0	1120.0
19.0	1260.0
20.0	1230.0
21.0	1270.0
22.0	1250.0
23.0	929.0
24.0	1380.0
25.0	1470.0
26.0	1340.0
27.0	1020.0
28.0	907.0
29.0	922.0
30.0	1230.0
31.0	1400.0
32.0	926.0
33.0	1550.0
34.0	1030.0
35.0	97.0
36.0	105.0
37.0	959.0
38.0	1270.0
39.0	1400.0
40.0	1390.0
41.0	1370.0
42.0	1460.0
43.0	584.0
44.0	110.0
45.0	123.0
46.0	1140.0
47.0	1190.0
48.0	1310.0
49.0	1360.0
50.0	1370.0
51.0	1280.0
52.0	1520.0
53.0	1220.0
54.0	191.0
55.0	100.0
56.0	99.0
57.0	1590.0
58.0	1290.0
59.0	1530.0
60.0	1350.0
61.0	1430.0
62.0	1130.0
63.0	1270.0
64.0	1250.0
65.0	1160.0
66.0	1240.0
67.0	1240.0
68.0	1340.0
69.0	1300.0
70.0	1410.0
71.0	1450.0
72.0	1270.0
73.0	1330.0
74.0	1270.0
75.0	1660.0
76.0	1360.0
77.0	1350.0
78.0	1170.0
79.0	1360.0
80.0	1560.0
81.0	1620.0
82.0	1680.0
83.0	1580.0
84.0	1400.0
85.0	1430.0
86.0	1410.0
87.0	1530.0
88.0	1220.0
89.0	48.0
90.0	108.0
91.0	1250.0
92.0	1570.0
93.0	1580.0
94.0	1530.0
95.0	1740.0
96.0	1580.0
97.0	1530.0
98.0	1430.0
99.0	1630.0
100.0	1630.0
101.0	1630.0
102.0	1700.0
103.0	1670.0
104.0	1680.0
105.0	1450.0
106.0	1190.0
107.0	1540.0
108.0	1170.0
109.0	1350.0
110.0	1300.0
111.0	788.0
112.0	1010.0
113.0	598.0
114.0	285.0
115.0	279.0
116.0	381.0
117.0	212.0
118.0	34.0
119.0	19.0
120.0	58.0
121.0	142.0
122.0	87.0
123.0	85.0
124.0	100.0
125.0	124.0
126.0	106.0
127.0	283.0
128.0	201.0
129.0	279.0
130.0	566.0
131.0	581.0
132.0	389.0
133.0	431.0
134.0	422.0
135.0	487.0
136.0	591.0
137.0	664.0
138.0	244.0
139.0	122.0
140.0	120.0
141.0	569.0
142.0	848.0
143.0	987.0
144.0	881.0
145.0	757.0
146.0	737.0
147.0	742.0
148.0	1400.0
149.0	464.0
150.0	0.0
151.0	43.0
152.0	114.0
153.0	115.0
154.0	99.0
155.0	112.0
156.0	120.0
157.0	119.0
158.0	80.0
159.0	123.0
160.0	108.0
161.0	110.0
162.0	119.0
163.0	125.0
164.0	118.0
165.0	82.0
166.0	111.0
167.0	82.0
168.0	120.0
169.0	104.0
170.0	107.0
171.0	120.0
172.0	116.0
173.0	110.0
174.0	94.0
175.0	111.0
176.0	103.0
177.0	116.0
178.0	120.0
179.0	87.0
180.0	118.0
181.0	119.0
182.0	101.0
183.0	101.0
184.0	123.0
185.0	98.0
186.0	104.0
187.0	99.0
188.0	124.0
189.0	109.0
190.0	118.0
191.0	113.0
192.0	109.0
193.0	110.0
194.0	104.0
195.0	125.0
196.0	104.0
197.0	100.0
198.0	83.0
199.0	105.0
200.0	105.0
201.0	105.0
202.0	115.0
203.0	115.0
204.0	95.0
205.0	101.0
206.0	104.0
207.0	121.0
208.0	123.0
209.0	112.0
210.0	121.0
211.0	87.0
212.0	92.0
213.0	117.0
214.0	124.0
215.0	110.0
216.0	99.0
217.0	121.0
218.0	89.0
219.0	109.0
220.0	97.0
221.0	100.0
222.0	119.0
223.0	148.0
224.0	206.0
225.0	287.0
226.0	457.0
227.0	417.0
228.0	599.0
229.0	593.0
230.0	700.0
231.0	750.0
232.0	816.0
233.0	732.0
234.0	663.0
235.0	806.0
236.0	814.0
237.0	913.0
238.0	1140.0
239.0	1040.0
240.0	1190.0
241.0	1110.0
242.0	1260.0
243.0	1130.0
244.0	1260.0
245.0	1240.0
246.0	1110.0
247.0	1090.0
248.0	1050.0
249.0	1360.0
250.0	1060.0
251.0	822.0
252.0	1040.0
253.0	855.0
254.0	1090.0
255.0	877.0
256.0	1020.0
257.0	1390.0
258.0	972.0
259.0	1010.0
260.0	1100.0
261.0	797.0
262.0	949.0
263.0	945.0
264.0	1030.0
265.0	796.0
266.0	1010.0
267.0	1010.0
268.0	1270.0
269.0	1060.0
270.0	1210.0
271.0	717.0
272.0	233.0
273.0	118.0
274.0	111.0
275.0	90.0
276.0	92.0
277.0	99.0
278.0	157.0
279.0	194.0
280.0	211.0
281.0	206.0
282.0	191.0
283.0	184.0
284.0	265.0
285.0	340.0
286.0	355.0
287.0	387.0
288.0	428.0
289.0	409.0
290.0	339.0
291.0	472.0
292.0	490.0
293.0	491.0
294.0	409.0
295.0	621.0
296.0	554.0
297.0	821.0
298.0	773.0
299.0	991.0
300.0	1120.0
301.0	1270.0
302.0	1400.0
303.0	1030.0
304.0	1080.0
305.0	1110.0
306.0	1210.0
307.0	1430.0
308.0	1530.0
309.0	1300.0
310.0	1340.0
311.0	1070.0
312.0	1030.0
313.0	1030.0
314.0	1020.0
315.0	1090.0
316.0	1050.0
317.0	1240.0
318.0	932.0
319.0	1210.0
320.0	1070.0
321.0	601.0
322.0	515.0
323.0	856.0
324.0	911.0
325.0	1190.0
326.0	1170.0
327.0	1230.0
328.0	1250.0
329.0	767.0
330.0	930.0
331.0	543.0
332.0	624.0
333.0	688.0
334.0	575.0
335.0	858.0
336.0	486.0
337.0	263.0
338.0	476.0
339.0	221.0
340.0	63.0
341.0	101.0
342.0	90.0
343.0	36.0
344.0	120.0
345.0	107.0
346.0	123.0
347.0	118.0
348.0	125.0
349.0	87.0
350.0	118.0
351.0	119.0
352.0	50.0
353.0	60.0
354.0	88.0
355.0	102.0
356.0	103.0
357.0	317.0
358.0	145.0
359.0	306.0
360.0	299.0
361.0	306.0
362.0	301.0
363.0	265.0
364.0	186.0
365.0	328.0
366.0	67.0
367.0	42.0
368.0	41.0
369.0	85.0
370.0	116.0
371.0	101.0
372.0	125.0
373.0	119.0
374.0	464.0
375.0	525.0
376.0	485.0
377.0	543.0
378.0	656.0
379.0	651.0
380.0	751.0
381.0	846.0
382.0	699.0
383.0	1020.0
384.0	982.0
385.0	894.0
386.0	1010.0
387.0	970.0
388.0	896.0
389.0	985.0
390.0	1070.0
391.0	1060.0
392.0	1020.0
393.0	1200.0
394.0	1220.0
395.0	1160.0
396.0	1210.0
397.0	1110.0
398.0	1130.0
399.0	1100.0
400.0	1090.0
401.0	1010.0
402.0	873.0
403.0	907.0
404.0	869.0
405.0	1090.0
406.0	1240.0
407.0	825.0
408.0	322.0
409.0	24.0
410.0	0.0
411.0	43.0
412.0	51.0
413.0	79.0
414.0	118.0
415.0	710.0
416.0	629.0
417.0	675.0
418.0	280.0
419.0	15.0
420.0	18.0
421.0	2.0
422.0	1.0
423.0	53.0
424.0	83.0
425.0	119.0
426.0	96.0
427.0	119.0
428.0	83.0
429.0	112.0
430.0	80.0
431.0	95.0
432.0	87.0
433.0	100.0
434.0	123.0
435.0	108.0
436.0	95.0
437.0	113.0
438.0	125.0
439.0	102.0
440.0	98.0
441.0	100.0
442.0	110.0
443.0	74.0
444.0	100.0
445.0	95.0
446.0	136.0
447.0	146.0
448.0	183.0
449.0	211.0
450.0	214.0
451.0	212.0
452.0	214.0
453.0	460.0
454.0	437.0
455.0	405.0
456.0	369.0
457.0	492.0
458.0	474.0
459.0	443.0
460.0	312.0
461.0	552.0
462.0	394.0
463.0	531.0
464.0	551.0
465.0	464.0
466.0	532.0
467.0	550.0
468.0	541.0
469.0	530.0
470.0	459.0
471.0	11.0
472.0	0.0
473.0	1.0
474.0	18.0
475.0	125.0
476.0	486.0
477.0	491.0
478.0	536.0
479.0	566.0
480.0	775.0
481.0	617.0
482.0	829.0
483.0	666.0
484.0	910.0
485.0	946.0
486.0	669.0
487.0	1030.0
488.0	1160.0
489.0	1410.0
490.0	1380.0
491.0	1130.0
492.0	1240.0
493.0	1360.0
494.0	1260.0
495.0	1330.0
496.0	1410.0
497.0	1270.0
498.0	1270.0
499.0	1440.0
500.0	1440.0
501.0	1440.0
502.0	1380.0
503.0	1400.0
504.0	1400.0
505.0	1420.0
506.0	1190.0
507.0	1330.0
508.0	1340.0
509.0	1290.0
510.0	1210.0
511.0	1300.0
512.0	1160.0
513.0	1030.0
514.0	1110.0
515.0	998.0
516.0	1030.0
517.0	1010.0
518.0	846.0
519.0	677.0
520.0	459.0
521.0	28.0
522.0	4.0
523.0	97.0
524.0	100.0
525.0	797.0
526.0	828.0
527.0	1020.0
528.0	1100.0
529.0	1090.0
530.0	1050.0
531.0	1170.0
532.0	1040.0
533.0	1190.0
534.0	824.0
535.0	1180.0
536.0	1040.0
537.0	657.0
538.0	969.0
539.0	934.0
540.0	1200.0
541.0	1030.0
542.0	887.0
543.0	770.0
544.0	900.0
545.0	1090.0
546.0	68.0
547.0	178.0
548.0	3.0
549.0	0.0
550.0	24.0
551.0	8.0
552.0	84.0
553.0	317.0
554.0	408.0
555.0	420.0
556.0	482.0
557.0	536.0
558.0	470.0
559.0	555.0
560.0	549.0
561.0	517.0
562.0	554.0
563.0	645.0
564.0	586.0
565.0	535.0
566.0	704.0
567.0	722.0
568.0	700.0
569.0	592.0
570.0	803.0
571.0	620.0
572.0	599.0
573.0	206.0
574.0	1.0
575.0	10.0
576.0	97.0
577.0	193.0
578.0	463.0
579.0	636.0
580.0	896.0
581.0	845.0
582.0	772.0
583.0	932.0
584.0	749.0
585.0	700.0
586.0	1010.0
587.0	745.0
588.0	647.0
589.0	657.0
590.0	689.0
591.0	594.0
592.0	735.0
593.0	819.0
594.0	572.0
595.0	579.0
596.0	507.0
597.0	674.0
598.0	663.0
599.0	767.0
600.0	691.0
601.0	715.0
602.0	800.0
603.0	731.0
604.0	725.0
605.0	985.0
606.0	732.0
607.0	632.0
608.0	3.0
609.0	88.0
610.0	97.0
611.0	464.0
612.0	429.0
613.0	559.0
614.0	433.0
615.0	635.0
616.0	728.0
617.0	298.0
618.0	257.0
619.0	466.0
620.0	428.0
621.0	407.0
622.0	302.0
623.0	62.0
624.0	285.0
625.0	283.0
626.0	284.0
627.0	366.0
628.0	339.0
629.0	460.0
630.0	389.0
631.0	399.0
632.0	386.0
633.0	413.0
634.0	369.0
635.0	316.0
636.0	324.0
637.0	225.0
638.0	349.0
639.0	153.0
640.0	230.0
641.0	283.0
642.0	291.0
643.0	436.0
644.0	365.0
645.0	375.0
646.0	280.0
647.0	383.0
648.0	461.0
649.0	516.0
650.0	553.0
651.0	445.0
652.0	498.0
653.0	486.0
654.0	449.0
655.0	492.0
656.0	584.0
657.0	375.0
658.0	514.0
659.0	733.0
660.0	456.0
661.0	427.0
662.0	336.0
663.0	435.0
664.0	639.0
665.0	518.0
666.0	496.0
667.0	451.0
668.0	523.0
669.0	444.0
670.0	456.0
671.0	570.0
672.0	307.0
673.0	233.0
674.0	298.0
675.0	313.0
676.0	289.0
677.0	449.0
678.0	313.0
679.0	354.0
680.0	310.0
681.0	218.0
682.0	250.0
683.0	247.0
684.0	277.0
685.0	376.0
686.0	313.0
687.0	194.0
688.0	262.0
689.0	332.0
690.0	371.0
691.0	322.0
692.0	359.0
693.0	369.0
694.0	374.0
695.0	370.0
696.0	271.0
697.0	321.0
698.0	266.0
699.0	266.0
700.0	281.0
701.0	443.0
702.0	367.0
703.0	455.0
704.0	568.0
705.0	407.0
706.0	339.0
707.0	469.0
708.0	419.0
709.0	337.0
710.0	401.0
711.0	323.0
712.0	533.0
713.0	374.0
714.0	485.0
715.0	410.0
716.0	508.0
717.0	429.0
718.0	360.0
719.0	386.0
720.0	399.0
721.0	250.0
722.0	317.0
723.0	326.0
724.0	314.0
725.0	290.0
726.0	283.0
727.0	411.0
728.0	411.0
729.0	416.0
730.0	281.0
731.0	61.0
732.0	1.0
733.0	0.0
734.0	0.0
735.0	0.0
736.0	1.0
737.0	11.0
738.0	113.0
739.0	106.0
740.0	73.0
741.0	117.0
742.0	96.0
743.0	115.0
744.0	98.0
745.0	28.0
746.0	88.0
747.0	109.0
748.0	103.0
749.0	96.0
750.0	106.0
751.0	125.0
752.0	125.0
753.0	109.0
754.0	118.0
755.0	111.0
756.0	105.0
757.0	116.0
758.0	118.0
759.0	105.0
760.0	109.0
761.0	112.0
762.0	122.0
763.0	106.0
764.0	112.0
765.0	98.0
766.0	87.0
767.0	114.0
768.0	114.0
769.0	94.0
770.0	123.0
771.0	117.0
772.0	125.0
773.0	122.0
774.0	111.0
775.0	123.0
776.0	116.0
777.0	114.0
778.0	103.0
779.0	106.0
780.0	116.0
781.0	121.0
782.0	92.0
783.0	95.0
784.0	96.0
785.0	115.0
786.0	107.0
787.0	120.0
788.0	117.0
789.0	119.0
790.0	124.0
791.0	120.0
792.0	103.0
793.0	106.0
794.0	117.0
795.0	103.0
796.0	108.0
797.0	108.0
798.0	104.0
799.0	106.0
800.0	101.0
