1.0	237.0
2.0	108.0
3.0	95.0
4.0	100.0
5.0	219.0
6.0	268.0
7.0	264.0
8.0	282.0
9.0	329.0
10.0	349.0
11.0	352.0
12.0	215.0
13.0	292.0
14.0	321.0
15.0	361.0
16.0	385.0
17.0	371.0
18.0	379.0
19.0	351.0
20.0	407.0
21.0	432.0
22.0	409.0
23.0	274.0
24.0	338.0
25.0	448.0
26.0	530.0
27.0	549.0
28.0	792.0
29.0	834.0
30.0	768.0
31.0	355.0
32.0	582.0
33.0	690.0
34.0	739.0
35.0	744.0
36.0	765.0
37.0	593.0
38.0	288.0
39.0	0.0
40.0	108.0
41.0	116.0
42.0	95.0
43.0	649.0
44.0	473.0
45.0	617.0
46.0	613.0
47.0	321.0
48.0	109.0
49.0	109.0
50.0	40.0
51.0	764.0
52.0	775.0
53.0	771.0
54.0	662.0
55.0	809.0
56.0	718.0
57.0	814.0
58.0	834.0
59.0	744.0
60.0	829.0
61.0	742.0
62.0	542.0
63.0	22.0
64.0	28.0
65.0	0.0
66.0	6.0
67.0	31.0
68.0	121.0
69.0	92.0
70.0	118.0
71.0	352.0
72.0	316.0
73.0	28.0
74.0	22.0
75.0	67.0
76.0	40.0
77.0	47.0
78.0	84.0
79.0	95.0
80.0	291.0
81.0	357.0
82.0	259.0
83.0	322.0
84.0	330.0
85.0	316.0
86.0	314.0
87.0	377.0
88.0	348.0
89.0	435.0
90.0	505.0
91.0	475.0
92.0	580.0
93.0	477.0
94.0	524.0
95.0	503.0
96.0	742.0
97.0	736.0
98.0	782.0
99.0	668.0
100.0	104.0
101.0	91.0
102.0	116.0
103.0	213.0
104.0	598.0
105.0	824.0
106.0	710.0
107.0	598.0
108.0	568.0
109.0	526.0
110.0	550.0
111.0	591.0
112.0	587.0
113.0	818.0
114.0	839.0
115.0	799.0
116.0	728.0
117.0	727.0
118.0	947.0
119.0	1110.0
120.0	1060.0
121.0	1000.0
122.0	781.0
123.0	759.0
124.0	914.0
125.0	1150.0
126.0	1040.0
127.0	818.0
128.0	542.0
129.0	346.0
130.0	13.0
131.0	8.0
132.0	0.0
133.0	58.0
134.0	11.0
135.0	4.0
136.0	19.0
137.0	39.0
138.0	23.0
139.0	15.0
140.0	17.0
141.0	40.0
142.0	35.0
143.0	43.0
144.0	34.0
145.0	22.0
146.0	2.0
147.0	19.0
148.0	32.0
149.0	20.0
150.0	19.0
151.0	15.0
152.0	26.0
153.0	25.0
154.0	21.0
155.0	16.0
156.0	31.0
157.0	27.0
158.0	27.0
159.0	29.0
160.0	35.0
161.0	96.0
162.0	121.0
163.0	118.0
164.0	125.0
165.0	36.0
166.0	174.0
167.0	192.0
168.0	201.0
169.0	259.0
170.0	219.0
171.0	249.0
172.0	39.0
173.0	8.0
174.0	122.0
175.0	95.0
176.0	117.0
177.0	87.0
178.0	119.0
179.0	120.0
180.0	101.0
181.0	119.0
182.0	92.0
183.0	117.0
184.0	99.0
185.0	104.0
186.0	112.0
187.0	97.0
188.0	102.0
189.0	116.0
190.0	115.0
191.0	98.0
192.0	123.0
193.0	101.0
194.0	114.0
195.0	123.0
196.0	123.0
197.0	120.0
198.0	120.0
199.0	90.0
200.0	81.0
201.0	114.0
202.0	105.0
203.0	107.0
204.0	102.0
205.0	118.0
206.0	120.0
207.0	110.0
208.0	99.0
209.0	125.0
210.0	84.0
211.0	105.0
212.0	115.0
213.0	124.0
214.0	121.0
215.0	95.0
216.0	112.0
217.0	110.0
218.0	101.0
219.0	98.0
220.0	116.0
221.0	85.0
222.0	87.0
223.0	110.0
224.0	121.0
225.0	119.0
226.0	114.0
227.0	116.0
228.0	96.0
229.0	120.0
230.0	92.0
231.0	125.0
232.0	122.0
233.0	125.0
234.0	123.0
235.0	111.0
236.0	118.0
237.0	111.0
238.0	107.0
239.0	120.0
240.0	97.0
241.0	113.0
242.0	121.0
243.0	120.0
244.0	110.0
245.0	118.0
246.0	87.0
247.0	114.0
248.0	104.0
249.0	84.0
250.0	81.0
251.0	109.0
252.0	116.0
253.0	124.0
254.0	80.0
255.0	124.0
256.0	124.0
257.0	124.0
258.0	93.0
259.0	113.0
260.0	114.0
261.0	105.0
262.0	112.0
263.0	110.0
264.0	115.0
265.0	118.0
266.0	84.0
267.0	122.0
268.0	117.0
269.0	119.0
270.0	120.0
271.0	116.0
272.0	113.0
273.0	109.0
274.0	117.0
275.0	112.0
276.0	93.0
277.0	117.0
278.0	118.0
279.0	98.0
280.0	103.0
281.0	124.0
282.0	100.0
283.0	109.0
284.0	87.0
285.0	120.0
286.0	100.0
287.0	118.0
288.0	96.0
289.0	97.0
290.0	115.0
291.0	88.0
292.0	104.0
293.0	112.0
294.0	85.0
295.0	122.0
296.0	113.0
297.0	102.0
298.0	106.0
299.0	115.0
300.0	122.0
301.0	38.0
302.0	42.0
303.0	61.0
304.0	83.0
305.0	122.0
306.0	134.0
307.0	175.0
308.0	238.0
309.0	371.0
310.0	436.0
311.0	505.0
312.0	542.0
313.0	589.0
314.0	685.0
315.0	737.0
316.0	807.0
317.0	769.0
318.0	688.0
319.0	749.0
320.0	724.0
321.0	762.0
322.0	873.0
323.0	808.0
324.0	802.0
325.0	797.0
326.0	723.0
327.0	884.0
328.0	746.0
329.0	819.0
330.0	993.0
331.0	858.0
332.0	892.0
333.0	586.0
334.0	532.0
335.0	629.0
336.0	615.0
337.0	717.0
338.0	664.0
339.0	649.0
340.0	682.0
341.0	704.0
342.0	659.0
343.0	646.0
344.0	654.0
345.0	687.0
346.0	749.0
347.0	773.0
348.0	807.0
349.0	800.0
350.0	792.0
351.0	760.0
352.0	1010.0
353.0	1010.0
354.0	1110.0
355.0	827.0
356.0	1100.0
357.0	1270.0
358.0	1280.0
359.0	1180.0
360.0	1150.0
361.0	978.0
362.0	1200.0
363.0	1030.0
364.0	927.0
365.0	997.0
366.0	1070.0
367.0	1010.0
368.0	1020.0
369.0	1090.0
370.0	1100.0
371.0	1110.0
372.0	1170.0
373.0	1150.0
374.0	1090.0
375.0	970.0
376.0	959.0
377.0	854.0
378.0	925.0
379.0	1010.0
380.0	1030.0
381.0	927.0
382.0	1110.0
383.0	1010.0
384.0	981.0
385.0	1140.0
386.0	850.0
387.0	937.0
388.0	1100.0
389.0	950.0
390.0	1120.0
391.0	899.0
392.0	774.0
393.0	855.0
394.0	1020.0
395.0	740.0
396.0	901.0
397.0	824.0
398.0	913.0
399.0	650.0
400.0	713.0
401.0	660.0
402.0	822.0
403.0	786.0
404.0	791.0
405.0	859.0
406.0	601.0
407.0	544.0
408.0	822.0
409.0	461.0
410.0	18.0
411.0	19.0
412.0	305.0
413.0	673.0
414.0	525.0
415.0	429.0
416.0	532.0
417.0	761.0
418.0	475.0
419.0	108.0
420.0	85.0
421.0	126.0
422.0	717.0
423.0	935.0
424.0	766.0
425.0	793.0
426.0	740.0
427.0	806.0
428.0	873.0
429.0	871.0
430.0	984.0
431.0	1010.0
432.0	997.0
433.0	1050.0
434.0	1360.0
435.0	1260.0
436.0	1380.0
437.0	1440.0
438.0	1260.0
439.0	1310.0
440.0	1530.0
441.0	1620.0
442.0	1680.0
443.0	1690.0
444.0	1230.0
445.0	1680.0
446.0	1660.0
447.0	1550.0
448.0	1500.0
449.0	1560.0
450.0	1610.0
451.0	1510.0
452.0	1420.0
453.0	1650.0
454.0	1630.0
455.0	1230.0
456.0	1300.0
457.0	1250.0
458.0	1300.0
459.0	1390.0
460.0	1360.0
461.0	891.0
462.0	1170.0
463.0	1260.0
464.0	1240.0
465.0	1080.0
466.0	1130.0
467.0	952.0
468.0	728.0
469.0	749.0
470.0	776.0
471.0	803.0
472.0	966.0
473.0	1060.0
474.0	860.0
475.0	819.0
476.0	937.0
477.0	1030.0
478.0	825.0
479.0	795.0
480.0	811.0
481.0	698.0
482.0	803.0
483.0	841.0
484.0	857.0
485.0	945.0
486.0	984.0
487.0	904.0
488.0	978.0
489.0	836.0
490.0	983.0
491.0	817.0
492.0	1020.0
493.0	795.0
494.0	990.0
495.0	933.0
496.0	703.0
497.0	640.0
498.0	869.0
499.0	819.0
500.0	971.0
501.0	880.0
502.0	486.0
503.0	265.0
504.0	614.0
505.0	669.0
506.0	688.0
507.0	879.0
508.0	578.0
509.0	3.0
510.0	115.0
511.0	125.0
512.0	29.0
513.0	436.0
514.0	393.0
515.0	641.0
516.0	470.0
517.0	503.0
518.0	625.0
519.0	731.0
520.0	799.0
521.0	815.0
522.0	5.0
523.0	0.0
524.0	10.0
525.0	20.0
526.0	15.0
527.0	120.0
528.0	120.0
529.0	165.0
530.0	449.0
531.0	527.0
532.0	338.0
533.0	9.0
534.0	101.0
535.0	584.0
536.0	576.0
537.0	558.0
538.0	567.0
539.0	727.0
540.0	645.0
541.0	784.0
542.0	892.0
543.0	878.0
544.0	923.0
545.0	881.0
546.0	1080.0
547.0	1150.0
548.0	1110.0
549.0	1240.0
550.0	1210.0
551.0	1220.0
552.0	1310.0
553.0	1590.0
554.0	1480.0
555.0	1360.0
556.0	1570.0
557.0	1440.0
558.0	1490.0
559.0	1560.0
560.0	1480.0
561.0	1470.0
562.0	1440.0
563.0	1630.0
564.0	1410.0
565.0	1540.0
566.0	1540.0
567.0	1530.0
568.0	1600.0
569.0	1600.0
570.0	1480.0
571.0	1250.0
572.0	913.0
573.0	958.0
574.0	1080.0
575.0	464.0
576.0	10.0
577.0	0.0
578.0	0.0
579.0	29.0
580.0	6.0
581.0	0.0
582.0	31.0
583.0	21.0
584.0	0.0
585.0	37.0
586.0	14.0
587.0	43.0
588.0	11.0
589.0	11.0
590.0	33.0
591.0	17.0
592.0	9.0
593.0	19.0
594.0	20.0
595.0	29.0
596.0	27.0
597.0	13.0
598.0	119.0
599.0	106.0
600.0	112.0
601.0	172.0
602.0	212.0
603.0	228.0
604.0	316.0
605.0	410.0
606.0	478.0
607.0	380.0
608.0	507.0
609.0	468.0
610.0	505.0
611.0	534.0
612.0	577.0
613.0	648.0
614.0	848.0
615.0	863.0
616.0	822.0
617.0	506.0
618.0	22.0
619.0	93.0
620.0	113.0
621.0	159.0
622.0	846.0
623.0	819.0
624.0	708.0
625.0	825.0
626.0	957.0
627.0	1020.0
628.0	855.0
629.0	868.0
630.0	682.0
631.0	774.0
632.0	686.0
633.0	920.0
634.0	978.0
635.0	964.0
636.0	980.0
637.0	1030.0
638.0	1250.0
639.0	1150.0
640.0	1140.0
641.0	1090.0
642.0	1050.0
643.0	1050.0
644.0	1140.0
645.0	1070.0
646.0	1120.0
647.0	1260.0
648.0	1260.0
649.0	1250.0
650.0	1120.0
651.0	1150.0
652.0	1020.0
653.0	1020.0
654.0	1060.0
655.0	1230.0
656.0	1110.0
657.0	823.0
658.0	1060.0
659.0	1070.0
660.0	1090.0
661.0	960.0
662.0	1050.0
663.0	700.0
664.0	1050.0
665.0	803.0
666.0	922.0
667.0	348.0
668.0	756.0
669.0	699.0
670.0	782.0
671.0	298.0
672.0	448.0
673.0	551.0
674.0	628.0
675.0	511.0
676.0	579.0
677.0	615.0
678.0	554.0
679.0	478.0
680.0	128.0
681.0	1.0
682.0	0.0
683.0	125.0
684.0	90.0
685.0	124.0
686.0	156.0
687.0	354.0
688.0	426.0
689.0	377.0
690.0	513.0
691.0	396.0
692.0	259.0
693.0	423.0
694.0	456.0
695.0	509.0
696.0	578.0
697.0	583.0
698.0	763.0
699.0	844.0
700.0	788.0
701.0	725.0
702.0	796.0
703.0	754.0
704.0	823.0
705.0	949.0
706.0	852.0
707.0	826.0
708.0	850.0
709.0	762.0
710.0	842.0
711.0	836.0
712.0	886.0
713.0	925.0
714.0	918.0
715.0	852.0
716.0	844.0
717.0	785.0
718.0	930.0
719.0	891.0
720.0	906.0
721.0	875.0
722.0	744.0
723.0	785.0
724.0	770.0
725.0	773.0
726.0	885.0
727.0	878.0
728.0	877.0
729.0	838.0
730.0	897.0
731.0	860.0
732.0	890.0
733.0	810.0
734.0	840.0
735.0	937.0
736.0	855.0
737.0	849.0
738.0	829.0
739.0	833.0
740.0	852.0
741.0	897.0
742.0	857.0
743.0	876.0
744.0	945.0
745.0	1050.0
746.0	862.0
747.0	803.0
748.0	770.0
749.0	882.0
750.0	620.0
751.0	446.0
752.0	416.0
753.0	563.0
754.0	416.0
755.0	487.0
756.0	384.0
757.0	377.0
758.0	392.0
759.0	355.0
760.0	454.0
761.0	375.0
762.0	148.0
763.0	238.0
764.0	334.0
765.0	319.0
766.0	329.0
767.0	341.0
768.0	211.0
769.0	184.0
770.0	367.0
771.0	340.0
772.0	330.0
773.0	298.0
774.0	240.0
775.0	289.0
776.0	124.0
777.0	122.0
778.0	1.0
779.0	1.0
780.0	123.0
781.0	94.0
782.0	113.0
783.0	101.0
784.0	118.0
785.0	118.0
786.0	121.0
787.0	104.0
788.0	114.0
789.0	87.0
790.0	122.0
791.0	113.0
792.0	95.0
793.0	106.0
