1.0	167.0
2.0	327.0
3.0	356.0
4.0	349.0
5.0	326.0
6.0	356.0
7.0	142.0
8.0	82.0
9.0	100.0
10.0	92.0
11.0	108.0
12.0	232.0
13.0	159.0
14.0	0.0
15.0	4.0
16.0	94.0
17.0	120.0
18.0	117.0
19.0	91.0
20.0	119.0
21.0	115.0
22.0	102.0
23.0	113.0
24.0	158.0
25.0	156.0
26.0	44.0
27.0	16.0
28.0	21.0
29.0	103.0
30.0	246.0
31.0	430.0
32.0	499.0
33.0	546.0
34.0	583.0
35.0	242.0
36.0	0.0
37.0	0.0
38.0	0.0
39.0	0.0
40.0	0.0
41.0	0.0
42.0	0.0
43.0	93.0
44.0	102.0
45.0	116.0
46.0	122.0
47.0	109.0
48.0	79.0
49.0	108.0
50.0	150.0
51.0	264.0
52.0	371.0
53.0	384.0
54.0	282.0
55.0	121.0
56.0	111.0
57.0	93.0
58.0	213.0
59.0	413.0
60.0	431.0
61.0	500.0
62.0	492.0
63.0	464.0
64.0	507.0
65.0	527.0
66.0	520.0
67.0	530.0
68.0	547.0
69.0	628.0
70.0	672.0
71.0	672.0
72.0	748.0
73.0	835.0
74.0	918.0
75.0	631.0
76.0	857.0
77.0	808.0
78.0	742.0
79.0	553.0
80.0	461.0
81.0	21.0
82.0	116.0
83.0	105.0
84.0	59.0
85.0	103.0
86.0	96.0
87.0	361.0
88.0	240.0
89.0	296.0
90.0	137.0
91.0	220.0
92.0	269.0
93.0	119.0
94.0	275.0
95.0	69.0
96.0	78.0
97.0	78.0
98.0	76.0
99.0	79.0
100.0	104.0
101.0	113.0
102.0	319.0
103.0	377.0
104.0	445.0
105.0	387.0
106.0	356.0
107.0	386.0
108.0	411.0
109.0	388.0
110.0	418.0
111.0	434.0
112.0	470.0
113.0	471.0
114.0	468.0
115.0	538.0
116.0	557.0
117.0	543.0
118.0	594.0
119.0	651.0
120.0	666.0
121.0	547.0
122.0	572.0
123.0	583.0
124.0	183.0
125.0	108.0
126.0	110.0
127.0	473.0
128.0	500.0
129.0	444.0
130.0	430.0
131.0	571.0
132.0	502.0
133.0	291.0
134.0	97.0
135.0	119.0
136.0	357.0
137.0	379.0
138.0	386.0
139.0	427.0
140.0	445.0
141.0	435.0
142.0	414.0
143.0	230.0
144.0	135.0
145.0	158.0
146.0	131.0
147.0	224.0
148.0	99.0
149.0	107.0
150.0	208.0
151.0	289.0
152.0	389.0
153.0	278.0
154.0	338.0
155.0	164.0
156.0	164.0
157.0	141.0
158.0	135.0
159.0	145.0
160.0	136.0
161.0	119.0
162.0	97.0
163.0	97.0
164.0	99.0
165.0	82.0
166.0	81.0
167.0	38.0
168.0	186.0
169.0	87.0
170.0	321.0
171.0	306.0
172.0	4.0
173.0	177.0
174.0	139.0
175.0	116.0
176.0	494.0
177.0	491.0
178.0	458.0
179.0	498.0
180.0	322.0
181.0	111.0
182.0	109.0
183.0	104.0
184.0	114.0
185.0	116.0
186.0	124.0
187.0	461.0
188.0	288.0
189.0	554.0
190.0	572.0
191.0	520.0
192.0	624.0
193.0	114.0
194.0	111.0
195.0	124.0
196.0	367.0
197.0	401.0
198.0	404.0
199.0	458.0
200.0	107.0
201.0	133.0
202.0	112.0
203.0	171.0
204.0	182.0
205.0	114.0
206.0	164.0
207.0	128.0
208.0	116.0
209.0	127.0
210.0	95.0
211.0	234.0
212.0	362.0
213.0	462.0
214.0	485.0
215.0	483.0
216.0	468.0
217.0	518.0
218.0	515.0
219.0	541.0
220.0	658.0
221.0	699.0
222.0	648.0
223.0	684.0
224.0	727.0
225.0	575.0
226.0	681.0
227.0	656.0
228.0	609.0
229.0	568.0
230.0	662.0
231.0	641.0
232.0	539.0
233.0	586.0
234.0	584.0
235.0	673.0
236.0	584.0
237.0	614.0
238.0	594.0
239.0	602.0
240.0	549.0
241.0	549.0
242.0	599.0
243.0	627.0
244.0	571.0
245.0	577.0
246.0	571.0
247.0	546.0
248.0	650.0
249.0	742.0
250.0	843.0
