1.0	91.0
2.0	123.0
3.0	96.0
4.0	119.0
5.0	118.0
6.0	122.0
7.0	120.0
8.0	118.0
9.0	116.0
10.0	108.0
11.0	109.0
12.0	121.0
13.0	106.0
14.0	109.0
15.0	116.0
16.0	98.0
17.0	123.0
18.0	103.0
19.0	103.0
20.0	115.0
21.0	86.0
22.0	98.0
23.0	118.0
24.0	101.0
25.0	111.0
26.0	107.0
27.0	124.0
28.0	95.0
29.0	111.0
30.0	108.0
31.0	95.0
32.0	116.0
33.0	89.0
34.0	110.0
35.0	121.0
36.0	90.0
37.0	109.0
38.0	109.0
39.0	98.0
40.0	114.0
41.0	100.0
42.0	98.0
43.0	119.0
44.0	119.0
45.0	102.0
46.0	92.0
47.0	124.0
48.0	112.0
49.0	105.0
50.0	93.0
51.0	81.0
52.0	119.0
53.0	101.0
54.0	110.0
55.0	117.0
56.0	98.0
57.0	108.0
58.0	118.0
59.0	125.0
60.0	125.0
61.0	84.0
62.0	115.0
63.0	100.0
64.0	122.0
65.0	109.0
66.0	114.0
67.0	95.0
68.0	122.0
69.0	123.0
70.0	51.0
71.0	78.0
72.0	103.0
73.0	101.0
74.0	123.0
75.0	103.0
76.0	126.0
77.0	136.0
78.0	177.0
79.0	230.0
80.0	308.0
81.0	416.0
82.0	475.0
83.0	625.0
84.0	749.0
85.0	722.0
86.0	999.0
87.0	895.0
88.0	1350.0
89.0	1350.0
90.0	605.0
91.0	207.0
92.0	1140.0
93.0	1400.0
94.0	1120.0
95.0	1140.0
96.0	1370.0
97.0	1020.0
98.0	985.0
99.0	692.0
100.0	1120.0
101.0	1060.0
102.0	860.0
103.0	1040.0
104.0	1230.0
105.0	1080.0
106.0	359.0
107.0	386.0
108.0	912.0
109.0	1070.0
110.0	1010.0
111.0	1020.0
112.0	797.0
113.0	693.0
114.0	761.0
115.0	673.0
116.0	910.0
117.0	1180.0
118.0	1050.0
119.0	791.0
120.0	969.0
121.0	873.0
122.0	821.0
123.0	811.0
124.0	840.0
125.0	837.0
126.0	760.0
127.0	934.0
128.0	693.0
129.0	662.0
130.0	698.0
131.0	853.0
132.0	866.0
133.0	765.0
134.0	630.0
135.0	634.0
136.0	714.0
137.0	498.0
138.0	235.0
139.0	329.0
140.0	81.0
141.0	59.0
142.0	0.0
143.0	1.0
144.0	0.0
145.0	15.0
146.0	3.0
147.0	12.0
148.0	92.0
149.0	116.0
150.0	85.0
151.0	147.0
152.0	57.0
153.0	109.0
154.0	7.0
155.0	40.0
156.0	30.0
157.0	70.0
158.0	28.0
159.0	35.0
160.0	42.0
161.0	36.0
162.0	64.0
163.0	75.0
164.0	77.0
165.0	84.0
166.0	110.0
167.0	129.0
168.0	124.0
169.0	115.0
170.0	101.0
171.0	58.0
172.0	93.0
173.0	114.0
174.0	127.0
175.0	133.0
176.0	139.0
177.0	150.0
178.0	176.0
179.0	190.0
180.0	202.0
181.0	223.0
182.0	248.0
183.0	304.0
184.0	323.0
185.0	399.0
186.0	486.0
187.0	555.0
188.0	558.0
189.0	482.0
190.0	669.0
191.0	111.0
192.0	636.0
193.0	658.0
194.0	614.0
195.0	799.0
196.0	537.0
197.0	560.0
198.0	706.0
199.0	599.0
200.0	712.0
201.0	627.0
202.0	753.0
203.0	627.0
204.0	627.0
205.0	692.0
206.0	629.0
207.0	583.0
208.0	625.0
209.0	650.0
210.0	569.0
211.0	785.0
212.0	819.0
213.0	668.0
214.0	683.0
215.0	657.0
216.0	569.0
217.0	664.0
218.0	466.0
219.0	10.0
220.0	76.0
221.0	171.0
222.0	283.0
223.0	7.0
224.0	27.0
225.0	30.0
226.0	24.0
227.0	119.0
228.0	249.0
229.0	242.0
230.0	238.0
231.0	257.0
232.0	263.0
233.0	264.0
234.0	269.0
235.0	306.0
236.0	364.0
237.0	421.0
238.0	458.0
239.0	520.0
240.0	654.0
241.0	769.0
242.0	938.0
243.0	1090.0
244.0	1150.0
245.0	1260.0
246.0	1270.0
247.0	1200.0
248.0	1350.0
249.0	1070.0
250.0	1060.0
251.0	1080.0
252.0	1270.0
253.0	304.0
254.0	68.0
255.0	8.0
256.0	1.0
257.0	40.0
258.0	14.0
259.0	10.0
260.0	33.0
261.0	46.0
262.0	27.0
263.0	6.0
264.0	18.0
265.0	0.0
266.0	34.0
267.0	26.0
268.0	19.0
269.0	120.0
270.0	228.0
271.0	227.0
272.0	174.0
273.0	156.0
274.0	177.0
275.0	57.0
276.0	121.0
277.0	0.0
278.0	0.0
279.0	0.0
280.0	14.0
281.0	98.0
282.0	123.0
283.0	186.0
284.0	193.0
285.0	203.0
286.0	216.0
287.0	240.0
288.0	236.0
289.0	213.0
290.0	231.0
291.0	295.0
292.0	340.0
293.0	414.0
294.0	475.0
295.0	527.0
296.0	666.0
297.0	810.0
298.0	940.0
299.0	999.0
300.0	901.0
301.0	940.0
302.0	968.0
303.0	1340.0
304.0	1240.0
305.0	888.0
306.0	938.0
307.0	1350.0
308.0	1300.0
309.0	1060.0
310.0	878.0
311.0	996.0
312.0	1300.0
313.0	1180.0
314.0	987.0
315.0	1160.0
316.0	868.0
317.0	1420.0
318.0	1080.0
319.0	1130.0
320.0	808.0
321.0	825.0
322.0	791.0
323.0	869.0
324.0	852.0
325.0	782.0
326.0	1010.0
327.0	927.0
328.0	914.0
329.0	1350.0
330.0	1040.0
331.0	1070.0
332.0	943.0
333.0	588.0
334.0	0.0
335.0	4.0
336.0	122.0
337.0	101.0
338.0	760.0
339.0	825.0
340.0	884.0
341.0	1250.0
342.0	641.0
343.0	1190.0
344.0	1150.0
345.0	886.0
346.0	758.0
347.0	1050.0
348.0	865.0
349.0	1020.0
350.0	944.0
351.0	699.0
352.0	928.0
353.0	1040.0
354.0	1090.0
355.0	1050.0
356.0	1590.0
357.0	1460.0
358.0	1530.0
359.0	1440.0
360.0	898.0
361.0	903.0
362.0	1550.0
363.0	885.0
364.0	812.0
365.0	1180.0
366.0	856.0
367.0	517.0
368.0	586.0
369.0	50.0
370.0	1.0
371.0	0.0
372.0	116.0
373.0	123.0
374.0	870.0
375.0	1030.0
376.0	1480.0
377.0	1360.0
378.0	1520.0
379.0	1770.0
380.0	1310.0
381.0	1320.0
382.0	878.0
383.0	849.0
384.0	1030.0
385.0	1310.0
386.0	899.0
387.0	1390.0
388.0	1110.0
389.0	1240.0
390.0	856.0
391.0	1350.0
392.0	1540.0
393.0	990.0
394.0	1250.0
395.0	1480.0
396.0	1200.0
397.0	43.0
398.0	1070.0
399.0	1350.0
400.0	1220.0
401.0	1030.0
402.0	1310.0
403.0	1300.0
404.0	1030.0
405.0	1380.0
406.0	1490.0
407.0	1490.0
408.0	1160.0
409.0	1370.0
410.0	1380.0
411.0	1050.0
412.0	1360.0
413.0	1180.0
414.0	1530.0
415.0	1440.0
416.0	1400.0
417.0	1060.0
418.0	1600.0
419.0	1620.0
420.0	1490.0
421.0	1500.0
422.0	1640.0
423.0	1580.0
424.0	1550.0
425.0	1490.0
426.0	1760.0
427.0	1420.0
428.0	1210.0
429.0	1410.0
430.0	1320.0
431.0	1420.0
432.0	1570.0
433.0	1570.0
434.0	1160.0
435.0	1240.0
436.0	1430.0
437.0	1310.0
438.0	1520.0
439.0	1050.0
440.0	566.0
441.0	518.0
442.0	83.0
443.0	19.0
444.0	0.0
445.0	8.0
446.0	85.0
447.0	109.0
448.0	118.0
449.0	14.0
450.0	3.0
451.0	6.0
452.0	2.0
453.0	209.0
454.0	139.0
455.0	184.0
456.0	126.0
457.0	303.0
458.0	56.0
459.0	0.0
460.0	11.0
461.0	110.0
462.0	96.0
463.0	124.0
464.0	90.0
465.0	102.0
466.0	107.0
467.0	115.0
468.0	111.0
469.0	197.0
470.0	210.0
471.0	227.0
472.0	217.0
473.0	239.0
474.0	234.0
475.0	258.0
476.0	277.0
477.0	302.0
478.0	295.0
479.0	302.0
480.0	307.0
481.0	360.0
482.0	410.0
483.0	508.0
484.0	577.0
485.0	737.0
486.0	815.0
487.0	985.0
488.0	1170.0
489.0	1240.0
490.0	1210.0
491.0	1450.0
492.0	1320.0
493.0	1450.0
494.0	1400.0
495.0	1620.0
496.0	1650.0
497.0	1360.0
498.0	1680.0
499.0	1720.0
500.0	1560.0
501.0	1310.0
502.0	1620.0
503.0	1700.0
504.0	1350.0
505.0	1450.0
506.0	1630.0
507.0	1490.0
508.0	1320.0
509.0	1520.0
510.0	1510.0
511.0	1590.0
512.0	1490.0
513.0	1020.0
514.0	1450.0
515.0	914.0
516.0	1210.0
517.0	1060.0
518.0	949.0
519.0	809.0
520.0	874.0
521.0	1020.0
522.0	1100.0
523.0	1320.0
524.0	833.0
525.0	896.0
526.0	922.0
527.0	1010.0
528.0	1120.0
529.0	77.0
530.0	125.0
531.0	113.0
532.0	85.0
533.0	107.0
534.0	100.0
535.0	114.0
536.0	93.0
537.0	878.0
538.0	895.0
539.0	948.0
540.0	840.0
541.0	986.0
542.0	851.0
543.0	0.0
544.0	0.0
545.0	81.0
546.0	124.0
547.0	103.0
548.0	122.0
549.0	122.0
550.0	107.0
551.0	94.0
552.0	124.0
553.0	116.0
554.0	114.0
555.0	111.0
556.0	111.0
557.0	117.0
558.0	120.0
559.0	87.0
560.0	117.0
561.0	102.0
562.0	92.0
563.0	109.0
564.0	87.0
565.0	112.0
566.0	114.0
567.0	93.0
568.0	84.0
569.0	114.0
570.0	105.0
571.0	125.0
572.0	118.0
573.0	124.0
574.0	125.0
575.0	123.0
576.0	96.0
577.0	121.0
578.0	111.0
579.0	115.0
580.0	124.0
581.0	122.0
582.0	80.0
583.0	80.0
584.0	100.0
585.0	90.0
586.0	24.0
587.0	13.0
588.0	63.0
589.0	33.0
590.0	74.0
591.0	7.0
592.0	11.0
593.0	8.0
594.0	9.0
595.0	10.0
596.0	10.0
597.0	10.0
598.0	9.0
599.0	17.0
600.0	11.0
601.0	106.0
602.0	101.0
603.0	98.0
604.0	107.0
605.0	110.0
606.0	120.0
607.0	121.0
608.0	124.0
609.0	107.0
610.0	118.0
611.0	104.0
612.0	89.0
613.0	91.0
614.0	84.0
615.0	105.0
616.0	124.0
617.0	119.0
618.0	108.0
619.0	88.0
620.0	121.0
621.0	91.0
622.0	89.0
623.0	106.0
624.0	113.0
625.0	117.0
626.0	109.0
627.0	115.0
628.0	107.0
629.0	111.0
630.0	116.0
631.0	120.0
632.0	108.0
633.0	97.0
634.0	123.0
635.0	115.0
636.0	87.0
637.0	109.0
638.0	108.0
639.0	121.0
640.0	111.0
641.0	118.0
642.0	109.0
643.0	91.0
644.0	104.0
645.0	104.0
646.0	115.0
647.0	102.0
648.0	91.0
649.0	122.0
650.0	107.0
651.0	114.0
652.0	118.0
653.0	117.0
654.0	103.0
655.0	123.0
656.0	82.0
657.0	104.0
658.0	108.0
659.0	122.0
660.0	89.0
661.0	114.0
662.0	79.0
663.0	118.0
664.0	113.0
665.0	105.0
666.0	119.0
667.0	123.0
668.0	112.0
669.0	108.0
670.0	116.0
671.0	112.0
672.0	335.0
673.0	380.0
674.0	412.0
675.0	394.0
676.0	432.0
677.0	439.0
678.0	480.0
679.0	497.0
680.0	523.0
681.0	550.0
682.0	511.0
683.0	655.0
684.0	670.0
685.0	719.0
686.0	735.0
687.0	717.0
688.0	800.0
689.0	848.0
690.0	871.0
691.0	926.0
692.0	914.0
693.0	920.0
694.0	1080.0
695.0	1060.0
696.0	1090.0
697.0	832.0
698.0	1090.0
699.0	1050.0
700.0	1040.0
701.0	957.0
702.0	1030.0
703.0	998.0
704.0	974.0
705.0	986.0
706.0	809.0
707.0	921.0
708.0	759.0
709.0	765.0
710.0	163.0
711.0	60.0
712.0	332.0
713.0	482.0
714.0	134.0
715.0	101.0
716.0	9.0
717.0	3.0
718.0	8.0
719.0	98.0
720.0	110.0
721.0	123.0
722.0	112.0
723.0	123.0
724.0	350.0
725.0	487.0
726.0	536.0
727.0	509.0
728.0	521.0
729.0	536.0
730.0	504.0
731.0	557.0
732.0	583.0
733.0	561.0
734.0	562.0
735.0	590.0
736.0	637.0
737.0	650.0
738.0	665.0
739.0	671.0
740.0	772.0
741.0	788.0
742.0	739.0
743.0	868.0
744.0	841.0
745.0	881.0
746.0	879.0
747.0	546.0
748.0	783.0
749.0	674.0
750.0	80.0
751.0	3.0
752.0	0.0
753.0	4.0
754.0	3.0
755.0	1.0
756.0	124.0
757.0	124.0
758.0	101.0
759.0	97.0
760.0	105.0
761.0	125.0
762.0	83.0
763.0	85.0
764.0	2.0
765.0	0.0
766.0	0.0
767.0	0.0
768.0	0.0
769.0	11.0
770.0	116.0
771.0	95.0
772.0	84.0
773.0	107.0
774.0	105.0
775.0	96.0
776.0	112.0
777.0	120.0
778.0	100.0
779.0	122.0
780.0	121.0
781.0	114.0
782.0	105.0
783.0	115.0
784.0	105.0
785.0	119.0
786.0	81.0
787.0	119.0
788.0	124.0
789.0	94.0
790.0	125.0
791.0	108.0
792.0	112.0
793.0	85.0
794.0	102.0
795.0	119.0
796.0	121.0
797.0	97.0
798.0	125.0
799.0	109.0
800.0	107.0
