1.0	164.0
2.0	327.0
3.0	436.0
4.0	368.0
5.0	491.0
6.0	559.0
7.0	425.0
8.0	255.0
9.0	91.0
10.0	191.0
11.0	175.0
12.0	72.0
13.0	99.0
14.0	109.0
15.0	109.0
16.0	97.0
17.0	99.0
18.0	96.0
19.0	102.0
20.0	123.0
21.0	86.0
22.0	32.0
23.0	47.0
24.0	27.0
25.0	123.0
26.0	112.0
27.0	121.0
28.0	120.0
29.0	141.0
30.0	122.0
31.0	152.0
32.0	156.0
33.0	179.0
34.0	146.0
35.0	133.0
36.0	49.0
37.0	10.0
38.0	16.0
39.0	22.0
40.0	21.0
41.0	23.0
42.0	116.0
43.0	95.0
44.0	100.0
45.0	142.0
46.0	220.0
47.0	245.0
48.0	319.0
49.0	240.0
50.0	110.0
51.0	168.0
52.0	443.0
53.0	449.0
54.0	319.0
55.0	74.0
56.0	77.0
57.0	60.0
58.0	48.0
59.0	47.0
60.0	103.0
61.0	99.0
62.0	337.0
63.0	352.0
64.0	329.0
65.0	327.0
66.0	386.0
67.0	313.0
68.0	346.0
69.0	406.0
70.0	403.0
71.0	524.0
72.0	530.0
73.0	535.0
74.0	543.0
75.0	560.0
76.0	638.0
77.0	694.0
78.0	437.0
79.0	554.0
80.0	761.0
81.0	892.0
82.0	867.0
83.0	825.0
84.0	830.0
85.0	757.0
86.0	958.0
87.0	996.0
88.0	883.0
89.0	929.0
90.0	878.0
91.0	327.0
92.0	82.0
93.0	171.0
94.0	165.0
95.0	98.0
96.0	310.0
97.0	474.0
98.0	453.0
99.0	485.0
100.0	140.0
101.0	20.0
102.0	5.0
103.0	101.0
104.0	106.0
105.0	140.0
106.0	654.0
107.0	856.0
108.0	945.0
109.0	1120.0
110.0	1170.0
111.0	1330.0
112.0	1430.0
113.0	1600.0
114.0	1550.0
115.0	1410.0
116.0	1590.0
117.0	1690.0
118.0	1670.0
119.0	1560.0
120.0	1460.0
121.0	1290.0
122.0	1520.0
123.0	1550.0
124.0	1680.0
125.0	1670.0
126.0	1160.0
127.0	743.0
128.0	994.0
129.0	1160.0
130.0	992.0
131.0	1020.0
132.0	1230.0
133.0	1260.0
134.0	619.0
135.0	112.0
136.0	143.0
137.0	728.0
138.0	847.0
139.0	833.0
140.0	709.0
141.0	715.0
142.0	679.0
143.0	421.0
144.0	95.0
145.0	115.0
146.0	117.0
147.0	249.0
148.0	156.0
149.0	72.0
150.0	52.0
151.0	68.0
152.0	66.0
153.0	78.0
154.0	121.0
155.0	161.0
156.0	417.0
157.0	585.0
158.0	576.0
159.0	496.0
160.0	405.0
161.0	338.0
162.0	119.0
163.0	2.0
164.0	36.0
165.0	46.0
166.0	64.0
167.0	25.0
168.0	98.0
169.0	133.0
170.0	333.0
171.0	102.0
172.0	79.0
173.0	102.0
174.0	87.0
175.0	109.0
176.0	69.0
177.0	134.0
178.0	173.0
179.0	193.0
180.0	198.0
181.0	97.0
182.0	116.0
183.0	116.0
184.0	101.0
185.0	113.0
186.0	124.0
187.0	205.0
188.0	192.0
189.0	191.0
190.0	202.0
191.0	223.0
192.0	257.0
193.0	105.0
194.0	117.0
195.0	164.0
196.0	287.0
197.0	441.0
198.0	277.0
199.0	102.0
200.0	174.0
201.0	380.0
202.0	136.0
203.0	93.0
204.0	78.0
205.0	101.0
206.0	147.0
207.0	523.0
208.0	631.0
209.0	741.0
210.0	762.0
211.0	888.0
212.0	993.0
213.0	940.0
214.0	1110.0
215.0	1020.0
216.0	960.0
217.0	1100.0
218.0	1220.0
219.0	1200.0
220.0	1130.0
221.0	1280.0
222.0	1170.0
223.0	965.0
224.0	1170.0
225.0	1330.0
226.0	996.0
227.0	1340.0
228.0	1290.0
229.0	1170.0
230.0	1180.0
231.0	964.0
232.0	1250.0
233.0	988.0
234.0	957.0
235.0	1070.0
236.0	1350.0
237.0	1280.0
238.0	1150.0
239.0	951.0
240.0	957.0
241.0	946.0
242.0	928.0
243.0	869.0
244.0	1130.0
245.0	1040.0
246.0	1100.0
247.0	1650.0
248.0	1280.0
249.0	1670.0
250.0	1700.0
