1.0	253.0
2.0	377.0
3.0	461.0
4.0	630.0
5.0	862.0
6.0	117.0
7.0	120.0
8.0	98.0
9.0	116.0
10.0	115.0
11.0	863.0
12.0	923.0
13.0	848.0
14.0	807.0
15.0	762.0
16.0	774.0
17.0	761.0
18.0	812.0
19.0	791.0
20.0	634.0
21.0	801.0
22.0	801.0
23.0	792.0
24.0	937.0
25.0	900.0
26.0	640.0
27.0	736.0
28.0	701.0
29.0	11.0
30.0	4.0
31.0	337.0
32.0	700.0
33.0	741.0
34.0	942.0
35.0	929.0
36.0	785.0
37.0	908.0
38.0	1010.0
39.0	900.0
40.0	848.0
41.0	803.0
42.0	781.0
43.0	95.0
44.0	865.0
45.0	784.0
46.0	686.0
47.0	194.0
48.0	684.0
49.0	640.0
50.0	9.0
51.0	52.0
52.0	105.0
53.0	586.0
54.0	716.0
55.0	704.0
56.0	771.0
57.0	719.0
58.0	707.0
59.0	722.0
60.0	0.0
61.0	302.0
62.0	747.0
63.0	741.0
64.0	581.0
65.0	605.0
66.0	638.0
67.0	817.0
68.0	883.0
69.0	824.0
70.0	1070.0
71.0	1050.0
72.0	957.0
73.0	995.0
74.0	867.0
75.0	908.0
76.0	394.0
77.0	13.0
78.0	430.0
79.0	1150.0
80.0	1440.0
81.0	1360.0
82.0	1080.0
83.0	1360.0
84.0	1230.0
85.0	1370.0
86.0	1470.0
87.0	1330.0
88.0	1440.0
89.0	1280.0
90.0	98.0
91.0	844.0
92.0	825.0
93.0	984.0
94.0	1120.0
95.0	747.0
96.0	411.0
97.0	0.0
98.0	0.0
99.0	0.0
100.0	0.0
101.0	0.0
102.0	0.0
103.0	0.0
104.0	1.0
105.0	165.0
106.0	317.0
107.0	653.0
108.0	851.0
109.0	695.0
110.0	620.0
111.0	699.0
112.0	625.0
113.0	848.0
114.0	874.0
115.0	1030.0
116.0	119.0
117.0	1100.0
118.0	1040.0
119.0	1170.0
120.0	1110.0
121.0	1000.0
122.0	758.0
123.0	905.0
124.0	879.0
125.0	930.0
126.0	806.0
127.0	46.0
128.0	10.0
129.0	160.0
130.0	388.0
131.0	605.0
132.0	916.0
133.0	669.0
134.0	8.0
135.0	9.0
136.0	86.0
137.0	53.0
138.0	61.0
139.0	98.0
140.0	103.0
141.0	120.0
142.0	40.0
143.0	58.0
144.0	72.0
145.0	29.0
146.0	51.0
147.0	59.0
148.0	124.0
149.0	124.0
150.0	124.0
151.0	125.0
152.0	112.0
153.0	95.0
154.0	98.0
155.0	116.0
156.0	96.0
157.0	88.0
158.0	94.0
159.0	99.0
160.0	120.0
161.0	123.0
162.0	106.0
163.0	101.0
164.0	111.0
165.0	106.0
166.0	117.0
167.0	99.0
168.0	121.0
169.0	100.0
170.0	93.0
171.0	112.0
172.0	106.0
173.0	86.0
174.0	98.0
175.0	125.0
176.0	116.0
177.0	952.0
178.0	822.0
179.0	863.0
180.0	940.0
181.0	993.0
182.0	994.0
183.0	941.0
184.0	1030.0
185.0	993.0
186.0	830.0
187.0	1120.0
188.0	869.0
189.0	690.0
190.0	901.0
191.0	989.0
192.0	979.0
193.0	806.0
194.0	646.0
195.0	834.0
196.0	772.0
197.0	885.0
198.0	557.0
199.0	40.0
200.0	171.0
201.0	297.0
202.0	878.0
203.0	890.0
204.0	803.0
205.0	897.0
206.0	854.0
207.0	926.0
208.0	850.0
209.0	1200.0
210.0	1430.0
211.0	1140.0
212.0	122.0
213.0	834.0
214.0	723.0
215.0	762.0
216.0	902.0
217.0	887.0
218.0	875.0
219.0	881.0
220.0	886.0
221.0	956.0
222.0	876.0
223.0	838.0
224.0	886.0
225.0	964.0
226.0	983.0
227.0	971.0
228.0	935.0
229.0	955.0
230.0	916.0
231.0	892.0
232.0	937.0
233.0	979.0
234.0	894.0
235.0	962.0
236.0	891.0
237.0	907.0
238.0	858.0
239.0	910.0
240.0	955.0
241.0	1010.0
242.0	939.0
243.0	1060.0
244.0	1020.0
245.0	999.0
246.0	910.0
247.0	939.0
248.0	887.0
249.0	988.0
250.0	8.0
251.0	19.0
252.0	747.0
253.0	1140.0
254.0	1220.0
255.0	980.0
256.0	1190.0
257.0	1210.0
258.0	948.0
259.0	1000.0
260.0	841.0
261.0	1240.0
262.0	1130.0
263.0	1110.0
264.0	119.0
265.0	125.0
266.0	116.0
267.0	942.0
268.0	744.0
269.0	790.0
270.0	928.0
271.0	250.0
272.0	6.0
273.0	18.0
274.0	3.0
275.0	0.0
276.0	8.0
277.0	0.0
278.0	113.0
279.0	99.0
280.0	1.0
281.0	8.0
282.0	6.0
283.0	4.0
284.0	106.0
285.0	95.0
286.0	121.0
287.0	121.0
288.0	120.0
289.0	97.0
290.0	112.0
291.0	112.0
292.0	93.0
293.0	112.0
294.0	112.0
295.0	99.0
296.0	103.0
297.0	112.0
298.0	97.0
299.0	1500.0
300.0	1130.0
301.0	1710.0
302.0	1730.0
303.0	1140.0
304.0	1120.0
305.0	1390.0
306.0	1350.0
307.0	1500.0
308.0	1450.0
309.0	1720.0
310.0	1670.0
311.0	1850.0
312.0	1640.0
313.0	1710.0
314.0	1590.0
315.0	1860.0
316.0	1690.0
317.0	1740.0
318.0	1720.0
319.0	1700.0
320.0	1590.0
321.0	1520.0
322.0	1280.0
323.0	1620.0
324.0	1610.0
325.0	1330.0
326.0	1470.0
327.0	1300.0
328.0	1540.0
329.0	1460.0
330.0	1500.0
331.0	1140.0
332.0	1050.0
333.0	1260.0
334.0	1180.0
335.0	1280.0
336.0	1240.0
337.0	970.0
338.0	923.0
339.0	817.0
340.0	927.0
341.0	706.0
342.0	1030.0
343.0	175.0
344.0	1140.0
345.0	958.0
346.0	869.0
347.0	753.0
348.0	1330.0
349.0	781.0
350.0	473.0
351.0	492.0
352.0	20.0
353.0	405.0
354.0	200.0
355.0	35.0
356.0	0.0
357.0	34.0
358.0	39.0
359.0	18.0
360.0	20.0
361.0	69.0
362.0	19.0
363.0	11.0
364.0	0.0
365.0	0.0
366.0	0.0
367.0	104.0
368.0	224.0
369.0	527.0
370.0	108.0
371.0	92.0
372.0	118.0
373.0	101.0
374.0	597.0
375.0	614.0
376.0	623.0
377.0	605.0
378.0	624.0
379.0	605.0
380.0	121.0
381.0	777.0
382.0	810.0
383.0	986.0
384.0	1050.0
385.0	999.0
386.0	1200.0
387.0	1390.0
388.0	1290.0
389.0	1580.0
390.0	1270.0
391.0	1650.0
392.0	1130.0
393.0	1850.0
394.0	1800.0
395.0	1760.0
396.0	1830.0
397.0	1670.0
398.0	1720.0
399.0	1570.0
400.0	1770.0
401.0	1790.0
402.0	1720.0
403.0	1760.0
404.0	1600.0
405.0	1710.0
406.0	1760.0
407.0	1680.0
408.0	1720.0
409.0	1300.0
410.0	1690.0
411.0	1710.0
412.0	1530.0
413.0	1670.0
414.0	1670.0
415.0	1670.0
416.0	1420.0
417.0	1820.0
418.0	1650.0
419.0	1530.0
420.0	1270.0
421.0	1640.0
422.0	1530.0
423.0	1260.0
424.0	1740.0
425.0	1690.0
426.0	1050.0
427.0	1440.0
428.0	1260.0
429.0	1150.0
430.0	1380.0
431.0	1090.0
432.0	930.0
433.0	1290.0
434.0	1310.0
435.0	1600.0
436.0	1130.0
437.0	1150.0
438.0	1090.0
439.0	1260.0
440.0	876.0
441.0	1200.0
442.0	928.0
443.0	767.0
444.0	829.0
445.0	537.0
446.0	764.0
447.0	753.0
448.0	901.0
449.0	798.0
450.0	965.0
451.0	854.0
452.0	898.0
453.0	839.0
454.0	868.0
455.0	816.0
456.0	807.0
457.0	465.0
458.0	0.0
459.0	0.0
460.0	5.0
461.0	1.0
462.0	0.0
463.0	56.0
464.0	287.0
465.0	318.0
466.0	419.0
467.0	868.0
468.0	883.0
469.0	1290.0
470.0	1140.0
471.0	932.0
472.0	1270.0
473.0	110.0
474.0	101.0
475.0	106.0
476.0	1220.0
477.0	1330.0
478.0	1660.0
479.0	1630.0
480.0	1380.0
481.0	1280.0
482.0	316.0
483.0	4.0
484.0	0.0
485.0	0.0
486.0	1.0
487.0	334.0
488.0	897.0
489.0	991.0
490.0	1190.0
491.0	1180.0
492.0	1120.0
493.0	1170.0
494.0	1700.0
495.0	1780.0
496.0	1400.0
497.0	1440.0
498.0	1680.0
499.0	110.0
500.0	1810.0
501.0	1810.0
502.0	1610.0
503.0	1710.0
504.0	1750.0
505.0	1790.0
506.0	1760.0
507.0	1660.0
508.0	1810.0
509.0	1770.0
510.0	1800.0
511.0	1840.0
512.0	1720.0
513.0	1760.0
514.0	1700.0
515.0	1690.0
516.0	1710.0
517.0	1580.0
518.0	1680.0
519.0	1690.0
520.0	1560.0
521.0	1560.0
522.0	1340.0
523.0	1310.0
524.0	951.0
525.0	95.0
526.0	13.0
527.0	0.0
528.0	10.0
529.0	92.0
530.0	809.0
531.0	945.0
532.0	968.0
533.0	1110.0
534.0	1350.0
535.0	1530.0
536.0	1770.0
537.0	1440.0
538.0	1500.0
539.0	1300.0
540.0	1600.0
541.0	120.0
542.0	1160.0
543.0	1300.0
544.0	1280.0
545.0	1440.0
546.0	1320.0
547.0	992.0
548.0	1250.0
549.0	1010.0
550.0	778.0
551.0	0.0
552.0	1.0
553.0	4.0
554.0	19.0
555.0	870.0
556.0	1300.0
557.0	1360.0
558.0	1670.0
559.0	1790.0
560.0	1760.0
561.0	1730.0
562.0	1400.0
563.0	1760.0
564.0	1750.0
565.0	1790.0
566.0	121.0
567.0	97.0
568.0	1760.0
569.0	1650.0
570.0	1560.0
571.0	1550.0
572.0	445.0
573.0	246.0
574.0	0.0
575.0	0.0
576.0	4.0
577.0	17.0
578.0	20.0
579.0	39.0
580.0	110.0
581.0	9.0
582.0	48.0
583.0	33.0
584.0	120.0
585.0	161.0
586.0	85.0
587.0	253.0
588.0	235.0
589.0	151.0
590.0	118.0
591.0	122.0
592.0	17.0
593.0	42.0
594.0	78.0
595.0	56.0
596.0	3.0
597.0	13.0
598.0	23.0
599.0	26.0
600.0	71.0
601.0	35.0
602.0	24.0
603.0	36.0
604.0	3.0
605.0	7.0
606.0	25.0
607.0	34.0
608.0	6.0
609.0	19.0
610.0	22.0
611.0	64.0
612.0	10.0
613.0	23.0
614.0	66.0
615.0	31.0
616.0	77.0
617.0	39.0
618.0	80.0
619.0	25.0
620.0	39.0
621.0	53.0
622.0	52.0
623.0	36.0
624.0	27.0
625.0	0.0
626.0	0.0
627.0	2.0
628.0	9.0
629.0	49.0
630.0	89.0
631.0	92.0
632.0	63.0
633.0	96.0
634.0	129.0
635.0	65.0
636.0	46.0
637.0	51.0
638.0	104.0
639.0	45.0
640.0	15.0
641.0	108.0
642.0	91.0
643.0	37.0
644.0	22.0
645.0	23.0
646.0	18.0
647.0	3.0
648.0	11.0
649.0	26.0
650.0	39.0
651.0	35.0
652.0	7.0
653.0	37.0
654.0	19.0
655.0	68.0
656.0	64.0
657.0	16.0
658.0	23.0
659.0	8.0
660.0	7.0
661.0	28.0
662.0	1.0
663.0	42.0
664.0	50.0
665.0	30.0
666.0	51.0
667.0	1.0
668.0	0.0
669.0	13.0
670.0	33.0
671.0	54.0
672.0	144.0
673.0	169.0
674.0	231.0
675.0	331.0
676.0	525.0
677.0	637.0
678.0	784.0
679.0	834.0
680.0	698.0
681.0	115.0
682.0	755.0
683.0	865.0
684.0	775.0
685.0	814.0
686.0	908.0
687.0	1280.0
688.0	1050.0
689.0	977.0
690.0	920.0
691.0	847.0
692.0	985.0
693.0	802.0
694.0	974.0
695.0	869.0
696.0	1090.0
697.0	806.0
698.0	765.0
699.0	1470.0
700.0	868.0
701.0	829.0
702.0	890.0
703.0	762.0
704.0	922.0
705.0	857.0
706.0	920.0
707.0	909.0
708.0	989.0
709.0	937.0
710.0	1060.0
711.0	836.0
712.0	1200.0
713.0	1210.0
714.0	1250.0
715.0	1110.0
716.0	969.0
717.0	1060.0
718.0	1050.0
719.0	1080.0
720.0	1030.0
721.0	945.0
722.0	992.0
723.0	905.0
724.0	1160.0
725.0	1390.0
726.0	1230.0
727.0	1100.0
728.0	1420.0
729.0	1490.0
730.0	1040.0
731.0	1170.0
732.0	1090.0
733.0	988.0
734.0	1140.0
735.0	1320.0
736.0	1350.0
737.0	1090.0
738.0	1380.0
739.0	1620.0
740.0	1760.0
741.0	1510.0
742.0	1680.0
743.0	1750.0
744.0	1690.0
745.0	1490.0
746.0	905.0
747.0	921.0
748.0	1180.0
749.0	1080.0
750.0	1260.0
751.0	1370.0
752.0	862.0
753.0	295.0
754.0	441.0
755.0	0.0
756.0	1.0
757.0	0.0
758.0	0.0
759.0	0.0
760.0	0.0
761.0	0.0
762.0	0.0
763.0	0.0
764.0	1.0
765.0	2.0
766.0	0.0
767.0	1.0
768.0	3.0
769.0	3.0
770.0	4.0
771.0	0.0
772.0	110.0
773.0	110.0
774.0	103.0
775.0	107.0
776.0	124.0
777.0	100.0
778.0	125.0
779.0	121.0
780.0	108.0
781.0	118.0
782.0	123.0
783.0	118.0
784.0	94.0
785.0	115.0
786.0	122.0
787.0	107.0
788.0	120.0
789.0	76.0
790.0	125.0
791.0	111.0
792.0	88.0
793.0	98.0
794.0	113.0
795.0	93.0
796.0	125.0
797.0	123.0
798.0	85.0
799.0	111.0
800.0	116.0
