1.0	106.0
2.0	92.0
3.0	102.0
4.0	110.0
5.0	105.0
6.0	120.0
7.0	109.0
8.0	83.0
9.0	101.0
10.0	124.0
11.0	18.0
12.0	16.0
13.0	11.0
14.0	12.0
15.0	20.0
16.0	23.0
17.0	47.0
18.0	41.0
19.0	8.0
20.0	16.0
21.0	26.0
22.0	30.0
23.0	10.0
24.0	3.0
25.0	88.0
26.0	113.0
27.0	113.0
28.0	106.0
29.0	45.0
30.0	59.0
31.0	65.0
32.0	70.0
33.0	50.0
34.0	39.0
35.0	22.0
36.0	104.0
37.0	119.0
38.0	101.0
39.0	101.0
40.0	72.0
41.0	78.0
42.0	82.0
43.0	82.0
44.0	91.0
45.0	48.0
46.0	52.0
47.0	67.0
48.0	83.0
49.0	85.0
50.0	62.0
51.0	18.0
52.0	30.0
53.0	115.0
54.0	96.0
55.0	102.0
56.0	101.0
57.0	93.0
58.0	114.0
59.0	93.0
60.0	116.0
61.0	123.0
62.0	125.0
63.0	111.0
64.0	122.0
65.0	122.0
66.0	121.0
67.0	125.0
68.0	99.0
69.0	105.0
70.0	115.0
71.0	89.0
72.0	96.0
73.0	113.0
74.0	119.0
75.0	105.0
76.0	93.0
77.0	121.0
78.0	93.0
79.0	104.0
80.0	112.0
81.0	104.0
82.0	95.0
83.0	93.0
84.0	98.0
85.0	87.0
86.0	124.0
87.0	109.0
88.0	88.0
89.0	119.0
90.0	110.0
91.0	119.0
92.0	111.0
93.0	95.0
94.0	118.0
95.0	116.0
96.0	103.0
97.0	91.0
98.0	119.0
99.0	77.0
100.0	97.0
101.0	48.0
102.0	90.0
103.0	123.0
104.0	144.0
105.0	98.0
106.0	61.0
107.0	97.0
108.0	25.0
109.0	60.0
110.0	31.0
111.0	6.0
112.0	0.0
113.0	106.0
114.0	101.0
115.0	108.0
116.0	74.0
117.0	65.0
118.0	51.0
119.0	45.0
120.0	52.0
121.0	60.0
122.0	80.0
123.0	76.0
124.0	114.0
125.0	143.0
126.0	122.0
127.0	118.0
128.0	170.0
129.0	82.0
130.0	97.0
131.0	0.0
132.0	93.0
133.0	120.0
134.0	98.0
135.0	113.0
136.0	83.0
137.0	120.0
138.0	123.0
139.0	106.0
140.0	117.0
141.0	6.0
142.0	13.0
143.0	12.0
144.0	16.0
145.0	12.0
146.0	22.0
147.0	32.0
148.0	132.0
149.0	458.0
150.0	691.0
151.0	735.0
152.0	533.0
153.0	574.0
154.0	395.0
155.0	214.0
156.0	201.0
157.0	78.0
158.0	103.0
159.0	20.0
160.0	19.0
161.0	30.0
162.0	24.0
163.0	27.0
164.0	25.0
165.0	30.0
166.0	26.0
167.0	26.0
168.0	25.0
169.0	114.0
170.0	106.0
171.0	125.0
172.0	53.0
173.0	30.0
174.0	22.0
175.0	20.0
176.0	4.0
177.0	0.0
178.0	121.0
179.0	104.0
180.0	81.0
181.0	96.0
182.0	103.0
183.0	88.0
184.0	118.0
185.0	146.0
186.0	170.0
187.0	114.0
188.0	239.0
189.0	418.0
190.0	26.0
191.0	0.0
192.0	0.0
193.0	0.0
194.0	0.0
195.0	77.0
196.0	114.0
197.0	123.0
198.0	110.0
199.0	125.0
200.0	6.0
201.0	10.0
202.0	22.0
203.0	34.0
204.0	43.0
205.0	51.0
206.0	65.0
207.0	61.0
208.0	52.0
209.0	297.0
210.0	606.0
211.0	746.0
212.0	878.0
213.0	788.0
214.0	787.0
215.0	572.0
216.0	52.0
217.0	1.0
218.0	3.0
219.0	0.0
220.0	83.0
221.0	103.0
222.0	97.0
223.0	86.0
224.0	77.0
225.0	92.0
226.0	253.0
