1.0	102.0
2.0	305.0
3.0	459.0
4.0	373.0
5.0	180.0
6.0	123.0
7.0	109.0
8.0	114.0
9.0	85.0
10.0	78.0
11.0	105.0
12.0	94.0
13.0	102.0
14.0	124.0
15.0	92.0
16.0	95.0
17.0	122.0
18.0	120.0
19.0	124.0
20.0	122.0
21.0	36.0
22.0	63.0
23.0	98.0
24.0	141.0
25.0	39.0
26.0	6.0
27.0	118.0
28.0	86.0
29.0	161.0
30.0	164.0
31.0	239.0
32.0	262.0
33.0	293.0
34.0	328.0
35.0	247.0
36.0	83.0
37.0	4.0
38.0	3.0
39.0	115.0
40.0	118.0
41.0	98.0
42.0	338.0
43.0	717.0
44.0	735.0
45.0	735.0
46.0	767.0
47.0	830.0
48.0	108.0
49.0	122.0
50.0	88.0
51.0	469.0
52.0	247.0
53.0	313.0
54.0	178.0
55.0	185.0
56.0	207.0
57.0	213.0
58.0	196.0
59.0	166.0
60.0	135.0
61.0	89.0
62.0	108.0
63.0	121.0
64.0	113.0
65.0	118.0
66.0	114.0
67.0	96.0
68.0	102.0
69.0	170.0
70.0	512.0
71.0	303.0
72.0	436.0
73.0	626.0
74.0	652.0
75.0	680.0
76.0	717.0
77.0	670.0
78.0	223.0
79.0	111.0
80.0	276.0
81.0	433.0
82.0	119.0
83.0	102.0
84.0	644.0
85.0	672.0
86.0	515.0
87.0	115.0
88.0	134.0
89.0	99.0
90.0	80.0
91.0	105.0
92.0	105.0
93.0	121.0
94.0	96.0
95.0	123.0
96.0	117.0
97.0	635.0
98.0	640.0
99.0	474.0
100.0	424.0
101.0	432.0
102.0	268.0
103.0	95.0
104.0	211.0
105.0	504.0
106.0	524.0
107.0	616.0
108.0	605.0
109.0	650.0
110.0	697.0
111.0	753.0
112.0	638.0
113.0	748.0
114.0	741.0
115.0	742.0
116.0	860.0
117.0	817.0
118.0	841.0
119.0	789.0
120.0	937.0
121.0	850.0
122.0	883.0
123.0	1060.0
124.0	963.0
125.0	1010.0
126.0	900.0
127.0	969.0
128.0	1230.0
129.0	1250.0
130.0	1300.0
131.0	1270.0
132.0	1220.0
133.0	1300.0
134.0	975.0
135.0	1140.0
136.0	1170.0
137.0	993.0
138.0	1200.0
139.0	841.0
140.0	105.0
141.0	102.0
142.0	101.0
143.0	224.0
144.0	87.0
145.0	102.0
146.0	85.0
147.0	557.0
148.0	668.0
149.0	492.0
150.0	200.0
151.0	117.0
152.0	287.0
153.0	601.0
154.0	635.0
155.0	641.0
156.0	401.0
157.0	203.0
158.0	123.0
159.0	130.0
160.0	127.0
161.0	112.0
162.0	130.0
163.0	124.0
164.0	132.0
165.0	138.0
166.0	94.0
167.0	180.0
168.0	127.0
169.0	139.0
170.0	145.0
171.0	149.0
172.0	122.0
173.0	36.0
174.0	13.0
175.0	93.0
176.0	55.0
177.0	30.0
178.0	91.0
179.0	121.0
180.0	326.0
181.0	352.0
182.0	168.0
183.0	113.0
184.0	78.0
185.0	43.0
186.0	60.0
187.0	7.0
188.0	88.0
189.0	112.0
190.0	133.0
191.0	179.0
192.0	305.0
193.0	286.0
194.0	121.0
195.0	3.0
196.0	0.0
197.0	1.0
198.0	3.0
199.0	112.0
200.0	104.0
201.0	112.0
202.0	292.0
203.0	113.0
204.0	90.0
205.0	190.0
206.0	404.0
207.0	409.0
208.0	102.0
209.0	94.0
210.0	264.0
211.0	520.0
212.0	336.0
213.0	237.0
214.0	215.0
215.0	199.0
216.0	197.0
217.0	484.0
218.0	500.0
219.0	543.0
220.0	506.0
221.0	542.0
222.0	347.0
223.0	475.0
224.0	235.0
225.0	476.0
226.0	462.0
227.0	434.0
228.0	521.0
229.0	498.0
230.0	420.0
231.0	466.0
232.0	504.0
233.0	506.0
234.0	577.0
235.0	531.0
236.0	621.0
237.0	546.0
238.0	696.0
239.0	642.0
240.0	296.0
241.0	213.0
242.0	114.0
243.0	98.0
244.0	70.0
245.0	34.0
246.0	0.0
247.0	121.0
248.0	199.0
249.0	333.0
250.0	399.0
