1608465897.76	4000	1.000999	0.014	60629	4	-0.44799999999999995
1608465899.16	20000	1.315089	0.656	11007815	1298	-16.992
1608465900.4	16000	1.406547	0.0	8849724	1182	12.0
1608465900.84	12000	1.988047	0.0	2846282	393	8.0
1608465901.01	8000	2.821795	0.0	946554	129	4.0
1608465901.13	8000	3.703696	0.0	768486	104	8.0
1608465901.24	16000	4.593054	0.0	698359	94	8.0
1608465901.35	16000	5.479988	0.0	730082	99	16.0
1608465901.95	20000	5.886984	0.0	4047415	564	16.0
1608465902.39	20000	6.452474	0.0	2863079	409	20.0
1608465903.27	20000	6.570388	0.0	4167844	849	20.0
1608465904.8	16000	6.042279	0.0	5571764	1489	12.0
1608465905.39	8000	6.445335	0.0	2879726	570	0.0
1608465905.66	8000	7.18366	0.0	1267052	245	8.0
1608465905.93	8000	7.911092	0.0	1316661	256	8.0
1608465906.19	8000	8.64753	0.0	1263534	246	8.0
1608465906.23	8000	9.609029	0.0	150125	26	8.0
1608465906.47	16000	10.373911	0.0	1113969	215	8.0
1608465906.64	16000	11.206443	0.0	820127	154	16.0
1608465907.75	20000	11.092623	0.0	6357933	1072	16.0
1608465908.54	16000	11.304454	0.0	4814284	742	12.0
1608465909.13	12000	11.721138	0.0	2713103	556	8.0
1608465909.87	12000	11.974364	0.0	3070467	723	12.0
1608465910.66	8000	12.189929	0.0	2599148	757	4.0
1608465911.02	8000	12.834193	0.0	1926191	337	8.0
1608465911.28	8000	13.569116	0.0	1427209	248	8.0
1608465912.2	8000	13.6563	0.0	6361262	870	8.0
1608465913.18	8000	13.675592	0.0	7838407	924	8.0
1608465913.33	8000	14.526842	0.0	1127469	131	8.0
1608465913.58	16000	15.272766	0.0	1942795	225	8.0
1608465913.82	16000	16.039224	0.0	1704756	215	16.0
1608465914.06	16000	16.793947	0.0	1697111	227	16.0
1608465914.29	20000	17.572388	0.0	1529441	204	16.0
1608465914.51	20000	18.346471	0.0	1568649	209	20.0
1608465914.76	20000	19.09728	0.0	1677618	232	20.0
1608465914.99	20000	19.867379	0.0	1415096	213	20.0
1608465915.3	20000	20.56232	0.0	1894067	285	20.0
1608465915.5	20000	21.368831	0.0	1186604	178	20.0
1608465915.67	20000	22.194204	0.0	1068386	160	20.0
1608465915.94	20000	22.930784	0.0	1700843	246	20.0
1608465916.34	20000	23.536061	0.0	2536859	370	20.0
1608465917.09	20000	23.777018	0.0	4742872	718	20.0
1608465917.94	20000	23.931045	0.0	4955535	810	20.0
1608465918.19	16000	24.68408	0.0	1260540	231	12.0
1608465918.88	16000	24.99527	0.0	3605246	660	16.0
1608465919.32	12000	25.554645	0.0	2251469	405	8.0
1608465919.61	12000	26.266795	0.0	1498439	269	12.0
1608465919.88	12000	26.998099	0.0	1329461	252	12.0
1608465920.21	16000	27.666651	0.0	1555467	309	12.0
1608465920.43	16000	28.450922	0.0	1008919	200	16.0
1608465920.69	16000	29.191887	0.0	1227619	244	16.0
1608465920.84	20000	30.039205	0.0	1015853	135	16.0
1608465920.9	20000	30.979123	0.0	384076	48	20.0
1608465920.95	20000	31.930044	0.0	295687	36	20.0
1608465921.14	20000	32.742034	0.0	1328674	171	20.0
1608465921.35	20000	33.53274	0.0	1492829	193	20.0
1608465921.56	20000	34.322194	0.0	1484812	192	20.0
1608465921.8	20000	35.088747	0.0	1868314	213	20.0
1608465921.93	20000	35.958711	0.0	1253406	114	20.0
1608465922.03	20000	36.858903	0.0	887933	80	20.0
1608465922.15	20000	37.7391	0.0	1153403	105	20.0
1608465922.28	20000	38.607186	0.0	1249023	114	20.0
1608465922.43	20000	39.459639	0.0	1423973	130	20.0
1608465922.54	20000	40.347767	0.0	1060162	97	20.0
1608465922.66	20000	41.234557	0.0	1080597	98	20.0
1608465922.78	20000	42.113386	0.0	1156442	106	20.0
1608465923.01	20000	42.878732	0.0	2222640	215	20.0
1608465923.29	20000	43.606739	0.0	2587311	250	20.0
1608465923.52	20000	44.37788	0.0	2178351	210	20.0
1608465923.85	20000	45.042043	0.0	3121089	310	20.0
1608465924.18	20000	45.715096	0.0	2857420	303	20.0
1608465924.38	20000	46.51662	0.0	1702477	179	20.0
1608465924.56	20000	47.337478	0.0	1531670	161	20.0
1608465924.78	20000	48.118367	0.0	1863424	200	20.0
1608465925.05	20000	48.849561	0.0	1987392	250	20.0
1608465925.39	20000	49.511873	0.0	2505586	315	20.0
1608465927.47	20000	48.43006	0.0	9620218	2022	20.0
1608465929.02	8000	47.886197	0.0	1677334	1522	-4.0
1608465929.44	4000	48.467399	0.0	1526348	394	0.0
1608465929.81	4000	49.09553	0.0	1410236	356	4.0
1608465929.89	2000	50.014306	0.0	299663	65	0.0
1608465929.97	2000	50.941268	0.0	284317	61	2.0
1608465930.16	4000	51.752318	0.0	756304	171	2.0
1608465930.55	16000	52.35867	0.0	1626020	374	4.0
1608465931.47	16000	52.43665	0.0	1739228	903	16.0
1608465932.09	8000	52.827216	0.0	1009563	592	0.0
1608465932.52	8000	53.396878	0.0	911305	414	8.0
1608465932.78	4000	54.131027	0.0	556204	250	0.0
1608465932.98	4000	54.937163	0.0	568078	180	4.0
1608465933.23	4000	55.684336	0.0	747231	239	4.0
1608465933.86	8000	56.061277	0.0	1822246	601	4.0
1608465934.37	8000	56.547127	0.0	1089714	498	8.0
1608465934.93	8000	56.984511	0.0	1097827	546	8.0
1608465935.74	8000	57.178391	0.0	1010680	790	8.0
1608465936.43	4000	57.492871	0.0	728502	669	0.0
1608465937.14	4000	57.77968	0.0	819353	698	4.0
1608465937.52	2000	58.407936	0.0	467709	357	0.0
1608465937.71	2000	59.216423	0.0	242111	179	2.0
1608465938.07	2000	59.850931	0.0	564856	352	2.0
1608465939.09	4000	59.855209	0.0	818447	495	2.0
1608465940.47	4000	59.606116	0.0	743969	367	4.0
1608465941.27	4000	59.827248	0.0	689321	280	4.0
1608465942.48	8000	59.45104	0.0	2424481	1183	4.0
1608465943.36	4000	59.609198	0.0	667445	363	0.0
1608465944.21	4000	59.860201	0.0	682795	336	4.0
1608465945.34	4000	59.611192	0.0	564053	110	4.0
1608465946.42	4000	59.612206	0.0	493680	69	4.0
1608465947.11	8000	59.863221	0.0	1104267	162	4.0
1608465948.44	12000	59.614201	0.0	2325287	311	8.0
1608465949.42	16000	59.516356	0.0	5355572	933	12.0
1608465950.11	16000	59.831988	0.0	3278424	659	16.0
1608465951.1	16000	59.867182	0.0	2318501	475	16.0
1608465952.53	12000	59.618197	0.0	2005276	406	8.0
1608465953.28	8000	59.869192	0.0	1006183	214	4.0
1608465954.49	8000	59.620278	0.0	831839	194	8.0
1608465955.08	12000	59.859515	0.0	2294159	573	8.0
1608465956.33	12000	59.622205	0.0	2601076	720	12.0
1608465957.34	8000	59.623158	0.0	1618621	486	4.0
1608465958.32	8000	59.874177	0.0	1825708	458	8.0
1608465959.31	8000	59.875176	0.0	1780068	467	8.0
1608465960.39	8000	59.626195	0.0	1844656	566	8.0
1608465961.42	8000	59.627197	0.0	2010421	504	8.0
1608465962.15	8000	59.878182	0.0	1158554	212	8.0
1608465963.3	8000	59.879164	0.0	873968	133	8.0
1608465964.09	12000	59.880199	0.0	2277016	263	8.0
1608465965.39	16000	59.631219	0.0	2991202	273	12.0
1608465966.2	20000	59.882147	0.0	3002106	284	16.0
1608465967.43	20000	59.633273	0.0	2015412	207	20.0
1608465968.37	20000	59.634268	0.0	2894863	404	20.0
1608465969.32	20000	59.855301	0.0	2185316	431	20.0
1608465970.24	20000	59.886178	0.0	3370605	395	20.0
1608465971.08	20000	59.88724	0.0	3492243	307	20.0
1608465972.23	20000	59.888205	0.0	1307592	133	20.0
1608465973.46	20000	59.639288	0.0	1881404	212	20.0
1608465974.17	20000	59.890167	0.0	1806471	183	20.0
1608465975.33	20000	59.641278	0.0	1945842	147	20.0
1608465976.52	20000	59.642216	0.0	2538877	166	20.0
1608465977.21	20000	59.893289	0.0	2298557	166	20.0
1608465978.44	20000	59.644282	0.0	2831497	199	20.0
1608465979.16	20000	59.895239	0.0	3200905	197	20.0
1608465980.32	20000	59.646334	0.0	2180586	140	20.0
1608465981.51	20000	59.805215	0.0	1500505	174	20.0
1608465982.81	20000	59.556179	0.0	1939246	279	20.0
1608465983.51	20000	59.807187	0.0	1599193	172	20.0
1608465984.85	20000	59.558203	0.0	2364826	319	20.0
1608465985.24	20000	59.940446	0.0	2517454	368	20.0
1608465986.55	20000	59.81013	0.0	1883143	286	20.0
1608465987.84	20000	59.56125	0.0	1726706	264	20.0
1608465988.46	20000	59.812176	0.0	707364	109	20.0
1608465989.67	20000	59.563224	0.0	796460	186	20.0
1608465990.82	20000	59.564227	0.0	596962	132	20.0
1608465991.57	20000	59.815239	0.0	947625	235	20.0
1608465992.39	20000	59.816241	0.0	832859	302	20.0
1608465993.45	16000	59.81716	0.0	151562	56	12.0
1608465994.5	16000	59.818146	0.0	90390	30	16.0
1608465995.52	16000	59.819273	0.0	50278	9	16.0
1608465996.54	8000	59.820251	0.0	22693	1	0.0
1608465997.55	8000	59.821246	0.0	26015	2	8.0
1608465997.85	4000	1.000999	0.028	60629	17	-0.8959999999999999
1608466001.94	20000	1.296888	3.365	11007815	3989	-103.68
1608466002.98	4000	1.506372	0.0	4402139	993	-12.0
1608466003.21	4000	2.278203	0.0	1043358	211	4.0
1608466003.3	4000	3.189149	0.0	567502	76	4.0
1608466003.37	4000	4.113847	0.0	472646	63	4.0
1608466003.42	4000	5.067058	0.0	274373	36	4.0
1608466003.54	16000	5.964957	0.0	730082	100	4.0
1608466004.13	20000	6.378372	0.0	4047415	557	16.0
1608466004.58	20000	6.924297	0.0	2863079	427	20.0
1608466005.26	20000	7.250032	0.0	4167844	643	20.0
1608466006.56	16000	6.948157	0.0	5571764	1259	12.0
1608466007.36	8000	7.150387	0.0	2879726	767	0.0
1608466007.71	8000	7.801534	0.0	1267052	331	8.0
1608466008.07	8000	8.438344	0.0	1316661	344	8.0
1608466008.41	8000	9.099629	0.0	1263534	322	8.0
1608466008.46	8000	10.0537	0.0	150125	34	8.0
1608466008.61	8000	10.90217	0.0	555328	138	8.0
1608466008.84	16000	11.678469	0.0	820127	206	8.0
1608466010.33	16000	11.189652	0.0	6357933	1447	16.0
1608466010.97	8000	11.546393	0.0	3029729	614	0.0
1608466011.41	8000	12.107841	0.0	2083035	417	8.0
1608466011.89	8000	12.628598	0.0	2281353	456	8.0
1608466012.43	8000	13.090528	0.0	2599148	506	8.0
1608466012.81	8000	13.713785	0.0	1926191	354	8.0
1608466013.16	12000	14.356806	0.0	1798203	330	8.0
1608466015.42	16000	13.098308	0.0	9946363	2192	12.0
1608466017.25	8000	12.275737	0.0	7838407	1767	0.0
1608466017.51	4000	13.016653	0.0	764013	242	0.0
1608466017.81	4000	13.720363	0.0	795179	283	4.0
1608466018.09	4000	14.436587	0.0	741228	260	4.0
1608466018.53	4000	14.99574	0.0	760332	428	4.0
1608466019.18	8000	15.351821	0.0	1029204	626	4.0
1608466020.0	8000	15.531006	0.0	1054251	804	8.0
