1608426672.93	4000	1.000999	0.025	60629	15	-0.5
1608426673.39	2000	1.571199	0.0	1072422	391	0.0
1608426673.75	2000	2.209495	0.0	1121405	345	2.0
1608426674.42	20000	2.543224	0.0	3191121	625	2.0
1608426674.75	20000	3.208634	0.0	1661718	314	20.0
1608426675.0	20000	3.95855	0.0	1315024	233	20.0
1608426675.14	20000	4.822437	0.0	698359	122	20.0
1608426675.28	20000	5.680717	0.0	730082	128	20.0
1608426676.16	20000	6.043204	0.0	4047415	838	20.0
1608426676.89	20000	6.381736	0.0	2863079	698	20.0
1608426678.12	20000	6.14903	0.0	4167844	1200	20.0
1608426681.38	20000	3.899004	0.0	5571764	3200	20.0
1608426682.38	20000	3.896928	0.0	4925652	964	20.0
1608426682.72	20000	4.558989	0.0	2030157	315	20.0
1608426682.99	20000	5.291931	0.0	2240782	242	20.0
1608426683.25	20000	6.027722	0.0	2211169	241	20.0
1608426683.31	20000	6.965751	0.0	382046	46	20.0
1608426683.45	20000	7.828595	0.0	1113969	118	20.0
1608426683.56	20000	8.724589	0.0	820127	87	20.0
1608426684.41	20000	8.8768	0.0	6357933	799	20.0
1608426685.42	20000	8.865698	0.0	4814284	972	20.0
1608426687.16	20000	8.127228	0.0	3419258	1705	20.0
1608426688.08	20000	8.203736	0.0	3944328	892	20.0
1608426689.23	20000	8.055207	0.0	4284196	1113	20.0
1608426690.19	20000	8.097585	0.0	3022025	930	20.0
1608426690.7	20000	8.58967	0.0	2248581	484	20.0
1608426692.49	20000	7.797943	0.0	9946363	1712	20.0
1608426694.96	20000	6.337953	0.0	11684632	2381	20.0
1608426695.41	20000	6.882932	0.0	1849732	425	20.0
1608426696.17	20000	7.122501	0.0	1942795	738	20.0
1608426696.61	20000	7.685858	0.0	1704756	415	20.0
1608426697.02	20000	8.2707	0.0	1697111	394	20.0
1608426697.39	20000	8.904494	0.0	1529441	347	20.0
1608426697.77	20000	9.529264	0.0	1568649	355	20.0
1608426698.23	20000	10.064176	0.0	1677618	443	20.0
1608426698.64	20000	10.663041	0.0	1415096	383	20.0
1608426699.33	20000	10.970558	0.0	1894067	671	20.0
1608426699.82	20000	11.475523	0.0	1186604	477	20.0
1608426700.2	20000	12.105937	0.0	1068386	352	20.0
1608426700.78	20000	12.521603	0.0	1700843	562	20.0
1608426701.6	20000	12.704341	0.0	2536859	793	20.0
1608426703.51	20000	11.795002	0.0	4742872	1873	20.0
1608426704.94	20000	11.362131	0.0	4955535	1394	20.0
1608426705.24	20000	12.062338	0.0	1260540	281	20.0
1608426706.16	20000	12.143871	0.0	3605246	889	20.0
1608426707.82	20000	11.492961	0.0	2770338	1626	20.0
1608426709.24	20000	11.07131	0.0	1855168	1402	20.0
1608426709.66	20000	11.645547	0.0	1666915	406	20.0
1608426710.01	20000	12.302967	0.0	1555467	324	20.0
1608426710.19	20000	13.122215	0.0	1008919	164	20.0
1608426710.41	20000	13.902009	0.0	1227619	202	20.0
1608426710.6	20000	14.716212	0.0	1015853	167	20.0
1608426710.68	20000	15.639686	0.0	384076	61	20.0
1608426710.73	20000	16.581307	0.0	295687	46	20.0
1608426710.96	20000	17.353156	0.0	1328674	211	20.0
1608426711.22	20000	18.101072	0.0	1492829	232	20.0
1608426711.47	20000	18.8502	0.0	1484812	231	20.0
1608426711.78	20000	19.536115	0.0	1868314	292	20.0
1608426712.01	20000	20.311263	0.0	1253406	206	20.0
1608426712.19	20000	21.13431	0.0	887933	162	20.0
1608426712.42	20000	21.906734	0.0	1153403	211	20.0
1608426712.66	20000	22.66044	0.0	1249023	228	20.0
1608426712.94	20000	23.386443	0.0	1423973	256	20.0
1608426713.13	20000	24.199999	0.0	1060162	169	20.0
1608426713.32	20000	25.010715	0.0	1080597	172	20.0
1608426713.52	20000	25.809281	0.0	1156442	185	20.0
1608426713.9	20000	26.428825	0.0	2222640	358	20.0
1608426714.32	20000	27.010907	0.0	2587311	393	20.0
1608426714.68	20000	27.650737	0.0	2178351	329	20.0
1608426715.21	20000	28.122779	0.0	3121089	502	20.0
1608426715.72	20000	28.610172	0.0	2857420	484	20.0
1608426716.03	20000	29.302678	0.0	1702477	287	20.0
1608426716.31	20000	30.021818	0.0	1531670	261	20.0
1608426716.65	20000	30.683323	0.0	1863424	318	20.0
1608426717.01	20000	31.329354	0.0	1987392	332	20.0
1608426717.43	20000	31.907475	0.0	2505586	396	20.0
1608426719.04	20000	31.302702	0.0	9620218	1544	20.0
1608426719.45	20000	31.889787	0.0	2561608	387	20.0
1608426720.03	20000	32.316292	0.0	3633991	544	20.0
1608426720.52	20000	32.822579	0.0	3324070	465	20.0
1608426720.76	20000	33.585358	0.0	1560020	217	20.0
1608426720.98	20000	34.368876	0.0	1429188	197	20.0
1608426721.26	20000	35.088287	0.0	1754144	259	20.0
1608426721.52	20000	35.828502	0.0	1626020	240	20.0
1608426721.8	20000	36.550094	0.0	1739228	257	20.0
1608426722.09	20000	37.261875	0.0	1722735	268	20.0
1608426722.37	20000	37.977531	0.0	1538145	262	20.0
1608426722.64	20000	38.706234	0.0	1473412	251	20.0
1608426722.93	20000	39.431896	0.0	1498968	256	20.0
1608426723.35	20000	40.003463	0.0	2247334	397	20.0
1608426723.94	20000	40.410738	0.0	3156442	564	20.0
1608426724.27	20000	41.087183	0.0	1895098	303	20.0
1608426724.6	20000	41.757432	0.0	1939135	309	20.0
1608426724.91	20000	42.44254	0.0	1842874	294	20.0
1608426725.28	20000	43.075238	0.0	2235830	345	20.0
1608426725.65	20000	43.713197	0.0	2202171	338	20.0
1608426726.01	20000	44.347302	0.0	2242042	343	20.0
1608426726.19	20000	45.1668	0.0	1081763	161	20.0
1608426726.58	20000	45.777882	0.0	2409013	364	20.0
1608426726.85	20000	46.51389	0.0	1615028	243	20.0
1608426727.1	20000	47.262098	0.0	1413467	232	20.0
1608426727.44	20000	47.92086	0.0	1632450	322	20.0
1608426728.67	20000	47.69774	0.0	5664827	1182	20.0
1608426729.52	20000	47.842653	0.0	4578115	813	20.0
1608426729.83	20000	48.539338	0.0	1783835	281	20.0
1608426730.02	20000	49.350318	0.0	1093613	172	20.0
1608426730.29	20000	50.08296	0.0	975642	251	20.0
1608426730.74	20000	50.633559	0.0	1658005	430	20.0
1608426732.57	20000	49.7995	0.0	3055257	1806	20.0
1608426734.79	20000	48.585133	0.0	5355572	2176	20.0
1608426735.66	20000	48.716053	0.0	3278424	840	20.0
1608426736.23	20000	49.147783	0.0	2318501	545	20.0
1608426736.81	20000	49.56042	0.0	2473561	562	20.0
1608426737.26	20000	50.11634	0.0	1730311	423	20.0
1608426737.68	20000	50.696477	0.0	1455812	401	20.0
1608426738.5	20000	50.887842	0.0	2869222	783	20.0
1608426739.42	20000	50.961652	0.0	3226650	890	20.0
1608426740.26	20000	51.12105	0.0	2705936	814	20.0
1608426741.41	20000	50.976283	0.0	2998622	1117	20.0
1608426742.4	20000	50.979742	0.0	2928342	971	20.0
1608426743.34	20000	51.045047	0.0	3059979	907	20.0
1608426744.27	20000	51.117424	0.0	3367422	900	20.0
1608426744.77	20000	51.612895	0.0	1950694	483	20.0
1608426745.19	20000	52.192497	0.0	1541020	401	20.0
1608426746.24	20000	52.143246	0.0	2926720	1024	20.0
1608426747.14	20000	52.24941	0.0	2991202	864	20.0
1608426747.67	20000	52.722523	0.0	3002106	499	20.0
1608426748.03	20000	53.365144	0.0	2015412	334	20.0
1608426748.47	20000	53.920197	0.0	2894863	419	20.0
1608426748.8	20000	54.589402	0.0	2185316	307	20.0
1608426749.31	20000	55.085013	0.0	3370605	475	20.0
1608426749.84	20000	55.556425	0.0	3492243	496	20.0
1608426750.04	20000	56.351653	0.0	1307592	184	20.0
1608426750.33	20000	57.067076	0.0	1881404	262	20.0
1608426750.61	20000	57.792034	0.0	1806471	254	20.0
1608426750.9	20000	58.497168	0.0	1945842	273	20.0
1608426751.29	20000	59.113339	0.0	2538877	359	20.0
1608426751.65	20000	59.748737	0.0	2298557	339	20.0
1608426752.59	20000	59.978346	0.0	2831497	408	20.0
1608426753.59	20000	59.979417	0.0	3200905	475	20.0
1608426754.46	20000	59.980431	0.0	2180586	338	20.0
1608426755.72	20000	59.731442	0.0	1500505	239	20.0
1608426756.62	20000	59.982409	0.0	1939246	382	20.0
1608426757.44	20000	59.983354	0.0	1599193	295	20.0
1608426758.84	20000	59.734474	0.0	2364826	378	20.0
1608426759.41	20000	59.995031	0.0	2517454	545	20.0
1608426760.81	20000	59.736385	0.0	1883143	376	20.0
1608426761.63	20000	59.987422	0.0	1726706	294	20.0
1608426762.79	20000	59.738416	0.0	707364	134	20.0
1608426763.47	20000	59.989403	0.0	796460	162	20.0
1608426764.61	20000	59.990449	0.0	596962	127	20.0
1608426765.83	20000	59.741485	0.0	947625	199	20.0
1608426766.52	20000	59.992407	0.0	832859	166	20.0
1608426767.56	20000	59.993417	0.0	151562	27	20.0
1608426768.59	20000	59.994466	0.0	90390	12	20.0
1608426769.61	20000	59.995501	0.0	50278	4	20.0
1608426770.62	20000	59.996407	0.0	26471	1	20.0
1608426771.64	20000	59.997391	0.0	40620	4	20.0
1608426772.03	4000	1.000999	0.093	334032	81	-1.8600000000000003
1608426775.08	20000	1.351143	2.122	11007815	2953	-38.44
1608426778.04	20000	1.318936	1.908	8849724	2915	-18.159999999999997
1608426778.93	20000	1.474625	0.021	3191121	860	19.58
1608426779.42	20000	1.987981	0.0	1661718	464	20.0
1608426779.82	20000	2.587074	0.0	1315024	381	20.0
1608426780.04	20000	3.371577	0.0	698359	200	20.0
1608426780.27	20000	4.145652	0.0	730082	209	20.0
1608426781.64	20000	3.768284	0.0	4047415	1346	20.0
1608426783.22	20000	3.197732	0.0	2863079	1544	20.0
1608426787.36	20000	1.262728	1.203	4167844	4108	-4.059999999999999
1608426788.04	8000	1.581599	0.0	3005823	649	-4.0
1608426789.18	20000	1.47079	0.032	4925652	1104	7.359999999999999
1608426789.83	20000	1.823076	0.0	2030157	627	20.0
1608426790.71	20000	1.951268	0.0	2240782	851	20.0
1608426791.83	20000	1.824712	0.0	2211169	1104	20.0
1608426792.1	20000	2.557893	0.0	382046	253	20.0
1608426792.85	20000	2.808677	0.0	1113969	732	20.0
1608426793.4	20000	3.264692	0.0	820127	528	20.0
1608426795.19	8000	2.471646	0.0	4001900	1756	-4.0
1608426797.44	8000	1.263084	0.037	3029729	2210	7.26
1608426797.88	8000	1.830591	0.0	2083035	411	8.0
1608426798.64	20000	2.067455	0.0	3944328	727	8.0
1608426799.35	20000	2.362789	0.0	4284196	674	20.0
1608426799.87	20000	2.839939	0.0	3022025	496	20.0
1608426800.27	20000	3.442438	0.0	2248581	373	20.0
1608426802.4	20000	2.308971	0.0	9946363	2070	20.0
1608426804.86	8000	1.312044	0.458	7838407	2407	-13.16
1608426806.1	20000	1.271325	0.194	1849732	1213	4.120000000000001
1608426806.98	20000	1.467029	0.079	1942795	860	18.42
1608426807.61	20000	1.837546	0.0	1704756	606	20.0
1608426808.19	20000	2.254726	0.0	1697111	561	20.0
1608426808.84	20000	2.609015	0.0	1529441	626	20.0
1608426809.69	20000	2.762383	0.0	1568649	825	20.0
