1608469312.32	4000	1.000999	0.068	60629	1	-1.3600000000000003
1608469315.39	20000	1.356964	2.377	11007815	2904	-43.54
1608469315.92	2000	2.022483	0.0	1121405	439	-16.0
1608469316.24	2000	2.734743	0.0	728514	228	2.0
1608469316.47	2000	3.550313	0.0	508013	146	2.0
1608469316.66	2000	4.411122	0.0	395538	112	2.0
1608469316.83	2000	5.244187	0.0	297276	83	2.0
1608469317.13	16000	5.948278	0.0	730082	202	2.0
1608469318.18	20000	5.89452	0.0	4047415	963	16.0
1608469318.64	20000	6.435524	0.0	2863079	372	20.0
1608469319.34	20000	6.74181	0.0	4167844	602	20.0
1608469320.43	20000	6.651982	0.0	5571764	992	20.0
1608469321.34	20000	6.74577	0.0	4925652	810	20.0
1608469321.76	20000	7.320018	0.0	2030157	344	20.0
1608469322.19	20000	8.038142	0.0	2240782	342	20.0
1608469322.5	20000	8.80245	0.0	2211169	221	20.0
1608469322.62	20000	9.688608	0.0	382046	36	20.0
1608469322.81	20000	10.498562	0.0	1113969	109	20.0
1608469322.97	20000	11.340534	0.0	820127	80	20.0
1608469324.2	20000	11.109303	0.0	6357933	1123	20.0
1608469324.84	20000	11.465695	0.0	4814284	541	20.0
1608469325.34	20000	11.966384	0.0	3419258	404	20.0
1608469325.95	20000	12.365543	0.0	3944328	505	20.0
1608469326.82	20000	12.495748	0.0	4284196	773	20.0
1608469327.58	20000	12.73415	0.0	3022025	671	20.0
1608469328.21	20000	13.1074	0.0	2248581	533	20.0
1608469329.66	20000	12.650315	0.0	9946363	1332	20.0
1608469330.91	20000	12.410462	0.0	11684632	1107	20.0
1608469331.17	20000	13.146782	0.0	1849732	176	20.0
1608469331.47	20000	13.846051	0.0	1942795	215	20.0
1608469331.75	20000	14.571103	0.0	1704756	189	20.0
1608469332.02	20000	15.29813	0.0	1697111	187	20.0
1608469332.29	20000	16.028254	0.0	1529441	187	20.0
1608469332.59	20000	16.727565	0.0	1568649	216	20.0
1608469332.91	20000	17.410842	0.0	1677618	231	20.0
1608469333.19	20000	18.131012	0.0	1415096	195	20.0
1608469333.6	20000	18.72505	0.0	1894067	320	20.0
1608469333.89	20000	19.438208	0.0	1186604	197	20.0
1608469334.15	20000	20.177397	0.0	1068386	180	20.0
1608469337.44	20000	17.88293	0.0	1700843	3210	20.0
1608469337.98	8000	18.346714	0.0	1598754	441	-4.0
1608469342.24	8000	15.08548	0.0	1172467	4168	8.0
1608469342.73	2000	15.598282	0.0	639392	400	-4.0
1608469343.0	2000	16.330325	0.0	307952	186	2.0
1608469343.49	2000	16.842364	0.0	852435	404	2.0
1608469343.79	2000	17.538534	0.0	548688	221	2.0
1608469344.02	2000	18.310812	0.0	370252	146	2.0
1608469344.6	20000	18.736262	0.0	1666915	488	2.0
1608469345.09	20000	19.250416	0.0	1555467	402	20.0
1608469345.44	20000	19.899733	0.0	1008919	270	20.0
1608469345.87	20000	20.470563	0.0	1227619	349	20.0
1608469346.24	20000	21.10338	0.0	1015853	287	20.0
1608469346.37	20000	21.971566	0.0	384076	55	20.0
1608469346.49	20000	22.854183	0.0	295687	42	20.0
1608469346.76	20000	23.57847	0.0	1328674	196	20.0
1608469347.07	20000	24.274903	0.0	1492829	220	20.0
1608469347.37	20000	24.973774	0.0	1484812	218	20.0
1608469347.74	20000	25.607308	0.0	1868314	281	20.0
1608469348.01	20000	26.338742	0.0	1253406	188	20.0
1608469348.22	20000	27.12584	0.0	887933	132	20.0
1608469348.49	20000	27.862825	0.0	1153403	183	20.0
1608469348.76	20000	28.585038	0.0	1249023	198	20.0
1608469349.07	20000	29.277455	0.0	1423973	226	20.0
1608469349.32	20000	30.030978	0.0	1060162	165	20.0
1608469349.57	20000	30.781817	0.0	1080597	167	20.0
1608469349.84	20000	31.513949	0.0	1156442	178	20.0
1608469350.27	20000	32.081394	0.0	2222640	348	20.0
1608469350.79	20000	32.564235	0.0	2587311	430	20.0
1608469351.24	20000	33.118336	0.0	2178351	360	20.0
1608469351.98	20000	33.372874	0.0	3121089	648	20.0
1608469352.66	20000	33.694258	0.0	2857420	590	20.0
1608469353.1	20000	34.259047	0.0	1702477	352	20.0
1608469353.54	20000	34.815981	0.0	1531670	361	20.0
1608469354.13	20000	35.234394	0.0	1863424	498	20.0
1608469354.7	20000	35.663456	0.0	1987392	485	20.0
1608469355.38	20000	35.986327	0.0	2505586	590	20.0
1608469358.16	20000	34.203096	0.0	9620218	2658	20.0
1608469358.7	20000	34.662284	0.0	2561608	456	20.0
1608469359.41	20000	34.957137	0.0	3633991	615	20.0
1608469360.09	20000	35.280586	0.0	3324070	588	20.0
1608469360.44	20000	35.928452	0.0	1560020	272	20.0
1608469360.77	20000	36.596993	0.0	1429188	251	20.0
1608469361.16	20000	37.208242	0.0	1754144	309	20.0
1608469361.6	20000	37.77437	0.0	1626020	354	20.0
1608469362.13	20000	38.242258	0.0	1739228	450	20.0
1608469362.55	20000	39.047695	0.0	1722735	327	20.0
1608469362.86	20000	39.735572	0.0	1538145	226	20.0
1608469363.16	20000	40.436257	0.0	1473412	218	20.0
1608469363.48	20000	41.111915	0.0	1498968	242	20.0
1608469364.02	20000	41.579071	0.0	2247334	444	20.0
1608469364.73	20000	41.862909	0.0	3156442	622	20.0
1608469365.19	20000	42.403983	0.0	1895098	374	20.0
1608469365.64	20000	42.956084	0.0	1939135	363	20.0
1608469366.07	20000	43.532101	0.0	1842874	339	20.0
1608469366.55	20000	44.051379	0.0	2235830	395	20.0
1608469367.0	20000	44.601589	0.0	2202171	365	20.0
1608469367.46	20000	45.138711	0.0	2242042	371	20.0
1608469367.73	20000	45.871691	0.0	1081763	185	20.0
1608469368.23	20000	46.368879	0.0	2409013	417	20.0
1608469368.56	20000	47.048482	0.0	1615028	237	20.0
1608469368.83	20000	47.777973	0.0	1413467	188	20.0
1608469369.13	20000	48.476985	0.0	1632450	218	20.0
1608469369.88	20000	48.726072	0.0	5664827	647	20.0
1608469370.47	20000	49.142305	0.0	4578115	485	20.0
1608469370.72	20000	49.891166	0.0	1783835	166	20.0
1608469370.9	20000	50.708737	0.0	1093613	101	20.0
1608469371.08	20000	51.538496	0.0	975642	90	20.0
1608469371.32	20000	52.294492	0.0	1658005	154	20.0
1608469371.75	20000	52.863408	0.0	3055257	342	20.0
1608469372.47	20000	53.141554	0.0	5355572	619	20.0
1608469372.94	20000	53.671676	0.0	3278424	379	20.0
1608469373.3	20000	54.318934	0.0	2318501	267	20.0
1608469373.67	20000	54.94961	0.0	2473561	281	20.0
1608469373.95	20000	55.670127	0.0	1730311	196	20.0
1608469374.2	20000	56.421551	0.0	1455812	164	20.0
1608469374.63	20000	56.99456	0.0	2869222	336	20.0
1608469375.11	20000	57.508571	0.0	3226650	394	20.0
1608469375.53	20000	58.087697	0.0	2705936	333	20.0
1608469376.01	20000	58.612512	0.0	2998622	383	20.0
1608469376.48	20000	59.146022	0.0	2928342	374	20.0
1608469377.02	20000	59.604928	0.0	3059979	444	20.0
1608469378.08	20000	59.563739	0.0	3367422	460	20.0
1608469378.88	20000	59.814756	0.0	1950694	213	20.0
1608469380.11	20000	59.565828	0.0	1541020	146	20.0
1608469380.91	20000	59.816754	0.0	2926720	204	20.0
1608469382.3	20000	59.567838	0.0	2991202	296	20.0
1608469382.65	20000	59.976978	0.0	3002106	259	20.0
1608469383.91	20000	59.819747	0.0	2015412	167	20.0
1608469384.84	20000	59.820759	0.0	2894863	334	20.0
1608469386.25	20000	59.57183	0.0	2185316	324	20.0
1608469387.05	20000	59.581149	0.0	3370605	706	20.0
1608469387.87	20000	59.768836	0.0	3492243	720	20.0
1608469389.24	20000	59.574823	0.0	1307592	284	20.0
1608469389.82	20000	59.821162	0.0	1881404	493	20.0
1608469390.9	20000	59.826833	0.0	1806471	498	20.0
1608469391.99	20000	59.827736	0.0	1945842	505	20.0
1608469393.27	20000	59.372671	0.0	2538877	1184	20.0
1608469394.15	20000	59.493299	0.0	2298557	793	20.0
1608469395.15	20000	59.489939	0.0	2831497	913	20.0
1608469396.68	20000	58.967337	0.0	3200905	1429	20.0
1608469397.37	20000	59.272455	0.0	2180586	602	20.0
1608469398.13	20000	59.517576	0.0	1500505	670	20.0
1608469398.94	20000	59.709129	0.0	1939246	712	20.0
1608469399.95	20000	59.835823	0.0	1599193	426	20.0
1608469400.67	20000	59.983009	0.0	2364826	626	20.0
1608469401.87	20000	59.83773	0.0	2517454	614	20.0
1608469402.85	20000	59.838861	0.0	1883143	390	20.0
1608469404.22	20000	59.589836	0.0	1726706	286	20.0
1608469404.9	20000	59.840819	0.0	707364	97	20.0
1608469406.1	20000	59.591839	0.0	796460	127	20.0
1608469407.29	20000	59.592834	0.0	596962	105	20.0
1608469408.03	20000	59.843786	0.0	947625	162	20.0
1608469409.24	20000	59.594838	0.0	832859	120	20.0
1608469409.85	20000	59.845775	0.0	151562	33	20.0
1608469410.94	20000	59.846826	0.0	90390	24	20.0
1608469412.01	20000	59.847831	0.0	50278	7	20.0
1608469413.06	20000	59.848842	0.0	26471	2	20.0
1608469414.1	20000	59.599822	0.0	40620	5	20.0
1608469414.53	4000	1.000999	0.114	334032	101	-2.28
1608469416.23	4000	1.398211	0.802	6594552	1566	-12.04
1608469417.52	4000	1.311006	0.182	4402139	1193	0.3599999999999999
1608469418.35	20000	1.49998	0.0	3191121	730	4.0
1608469418.8	20000	2.050509	0.0	1661718	365	20.0
1608469419.16	20000	2.689518	0.0	1315024	278	20.0
1608469419.39	20000	3.464252	0.0	698359	145	20.0
1608469419.62	20000	4.231351	0.0	730082	152	20.0
1608469420.49	20000	4.367473	0.0	4047415	766	20.0
1608469421.23	20000	4.619176	0.0	2863079	659	20.0
1608469422.37	20000	4.487301	0.0	4167844	1029	20.0
1608469424.02	20000	3.840197	0.0	5571764	1543	20.0
1608469426.04	20000	2.819172	0.0	4925652	1919	20.0
1608469426.84	20000	3.013983	0.0	2030157	720	20.0
1608469427.68	20000	3.181128	0.0	2240782	743	20.0
1608469430.15	20000	1.713908	0.0	2211169	2380	20.0
1608469430.35	20000	2.508848	0.0	382046	126	20.0
1608469430.81	20000	3.049938	0.0	1113969	376	20.0
1608469431.18	16000	3.686613	0.0	820127	279	12.0
1608469432.18	4000	3.688985	0.0	2995445	899	-8.0
1608469432.83	4000	4.038528	0.0	2226527	559	4.0
1608469433.72	20000	4.149701	0.0	3419258	791	4.0
1608469434.63	20000	4.233765	0.0	3944328	821	20.0
1608469435.57	20000	4.300895	0.0	4284196	836	20.0
1608469436.17	20000	4.703302	0.0	3022025	508	20.0
1608469436.61	20000	5.262358	0.0	2248581	354	20.0
1608469438.18	20000	4.69278	0.0	9946363	1422	20.0
1608469440.09	20000	3.787401	0.0	11684632	1765	20.0
1608469440.47	20000	4.406359	0.0	1849732	294	20.0
1608469440.86	20000	5.011313	0.0	1942795	310	20.0
1608469441.2	20000	5.675132	0.0	1704756	252	20.0
1608469441.54	20000	6.338873	0.0	1697111	251	20.0
1608469441.85	20000	7.028621	0.0	1529441	225	20.0
1608469442.18	20000	7.703442	0.0	1568649	241	20.0
