1608429133.41	4000	1.000999	0.022	60629	13	-0.7039999999999997
1608429135.76	16000	1.404557	1.67	11007815	2230	-49.44
1608429136.7	16000	1.690678	0.0	8849724	889	16.0
1608429136.99	16000	2.508022	0.0	3191121	257	16.0
1608429137.14	16000	3.355879	0.0	1661718	133	16.0
1608429137.27	16000	4.232519	0.0	1315024	107	16.0
1608429137.35	16000	5.151557	0.0	698359	65	16.0
1608429137.43	16000	6.069119	0.0	730082	69	16.0
1608429137.85	16000	6.669422	0.0	4047415	389	16.0
1608429138.15	16000	7.369209	0.0	2863079	275	16.0
1608429138.78	16000	7.739873	0.0	4167844	597	16.0
1608429139.63	16000	7.890649	0.0	5571764	810	16.0
1608429140.32	16000	8.208485	0.0	4925652	648	16.0
1608429140.59	16000	8.938053	0.0	2030157	250	16.0
1608429140.89	16000	9.640664	0.0	2240782	276	16.0
1608429141.19	16000	10.347008	0.0	2211169	272	16.0
1608429141.25	16000	11.28273	0.0	382046	44	16.0
1608429141.44	16000	12.09362	0.0	1113969	174	16.0
1608429141.58	16000	12.947587	0.0	820127	132	16.0
1608429142.62	16000	12.914365	0.0	6357933	992	16.0
1608429143.33	16000	13.205745	0.0	4814284	673	16.0
1608429143.67	16000	13.861905	0.0	3419258	316	16.0
1608429144.07	16000	14.468064	0.0	3944328	366	16.0
1608429144.49	16000	15.042957	0.0	4284196	391	16.0
1608429144.79	16000	15.745307	0.0	3022025	272	16.0
1608429145.02	16000	16.521426	0.0	2248581	201	16.0
1608429146.14	16000	16.399964	0.0	9946363	1060	16.0
1608429147.84	16000	15.705109	0.0	11684632	1627	16.0
1608429148.15	16000	16.390453	0.0	1849732	295	16.0
1608429148.46	16000	17.081842	0.0	1942795	289	16.0
1608429148.72	16000	17.825013	0.0	1704756	239	16.0
1608429148.97	16000	18.568843	0.0	1697111	238	16.0
1608429149.21	16000	19.337338	0.0	1529441	215	16.0
1608429149.43	16000	20.120532	0.0	1568649	199	16.0
1608429149.64	16000	20.904724	0.0	1677618	197	16.0
1608429149.83	16000	21.721344	0.0	1415096	166	16.0
1608429150.07	16000	22.480143	0.0	1894067	222	16.0
1608429150.23	16000	23.323503	0.0	1186604	139	16.0
1608429150.37	16000	24.182901	0.0	1068386	127	16.0
1608429150.6	16000	24.949983	0.0	1700843	215	16.0
1608429150.95	16000	25.605426	0.0	2536859	322	16.0
1608429151.68	16000	25.871534	0.0	4742872	702	16.0
1608429152.75	16000	25.802082	0.0	4955535	1033	16.0
1608429153.11	16000	26.444154	0.0	1260540	341	16.0
1608429154.72	16000	25.83889	0.0	3605246	1578	16.0
1608429166.17	16000	59.620524	0.0	747231	115	16.0
1608429166.17	16000	59.42848	0.0	747231	115	16.0
1608429166.77	16000	59.828411	0.0	3156442	575	16.0
1608429168.15	16000	59.62252	0.0	1895098	357	16.0
1608429169.1	16000	59.623515	0.0	1939135	421	16.0
1608429170.01	16000	59.624424	0.0	1842874	391	16.0
1608429171.0	16000	59.625484	0.0	2235830	466	16.0
1608429172.05	16000	59.626515	0.0	2202171	530	16.0
1608429172.66	16000	59.950949	0.0	2242042	583	16.0
1608429174.05	16000	59.628506	0.0	1081763	379	16.0
1608429185.19	16000	59.639509	0.0	878603	282	16.0
1608429185.2	16000	59.420416	0.0	878603	282	16.0
1608429187.16	16000	58.458961	0.0	5355572	1930	16.0
1608429188.61	16000	58.018488	0.0	3278424	1413	16.0
1608429189.19	16000	58.430433	0.0	2318501	566	16.0
1608429189.76	16000	58.86125	0.0	2473561	547	16.0
1608429190.11	16000	59.516613	0.0	1730311	325	16.0
1608429190.9	16000	59.895414	0.0	1455812	274	16.0
1608429191.89	16000	59.896511	0.0	2869222	459	16.0
1608429192.82	16000	59.897503	0.0	3226650	413	16.0
1608429194.13	16000	59.648516	0.0	2705936	281	16.0
1608429194.96	16000	59.899506	0.0	2998622	300	16.0
1608429195.75	16000	59.900457	0.0	2928342	266	16.0
1608429197.05	16000	59.651514	0.0	3059979	278	16.0
1608429198.0	16000	59.652516	0.0	3367422	425	16.0
1608429198.99	16000	59.653551	0.0	1950694	468	16.0
1608429199.67	16000	59.967207	0.0	1541020	651	16.0
1608429200.65	16000	59.98674	0.0	2926720	955	16.0
1608429201.97	16000	59.906412	0.0	2991202	790	16.0
1608429202.81	16000	59.835167	0.0	3002106	809	16.0
1608429203.86	16000	59.908431	0.0	2015412	531	16.0
1608429205.06	16000	59.659515	0.0	2894863	678	16.0
1608429206.08	16000	59.660515	0.0	2185316	489	16.0
1608429207.06	16000	59.585369	0.0	3370605	952	16.0
1608429208.56	16000	59.082099	0.0	3492243	1474	16.0
1608429208.96	16000	59.684001	0.0	1307592	380	16.0
1608429210.02	16000	59.664505	0.0	1881404	537	16.0
1608429210.68	16000	59.962979	0.0	1806471	634	16.0
1608429211.77	16000	59.91642	0.0	1945842	566	16.0
1608429212.89	16000	59.917429	0.0	2538877	586	16.0
1608429213.93	16000	59.918419	0.0	2298557	516	16.0
1608429215.09	16000	59.669525	0.0	2831497	636	16.0
1608429215.85	16000	59.806466	0.0	3200905	732	16.0
1608429216.85	16000	59.921426	0.0	2180586	482	16.0
1608429218.19	16000	59.672512	0.0	1500505	314	16.0
1608429218.67	16000	59.988654	0.0	1939246	459	16.0
1608429220.13	16000	59.674513	0.0	1599193	445	16.0
1608429220.77	16000	59.887518	0.0	2364826	612	16.0
1608429221.87	16000	59.926447	0.0	2517454	573	16.0
1608429222.98	16000	59.927454	0.0	1883143	589	16.0
1608429224.09	16000	59.678494	0.0	1726706	596	16.0
1608429224.82	16000	59.929404	0.0	707364	205	16.0
1608429226.08	16000	59.680513	0.0	796460	241	16.0
1608429226.84	16000	59.931441	0.0	596962	248	16.0
1608429227.81	16000	59.932472	0.0	947625	457	16.0
1608429228.75	16000	59.933451	0.0	832859	426	16.0
1608429229.83	16000	59.934454	0.0	151562	59	16.0
1608429230.86	12000	59.935445	0.0	70186	14	8.0
1608429230.87	16000	59.795393	0.0	70186	14	12.0
1608429231.89	16000	59.936425	0.0	50278	7	16.0
1608429232.91	16000	59.937435	0.0	26471	1	16.0
1608429233.92	16000	59.938426	0.0	40620	4	16.0
1608429234.44	16000	59.872194	0.0	15267	4	16.0
