1608445233.24	4000	1.000999	0.021	60629	11	-0.6720000000000002
1608445237.35	20000	1.364903	3.42	11007815	4009	-105.44
1608445264.6	4000	1.402757	25.957	4402139	27206	-842.624
1608445264.77	2000	2.229678	0.0	728514	156	0.0
1608445264.89	2000	3.108922	0.0	508013	108	2.0
1608445264.99	2000	4.01354	0.0	395538	84	2.0
1608445265.06	2000	4.939326	0.0	297276	61	2.0
1608445265.13	2000	5.87736	0.0	247728	51	2.0
1608445266.3	20000	5.705441	0.0	4047415	1143	2.0
1608445266.7	12000	6.306643	0.0	1861181	375	4.0
1608445267.29	12000	6.71395	0.0	2835412	573	12.0
1608445267.91	8000	7.092734	0.0	3005823	595	4.0
1608445268.49	8000	7.518426	0.0	2879726	553	8.0
1608445268.74	8000	8.272392	0.0	1267052	232	8.0
1608445269.07	12000	8.937891	0.0	1712120	315	8.0
1608445269.38	12000	9.626072	0.0	1662097	295	12.0
1608445269.46	16000	10.551213	0.0	382046	61	12.0
1608445269.66	16000	11.352401	0.0	1113969	187	16.0
1608445269.81	20000	12.203298	0.0	820127	136	16.0
1608445271.01	20000	12.021445	0.0	6357933	1149	20.0
1608445272.27	16000	11.977488	0.0	4814284	1231	12.0
1608445272.58	8000	12.669884	0.0	2083035	284	0.0
1608445272.9	8000	13.348703	0.0	2281353	300	8.0
1608445273.27	8000	13.984029	0.0	2599148	343	8.0
1608445273.58	8000	14.672026	0.0	1926191	293	8.0
1608445273.89	12000	15.370026	0.0	1798203	281	8.0
1608445276.98	20000	13.281995	0.0	9946363	3020	12.0
1608445279.41	4000	11.846867	0.0	5615227	2394	-12.0
1608445279.57	2000	12.692728	0.0	352618	140	0.0
1608445279.72	2000	13.540475	0.0	355918	141	2.0
1608445279.86	2000	14.396531	0.0	335697	133	2.0
1608445280.01	2000	15.251794	0.0	336592	133	2.0
1608445280.34	4000	15.92049	0.0	769288	314	2.0
1608445280.92	16000	16.341384	0.0	1568649	558	4.0
1608445281.43	12000	16.830007	0.0	1407326	491	8.0
1608445281.77	8000	17.493679	0.0	977239	308	4.0
1608445282.22	8000	18.047035	0.0	1356524	430	8.0
1608445282.47	8000	18.795262	0.0	801103	238	8.0
1608445282.69	8000	19.582064	0.0	686354	200	8.0
1608445283.03	8000	20.243748	0.0	1097671	322	8.0
1608445283.67	12000	20.596218	0.0	2025194	625	8.0
1608445284.08	8000	21.19157	0.0	1172467	386	4.0
1608445284.7	8000	21.576543	0.0	1818385	597	8.0
1608445285.0	8000	22.270567	0.0	890138	292	8.0
1608445285.76	8000	22.516625	0.0	2345010	731	8.0
1608445286.29	8000	22.983024	0.0	1735323	513	8.0
1608445286.65	8000	23.629898	0.0	1153767	336	8.0
1608445286.96	8000	24.313365	0.0	1020736	299	8.0
1608445287.26	8000	25.014945	0.0	965874	283	8.0
1608445287.54	8000	25.740308	0.0	762421	260	8.0
1608445287.94	8000	26.345371	0.0	883591	380	8.0
1608445288.27	8000	27.009762	0.0	750345	322	8.0
1608445288.41	8000	27.872332	0.0	317174	125	8.0
1608445288.47	8000	28.80905	0.0	245047	51	8.0
1608445288.74	12000	29.540371	0.0	1128983	251	8.0
1608445289.04	12000	30.244549	0.0	1257735	280	12.0
1608445289.39	16000	30.892975	0.0	1484812	331	12.0
1608445289.99	16000	31.306413	0.0	1868314	567	16.0
1608445290.31	12000	31.979863	0.0	995715	302	8.0
1608445291.75	12000	31.543346	0.0	674495	1423	12.0
1608445291.84	2000	32.448057	0.0	227906	83	-8.0
1608445291.96	2000	33.327319	0.0	301480	112	2.0
1608445292.13	2000	34.166479	0.0	401522	152	2.0
1608445292.25	2000	35.047509	0.0	296659	111	2.0
1608445292.37	2000	35.924497	0.0	306130	114	2.0
1608445297.68	20000	31.836488	0.0	1156442	5291	2.0
1608445298.58	2000	31.930889	0.0	505705	889	-16.0
1608445298.9	2000	32.616952	0.0	560900	302	2.0
1608445299.17	2000	33.349468	0.0	477844	256	2.0
1608445299.51	2000	34.009329	0.0	593358	328	2.0
1608445300.17	2000	34.348989	0.0	552627	647	2.0
1608445300.8	2000	34.720113	0.0	356467	617	2.0
1608445301.61	2000	34.908146	0.0	298528	800	2.0
1608445302.0	2000	35.519855	0.0	372582	375	2.0
1608445302.46	2000	36.067221	0.0	432861	440	2.0
1608445302.93	2000	36.591584	0.0	576027	462	2.0
1608445304.93	2000	35.59616	0.0	2234357	1974	2.0
1608445305.16	2000	36.36779	0.0	560537	216	2.0
1608445305.39	2000	37.133421	0.0	577595	223	2.0
1608445305.64	2000	37.890202	0.0	643057	230	2.0
1608445305.75	2000	38.775754	0.0	299663	102	2.0
1608445305.86	2000	39.667799	0.0	284317	96	2.0
1608445306.51	16000	40.016269	0.0	1754144	631	2.0
1608445307.1	12000	40.427889	0.0	1314152	570	8.0
1608445307.57	8000	40.961025	0.0	1040790	450	4.0
1608445308.11	8000	41.42721	0.0	1009563	518	8.0
1608445308.57	8000	41.964108	0.0	911305	449	8.0
1608445308.81	4000	42.723894	0.0	556204	225	0.0
1608445309.05	4000	43.482203	0.0	568078	229	4.0
1608445309.57	8000	43.9708	0.0	1222697	492	4.0
1608445310.22	8000	44.323528	0.0	1822246	628	8.0
1608445310.59	8000	44.948021	0.0	1089714	360	8.0
1608445310.93	8000	45.607773	0.0	1097827	322	8.0
1608445311.25	8000	46.296479	0.0	1010680	296	8.0
1608445311.62	8000	46.918753	0.0	1202900	362	8.0
1608445312.08	8000	47.459282	0.0	1236644	443	8.0
1608445312.56	8000	47.986958	0.0	1286142	456	8.0
1608445312.86	8000	48.683336	0.0	675899	289	8.0
1608445313.57	8000	48.973463	0.0	1606544	692	8.0
1608445314.14	8000	49.409633	0.0	1066218	547	8.0
1608445314.54	4000	50.013929	0.0	743969	379	0.0
1608445314.75	4000	50.803343	0.0	689321	196	4.0
1608445315.47	8000	51.08507	0.0	2424481	694	4.0
1608445315.7	4000	51.856391	0.0	667445	211	0.0
1608445316.1	8000	52.453454	0.0	1031824	386	4.0
1608445316.39	8000	53.167735	0.0	732536	271	8.0
1608445316.65	8000	53.905725	0.0	645392	248	8.0
1608445317.2	8000	54.356234	0.0	1104267	534	8.0
1608445317.99	8000	54.571316	0.0	1592936	766	8.0
1608445319.08	8000	54.475738	0.0	2618824	1073	8.0
1608445319.47	4000	55.092959	0.0	1046702	358	0.0
1608445319.81	4000	55.747703	0.0	982243	330	4.0
1608445320.17	4000	56.390181	0.0	1004344	343	4.0
1608445320.42	4000	57.144769	0.0	687087	233	4.0
1608445320.69	8000	57.872605	0.0	831839	256	4.0
1608445321.19	8000	58.374899	0.0	1735764	478	8.0
1608445321.74	8000	58.828883	0.0	1969173	523	8.0
1608445322.15	8000	59.416875	0.0	1618621	393	8.0
1608445322.61	8000	59.952572	0.0	1825708	444	8.0
1608445324.06	8000	59.577563	0.0	1780068	421	8.0
1608445325.02	8000	59.578571	0.0	1844656	449	8.0
1608445325.7	8000	59.87336	0.0	2010421	653	8.0
1608445327.05	8000	59.580565	0.0	1158554	341	8.0
1608445327.69	8000	59.880363	0.0	873968	624	8.0
1608445329.17	8000	59.800606	0.0	1651288	964	8.0
1608445330.26	4000	59.551655	0.0	1080376	568	0.0
1608445330.94	4000	59.844041	0.0	1087843	665	4.0
1608445332.18	4000	59.803633	0.0	735758	724	4.0
1608445332.98	2000	59.804622	0.0	567172	287	0.0
1608445334.45	2000	59.555619	0.0	503622	450	2.0
1608445335.63	4000	59.159358	0.0	1450968	1162	2.0
1608445336.06	2000	59.734821	0.0	657376	410	0.0
1608445337.19	2000	59.808664	0.0	207349	121	2.0
1608445338.23	4000	59.809668	0.0	781150	524	2.0
1608445339.09	2000	59.81067	0.0	432968	346	0.0
1608445339.97	4000	59.823642	0.0	787496	862	2.0
1608445340.95	4000	59.844233	0.0	1008090	966	4.0
1608445342.46	2000	59.563571	0.0	602139	487	0.0
1608445343.32	2000	59.476221	0.0	716984	852	2.0
1608445344.33	2000	59.468293	0.0	719449	996	2.0
1608445344.8	2000	59.996193	0.0	335356	461	2.0
1608445346.48	2000	59.549854	0.0	213548	166	2.0
1608445347.28	2000	59.80087	0.0	339747	280	2.0
1608445348.56	2000	59.551866	0.0	339538	268	2.0
1608445349.42	2000	59.802829	0.0	477871	340	2.0
1608445350.5	4000	59.553856	0.0	951381	564	2.0
1608445351.34	4000	59.804777	0.0	663404	318	4.0
1608445352.64	4000	59.555772	0.0	662118	283	4.0
1608445353.25	4000	59.795725	0.0	284661	101	4.0
1608445354.43	8000	59.807829	0.0	458857	160	4.0
1608445355.55	8000	59.55877	0.0	318722	101	8.0
1608445356.3	16000	59.809896	0.0	947625	235	8.0
1608445357.58	16000	59.56078	0.0	832859	262	16.0
1608445358.64	16000	59.561763	0.0	151562	42	16.0
1608445359.67	16000	59.562754	0.0	90390	15	16.0
1608445360.69	16000	59.563869	0.0	50278	7	16.0
1608445361.71	8000	59.564872	0.0	22693	1	0.0
1608445362.72	8000	59.565866	0.0	26015	1	8.0
1608445363.01	4000	1.000999	0.017	60629	8	-0.544
1608445365.33	20000	1.285906	1.59	11007815	2231	-46.88
1608445366.73	8000	1.311706	0.178	7078153	1344	-9.696
1608445367.07	8000	1.968278	0.0	1798447	324	8.0
1608445367.26	8000	2.834134	0.0	946554	169	8.0
1608445367.41	8000	3.682833	0.0	768486	137	8.0
1608445367.49	8000	4.600885	0.0	398693	70	8.0
1608445367.64	16000	5.455734	0.0	730082	129	8.0
1608445368.46	20000	5.633852	0.0	4047415	791	16.0
1608445369.15	16000	5.947749	0.0	2863079	662	12.0
1608445370.27	16000	5.825495	0.0	4167844	1092	16.0
1608445370.91	8000	6.184848	0.0	3005823	606	0.0
1608445371.6	8000	6.494996	0.0	2879726	665	8.0
1608445371.91	8000	7.190058	0.0	1267052	288	8.0
1608445372.24	8000	7.864062	0.0	1316661	310	8.0
1608445372.55	8000	8.549007	0.0	1263534	297	8.0
1608445372.63	12000	9.476835	0.0	243072	53	8.0
1608445372.83	12000	10.277785	0.0	793783	185	12.0
1608445373.06	16000	11.043269	0.0	820127	219	12.0
1608445374.79	16000	10.320438	0.0	6357933	1680	16.0
1608445375.53	8000	10.57528	0.0	3029729	716	0.0
1608445376.05	8000	11.062169	0.0	2083035	492	8.0
1608445376.63	8000	11.483308	0.0	2281353	557	8.0
1608445377.33	8000	11.778714	0.0	2599148	681	8.0
1608445377.75	4000	12.358132	0.0	1433055	394	0.0
1608445378.13	8000	12.977086	0.0	1427209	363	4.0
1608445379.81	8000	12.302289	0.0	6361262	1630	8.0
1608445381.91	8000	11.209059	0.0	7838407	2043	8.0
1608445382.1	4000	12.013191	0.0	764013	178	0.0
1608445382.3	4000	12.812245	0.0	795179	186	4.0
1608445382.49	4000	13.624315	0.0	741228	173	4.0
1608445382.68	4000	14.432778	0.0	760332	177	4.0
1608445382.95	8000	15.172536	0.0	1029204	241	4.0
