1608488643.17	4000	1.000999	0.023	60629	13	-0.7359999999999998
1608488646.02	16000	1.390953	2.162	11007815	2725	-65.184
1608488647.58	16000	1.40467	0.24	8849724	1508	8.32
1608488647.94	16000	2.039929	0.0	3191121	336	16.0
1608488648.13	16000	2.872686	0.0	1661718	173	16.0
1608488648.29	16000	3.720623	0.0	1315024	135	16.0
1608488648.37	16000	4.636315	0.0	698359	71	16.0
1608488648.46	16000	5.546982	0.0	730082	73	16.0
1608488648.92	16000	6.092536	0.0	4047415	422	16.0
1608488649.48	16000	6.528012	0.0	2863079	539	16.0
1608488650.22	16000	6.798129	0.0	4167844	697	16.0
1608488650.82	16000	7.19782	0.0	5571764	560	16.0
1608488651.56	16000	7.455943	0.0	4925652	709	16.0
1608488651.92	16000	8.09162	0.0	2030157	344	16.0
1608488652.32	16000	8.694305	0.0	2240782	377	16.0
1608488652.72	16000	9.298	0.0	2211169	375	16.0
1608488652.8	16000	10.221597	0.0	382046	63	16.0
1608488653.0	16000	11.019098	0.0	1113969	188	16.0
1608488653.09	16000	11.930945	0.0	820127	75	16.0
1608488653.65	16000	12.376178	0.0	6357933	511	16.0
1608488654.07	16000	12.953598	0.0	4814284	388	16.0
1608488654.53	16000	13.496912	0.0	3419258	424	16.0
1608488655.05	16000	13.973114	0.0	3944328	490	16.0
1608488655.52	16000	14.510944	0.0	4284196	431	16.0
1608488655.84	16000	15.182734	0.0	3022025	301	16.0
1608488656.1	16000	15.931669	0.0	2248581	230	16.0
1608488657.36	16000	15.672022	0.0	9946363	1196	16.0
1608488658.92	16000	15.113007	0.0	11684632	1492	16.0
1608488659.12	16000	15.910338	0.0	1849732	184	16.0
1608488659.26	16000	16.775974	0.0	1942795	116	16.0
1608488659.38	16000	17.654204	0.0	1704756	101	16.0
1608488659.5	16000	18.53329	0.0	1697111	100	16.0
1608488659.61	16000	19.425398	0.0	1529441	90	16.0
1608488659.72	16000	20.315504	0.0	1568649	93	16.0
1608488659.84	16000	21.1976	0.0	1677618	99	16.0
1608488659.94	16000	22.097365	0.0	1415096	84	16.0
1608488660.08	16000	22.965833	0.0	1894067	113	16.0
1608488660.16	16000	23.881651	0.0	1186604	61	16.0
1608488660.23	16000	24.810095	0.0	1068386	56	16.0
1608488660.34	16000	25.702024	0.0	1700843	90	16.0
1608488660.5	16000	26.543485	0.0	2536859	134	16.0
1608488660.79	16000	27.256254	0.0	4742872	252	16.0
1608488661.09	16000	27.955003	0.0	4955535	263	16.0
1608488661.2	16000	28.843957	0.0	1260540	94	16.0
1608488661.5	16000	29.545808	0.0	3605246	271	16.0
1608488661.73	16000	30.314771	0.0	2770338	207	16.0
1608488661.89	16000	31.156878	0.0	1855168	139	16.0
1608488662.04	16000	32.013807	0.0	1666915	125	16.0
1608488662.2	16000	32.855617	0.0	1555467	141	16.0
1608488662.31	16000	33.740477	0.0	1008919	100	16.0
1608488662.46	16000	34.598222	0.0	1227619	121	16.0
1608488662.57	16000	35.482771	0.0	1015853	100	16.0
1608488662.62	16000	36.434532	0.0	384076	37	16.0
1608488662.66	16000	37.394557	0.0	295687	28	16.0
1608488662.81	16000	38.246242	0.0	1328674	132	16.0
1608488662.98	16000	39.081389	0.0	1492829	148	16.0
1608488663.16	16000	39.903152	0.0	1484812	162	16.0
1608488663.43	16000	40.630497	0.0	1868314	254	16.0
1608488663.63	16000	41.432893	0.0	1253406	169	16.0
1608488663.76	16000	42.299156	0.0	887933	120	16.0
1608488663.94	16000	43.127474	0.0	1153403	156	16.0
1608488664.12	16000	43.941016	0.0	1249023	171	16.0
1608488664.39	16000	44.674573	0.0	1423973	250	16.0
1608488664.59	16000	45.473989	0.0	1060162	186	16.0
1608488664.8	16000	46.26846	0.0	1080597	189	16.0
1608488665.02	16000	47.050642	0.0	1156442	203	16.0
1608488665.34	16000	47.729798	0.0	2222640	301	16.0
1608488665.69	16000	48.379101	0.0	2587311	326	16.0
1608488665.99	16000	49.083782	0.0	2178351	275	16.0
1608488666.4	16000	49.671527	0.0	3121089	387	16.0
1608488666.78	16000	50.292073	0.0	2857420	354	16.0
1608488667.01	16000	51.062132	0.0	1702477	210	16.0
1608488667.22	16000	51.85156	0.0	1531670	192	16.0
1608488667.49	16000	52.589917	0.0	1863424	241	16.0
1608488667.76	16000	53.312103	0.0	1987392	257	16.0
1608488668.11	16000	53.96483	0.0	2505586	325	16.0
1608488669.58	16000	53.499187	0.0	9620218	1404	16.0
1608488670.01	16000	54.065918	0.0	2561608	409	16.0
1608488670.45	16000	54.633824	0.0	3633991	402	16.0
1608488670.81	16000	55.277093	0.0	3324070	329	16.0
1608488670.98	16000	56.105413	0.0	1560020	154	16.0
1608488671.14	16000	56.948084	0.0	1429188	141	16.0
1608488671.33	16000	57.753254	0.0	1754144	175	16.0
1608488671.51	16000	58.573996	0.0	1626020	162	16.0
1608488671.71	16000	59.376107	0.0	1739228	179	16.0
1608488672.41	16000	59.839044	0.0	1722735	172	16.0
1608488673.32	16000	59.840044	0.0	1538145	397	16.0
1608488674.7	16000	59.590982	0.0	1473412	358	16.0
1608488675.23	16000	59.85998	0.0	1498968	507	16.0
1608488677.23	16000	58.861599	0.0	2247334	1977	16.0
1608488677.85	16000	59.24024	0.0	3156442	596	16.0
1608488678.21	16000	59.887994	0.0	1895098	334	16.0
1608488679.37	16000	59.846037	0.0	1939135	138	16.0
1608488680.53	16000	59.597065	0.0	1842874	145	16.0
1608488681.7	16000	59.598074	0.0	2235830	150	16.0
1608488682.37	16000	59.849065	0.0	2202171	143	16.0
1608488683.56	16000	59.600048	0.0	2242042	167	16.0
1608488684.68	16000	59.601043	0.0	1081763	105	16.0
1608488685.35	16000	59.85205	0.0	2409013	148	16.0
1608488686.45	16000	59.85304	0.0	1615028	83	16.0
1608488687.54	16000	59.604028	0.0	1413467	69	16.0
1608488688.65	16000	59.605016	0.0	1632450	84	16.0
1608488689.42	16000	59.856041	0.0	5664827	237	16.0
1608488690.68	16000	59.607021	0.0	4578115	218	16.0
1608488691.3	16000	59.858025	0.0	1783835	93	16.0
1608488692.36	16000	59.859051	0.0	1093613	45	16.0
1608488693.43	16000	59.860053	0.0	975642	57	16.0
1608488694.56	16000	59.611042	0.0	1658005	105	16.0
1608488695.43	16000	59.862089	0.0	3055257	344	16.0
1608488696.58	16000	59.613053	0.0	5355572	622	16.0
1608488697.38	16000	59.86406	0.0	3278424	268	16.0
1608488698.63	16000	59.615036	0.0	2318501	229	16.0
1608488699.61	16000	59.616052	0.0	2473561	446	16.0
1608488700.27	16000	59.867047	0.0	1730311	147	16.0
1608488701.45	16000	59.868068	0.0	1455812	157	16.0
1608488702.27	16000	59.869036	0.0	2869222	291	16.0
1608488703.64	16000	59.619988	0.0	3226650	341	16.0
1608488704.43	16000	59.871031	0.0	2705936	268	16.0
1608488705.27	16000	59.871992	0.0	2998622	309	16.0
1608488706.59	16000	59.623031	0.0	2928342	302	16.0
1608488707.49	16000	59.874024	0.0	3059979	369	16.0
1608488708.4	16000	59.87502	0.0	3367422	384	16.0
1608488709.66	16000	59.626032	0.0	1950694	228	16.0
1608488710.36	16000	59.877045	0.0	1541020	183	16.0
1608488711.73	16000	59.628029	0.0	2926720	341	16.0
1608488712.61	16000	59.629025	0.0	2991202	350	16.0
1608488713.59	16000	59.630013	0.0	3002106	454	16.0
1608488714.33	16000	59.881026	0.0	2015412	217	16.0
1608488715.71	16000	59.632021	0.0	2894863	353	16.0
1608488716.51	16000	59.633019	0.0	2185316	275	16.0
1608488717.45	16000	59.841474	0.0	3370605	418	16.0
1608488718.43	16000	59.885023	0.0	3492243	441	16.0
1608488719.62	16000	59.63603	0.0	1307592	171	16.0
1608488720.37	16000	59.887025	0.0	1881404	232	16.0
1608488721.61	16000	59.638024	0.0	1806471	210	16.0
1608488722.38	16000	59.889034	0.0	1945842	248	16.0
1608488723.51	16000	59.640026	0.0	2538877	609	16.0
1608488724.36	16000	59.891033	0.0	2298557	317	16.0
1608488725.53	16000	59.64202	0.0	2831497	643	16.0
1608488726.34	16000	59.805052	0.0	3200905	783	16.0
1608488727.29	16000	59.894034	0.0	2180586	431	16.0
1608488728.58	16000	59.645044	0.0	1500505	272	16.0
1608488729.55	16000	59.646014	0.0	1939246	446	16.0
1608488730.53	16000	59.647024	0.0	1599193	456	16.0
1608488731.38	16000	59.776521	0.0	2364826	817	16.0
1608488732.62	16000	59.648919	0.0	2517454	716	16.0
1608488733.31	16000	59.900036	0.0	1883143	169	16.0
1608488734.49	16000	59.901033	0.0	1726706	155	16.0
1608488735.58	16000	59.652046	0.0	707364	75	16.0
1608488736.71	16000	59.653039	0.0	796460	109	16.0
1608488737.29	16000	59.904025	0.0	596962	65	16.0
1608488738.41	16000	59.905013	0.0	947625	104	16.0
1608488739.5	16000	59.656024	0.0	832859	75	16.0
1608488740.53	16000	59.657025	0.0	151562	11	16.0
1608488741.55	16000	59.658027	0.0	90390	5	16.0
1608488742.57	16000	59.659017	0.0	50278	2	16.0
1608488743.58	16000	59.660038	0.0	26471	4	16.0
1608488744.6	16000	59.661025	0.0	40620	1	16.0
1608488744.93	4000	1.000999	0.034	335737	23	-1.088
1608488745.85	16000	1.359407	0.0	11007815	800	4.0
1608488746.55	16000	1.662414	0.0	8849724	642	16.0
1608488746.83	16000	2.406782	0.0	3191121	251	16.0
1608488746.98	16000	3.256291	0.0	1661718	132	16.0
1608488747.11	16000	4.135761	0.0	1315024	104	16.0
1608488747.17	16000	5.068437	0.0	698359	55	16.0
1608488747.25	16000	5.999039	0.0	730082	57	16.0
1608488747.6	16000	6.661178	0.0	4047415	323	16.0
1608488747.87	16000	7.395974	0.0	2863079	241	16.0
1608488748.25	16000	8.012835	0.0	4167844	352	16.0
1608488748.77	16000	8.495883	0.0	5571764	478	16.0
1608488749.25	16000	9.016063	0.0	4925652	447	16.0
1608488749.46	16000	9.812798	0.0	2030157	183	16.0
1608488749.69	16000	10.584432	0.0	2240782	209	16.0
1608488749.94	16000	11.333697	0.0	2211169	230	16.0
1608488749.99	16000	12.282909	0.0	382046	38	16.0
1608488750.12	16000	13.151919	0.0	1113969	115	16.0
1608488750.22	16000	14.053619	0.0	820127	85	16.0
1608488750.86	16000	14.416288	0.0	6357933	593	16.0
1608488751.27	16000	15.011537	0.0	4814284	372	16.0
1608488751.56	16000	15.721114	0.0	3419258	264	16.0
1608488751.9	16000	16.380543	0.0	3944328	311	16.0
1608488752.27	16000	17.010381	0.0	4284196	340	16.0
1608488752.54	16000	17.745361	0.0	3022025	239	16.0
1608488752.75	16000	18.534956	0.0	2248581	187	16.0
1608488753.69	16000	18.591344	0.0	9946363	883	16.0
1608488754.72	16000	18.564972	0.0	11684632	958	16.0
1608488754.93	16000	19.35107	0.0	1849732	194	16.0
1608488755.16	16000	20.128052	0.0	1942795	204	16.0
1608488755.36	16000	20.931532	0.0	1704756	179	16.0
1608488755.55	16000	21.734066	0.0	1697111	177	16.0
1608488755.74	16000	22.553184	0.0	1529441	162	16.0
