1608446383.66	4000	1.000999	0.034	60629	24	-1.088
1608446384.31	2000	1.412228	0.0	1072422	608	0.0
1608446384.87	2000	1.858725	0.0	1121405	538	2.0
1608446385.23	2000	2.495874	0.0	728514	349	2.0
1608446385.5	2000	3.221821	0.0	508013	262	2.0
1608446385.75	2000	3.976806	0.0	395538	233	2.0
1608446385.94	2000	4.792849	0.0	297276	173	2.0
1608446386.09	2000	5.64005	0.0	247728	142	2.0
1608446387.07	2000	5.660338	0.0	1172629	964	2.0
1608446388.0	2000	5.728753	0.0	740561	918	2.0
1608446402.77	4000	1.320837	9.37	1463326	14743	-297.84
1608446403.25	2000	2.035412	0.0	975494	457	0.0
1608446403.58	2000	2.749854	0.0	873443	312	2.0
1608446403.7	2000	3.627753	0.0	420093	108	2.0
1608446403.82	2000	4.503337	0.0	432386	111	2.0
1608446403.95	2000	5.380344	0.0	430845	110	2.0
1608446403.99	2000	6.343413	0.0	114664	26	2.0
1608446404.1	4000	7.23377	0.0	376357	97	2.0
1608446404.2	8000	8.134772	0.0	323573	83	4.0
1608446405.92	8000	7.414645	0.0	4001900	1685	8.0
1608446407.06	8000	7.275874	0.0	3029729	1115	8.0
1608446407.59	8000	7.741676	0.0	2083035	516	8.0
1608446408.09	8000	8.249626	0.0	2281353	473	8.0
1608446408.81	8000	8.531398	0.0	2599148	699	8.0
1608446409.66	8000	8.681449	0.0	1926191	832	8.0
1608446410.3	8000	9.04454	0.0	1427209	620	8.0
1608446412.16	8000	8.40231	0.0	6361262	1803	8.0
1608446414.65	8000	6.913782	0.0	7838407	2429	8.0
1608446414.89	4000	7.668524	0.0	764013	227	0.0
1608446415.26	8000	8.296118	0.0	1179779	353	4.0
1608446415.61	8000	8.94717	0.0	1078151	333	8.0
1608446416.04	8000	9.524187	0.0	1086181	406	8.0
1608446416.44	8000	10.124169	0.0	1029204	383	8.0
1608446417.04	12000	10.522828	0.0	1314540	579	8.0
1608446417.69	12000	10.879991	0.0	1407326	626	12.0
1608446418.21	12000	11.360293	0.0	1196263	505	12.0
1608446418.93	16000	11.634238	0.0	1894067	702	12.0
1608446419.35	16000	12.214366	0.0	1186604	399	16.0
1608446419.7	16000	12.871397	0.0	1068386	327	16.0
1608446420.2	16000	13.36658	0.0	1700843	485	16.0
1608446420.93	16000	13.640646	0.0	2536859	703	16.0
1608446422.2	16000	13.374147	0.0	4742872	1231	16.0
1608446423.54	16000	13.037384	0.0	4955535	1299	16.0
1608446423.87	16000	13.701873	0.0	1260540	318	16.0
1608446424.79	16000	13.784849	0.0	3605246	887	16.0
1608446425.42	16000	14.153405	0.0	2770338	605	16.0
1608446425.92	16000	14.65722	0.0	1855168	476	16.0
1608446426.42	16000	15.163322	0.0	1666915	475	16.0
1608446426.93	20000	15.651596	0.0	1555467	494	16.0
1608446427.29	20000	16.291492	0.0	1008919	346	20.0
1608446427.73	20000	16.847606	0.0	1227619	428	20.0
1608446428.14	20000	17.445067	0.0	1015853	388	20.0
1608446428.29	20000	18.291174	0.0	384076	143	20.0
1608446428.41	20000	19.171791	0.0	295687	107	20.0
1608446429.05	20000	19.531647	0.0	1328674	623	20.0
1608446429.83	20000	19.754146	0.0	1492829	760	20.0
1608446430.55	20000	20.035516	0.0	1484812	700	20.0
1608446431.23	20000	20.361534	0.0	1868314	656	20.0
1608446431.67	20000	20.916819	0.0	1253406	427	20.0
1608446432.02	20000	21.57265	0.0	887933	330	20.0
1608446432.47	20000	22.120705	0.0	1153403	430	20.0
1608446433.11	20000	22.486164	0.0	1249023	619	20.0
1608446433.92	20000	22.66851	0.0	1423973	801	20.0
1608446434.54	20000	23.051558	0.0	1060162	601	20.0
1608446435.3	20000	23.298721	0.0	1080597	735	20.0
1608446436.23	20000	23.368068	0.0	1156442	914	20.0
1608446437.81	20000	22.792182	0.0	2222640	1554	20.0
1608446439.47	20000	22.124969	0.0	2587311	1644	20.0
1608446440.26	20000	22.341855	0.0	2178351	761	20.0
1608446441.08	20000	22.519425	0.0	3121089	795	20.0
1608446441.72	20000	22.878023	0.0	2857420	616	20.0
1608446442.18	20000	23.425675	0.0	1702477	433	20.0
1608446442.59	20000	24.016796	0.0	1531670	389	20.0
1608446443.23	20000	24.374853	0.0	1863424	623	20.0
1608446444.06	20000	24.549043	0.0	1987392	805	20.0
1608446445.84	20000	23.77183	0.0	2505586	1755	20.0
1608446457.4	20000	13.210848	0.0	9620218	11484	20.0
1608446459.0	16000	12.603724	0.0	2561608	1581	12.0
1608446460.36	16000	12.251645	0.0	3633991	1325	16.0
1608446461.77	16000	11.839213	0.0	3324070	1385	16.0
1608446462.56	16000	12.050986	0.0	1560020	769	16.0
1608446463.26	16000	12.353173	0.0	1429188	679	16.0
1608446464.07	16000	12.540958	0.0	1754144	788	16.0
1608446464.76	16000	12.850755	0.0	1626020	672	16.0
1608446465.59	16000	13.025635	0.0	1739228	806	16.0
1608446466.35	16000	13.271341	0.0	1722735	736	16.0
1608446467.0	16000	13.621543	0.0	1538145	632	16.0
1608446467.64	16000	13.979628	0.0	1473412	624	16.0
1608446468.45	16000	14.168781	0.0	1498968	794	16.0
1608446469.68	16000	13.941377	0.0	2247334	1207	16.0
1608446471.43	16000	13.193257	0.0	3156442	1718	16.0
1608446472.4	16000	13.219737	0.0	1895098	951	16.0
1608446473.19	16000	13.437069	0.0	1939135	762	16.0
1608446473.77	16000	13.850197	0.0	1842874	566	16.0
1608446474.37	16000	14.251752	0.0	2235830	577	16.0
1608446474.95	16000	14.678822	0.0	2202171	552	16.0
1608446475.57	16000	15.05615	0.0	2242042	600	16.0
1608446475.88	20000	15.752831	0.0	1081763	287	16.0
1608446476.51	20000	16.116757	0.0	2409013	613	20.0
1608446476.94	20000	16.689961	0.0	1615028	407	20.0
1608446477.33	20000	17.305581	0.0	1413467	364	20.0
1608446477.77	20000	17.862068	0.0	1632450	422	20.0
1608446479.61	20000	17.025879	0.0	5664827	1794	20.0
1608446481.64	20000	15.997342	0.0	4578115	1993	20.0
1608446482.57	20000	16.063279	0.0	1783835	913	20.0
1608446483.12	20000	16.51134	0.0	1093613	536	20.0
1608446483.63	20000	17.011121	0.0	975642	485	20.0
1608446484.54	20000	17.097239	0.0	1658005	892	20.0
1608446486.55	20000	16.085786	0.0	3055257	1985	20.0
1608446489.98	20000	13.658295	0.0	5355572	3379	20.0
1608446492.45	16000	12.196448	0.0	3278424	2431	12.0
1608446494.69	16000	10.949179	0.0	2318501	2224	16.0
1608446496.91	12000	9.732762	0.0	2005276	2191	8.0
1608446498.16	12000	9.487882	0.0	1359018	1226	12.0
1608446498.93	8000	9.714848	0.0	831839	756	4.0
1608446500.86	12000	8.784848	0.0	2294159	1907	8.0
1608446502.01	8000	8.634825	0.0	1969173	1128	4.0
1608446502.78	8000	8.873362	0.0	1618621	743	8.0
1608446503.57	8000	9.076098	0.0	1825708	778	8.0
1608446504.3	8000	9.353236	0.0	1780068	704	8.0
1608446505.0	8000	9.654599	0.0	1844656	679	8.0
1608446505.69	8000	9.964556	0.0	2010421	669	8.0
1608446506.23	12000	10.427097	0.0	1552444	518	8.0
1608446506.68	12000	10.978547	0.0	1207957	433	12.0
1608446507.45	12000	11.201396	0.0	2277016	755	12.0
1608446508.34	16000	11.319648	0.0	2991202	855	12.0
1608446509.08	16000	11.572755	0.0	3002106	723	16.0
1608446509.61	16000	12.043639	0.0	2015412	510	16.0
1608446510.35	16000	12.307802	0.0	2894863	713	16.0
1608446510.88	16000	12.783645	0.0	2185316	504	16.0
1608446511.62	16000	13.04004	0.0	3370605	715	16.0
1608446512.38	16000	13.28399	0.0	3492243	725	16.0
1608446512.68	16000	13.986721	0.0	1307592	280	16.0
1608446513.11	16000	14.553321	0.0	1881404	405	16.0
1608446513.49	16000	15.170721	0.0	1806471	359	16.0
1608446513.91	20000	15.758016	0.0	1945842	393	16.0
1608446514.42	20000	16.249048	0.0	2538877	485	20.0
1608446514.86	20000	16.80502	0.0	2298557	423	20.0
1608446515.41	20000	17.255946	0.0	2831497	523	20.0
1608446516.04	20000	17.63194	0.0	3200905	599	20.0
1608446516.48	20000	18.189941	0.0	2180586	422	20.0
1608446516.79	20000	18.878002	0.0	1500505	296	20.0
1608446517.19	20000	19.478285	0.0	1939246	381	20.0
1608446517.54	20000	20.134616	0.0	1599193	326	20.0
1608446518.05	20000	20.628239	0.0	2364826	484	20.0
1608446518.55	20000	21.125666	0.0	2517454	481	20.0
1608446518.93	20000	21.751071	0.0	1883143	354	20.0
1608446519.27	20000	22.406471	0.0	1726706	316	20.0
1608446519.41	20000	23.268522	0.0	707364	124	20.0
1608446519.57	20000	24.113517	0.0	796460	141	20.0
1608446519.68	20000	24.996616	0.0	596962	104	20.0
1608446519.87	20000	25.814844	0.0	947625	168	20.0
1608446520.03	20000	26.654735	0.0	832859	146	20.0
1608446520.07	20000	27.618904	0.0	151562	25	20.0
1608446520.09	20000	28.595775	0.0	90390	13	20.0
1608446520.11	20000	29.579619	0.0	50278	5	20.0
1608446520.12	20000	30.568427	0.0	26471	1	20.0
1608446520.13	20000	31.555672	0.0	40620	4	20.0
1608446520.49	4000	1.000999	0.077	335737	65	-2.464
1608446520.73	2000	2.001999	0.0	1072422	215	0.0
1608446520.97	2000	2.801418	0.0	1121405	225	2.0
1608446521.13	2000	3.641909	0.0	728514	144	2.0
1608446521.25	2000	4.526163	0.0	508013	102	2.0
1608446521.35	2000	5.429591	0.0	395538	84	2.0
1608446521.42	2000	6.355576	0.0	297276	63	2.0
1608446521.49	4000	7.292289	0.0	222226	45	2.0
1608446521.92	8000	7.860746	0.0	1838971	406	4.0
1608446522.24	8000	8.541448	0.0	1382199	303	8.0
1608446522.75	8000	9.029562	0.0	2052265	493	8.0
1608446523.5	8000	9.285826	0.0	3005823	721	8.0
1608446524.21	8000	9.572004	0.0	2879726	692	8.0
1608446524.51	8000	10.275391	0.0	1267052	282	8.0
1608446524.91	12000	10.874451	0.0	1712120	383	8.0
1608446525.3	12000	11.487709	0.0	1662097	372	12.0
1608446525.4	16000	12.387149	0.0	382046	85	12.0
1608446525.67	16000	13.116796	0.0	1113969	258	16.0
1608446525.87	16000	13.916555	0.0	820127	188	16.0
1608446527.45	16000	13.344359	0.0	6357933	1520	16.0
1608446528.64	16000	13.380363	0.0	4814284	1154	16.0
1608446529.48	16000	13.542952	0.0	3419258	806	16.0
1608446530.43	16000	13.592302	0.0	3944328	919	16.0
1608446531.45	16000	13.567432	0.0	4284196	990	16.0
1608446532.19	16000	13.832	0.0	3022025	707	16.0
1608446532.79	16000	14.233137	0.0	2248581	575	16.0
1608446535.36	16000	12.667486	0.0	9946363	2484	16.0
1608446538.07	16000	10.95727	0.0	11684632	2629	16.0
1608446538.45	12000	11.573238	0.0	1491397	362	8.0
1608446538.94	16000	12.083731	0.0	1942795	466	12.0
1608446539.37	16000	12.662552	0.0	1704756	402	16.0
1608446539.78	16000	13.254399	0.0	1697111	390	16.0
1608446540.15	16000	13.883876	0.0	1529441	351	16.0
