1608488834.5	4000	1.000999	0.015	60629	4	-0.2999999999999998
1608488835.82	20000	1.493851	0.775	11007815	1158	-11.5
1608488837.26	20000	1.304814	0.0	8849724	1377	20.0
1608488837.66	20000	1.94339	0.0	3191121	360	20.0
1608488837.85	20000	2.791537	0.0	1661718	166	20.0
1608488838.0	20000	3.640817	0.0	1315024	131	20.0
1608488838.08	20000	4.555314	0.0	698359	68	20.0
1608488838.17	20000	5.466514	0.0	730082	72	20.0
1608488838.78	20000	5.863564	0.0	4047415	570	20.0
1608488839.29	20000	6.35279	0.0	2863079	486	20.0
1608488840.03	20000	6.615586	0.0	4167844	706	20.0
1608488840.69	20000	6.95722	0.0	5571764	618	20.0
1608488841.12	20000	7.525046	0.0	4925652	395	20.0
1608488841.31	20000	8.341061	0.0	2030157	161	20.0
1608488841.57	20000	9.07287	0.0	2240782	246	20.0
1608488841.87	20000	9.77623	0.0	2211169	273	20.0
1608488841.93	20000	10.717464	0.0	382046	45	20.0
1608488842.09	20000	11.563246	0.0	1113969	137	20.0
1608488842.2	20000	12.447003	0.0	820127	100	20.0
1608488842.92	20000	12.735523	0.0	6357933	670	20.0
1608488843.44	20000	13.211876	0.0	4814284	488	20.0
1608488843.88	20000	13.776286	0.0	3419258	406	20.0
1608488844.38	20000	14.276902	0.0	3944328	469	20.0
1608488844.94	20000	14.711962	0.0	4284196	531	20.0
1608488845.35	20000	15.30966	0.0	3022025	375	20.0
1608488845.66	20000	15.998254	0.0	2248581	289	20.0
1608488846.71	20000	15.945458	0.0	9946363	991	20.0
1608488847.48	20000	16.176859	0.0	11684632	696	20.0
1608488847.6	20000	17.056662	0.0	1849732	98	20.0
1608488847.73	20000	17.93252	0.0	1942795	103	20.0
1608488847.84	20000	18.821556	0.0	1704756	90	20.0
1608488847.95	20000	19.711823	0.0	1697111	90	20.0
1608488848.05	20000	20.612803	0.0	1529441	81	20.0
1608488848.16	20000	21.511298	0.0	1568649	83	20.0
1608488848.26	20000	22.403018	0.0	1677618	88	20.0
1608488848.36	20000	23.309577	0.0	1415096	74	20.0
1608488848.5	20000	24.168003	0.0	1894067	121	20.0
1608488848.61	20000	25.062598	0.0	1186604	88	20.0
1608488848.71	20000	25.960762	0.0	1068386	78	20.0
1608488848.86	20000	26.813347	0.0	1700843	127	20.0
1608488849.07	20000	27.599288	0.0	2536859	190	20.0
1608488849.47	20000	28.201846	0.0	4742872	363	20.0
1608488850.01	20000	28.666495	0.0	4955535	498	20.0
1608488850.15	20000	29.522805	0.0	1260540	126	20.0
1608488850.58	20000	30.096196	0.0	3605246	397	20.0
1608488850.99	20000	30.692032	0.0	2770338	377	20.0
1608488851.26	20000	31.418288	0.0	1855168	252	20.0
1608488851.53	20000	32.154546	0.0	1666915	244	20.0
1608488851.82	20000	32.861188	0.0	1555467	274	20.0
1608488852.02	20000	33.667393	0.0	1008919	176	20.0
1608488852.25	20000	34.434351	0.0	1227619	215	20.0
1608488852.45	20000	35.239611	0.0	1015853	177	20.0
1608488852.51	20000	36.179748	0.0	384076	46	20.0
1608488852.55	20000	37.131249	0.0	295687	35	20.0
1608488852.74	20000	37.946925	0.0	1328674	166	20.0
1608488852.96	20000	38.733498	0.0	1492829	186	20.0
1608488853.16	20000	39.528096	0.0	1484812	185	20.0
1608488853.42	20000	40.272119	0.0	1868314	235	20.0
1608488853.59	20000	41.101187	0.0	1253406	153	20.0
1608488853.72	20000	41.977108	0.0	887933	108	20.0
1608488853.88	20000	42.816233	0.0	1153403	142	20.0
1608488854.06	20000	43.6395	0.0	1249023	153	20.0
1608488854.25	20000	44.444666	0.0	1423973	176	20.0
1608488854.4	20000	45.297316	0.0	1060162	130	20.0
1608488854.55	20000	46.144333	0.0	1080597	136	20.0
1608488854.72	20000	46.978155	0.0	1156442	149	20.0
1608488855.03	20000	47.667526	0.0	2222640	288	20.0
1608488855.39	20000	48.3076	0.0	2587311	336	20.0
1608488855.71	20000	48.987356	0.0	2178351	298	20.0
1608488856.18	20000	49.518994	0.0	3121089	440	20.0
1608488856.63	20000	50.073243	0.0	2857420	419	20.0
1608488856.92	20000	50.78112	0.0	1702477	271	20.0
1608488857.19	20000	51.518591	0.0	1531670	242	20.0
1608488857.5	20000	52.206615	0.0	1863424	282	20.0
1608488857.72	20000	52.98705	0.0	1987392	197	20.0
1608488857.99	20000	53.715207	0.0	2505586	248	20.0
1608488859.02	20000	53.695149	0.0	9620218	961	20.0
1608488859.3	20000	54.411794	0.0	2561608	256	20.0
1608488860.0	20000	54.714543	0.0	3633991	666	20.0
1608488860.87	20000	54.846553	0.0	3324070	837	20.0
1608488861.27	20000	55.446447	0.0	1560020	379	20.0
1608488861.68	20000	56.037464	0.0	1429188	388	20.0
1608488862.29	20000	56.427989	0.0	1754144	580	20.0
1608488863.0	20000	56.716831	0.0	1626020	689	20.0
1608488864.65	20000	56.070849	0.0	1739228	1625	20.0
1608488864.99	20000	56.725726	0.0	1722735	323	20.0
1608488865.3	20000	57.41523	0.0	1538145	289	20.0
1608488865.56	20000	58.164681	0.0	1473412	232	20.0
1608488865.68	20000	59.040347	0.0	1498968	106	20.0
1608488865.87	20000	59.857173	0.0	2247334	160	20.0
1608488867.12	20000	59.60159	0.0	3156442	225	20.0
1608488868.3	20000	59.60261	0.0	1895098	150	20.0
1608488868.95	20000	59.853578	0.0	1939135	129	20.0
1608488870.09	20000	59.854569	0.0	1842874	119	20.0
1608488871.28	20000	59.605534	0.0	2235830	166	20.0
1608488872.02	20000	59.856541	0.0	2202171	215	20.0
1608488873.19	20000	59.607487	0.0	2242042	138	20.0
1608488874.26	20000	59.608548	0.0	1081763	54	20.0
1608488874.91	20000	59.859563	0.0	2409013	117	20.0
1608488876.01	20000	59.860548	0.0	1615028	82	20.0
1608488877.1	20000	59.861587	0.0	1413467	60	20.0
1608488878.2	20000	59.612582	0.0	1632450	78	20.0
1608488879.04	20000	59.863536	0.0	5664827	300	20.0
1608488880.27	20000	59.614574	0.0	4578115	191	20.0
1608488880.9	20000	59.865562	0.0	1783835	105	20.0
1608488881.99	20000	59.866554	0.0	1093613	69	20.0
1608488883.13	20000	59.617566	0.0	975642	116	20.0
1608488884.34	20000	59.618595	0.0	1658005	191	20.0
1608488885.12	20000	59.61964	0.0	3055257	249	20.0
1608488886.21	20000	59.620654	0.0	5355572	545	20.0
1608488886.75	20000	59.996656	0.0	3278424	508	20.0
1608488887.97	20000	59.872557	0.0	2318501	199	20.0
1608488889.29	20000	59.623636	0.0	2473561	293	20.0
1608488889.99	20000	59.874643	0.0	1730311	174	20.0
1608488891.17	20000	59.625557	0.0	1455812	155	20.0
1608488891.98	20000	59.876605	0.0	2869222	284	20.0
1608488893.34	20000	59.627601	0.0	3226650	331	20.0
1608488894.15	20000	59.628613	0.0	2705936	280	20.0
1608488895.04	20000	59.879592	0.0	2998622	362	20.0
1608488895.9	20000	59.880552	0.0	2928342	334	20.0
1608488897.29	20000	59.631593	0.0	3059979	358	20.0
1608488898.21	20000	59.632569	0.0	3367422	389	20.0
1608488898.96	20000	59.88356	0.0	1950694	228	20.0
1608488900.17	20000	59.634562	0.0	1541020	179	20.0
1608488901.14	20000	59.63558	0.0	2926720	442	20.0
1608488901.99	20000	59.886552	0.0	2991202	323	20.0
1608488902.9	20000	59.88757	0.0	3002106	378	20.0
1608488904.18	20000	59.638557	0.0	2015412	253	20.0
1608488905.07	20000	59.889557	0.0	2894863	359	20.0
1608488906.37	20000	59.640584	0.0	2185316	275	20.0
1608488906.84	20000	59.92517	0.0	3370605	442	20.0
1608488908.3	20000	59.64265	0.0	3492243	433	20.0
1608488908.99	20000	59.893624	0.0	1307592	156	20.0
1608488910.25	20000	59.644587	0.0	1881404	239	20.0
1608488911.26	20000	59.645589	0.0	1806471	482	20.0
1608488912.05	20000	59.896551	0.0	1945842	269	20.0
1608488913.24	20000	59.64756	0.0	2538877	658	20.0
1608488913.82	20000	59.945465	0.0	2298557	561	20.0
1608488914.88	20000	59.899633	0.0	2831497	523	20.0
1608488915.99	20000	59.900548	0.0	3200905	579	20.0
1608488917.01	20000	59.90156	0.0	2180586	503	20.0
1608488917.96	20000	59.902574	0.0	1500505	428	20.0
1608488919.16	20000	59.653661	0.0	1939246	669	20.0
1608488920.12	20000	59.654567	0.0	1599193	441	20.0
1608488921.37	20000	59.655567	0.0	2364826	218	20.0
1608488922.2	20000	59.656652	0.0	2517454	298	20.0
1608488922.92	20000	59.907558	0.0	1883143	202	20.0
1608488924.19	20000	59.658552	0.0	1726706	242	20.0
1608488925.28	20000	59.659554	0.0	707364	78	20.0
1608488925.87	20000	59.910563	0.0	796460	72	20.0
1608488926.94	20000	59.911653	0.0	596962	50	20.0
1608488928.04	20000	59.912629	0.0	947625	76	20.0
1608488929.12	20000	59.663576	0.0	832859	68	20.0
1608488930.15	20000	59.664552	0.0	151562	12	20.0
1608488931.17	20000	59.665567	0.0	90390	5	20.0
1608488932.19	20000	59.666557	0.0	50278	2	20.0
1608488933.21	20000	59.66756	0.0	26471	4	20.0
1608488934.22	20000	59.668643	0.0	40620	1	20.0
1608488934.56	4000	1.000999	0.037	334032	26	-0.7400000000000002
1608488935.6	20000	1.245994	0.0	11007815	909	4.0
1608488936.44	20000	1.435391	0.0	8849724	777	20.0
1608488936.76	20000	2.117368	0.0	3191121	288	20.0
1608488936.93	20000	2.953083	0.0	1661718	150	20.0
1608488937.09	20000	3.812838	0.0	1315024	132	20.0
1608488937.17	20000	4.725308	0.0	698359	70	20.0
1608488937.27	20000	5.632873	0.0	730082	74	20.0
1608488937.72	20000	6.177923	0.0	4047415	421	20.0
1608488938.04	20000	6.868225	0.0	2863079	281	20.0
1608488938.39	20000	7.512695	0.0	4167844	322	20.0
1608488938.86	20000	8.041212	0.0	5571764	430	20.0
1608488939.29	20000	8.613469	0.0	4925652	389	20.0
1608488939.48	20000	9.423186	0.0	2030157	160	20.0
1608488939.68	20000	10.223386	0.0	2240782	177	20.0
1608488939.88	20000	11.025383	0.0	2211169	175	20.0
1608488939.93	20000	11.982118	0.0	382046	29	20.0
1608488940.04	20000	12.872751	0.0	1113969	91	20.0
1608488940.13	20000	13.7848	0.0	820127	71	20.0
1608488940.74	20000	14.175406	0.0	6357933	564	20.0
1608488941.19	20000	14.727093	0.0	4814284	412	20.0
1608488941.5	20000	15.418068	0.0	3419258	279	20.0
1608488941.85	20000	16.062958	0.0	3944328	323	20.0
1608488942.3	20000	16.614063	0.0	4284196	414	20.0
1608488942.65	20000	17.268469	0.0	3022025	318	20.0
1608488942.91	20000	18.007868	0.0	2248581	237	20.0
1608488944.07	20000	17.851989	0.0	9946363	1089	20.0
1608488945.56	20000	17.360061	0.0	11684632	1421	20.0
1608488945.82	20000	18.104795	0.0	1849732	232	20.0
1608488946.08	20000	18.843197	0.0	1942795	239	20.0
1608488946.3	20000	19.62537	0.0	1704756	196	20.0
1608488946.52	20000	20.408661	0.0	1697111	196	20.0
1608488946.71	20000	21.213882	0.0	1529441	176	20.0
1608488946.91	20000	22.013444	0.0	1568649	180	20.0
1608488947.12	20000	22.804234	0.0	1677618	187	20.0
