1610067065.3	4000	1.000999	0.026	60629	15	-0.52
1610067081.26	4000	1.275281	15.196	6594552	15885	-299.92
1610067081.8	8000	1.957879	0.0	7078153	481	4.0
1610067081.89	4000	2.867429	0.0	1043358	70	0.0
1610067081.97	8000	3.78642	0.0	946554	63	4.0
1610067082.02	4000	4.740557	0.0	472646	31	0.0
1610067082.06	8000	5.701135	0.0	398693	26	4.0
1610067082.1	8000	6.666899	0.0	358785	24	8.0
1610067082.23	8000	7.548478	0.0	1838971	116	8.0
1610067082.34	8000	8.528745	0.0	1382199	85	8.0
1610067082.49	8000	9.379231	0.0	2052265	129	8.0
1610067082.78	12000	10.087741	0.0	4074608	257	8.0
1610067083.06	12000	10.839267	0.0	3844696	243	12.0
1610067083.19	12000	11.70976	0.0	1630440	112	12.0
1610067083.33	12000	12.568023	0.0	1712120	123	12.0
1610067083.47	12000	13.429801	0.0	1662097	120	12.0
1610067083.5	12000	14.402418	0.0	243072	17	12.0
1610067083.6	16000	15.302764	0.0	1113969	80	12.0
1610067083.67	16000	16.230424	0.0	820127	58	16.0
1610067084.18	16000	16.724794	0.0	6357933	464	16.0
1610067084.6	16000	17.308693	0.0	4814284	379	16.0
1610067084.9	16000	18.010726	0.0	3419258	268	16.0
1610067085.24	16000	18.663165	0.0	3944328	318	16.0
1610067085.65	16000	19.263709	0.0	4284196	369	16.0
1610067085.93	20000	19.977669	0.0	3022025	258	16.0
1610067086.15	20000	20.762639	0.0	2248581	193	20.0
1610067087.27	20000	20.639464	0.0	9946363	1042	20.0
1610067089.12	20000	19.793129	0.0	11684632	1778	20.0
1610067089.44	16000	20.47296	0.0	1849732	300	12.0
1610067089.71	12000	21.19954	0.0	1560434	253	8.0
1610067089.96	12000	21.956254	0.0	1396705	226	12.0
1610067090.2	12000	22.716598	0.0	1392963	223	12.0
1610067090.42	12000	23.492826	0.0	1276651	207	12.0
1610067090.65	12000	24.263942	0.0	1314540	213	12.0
1610067090.9	12000	25.019264	0.0	1407326	227	12.0
1610067091.11	12000	25.808752	0.0	1196263	193	12.0
1610067091.39	12000	26.536521	0.0	1627563	254	12.0
1610067091.56	12000	27.366131	0.0	987649	153	12.0
1610067091.74	16000	28.181959	0.0	1068386	165	12.0
1610067092.03	16000	28.897204	0.0	1700843	266	16.0
1610067092.51	16000	29.416261	0.0	2536859	458	16.0
1610067093.58	16000	29.348029	0.0	4742872	1030	16.0
1610067094.86	16000	29.068792	0.0	4955535	1241	16.0
1610067095.13	12000	29.801901	0.0	1080711	248	8.0
1610067095.57	8000	30.363926	0.0	2345010	394	4.0
1610067095.88	8000	31.055805	0.0	1735323	287	8.0
1610067096.08	8000	31.849836	0.0	1153767	190	8.0
1610067096.25	8000	32.678978	0.0	1020736	155	8.0
1610067096.41	8000	33.527329	0.0	965874	137	8.0
1610067096.53	8000	34.406229	0.0	762421	107	8.0
1610067096.67	8000	35.267569	0.0	883591	125	8.0
1610067096.81	12000	36.125541	0.0	883588	125	8.0
1610067096.87	12000	37.066697	0.0	347560	47	12.0
1610067096.92	12000	38.018446	0.0	267077	36	12.0
1610067097.1	12000	38.843627	0.0	1128983	160	12.0
1610067097.31	12000	39.626722	0.0	1257735	200	12.0
1610067097.57	12000	40.374373	0.0	1265527	227	12.0
1610067097.93	16000	41.016551	0.0	1868314	336	12.0
1610067098.17	16000	41.775775	0.0	1253406	225	16.0
1610067098.39	16000	42.557284	0.0	887933	203	16.0
1610067098.68	16000	43.262693	0.0	1153403	279	16.0
1610067099.0	16000	43.943414	0.0	1249023	301	16.0
1610067099.4	16000	44.546829	0.0	1423973	381	16.0
1610067099.74	16000	45.208312	0.0	1060162	323	16.0
1610067100.09	16000	45.863717	0.0	1080597	329	16.0
1610067100.32	12000	46.626864	0.0	856497	219	8.0
1610067100.73	12000	47.217636	0.0	1700457	391	12.0
1610067101.21	12000	47.740071	0.0	1970588	454	12.0
1610067101.49	12000	48.462013	0.0	1652704	258	12.0
1610067101.89	12000	49.06112	0.0	2412882	378	12.0
1610067102.26	12000	49.696196	0.0	2213643	342	12.0
1610067102.46	12000	50.499918	0.0	1294662	178	12.0
1610067102.63	12000	51.324105	0.0	1157734	159	12.0
1610067102.85	12000	52.106755	0.0	1439296	199	12.0
1610067103.15	16000	52.806704	0.0	1987392	275	12.0
1610067103.51	16000	53.455185	0.0	2505586	329	16.0
1610067104.67	16000	53.296337	0.0	9620218	1099	16.0
1610067104.93	16000	54.034667	0.0	2561608	236	16.0
1610067105.3	16000	54.664485	0.0	3633991	338	16.0
1610067105.66	16000	55.30258	0.0	3324070	333	16.0
1610067105.84	16000	56.127917	0.0	1560020	156	16.0
1610067106.0	20000	56.966731	0.0	1429188	143	16.0
1610067106.2	20000	57.770967	0.0	1754144	175	20.0
1610067106.37	20000	58.600769	0.0	1626020	152	20.0
1610067106.56	20000	59.414001	0.0	1739228	168	20.0
1610067107.24	20000	59.862895	0.0	1722735	160	20.0
1610067108.4	20000	59.613866	0.0	1538145	142	20.0
1610067109.56	20000	59.614943	0.0	1473412	140	20.0
1610067110.22	20000	59.865892	0.0	1498968	138	20.0
1610067111.45	20000	59.616926	0.0	2247334	205	20.0
1610067112.33	20000	59.86786	0.0	3156442	346	20.0
1610067113.52	20000	59.618922	0.0	1895098	166	20.0
1610067114.19	20000	59.869877	0.0	1939135	153	20.0
1610067115.36	20000	59.620928	0.0	1842874	140	20.0
1610067116.52	20000	59.621925	0.0	2235830	129	20.0
1610067117.19	20000	59.872963	0.0	2202171	147	20.0
1610067118.37	20000	59.623866	0.0	2242042	151	20.0
1610067119.47	20000	59.624904	0.0	1081763	85	20.0
1610067120.12	20000	59.875968	0.0	2409013	127	20.0
1610067121.23	20000	59.876971	0.0	1615028	85	20.0
1610067122.32	20000	59.877983	0.0	1413467	72	20.0
1610067123.41	20000	59.628921	0.0	1632450	71	20.0
1610067124.22	20000	59.879975	0.0	5664827	262	20.0
1610067125.46	20000	59.63092	0.0	4578115	206	20.0
1610067126.56	20000	59.631903	0.0	1783835	71	20.0
1610067127.12	20000	59.882921	0.0	1093613	43	20.0
1610067128.18	20000	59.883921	0.0	975642	38	20.0
1610067129.27	20000	59.884911	0.0	1658005	63	20.0
1610067130.41	20000	59.635869	0.0	3055257	119	20.0
1610067131.19	20000	59.886869	0.0	5355572	235	20.0
1610067132.37	20000	59.637872	0.0	3278424	144	20.0
1610067133.49	20000	59.638908	0.0	2318501	98	20.0
1610067134.12	20000	59.88997	0.0	2473561	101	20.0
1610067135.21	20000	59.890921	0.0	1730311	70	20.0
1610067136.29	20000	59.891941	0.0	1455812	61	20.0
1610067137.46	20000	59.642964	0.0	2869222	144	20.0
1610067138.17	20000	59.893992	0.0	3226650	182	20.0
1610067139.34	20000	59.894985	0.0	2705936	146	20.0
1610067140.53	20000	59.645984	0.0	2998622	156	20.0
1610067141.18	20000	59.896969	0.0	2928342	124	20.0
1610067142.34	20000	59.897971	0.0	3059979	130	20.0
1610067143.54	20000	59.648984	0.0	3367422	168	20.0
1610067144.19	20000	59.900025	0.0	1950694	127	20.0
1610067145.31	20000	59.900871	0.0	1541020	101	20.0
1610067146.52	20000	59.651899	0.0	2926720	179	20.0
1610067147.25	20000	59.902867	0.0	2991202	201	20.0
1610067148.49	20000	59.653869	0.0	3002106	208	20.0
1610067149.12	20000	59.90491	0.0	2015412	106	20.0
1610067150.3	20000	59.905905	0.0	2894863	154	20.0
1610067151.44	20000	59.656952	0.0	2185316	118	20.0
1610067152.15	20000	59.907872	0.0	3370605	178	20.0
1610067153.37	20000	59.658904	0.0	3492243	185	20.0
1610067154.45	20000	59.659963	0.0	1307592	67	20.0
1610067155.57	20000	59.660855	0.0	1881404	96	20.0
1610067156.19	20000	59.911858	0.0	1806471	94	20.0
1610067157.31	20000	59.91291	0.0	1945842	101	20.0
1610067158.48	20000	59.663887	0.0	2538877	141	20.0
1610067159.14	20000	59.914885	0.0	2298557	135	20.0
1610067160.37	20000	59.665906	0.0	2831497	198	20.0
1610067161.53	20000	59.666966	0.0	3200905	142	20.0
1610067162.18	20000	59.917846	0.0	2180586	119	20.0
1610067163.28	20000	59.918864	0.0	1500505	83	20.0
1610067164.43	20000	59.669865	0.0	1939246	123	20.0
1610067165.55	20000	59.670847	0.0	1599193	95	20.0
1610067166.25	20000	59.921891	0.0	2364826	175	20.0
1610067167.47	20000	59.67289	0.0	2517454	193	20.0
1610067168.14	20000	59.923957	0.0	1883143	151	20.0
1610067169.32	20000	59.924865	0.0	1726706	150	20.0
1610067170.45	20000	59.675851	0.0	707364	113	20.0
1610067171.25	20000	59.926899	0.0	796460	277	20.0
1610067172.39	20000	59.677932	0.0	596962	127	20.0
1610067173.17	20000	59.928881	0.0	947625	259	20.0
1610067174.35	20000	59.929874	0.0	832859	159	20.0
1610067175.39	20000	59.680946	0.0	151562	24	20.0
1610067176.42	20000	59.681895	0.0	90390	13	20.0
1610067177.44	20000	59.682884	0.0	50278	6	20.0
1610067178.45	16000	59.68391	0.0	26471	2	12.0
1610067179.48	12000	59.684924	0.0	36255	7	8.0
1610067179.84	4000	1.000999	0.067	334032	56	-1.3399999999999999
1610067180.99	4000	1.33407	0.216	6594552	1093	-0.3200000000000003
1610067181.61	4000	1.708815	0.0	4402139	591	4.0
1610067181.76	4000	2.56427	0.0	1043358	128	4.0
1610067181.88	8000	3.461432	0.0	946554	103	4.0
1610067181.98	8000	4.362889	0.0	768486	82	8.0
1610067182.04	8000	5.306448	0.0	398693	42	8.0
1610067182.09	8000	6.256892	0.0	358785	38	8.0
1610067182.31	8000	7.038423	0.0	1838971	200	8.0
1610067182.54	12000	7.827138	0.0	1861181	203	8.0
1610067182.83	12000	8.532822	0.0	2835412	269	12.0
1610067183.19	12000	9.183074	0.0	4074608	317	12.0
1610067183.52	12000	9.844585	0.0	3844696	299	12.0
1610067183.67	12000	10.699307	0.0	1630440	125	12.0
1610067183.83	12000	11.542129	0.0	1712120	138	12.0
1610067184.04	16000	12.328057	0.0	2211169	185	12.0
1610067184.09	16000	13.284242	0.0	382046	31	16.0
1610067184.2	16000	14.175883	0.0	1113969	93	16.0
1610067184.28	16000	15.091662	0.0	820127	68	16.0
1610067184.88	16000	15.496671	0.0	6357933	552	16.0
1610067185.39	16000	15.98807	0.0	4814284	472	16.0
1610067185.75	16000	16.622935	0.0	3419258	335	16.0
1610067186.13	20000	17.250925	0.0	3944328	336	16.0
1610067186.53	20000	17.851969	0.0	4284196	365	20.0
1610067186.82	20000	18.560071	0.0	3022025	265	20.0
1610067187.07	20000	19.311727	0.0	2248581	225	20.0
1610067188.19	20000	19.187638	0.0	9946363	1045	20.0
1610067190.22	20000	18.171554	0.0	11684632	1946	20.0
1610067190.61	16000	18.769169	0.0	1849732	374	12.0
1610067190.94	12000	19.44589	0.0	1560434	299	8.0
1610067191.16	8000	20.224711	0.0	1078151	201	4.0
