1608436975.48	4000	1.000999	0.034	60629	19	-0.6800000000000002
1608436977.46	4000	1.415579	1.323	6594552	1848	-22.46
1608436978.82	8000	1.399923	0.011	7078153	1235	3.7800000000000002
1608436979.75	20000	1.494278	0.0	3191121	827	8.0
1608436980.51	20000	1.732228	0.0	1661718	678	20.0
1608436981.58	20000	1.669543	0.0	1315024	980	20.0
1608436982.01	20000	2.233395	0.0	698359	355	20.0
1608436982.45	20000	2.797221	0.0	730082	354	20.0
1608436983.45	8000	2.807068	0.0	1838971	901	-4.0
1608436984.29	8000	2.954216	0.0	1382199	760	8.0
1608436984.71	4000	3.539189	0.0	1463326	326	0.0
1608436985.26	4000	3.994148	0.0	2054811	460	4.0
1608436986.34	20000	3.913553	0.0	4925652	977	4.0
1608436986.99	20000	4.259624	0.0	2030157	570	20.0
1608436987.84	20000	4.41754	0.0	2240782	757	20.0
1608436988.73	20000	4.522439	0.0	2211169	812	20.0
1608436988.94	20000	5.316999	0.0	382046	130	20.0
1608436989.4	20000	5.858219	0.0	1113969	378	20.0
1608436989.73	20000	6.528832	0.0	820127	248	20.0
1608436992.49	20000	4.771127	0.0	6357933	2652	20.0
1608436993.96	20000	4.29613	0.0	4814284	1375	20.0
1608436994.8	20000	4.462122	0.0	3419258	740	20.0
1608436995.7	20000	4.558434	0.0	3944328	810	20.0
1608436996.57	20000	4.694613	0.0	4284196	768	20.0
1608436997.13	20000	5.133932	0.0	3022025	469	20.0
1608436997.56	20000	5.705975	0.0	2248581	341	20.0
1608436999.27	20000	4.993179	0.0	9946363	1566	20.0
1608437004.03	20000	1.309859	0.081	11684632	4631	18.38
1608437004.46	20000	1.88347	0.0	1849732	340	20.0
1608437004.88	20000	2.462544	0.0	1942795	336	20.0
1608437005.26	20000	3.086536	0.0	1704756	294	20.0
1608437005.62	20000	3.722217	0.0	1697111	281	20.0
1608437005.96	20000	4.389149	0.0	1529441	251	20.0
1608437006.3	20000	5.050273	0.0	1568649	257	20.0
1608437006.67	20000	5.678412	0.0	1677618	290	20.0
1608437007.0	20000	6.344191	0.0	1415096	254	20.0
1608437007.43	20000	6.921371	0.0	1894067	340	20.0
1608437007.77	20000	7.580204	0.0	1186604	255	20.0
1608437008.08	20000	8.270691	0.0	1068386	231	20.0
1608437008.53	20000	8.821572	0.0	1700843	367	20.0
1608437009.19	20000	9.164788	0.0	2536859	569	20.0
1608437010.46	20000	8.897474	0.0	4742872	1168	20.0
1608437011.63	20000	8.731196	0.0	4955535	1066	20.0
1608437011.9	20000	9.453782	0.0	1260540	197	20.0
1608437012.56	20000	9.798369	0.0	3605246	564	20.0
1608437013.08	20000	10.281313	0.0	2770338	430	20.0
1608437013.45	20000	10.91061	0.0	1855168	287	20.0
1608437013.79	20000	11.566439	0.0	1666915	262	20.0
1608437014.12	20000	12.244043	0.0	1555467	240	20.0
1608437014.35	20000	13.010508	0.0	1008919	155	20.0
1608437014.6	20000	13.758945	0.0	1227619	169	20.0
1608437014.82	20000	14.549477	0.0	1015853	130	20.0
1608437014.94	20000	15.426049	0.0	384076	48	20.0
1608437015.05	20000	16.313109	0.0	295687	36	20.0
1608437015.31	20000	17.06227	0.0	1328674	170	20.0
1608437015.57	20000	17.802107	0.0	1492829	177	20.0
1608437015.8	20000	18.572132	0.0	1484812	147	20.0
1608437016.07	20000	19.302245	0.0	1868314	185	20.0
1608437016.28	20000	20.088045	0.0	1253406	123	20.0
1608437016.45	20000	20.921453	0.0	887933	87	20.0
1608437016.68	20000	21.69833	0.0	1153403	144	20.0
1608437016.91	20000	22.461218	0.0	1249023	156	20.0
1608437017.18	20000	23.199534	0.0	1423973	178	20.0
1608437017.39	20000	23.984968	0.0	1060162	132	20.0
1608437017.67	20000	24.707977	0.0	1080597	195	20.0
1608437018.02	20000	25.363299	0.0	1156442	261	20.0
1608437018.58	20000	25.800469	0.0	2222640	477	20.0
1608437019.0	20000	26.381642	0.0	2587311	331	20.0
1608437019.36	20000	27.01844	0.0	2178351	278	20.0
1608437019.8	20000	27.587061	0.0	3121089	341	20.0
1608437020.19	20000	28.193219	0.0	2857420	294	20.0
1608437020.45	20000	28.931598	0.0	1702477	175	20.0
1608437020.76	20000	29.62802	0.0	1531670	217	20.0
1608437021.13	20000	30.262717	0.0	1863424	278	20.0
1608437021.51	20000	30.878146	0.0	1987392	297	20.0
1608437022.26	20000	31.12883	0.0	2505586	661	20.0
1608437025.43	20000	28.958133	0.0	9620218	3046	20.0
1608437026.26	20000	29.131714	0.0	2561608	738	20.0
1608437027.69	20000	28.700225	0.0	3633991	1337	20.0
1608437029.12	20000	28.27155	0.0	3324070	1332	20.0
1608437029.82	20000	28.575761	0.0	1560020	612	20.0
1608437030.57	20000	28.821289	0.0	1429188	674	20.0
1608437031.76	20000	28.631876	0.0	1754144	1105	20.0
1608437032.65	20000	28.751392	0.0	1626020	799	20.0
1608437033.31	20000	29.091306	0.0	1739228	576	20.0
1608437034.12	20000	29.275396	0.0	1722735	730	20.0
1608437034.88	20000	29.523433	0.0	1538145	669	20.0
1608437035.49	20000	29.91266	0.0	1473412	529	20.0
1608437035.89	20000	30.514654	0.0	1498968	313	20.0
1608437036.4	20000	31.004144	0.0	2247334	423	20.0
1608437037.06	20000	31.345026	0.0	3156442	567	20.0
1608437037.48	20000	31.926654	0.0	1895098	334	20.0
1608437037.9	20000	32.503353	0.0	1939135	340	20.0
1608437038.31	20000	33.095441	0.0	1842874	325	20.0
1608437038.79	20000	33.621418	0.0	2235830	390	20.0
1608437039.25	20000	34.155326	0.0	2202171	381	20.0
1608437039.73	20000	34.679753	0.0	2242042	388	20.0
1608437040.01	20000	35.404	0.0	1081763	195	20.0
1608437040.54	20000	35.874613	0.0	2409013	440	20.0
1608437040.99	20000	36.425126	0.0	1615028	366	20.0
1608437041.41	20000	37.004138	0.0	1413467	338	20.0
1608437041.94	20000	37.478142	0.0	1632450	443	20.0
1608437043.8	20000	36.620012	0.0	5664827	1752	20.0
1608437045.15	20000	36.270267	0.0	4578115	1251	20.0
1608437045.68	20000	36.738703	0.0	1783835	447	20.0
1608437046.03	20000	37.389808	0.0	1093613	268	20.0
1608437046.35	20000	38.071234	0.0	975642	239	20.0
1608437046.85	20000	38.569853	0.0	1658005	419	20.0
1608437047.77	20000	38.650086	0.0	3055257	827	20.0
1608437049.24	20000	38.188912	0.0	5355572	1350	20.0
1608437050.07	20000	38.357305	0.0	3278424	739	20.0
1608437050.67	20000	38.751053	0.0	2318501	520	20.0
1608437051.36	20000	39.067319	0.0	2473561	596	20.0
1608437051.85	20000	39.573688	0.0	1730311	410	20.0
1608437052.28	20000	40.144573	0.0	1455812	343	20.0
1608437053.04	20000	40.384293	0.0	2869222	669	20.0
1608437053.88	20000	40.549955	0.0	3226650	742	20.0
1608437054.59	20000	40.83743	0.0	2705936	624	20.0
1608437055.52	20000	40.915416	0.0	2998622	834	20.0
1608437056.45	20000	40.980982	0.0	2928342	845	20.0
1608437057.37	20000	41.06269	0.0	3059979	826	20.0
1608437058.42	20000	41.015076	0.0	3367422	955	20.0
1608437059.03	20000	41.406294	0.0	1950694	521	20.0
1608437059.49	20000	41.950669	0.0	1541020	374	20.0
1608437060.34	20000	42.093926	0.0	2926720	767	20.0
1608437061.8	20000	41.642262	0.0	2991202	1361	20.0
1608437064.43	20000	40.009174	0.0	3002106	2544	20.0
1608437066.17	20000	39.270816	0.0	2015412	1653	20.0
1608437069.34	20000	37.099672	0.0	2894863	3080	20.0
1608437070.99	20000	36.455151	0.0	2185316	1558	20.0
1608437072.55	20000	35.903052	0.0	3370605	1457	20.0
1608437073.73	20000	35.714882	0.0	3492243	1086	20.0
1608437074.21	20000	36.240695	0.0	1307592	394	20.0
1608437074.87	20000	36.577082	0.0	1881404	578	20.0
1608437075.45	20000	36.998605	0.0	1806471	490	20.0
1608437076.05	20000	37.4011	0.0	1945842	513	20.0
1608437076.79	20000	37.664698	0.0	2538877	649	20.0
1608437077.43	20000	38.019242	0.0	2298557	559	20.0
1608437078.25	20000	38.207099	0.0	2831497	723	20.0
1608437079.39	20000	38.062924	0.0	3200905	1054	20.0
1608437080.3	20000	38.158794	0.0	2180586	817	20.0
1608437080.86	20000	38.599767	0.0	1500505	476	20.0
1608437081.37	20000	39.086704	0.0	1939246	428	20.0
1608437081.81	20000	39.649055	0.0	1599193	353	20.0
1608437082.42	20000	40.041267	0.0	2364826	521	20.0
1608437083.04	20000	40.419468	0.0	2517454	536	20.0
1608437083.48	20000	40.98437	0.0	1883143	350	20.0
1608437083.89	20000	41.567524	0.0	1726706	321	20.0
1608437084.12	20000	42.34663	0.0	707364	142	20.0
1608437084.36	20000	43.107185	0.0	796460	161	20.0
1608437084.55	20000	43.910004	0.0	596962	119	20.0
1608437084.83	20000	44.635724	0.0	947625	192	20.0
1608437085.07	20000	45.396447	0.0	832859	160	20.0
1608437085.17	20000	46.293099	0.0	151562	26	20.0
1608437085.26	20000	47.211324	0.0	90390	14	20.0
1608437085.32	20000	48.149115	0.0	50278	5	20.0
1608437085.37	20000	49.102893	0.0	26471	1	20.0
1608437085.41	20000	50.064633	0.0	40620	4	20.0
1608437085.76	4000	1.000999	0.076	334032	60	-1.52
1608437087.02	4000	1.347518	0.333	6594552	1120	-2.66
1608437088.44	8000	1.304785	0.351	7078153	1296	-3.0199999999999996
1608437089.14	20000	1.640426	0.0	3191121	601	8.0
1608437089.55	20000	2.230616	0.0	1661718	324	20.0
1608437089.89	20000	2.894386	0.0	1315024	255	20.0
1608437090.09	20000	3.690227	0.0	698359	124	20.0
1608437090.3	20000	4.480361	0.0	730082	132	20.0
1608437091.16	20000	4.618548	0.0	4047415	769	20.0
1608437091.87	20000	4.916495	0.0	2863079	610	20.0
1608437093.1	20000	4.690354	0.0	4167844	1128	20.0
1608437094.35	20000	4.438896	0.0	5571764	1147	20.0
1608437095.02	20000	4.763054	0.0	4925652	573	20.0
1608437095.28	20000	5.507794	0.0	2030157	170	20.0
1608437095.55	20000	6.235342	0.0	2240782	187	20.0
1608437095.83	20000	6.964638	0.0	2211169	183	20.0
1608437095.93	20000	7.856944	0.0	382046	31	20.0
1608437096.18	20000	8.613314	0.0	1113969	162	20.0
1608437096.38	20000	9.415618	0.0	820127	119	20.0
1608437098.43	20000	8.36857	0.0	6357933	1942	20.0
1608437099.72	20000	8.072176	0.0	4814284	1185	20.0
1608437100.3	20000	8.499269	0.0	3419258	479	20.0
1608437100.86	20000	8.933077	0.0	3944328	473	20.0
1608437101.28	20000	9.52289	0.0	4284196	313	20.0
1608437101.56	20000	10.244319	0.0	3022025	189	20.0
1608437101.79	20000	11.014467	0.0	2248581	141	20.0
1608437102.43	20000	11.374931	0.0	9946363	495	20.0
1608437103.09	20000	11.717293	0.0	11684632	521	20.0
1608437103.27	20000	12.537068	0.0	1849732	93	20.0
1608437103.45	20000	13.353313	0.0	1942795	97	20.0
1608437103.62	20000	14.185495	0.0	1704756	84	20.0
1608437103.79	20000	15.017467	0.0	1697111	84	20.0
1608437103.95	20000	15.859262	0.0	1529441	76	20.0
