1608467986.4	4000	1.000999	0.014	60629	5	-0.28000000000000025
1608467988.05	20000	1.376102	0.954	11007815	1490	-15.079999999999998
1608467990.68	20000	1.411885	1.336	8849724	2510	-6.719999999999999
1608467991.67	20000	1.44325	0.0	3191121	895	20.0
1608467992.21	20000	1.90109	0.0	1661718	458	20.0
1608467992.9	20000	2.217244	0.0	1315024	603	20.0
1608467993.29	20000	2.82006	0.0	698359	319	20.0
1608467993.77	20000	3.343254	0.0	730082	397	20.0
1608467994.76	12000	3.352625	0.0	2514829	894	4.0
1608467995.33	12000	3.782562	0.0	1861181	474	12.0
1608467995.94	12000	4.179358	0.0	2835412	512	12.0
1608467996.89	16000	4.227347	0.0	5571764	845	12.0
1608467997.64	20000	4.476343	0.0	4925652	649	16.0
1608467997.98	20000	5.137469	0.0	2030157	251	20.0
1608467998.33	20000	5.787917	0.0	2240782	259	20.0
1608467998.64	20000	6.485042	0.0	2211169	217	20.0
1608467998.75	20000	7.372411	0.0	382046	36	20.0
1608467998.94	20000	8.18478	0.0	1113969	108	20.0
1608467999.1	20000	9.028403	0.0	820127	79	20.0
1608467999.67	20000	9.458915	0.0	6357933	463	20.0
1608468000.11	20000	10.027493	0.0	4814284	331	20.0
1608468000.48	20000	10.649048	0.0	3419258	280	20.0
1608468000.93	20000	11.194954	0.0	3944328	361	20.0
1608468001.44	20000	11.693644	0.0	4284196	404	20.0
1608468001.83	20000	12.302235	0.0	3022025	302	20.0
1608468002.14	20000	12.993619	0.0	2248581	225	20.0
1608468003.21	20000	12.918645	0.0	9946363	947	20.0
1608468004.47	20000	12.66002	0.0	11684632	1125	20.0
1608468004.78	20000	13.352678	0.0	1849732	225	20.0
1608468005.1	20000	14.032406	0.0	1942795	237	20.0
1608468005.4	20000	14.739765	0.0	1704756	212	20.0
1608468005.7	20000	15.438686	0.0	1697111	219	20.0
1608468005.98	20000	16.159375	0.0	1529441	198	20.0
1608468006.26	20000	16.875785	0.0	1568649	202	20.0
1608468006.56	20000	17.585631	0.0	1677618	207	20.0
1608468006.82	20000	18.325399	0.0	1415096	174	20.0
1608468007.14	20000	19.007946	0.0	1894067	234	20.0
1608468007.34	20000	19.800554	0.0	1186604	127	20.0
1608468007.5	20000	20.640554	0.0	1068386	81	20.0
1608468007.72	20000	21.428009	0.0	1700843	130	20.0
1608468008.0	20000	22.145648	0.0	2536859	195	20.0
1608468008.48	20000	22.671397	0.0	4742872	375	20.0
1608468008.99	20000	23.164844	0.0	4955535	409	20.0
1608468009.17	20000	23.981054	0.0	1260540	103	20.0
1608468009.59	20000	24.557874	0.0	3605246	332	20.0
1608468009.95	20000	25.205797	0.0	2770338	264	20.0
1608468010.21	20000	25.943177	0.0	1855168	177	20.0
1608468010.55	20000	26.608727	0.0	1666915	250	20.0
1608468010.89	20000	27.260975	0.0	1555467	262	20.0
1608468011.15	20000	28.010771	0.0	1008919	169	20.0
1608468014.03	20000	26.128215	0.0	1227619	2801	20.0
1608468014.22	20000	26.943182	0.0	1015853	105	20.0
1608468014.33	20000	27.827105	0.0	384076	39	20.0
1608468014.44	20000	28.718631	0.0	295687	31	20.0
1608468014.67	16000	29.490083	0.0	1328674	148	12.0
1608468014.87	8000	30.289993	0.0	1028305	114	0.0
1608468015.12	20000	31.042342	0.0	1484812	166	8.0
1608468017.29	20000	29.875119	0.0	1868314	2085	20.0
1608468017.56	20000	30.601815	0.0	1253406	194	20.0
1608468017.78	20000	31.389145	0.0	887933	134	20.0
1608468018.03	20000	32.134084	0.0	1153403	176	20.0
1608468018.31	20000	32.861211	0.0	1249023	190	20.0
1608468018.61	20000	33.560285	0.0	1423973	218	20.0
1608468018.85	20000	34.320012	0.0	1060162	161	20.0
1608468019.1	20000	35.075873	0.0	1080597	164	20.0
1608468019.35	20000	35.820673	0.0	1156442	175	20.0
1608468019.86	20000	36.31779	0.0	2222640	418	20.0
1608468020.43	20000	36.741858	0.0	2587311	488	20.0
1608468020.96	20000	37.216703	0.0	2178351	441	20.0
1608468021.75	20000	37.423679	0.0	3121089	705	20.0
1608468022.53	20000	37.645634	0.0	2857420	691	20.0
1608468022.93	20000	38.249394	0.0	1702477	313	20.0
1608468023.29	20000	38.88514	0.0	1531670	281	20.0
1608468023.85	20000	39.324839	0.0	1863424	477	20.0
1608468024.47	20000	39.708197	0.0	1987392	534	20.0
1608468025.33	20000	39.849214	0.0	2505586	771	20.0
1608468028.55	20000	37.634502	0.0	9620218	3075	20.0
1608468029.15	20000	38.03864	0.0	2561608	507	20.0
1608468030.2	20000	37.981114	0.0	3633991	965	20.0
1608468031.08	20000	38.104077	0.0	3324070	786	20.0
1608468031.52	20000	38.663617	0.0	1560020	358	20.0
1608468032.01	20000	39.17415	0.0	1429188	407	20.0
1608468032.61	20000	39.575243	0.0	1754144	515	20.0
1608468033.24	20000	39.95461	0.0	1626020	538	20.0
1608468033.99	20000	40.199316	0.0	1739228	673	20.0
1608468034.72	20000	40.469809	0.0	1722735	646	20.0
1608468035.31	20000	40.878869	0.0	1538145	508	20.0
1608468036.03	20000	41.161435	0.0	1473412	634	20.0
1608468036.76	20000	41.440308	0.0	1498968	637	20.0
1608468037.62	20000	41.579963	0.0	2247334	774	20.0
1608468038.35	20000	41.845861	0.0	3156442	640	20.0
1608468038.83	20000	42.364402	0.0	1895098	396	20.0
1608468039.33	20000	42.867039	0.0	1939135	412	20.0
1608468040.03	20000	43.167889	0.0	1842874	614	20.0
1608468040.96	20000	43.244996	0.0	2235830	836	20.0
1608468041.8	20000	43.398482	0.0	2202171	761	20.0
1608468042.58	20000	43.623811	0.0	2242042	691	20.0
1608468043.05	20000	44.155432	0.0	1081763	387	20.0
1608468043.98	20000	44.224916	0.0	2409013	845	20.0
1608468044.59	20000	44.620397	0.0	1615028	523	20.0
1608468044.96	20000	45.242471	0.0	1413467	290	20.0
1608468045.39	20000	45.822342	0.0	1632450	338	20.0
1608468046.27	20000	45.942066	0.0	5664827	778	20.0
1608468047.03	20000	46.182714	0.0	4578115	662	20.0
1608468047.38	20000	46.83096	0.0	1783835	268	20.0
1608468047.62	20000	47.589095	0.0	1093613	160	20.0
1608468047.85	20000	48.36701	0.0	975642	144	20.0
1608468048.18	20000	49.037086	0.0	1658005	244	20.0
1608468048.8	20000	49.416389	0.0	3055257	531	20.0
1608468049.84	20000	49.379514	0.0	5355572	935	20.0
1608468050.27	20000	49.950608	0.0	3278424	337	20.0
1608468050.63	20000	50.597488	0.0	2318501	265	20.0
1608468051.9	20000	50.318604	0.0	2473561	1182	20.0
1608468052.43	20000	50.787903	0.0	1730311	448	20.0
1608468053.83	20000	50.394404	0.0	1455812	1310	20.0
1608468056.18	20000	49.045938	0.0	2869222	2260	20.0
1608468057.45	20000	48.775588	0.0	3226650	1177	20.0
1608468058.63	20000	48.595802	0.0	2705936	1090	20.0
1608468059.41	20000	48.813254	0.0	2998622	692	20.0
1608468060.3	20000	48.923587	0.0	2928342	801	20.0
1608468061.16	20000	49.06647	0.0	3059979	766	20.0
1608468062.16	20000	49.069066	0.0	3367422	896	20.0
1608468062.8	20000	49.433173	0.0	1950694	552	20.0
1608468063.28	20000	49.953297	0.0	1541020	398	20.0
1608468064.21	20000	50.025173	0.0	2926720	841	20.0
1608468065.28	20000	49.949468	0.0	2991202	984	20.0
1608468066.44	20000	49.793208	0.0	3002106	1066	20.0
1608468067.3	20000	49.93513	0.0	2015412	774	20.0
1608468068.74	20000	49.494216	0.0	2894863	1351	20.0
1608468071.87	20000	47.364056	0.0	2185316	3042	20.0
1608468073.49	20000	46.750269	0.0	3370605	1515	20.0
1608468075.28	20000	45.959928	0.0	3492243	1695	20.0
1608468075.85	20000	46.391147	0.0	1307592	486	20.0
1608468076.39	20000	46.846788	0.0	1881404	458	20.0
1608468076.9	20000	47.343057	0.0	1806471	422	20.0
1608468077.42	20000	47.824323	0.0	1945842	435	20.0
1608468078.02	20000	48.2232	0.0	2538877	515	20.0
1608468078.54	20000	48.705556	0.0	2298557	433	20.0
1608468079.18	20000	49.066101	0.0	2831497	552	20.0
1608468079.91	20000	49.34116	0.0	3200905	634	20.0
1608468080.43	20000	49.815172	0.0	2180586	441	20.0
1608468080.82	20000	50.428904	0.0	1500505	303	20.0
1608468081.33	20000	50.917002	0.0	1939246	421	20.0
1608468081.76	20000	51.485987	0.0	1599193	348	20.0
1608468082.49	20000	51.765663	0.0	2364826	633	20.0
1608468083.14	20000	52.113392	0.0	2517454	566	20.0
1608468083.61	20000	52.639522	0.0	1883143	390	20.0
1608468084.1	20000	53.152543	0.0	1726706	402	20.0
1608468084.35	20000	53.904107	0.0	707364	169	20.0
1608468084.62	20000	54.634075	0.0	796460	192	20.0
1608468084.84	20000	55.419212	0.0	596962	138	20.0
1608468085.15	20000	56.111501	0.0	947625	229	20.0
1608468085.43	20000	56.830714	0.0	832859	200	20.0
1608468085.54	20000	57.72099	0.0	151562	32	20.0
1608468085.62	20000	58.63739	0.0	90390	17	20.0
1608468085.68	20000	59.576282	0.0	50278	8	20.0
1608468086.73	20000	59.684223	0.0	26471	2	20.0
1608468087.79	20000	59.685211	0.0	40620	18	20.0
1608468088.27	4000	1.000999	0.157	334032	146	-3.14
1608468092.67	4000	1.405463	3.527	6594552	4263	-66.54
1608468094.13	4000	1.436365	0.463	4402139	1353	-5.26
1608468094.42	4000	2.143468	0.0	1043358	209	4.0
1608468094.85	16000	2.734871	0.0	1661718	335	4.0
1608468095.39	16000	3.19895	0.0	1315024	452	16.0
1608468095.7	16000	3.882535	0.0	698359	237	16.0
1608468096.31	20000	4.274972	0.0	730082	529	16.0
1608468098.07	12000	3.522919	0.0	2514829	1651	4.0
1608468099.0	12000	3.587736	0.0	1861181	842	12.0
1608468100.48	12000	3.104295	0.0	2835412	1390	12.0
1608468101.59	2000	2.99822	0.0	975494	1017	-8.0
1608468102.24	2000	3.352678	0.0	873443	563	2.0
1608468102.51	2000	4.078552	0.0	420093	197	2.0
1608468103.94	16000	3.650176	0.0	2240782	1340	2.0
1608468106.18	20000	2.413419	0.0	2211169	2154	16.0
1608468106.38	20000	3.214674	0.0	382046	121	20.0
1608468106.83	20000	4.00422	0.0	1113969	367	20.0
1608468107.15	20000	4.679241	0.0	820127	241	20.0
1608468108.55	12000	4.289194	0.0	5045162	1285	4.0
1608468109.42	12000	4.419231	0.0	3858422	771	12.0
1608468110.14	20000	4.696956	0.0	3419258	628	12.0
1608468110.9	20000	4.938826	0.0	3944328	657	20.0
1608468112.17	20000	4.665686	0.0	4284196	1176	20.0
1608468113.3	20000	4.544026	0.0	3022025	1031	20.0
1608468114.0	20000	4.838384	0.0	2248581	619	20.0
1608468115.61	12000	4.23192	0.0	8032438	1481	4.0
1608468117.56	16000	3.285524	0.0	11684632	1797	12.0
1608468117.9	20000	3.939979	0.0	1849732	254	16.0
1608468118.23	20000	4.612295	0.0	1942795	244	20.0
1608468118.53	20000	5.316128	0.0	1704756	214	20.0
1608468118.83	20000	6.019461	0.0	1697111	213	20.0
1608468119.11	20000	6.74048	0.0	1529441	197	20.0
1608468119.4	20000	7.448677	0.0	1568649	209	20.0
