1608428382.78	4000	1.000999	0.014	60629	3	-0.28000000000000025
1608428383.9	20000	1.415459	0.425	11007815	924	-4.5
1608428385.04	20000	1.530269	0.0	8849724	1010	20.0
1608428385.64	20000	1.951899	0.0	3191121	493	20.0
1608428385.95	20000	2.64019	0.0	1661718	217	20.0
1608428386.22	20000	3.377598	0.0	1315024	172	20.0
1608428386.4	20000	4.200749	0.0	698359	91	20.0
1608428386.58	20000	5.018806	0.0	730082	95	20.0
1608428387.18	20000	5.418673	0.0	4047415	499	20.0
1608428387.64	20000	5.959582	0.0	2863079	359	20.0
1608428388.43	20000	6.170251	0.0	4167844	681	20.0
1608428389.35	20000	6.248869	0.0	5571764	806	20.0
1608428389.98	20000	6.620881	0.0	4925652	519	20.0
1608428390.26	20000	7.338341	0.0	2030157	187	20.0
1608428390.57	20000	8.038234	0.0	2240782	207	20.0
1608428390.86	20000	8.745845	0.0	2211169	198	20.0
1608428390.98	20000	9.62663	0.0	382046	33	20.0
1608428391.17	20000	10.439775	0.0	1113969	99	20.0
1608428391.33	20000	11.280136	0.0	820127	72	20.0
1608428392.11	20000	11.499775	0.0	6357933	666	20.0
1608428392.79	20000	11.817235	0.0	4814284	564	20.0
1608428393.36	20000	12.253092	0.0	3419258	463	20.0
1608428394.06	20000	12.55573	0.0	3944328	593	20.0
1608428394.83	20000	12.786831	0.0	4284196	663	20.0
1608428395.35	20000	13.260298	0.0	3022025	426	20.0
1608428395.75	20000	13.866942	0.0	2248581	299	20.0
1608428397.09	20000	13.531696	0.0	9946363	1204	20.0
1608428399.36	20000	12.261634	0.0	11684632	2129	20.0
1608428400.09	20000	12.523882	0.0	1849732	643	20.0
1608428401.34	20000	12.283503	0.0	1942795	1148	20.0
1608428401.94	20000	12.685412	0.0	1704756	506	20.0
1608428402.32	20000	13.301106	0.0	1697111	293	20.0
1608428402.68	20000	13.943991	0.0	1529441	264	20.0
1608428402.96	20000	14.659918	0.0	1568649	193	20.0
1608428403.26	20000	15.362037	0.0	1677618	206	20.0
1608428403.54	20000	16.090205	0.0	1415096	173	20.0
1608428404.09	20000	16.535076	0.0	1894067	462	20.0
1608428404.56	20000	17.076562	0.0	1186604	368	20.0
1608428405.0	20000	17.63293	0.0	1068386	345	20.0
1608428405.66	20000	17.965671	0.0	1700843	575	20.0
1608428406.29	20000	18.341385	0.0	2536859	527	20.0
1608428407.29	20000	18.345564	0.0	4742872	889	20.0
1608428408.16	20000	18.468016	0.0	4955535	769	20.0
1608428408.43	20000	19.202024	0.0	1260540	177	20.0
1608428409.06	20000	19.57585	0.0	3605246	523	20.0
1608428409.57	20000	20.066361	0.0	2770338	411	20.0
1608428409.94	20000	20.699011	0.0	1855168	274	20.0
1608428410.28	20000	21.359339	0.0	1666915	246	20.0
1608428410.6	20000	22.03829	0.0	1555467	228	20.0
1608428410.84	20000	22.796715	0.0	1008919	152	20.0
1608428411.13	20000	23.513686	0.0	1227619	191	20.0
1608428411.37	20000	24.267052	0.0	1015853	157	20.0
1608428411.52	20000	25.122883	0.0	384076	57	20.0
1608428411.65	20000	25.99425	0.0	295687	43	20.0
1608428411.97	20000	26.676134	0.0	1328674	228	20.0
1608428412.32	20000	27.325772	0.0	1492829	259	20.0
1608428412.67	20000	27.977813	0.0	1484812	258	20.0
1608428413.11	20000	28.53639	0.0	1868314	348	20.0
1608428413.44	20000	29.211025	0.0	1253406	235	20.0
1608428413.69	20000	29.956129	0.0	887933	165	20.0
1608428414.04	20000	30.612933	0.0	1153403	252	20.0
1608428414.4	20000	31.248275	0.0	1249023	274	20.0
1608428414.8	20000	31.849748	0.0	1423973	309	20.0
1608428415.12	20000	32.535251	0.0	1060162	226	20.0
1608428415.44	20000	33.214027	0.0	1080597	231	20.0
1608428415.78	20000	33.877083	0.0	1156442	247	20.0
1608428416.34	20000	34.315843	0.0	2222640	467	20.0
1608428417.01	20000	34.649797	0.0	2587311	565	20.0
1608428417.64	20000	35.023977	0.0	2178351	531	20.0
1608428418.47	20000	35.192565	0.0	3121089	731	20.0
1608428419.45	20000	35.208691	0.0	2857420	884	20.0
1608428420.68	20000	34.978565	0.0	1702477	1135	20.0
1608428421.72	20000	34.946391	0.0	1531670	938	20.0
1608428422.49	20000	35.168547	0.0	1863424	684	20.0
1608428423.39	20000	35.271573	0.0	1987392	801	20.0
1608428424.77	20000	34.89853	0.0	2505586	1275	20.0
1608428427.72	20000	32.947641	0.0	9620218	2820	20.0
1608428428.28	20000	33.38904	0.0	2561608	462	20.0
1608428429.07	20000	33.594358	0.0	3633991	692	20.0
1608428429.93	20000	33.741478	0.0	3324070	752	20.0
1608428430.53	20000	34.142848	0.0	1560020	506	20.0
1608428431.09	20000	34.584848	0.0	1429188	466	20.0
1608428431.77	20000	34.900385	0.0	1754144	592	20.0
1608428432.38	20000	35.295556	0.0	1626020	513	20.0
1608428433.09	20000	35.582024	0.0	1739228	619	20.0
1608428434.0	20000	35.67491	0.0	1722735	813	20.0
1608428434.75	20000	35.929503	0.0	1538145	651	20.0
1608428435.22	20000	36.460837	0.0	1473412	379	20.0
1608428435.67	20000	37.005577	0.0	1498968	364	20.0
1608428436.22	20000	37.457658	0.0	2247334	452	20.0
1608428436.92	20000	37.761493	0.0	3156442	593	20.0
1608428437.32	20000	38.365796	0.0	1895098	302	20.0
1608428437.72	20000	38.964611	0.0	1939135	308	20.0
1608428438.06	20000	39.619842	0.0	1842874	255	20.0
1608428438.45	20000	40.239327	0.0	2235830	285	20.0
1608428438.82	20000	40.863127	0.0	2202171	281	20.0
1608428439.15	20000	41.531568	0.0	2242042	230	20.0
1608428439.36	20000	42.331692	0.0	1081763	111	20.0
1608428439.7	20000	42.98631	0.0	2409013	250	20.0
1608428439.96	20000	43.729788	0.0	1615028	165	20.0
1608428440.19	20000	44.499872	0.0	1413467	140	20.0
1608428440.44	20000	45.24741	0.0	1632450	162	20.0
1608428441.11	20000	45.581739	0.0	5664827	552	20.0
1608428441.63	20000	46.060574	0.0	4578115	417	20.0
1608428441.89	20000	46.806543	0.0	1783835	162	20.0
1608428442.08	20000	47.618932	0.0	1093613	98	20.0
1608428442.25	20000	48.443398	0.0	975642	87	20.0
1608428442.49	20000	49.202995	0.0	1658005	150	20.0
1608428442.87	20000	49.827593	0.0	3055257	278	20.0
1608428443.66	20000	50.038436	0.0	5355572	676	20.0
1608428444.37	20000	50.333505	0.0	3278424	605	20.0
1608428445.21	20000	50.488783	0.0	2318501	749	20.0
1608428446.28	20000	50.424657	0.0	2473561	968	20.0
1608428446.93	20000	50.770981	0.0	1730311	561	20.0
1608428447.41	20000	51.297646	0.0	1455812	381	20.0
1608428448.27	20000	51.438755	0.0	2869222	762	20.0
1608428449.24	20000	51.472475	0.0	3226650	867	20.0
1608428450.04	20000	51.669265	0.0	2705936	704	20.0
1608428450.84	20000	51.867656	0.0	2998622	702	20.0
1608428451.6	20000	52.1122	0.0	2928342	656	20.0
1608428452.43	20000	52.284669	0.0	3059979	729	20.0
1608428453.52	20000	52.194018	0.0	3367422	988	20.0
1608428454.27	20000	52.440919	0.0	1950694	661	20.0
1608428454.86	20000	52.849553	0.0	1541020	499	20.0
1608428455.81	20000	52.905703	0.0	2926720	844	20.0
1608428456.93	20000	52.783353	0.0	2991202	1022	20.0
1608428457.9	20000	52.813069	0.0	3002106	873	20.0
1608428458.47	20000	53.248277	0.0	2015412	469	20.0
1608428459.23	20000	53.490512	0.0	2894863	660	20.0
1608428459.81	20000	53.905854	0.0	2185316	491	20.0
1608428460.67	20000	54.052662	0.0	3370605	753	20.0
1608428461.57	20000	54.156035	0.0	3492243	794	20.0
1608428461.96	20000	54.765853	0.0	1307592	300	20.0
1608428462.47	20000	55.258622	0.0	1881404	414	20.0
1608428462.96	20000	55.765828	0.0	1806471	399	20.0
1608428463.47	20000	56.260542	0.0	1945842	406	20.0
1608428464.09	20000	56.631635	0.0	2538877	533	20.0
1608428464.73	20000	56.993319	0.0	2298557	545	20.0
1608428465.6	20000	57.131007	0.0	2831497	763	20.0
1608428466.57	20000	57.160948	0.0	3200905	871	20.0
1608428467.21	20000	57.521177	0.0	2180586	545	20.0
1608428467.64	20000	58.090815	0.0	1500505	339	20.0
1608428468.2	20000	58.534891	0.0	1939246	462	20.0
1608428468.79	20000	58.943297	0.0	1599193	499	20.0
1608428469.67	20000	59.061392	0.0	2364826	788	20.0
1608428470.56	20000	59.172273	0.0	2517454	792	20.0
1608428471.21	20000	59.523158	0.0	1883143	556	20.0
1608428471.84	20000	59.900162	0.0	1726706	530	20.0
1608428473.14	20000	59.670138	0.0	707364	214	20.0
1608428474.12	20000	59.671135	0.0	796460	383	20.0
1608428475.01	20000	59.922127	0.0	596962	302	20.0
1608428476.03	20000	59.923205	0.0	947625	428	20.0
1608428476.85	20000	59.924218	0.0	832859	229	20.0
1608428477.97	20000	59.925216	0.0	151562	36	20.0
1608428479.06	20000	59.92618	0.0	90390	16	20.0
1608428480.13	20000	59.677233	0.0	50278	6	20.0
1608428481.18	20000	59.678212	0.0	26471	1	20.0
1608428482.22	20000	59.679168	0.0	40620	3	20.0
1608428482.6	4000	1.000999	0.07	334032	59	-1.4
1608428484.24	4000	1.350479	0.712	6594552	1510	-10.24
1608428486.41	8000	1.309985	1.104	7078153	2045	-18.08
1608428487.47	20000	1.473933	0.194	3191121	952	4.120000000000001
1608428488.17	20000	1.770285	0.0	1661718	610	20.0
1608428488.59	20000	2.346473	0.0	1315024	334	20.0
1608428488.86	20000	3.078854	0.0	698359	181	20.0
1608428489.13	20000	3.80906	0.0	730082	183	20.0
1608428490.14	16000	3.808237	0.0	4047415	896	12.0
1608428491.01	16000	3.93641	0.0	2863079	774	16.0
1608428492.23	20000	3.714037	0.0	4167844	1118	16.0
1608428493.53	20000	3.417979	0.0	5571764	1184	20.0
1608428494.52	20000	3.427153	0.0	4925652	883	20.0
1608428494.96	20000	3.996026	0.0	2030157	337	20.0
1608428495.42	20000	4.530652	0.0	2240782	365	20.0
1608428495.87	20000	5.080071	0.0	2211169	356	20.0
1608428496.02	20000	5.935499	0.0	382046	59	20.0
1608428496.28	20000	6.672444	0.0	1113969	176	20.0
1608428496.5	20000	7.450356	0.0	820127	134	20.0
1608428497.68	20000	7.276587	0.0	6357933	1058	20.0
1608428498.58	20000	7.376806	0.0	4814284	792	20.0
1608428499.23	20000	7.722396	0.0	3419258	553	20.0
1608428499.98	20000	7.981832	0.0	3944328	638	20.0
1608428500.82	20000	8.137324	0.0	4284196	740	20.0
1608428501.45	20000	8.507918	0.0	3022025	530	20.0
1608428501.94	20000	9.021648	0.0	2248581	393	20.0
1608428503.78	20000	8.18139	0.0	9946363	1694	20.0
1608428505.92	20000	7.044147	0.0	11684632	1992	20.0
1608428506.29	20000	7.67714	0.0	1849732	273	20.0
1608428506.68	20000	8.283526	0.0	1942795	301	20.0
1608428507.04	20000	8.921171	0.0	1704756	263	20.0
1608428507.4	20000	9.565107	0.0	1697111	265	20.0
1608428507.75	20000	10.218305	0.0	1529441	255	20.0
1608428508.1	20000	10.865415	0.0	1568649	262	20.0
1608428508.5	20000	11.465359	0.0	1677618	307	20.0
