1610064893.91	4000	1.000999	0.015	60629	5	-0.2999999999999998
1610064894.77	4000	1.279971	0.103	6594552	791	1.94
1610064895.38	4000	1.890645	0.0	4402139	572	4.0
1610064895.53	4000	2.739772	0.0	1043358	133	4.0
1610064895.67	8000	3.595628	0.0	946554	121	4.0
1610064895.8	8000	4.537416	0.0	768486	113	8.0
1610064895.88	8000	5.491206	0.0	398693	64	8.0
1610064895.95	8000	6.421144	0.0	358785	58	8.0
1610064896.28	8000	7.094446	0.0	1838971	307	8.0
1610064896.62	12000	7.772371	0.0	1861181	312	8.0
1610064897.04	12000	8.34703	0.0	2835412	394	12.0
1610064897.62	12000	8.776069	0.0	4074608	540	12.0
1610064898.09	12000	9.307333	0.0	3844696	437	12.0
1610064898.28	12000	10.10946	0.0	1630440	176	12.0
1610064898.49	12000	10.904357	0.0	1712120	184	12.0
1610064898.76	16000	11.635707	0.0	2211169	239	12.0
1610064898.82	16000	12.577248	0.0	382046	43	16.0
1610064898.97	16000	13.429256	0.0	1113969	131	16.0
1610064899.08	16000	14.316771	0.0	820127	95	16.0
1610064899.91	16000	14.491755	0.0	6357933	779	16.0
1610064900.69	16000	14.709571	0.0	4814284	744	16.0
1610064901.62	16000	14.778274	0.0	3419258	902	16.0
1610064903.09	12000	14.315633	0.0	3070467	1432	8.0
1610064903.77	8000	14.629547	0.0	2599148	655	4.0
1610064904.01	4000	15.393337	0.0	1433055	213	0.0
1610064904.18	4000	16.220549	0.0	1055512	157	4.0
1610064905.02	4000	16.381697	0.0	4647286	800	4.0
1610064906.99	4000	15.422916	0.0	5615227	1918	4.0
1610064907.15	4000	16.256463	0.0	764013	151	4.0
1610064907.32	4000	17.085023	0.0	795179	157	4.0
1610064907.49	4000	17.924418	0.0	741228	145	4.0
1610064907.65	4000	18.761122	0.0	760332	150	4.0
1610064907.81	4000	19.599182	0.0	769288	148	4.0
1610064907.95	4000	20.468534	0.0	779865	115	4.0
1610064908.09	4000	21.328646	0.0	838056	125	4.0
1610064908.25	8000	22.162437	0.0	977239	146	4.0
1610064908.48	8000	22.941241	0.0	1356524	203	8.0
1610064908.61	8000	23.806902	0.0	801103	119	8.0
1610064908.73	8000	24.689426	0.0	686354	102	8.0
1610064908.93	8000	25.493778	0.0	1097671	179	8.0
1610064909.31	12000	26.108713	0.0	2025194	361	8.0
1610064909.8	12000	26.622599	0.0	2595110	464	12.0
1610064910.98	12000	26.446674	0.0	3209770	1147	12.0
1610064911.47	8000	26.956661	0.0	890138	470	4.0
1610064912.42	8000	27.004999	0.0	2345010	930	8.0
1610064912.82	4000	27.60182	0.0	1116845	383	0.0
1610064913.05	4000	28.379905	0.0	770196	206	4.0
1610064913.25	4000	29.178009	0.0	678418	180	4.0
1610064913.44	4000	29.986483	0.0	663968	177	4.0
1610064913.62	4000	30.813904	0.0	596131	159	4.0
1610064913.8	4000	31.628077	0.0	642153	171	4.0
1610064913.94	4000	32.487353	0.0	561624	125	4.0
1610064914.03	8000	33.403717	0.0	317174	68	4.0
1610064914.09	8000	34.339568	0.0	245047	52	8.0
1610064914.32	8000	35.116523	0.0	926307	208	8.0
1610064914.57	8000	35.867949	0.0	1028305	231	8.0
1610064914.82	8000	36.613697	0.0	1059850	239	8.0
1610064915.18	12000	37.25999	0.0	1524381	332	8.0
1610064915.41	12000	38.02552	0.0	995715	219	12.0
1610064915.58	12000	38.863691	0.0	674495	146	12.0
1610064915.79	12000	39.654985	0.0	885875	193	12.0
1610064916.01	12000	40.43238	0.0	928626	205	12.0
1610064916.27	12000	41.172126	0.0	1062903	244	12.0
1610064916.53	16000	41.909088	0.0	1060162	242	12.0
1610064916.8	16000	42.64512	0.0	1080597	246	16.0
1610064917.07	16000	43.372316	0.0	1156442	256	16.0
1610064917.59	16000	43.85251	0.0	2222640	498	16.0
1610064918.27	16000	44.17898	0.0	2587311	651	16.0
1610064918.75	12000	44.700229	0.0	1652704	455	8.0
1610064919.88	12000	44.564686	0.0	2412882	1114	12.0
1610064920.39	8000	45.056794	0.0	1582861	484	4.0
1610064920.58	4000	45.86879	0.0	566069	169	0.0
1610064920.75	4000	46.705894	0.0	498552	148	4.0
1610064920.94	4000	47.512873	0.0	676507	179	4.0
1610064921.13	4000	48.330106	0.0	770118	168	4.0
1610064921.35	4000	49.101425	0.0	962786	210	4.0
1610064922.24	4000	49.217489	0.0	3596154	856	4.0
1610064922.72	8000	49.738841	0.0	1677334	455	4.0
1610064923.61	8000	49.849009	0.0	2233179	866	8.0
1610064924.46	8000	49.997551	0.0	2053317	832	8.0
1610064924.73	4000	50.725452	0.0	659155	255	0.0
1610064924.94	4000	51.517687	0.0	563159	193	4.0
1610064925.14	4000	52.321423	0.0	756304	182	4.0
1610064925.33	4000	53.131761	0.0	730895	176	4.0
1610064925.52	4000	53.942236	0.0	731159	174	4.0
1610064925.7	4000	54.765714	0.0	678447	162	4.0
1610064925.86	4000	55.603378	0.0	621176	148	4.0
1610064926.05	8000	56.413681	0.0	852154	172	4.0
1610064926.24	8000	57.228424	0.0	864029	170	8.0
1610064926.5	8000	57.968373	0.0	1222697	243	8.0
1610064926.88	8000	58.585467	0.0	1822246	363	8.0
1610064927.1	8000	59.374882	0.0	1089714	192	8.0
1610064927.89	12000	59.655546	0.0	1507223	265	8.0
1610064928.66	12000	59.906445	0.0	1424538	255	12.0
1610064929.99	12000	59.657532	0.0	1714252	307	12.0
1610064930.78	12000	59.870119	0.0	1710495	265	12.0
1610064931.57	12000	59.909445	0.0	1751030	271	12.0
1610064932.73	12000	59.910546	0.0	875075	137	12.0
1610064933.63	16000	59.91152	0.0	2409013	370	12.0
1610064934.86	16000	59.662492	0.0	1615028	215	16.0
1610064936.03	16000	59.663459	0.0	1413467	143	16.0
1610064936.72	16000	59.91458	0.0	1632450	176	16.0
1610064937.92	16000	59.665488	0.0	5664827	651	16.0
1610064938.55	16000	59.931977	0.0	4578115	595	16.0
1610064939.81	16000	59.917446	0.0	1783835	231	16.0
1610064940.99	20000	59.668535	0.0	1093613	164	16.0
1610064941.6	20000	59.919462	0.0	975642	90	20.0
1610064942.77	20000	59.920479	0.0	1658005	148	20.0
1610064944.03	20000	59.671504	0.0	3055257	229	20.0
1610064944.5	20000	59.989718	0.0	5355572	433	20.0
1610064945.8	20000	59.923464	0.0	3278424	264	20.0
1610064947.0	20000	59.674483	0.0	2318501	177	20.0
1610064947.69	20000	59.92546	0.0	2473561	167	20.0
1610064948.83	20000	59.676518	0.0	1730311	110	20.0
1610064949.93	20000	59.677469	0.0	1455812	87	20.0
1610064950.62	20000	59.92854	0.0	2869222	159	20.0
1610064951.83	20000	59.679531	0.0	3226650	182	20.0
1610064953.01	20000	59.68047	0.0	2705936	151	20.0
1610064953.73	20000	59.931541	0.0	2998622	189	20.0
1610064954.95	20000	59.682551	0.0	2928342	193	20.0
1610064955.7	20000	59.933448	0.0	3059979	222	20.0
1610064956.97	20000	59.684449	0.0	3367422	237	20.0
1610064957.62	20000	59.935515	0.0	1950694	123	20.0
1610064958.74	20000	59.936455	0.0	1541020	105	20.0
1610064959.96	20000	59.687452	0.0	2926720	192	20.0
1610064960.68	20000	59.938472	0.0	2991202	192	20.0
1610064961.91	20000	59.689471	0.0	3002106	192	20.0
1610064963.05	20000	59.690552	0.0	2015412	126	20.0
1610064963.76	20000	59.941454	0.0	2894863	179	20.0
1610064964.92	20000	59.692469	0.0	2185316	133	20.0
1610064965.66	20000	59.943451	0.0	3370605	208	20.0
1610064966.92	20000	59.694446	0.0	3492243	216	20.0
1610064968.02	20000	59.695455	0.0	1307592	80	20.0
1610064968.66	20000	59.946445	0.0	1881404	115	20.0
1610064969.8	20000	59.947452	0.0	1806471	117	20.0
1610064970.95	20000	59.69852	0.0	1945842	122	20.0
1610064971.63	20000	59.949511	0.0	2538877	153	20.0
1610064972.8	20000	59.950482	0.0	2298557	144	20.0
1610064974.01	20000	59.701481	0.0	2831497	182	20.0
1610064974.74	20000	59.952554	0.0	3200905	212	20.0
1610064975.92	20000	59.703542	0.0	2180586	144	20.0
1610064977.04	20000	59.704521	0.0	1500505	102	20.0
1610064977.72	20000	59.955588	0.0	1939246	145	20.0
1610064978.89	20000	59.706456	0.0	1599193	149	20.0
1610064979.71	20000	59.957551	0.0	2364826	293	20.0
1610064980.6	20000	59.958469	0.0	2517454	370	20.0
1610064981.89	20000	59.709457	0.0	1883143	269	20.0
1610064982.73	20000	59.960545	0.0	1726706	311	20.0
1610064983.96	20000	59.711515	0.0	707364	217	20.0
1610064984.79	20000	59.962583	0.0	796460	317	20.0
1610064986.02	16000	59.713455	0.0	596962	210	12.0
1610064986.82	16000	59.714454	0.0	947625	282	16.0
1610064987.59	16000	59.965454	0.0	832859	243	16.0
1610064988.64	16000	59.966456	0.0	151562	42	16.0
1610064989.69	16000	59.967457	0.0	90390	29	16.0
1610064990.72	16000	59.968487	0.0	50278	21	16.0
1610064991.76	12000	59.969477	0.0	24518	15	8.0
1610064992.78	8000	59.970471	0.0	26015	2	4.0
1610064993.08	4000	1.000999	0.019	60629	9	-0.3799999999999999
1610064994.47	4000	1.287325	0.656	6594552	1323	-9.12
1610064995.35	4000	1.614413	0.0	4402139	853	4.0
1610064995.57	4000	2.416239	0.0	1043358	201	4.0
1610064995.78	8000	3.212063	0.0	946554	182	4.0
1610064995.94	8000	4.04974	0.0	768486	147	8.0
1610064996.03	8000	4.974876	0.0	398693	75	8.0
1610064996.11	8000	5.894193	0.0	358785	67	8.0
1610064996.47	8000	6.535163	0.0	1838971	339	8.0
1610064996.73	8000	7.28466	0.0	1382199	233	8.0
1610064997.24	12000	7.773022	0.0	2835412	481	8.0
1610064997.98	12000	8.032885	0.0	4074608	710	12.0
1610064998.89	12000	8.12014	0.0	3844696	880	12.0
1610064999.4	12000	8.617408	0.0	1630440	482	12.0
1610064999.98	8000	9.039245	0.0	1316661	556	4.0
1610065000.5	8000	9.517263	0.0	1263534	506	8.0
1610065000.54	4000	10.477457	0.0	90752	26	0.0
1610065000.68	4000	11.336669	0.0	376357	129	4.0
1610065000.76	4000	12.25949	0.0	197626	65	4.0
1610065001.75	4000	12.274786	0.0	2995445	962	4.0
1610065002.37	4000	12.649018	0.0	2226527	606	4.0
1610065002.89	8000	13.136892	0.0	2083035	490	4.0
1610065003.46	8000	13.567069	0.0	2281353	548	8.0
1610065004.27	8000	13.759379	0.0	2599148	785	8.0
1610065004.76	4000	14.262676	0.0	1433055	469	0.0
1610065005.14	4000	14.884091	0.0	1055512	361	4.0
1610065006.49	4000	14.533392	0.0	4647286	1316	4.0
1610065007.79	4000	14.236736	0.0	5615227	1257	4.0
1610065007.97	4000	15.05533	0.0	764013	166	4.0
1610065008.16	4000	15.868137	0.0	795179	173	4.0
1610065008.34	4000	16.69214	0.0	741228	161	4.0
1610065008.54	4000	17.488778	0.0	760332	190	4.0
