1608480304.71	4000	1.000999	0.016	60629	5	-0.512
1608480304.85	2000	1.923725	0.0	1072422	80	0.0
1608480304.99	2000	2.789205	0.0	1121405	126	2.0
1608480305.08	2000	3.701894	0.0	728514	77	2.0
1608480305.15	2000	4.650619	0.0	508013	56	2.0
1608480305.2	2000	5.606559	0.0	395538	43	2.0
1608480305.24	2000	6.565803	0.0	297276	31	2.0
1608480305.29	4000	7.523747	0.0	222226	24	2.0
1608480305.53	8000	8.281672	0.0	1838971	220	4.0
1608480305.79	8000	9.027461	0.0	1382199	240	8.0
1608480306.16	8000	9.650535	0.0	2052265	358	8.0
1608480306.92	8000	9.894591	0.0	3005823	733	8.0
1608480308.36	12000	9.453051	0.0	3844696	1410	8.0
1608480308.72	8000	10.100706	0.0	1267052	336	4.0
1608480309.13	12000	10.690587	0.0	1712120	394	8.0
1608480309.52	12000	11.297279	0.0	1662097	377	12.0
1608480309.6	16000	12.221129	0.0	382046	60	12.0
1608480309.79	16000	13.028496	0.0	1113969	179	16.0
1608480309.94	16000	13.884836	0.0	820127	131	16.0
1608480310.85	16000	13.973595	0.0	6357933	866	16.0
1608480311.38	16000	14.445417	0.0	4814284	499	16.0
1608480311.71	16000	15.113009	0.0	3419258	305	16.0
1608480312.07	20000	15.986177	0.0	3944328	321	16.0
1608480312.45	20000	16.604323	0.0	4284196	347	20.0
1608480312.76	20000	17.289236	0.0	3022025	290	20.0
1608480313.02	20000	18.037983	0.0	2248581	229	20.0
1608480314.12	20000	17.930985	0.0	9946363	1031	20.0
1608480315.36	20000	17.700645	0.0	11684632	1160	20.0
1608480315.55	20000	18.503124	0.0	1849732	177	20.0
1608480315.88	20000	19.176538	0.0	1942795	307	20.0
1608480316.17	20000	19.887204	0.0	1704756	269	20.0
1608480316.46	20000	20.600165	0.0	1697111	267	20.0
1608480316.67	20000	21.386515	0.0	1529441	196	20.0
1608480316.87	20000	22.189586	0.0	1568649	178	20.0
1608480317.09	20000	22.977577	0.0	1677618	192	20.0
1608480317.27	20000	23.798614	0.0	1415096	161	20.0
1608480317.5	20000	24.562711	0.0	1894067	216	20.0
1608480317.62	20000	25.441006	0.0	1186604	107	20.0
1608480317.73	20000	26.338368	0.0	1068386	83	20.0
1608480317.89	20000	27.185115	0.0	1700843	134	20.0
1608480318.11	20000	27.956134	0.0	2536859	197	20.0
1608480318.52	20000	28.547332	0.0	4742872	375	20.0
1608480318.94	20000	29.127474	0.0	4955535	383	20.0
1608480319.06	20000	30.014449	0.0	1260540	97	20.0
1608480319.37	20000	30.706245	0.0	3605246	280	20.0
1608480319.6	20000	31.469501	0.0	2770338	212	20.0
1608480319.76	20000	32.317338	0.0	1855168	132	20.0
1608480319.9	20000	33.18016	0.0	1666915	118	20.0
1608480320.02	20000	34.052708	0.0	1555467	110	20.0
1608480320.11	20000	34.965064	0.0	1008919	71	20.0
1608480320.22	20000	35.861428	0.0	1227619	87	20.0
1608480320.3	20000	36.774947	0.0	1015853	71	20.0
1608480320.35	20000	37.729805	0.0	384076	25	20.0
1608480320.38	20000	38.698386	0.0	295687	20	20.0
1608480320.49	20000	39.588425	0.0	1328674	93	20.0
1608480320.62	20000	40.45948	0.0	1492829	111	20.0
1608480320.77	20000	41.316867	0.0	1484812	123	20.0
1608480320.94	20000	42.141181	0.0	1868314	156	20.0
1608480321.07	20000	43.018782	0.0	1253406	103	20.0
1608480321.16	20000	43.931284	0.0	887933	72	20.0
1608480321.27	20000	44.81923	0.0	1153403	95	20.0
1608480321.39	20000	45.700481	0.0	1249023	103	20.0
1608480321.53	20000	46.565578	0.0	1423973	118	20.0
1608480321.79	20000	47.297114	0.0	1060162	243	20.0
1608480321.98	20000	48.116608	0.0	1080597	165	20.0
1608480322.17	20000	48.924237	0.0	1156442	176	20.0
1608480322.53	20000	49.561925	0.0	2222640	341	20.0
1608480322.83	20000	50.268725	0.0	2587311	268	20.0
1608480323.06	20000	51.036244	0.0	2178351	211	20.0
1608480323.39	20000	51.705772	0.0	3121089	303	20.0
1608480323.66	20000	52.436978	0.0	2857420	242	20.0
1608480323.78	20000	53.31736	0.0	1702477	98	20.0
1608480323.89	20000	54.211116	0.0	1531670	88	20.0
1608480324.02	20000	55.082315	0.0	1863424	107	20.0
1608480324.16	20000	55.946366	0.0	1987392	115	20.0
1608480324.33	20000	56.778036	0.0	2505586	146	20.0
1608480325.17	20000	56.938453	0.0	9620218	779	20.0
1608480325.45	20000	57.656091	0.0	2561608	257	20.0
1608480326.05	20000	58.057567	0.0	3633991	570	20.0
1608480326.7	20000	58.411718	0.0	3324070	619	20.0
1608480326.92	20000	59.186252	0.0	1560020	208	20.0
1608480327.13	20000	59.976385	0.0	1429188	191	20.0
1608480328.39	20000	59.824251	0.0	1754144	234	20.0
1608480329.62	20000	59.575243	0.0	1626020	200	20.0
1608480330.35	20000	59.826251	0.0	1739228	212	20.0
1608480331.59	20000	59.577201	0.0	1722735	214	20.0
1608480332.24	20000	59.875961	0.0	1538145	629	20.0
1608480333.74	20000	59.579244	0.0	1473412	477	20.0
1608480334.38	20000	59.830146	0.0	1498968	119	20.0
1608480335.58	20000	59.58124	0.0	2247334	178	20.0
1608480336.38	20000	59.832243	0.0	3156442	274	20.0
1608480337.59	20000	59.583244	0.0	1895098	186	20.0
1608480338.37	20000	59.834252	0.0	1939135	260	20.0
1608480339.64	20000	59.585244	0.0	1842874	240	20.0
1608480340.5	20000	59.810035	0.0	2235830	335	20.0
1608480341.62	20000	59.58725	0.0	2202171	604	20.0
1608480342.67	20000	59.455779	0.0	2242042	1022	20.0
1608480343.51	20000	59.839249	0.0	1081763	326	20.0
1608480344.23	20000	59.898744	0.0	2409013	692	20.0
1608480345.71	20000	59.591248	0.0	1615028	461	20.0
1608480346.26	20000	59.871088	0.0	1413467	530	20.0
1608480347.42	20000	59.843244	0.0	1632450	641	20.0
1608480349.41	20000	58.720246	0.0	5664827	1948	20.0
1608480350.67	20000	58.462326	0.0	4578115	1223	20.0
1608480351.06	20000	59.068378	0.0	1783835	373	20.0
1608480351.3	20000	59.833211	0.0	1093613	219	20.0
1608480352.51	20000	59.848247	0.0	975642	195	20.0
1608480353.4	20000	59.849245	0.0	1658005	365	20.0
1608480354.35	20000	59.790743	0.0	3055257	917	20.0
1608480356.58	20000	58.562876	0.0	5355572	2190	20.0
1608480358.33	20000	57.807217	0.0	3278424	1730	20.0
1608480360.52	20000	56.618623	0.0	2318501	2168	20.0
1608480362.86	20000	55.283861	0.0	2473561	2306	20.0
1608480363.97	20000	55.174077	0.0	1730311	1090	20.0
1608480364.92	20000	55.227592	0.0	1455812	927	20.0
1608480367.94	20000	53.199834	0.0	2869222	3003	20.0
1608480371.01	20000	51.138217	0.0	3226650	3031	20.0
1608480372.14	20000	51.005773	0.0	2705936	1110	20.0
1608480372.8	20000	51.3496	0.0	2998622	631	20.0
1608480373.26	20000	51.893165	0.0	2928342	431	20.0
1608480373.7	20000	52.449349	0.0	3059979	417	20.0
1608480374.16	20000	52.9896	0.0	3367422	432	20.0
1608480374.42	20000	53.729699	0.0	1950694	240	20.0
1608480374.64	20000	54.514953	0.0	1541020	195	20.0
1608480375.02	20000	55.132281	0.0	2926720	355	20.0
1608480375.4	20000	55.753118	0.0	2991202	352	20.0
1608480375.78	20000	56.373846	0.0	3002106	353	20.0
1608480376.04	20000	57.112126	0.0	2015412	241	20.0
1608480376.43	20000	57.731095	0.0	2894863	356	20.0
1608480376.72	20000	58.439415	0.0	2185316	269	20.0
1608480377.17	20000	58.987348	0.0	3370605	425	20.0
1608480377.66	20000	59.50412	0.0	3492243	453	20.0
1608480378.35	20000	59.874244	0.0	1307592	169	20.0
1608480379.6	20000	59.625233	0.0	1881404	230	20.0
1608480380.33	20000	59.876247	0.0	1806471	213	20.0
1608480381.59	20000	59.627245	0.0	1945842	234	20.0
1608480382.45	20000	59.878251	0.0	2538877	334	20.0
1608480383.46	20000	59.879252	0.0	2298557	489	20.0
1608480384.21	20000	59.953271	0.0	2831497	725	20.0
1608480385.4	20000	59.881248	0.0	3200905	657	20.0
1608480386.32	20000	59.882238	0.0	2180586	393	20.0
1608480387.64	20000	59.633239	0.0	1500505	298	20.0
1608480388.25	20000	59.923743	0.0	1939246	584	20.0
1608480389.33	20000	59.885256	0.0	1599193	549	20.0
1608480390.52	20000	59.810115	0.0	2364826	675	20.0
1608480391.21	20000	59.968129	0.0	2517454	660	20.0
1608480392.72	20000	59.638252	0.0	1883143	495	20.0
1608480393.26	20000	59.914514	0.0	1726706	520	20.0
1608480394.52	20000	59.890253	0.0	707364	245	20.0
1608480395.29	20000	59.891249	0.0	796460	250	20.0
1608480396.48	20000	59.89224	0.0	596962	173	20.0
1608480397.32	20000	59.893247	0.0	947625	324	20.0
1608480398.59	20000	59.644241	0.0	832859	257	20.0
1608480399.65	20000	59.645241	0.0	151562	38	20.0
1608480400.68	20000	59.646238	0.0	90390	24	20.0
1608480401.71	20000	59.647241	0.0	50278	12	20.0
1608480402.73	20000	59.648237	0.0	26471	2	20.0
1608480403.75	20000	59.649237	0.0	40620	6	20.0
1608480404.15	4000	1.000999	0.103	335737	90	-3.296
1608480404.5	2000	1.930228	0.0	1072422	321	0.0
1608480404.86	2000	2.577443	0.0	1121405	336	2.0
1608480405.09	2000	3.345978	0.0	728514	216	2.0
1608480405.27	2000	4.160634	0.0	508013	171	2.0
1608480405.42	2000	5.031782	0.0	395538	137	2.0
1608480405.54	2000	5.919692	0.0	297276	101	2.0
1608480405.63	4000	6.830274	0.0	222226	74	2.0
1608480406.08	4000	7.381956	0.0	1213073	435	4.0
1608480406.64	8000	7.823892	0.0	1382199	537	4.0
1608480407.46	8000	8.000873	0.0	2052265	803	8.0
1608480409.0	8000	7.4646	0.0	3005823	1513	8.0
1608480410.74	8000	6.724254	0.0	2879726	1720	8.0
1608480411.21	4000	7.254559	0.0	898461	454	0.0
1608480411.95	8000	7.738339	0.0	1316661	724	4.0
1608480412.64	8000	8.053861	0.0	1263534	669	8.0
1608480412.72	8000	8.971853	0.0	150125	70	8.0
1608480413.02	8000	9.668218	0.0	555328	290	8.0
1608480413.28	12000	10.418345	0.0	531720	234	8.0
1608480415.31	12000	9.381641	0.0	5045162	1993	12.0
1608480416.74	8000	8.954108	0.0	3029729	1399	4.0
1608480417.7	8000	9.001186	0.0	2083035	933	8.0
1608480418.7	8000	9.003011	0.0	2281353	976	8.0
1608480419.79	8000	8.905305	0.0	2599148	1068	8.0
1608480420.55	8000	9.148973	0.0	1926191	737	8.0
1608480421.1	8000	9.596724	0.0	1427209	535	8.0
1608480423.81	8000	7.888611	0.0	6361262	2658	8.0
1608480427.4	8000	5.307274	0.0	7838407	3514	8.0
1608480427.54	2000	6.167556	0.0	352618	124	-4.0
1608480427.84	4000	6.861053	0.0	795179	288	2.0
1608480428.13	4000	7.579413	0.0	741228	269	4.0
1608480428.66	8000	8.043142	0.0	1086181	519	4.0
1608480429.23	8000	8.482079	0.0	1029204	545	8.0
1608480429.87	8000	8.839119	0.0	1054251	629	8.0
1608480430.64	8000	9.066018	0.0	1132419	750	8.0
