1608474615.64	4000	1.000999	0.016	60629	7	-0.31999999999999984
1608474617.1	20000	1.410656	0.769	11007815	1294	-11.38
1608474617.93	20000	1.827311	0.0	8849724	712	20.0
1608474618.26	20000	2.523817	0.0	3191121	235	20.0
1608474618.47	20000	3.3188	0.0	1661718	121	20.0
1608474618.7	20000	4.08909	0.0	1315024	149	20.0
1608474618.86	20000	4.958361	0.0	698359	78	20.0
1608474619.02	20000	5.790563	0.0	730082	81	20.0
1608474619.61	20000	6.205466	0.0	4047415	494	20.0
1608474620.15	20000	6.66887	0.0	2863079	449	20.0
1608474620.77	20000	7.047043	0.0	4167844	530	20.0
1608474621.48	20000	7.340143	0.0	5571764	604	20.0
1608474622.16	20000	7.655171	0.0	4925652	587	20.0
1608474622.49	20000	8.330657	0.0	2030157	240	20.0
1608474622.87	20000	8.955007	0.0	2240782	291	20.0
1608474623.24	20000	9.583776	0.0	2211169	287	20.0
1608474623.36	20000	10.459661	0.0	382046	48	20.0
1608474623.55	20000	11.272778	0.0	1113969	110	20.0
1608474623.69	20000	12.132971	0.0	820127	62	20.0
1608474624.29	20000	12.535973	0.0	6357933	491	20.0
1608474624.78	20000	13.050584	0.0	4814284	385	20.0
1608474625.15	20000	13.679103	0.0	3419258	279	20.0
1608474625.58	20000	14.25328	0.0	3944328	331	20.0
1608474626.11	20000	14.715177	0.0	4284196	440	20.0
1608474626.52	20000	15.314843	0.0	3022025	310	20.0
1608474627.2	20000	15.627621	0.0	2248581	602	20.0
1608474628.43	20000	15.402337	0.0	9946363	1100	20.0
1608474629.66	20000	15.177501	0.0	11684632	1091	20.0
1608474629.89	20000	15.954826	0.0	1849732	139	20.0
1608474630.12	20000	16.718802	0.0	1942795	143	20.0
1608474630.33	20000	17.50666	0.0	1704756	128	20.0
1608474630.54	20000	18.296581	0.0	1697111	128	20.0
1608474630.86	20000	18.973775	0.0	1529441	239	20.0
1608474631.19	20000	19.645282	0.0	1568649	243	20.0
1608474631.54	20000	20.298547	0.0	1677618	262	20.0
1608474631.74	20000	21.102221	0.0	1415096	114	20.0
1608474631.98	20000	21.866756	0.0	1894067	152	20.0
1608474632.15	20000	22.691987	0.0	1186604	95	20.0
1608474632.32	20000	23.526869	0.0	1068386	85	20.0
1608474632.54	20000	24.30497	0.0	1700843	137	20.0
1608474632.85	20000	24.996472	0.0	2536859	220	20.0
1608474633.36	20000	25.48445	0.0	4742872	412	20.0
1608474634.02	20000	25.833032	0.0	4955535	551	20.0
1608474634.25	20000	26.603391	0.0	1260540	147	20.0
1608474634.94	20000	26.914126	0.0	3605246	594	20.0
1608474635.69	20000	27.157478	0.0	2770338	666	20.0
1608474636.51	20000	27.342477	0.0	1855168	731	20.0
1608474636.96	20000	27.897169	0.0	1666915	363	20.0
1608474637.38	20000	28.475737	0.0	1555467	338	20.0
1608474637.69	20000	29.164577	0.0	1008919	232	20.0
1608474638.09	20000	29.768	0.0	1227619	316	20.0
1608474638.43	20000	30.427865	0.0	1015853	261	20.0
1608474638.6	20000	31.258739	0.0	384076	93	20.0
1608474638.75	20000	32.105636	0.0	295687	77	20.0
1608474639.21	20000	32.660168	0.0	1328674	365	20.0
1608474639.72	20000	33.139908	0.0	1492829	427	20.0
1608474640.29	20000	33.56767	0.0	1484812	491	20.0
1608474640.87	20000	33.989072	0.0	1868314	496	20.0
1608474641.24	20000	34.622875	0.0	1253406	286	20.0
1608474641.53	20000	35.338683	0.0	887933	201	20.0
1608474641.94	20000	35.925677	0.0	1153403	334	20.0
1608474642.39	20000	36.474245	0.0	1249023	367	20.0
1608474642.96	20000	36.905137	0.0	1423973	490	20.0
1608474643.44	20000	37.428127	0.0	1060162	396	20.0
1608474644.28	20000	37.591838	0.0	1080597	755	20.0
1608474645.02	20000	37.848968	0.0	1156442	662	20.0
1608474646.15	20000	37.718126	0.0	2222640	1045	20.0
1608474647.53	20000	37.347112	0.0	2587311	1284	20.0
1608474648.4	20000	37.472047	0.0	2178351	792	20.0
1608474649.02	20000	37.859318	0.0	3121089	522	20.0
1608474649.49	20000	38.388207	0.0	2857420	382	20.0
1608474649.76	20000	39.122434	0.0	1702477	184	20.0
1608474649.98	20000	39.90017	0.0	1531670	141	20.0
1608474650.24	20000	40.641968	0.0	1863424	172	20.0
1608474650.5	20000	41.376805	0.0	1987392	184	20.0
1608474650.83	20000	42.053835	0.0	2505586	237	20.0
1608474651.88	20000	42.00413	0.0	9620218	928	20.0
1608474652.22	20000	42.662917	0.0	2561608	247	20.0
1608474652.67	20000	43.219192	0.0	3633991	352	20.0
1608474653.09	20000	43.797978	0.0	3324070	331	20.0
1608474653.33	20000	44.561584	0.0	1560020	155	20.0
1608474653.55	20000	45.337309	0.0	1429188	144	20.0
1608474653.8	20000	46.090072	0.0	1754144	164	20.0
1608474654.03	20000	46.85874	0.0	1626020	149	20.0
1608474654.27	20000	47.616427	0.0	1739228	159	20.0
1608474654.52	20000	48.377555	0.0	1722735	157	20.0
1608474654.74	20000	49.156989	0.0	1538145	131	20.0
1608474654.93	20000	49.961398	0.0	1473412	113	20.0
1608474655.13	20000	50.764164	0.0	1498968	114	20.0
1608474655.39	20000	51.503039	0.0	2247334	172	20.0
1608474655.73	20000	52.170757	0.0	3156442	239	20.0
1608474655.94	20000	52.956699	0.0	1895098	129	20.0
1608474656.16	20000	53.73726	0.0	1939135	132	20.0
1608474656.37	20000	54.52581	0.0	1842874	125	20.0
1608474656.61	20000	55.288589	0.0	2235830	152	20.0
1608474656.83	20000	56.075118	0.0	2202171	129	20.0
1608474657.04	20000	56.858938	0.0	2242042	132	20.0
1608474657.19	20000	57.715918	0.0	1081763	63	20.0
1608474657.42	20000	58.485573	0.0	2409013	142	20.0
1608474657.6	20000	59.307676	0.0	1615028	94	20.0
1608474658.25	20000	59.875678	0.0	1413467	72	20.0
1608474659.42	20000	59.626656	0.0	1632450	78	20.0
1608474660.27	20000	59.877708	0.0	5664827	252	20.0
1608474661.07	20000	59.878682	0.0	4578115	199	20.0
1608474662.23	20000	59.879698	0.0	1783835	71	20.0
1608474663.36	20000	59.630705	0.0	1093613	46	20.0
1608474664.49	20000	59.631695	0.0	975642	52	20.0
1608474665.18	20000	59.882727	0.0	1658005	107	20.0
1608474666.51	20000	59.633735	0.0	3055257	232	20.0
1608474667.21	20000	59.707583	0.0	5355572	598	20.0
1608474668.17	20000	59.885742	0.0	3278424	369	20.0
1608474669.17	20000	59.886683	0.0	2318501	405	20.0
1608474670.18	20000	59.887669	0.0	2473561	424	20.0
1608474671.45	20000	59.638643	0.0	1730311	184	20.0
1608474672.21	20000	59.889643	0.0	1455812	173	20.0
1608474673.15	20000	59.890692	0.0	2869222	348	20.0
1608474674.14	20000	59.891647	0.0	3226650	400	20.0
1608474675.07	20000	59.892651	0.0	2705936	336	20.0
1608474676.06	20000	59.893642	0.0	2998622	399	20.0
1608474677.08	20000	59.894652	0.0	2928342	427	20.0
1608474678.09	20000	59.895716	0.0	3059979	424	20.0
1608474679.13	20000	59.896791	0.0	3367422	449	20.0
1608474680.48	20000	59.647691	0.0	1950694	265	20.0
1608474681.28	20000	59.648668	0.0	1541020	213	20.0
1608474682.27	20000	59.873976	0.0	2926720	405	20.0
1608474683.28	20000	59.824888	0.0	2991202	414	20.0
1608474684.28	20000	59.651748	0.0	3002106	409	20.0
1608474685.13	20000	59.902645	0.0	2015412	263	20.0
1608474686.17	20000	59.903755	0.0	2894863	442	20.0
1608474687.1	20000	59.904641	0.0	2185316	348	20.0
1608474688.37	20000	59.655678	0.0	3370605	676	20.0
1608474689.24	20000	59.697338	0.0	3492243	775	20.0
1608474690.13	20000	59.907746	0.0	1307592	308	20.0
1608474691.38	20000	59.658633	0.0	1881404	663	20.0
1608474692.09	20000	59.853871	0.0	1806471	623	20.0
1608474693.05	20000	59.888791	0.0	1945842	881	20.0
1608474694.08	20000	59.864621	0.0	2538877	937	20.0
1608474694.94	20000	59.999293	0.0	2298557	778	20.0
1608474696.05	20000	59.894042	0.0	2831497	1016	20.0
1608474697.06	20000	59.889574	0.0	3200905	913	20.0
1608474698.12	20000	59.915658	0.0	2180586	476	20.0
1608474699.47	20000	59.666643	0.0	1500505	261	20.0
1608474700.41	20000	59.66764	0.0	1939246	344	20.0
1608474701.31	20000	59.668649	0.0	1599193	323	20.0
1608474701.95	20000	59.997475	0.0	2364826	553	20.0
1608474703.24	20000	59.894903	0.0	2517454	696	20.0
1608474704.41	20000	59.671731	0.0	1883143	588	20.0
1608474705.16	20000	59.797024	0.0	1726706	660	20.0
1608474706.03	20000	59.923702	0.0	707364	295	20.0
1608474707.4	20000	59.674629	0.0	796460	283	20.0
1608474708.18	20000	59.925652	0.0	596962	205	20.0
1608474709.1	20000	59.926761	0.0	947625	331	20.0
1608474710.45	20000	59.677606	0.0	832859	273	20.0
1608474711.08	20000	59.928648	0.0	151562	50	20.0
1608474712.17	20000	59.92965	0.0	90390	25	20.0
1608474713.24	20000	59.93072	0.0	50278	9	20.0
1608474714.29	20000	59.681715	0.0	26471	2	20.0
1608474715.34	20000	59.682621	0.0	40620	5	20.0
1608474715.7	4000	1.000999	0.049	334032	39	-0.98
1608474716.54	4000	1.439363	0.0	6594552	709	4.0
1608474717.36	8000	1.621406	0.0	7078153	698	4.0
1608474717.78	20000	2.230332	0.0	3191121	314	8.0
1608474718.02	20000	2.983289	0.0	1661718	163	20.0
1608474718.24	20000	3.788974	0.0	1315024	127	20.0
1608474718.39	20000	4.641845	0.0	698359	68	20.0
1608474718.54	20000	5.492391	0.0	730082	70	20.0
1608474719.03	20000	6.001727	0.0	4047415	396	20.0
1608474719.43	20000	6.602472	0.0	2863079	309	20.0
1608474719.98	20000	7.053573	0.0	4167844	452	20.0
1608474720.81	20000	7.222225	0.0	5571764	728	20.0
1608474721.58	20000	7.458601	0.0	4925652	665	20.0
1608474721.94	20000	8.099839	0.0	2030157	276	20.0
1608474722.38	20000	8.658509	0.0	2240782	358	20.0
1608474722.85	20000	9.191953	0.0	2211169	382	20.0
1608474722.99	20000	10.050007	0.0	382046	63	20.0
1608474723.24	20000	10.79659	0.0	1113969	174	20.0
1608474723.45	20000	11.595845	0.0	820127	124	20.0
1608474724.47	20000	11.571924	0.0	6357933	918	20.0
1608474725.21	20000	11.832122	0.0	4814284	640	20.0
1608474725.97	20000	12.075343	0.0	3419258	662	20.0
1608474727.01	20000	12.038539	0.0	3944328	939	20.0
1608474728.2	20000	11.850888	0.0	4284196	1092	20.0
1608474729.17	20000	11.880822	0.0	3022025	879	20.0
1608474729.93	20000	12.11744	0.0	2248581	678	20.0
1608474732.93	20000	10.121074	0.0	9946363	2848	20.0
1608474735.84	20000	8.208379	0.0	11684632	2773	20.0
1608474736.22	20000	8.8295	0.0	1849732	293	20.0
1608474736.59	20000	9.468238	0.0	1942795	277	20.0
1608474736.92	20000	10.138868	0.0	1704756	243	20.0
1608474737.24	20000	10.820332	0.0	1697111	233	20.0
1608474737.49	20000	11.569261	0.0	1529441	169	20.0
1608474737.75	20000	12.312514	0.0	1568649	173	20.0
1608474738.02	20000	13.043613	0.0	1677618	185	20.0
