1610068748.09	4000	1.000999	0.02	60629	10	-0.3999999999999999
1610068749.91	4000	1.461092	1.256	6594552	1758	-21.12
1610068751.23	4000	1.465241	0.0	4402139	1282	4.0
1610068751.55	4000	2.147208	0.0	1043358	301	4.0
1610068751.72	4000	2.985177	0.0	567502	162	4.0
1610068751.86	4000	3.851682	0.0	472646	120	4.0
1610068751.93	4000	4.7801	0.0	274373	60	4.0
1610068751.99	4000	5.720558	0.0	222226	48	4.0
1610068752.29	4000	6.422706	0.0	1213073	281	4.0
1610068752.53	4000	7.186595	0.0	927735	220	4.0
1610068752.99	8000	7.723575	0.0	2052265	435	4.0
1610068753.58	8000	8.14116	0.0	3005823	555	8.0
1610068754.07	8000	8.646527	0.0	2879726	469	8.0
1610068754.27	8000	9.445824	0.0	1267052	183	8.0
1610068754.48	8000	10.239244	0.0	1316661	191	8.0
1610068754.75	12000	10.971574	0.0	1662097	241	8.0
1610068754.8	12000	11.925603	0.0	243072	33	12.0
1610068754.91	12000	12.811337	0.0	793783	100	12.0
1610068754.99	12000	13.733539	0.0	531720	64	12.0
1610068755.65	12000	14.076891	0.0	5045162	622	12.0
1610068756.23	12000	14.492814	0.0	3858422	553	12.0
1610068756.8	16000	14.92182	0.0	3419258	537	12.0
1610068757.65	16000	15.074357	0.0	3944328	816	16.0
1610068758.26	12000	15.464047	0.0	3391518	578	8.0
1610068758.67	12000	16.060349	0.0	2424462	379	12.0
1610068758.97	12000	16.757249	0.0	1798203	282	12.0
1610068760.68	12000	16.049432	0.0	8032438	1646	12.0
1610068762.59	8000	15.141893	0.0	7838407	1850	4.0
1610068762.75	4000	15.982045	0.0	764013	142	0.0
1610068762.91	4000	16.822905	0.0	795179	144	4.0
1610068763.06	4000	17.675742	0.0	741228	132	4.0
1610068763.21	4000	18.523421	0.0	760332	137	4.0
1610068763.38	4000	19.362458	0.0	769288	144	4.0
1610068763.53	4000	20.207404	0.0	779865	140	4.0
1610068763.76	8000	20.982446	0.0	1132419	204	4.0
1610068763.95	8000	21.789658	0.0	977239	178	8.0
1610068764.24	8000	22.505266	0.0	1356524	266	8.0
1610068764.41	8000	23.33408	0.0	801103	156	8.0
1610068764.56	8000	24.186865	0.0	686354	133	8.0
1610068764.85	12000	24.897921	0.0	1366872	268	8.0
1610068765.31	12000	25.432089	0.0	2025194	445	12.0
1610068765.92	12000	25.827424	0.0	2595110	581	12.0
1610068766.96	12000	25.790695	0.0	3209770	1010	12.0
1610068767.36	8000	26.389392	0.0	890138	383	4.0
1610068768.29	8000	26.455772	0.0	2345010	912	8.0
1610068768.69	4000	27.060218	0.0	1116845	374	0.0
1610068768.98	4000	27.774383	0.0	770196	272	4.0
1610068769.39	4000	28.366493	0.0	678418	394	4.0
1610068769.79	4000	28.967268	0.0	663968	385	4.0
1610068770.02	4000	29.737531	0.0	596131	215	4.0
1610068770.18	4000	30.571463	0.0	642153	151	4.0
1610068770.33	4000	31.425622	0.0	561624	131	4.0
1610068770.4	4000	32.355982	0.0	252381	56	4.0
1610068770.47	8000	33.28556	0.0	245047	55	4.0
1610068770.71	8000	34.05073	0.0	926307	221	8.0
1610068770.96	8000	34.802519	0.0	1028305	231	8.0
1610068771.13	8000	35.632921	0.0	1059850	153	8.0
1610068771.32	8000	36.444964	0.0	1192343	172	8.0
1610068771.48	12000	37.281365	0.0	995715	143	8.0
1610068771.59	12000	38.170003	0.0	674495	96	12.0
1610068771.74	12000	39.026533	0.0	885875	127	12.0
1610068771.89	12000	39.876453	0.0	928626	133	12.0
1610068772.21	12000	40.553263	0.0	1062903	306	12.0
1610068772.51	12000	41.260367	0.0	799389	278	12.0
1610068772.91	16000	41.861337	0.0	1080597	378	12.0
1610068773.53	16000	42.235583	0.0	1156442	610	16.0
1610068774.15	12000	42.62133	0.0	1700457	592	8.0
1610068774.44	8000	43.332433	0.0	1363367	267	4.0
1610068774.68	8000	44.093479	0.0	1137409	222	8.0
1610068775.02	8000	44.756046	0.0	1719028	320	8.0
1610068775.27	8000	45.500433	0.0	1582861	236	8.0
1610068775.43	8000	46.345868	0.0	901281	132	8.0
1610068775.56	8000	47.214243	0.0	798342	118	8.0
1610068775.73	8000	48.046392	0.0	1031599	153	8.0
1610068775.92	8000	48.858809	0.0	1153146	170	8.0
1610068776.27	12000	49.505899	0.0	1982918	329	8.0
1610068777.94	12000	48.846402	0.0	7754684	1609	12.0
1610068778.64	12000	49.147595	0.0	2122146	674	12.0
1610068779.45	8000	49.329605	0.0	2233179	793	4.0
1610068780.01	4000	49.772643	0.0	1410236	536	0.0
1610068780.29	4000	50.48995	0.0	659155	267	4.0
1610068780.54	4000	51.248399	0.0	563159	227	4.0
1610068780.86	4000	51.924835	0.0	756304	308	4.0
1610068781.09	4000	52.701427	0.0	730895	207	4.0
1610068781.26	4000	53.538716	0.0	731159	149	4.0
1610068781.41	4000	54.381347	0.0	678447	138	4.0
1610068781.61	8000	55.178069	0.0	911305	186	4.0
1610068781.8	8000	55.989236	0.0	852154	174	8.0
1610068782.0	8000	56.797114	0.0	864029	177	8.0
1610068782.19	8000	57.608604	0.0	1222697	172	8.0
1610068782.46	8000	58.332937	0.0	1822246	257	8.0
1610068782.69	12000	59.101809	0.0	1488968	210	8.0
1610068782.93	12000	59.871888	0.0	1507223	213	12.0
1610068784.15	12000	59.669897	0.0	1424538	209	12.0
1610068784.95	12000	59.920787	0.0	1714252	275	12.0
1610068786.23	12000	59.671904	0.0	1710495	256	12.0
1610068787.05	12000	59.922825	0.0	1751030	299	12.0
1610068788.29	16000	59.673887	0.0	1081763	214	12.0
1610068788.8	16000	59.998937	0.0	2409013	494	16.0
1610068790.14	16000	59.675823	0.0	1615028	319	16.0
1610068791.04	16000	59.926885	0.0	1413467	370	16.0
1610068792.31	16000	59.677859	0.0	1632450	751	16.0
1610068794.18	12000	58.625534	0.0	4082189	1838	8.0
1610068794.63	8000	59.179916	0.0	1902440	421	4.0
1610068795.29	4000	59.680901	0.0	682795	148	0.0
1610068795.89	4000	59.931893	0.0	564053	84	4.0
1610068796.98	4000	59.932896	0.0	493680	73	4.0
1610068798.12	4000	59.933896	0.0	823677	122	4.0
1610068799.24	4000	59.684836	0.0	878603	93	4.0
1610068800.37	4000	59.685846	0.0	1192759	117	4.0
1610068800.99	4000	59.936799	0.0	1046702	102	4.0
1610068802.16	8000	59.687796	0.0	1448467	142	4.0
1610068803.34	8000	59.688863	0.0	1521463	160	8.0
1610068803.96	8000	59.939869	0.0	1006183	99	8.0
1610068805.06	8000	59.940901	0.0	831839	81	8.0
1610068806.26	8000	59.691807	0.0	1735764	180	8.0
1610068807.07	12000	59.942916	0.0	2601076	271	8.0
1610068808.32	12000	59.693905	0.0	2155956	228	12.0
1610068809.09	12000	59.944913	0.0	2411136	251	12.0
1610068810.37	12000	59.69584	0.0	2355841	250	12.0
1610068811.17	12000	59.696873	0.0	2451277	273	12.0
1610068811.93	12000	59.947797	0.0	2690936	235	12.0
1610068813.13	16000	59.698785	0.0	1950694	170	12.0
1610068814.26	16000	59.699909	0.0	1541020	106	16.0
1610068815.27	16000	59.700886	0.0	2926720	487	16.0
1610068815.98	16000	59.951926	0.0	2991202	183	16.0
1610068817.19	16000	59.702912	0.0	3002106	182	16.0
1610068818.35	16000	59.703777	0.0	2015412	135	16.0
1610068819.07	16000	59.954885	0.0	2894863	199	16.0
1610068820.24	20000	59.7059	0.0	2185316	146	16.0
1610068820.96	20000	59.956794	0.0	3370605	182	20.0
1610068822.17	20000	59.707905	0.0	3492243	188	20.0
1610068823.26	20000	59.708801	0.0	1307592	65	20.0
1610068823.9	20000	59.959828	0.0	1881404	118	20.0
1610068825.03	20000	59.960792	0.0	1806471	114	20.0
1610068826.19	20000	59.711807	0.0	1945842	135	20.0
1610068827.1	20000	59.74596	0.0	2538877	878	20.0
1610068828.21	20000	59.713798	0.0	2298557	589	20.0
1610068829.17	16000	59.668534	0.0	2831497	935	12.0
1610068830.09	12000	59.755575	0.0	2580724	886	8.0
1610068831.17	8000	59.716882	0.0	1256122	559	4.0
1610068832.37	4000	59.717827	0.0	602217	184	0.0
1610068833.08	4000	59.96889	0.0	819411	186	4.0
1610068834.26	4000	59.719887	0.0	705221	159	4.0
1610068835.18	4000	59.720887	0.0	905448	404	4.0
1610068836.0	4000	59.971833	0.0	951381	307	4.0
1610068837.17	4000	59.722893	0.0	663404	154	4.0
1610068838.03	8000	59.973892	0.0	1011581	338	4.0
1610068839.24	8000	59.724885	0.0	422329	188	8.0
1610068839.97	8000	59.975896	0.0	458857	211	8.0
1610068841.17	8000	59.726793	0.0	318722	192	8.0
1610068842.27	8000	59.727871	0.0	566180	78	8.0
1610068842.88	12000	59.978794	0.0	676139	92	8.0
1610068843.91	12000	59.979885	0.0	123294	12	12.0
1610068844.93	12000	59.980839	0.0	70186	7	12.0
1610068845.95	12000	59.981871	0.0	50504	4	12.0
1610068846.96	12000	59.982863	0.0	24518	4	12.0
1610068847.98	8000	59.983854	0.0	26015	0	4.0
1610068848.27	4000	1.000999	0.017	60629	6	-0.33999999999999986
1610068849.55	4000	1.28451	0.55	6594552	1215	-7.0
1610068850.44	4000	1.613205	0.0	4402139	852	4.0
1610068850.64	4000	2.436432	0.0	1043358	179	4.0
1610068850.82	8000	3.251442	0.0	946554	161	4.0
1610068850.97	8000	4.105617	0.0	768486	130	8.0
1610068851.06	8000	5.02993	0.0	398693	70	8.0
1610068851.13	8000	5.962882	0.0	358785	59	8.0
1610068851.47	8000	6.626686	0.0	1838971	316	8.0
1610068851.74	8000	7.355876	0.0	1382199	253	8.0
1610068852.3	12000	7.801814	0.0	2835412	524	8.0
1610068853.03	12000	8.073599	0.0	4074608	688	12.0
1610068853.77	12000	8.332563	0.0	3844696	710	12.0
1610068854.14	12000	8.959603	0.0	1630440	355	12.0
1610068854.5	12000	9.598355	0.0	1712120	341	12.0
1610068854.74	12000	10.364758	0.0	1662097	214	12.0
1610068854.78	12000	11.322789	0.0	243072	29	12.0
1610068854.9	12000	12.207398	0.0	793783	101	12.0
1610068854.98	12000	13.127036	0.0	531720	68	12.0
1610068855.74	12000	13.368012	0.0	5045162	722	12.0
1610068856.46	12000	13.651344	0.0	3858422	683	12.0
1610068857.16	16000	13.953769	0.0	3419258	662	12.0
1610068857.85	16000	14.266311	0.0	3944328	655	16.0
1610068858.38	12000	14.727674	0.0	3391518	499	8.0
1610068858.71	12000	15.401172	0.0	2424462	304	12.0
1610068858.95	12000	16.167415	0.0	1798203	212	12.0
1610068860.12	12000	15.990691	0.0	8032438	1117	12.0
1610068861.45	12000	15.669354	0.0	9808342	1253	12.0
1610068861.7	12000	16.416997	0.0	1491397	232	12.0
1610068861.98	12000	17.134714	0.0	1560434	264	12.0
1610068862.24	12000	17.881464	0.0	1396705	235	12.0
1610068862.49	12000	18.628204	0.0	1392963	236	12.0
