1610062150.14	4000	1.000999	0.036	60629	26	-0.7199999999999998
1610062171.79	4000	1.29331	20.922	6594552	21578	-414.44
1610062173.53	8000	1.320808	0.535	7078153	1694	-6.699999999999999
1610062173.81	4000	2.049393	0.0	1043358	252	0.0
1610062174.16	8000	2.741927	0.0	946554	330	4.0
1610062174.43	4000	3.472731	0.0	472646	253	0.0
1610062174.65	8000	4.245354	0.0	398693	212	4.0
1610062174.86	8000	5.043583	0.0	358785	190	8.0
1610062176.27	8000	4.630594	0.0	1838971	1387	8.0
1610062176.54	4000	5.358222	0.0	927735	253	0.0
1610062176.97	4000	5.937414	0.0	1463326	403	4.0
1610062177.76	4000	6.148615	0.0	2054811	767	4.0
1610062178.57	4000	6.331545	0.0	1928241	797	4.0
1610062179.13	8000	6.776325	0.0	1267052	535	4.0
1610062179.53	4000	7.376592	0.0	929156	381	0.0
1610062179.91	4000	7.998221	0.0	886614	363	4.0
1610062179.95	4000	8.955934	0.0	90752	30	4.0
1610062180.05	4000	9.863608	0.0	376357	80	4.0
1610062180.09	4000	10.819812	0.0	197626	31	4.0
1610062180.63	4000	11.284527	0.0	2995445	508	4.0
1610062181.03	4000	11.88569	0.0	2226527	375	4.0
1610062181.41	8000	12.50844	0.0	2083035	353	4.0
1610062181.82	8000	13.099878	0.0	2281353	387	8.0
1610062182.29	8000	13.63173	0.0	2599148	443	8.0
1610062182.63	8000	14.284462	0.0	1926191	326	8.0
1610062182.89	8000	15.024095	0.0	1427209	241	8.0
1610062185.01	12000	13.914533	0.0	8032438	2047	8.0
1610062186.35	8000	13.566844	0.0	7838407	1294	4.0
1610062186.49	4000	14.428684	0.0	764013	120	0.0
1610062186.63	4000	15.289018	0.0	795179	125	4.0
1610062186.77	4000	16.158782	0.0	741228	116	4.0
1610062186.9	4000	17.024969	0.0	760332	119	4.0
1610062187.08	8000	17.844832	0.0	1029204	162	4.0
1610062187.27	8000	18.657314	0.0	1054251	170	8.0
1610062187.47	8000	19.45641	0.0	1132419	183	8.0
1610062187.65	8000	20.283242	0.0	977239	157	8.0
1610062187.89	8000	21.040286	0.0	1356524	219	8.0
1610062188.07	12000	21.865446	0.0	987649	157	8.0
1610062188.22	12000	22.710853	0.0	864635	139	12.0
1610062188.46	12000	23.472448	0.0	1366872	221	12.0
1610062188.81	12000	24.121831	0.0	2025194	329	12.0
1610062189.31	12000	24.62563	0.0	2595110	472	12.0
1610062190.01	12000	24.931287	0.0	3209770	667	12.0
1610062190.23	16000	25.704523	0.0	1260540	204	12.0
1610062190.83	16000	26.110967	0.0	3605246	566	16.0
1610062191.32	16000	26.618518	0.0	2770338	468	16.0
1610062191.62	12000	27.320932	0.0	1498439	275	8.0
1610062191.88	12000	28.059716	0.0	1329461	244	12.0
1610062192.13	12000	28.815262	0.0	1254418	227	12.0
1610062192.3	12000	29.64001	0.0	879546	160	12.0
1610062192.51	12000	30.432567	0.0	1055149	192	12.0
1610062192.69	12000	31.257402	0.0	883588	161	12.0
1610062192.77	16000	32.174092	0.0	384076	68	12.0
1610062192.84	16000	33.110751	0.0	295687	52	16.0
1610062193.12	16000	33.829363	0.0	1328674	259	16.0
1610062193.79	16000	34.162846	0.0	1492829	649	16.0
1610062194.23	16000	34.724802	0.0	1484812	420	16.0
1610062194.5	12000	35.456308	0.0	1524381	247	8.0
1610062194.67	12000	36.279059	0.0	995715	160	12.0
1610062194.8	12000	37.157076	0.0	674495	108	12.0
1610062194.95	12000	38.000024	0.0	885875	142	12.0
1610062195.12	12000	38.835105	0.0	928626	150	12.0
1610062195.34	12000	39.615316	0.0	1062903	203	12.0
1610062195.51	12000	40.448957	0.0	799389	152	12.0
1610062195.68	12000	41.28004	0.0	812821	155	12.0
1610062195.86	12000	42.102129	0.0	856497	163	12.0
1610062196.3	16000	42.664751	0.0	2222640	413	12.0
1610062196.79	16000	43.173291	0.0	2587311	467	16.0
1610062197.19	16000	43.775889	0.0	2178351	376	16.0
1610062197.69	16000	44.276982	0.0	3121089	473	16.0
1610062198.14	16000	44.82225	0.0	2857420	429	16.0
1610062198.41	16000	45.559192	0.0	1702477	243	16.0
1610062198.64	16000	46.322711	0.0	1531670	219	16.0
1610062198.93	16000	47.036293	0.0	1863424	266	16.0
1610062199.23	16000	47.736748	0.0	1987392	278	16.0
1610062199.61	16000	48.359119	0.0	2505586	345	16.0
1610062201.2	16000	47.766196	0.0	9620218	1524	16.0
1610062201.71	16000	48.267782	0.0	2561608	472	16.0
1610062202.24	12000	48.7352	0.0	2951725	501	8.0
1610062202.6	12000	49.370945	0.0	2707022	341	12.0
1610062202.78	12000	50.196748	0.0	1258293	158	12.0
1610062202.94	12000	51.038496	0.0	1132545	141	12.0
1610062203.13	12000	51.844927	0.0	1405832	176	12.0
1610062203.3	12000	52.676086	0.0	1314152	150	12.0
1610062203.48	12000	53.499914	0.0	1387998	159	12.0
1610062203.65	12000	54.326071	0.0	1362449	156	12.0
1610062203.82	12000	55.164105	0.0	1219048	138	12.0
1610062204.01	16000	55.97347	0.0	1473412	169	12.0
1610062204.19	16000	56.79326	0.0	1498968	162	16.0
1610062204.42	16000	57.565977	0.0	2247334	205	16.0
1610062204.73	16000	58.250649	0.0	3156442	289	16.0
1610062204.93	16000	59.058235	0.0	1895098	172	16.0
1610062205.12	16000	59.861624	0.0	1939135	177	16.0
1610062206.34	16000	59.842065	0.0	1842874	190	16.0
1610062207.16	20000	59.843056	0.0	2235830	299	16.0
1610062208.59	20000	59.594075	0.0	2202171	405	20.0
1610062209.07	20000	59.917891	0.0	2242042	454	20.0
1610062210.32	20000	59.846063	0.0	1081763	231	20.0
1610062211.06	20000	59.929551	0.0	2409013	715	20.0
1610062212.17	16000	59.848066	0.0	1615028	591	12.0
1610062213.61	12000	59.599078	0.0	1179696	417	8.0
1610062214.45	8000	59.600067	0.0	970495	318	4.0
1610062215.28	8000	59.720231	0.0	2424481	797	8.0
1610062216.51	4000	59.602077	0.0	667445	208	0.0
1610062217.26	4000	59.853057	0.0	682795	241	4.0
1610062218.57	4000	59.604062	0.0	564053	285	4.0
1610062219.23	4000	59.855057	0.0	493680	148	4.0
1610062220.58	8000	59.606067	0.0	1104267	324	4.0
1610062221.07	8000	59.933423	0.0	1592936	471	8.0
1610062222.35	8000	59.858051	0.0	2618824	751	8.0
1610062223.16	8000	59.842793	0.0	1820110	793	8.0
1610062224.28	8000	59.860064	0.0	1448467	595	8.0
1610062225.58	4000	59.611068	0.0	1004344	284	0.0
1610062226.36	4000	59.861957	0.0	687087	254	4.0
1610062227.62	4000	59.613068	0.0	564465	242	4.0
1610062228.48	4000	59.614063	0.0	1193260	338	4.0
1610062229.43	4000	59.615063	0.0	1350143	428	4.0
1610062230.25	4000	59.866064	0.0	1085010	307	4.0
1610062231.61	4000	59.61707	0.0	1231535	336	4.0
1610062232.31	8000	59.706909	0.0	1780068	669	4.0
1610062233.25	8000	59.869072	0.0	1844656	422	8.0
1610062234.3	8000	59.870057	0.0	2010421	523	8.0
1610062235.16	8000	59.871067	0.0	1158554	344	8.0
1610062236.45	8000	59.622068	0.0	873968	276	8.0
1610062237.45	8000	59.623063	0.0	1651288	471	8.0
1610062238.11	8000	59.912767	0.0	1697771	638	8.0
1610062239.25	8000	59.875064	0.0	1712532	620	8.0
1610062240.62	8000	59.62607	0.0	1149171	351	8.0
1610062241.07	8000	59.951376	0.0	1666069	430	8.0
1610062242.44	8000	59.628072	0.0	1269548	353	8.0
1610062243.39	8000	59.638659	0.0	2108361	919	8.0
1610062244.04	4000	59.982681	0.0	1535058	634	0.0
1610062245.27	4000	59.881059	0.0	516135	208	4.0
1610062246.18	4000	59.882062	0.0	781150	387	4.0
1610062247.52	4000	59.633069	0.0	723162	319	4.0
1610062248.39	4000	59.884055	0.0	787496	357	4.0
1610062249.47	4000	59.564117	0.0	1008090	1059	4.0
1610062250.38	4000	59.886061	0.0	920901	397	4.0
1610062251.2	8000	59.837349	0.0	1735873	789	4.0
1610062252.24	4000	59.888053	0.0	1305395	525	0.0
1610062253.16	8000	59.88906	0.0	1256122	391	4.0
1610062254.34	4000	59.890084	0.0	602217	162	0.0
1610062255.63	4000	59.641085	0.0	819411	273	4.0
1610062256.06	4000	59.981763	0.0	705221	410	4.0
1610062257.54	4000	59.643067	0.0	905448	464	4.0
1610062258.36	4000	59.865767	0.0	951381	300	4.0
1610062259.2	8000	59.895061	0.0	1060685	314	4.0
1610062260.51	8000	59.646069	0.0	1011581	297	8.0
1610062262.08	8000	58.965111	0.0	422329	1549	8.0
1610062262.65	4000	59.39492	0.0	305283	552	0.0
1610062263.18	8000	59.862631	0.0	318722	517	4.0
1610062264.56	4000	59.650086	0.0	385891	363	0.0
1610062265.24	8000	59.901058	0.0	531853	158	4.0
1610062266.27	4000	59.902065	0.0	71077	15	0.0
1610062267.3	4000	59.903061	0.0	37732	7	4.0
1610062268.31	4000	59.904053	0.0	26108	3	4.0
1610062269.33	4000	59.905049	0.0	20475	3	4.0
1610062270.34	4000	59.906067	0.0	22446	1	4.0
1610062270.76	4000	1.000999	0.132	334032	120	-2.64
1610062273.44	4000	1.402279	1.805	6594552	2616	-32.1
1610062275.29	4000	1.439697	0.869	4402139	1824	-13.379999999999999
1610062275.96	8000	1.789783	0.0	1798447	639	4.0
1610062276.21	4000	2.541565	0.0	567502	229	0.0
1610062276.54	8000	3.209568	0.0	768486	313	4.0
1610062276.65	4000	4.101394	0.0	274373	91	0.0
1610062276.74	4000	5.010973	0.0	222226	71	4.0
1610062277.17	4000	5.577799	0.0	1213073	416	4.0
1610062277.51	4000	6.245508	0.0	927735	317	4.0
1610062278.08	4000	6.67075	0.0	1463326	557	4.0
1610062279.19	8000	6.566182	0.0	3005823	1076	4.0
1610062279.85	4000	6.908139	0.0	1928241	633	0.0
1610062280.16	4000	7.598257	0.0	898461	294	4.0
1610062280.48	4000	8.278974	0.0	929156	304	4.0
1610062280.8	4000	8.958964	0.0	886614	306	4.0
1610062280.84	4000	9.919715	0.0	90752	28	4.0
1610062280.99	4000	10.771039	0.0	376357	136	4.0
1610062281.07	4000	11.690471	0.0	197626	68	4.0
1610062282.2	4000	11.56327	0.0	2995445	1099	4.0
1610062283.35	8000	11.415843	0.0	3029729	1119	4.0
1610062283.98	4000	11.786578	0.0	1501029	602	0.0
1610062284.66	4000	12.101272	0.0	1558531	667	4.0
1610062285.25	4000	12.511839	0.0	1856343	569	4.0
1610062285.72	4000	13.05099	0.0	1433055	443	4.0
1610062286.13	4000	13.640968	0.0	1055512	395	4.0
1610062287.94	4000	12.825684	0.0	4647286	1782	4.0
1610062289.97	4000	11.799198	0.0	5615227	1985	4.0
1610062290.39	8000	12.377119	0.0	1127469	403	4.0
1610062290.69	4000	13.080008	0.0	795179	280	0.0
1610062291.1	8000	13.676684	0.0	1078151	385	4.0
