1608471579.59	4000	1.000999	0.021	60629	11	-0.41999999999999993
1608471579.95	2000	1.675166	0.0	1072422	288	0.0
1608471582.06	8000	1.258669	0.697	7078153	2047	-11.94
1608471582.91	20000	1.843876	0.0	3191121	810	8.0
1608471583.32	20000	2.435966	0.0	1661718	387	20.0
1608471583.6	20000	3.157893	0.0	1315024	259	20.0
1608471583.74	20000	4.014358	0.0	698359	126	20.0
1608471583.89	20000	4.865832	0.0	730082	133	20.0
1608471584.63	20000	5.134203	0.0	4047415	700	20.0
1608471585.07	20000	5.687898	0.0	2863079	418	20.0
1608471585.68	20000	6.087074	0.0	4167844	567	20.0
1608471586.41	20000	6.353938	0.0	5571764	689	20.0
1608471587.21	20000	6.550662	0.0	4925652	765	20.0
1608471587.58	20000	7.183823	0.0	2030157	346	20.0
1608471588.08	20000	7.689684	0.0	2240782	471	20.0
1608471588.54	20000	8.229289	0.0	2211169	438	20.0
1608471588.61	20000	9.15646	0.0	382046	57	20.0
1608471588.8	20000	9.96701	0.0	1113969	173	20.0
1608471588.95	20000	10.824491	0.0	820127	127	20.0
1608471590.01	20000	10.76515	0.0	6357933	1018	20.0
1608471591.1	20000	10.670751	0.0	4814284	1051	20.0
1608471592.08	20000	10.688503	0.0	3419258	952	20.0
1608471592.98	20000	10.793544	0.0	3944328	860	20.0
1608471593.81	20000	10.960756	0.0	4284196	797	20.0
1608471594.4	20000	11.381215	0.0	3022025	552	20.0
1608471594.85	20000	11.923367	0.0	2248581	435	20.0
1608471597.29	20000	10.485133	0.0	9946363	2354	20.0
1608471601.58	20000	7.202375	0.0	11684632	4201	20.0
1608471601.87	20000	7.909806	0.0	1849732	269	20.0
1608471602.18	20000	8.60565	0.0	1942795	282	20.0
1608471602.45	20000	9.331819	0.0	1704756	247	20.0
1608471602.95	20000	9.837524	0.0	1697111	475	20.0
1608471603.5	20000	10.28116	0.0	1529441	538	20.0
1608471604.36	20000	10.428225	0.0	1568649	834	20.0
1608471604.83	20000	10.961071	0.0	1677618	447	20.0
1608471605.12	20000	11.663679	0.0	1415096	278	20.0
1608471605.52	20000	12.268811	0.0	1894067	374	20.0
1608471605.72	20000	13.069387	0.0	1186604	179	20.0
1608471605.9	20000	13.892797	0.0	1068386	158	20.0
1608471606.17	20000	14.618845	0.0	1700843	254	20.0
1608471606.58	20000	15.213711	0.0	2536859	379	20.0
1608471607.42	20000	15.371022	0.0	4742872	807	20.0
1608471608.63	20000	15.166487	0.0	4955535	1166	20.0
1608471609.06	20000	15.740323	0.0	1260540	408	20.0
1608471610.38	20000	15.414368	0.0	3605246	1292	20.0
1608471611.54	20000	15.258967	0.0	2770338	1129	20.0
1608471611.97	20000	15.831506	0.0	1855168	404	20.0
1608471612.33	20000	16.46565	0.0	1666915	345	20.0
1608471612.65	20000	17.145898	0.0	1555467	299	20.0
1608471612.82	20000	17.986091	0.0	1008919	141	20.0
1608471613.01	20000	18.795747	0.0	1227619	173	20.0
1608471613.17	20000	19.635862	0.0	1015853	143	20.0
1608471613.24	20000	20.568781	0.0	384076	52	20.0
1608471613.29	20000	21.514276	0.0	295687	39	20.0
1608471613.5	20000	22.307552	0.0	1328674	188	20.0
1608471613.74	20000	23.069036	0.0	1492829	218	20.0
1608471613.99	20000	23.820645	0.0	1484812	227	20.0
1608471614.3	20000	24.51085	0.0	1868314	287	20.0
1608471614.51	20000	25.300018	0.0	1253406	191	20.0
1608471614.66	20000	26.148267	0.0	887933	135	20.0
1608471614.87	20000	26.945907	0.0	1153403	185	20.0
1608471615.09	20000	27.727441	0.0	1249023	200	20.0
1608471615.33	20000	28.479493	0.0	1423973	228	20.0
1608471615.52	20000	29.292321	0.0	1060162	169	20.0
1608471615.71	20000	30.110931	0.0	1080597	164	20.0
1608471615.89	20000	30.922971	0.0	1156442	170	20.0
1608471616.25	20000	31.570959	0.0	2222640	329	20.0
1608471616.66	20000	32.163603	0.0	2587311	383	20.0
1608471617.06	20000	32.759415	0.0	2178351	372	20.0
1608471617.62	20000	33.199372	0.0	3121089	535	20.0
1608471618.22	20000	33.605561	0.0	2857420	569	20.0
1608471618.58	20000	34.246223	0.0	1702477	339	20.0
1608471618.91	20000	34.918753	0.0	1531670	309	20.0
1608471619.31	20000	35.515989	0.0	1863424	381	20.0
1608471619.73	20000	36.096694	0.0	1987392	397	20.0
1608471620.23	20000	36.600223	0.0	2505586	473	20.0
1608471623.35	20000	34.481341	0.0	9620218	3058	20.0
1608471624.64	20000	34.1942	0.0	2561608	1253	20.0
1608471625.49	20000	34.34022	0.0	3633991	821	20.0
1608471626.08	20000	34.74888	0.0	3324070	562	20.0
1608471626.34	20000	35.492582	0.0	1560020	236	20.0
1608471626.58	20000	36.25528	0.0	1429188	217	20.0
1608471626.87	20000	36.963431	0.0	1754144	270	20.0
1608471627.15	20000	37.686133	0.0	1626020	256	20.0
1608471627.45	20000	38.389759	0.0	1739228	274	20.0
1608471627.73	20000	39.103726	0.0	1722735	263	20.0
1608471627.95	20000	39.886745	0.0	1538145	195	20.0
1608471628.16	20000	40.678061	0.0	1473412	188	20.0
1608471628.37	20000	41.468116	0.0	1498968	191	20.0
1608471628.68	20000	42.157283	0.0	2247334	286	20.0
1608471629.06	20000	42.786103	0.0	3156442	342	20.0
1608471629.29	20000	43.558749	0.0	1895098	203	20.0
1608471629.53	20000	44.318455	0.0	1939135	208	20.0
1608471629.74	20000	45.101189	0.0	1842874	195	20.0
1608471629.99	20000	45.857722	0.0	2235830	221	20.0
1608471630.23	20000	46.616293	0.0	2202171	218	20.0
1608471630.48	20000	47.372087	0.0	2242042	222	20.0
1608471630.6	20000	48.248331	0.0	1081763	106	20.0
1608471630.86	20000	48.985938	0.0	2409013	236	20.0
1608471631.04	20000	49.807794	0.0	1615028	158	20.0
1608471631.2	20000	50.651323	0.0	1413467	137	20.0
1608471631.38	20000	51.471623	0.0	1632450	159	20.0
1608471632.0	20000	51.852659	0.0	5664827	578	20.0
1608471632.53	20000	52.32138	0.0	4578115	496	20.0
1608471632.75	20000	53.105905	0.0	1783835	191	20.0
1608471632.88	20000	53.973154	0.0	1093613	115	20.0
1608471633.0	20000	54.854472	0.0	975642	102	20.0
1608471633.2	20000	55.657951	0.0	1658005	175	20.0
1608471633.55	20000	56.307415	0.0	3055257	324	20.0
1608471634.14	20000	56.724672	0.0	5355572	544	20.0
1608471634.49	20000	57.368564	0.0	3278424	327	20.0
1608471634.75	20000	58.114898	0.0	2318501	231	20.0
1608471635.03	20000	58.834777	0.0	2473561	255	20.0
1608471635.23	20000	59.635954	0.0	1730311	177	20.0
1608471636.4	20000	59.571265	0.0	1455812	149	20.0
1608471637.23	20000	59.822282	0.0	2869222	302	20.0
1608471638.1	20000	59.823206	0.0	3226650	337	20.0
1608471639.41	20000	59.574272	0.0	2705936	290	20.0
1608471640.26	20000	59.780971	0.0	2998622	313	20.0
1608471641.1	20000	59.826188	0.0	2928342	316	20.0
1608471642.47	20000	59.577261	0.0	3059979	341	20.0
1608471643.3	20000	59.578271	0.0	3367422	295	20.0
1608471644.47	20000	59.579277	0.0	1950694	146	20.0
1608471645.09	20000	59.830193	0.0	1541020	98	20.0
1608471646.11	20000	59.831255	0.0	2926720	486	20.0
1608471647.32	20000	59.58225	0.0	2991202	182	20.0
1608471648.05	20000	59.833197	0.0	3002106	205	20.0
1608471649.21	20000	59.834189	0.0	2015412	136	20.0
1608471650.43	20000	59.585158	0.0	2894863	194	20.0
1608471651.1	20000	59.836213	0.0	2185316	144	20.0
1608471652.32	20000	59.587271	0.0	3370605	182	20.0
1608471653.53	20000	59.588205	0.0	3492243	177	20.0
1608471654.11	20000	59.839278	0.0	1307592	66	20.0
1608471655.26	20000	59.840276	0.0	1881404	118	20.0
1608471656.4	20000	59.591198	0.0	1806471	125	20.0
1608471657.14	20000	59.842161	0.0	1945842	215	20.0
1608471658.09	20000	59.802884	0.0	2538877	914	20.0
1608471659.11	20000	59.844157	0.0	2298557	502	20.0
1608471660.12	20000	59.77312	0.0	2831497	974	20.0
1608471661.45	20000	59.440304	0.0	3200905	1302	20.0
1608471662.14	20000	59.749723	0.0	2180586	666	20.0
1608471663.41	20000	59.598166	0.0	1500505	243	20.0
1608471664.38	20000	59.599157	0.0	1939246	446	20.0
1608471665.23	20000	59.850177	0.0	1599193	330	20.0
1608471666.23	20000	59.667989	0.0	2364826	969	20.0
1608471667.35	20000	59.602265	0.0	2517454	597	20.0
1608471668.38	20000	59.603236	0.0	1883143	503	20.0
1608471669.17	20000	59.733768	0.0	1726706	764	20.0
1608471670.47	20000	59.605189	0.0	707364	288	20.0
1608471670.97	20000	59.930605	0.0	796460	482	20.0
1608471672.08	20000	59.857262	0.0	596962	80	20.0
1608471673.23	20000	59.858246	0.0	947625	129	20.0
1608471674.34	20000	59.609243	0.0	832859	92	20.0
1608471675.37	20000	59.610208	0.0	151562	13	20.0
1608471676.39	20000	59.611179	0.0	90390	8	20.0
1608471677.41	20000	59.612197	0.0	50278	3	20.0
1608471678.43	20000	59.613212	0.0	26471	1	20.0
1608471679.45	20000	59.614265	0.0	40620	3	20.0
1608471679.83	4000	1.000999	0.071	334032	60	-1.42
1608471681.97	20000	1.353373	1.209	11007815	2030	-20.18
1608471683.6	20000	1.430236	0.681	8849724	1575	6.380000000000001
1608471684.19	20000	1.862468	0.0	3191121	561	20.0
1608471684.58	20000	2.479533	0.0	1661718	361	20.0
1608471684.88	20000	3.17556	0.0	1315024	286	20.0
1608471685.05	20000	4.010017	0.0	698359	149	20.0
1608471685.16	20000	4.899997	0.0	730082	93	20.0
1608471685.72	20000	5.343578	0.0	4047415	527	20.0
1608471686.14	20000	5.9201	0.0	2863079	389	20.0
1608471686.91	20000	6.15091	0.0	4167844	738	20.0
1608471688.02	20000	6.047338	0.0	5571764	1065	20.0
1608471688.79	20000	6.269379	0.0	4925652	740	20.0
1608471689.11	20000	6.954316	0.0	2030157	293	20.0
1608471689.4	20000	7.664891	0.0	2240782	266	20.0
1608471689.69	20000	8.380436	0.0	2211169	263	20.0
1608471689.74	20000	9.322728	0.0	382046	44	20.0
1608471689.89	20000	10.17595	0.0	1113969	131	20.0
1608471690.01	20000	11.064761	0.0	820127	95	20.0
1608471691.07	20000	11.004229	0.0	6357933	1014	20.0
1608471691.67	20000	11.402612	0.0	4814284	565	20.0
1608471692.11	20000	11.962506	0.0	3419258	400	20.0
1608471692.81	20000	12.260844	0.0	3944328	670	20.0
1608471694.21	20000	11.868749	0.0	4284196	1357	20.0
1608471694.73	20000	12.347855	0.0	3022025	492	20.0
1608471695.12	20000	12.958708	0.0	2248581	366	20.0
1608471697.78	20000	11.302769	0.0	9946363	2585	20.0
1608471707.03	20000	3.0503	0.0	11684632	9167	20.0
1608471707.7	20000	3.3798	0.0	1849732	651	20.0
1608471708.4	20000	3.683162	0.0	1942795	673	20.0
1608471709.03	20000	4.048571	0.0	1704756	613	20.0
1608471709.59	20000	4.490304	0.0	1697111	537	20.0
1608471710.08	20000	5.003296	0.0	1529441	468	20.0
1608471710.55	20000	5.533553	0.0	1568649	450	20.0
