1608422482.34	4000	1.000999	0.019	60629	9	-0.6080000000000001
1608422486.53	16000	1.405406	3.507	11007815	4040	-108.224
1608422488.11	16000	1.339797	0.26	8849724	1528	7.68
1608422488.62	16000	1.877455	0.0	3191121	475	16.0
1608422488.88	16000	2.61593	0.0	1661718	241	16.0
1608422489.09	16000	3.408745	0.0	1315024	190	16.0
1608422489.2	16000	4.301905	0.0	698359	92	16.0
1608422489.27	16000	5.228891	0.0	730082	60	16.0
1608422489.64	16000	5.861754	0.0	4047415	336	16.0
1608422489.9	16000	6.598464	0.0	2863079	238	16.0
1608422490.27	16000	7.229099	0.0	4167844	340	16.0
1608422490.74	16000	7.763796	0.0	5571764	426	16.0
1608422491.15	16000	8.349914	0.0	4925652	377	16.0
1608422491.37	16000	9.136567	0.0	2030157	191	16.0
1608422491.61	16000	9.893078	0.0	2240782	220	16.0
1608422491.85	16000	10.654267	0.0	2211169	219	16.0
1608422491.9	16000	11.606498	0.0	382046	36	16.0
1608422492.03	16000	12.482508	0.0	1113969	108	16.0
1608422492.12	16000	13.389347	0.0	820127	80	16.0
1608422492.74	16000	13.76656	0.0	6357933	582	16.0
1608422493.21	16000	14.296983	0.0	4814284	436	16.0
1608422493.62	16000	14.890888	0.0	3419258	379	16.0
1608422494.1	16000	15.423619	0.0	3944328	438	16.0
1608422494.83	16000	15.680798	0.0	4284196	704	16.0
1608422495.36	16000	16.153728	0.0	3022025	502	16.0
1608422495.69	16000	16.827554	0.0	2248581	305	16.0
1608422496.87	16000	16.642832	0.0	9946363	1125	16.0
1608422498.22	16000	16.294123	0.0	11684632	1279	16.0
1608422498.55	16000	16.969727	0.0	1849732	303	16.0
1608422498.89	16000	17.628105	0.0	1942795	322	16.0
1608422499.19	16000	18.326487	0.0	1704756	282	16.0
1608422499.59	16000	18.935972	0.0	1697111	372	16.0
1608422499.95	16000	19.568127	0.0	1529441	351	16.0
1608422500.3	16000	20.222531	0.0	1568649	328	16.0
1608422500.55	16000	20.973039	0.0	1677618	231	16.0
1608422500.77	16000	21.760296	0.0	1415096	195	16.0
1608422501.05	16000	22.479936	0.0	1894067	261	16.0
1608422501.23	16000	23.301958	0.0	1186604	163	16.0
1608422501.42	16000	24.103776	0.0	1068386	183	16.0
1608422501.75	16000	24.780348	0.0	1700843	306	16.0
1608422502.23	16000	25.300564	0.0	2536859	458	16.0
1608422502.57	16000	25.964057	0.0	4742872	302	16.0
1608422502.91	16000	26.627448	0.0	4955535	302	16.0
1608422503.0	16000	27.534478	0.0	1260540	76	16.0
1608422503.25	16000	28.286091	0.0	3605246	219	16.0
1608422503.46	16000	29.072497	0.0	2770338	191	16.0
1608422503.61	16000	29.923603	0.0	1855168	129	16.0
1608422503.76	16000	30.783558	0.0	1666915	122	16.0
1608422503.89	16000	31.653877	0.0	1555467	108	16.0
1608422503.97	16000	32.567901	0.0	1008919	70	16.0
1608422504.08	16000	33.465688	0.0	1227619	86	16.0
1608422504.16	16000	34.379316	0.0	1015853	70	16.0
1608422504.21	16000	35.337763	0.0	384076	30	16.0
1608422504.24	16000	36.30675	0.0	295687	19	16.0
1608422504.35	16000	37.191729	0.0	1328674	99	16.0
1608422504.49	16000	38.059105	0.0	1492829	115	16.0
1608422504.62	16000	38.925977	0.0	1484812	115	16.0
1608422504.79	16000	39.761992	0.0	1868314	145	16.0
1608422504.9	16000	40.648965	0.0	1253406	96	16.0
1608422504.98	16000	41.566167	0.0	887933	68	16.0
1608422505.1	16000	42.454185	0.0	1153403	89	16.0
1608422505.21	16000	43.342478	0.0	1249023	97	16.0
1608422505.34	16000	44.209173	0.0	1423973	117	16.0
1608422505.45	16000	45.100528	0.0	1060162	95	16.0
1608422505.57	16000	45.987822	0.0	1080597	96	16.0
1608422505.69	16000	46.869373	0.0	1156442	104	16.0
1608422505.91	16000	47.648489	0.0	2222640	200	16.0
1608422506.17	16000	48.391358	0.0	2587311	234	16.0
1608422506.39	16000	49.166012	0.0	2178351	203	16.0
1608422506.72	16000	49.835835	0.0	3121089	306	16.0
1608422507.03	16000	50.533067	0.0	2857420	280	16.0
1608422507.21	16000	51.34849	0.0	1702477	166	16.0
1608422507.37	16000	52.19111	0.0	1531670	140	16.0
1608422507.55	16000	53.009962	0.0	1863424	163	16.0
1608422507.75	16000	53.816163	0.0	1987392	174	16.0
1608422507.99	16000	54.575393	0.0	2505586	220	16.0
1608422509.32	16000	54.248251	0.0	9620218	1268	16.0
1608422509.81	16000	54.755866	0.0	2561608	468	16.0
1608422510.48	16000	55.088598	0.0	3633991	639	16.0
1608422511.03	16000	55.535693	0.0	3324070	527	16.0
1608422511.3	16000	56.271803	0.0	1560020	245	16.0
1608422511.54	16000	57.029188	0.0	1429188	225	16.0
1608422511.84	16000	57.731213	0.0	1754144	279	16.0
1608422512.12	16000	58.455382	0.0	1626020	258	16.0
1608422512.4	16000	59.173911	0.0	1739228	264	16.0
1608422512.66	16000	59.920166	0.0	1722735	236	16.0
1608422513.89	16000	59.848783	0.0	1538145	210	16.0
1608422515.08	16000	59.599768	0.0	1473412	174	16.0
1608422515.79	16000	59.850763	0.0	1498968	192	16.0
1608422517.11	16000	59.601771	0.0	2247334	301	16.0
1608422517.99	16000	59.586287	0.0	3156442	856	16.0
1608422518.68	16000	59.899603	0.0	1895098	668	16.0
1608422519.89	16000	59.854659	0.0	1939135	688	16.0
1608422521.18	16000	59.605674	0.0	1842874	263	16.0
1608422521.95	16000	59.856673	0.0	2235830	248	16.0
1608422522.75	16000	59.857773	0.0	2202171	281	16.0
1608422524.09	16000	59.608614	0.0	2242042	316	16.0
1608422524.77	16000	59.859812	0.0	1081763	165	16.0
1608422526.15	16000	59.610639	0.0	2409013	351	16.0
1608422526.89	16000	59.861789	0.0	1615028	220	16.0
1608422528.1	16000	59.612758	0.0	1413467	189	16.0
1608422528.91	16000	59.863763	0.0	1632450	293	16.0
1608422530.79	16000	58.804591	0.0	5664827	1837	16.0
1608422532.36	16000	58.231663	0.0	4578115	1540	16.0
1608422532.76	16000	58.837647	0.0	1783835	373	16.0
1608422532.99	16000	59.610264	0.0	1093613	212	16.0
1608422534.2	16000	59.618672	0.0	975642	188	16.0
1608422534.97	16000	59.843308	0.0	1658005	243	16.0
1608422535.89	16000	59.87076	0.0	3055257	397	16.0
1608422537.07	16000	59.621732	0.0	5355572	642	16.0
1608422537.94	16000	59.872777	0.0	3278424	338	16.0
1608422539.18	16000	59.623724	0.0	2318501	218	16.0
1608422539.93	16000	59.874802	0.0	2473561	224	16.0
1608422541.09	16000	59.625751	0.0	1730311	142	16.0
1608422541.73	16000	59.876787	0.0	1455812	120	16.0
1608422543.05	16000	59.627745	0.0	2869222	289	16.0
1608422544.05	16000	59.628708	0.0	3226650	480	16.0
1608422544.99	16000	59.613751	0.0	2705936	915	16.0
1608422546.4	16000	59.211251	0.0	2998622	1377	16.0
1608422547.22	16000	59.386578	0.0	2928342	798	16.0
1608422548.04	16000	59.575151	0.0	3059979	787	16.0
1608422549.03	16000	59.579986	0.0	3367422	967	16.0
1608422549.67	16000	59.938043	0.0	1950694	621	16.0
1608422551.17	16000	59.63575	0.0	1541020	472	16.0
1608422552.78	16000	58.831145	0.0	2926720	1592	16.0
1608422564.07	16000	59.648749	0.0	1008090	226	16.0
1608422564.08	16000	59.549063	0.0	1008090	226	16.0
1608422564.67	16000	59.953581	0.0	2298557	574	16.0
1608422565.95	16000	59.900758	0.0	2831497	747	16.0
1608422566.76	16000	59.874513	0.0	3200905	779	16.0
1608422567.81	16000	59.902726	0.0	2180586	532	16.0
1608422568.74	16000	59.903746	0.0	1500505	406	16.0
1608422570.06	16000	59.654642	0.0	1939246	803	16.0
1608422571.09	16000	59.542646	0.0	1599193	1006	16.0
1608422572.42	16000	59.217867	0.0	2364826	1305	16.0
1608422573.63	16000	59.01063	0.0	2517454	1174	16.0
1608422574.44	12000	59.197505	0.0	1469635	790	8.0
1608422574.94	8000	59.696467	0.0	1011581	480	4.0
1608422576.13	8000	59.660753	0.0	422329	178	8.0
1608422576.14	12000	59.496139	0.0	422329	178	8.0
1608422576.89	12000	59.911763	0.0	622694	229	12.0
1608422578.06	12000	59.662739	0.0	449729	160	12.0
1608422578.92	12000	59.913673	0.0	748394	339	12.0
1608422579.77	12000	59.914777	0.0	676139	333	12.0
1608422580.83	12000	59.915703	0.0	123294	43	12.0
1608422580.83	16000	59.810423	0.0	123294	43	12.0
1608422581.88	16000	59.916744	0.0	90390	29	16.0
1608422582.9	16000	59.91767	0.0	50278	11	16.0
1608422583.92	16000	59.918705	0.0	26471	2	16.0
1608422584.94	16000	59.919676	0.0	40620	12	16.0
1608422585.45	16000	59.853474	0.0	15267	3	16.0
