1608461729.28	4000	1.000999	0.016	60629	6	-0.512
1608461729.45	2000	1.88983	0.0	1072422	114	0.0
1608461729.62	2000	2.728765	0.0	1121405	159	2.0
1608461729.74	2000	3.636378	0.0	728514	102	2.0
1608461729.82	2000	4.557326	0.0	508013	71	2.0
1608461729.89	2000	5.492418	0.0	395538	54	2.0
1608461729.94	2000	6.441396	0.0	297276	41	2.0
1608461729.98	4000	7.396361	0.0	222226	29	2.0
1608461730.27	8000	8.108673	0.0	1838971	264	4.0
1608461730.49	8000	8.895067	0.0	1382199	199	8.0
1608461730.8	8000	9.580371	0.0	2052265	296	8.0
1608461731.26	8000	10.120462	0.0	3005823	435	8.0
1608461731.86	12000	10.524871	0.0	3844696	562	8.0
1608461732.12	12000	11.268625	0.0	1630440	241	12.0
1608461732.52	16000	11.870238	0.0	2240782	376	12.0
1608461732.91	16000	12.481268	0.0	2211169	371	16.0
1608461732.98	16000	13.408552	0.0	382046	62	16.0
1608461733.21	16000	14.181515	0.0	1113969	212	16.0
1608461733.4	16000	14.994301	0.0	820127	175	16.0
1608461734.9	16000	14.491142	0.0	6357933	1455	16.0
1608461736.23	16000	14.162222	0.0	4814284	1297	16.0
1608461737.28	16000	14.362518	0.0	3419258	1021	16.0
1608461738.34	16000	14.302384	0.0	3944328	1029	16.0
1608461739.36	16000	14.285629	0.0	4284196	982	16.0
1608461739.92	16000	14.72568	0.0	3022025	534	16.0
1608461740.25	16000	15.396687	0.0	2248581	308	16.0
1608461741.37	20000	15.283127	0.0	9946363	1032	16.0
1608461742.81	20000	14.836838	0.0	11684632	1375	20.0
1608461743.09	16000	15.559759	0.0	1849732	255	12.0
1608461743.39	20000	16.261176	0.0	1942795	277	16.0
1608461743.66	20000	16.996212	0.0	1704756	246	20.0
1608461743.92	20000	17.733623	0.0	1697111	244	20.0
1608461744.16	20000	18.498206	0.0	1529441	218	20.0
1608461744.39	20000	19.264673	0.0	1568649	216	20.0
1608461744.64	20000	20.014227	0.0	1677618	231	20.0
1608461744.85	20000	20.802911	0.0	1415096	195	20.0
1608461745.14	20000	21.521047	0.0	1894067	262	20.0
1608461745.34	20000	22.320077	0.0	1186604	184	20.0
1608461745.52	20000	23.138588	0.0	1068386	166	20.0
1608461745.81	20000	23.85486	0.0	1700843	265	20.0
1608461746.4	20000	24.265801	0.0	2536859	565	20.0
1608461747.36	20000	24.304877	0.0	4742872	926	20.0
1608461748.11	20000	24.553234	0.0	4955535	718	20.0
1608461748.27	20000	25.398608	0.0	1260540	138	20.0
1608461748.67	20000	25.997725	0.0	3605246	372	20.0
1608461748.98	20000	26.687611	0.0	2770338	286	20.0
1608461749.19	20000	27.476676	0.0	1855168	191	20.0
1608461749.4	20000	28.265338	0.0	1666915	193	20.0
1608461749.61	20000	29.057306	0.0	1555467	180	20.0
1608461749.75	20000	29.924766	0.0	1008919	116	20.0
1608461749.91	20000	30.766628	0.0	1227619	141	20.0
1608461750.04	20000	31.631217	0.0	1015853	117	20.0
1608461750.1	20000	32.576462	0.0	384076	42	20.0
1608461750.14	20000	33.531551	0.0	295687	33	20.0
1608461750.35	20000	34.328855	0.0	1328674	186	20.0
1608461750.58	20000	35.095325	0.0	1492829	217	20.0
1608461750.82	20000	35.86269	0.0	1484812	215	20.0
1608461751.11	20000	36.571274	0.0	1868314	271	20.0
1608461751.38	20000	37.297465	0.0	1253406	258	20.0
1608461751.61	20000	38.068769	0.0	887933	214	20.0
1608461751.91	20000	38.772116	0.0	1153403	279	20.0
1608461752.21	20000	39.469559	0.0	1249023	287	20.0
1608461752.44	20000	40.246017	0.0	1423973	206	20.0
1608461752.61	20000	41.076698	0.0	1060162	153	20.0
1608461752.78	20000	41.90601	0.0	1080597	156	20.0
1608461752.97	20000	42.72263	0.0	1156442	167	20.0
1608461753.27	20000	43.421925	0.0	2222640	280	20.0
1608461753.52	20000	44.171579	0.0	2587311	227	20.0
1608461753.73	20000	44.959857	0.0	2178351	191	20.0
1608461754.03	20000	45.659814	0.0	3121089	275	20.0
1608461754.3	20000	46.396638	0.0	2857420	239	20.0
1608461754.45	20000	47.247091	0.0	1702477	131	20.0
1608461754.58	20000	48.112649	0.0	1531670	118	20.0
1608461754.75	20000	48.949902	0.0	1863424	144	20.0
1608461754.92	20000	49.777868	0.0	1987392	153	20.0
1608461755.14	20000	50.562152	0.0	2505586	194	20.0
1608461755.89	20000	50.810052	0.0	9620218	694	20.0
1608461756.1	20000	51.603993	0.0	2561608	183	20.0
1608461756.44	20000	52.268781	0.0	3633991	307	20.0
1608461756.78	20000	52.918325	0.0	3324070	312	20.0
1608461756.95	20000	53.753281	0.0	1560020	146	20.0
1608461757.1	20000	54.602014	0.0	1429188	133	20.0
1608461757.29	20000	55.414174	0.0	1754144	169	20.0
1608461757.48	20000	56.228405	0.0	1626020	169	20.0
1608461757.68	20000	57.028166	0.0	1739228	180	20.0
1608461757.88	20000	57.830212	0.0	1722735	178	20.0
1608461758.06	20000	58.653016	0.0	1538145	159	20.0
1608461758.23	20000	59.483058	0.0	1473412	152	20.0
1608461758.89	20000	59.873957	0.0	1498968	141	20.0
1608461760.12	20000	59.62482	0.0	2247334	211	20.0
1608461761.12	20000	59.625902	0.0	3156442	464	20.0
1608461761.92	20000	59.876892	0.0	1895098	284	20.0
1608461763.23	20000	59.628023	0.0	1939135	284	20.0
1608461764.01	20000	59.878545	0.0	1842874	265	20.0
1608461764.86	20000	59.879922	0.0	2235830	327	20.0
1608461766.22	20000	59.630971	0.0	2202171	332	20.0
1608461767.14	20000	59.632026	0.0	2242042	395	20.0
1608461767.88	20000	59.882751	0.0	1081763	217	20.0
1608461768.97	20000	59.883946	0.0	2409013	563	20.0
1608461770.33	20000	59.634924	0.0	1615028	342	20.0
1608461770.75	20000	59.973328	0.0	1413467	395	20.0
1608461772.23	20000	59.636916	0.0	1632450	458	20.0
1608461773.35	20000	59.378665	0.0	5664827	1076	20.0
1608461774.25	20000	59.480348	0.0	4578115	867	20.0
1608461775.07	20000	59.89007	0.0	1783835	299	20.0
1608461776.26	20000	59.641015	0.0	1093613	178	20.0
1608461776.9	20000	59.892046	0.0	975642	118	20.0
1608461778.12	20000	59.642939	0.0	1658005	196	20.0
1608461779.08	20000	59.844516	0.0	3055257	428	20.0
1608461779.85	20000	59.881431	0.0	5355572	734	20.0
1608461781.31	20000	59.645955	0.0	3278424	429	20.0
1608461782.08	20000	59.896971	0.0	2318501	244	20.0
1608461782.86	20000	59.897921	0.0	2473561	262	20.0
1608461784.06	20000	59.89897	0.0	1730311	175	20.0
1608461785.22	20000	59.649901	0.0	1455812	135	20.0
1608461786.02	20000	59.900895	0.0	2869222	276	20.0
1608461786.85	20000	59.902055	0.0	3226650	301	20.0
1608461788.11	20000	59.652972	0.0	2705936	233	20.0
1608461788.92	20000	59.903931	0.0	2998622	278	20.0
1608461790.19	20000	59.655021	0.0	2928342	244	20.0
1608461790.96	20000	59.905997	0.0	3059979	242	20.0
1608461792.26	20000	59.656936	0.0	3367422	271	20.0
1608461792.93	20000	59.907938	0.0	1950694	147	20.0
1608461794.07	20000	59.908989	0.0	1541020	118	20.0
1608461795.34	20000	59.659953	0.0	2926720	236	20.0
1608461796.09	20000	59.660926	0.0	2991202	227	20.0
1608461796.85	20000	59.912013	0.0	3002106	234	20.0
1608461798.04	20000	59.912949	0.0	2015412	165	20.0
1608461799.27	20000	59.663971	0.0	2894863	206	20.0
1608461799.97	20000	59.914974	0.0	2185316	164	20.0
1608461801.24	20000	59.665955	0.0	3370605	248	20.0
1608461802.02	20000	59.917008	0.0	3492243	250	20.0
1608461803.15	20000	59.667952	0.0	1307592	106	20.0
1608461804.33	20000	59.669032	0.0	1881404	166	20.0
1608461805.0	20000	59.91993	0.0	1806471	142	20.0
1608461806.16	20000	59.670961	0.0	1945842	140	20.0
1608461806.85	20000	59.922023	0.0	2538877	166	20.0
1608461808.0	20000	59.922955	0.0	2298557	128	20.0
1608461809.2	20000	59.673959	0.0	2831497	168	20.0
1608461809.94	20000	59.924937	0.0	3200905	213	20.0
1608461811.12	20000	59.676025	0.0	2180586	160	20.0
1608461812.27	20000	59.676919	0.0	1500505	124	20.0
1608461812.98	20000	59.928024	0.0	1939246	190	20.0
1608461814.17	20000	59.67902	0.0	1599193	167	20.0
1608461814.97	20000	59.929957	0.0	2364826	278	20.0
1608461815.97	20000	59.931015	0.0	2517454	475	20.0
1608461817.22	20000	59.682063	0.0	1883143	728	20.0
1608461818.23	20000	59.683006	0.0	1726706	490	20.0
1608461818.89	20000	59.933958	0.0	707364	142	20.0
1608461820.05	20000	59.935023	0.0	796460	146	20.0
1608461821.26	20000	59.680544	0.0	596962	189	20.0
1608461822.08	20000	59.936952	0.0	947625	299	20.0
1608461823.28	20000	59.688027	0.0	832859	192	20.0
1608461823.85	20000	59.938933	0.0	151562	50	20.0
1608461824.93	20000	59.939906	0.0	90390	66	20.0
1608461825.95	20000	59.94089	0.0	50278	8	20.0
1608461826.97	20000	59.942011	0.0	26471	1	20.0
1608461827.98	20000	59.94292	0.0	40620	1	20.0
1608461828.32	4000	1.000999	0.046	335737	34	-1.472
1608461828.44	2000	2.001999	0.0	1072422	102	0.0
1608461828.57	2000	3.002999	0.0	1121405	107	2.0
1608461828.65	2000	3.942795	0.0	728514	69	2.0
1608461828.72	2000	4.870332	0.0	508013	59	2.0
1608461828.78	2000	5.811957	0.0	395538	46	2.0
1608461828.83	4000	6.763873	0.0	274373	30	2.0
1608461828.87	4000	7.728371	0.0	222226	25	4.0
1608461829.12	8000	8.48211	0.0	1838971	220	4.0
1608461829.31	8000	9.295109	0.0	1382199	164	8.0
1608461829.58	8000	10.035257	0.0	2052265	247	8.0
1608461830.19	12000	10.421293	0.0	4074608	576	8.0
1608461830.82	12000	10.795778	0.0	3844696	599	12.0
1608461831.18	12000	11.434647	0.0	1630440	345	12.0
1608461831.68	16000	11.937576	0.0	2240782	474	12.0
1608461832.41	16000	12.213627	0.0	2211169	705	16.0
1608461832.53	16000	13.085879	0.0	382046	117	16.0
1608461832.91	16000	13.71379	0.0	1113969	360	16.0
1608461833.19	16000	14.428448	0.0	820127	274	16.0
1608461834.94	16000	13.908602	0.0	6357933	1688	16.0
1608461835.94	16000	13.908585	0.0	4814284	964	16.0
1608461836.63	16000	14.218866	0.0	3419258	662	16.0
1608461837.27	16000	14.581923	0.0	3944328	604	16.0
1608461837.9	16000	14.946283	0.0	4284196	602	16.0
1608461838.3	16000	15.551783	0.0	3022025	371	16.0
1608461838.6	20000	16.255286	0.0	2248581	275	16.0
1608461839.88	20000	15.971855	0.0	9946363	1196	20.0
1608461841.3	20000	15.553238	0.0	11684632	1344	20.0
1608461841.51	20000	16.341511	0.0	1849732	192	20.0
1608461841.73	20000	17.120472	0.0	1942795	201	20.0
1608461841.92	20000	17.935122	0.0	1704756	159	20.0
1608461842.1	20000	18.757117	0.0	1697111	159	20.0
1608461842.26	20000	19.596329	0.0	1529441	144	20.0
1608461842.43	20000	20.429964	0.0	1568649	148	20.0
1608461842.61	20000	21.252499	0.0	1677618	158	20.0
