1608466660.57	4000	1.000999	0.045	60629	1	-0.8999999999999999
1608466662.86	20000	1.396192	1.634	11007815	2133	-28.68
1608466663.28	2000	2.033491	0.0	1121405	336	-16.0
1608466663.53	2000	2.972688	0.0	728514	162	2.0
1608466663.83	8000	3.671257	0.0	946554	213	2.0
1608466664.09	8000	4.44136	0.0	768486	171	8.0
1608466664.26	8000	5.271172	0.0	398693	87	8.0
1608466664.49	16000	6.037107	0.0	730082	153	8.0
1608466665.49	20000	6.043117	0.0	4047415	904	16.0
1608466666.4	20000	6.136482	0.0	2863079	818	20.0
1608466667.63	20000	6.125174	0.0	4167844	1132	20.0
1608466668.88	20000	5.870439	0.0	5571764	1150	20.0
1608466670.01	20000	5.745606	0.0	4925652	1020	20.0
1608466670.58	20000	6.174073	0.0	2030157	485	20.0
1608466671.29	20000	6.469521	0.0	2240782	619	20.0
1608466672.14	20000	6.61927	0.0	2211169	764	20.0
1608466672.35	20000	7.410729	0.0	382046	126	20.0
1608466672.98	20000	7.776558	0.0	1113969	555	20.0
1608466673.74	20000	8.017134	0.0	820127	677	20.0
1608466676.18	8000	6.584753	0.0	4001900	2330	-4.0
1608466676.66	8000	7.099842	0.0	3029729	389	8.0
1608466676.99	8000	7.77836	0.0	2083035	233	8.0
1608466677.33	8000	8.431765	0.0	2281353	256	8.0
1608466678.06	16000	8.701504	0.0	4284196	621	8.0
1608466678.73	20000	9.044428	0.0	3022025	566	16.0
1608466679.36	20000	9.409413	0.0	2248581	540	20.0
1608466681.64	20000	8.134481	0.0	9946363	2147	20.0
1608466683.87	20000	6.896201	0.0	11684632	2099	20.0
1608466684.33	20000	7.446334	0.0	1849732	364	20.0
1608466684.85	20000	7.92519	0.0	1942795	435	20.0
1608466685.32	20000	8.448602	0.0	1704756	384	20.0
1608466685.95	20000	8.826651	0.0	1697111	537	20.0
1608466686.57	20000	9.208913	0.0	1529441	532	20.0
1608466687.41	20000	9.362089	0.0	1568649	763	20.0
1608466687.93	20000	9.849032	0.0	1677618	427	20.0
1608466688.37	20000	10.406093	0.0	1415096	359	20.0
1608466688.76	20000	11.017798	0.0	1894067	302	20.0
1608466689.03	20000	11.747575	0.0	1186604	188	20.0
1608466689.29	20000	12.495576	0.0	1068386	169	20.0
1608466689.63	20000	13.149888	0.0	1700843	262	20.0
1608466690.11	20000	13.669217	0.0	2536859	390	20.0
1608466690.99	20000	13.791743	0.0	4742872	777	20.0
1608466691.96	20000	13.820843	0.0	4955535	870	20.0
1608466692.27	20000	14.512224	0.0	1260540	225	20.0
1608466693.32	20000	14.471697	0.0	3605246	948	20.0
1608466694.13	20000	14.660073	0.0	2770338	722	20.0
1608466694.64	20000	15.154325	0.0	1855168	422	20.0
1608466695.03	20000	15.756788	0.0	1666915	314	20.0
1608466695.41	20000	16.380413	0.0	1555467	292	20.0
1608466695.78	20000	17.017031	0.0	1008919	280	20.0
1608466696.2	20000	17.5929	0.0	1227619	343	20.0
1608466696.55	20000	18.241726	0.0	1015853	268	20.0
1608466696.72	20000	19.076147	0.0	384076	86	20.0
1608466696.86	20000	19.931487	0.0	295687	65	20.0
1608466697.26	20000	20.540291	0.0	1328674	309	20.0
1608466697.63	20000	21.166809	0.0	1492829	289	20.0
1608466697.96	20000	21.842735	0.0	1484812	240	20.0
1608466698.35	20000	22.451489	0.0	1868314	304	20.0
1608466698.64	20000	23.165516	0.0	1253406	202	20.0
1608466698.86	20000	23.939559	0.0	887933	145	20.0
1608466699.13	20000	24.670926	0.0	1153403	188	20.0
1608466699.42	20000	25.385875	0.0	1249023	204	20.0
1608466699.75	20000	26.060295	0.0	1423973	240	20.0
1608466700.01	20000	26.799106	0.0	1060162	180	20.0
1608466700.27	20000	27.534174	0.0	1080597	184	20.0
1608466700.55	20000	28.258387	0.0	1156442	194	20.0
1608466701.04	20000	28.767282	0.0	2222640	405	20.0
1608466701.6	20000	29.206396	0.0	2587311	473	20.0
1608466702.11	20000	29.697925	0.0	2178351	420	20.0
1608466702.8	20000	30.007853	0.0	3121089	597	20.0
1608466703.44	20000	30.37062	0.0	2857420	546	20.0
1608466703.83	20000	30.98241	0.0	1702477	300	20.0
1608466704.19	20000	31.62268	0.0	1531670	272	20.0
1608466704.61	20000	32.210994	0.0	1863424	327	20.0
1608466705.03	20000	32.7875	0.0	1987392	336	20.0
1608466705.54	20000	33.274543	0.0	2505586	425	20.0
1608466707.35	20000	32.465993	0.0	9620218	1684	20.0
1608466708.26	20000	32.560097	0.0	2561608	815	20.0
1608466709.9	20000	31.924065	0.0	3633991	1543	20.0
1608466710.83	20000	31.992989	0.0	3324070	838	20.0
1608466711.16	20000	32.663911	0.0	1560020	243	20.0
1608466711.47	20000	33.357622	0.0	1429188	223	20.0
1608466711.76	20000	34.06816	0.0	1754144	202	20.0
1608466712.02	20000	34.806353	0.0	1626020	178	20.0
1608466712.3	20000	35.530712	0.0	1739228	191	20.0
1608466712.58	20000	36.258885	0.0	1722735	189	20.0
1608466712.85	20000	36.982274	0.0	1538145	185	20.0
1608466713.11	20000	37.719966	0.0	1473412	177	20.0
1608466713.38	20000	38.455166	0.0	1498968	181	20.0
1608466713.74	20000	39.097089	0.0	2247334	272	20.0
1608466714.22	20000	39.617791	0.0	3156442	386	20.0
1608466714.53	20000	40.301819	0.0	1895098	230	20.0
1608466714.85	20000	40.989751	0.0	1939135	226	20.0
1608466715.15	20000	41.689601	0.0	1842874	214	20.0
1608466715.5	20000	42.340473	0.0	2235830	261	20.0
1608466715.83	20000	43.005105	0.0	2202171	249	20.0
1608466716.17	20000	43.664781	0.0	2242042	253	20.0
1608466716.38	20000	44.462253	0.0	1081763	122	20.0
1608466716.74	20000	45.101037	0.0	2409013	273	20.0
1608466717.02	20000	45.827098	0.0	1615028	182	20.0
1608466717.26	20000	46.581236	0.0	1413467	161	20.0
1608466717.53	20000	47.312114	0.0	1632450	186	20.0
1608466718.38	20000	47.46414	0.0	5664827	740	20.0
1608466719.15	20000	47.699354	0.0	4578115	665	20.0
1608466719.5	20000	48.344171	0.0	1783835	269	20.0
1608466719.73	20000	49.11659	0.0	1093613	146	20.0
1608466719.94	20000	49.911225	0.0	975642	124	20.0
1608466720.24	20000	50.6154	0.0	1658005	212	20.0
1608466720.7	20000	51.147628	0.0	3055257	377	20.0
1608466721.34	20000	51.52253	0.0	5355572	522	20.0
1608466721.74	20000	52.118622	0.0	3278424	306	20.0
1608466722.02	20000	52.838284	0.0	2318501	194	20.0
1608466722.32	20000	53.540158	0.0	2473561	207	20.0
1608466722.55	20000	54.310186	0.0	1730311	145	20.0
1608466722.76	20000	55.100369	0.0	1455812	126	20.0
1608466723.1	20000	55.756007	0.0	2869222	256	20.0
1608466723.48	20000	56.378769	0.0	3226650	287	20.0
1608466723.82	20000	57.045585	0.0	2705936	245	20.0
1608466724.18	20000	57.678455	0.0	2998622	277	20.0
1608466724.54	20000	58.317888	0.0	2928342	270	20.0
1608466725.01	20000	58.858152	0.0	3059979	368	20.0
1608466725.52	20000	59.343957	0.0	3367422	425	20.0
1608466725.96	20000	59.901769	0.0	1950694	357	20.0
1608466727.37	20000	59.613139	0.0	1541020	322	20.0
1608466728.11	20000	59.755826	0.0	2926720	649	20.0
1608466729.29	20000	59.615181	0.0	2991202	587	20.0
1608466730.14	20000	59.724938	0.0	3002106	765	20.0
1608466730.88	20000	59.986288	0.0	2015412	655	20.0
1608466732.35	20000	59.617983	0.0	2894863	870	20.0
1608466733.06	20000	59.813681	0.0	2185316	624	20.0
1608466734.08	20000	59.795466	0.0	3370605	918	20.0
1608466735.21	20000	59.664463	0.0	3492243	1037	20.0
1608466736.24	20000	59.831008	0.0	1307592	446	20.0
1608466737.01	20000	59.867103	0.0	1881404	680	20.0
1608466738.18	20000	59.874058	0.0	1806471	586	20.0
1608466739.03	20000	59.845019	0.0	1945842	762	20.0
1608466741.09	20000	58.789024	0.0	2538877	1967	20.0
1608466742.89	20000	57.987894	0.0	2298557	1713	20.0
1608466744.18	20000	57.703733	0.0	2831497	1191	20.0
1608466745.44	20000	57.442806	0.0	3200905	1171	20.0
1608466746.31	20000	57.576847	0.0	2180586	779	20.0
1608466746.92	20000	57.965797	0.0	1500505	525	20.0
1608466747.61	20000	58.271359	0.0	1939246	606	20.0
1608466748.18	20000	58.710985	0.0	1599193	473	20.0
1608466748.95	20000	58.935099	0.0	2364826	685	20.0
1608466749.73	20000	59.159446	0.0	2517454	685	20.0
1608466750.21	20000	59.676619	0.0	1883143	395	20.0
1608466751.17	20000	59.887023	0.0	1726706	362	20.0
1608466752.41	20000	59.637978	0.0	707364	156	20.0
1608466753.27	20000	59.638943	0.0	796460	271	20.0
1608466754.13	20000	59.890076	0.0	596962	277	20.0
1608466755.06	20000	59.891142	0.0	947625	353	20.0
1608466756.4	20000	59.642008	0.0	832859	252	20.0
1608466757.02	20000	59.893055	0.0	151562	36	20.0
1608466758.11	20000	59.894084	0.0	90390	19	20.0
1608466759.17	20000	59.895078	0.0	50278	8	20.0
1608466760.23	20000	59.896121	0.0	26471	2	20.0
1608466761.27	20000	59.647127	0.0	40620	7	20.0
1608466761.74	4000	1.000999	0.13	334032	119	-2.6
1608466765.65	4000	1.41504	3.043	6594552	3790	-56.86
1608466766.86	4000	1.29638	0.067	4402139	1105	2.66
1608466767.53	8000	1.643509	0.0	1798447	573	4.0
1608466768.2	16000	1.972666	0.0	1661718	578	8.0
1608466768.82	20000	2.360598	0.0	1315024	529	16.0
1608466769.2	20000	2.976672	0.0	698359	302	20.0
1608466769.61	20000	3.564389	0.0	730082	331	20.0
1608466773.26	16000	1.269167	0.349	4047415	3547	5.02
1608466775.0	8000	1.369338	0.842	1382199	1652	-16.84
1608466775.42	2000	1.948765	0.0	905521	330	-4.0
1608466775.87	2000	2.507945	0.0	975494	355	2.0
1608466776.16	2000	3.214904	0.0	873443	208	2.0
1608466776.45	4000	3.927519	0.0	898461	203	2.0
1608466777.04	20000	4.33822	0.0	2240782	504	4.0
1608466777.54	20000	4.839526	0.0	2211169	417	20.0
1608466777.68	20000	5.695589	0.0	382046	69	20.0
1608466777.97	20000	6.410178	0.0	1113969	209	20.0
1608466778.18	20000	7.194423	0.0	820127	139	20.0
1608466779.38	20000	7.030672	0.0	6357933	1078	20.0
1608466780.18	20000	7.436454	0.0	4814284	703	20.0
1608466780.65	20000	7.973501	0.0	3419258	368	20.0
1608466781.14	20000	8.479705	0.0	3944328	398	20.0
1608466781.61	20000	9.007709	0.0	4284196	374	20.0
1608466781.97	20000	9.651829	0.0	3022025	263	20.0
1608466782.26	20000	10.359077	0.0	2248581	205	20.0
1608466783.33	20000	10.293152	0.0	9946363	919	20.0
1608466784.54	20000	10.083792	0.0	11684632	1072	20.0
1608466784.79	20000	10.832848	0.0	1849732	165	20.0
1608466785.05	20000	11.575288	0.0	1942795	172	20.0
1608466785.29	20000	12.336899	0.0	1704756	153	20.0
1608466785.53	20000	13.099575	0.0	1697111	153	20.0
1608466785.75	20000	13.878339	0.0	1529441	138	20.0
1608466785.98	20000	14.652761	0.0	1568649	142	20.0
