1608483148.92	4000	1.000999	0.015	60629	5	-0.48
1608483151.11	20000	1.476105	1.639	11007815	2091	-48.448
1608483152.28	8000	1.55617	0.0	7078153	1106	-4.0
1608483152.52	8000	2.39722	0.0	1798447	213	8.0
1608483152.65	8000	3.26991	0.0	946554	111	8.0
1608483152.74	8000	4.180549	0.0	768486	75	8.0
1608483152.78	8000	5.14143	0.0	398693	28	8.0
1608483152.84	20000	6.075565	0.0	730082	52	8.0
1608483153.17	20000	6.772025	0.0	4047415	296	20.0
1608483153.4	20000	7.539872	0.0	2863079	209	20.0
1608483153.74	20000	8.205732	0.0	4167844	305	20.0
1608483154.26	20000	8.68879	0.0	5571764	479	20.0
1608483154.73	20000	9.226976	0.0	4925652	424	20.0
1608483155.03	20000	9.917328	0.0	2030157	280	20.0
1608483155.36	20000	10.585534	0.0	2240782	310	20.0
1608483155.69	20000	11.255609	0.0	2211169	306	20.0
1608483155.75	20000	12.204994	0.0	382046	36	20.0
1608483155.83	20000	13.120265	0.0	1113969	67	20.0
1608483155.9	20000	14.056316	0.0	820127	50	20.0
1608483156.33	20000	14.620912	0.0	6357933	390	20.0
1608483156.66	20000	15.290195	0.0	4814284	295	20.0
1608483156.99	20000	15.968847	0.0	3419258	292	20.0
1608483157.4	20000	16.558701	0.0	3944328	377	20.0
1608483158.04	20000	16.920867	0.0	4284196	604	20.0
1608483158.86	20000	17.101649	0.0	3022025	793	20.0
1608483159.09	16000	17.872697	0.0	2248581	208	12.0
1608483160.06	16000	17.904761	0.0	9946363	907	16.0
1608483161.01	12000	17.95535	0.0	9808342	878	8.0
1608483161.17	12000	18.795032	0.0	1491397	141	12.0
1608483161.33	12000	19.628468	0.0	1560434	149	12.0
1608483161.52	20000	20.444143	0.0	1704756	162	12.0
1608483161.7	20000	21.265217	0.0	1697111	161	20.0
1608483161.88	20000	22.090273	0.0	1529441	158	20.0
1608483162.07	20000	22.899688	0.0	1568649	173	20.0
1608483162.27	20000	23.696696	0.0	1677618	185	20.0
1608483162.44	20000	24.524597	0.0	1415096	156	20.0
1608483162.68	20000	25.29427	0.0	1894067	209	20.0
1608483162.82	20000	26.152281	0.0	1186604	125	20.0
1608483162.95	20000	27.025385	0.0	1068386	104	20.0
1608483163.13	20000	27.838441	0.0	1700843	170	20.0
1608483163.41	20000	28.562911	0.0	2536859	254	20.0
1608483163.88	20000	29.092398	0.0	4742872	434	20.0
1608483164.24	20000	29.738664	0.0	4955535	317	20.0
1608483164.33	20000	30.642121	0.0	1260540	80	20.0
1608483164.59	20000	31.384273	0.0	3605246	231	20.0
1608483164.8	20000	32.182897	0.0	2770338	177	20.0
1608483165.78	20000	32.203446	0.0	1855168	960	20.0
1608483165.85	8000	33.134578	0.0	1020736	49	-4.0
1608483165.91	8000	34.075617	0.0	965874	44	8.0
1608483165.96	8000	35.026519	0.0	762421	34	8.0
1608483166.02	8000	35.972475	0.0	883591	40	8.0
1608483166.07	8000	36.918062	0.0	750345	33	8.0
1608483166.1	20000	37.885419	0.0	384076	17	8.0
1608483166.13	20000	38.861162	0.0	295687	13	20.0
1608483166.2	20000	39.784361	0.0	1328674	60	20.0
1608483166.29	20000	40.698488	0.0	1492829	69	20.0
1608483166.38	20000	41.613182	0.0	1484812	68	20.0
1608483166.48	20000	42.508217	0.0	1868314	85	20.0
1608483166.56	20000	43.434949	0.0	1253406	57	20.0
1608483166.61	20000	44.379816	0.0	887933	40	20.0
1608483166.68	20000	45.311234	0.0	1153403	52	20.0
1608483166.77	20000	46.227442	0.0	1249023	67	20.0
1608483166.94	20000	47.05334	0.0	1423973	157	20.0
1608483167.11	20000	47.88792	0.0	1060162	150	20.0
1608483167.28	20000	48.719516	0.0	1080597	153	20.0
1608483167.46	20000	49.539172	0.0	1156442	165	20.0
1608483167.8	20000	50.197628	0.0	2222640	318	20.0
1608483168.03	20000	50.970061	0.0	2587311	205	20.0
1608483168.23	20000	51.771126	0.0	2178351	171	20.0
1608483168.51	20000	52.497584	0.0	3121089	247	20.0
1608483168.76	20000	53.244191	0.0	2857420	226	20.0
1608483168.94	20000	54.061599	0.0	1702477	163	20.0
1608483169.13	20000	54.878835	0.0	1531670	158	20.0
1608483169.34	20000	55.66662	0.0	1863424	193	20.0
1608483169.57	20000	56.439881	0.0	1987392	206	20.0
1608483169.85	20000	57.159809	0.0	2505586	259	20.0
1608483170.87	20000	57.140815	0.0	9620218	956	20.0
1608483171.19	20000	57.819512	0.0	2561608	295	20.0
1608483171.64	20000	58.371236	0.0	3633991	420	20.0
1608483172.09	20000	58.928182	0.0	3324070	416	20.0
1608483172.32	16000	59.694206	0.0	1560020	208	12.0
1608483173.53	16000	59.59145	0.0	1429188	190	16.0
1608483174.28	20000	59.842413	0.0	1754144	231	16.0
1608483175.58	20000	59.59345	0.0	1626020	280	20.0
1608483176.36	20000	59.84438	0.0	1739228	257	20.0
1608483177.56	20000	59.59544	0.0	1722735	180	20.0
1608483178.22	20000	59.846416	0.0	1538145	136	20.0
1608483179.39	20000	59.847323	0.0	1473412	154	20.0
1608483180.56	20000	59.598443	0.0	1498968	146	20.0
1608483181.3	20000	59.849405	0.0	2247334	219	20.0
1608483182.18	20000	59.850438	0.0	3156442	354	20.0
1608483183.4	20000	59.851478	0.0	1895098	204	20.0
1608483184.31	20000	59.85247	0.0	1939135	382	20.0
1608483185.26	20000	59.853484	0.0	1842874	436	20.0
1608483186.22	16000	59.805339	0.0	2235830	936	12.0
1608483187.47	8000	59.605439	0.0	1236644	227	0.0
1608483188.24	8000	59.856442	0.0	1286142	247	8.0
1608483189.4	8000	59.857357	0.0	675899	148	8.0
1608483190.24	8000	59.858403	0.0	1606544	324	8.0
1608483191.55	8000	59.609453	0.0	1066218	282	8.0
1608483192.42	16000	59.829583	0.0	1413467	354	8.0
1608483193.04	16000	59.995068	0.0	1632450	598	16.0
1608483194.49	12000	59.612347	0.0	4082189	415	8.0
1608483195.24	12000	59.863439	0.0	3284299	217	12.0
1608483196.34	12000	59.864444	0.0	1412347	81	12.0
1608483197.42	16000	59.865353	0.0	1093613	54	12.0
1608483198.49	16000	59.616401	0.0	975642	49	16.0
1608483199.59	20000	59.617356	0.0	1658005	82	16.0
1608483200.26	20000	59.868327	0.0	3055257	140	20.0
1608483201.63	20000	59.619483	0.0	5355572	333	20.0
1608483202.39	20000	59.870453	0.0	3278424	230	20.0
1608483203.66	20000	59.621475	0.0	2318501	241	20.0
1608483204.3	20000	59.750196	0.0	2473561	614	20.0
1608483205.33	20000	59.873499	0.0	1730311	511	20.0
1608483206.65	16000	59.624456	0.0	1455812	308	12.0
1608483207.22	12000	59.827022	0.0	2294159	543	8.0
1608483208.26	8000	59.876473	0.0	1969173	509	4.0
1608483209.25	8000	59.87745	0.0	1618621	478	8.0
1608483210.28	8000	59.878372	0.0	1825708	504	8.0
1608483211.23	8000	59.821764	0.0	1780068	933	8.0
1608483212.18	4000	59.880443	0.0	1227805	421	0.0
1608483213.3	4000	59.881472	0.0	1328172	609	4.0
1608483214.51	4000	59.632352	0.0	755940	685	4.0
1608483215.21	4000	59.883358	0.0	542221	191	4.0
1608483216.52	4000	59.634455	0.0	1043429	295	4.0
1608483217.3	4000	59.885429	0.0	1080376	252	4.0
1608483218.61	4000	59.636357	0.0	1087843	298	4.0
1608483219.49	8000	59.637459	0.0	1149171	349	4.0
1608483220.57	16000	59.493871	0.0	2894863	1050	8.0
1608483221.09	8000	59.975991	0.0	1269548	498	0.0
1608483222.07	8000	59.996921	0.0	2108361	958	8.0
1608483223.37	4000	59.891437	0.0	1535058	777	0.0
1608483224.3	4000	59.892364	0.0	516135	416	4.0
1608483225.24	4000	59.893339	0.0	781150	425	4.0
1608483226.25	4000	59.894432	0.0	723162	491	4.0
1608483227.48	4000	59.645425	0.0	787496	714	4.0
1608483228.43	4000	59.646421	0.0	1008090	435	4.0
1608483229.35	4000	59.897401	0.0	920901	397	4.0
1608483230.39	4000	59.898355	0.0	1141486	522	4.0
1608483231.54	4000	59.649436	0.0	1305395	633	4.0
1608483232.52	4000	59.650411	0.0	854393	466	4.0
1608483233.44	4000	59.651364	0.0	602217	407	4.0
1608483234.36	4000	59.71369	0.0	819411	902	4.0
1608483235.57	2000	59.653356	0.0	339538	191	0.0
1608483236.53	4000	59.545808	0.0	905448	942	2.0
1608483237.27	2000	59.806849	0.0	491670	724	0.0
1608483238.57	2000	59.656356	0.0	462611	286	2.0
1608483239.5	2000	59.657383	0.0	415951	416	2.0
1608483240.31	2000	59.908313	0.0	156751	287	2.0
1608483241.6	2000	59.659352	0.0	181344	272	2.0
1608483242.31	2000	59.910392	0.0	138957	201	2.0
1608483243.21	4000	59.911441	0.0	385891	383	2.0
1608483244.45	2000	59.662393	0.0	181915	219	0.0
1608483245.53	4000	59.663367	0.0	71077	54	2.0
1608483246.56	4000	59.664448	0.0	37732	17	4.0
1608483247.58	4000	59.665409	0.0	26108	5	4.0
1608483248.59	4000	59.666441	0.0	20475	1	4.0
1608483249.6	4000	59.667443	0.0	22446	2	4.0
1608483249.95	4000	1.000999	0.033	60629	23	-1.056
1608483254.93	20000	1.300861	4.259	11007815	4870	-132.288
1608483255.38	2000	2.02518	0.0	1121405	427	-16.0
1608483255.64	2000	2.808718	0.0	728514	247	2.0
1608483255.83	2000	3.625402	0.0	508013	170	2.0
1608483255.97	2000	4.50916	0.0	395538	131	2.0
1608483256.08	2000	5.399604	0.0	297276	98	2.0
1608483256.37	16000	6.118317	0.0	730082	248	2.0
1608483257.51	16000	5.97672	0.0	4047415	1114	16.0
1608483257.9	8000	6.589244	0.0	1382199	367	0.0
1608483258.44	8000	7.046932	0.0	2052265	526	8.0
1608483259.1	8000	7.384184	0.0	3005823	640	8.0
1608483259.69	8000	7.801382	0.0	2879726	562	8.0
1608483259.93	8000	8.556089	0.0	1267052	232	8.0
1608483260.19	8000	9.301743	0.0	1316661	241	8.0
1608483260.51	12000	9.981105	0.0	1662097	300	8.0
1608483260.59	16000	10.90286	0.0	382046	66	12.0
1608483260.8	16000	11.691536	0.0	1113969	200	16.0
1608483260.96	20000	12.534287	0.0	820127	146	16.0
1608483262.65	20000	12.076505	0.0	6357933	1643	20.0
1608483263.32	8000	12.400973	0.0	3029729	646	-4.0
1608483263.81	8000	12.918238	0.0	2083035	460	8.0
1608483264.34	8000	13.385717	0.0	2281353	511	8.0
1608483264.96	8000	13.768223	0.0	2599148	595	8.0
1608483265.42	8000	14.308849	0.0	1926191	440	8.0
1608483265.73	8000	14.996288	0.0	1427209	294	8.0
1608483267.04	8000	14.690041	0.0	6361262	1263	8.0
1608483269.49	8000	13.238008	0.0	7838407	2400	8.0
1608483269.73	4000	14.000666	0.0	764013	208	0.0
1608483269.96	4000	14.770093	0.0	795179	217	4.0
1608483270.18	4000	15.554563	0.0	741228	201	4.0
1608483270.4	4000	16.334751	0.0	760332	207	4.0
1608483270.87	8000	16.868389	0.0	1029204	449	4.0
1608483271.47	12000	17.265706	0.0	1314540	583	8.0
