1608444859.52	4000	1.000999	0.028	60629	18	-0.56
1608444862.3	4000	1.326606	2.074	6594552	2637	-37.48
1608444876.03	4000	1.377049	12.458	4402139	13637	-245.16
1608444876.28	4000	2.135416	0.0	1043358	160	4.0
1608444876.54	12000	2.88449	0.0	1379579	181	4.0
1608444876.8	20000	3.625778	0.0	1315024	172	12.0
1608444876.97	20000	4.45923	0.0	698359	90	20.0
1608444877.14	20000	5.288448	0.0	730082	95	20.0
1608444878.38	20000	5.05043	0.0	4047415	1145	20.0
1608444878.66	20000	5.772734	0.0	2863079	191	20.0
1608444879.03	20000	6.400804	0.0	4167844	280	20.0
1608444879.55	20000	6.896314	0.0	5571764	401	20.0
1608444880.01	20000	7.430427	0.0	4925652	358	20.0
1608444880.24	20000	8.192562	0.0	2030157	153	20.0
1608444880.51	20000	8.928372	0.0	2240782	181	20.0
1608444880.77	20000	9.665418	0.0	2211169	178	20.0
1608444880.88	20000	10.557179	0.0	382046	29	20.0
1608444881.05	20000	11.388408	0.0	1113969	89	20.0
1608444881.2	20000	12.241818	0.0	820127	67	20.0
1608444881.94	20000	12.506213	0.0	6357933	631	20.0
1608444882.48	20000	12.95926	0.0	4814284	450	20.0
1608444882.88	20000	13.560615	0.0	3419258	309	20.0
1608444883.34	20000	14.107072	0.0	3944328	362	20.0
1608444883.84	20000	14.60711	0.0	4284196	405	20.0
1608444884.22	20000	15.230871	0.0	3022025	287	20.0
1608444884.58	20000	15.873906	0.0	2248581	271	20.0
1608444886.03	20000	15.421779	0.0	9946363	1312	20.0
1608444888.9	20000	13.559583	0.0	11684632	2722	20.0
1608444889.38	20000	14.076109	0.0	1849732	392	20.0
1608444889.89	20000	14.566903	0.0	1942795	424	20.0
1608444890.37	20000	15.081225	0.0	1704756	401	20.0
1608444890.96	20000	15.496352	0.0	1697111	501	20.0
1608444891.41	20000	16.042922	0.0	1529441	370	20.0
1608444891.81	20000	16.644012	0.0	1568649	317	20.0
1608444892.24	20000	17.221129	0.0	1677618	339	20.0
1608444892.6	20000	17.862314	0.0	1415096	278	20.0
1608444893.06	20000	18.403742	0.0	1894067	374	20.0
1608444893.36	20000	19.099574	0.0	1186604	222	20.0
1608444893.64	20000	19.824477	0.0	1068386	195	20.0
1608444894.04	20000	20.42957	0.0	1700843	312	20.0
1608444894.57	20000	20.897741	0.0	2536859	438	20.0
1608444895.49	20000	20.97245	0.0	4742872	825	20.0
1608444896.65	20000	20.819017	0.0	4955535	1055	20.0
1608444897.09	20000	21.380465	0.0	1260540	358	20.0
1608444897.72	20000	21.750521	0.0	3605246	538	20.0
1608444898.17	20000	22.296258	0.0	2770338	366	20.0
1608444898.54	20000	22.930205	0.0	1855168	282	20.0
1608444898.88	20000	23.586944	0.0	1666915	260	20.0
1608444899.21	20000	24.261715	0.0	1555467	243	20.0
1608444899.54	20000	24.930431	0.0	1008919	250	20.0
1608444899.94	20000	25.533784	0.0	1227619	315	20.0
1608444900.28	20000	26.193458	0.0	1015853	261	20.0
1608444900.5	20000	26.978686	0.0	384076	139	20.0
1608444900.68	20000	27.796745	0.0	295687	106	20.0
1608444901.26	20000	28.2177	0.0	1328674	498	20.0
1608444902.48	20000	27.997599	0.0	1492829	1137	20.0
1608444903.35	20000	28.129176	0.0	1484812	786	20.0
1608444904.01	20000	28.472626	0.0	1868314	573	20.0
1608444904.52	20000	28.965551	0.0	1253406	426	20.0
1608444904.96	20000	29.524399	0.0	887933	363	20.0
1608444905.48	20000	30.00044	0.0	1153403	444	20.0
1608444906.01	20000	30.472134	0.0	1249023	447	20.0
1608444906.57	20000	30.916316	0.0	1423973	475	20.0
1608444906.98	20000	31.502366	0.0	1060162	335	20.0
1608444907.4	20000	32.090711	0.0	1080597	332	20.0
1608444907.82	20000	32.670754	0.0	1156442	340	20.0
1608444908.58	20000	32.908821	0.0	2222640	677	20.0
1608444909.52	20000	32.966772	0.0	2587311	854	20.0
1608444910.34	20000	33.155708	0.0	2178351	723	20.0
1608444911.36	20000	33.137106	0.0	3121089	927	20.0
1608444912.3	20000	33.19654	0.0	2857420	848	20.0
1608444913.12	20000	33.371294	0.0	1702477	741	20.0
1608444913.63	20000	33.864046	0.0	1531670	423	20.0
1608444914.14	20000	34.359939	0.0	1863424	417	20.0
1608444914.77	20000	34.732254	0.0	1987392	543	20.0
1608444916.54	20000	33.956219	0.0	2505586	1688	20.0
1608444929.81	20000	21.688135	0.0	9620218	13135	20.0
1608444930.88	20000	21.626165	0.0	2561608	970	20.0
1608444932.44	20000	21.060575	0.0	3633991	1472	20.0
1608444934.11	20000	20.39612	0.0	3324070	1572	20.0
1608444934.78	20000	20.727579	0.0	1560020	584	20.0
1608444935.35	20000	21.153311	0.0	1429188	491	20.0
1608444935.96	20000	21.544751	0.0	1754144	526	20.0
1608444936.53	20000	21.981988	0.0	1626020	480	20.0
1608444937.23	20000	22.272614	0.0	1739228	625	20.0
1608444938.01	20000	22.494945	0.0	1722735	698	20.0
1608444938.8	20000	22.71165	0.0	1538145	703	20.0
1608444939.59	20000	22.918371	0.0	1473412	711	20.0
1608444940.1	20000	23.411026	0.0	1498968	427	20.0
1608444940.91	20000	23.602367	0.0	2247334	724	20.0
1608444942.37	20000	23.142429	0.0	3156442	1370	20.0
1608444943.37	20000	23.144431	0.0	1895098	914	20.0
1608444944.15	20000	23.363479	0.0	1939135	696	20.0
1608444944.88	20000	23.642742	0.0	1842874	637	20.0
1608444945.7	20000	23.818066	0.0	2235830	737	20.0
1608444946.39	20000	24.127134	0.0	2202171	608	20.0
1608444947.03	20000	24.485556	0.0	2242042	556	20.0
1608444947.38	20000	25.144225	0.0	1081763	262	20.0
1608444948.04	20000	25.486347	0.0	2409013	571	20.0
1608444948.5	20000	26.021775	0.0	1615028	381	20.0
1608444948.92	20000	26.599431	0.0	1413467	340	20.0
1608444949.41	20000	27.119748	0.0	1632450	397	20.0
1608444951.27	20000	26.256636	0.0	5664827	1760	20.0
1608444953.99	20000	24.532836	0.0	4578115	2620	20.0
1608444955.01	20000	24.517633	0.0	1783835	924	20.0
1608444955.62	20000	24.911292	0.0	1093613	529	20.0
1608444956.66	20000	24.865227	0.0	975642	970	20.0
1608444957.6	20000	24.926349	0.0	1658005	857	20.0
1608444960.21	20000	23.322647	0.0	3055257	2509	20.0
1608444964.44	20000	20.095296	0.0	5355572	4119	20.0
1608444967.92	20000	17.613659	0.0	3278424	3384	20.0
1608444970.62	20000	15.911381	0.0	2318501	2615	20.0
1608444972.83	20000	14.71001	0.0	2473561	2112	20.0
1608444974.23	20000	14.30399	0.0	1730311	1322	20.0
1608444975.17	20000	14.370012	0.0	1455812	854	20.0
1608444976.59	20000	13.951328	0.0	2869222	1329	20.0
1608444977.9	20000	13.642365	0.0	3226650	1216	20.0
1608444978.94	20000	13.596859	0.0	2705936	958	20.0
1608444979.97	20000	13.569126	0.0	2998622	937	20.0
1608444980.8	20000	13.74196	0.0	2928342	738	20.0
1608444981.86	20000	13.680655	0.0	3059979	973	20.0
1608444982.95	20000	13.591433	0.0	3367422	996	20.0
1608444983.43	20000	14.112902	0.0	1950694	394	20.0
1608444983.82	20000	14.724146	0.0	1541020	308	20.0
1608444984.59	20000	14.959763	0.0	2926720	676	20.0
1608444985.34	20000	15.211576	0.0	2991202	659	20.0
1608444986.07	20000	15.482831	0.0	3002106	641	20.0
1608444986.57	20000	15.98165	0.0	2015412	417	20.0
1608444987.19	20000	16.361682	0.0	2894863	529	20.0
1608444987.65	20000	16.898045	0.0	2185316	377	20.0
1608444988.4	20000	17.155015	0.0	3370605	649	20.0
1608444989.2	20000	17.35901	0.0	3492243	706	20.0
1608444989.55	20000	18.008714	0.0	1307592	270	20.0
1608444990.01	20000	18.546139	0.0	1881404	380	20.0
1608444990.45	20000	19.108408	0.0	1806471	356	20.0
1608444990.91	20000	19.647274	0.0	1945842	379	20.0
1608444991.47	20000	20.092761	0.0	2538877	468	20.0
1608444991.97	20000	20.591516	0.0	2298557	419	20.0
1608444992.57	20000	20.99222	0.0	2831497	512	20.0
1608444993.28	20000	21.282389	0.0	3200905	619	20.0
1608444993.81	20000	21.756075	0.0	2180586	441	20.0
1608444994.35	20000	22.215623	0.0	1500505	459	20.0
1608444994.98	20000	22.586675	0.0	1939246	545	20.0
1608444995.39	20000	23.18027	0.0	1599193	323	20.0
1608444995.96	20000	23.610321	0.0	2364826	481	20.0
1608444996.62	20000	23.943983	0.0	2517454	580	20.0
1608444997.14	20000	24.425912	0.0	1883143	436	20.0
1608444997.64	20000	24.935744	0.0	1726706	408	20.0
1608444997.88	20000	25.693311	0.0	707364	165	20.0
1608444998.19	20000	26.383336	0.0	796460	232	20.0
1608444998.44	20000	27.13377	0.0	596962	173	20.0
1608444998.8	20000	27.778659	0.0	947625	278	20.0
1608444999.07	20000	28.501966	0.0	832859	199	20.0
1608444999.18	20000	29.395763	0.0	151562	31	20.0
1608444999.27	20000	30.308936	0.0	90390	17	20.0
1608444999.33	20000	31.248205	0.0	50278	8	20.0
1608444999.38	20000	32.20242	0.0	26471	2	20.0
1608444999.42	20000	33.161503	0.0	40620	5	20.0
1608444999.8	4000	1.000999	0.087	334032	75	-1.7400000000000002
1608445001.5	4000	1.368609	0.793	6594552	1579	-11.86
1608445003.92	20000	1.31522	1.344	8849724	2283	-22.88
1608445004.87	20000	1.482921	0.091	3191121	856	18.18
1608445005.4	20000	1.954139	0.0	1661718	444	20.0
1608445005.83	20000	2.52138	0.0	1315024	350	20.0
1608445006.08	20000	3.272159	0.0	698359	170	20.0
1608445006.34	20000	4.013589	0.0	730082	180	20.0
1608445007.43	20000	3.929277	0.0	4047415	989	20.0
1608445008.23	20000	4.127971	0.0	2863079	705	20.0
1608445009.53	20000	3.82888	0.0	4167844	1202	20.0
1608445010.97	20000	3.389427	0.0	5571764	1335	20.0
1608445012.38	20000	2.984875	0.0	4925652	1303	20.0
1608445012.94	20000	3.419907	0.0	2030157	480	20.0
1608445013.54	20000	3.818563	0.0	2240782	516	20.0
1608445014.14	20000	4.222394	0.0	2211169	509	20.0
1608445014.31	20000	5.058355	0.0	382046	87	20.0
1608445014.65	20000	5.716813	0.0	1113969	262	20.0
1608445014.92	20000	6.44709	0.0	820127	192	20.0
1608445016.72	20000	5.64755	0.0	6357933	1690	20.0
1608445017.89	20000	5.479731	0.0	4814284	1064	20.0
1608445018.94	20000	5.427828	0.0	3419258	958	20.0
1608445020.31	20000	5.061468	0.0	3944328	1271	20.0
1608445021.4	20000	4.975881	0.0	4284196	988	20.0
1608445022.18	20000	5.195006	0.0	3022025	691	20.0
1608445022.77	20000	5.605181	0.0	2248581	504	20.0
1608445024.97	20000	4.402921	0.0	9946363	2068	20.0
1608445027.93	20000	2.446816	0.0	11684632	2823	20.0
1608445028.68	20000	2.700902	0.0	1849732	663	20.0
1608445029.76	20000	2.617043	0.0	1942795	1000	20.0
1608445030.47	20000	2.907835	0.0	1704756	624	20.0
1608445031.04	20000	3.34079	0.0	1697111	484	20.0
1608445031.62	20000	3.762997	0.0	1529441	496	20.0
