1608472714.4	4000	1.000999	0.049	60629	39	-1.568
1608472725.66	8000	19.541925	2.42	5615227	1086	-73.44
1608472726.07	16000	20.125615	0.0	1849732	387	8.0
1608472726.61	16000	20.5924	0.0	1942795	510	16.0
1608472727.13	16000	21.076374	0.0	1704756	496	16.0
1608472727.78	16000	21.418358	0.0	1697111	638	16.0
1608472728.31	16000	21.895351	0.0	1529441	505	16.0
1608472728.83	16000	22.378002	0.0	1568649	498	16.0
1608472729.37	16000	22.835211	0.0	1677618	512	16.0
1608472729.82	16000	23.384862	0.0	1415096	433	16.0
1608472730.26	16000	23.95136	0.0	1894067	413	16.0
1608472730.5	16000	24.70414	0.0	1186604	230	16.0
1608472730.73	16000	25.482062	0.0	1068386	206	16.0
1608472731.06	16000	26.155282	0.0	1700843	306	16.0
1608472731.46	16000	26.747803	0.0	2536859	382	16.0
1608472732.55	16000	26.668107	0.0	4742872	1044	16.0
1608472734.42	16000	25.791357	0.0	4955535	1838	16.0
1608472734.69	16000	26.526766	0.0	1260540	247	16.0
1608472735.38	16000	26.833377	0.0	3605246	661	16.0
1608472735.88	16000	27.333996	0.0	2770338	475	16.0
1608472736.27	16000	27.951713	0.0	1855168	362	16.0
1608472736.65	16000	28.58131	0.0	1666915	350	16.0
1608472736.99	16000	29.22568	0.0	1555467	325	16.0
1608472737.24	16000	29.977965	0.0	1008919	232	16.0
1608472737.54	16000	30.677429	0.0	1227619	284	16.0
1608472737.8	16000	31.427315	0.0	1015853	235	16.0
1608472737.9	16000	32.328756	0.0	384076	86	16.0
1608472737.97	16000	33.251271	0.0	295687	65	16.0
1608472738.33	16000	33.898068	0.0	1328674	336	16.0
1608472738.73	16000	34.494783	0.0	1492829	385	16.0
1608472739.13	16000	35.102819	0.0	1484812	375	16.0
1608472739.61	16000	35.620402	0.0	1868314	462	16.0
1608472739.94	16000	36.293117	0.0	1253406	309	16.0
1608472740.17	16000	37.063716	0.0	887933	214	16.0
1608472740.47	16000	37.763199	0.0	1153403	284	16.0
1608472740.79	16000	38.439741	0.0	1249023	307	16.0
1608472741.17	16000	39.059285	0.0	1423973	363	16.0
1608472741.49	16000	39.746871	0.0	1060162	295	16.0
1608472741.81	16000	40.430241	0.0	1080597	302	16.0
1608472742.17	16000	41.068874	0.0	1156442	344	16.0
1608472742.99	16000	41.245583	0.0	2222640	802	16.0
1608472743.99	16000	41.25243	0.0	2587311	969	16.0
1608472744.59	16000	41.653544	0.0	2178351	578	16.0
1608472745.45	16000	41.795419	0.0	3121089	830	16.0
1608472746.31	16000	41.927563	0.0	2857420	843	16.0
1608472746.95	16000	42.295985	0.0	1702477	613	16.0
1608472747.49	16000	42.751499	0.0	1531670	527	16.0
1608472748.15	16000	43.090692	0.0	1863424	640	16.0
1608472748.89	16000	43.355307	0.0	1987392	716	16.0
1608472749.57	16000	43.673289	0.0	2505586	660	16.0
1608472751.53	16000	42.722083	0.0	9620218	1881	16.0
1608472752.02	16000	43.228741	0.0	2561608	467	16.0
1608472752.63	16000	43.622297	0.0	3633991	578	16.0
1608472753.17	16000	44.078107	0.0	3324070	516	16.0
1608472753.41	16000	44.837421	0.0	1560020	223	16.0
1608472753.64	16000	45.617184	0.0	1429188	204	16.0
1608472753.9	16000	46.349274	0.0	1754144	250	16.0
1608472754.15	16000	47.101823	0.0	1626020	230	16.0
1608472754.42	16000	47.835538	0.0	1739228	248	16.0
1608472754.69	16000	48.57016	0.0	1722735	246	16.0
1608472754.93	16000	49.332997	0.0	1538145	218	16.0
1608472755.15	16000	50.109259	0.0	1473412	206	16.0
1608472755.37	16000	50.890247	0.0	1498968	190	16.0
1608472755.68	16000	51.582601	0.0	2247334	287	16.0
1608472756.11	16000	52.151473	0.0	3156442	404	16.0
1608472756.34	16000	52.92103	0.0	1895098	209	16.0
1608472756.58	16000	53.682416	0.0	1939135	218	16.0
1608472756.81	16000	54.457884	0.0	1842874	205	16.0
1608472757.08	16000	55.188061	0.0	2235830	249	16.0
1608472757.4	16000	55.865267	0.0	2202171	302	16.0
1608472757.74	16000	56.524924	0.0	2242042	321	16.0
1608472757.91	16000	57.355593	0.0	1081763	153	16.0
1608472758.26	16000	58.010293	0.0	2409013	325	16.0
1608472758.48	16000	58.793838	0.0	1615028	198	16.0
1608472758.67	16000	59.602	0.0	1413467	173	16.0
1608472759.4	16000	59.933199	0.0	1632450	200	16.0
1608472760.44	16000	59.9342	0.0	5664827	494	16.0
1608472761.36	16000	59.935205	0.0	4578115	387	16.0
1608472762.54	16000	59.936208	0.0	1783835	158	16.0
1608472763.66	16000	59.687015	0.0	1093613	94	16.0
1608472764.75	16000	59.688126	0.0	975642	80	16.0
1608472765.44	16000	59.939216	0.0	1658005	169	16.0
1608472766.35	16000	59.94018	0.0	3055257	382	16.0
1608472767.77	16000	59.691106	0.0	5355572	872	16.0
1608472768.4	16000	59.880382	0.0	3278424	603	16.0
1608472769.8	16000	59.693205	0.0	2318501	373	16.0
1608472770.76	16000	59.694204	0.0	2473561	439	16.0
1608472771.63	16000	59.695207	0.0	1730311	350	16.0
1608472772.45	16000	59.94622	0.0	1455812	300	16.0
1608472773.55	16000	59.947211	0.0	2869222	582	16.0
1608472774.69	16000	59.698098	0.0	3226650	610	16.0
1608472775.76	16000	59.6991	0.0	2705936	545	16.0
1608472776.43	16000	59.860853	0.0	2998622	640	16.0
1608472777.62	16000	59.701193	0.0	2928342	667	16.0
1608472778.37	16000	59.919186	0.0	3059979	728	16.0
1608472779.6	16000	59.703108	0.0	3367422	700	16.0
1608472780.53	16000	59.954205	0.0	1950694	400	16.0
1608472781.38	16000	59.955202	0.0	1541020	334	16.0
1608472782.53	16000	59.956184	0.0	2926720	623	16.0
1608472783.72	16000	59.707126	0.0	2991202	663	16.0
1608472784.4	16000	59.894142	0.0	3002106	656	16.0
1608472785.43	16000	59.959213	0.0	2015412	499	16.0
1608472786.62	16000	59.710124	0.0	2894863	659	16.0
1608472787.56	16000	59.961188	0.0	2185316	422	16.0
1608472788.32	16000	59.982631	0.0	3370605	729	16.0
1608472789.6	16000	59.71311	0.0	3492243	754	16.0
1608472790.4	16000	59.964207	0.0	1307592	280	16.0
1608472791.43	16000	59.965206	0.0	1881404	503	16.0
1608472792.4	16000	59.9662	0.0	1806471	453	16.0
1608472793.35	16000	59.967188	0.0	1945842	430	16.0
1608472794.56	16000	59.968187	0.0	2538877	691	16.0
1608472795.41	16000	59.904002	0.0	2298557	818	16.0
1608472796.32	16000	59.991631	0.0	2831497	888	16.0
1608472797.73	16000	59.721101	0.0	3200905	872	16.0
1608472798.42	16000	59.888768	0.0	2180586	673	16.0
1608472799.56	16000	59.954383	0.0	1500505	619	16.0
1608472800.33	16000	59.984687	0.0	1939246	747	16.0
1608472801.44	16000	59.975244	0.0	1599193	596	16.0
1608472812.54	16000	59.986206	0.0	37732	4	16.0
1608472812.55	16000	59.77957	0.0	37732	4	16.0
1608472813.56	16000	59.98719	0.0	50278	6	16.0
1608472814.58	16000	59.988209	0.0	26471	1	16.0
1608472815.6	16000	59.739187	0.0	40620	6	16.0
1608472816.11	16000	59.672878	0.0	15267	4	16.0
