1608434945.18	4000	1.000999	0.014	60629	4	-0.28000000000000025
1608434946.3	20000	1.301756	0.395	11007815	945	-3.9000000000000004
1608434947.05	20000	1.771883	0.0	8849724	631	20.0
1608434947.37	20000	2.543935	0.0	3191121	227	20.0
1608434947.59	20000	3.334468	0.0	1661718	135	20.0
1608434947.78	20000	4.14611	0.0	1315024	106	20.0
1608434947.92	20000	5.013254	0.0	698359	56	20.0
1608434948.06	20000	5.896956	0.0	730082	59	20.0
1608434948.48	20000	6.470569	0.0	4047415	328	20.0
1608434948.82	20000	7.139946	0.0	2863079	230	20.0
1608434949.25	20000	7.705852	0.0	4167844	336	20.0
1608434949.84	20000	8.114631	0.0	5571764	485	20.0
1608434950.38	20000	8.57382	0.0	4925652	436	20.0
1608434950.68	20000	9.278575	0.0	2030157	207	20.0
1608434951.0	20000	9.961204	0.0	2240782	230	20.0
1608434951.31	20000	10.648212	0.0	2211169	227	20.0
1608434951.43	20000	11.531821	0.0	382046	39	20.0
1608434951.64	20000	12.321751	0.0	1113969	122	20.0
1608434951.81	20000	13.150152	0.0	820127	90	20.0
1608434952.65	20000	13.318936	0.0	6357933	724	20.0
1608434953.34	20000	13.629029	0.0	4814284	590	20.0
1608434954.01	20000	13.957341	0.0	3419258	576	20.0
1608434955.2	20000	13.764714	0.0	3944328	1096	20.0
1608434956.61	20000	13.359373	0.0	4284196	1305	20.0
1608434957.43	20000	13.54151	0.0	3022025	717	20.0
1608434958.16	20000	13.809523	0.0	2248581	644	20.0
1608434961.11	20000	11.867303	0.0	9946363	2813	20.0
1608434964.47	20000	9.505648	0.0	11684632	3227	20.0
1608434965.61	20000	9.362733	0.0	1849732	1056	20.0
1608434966.63	20000	9.348153	0.0	1942795	928	20.0
1608434967.89	20000	9.090926	0.0	1704756	1172	20.0
1608434968.83	20000	9.143422	0.0	1697111	863	20.0
1608434969.55	20000	9.431486	0.0	1529441	627	20.0
1608434970.44	20000	9.538253	0.0	1568649	810	20.0
1608434972.86	20000	8.119159	0.0	1677618	2333	20.0
1608434974.37	20000	7.615055	0.0	1415096	1418	20.0
1608434976.62	20000	6.366457	0.0	1894067	2162	20.0
1608434977.77	20000	6.214578	0.0	1186604	1070	20.0
1608434978.12	20000	6.866814	0.0	1068386	266	20.0
1608434978.63	20000	7.352408	0.0	1700843	428	20.0
1608434979.47	20000	7.511311	0.0	2536859	752	20.0
1608434981.56	20000	6.424788	0.0	4742872	1983	20.0
1608434986.94	20000	2.046915	0.0	4955535	5271	20.0
1608434988.01	20000	1.975086	0.0	1260540	988	20.0
1608434991.16	20000	1.498492	1.668	3605246	3051	-13.36
1608434993.3	20000	1.417301	1.062	2770338	2053	-1.2399999999999984
1608434994.8	20000	1.479741	0.558	1855168	1408	8.84
1608434996.81	20000	1.288909	0.821	1666915	1925	3.5799999999999983
1608434998.59	20000	1.36101	0.847	1555467	1690	3.0599999999999987
1608434999.49	20000	1.455566	0.0	1008919	823	20.0
1608435001.18	20000	1.460147	0.692	1227619	1605	6.16
1608435003.37	20000	1.402694	1.126	1015853	2101	-2.5199999999999996
1608435004.19	20000	1.580427	0.0	384076	744	20.0
1608435004.66	20000	2.115514	0.0	295687	386	20.0
1608435006.41	16000	1.359889	0.0	1328674	1671	12.0
1608435007.47	4000	1.306892	0.0	755974	962	-8.0
1608435009.78	4000	1.283647	1.285	808254	2224	-21.7
1608435010.85	4000	1.319512	0.111	848961	993	1.7799999999999998
1608435012.26	12000	1.43155	0.523	995715	1321	-6.460000000000001
1608435013.05	12000	1.651103	0.0	674495	699	12.0
1608435013.99	12000	1.710661	0.0	885875	859	12.0
1608435014.66	12000	2.043497	0.0	928626	585	12.0
1608435015.19	12000	2.507017	0.0	1062903	454	12.0
1608435015.71	20000	2.98606	0.0	1060162	435	12.0
1608435016.34	20000	3.360329	0.0	1080597	543	20.0
1608435016.98	20000	3.722002	0.0	1156442	557	20.0
1608435018.12	20000	3.58191	0.0	2222640	1054	20.0
1608435019.85	20000	2.855707	0.0	2587311	1634	20.0
1608435020.66	20000	3.045066	0.0	2178351	723	20.0
1608435021.76	20000	2.95525	0.0	3121089	997	20.0
1608435022.76	20000	2.947239	0.0	2857420	906	20.0
1608435023.54	20000	3.167713	0.0	1702477	694	20.0
1608435024.09	20000	3.623622	0.0	1531670	461	20.0
1608435024.61	20000	4.09574	0.0	1863424	441	20.0
1608435025.19	20000	4.524697	0.0	1987392	485	20.0
1608435025.91	20000	4.805524	0.0	2505586	630	20.0
1608435029.86	20000	1.850881	0.0	9620218	3821	20.0
1608435031.33	20000	1.473762	0.093	2561608	1382	18.14
1608435032.77	20000	1.318228	0.274	3633991	1338	14.52
1608435034.43	20000	1.342987	0.688	3324070	1564	6.24
1608435035.12	20000	1.651941	0.0	1560020	608	20.0
1608435035.72	20000	2.056603	0.0	1429188	512	20.0
1608435036.45	20000	2.324229	0.0	1754144	647	20.0
1608435037.15	20000	2.624212	0.0	1626020	614	20.0
1608435037.92	20000	2.852499	0.0	1739228	685	20.0
1608435039.14	20000	2.63386	0.0	1722735	1134	20.0
1608435039.74	20000	3.042242	0.0	1538145	509	20.0
1608435040.35	20000	3.430551	0.0	1473412	527	20.0
1608435040.99	20000	3.787899	0.0	1498968	557	20.0
1608435041.97	20000	3.812043	0.0	2247334	888	20.0
1608435044.05	20000	2.736188	0.0	3156442	1982	20.0
1608435044.8	20000	2.996444	0.0	1895098	654	20.0
1608435045.55	20000	3.236895	0.0	1939135	662	20.0
1608435046.26	20000	3.529415	0.0	1842874	620	20.0
1608435047.11	20000	3.676486	0.0	2235830	764	20.0
1608435048.36	20000	3.431468	0.0	2202171	1157	20.0
1608435049.6	20000	3.188486	0.0	2242042	1156	20.0
1608435050.09	20000	3.70179	0.0	1081763	403	20.0
1608435051.2	20000	3.588947	0.0	2409013	1025	20.0
1608435052.14	20000	3.654272	0.0	1615028	850	20.0
1608435053.45	20000	3.339484	0.0	1413467	1232	20.0
1608435055.52	20000	2.27663	0.0	1632450	1980	20.0
1608435059.28	12000	1.304452	1.791	4082189	3665	-31.82
1608435063.02	12000	1.346663	2.782	3284299	3646	-43.64
1608435064.8	12000	1.380225	0.805	1412347	1687	-4.100000000000001
1608435065.75	16000	1.436911	0.012	1093613	866	11.76
1608435066.42	16000	1.772748	0.0	975642	580	16.0
1608435067.39	16000	1.805642	0.0	1658005	880	16.0
1608435068.62	8000	1.572985	0.0	1592936	1138	0.0
1608435069.87	8000	1.452537	0.132	2618824	1161	5.359999999999999
1608435070.53	8000	1.796813	0.0	1820110	567	8.0
1608435071.38	20000	1.946607	0.0	2318501	756	8.0
1608435072.35	20000	1.981448	0.0	2473561	875	20.0
1608435072.88	20000	2.447821	0.0	1730311	448	20.0
1608435073.31	20000	3.017734	0.0	1455812	345	20.0
1608435074.03	20000	3.298163	0.0	2869222	627	20.0
1608435074.95	20000	3.379722	0.0	3226650	826	20.0
1608435075.69	20000	3.63892	0.0	2705936	651	20.0
1608435076.72	20000	3.613961	0.0	2998622	935	20.0
1608435077.81	20000	3.526845	0.0	2928342	997	20.0
1608435078.63	20000	3.707297	0.0	3059979	716	20.0
1608435079.42	20000	3.917823	0.0	3367422	695	20.0
1608435079.93	20000	4.407119	0.0	1950694	426	20.0
1608435080.38	20000	4.958264	0.0	1541020	363	20.0
1608435081.25	20000	5.088428	0.0	2926720	777	20.0
1608435082.04	20000	5.302024	0.0	2991202	691	20.0
1608435082.99	20000	5.349741	0.0	3002106	858	20.0
1608435083.53	20000	5.810662	0.0	2015412	453	20.0
1608435084.22	20000	6.132047	0.0	2894863	587	20.0
1608435085.03	20000	6.311928	0.0	2185316	723	20.0
1608435085.96	20000	6.385121	0.0	3370605	832	20.0
1608435087.21	20000	6.136635	0.0	3492243	1152	20.0
1608435087.61	20000	6.734799	0.0	1307592	317	20.0
1608435088.16	20000	7.190285	0.0	1881404	457	20.0
1608435088.81	20000	7.541813	0.0	1806471	564	20.0
1608435089.47	20000	7.88022	0.0	1945842	576	20.0
1608435090.24	20000	8.11168	0.0	2538877	680	20.0
1608435091.24	20000	8.118363	0.0	2298557	908	20.0
1608435092.65	20000	7.70428	0.0	2831497	1322	20.0
1608435093.51	20000	7.849013	0.0	3200905	764	20.0
1608435094.18	20000	8.179678	0.0	2180586	583	20.0
1608435094.68	20000	8.680339	0.0	1500505	408	20.0
1608435095.3	20000	9.053732	0.0	1939246	535	20.0
1608435095.83	20000	9.529004	0.0	1599193	440	20.0
1608435096.55	20000	9.806853	0.0	2364826	633	20.0
1608435097.3	20000	10.064513	0.0	2517454	653	20.0
1608435097.89	20000	10.474836	0.0	1883143	504	20.0
1608435098.43	20000	10.936829	0.0	1726706	454	20.0
1608435098.69	20000	11.677528	0.0	707364	180	20.0
1608435098.97	20000	12.393307	0.0	796460	203	20.0
1608435099.2	20000	13.163015	0.0	596962	151	20.0
1608435099.5	20000	13.864327	0.0	947625	218	20.0
1608435099.77	20000	14.593504	0.0	832859	190	20.0
1608435099.88	20000	15.484894	0.0	151562	31	20.0
1608435099.98	20000	16.393043	0.0	90390	17	20.0
1608435100.04	20000	17.329331	0.0	50278	7	20.0
1608435100.09	20000	18.281347	0.0	26471	2	20.0
1608435100.13	20000	19.239501	0.0	40620	5	20.0
1608435100.52	4000	1.000999	0.105	334032	92	-2.1
1608435104.54	4000	1.389748	3.126	6594552	3897	-58.52
1608435114.08	8000	1.296874	8.423	7078153	9412	-164.46
1608435123.2	20000	1.465575	8.26	3191121	9009	-157.2
