1608451659.27	4000	1.000999	0.025	60629	14	-0.5
1608451659.7	2000	1.600219	0.0	1072422	360	0.0
1608451660.04	2000	2.253554	0.0	1121405	330	2.0
1608451660.57	20000	2.73135	0.0	3191121	482	2.0
1608451660.84	20000	3.461977	0.0	1661718	249	20.0
1608451661.04	20000	4.258589	0.0	1315024	187	20.0
1608451661.13	20000	5.16589	0.0	698359	79	20.0
1608451661.23	20000	6.069175	0.0	730082	83	20.0
1608451661.73	20000	6.570484	0.0	4047415	468	20.0
1608451662.08	20000	7.218906	0.0	2863079	326	20.0
1608451662.58	20000	8.036568	0.0	4167844	457	20.0
1608451663.38	20000	8.238034	0.0	5571764	749	20.0
1608451664.37	20000	8.24866	0.0	4925652	952	20.0
1608451664.78	20000	8.835557	0.0	2030157	391	20.0
1608451665.29	20000	9.331619	0.0	2240782	481	20.0
1608451665.85	20000	9.769669	0.0	2211169	539	20.0
1608451665.97	20000	10.655775	0.0	382046	88	20.0
1608451666.24	20000	11.383297	0.0	1113969	254	20.0
1608451666.44	20000	12.180371	0.0	820127	187	20.0
1608451667.56	20000	12.069161	0.0	6357933	1061	20.0
1608451668.22	20000	12.408736	0.0	4814284	615	20.0
1608451668.74	20000	12.886893	0.0	3419258	490	20.0
1608451669.32	20000	13.310646	0.0	3944328	543	20.0
1608451669.92	20000	13.709699	0.0	4284196	567	20.0
1608451670.49	20000	14.140366	0.0	3022025	542	20.0
1608451670.97	20000	14.662174	0.0	2248581	455	20.0
1608451676.07	20000	10.561234	0.0	9946363	5013	20.0
1608451678.44	20000	9.192176	0.0	11684632	2298	20.0
1608451678.84	20000	9.797941	0.0	1849732	374	20.0
1608451679.24	20000	10.394857	0.0	1942795	381	20.0
1608451679.58	20000	11.053859	0.0	1704756	321	20.0
1608451679.92	20000	11.713312	0.0	1697111	319	20.0
1608451680.27	20000	12.371777	0.0	1529441	323	20.0
1608451680.7	20000	12.940545	0.0	1568649	409	20.0
1608451681.15	20000	13.486352	0.0	1677618	429	20.0
1608451681.54	20000	14.102582	0.0	1415096	365	20.0
1608451682.05	20000	14.590377	0.0	1894067	491	20.0
1608451682.38	20000	15.262117	0.0	1186604	310	20.0
1608451682.69	20000	15.959629	0.0	1068386	284	20.0
1608451683.16	20000	16.483763	0.0	1700843	453	20.0
1608451684.14	20000	16.502397	0.0	2536859	957	20.0
1608451686.14	20000	15.511114	0.0	4742872	1955	20.0
1608451687.52	20000	15.130679	0.0	4955535	1342	20.0
1608451687.94	20000	15.711912	0.0	1260540	400	20.0
1608451689.2	20000	15.454716	0.0	3605246	1226	20.0
1608451690.93	20000	14.725416	0.0	2770338	1703	20.0
1608451691.67	20000	14.984657	0.0	1855168	720	20.0
1608451692.22	20000	15.430009	0.0	1666915	534	20.0
1608451692.56	20000	16.096928	0.0	1555467	314	20.0
1608451692.78	20000	16.877419	0.0	1008919	203	20.0
1608451693.05	20000	17.611273	0.0	1227619	246	20.0
1608451693.26	20000	18.394617	0.0	1015853	198	20.0
1608451693.35	20000	19.309567	0.0	384076	72	20.0
1608451693.42	20000	20.241271	0.0	295687	53	20.0
1608451693.7	20000	20.962143	0.0	1328674	253	20.0
1608451694.01	20000	21.655407	0.0	1492829	287	20.0
1608451694.29	20000	22.371562	0.0	1484812	263	20.0
1608451694.6	20000	23.064844	0.0	1868314	287	20.0
1608451694.81	20000	23.856297	0.0	1253406	191	20.0
1608451694.96	20000	24.705921	0.0	887933	135	20.0
1608451695.15	20000	25.513816	0.0	1153403	176	20.0
1608451695.36	20000	26.304458	0.0	1249023	192	20.0
1608451695.6	20000	27.065266	0.0	1423973	222	20.0
1608451695.78	20000	27.884785	0.0	1060162	165	20.0
1608451695.97	20000	28.700428	0.0	1080597	168	20.0
1608451696.17	20000	29.503056	0.0	1156442	180	20.0
1608451696.6	20000	30.07078	0.0	2222640	409	20.0
1608451697.12	20000	30.557087	0.0	2587311	488	20.0
1608451697.6	20000	31.077256	0.0	2178351	456	20.0
1608451698.28	20000	31.397184	0.0	3121089	652	20.0
1608451698.63	20000	32.046255	0.0	2857420	325	20.0
1608451698.85	20000	32.831106	0.0	1702477	193	20.0
1608451699.04	20000	33.639205	0.0	1531670	174	20.0
1608451699.27	20000	34.407176	0.0	1863424	213	20.0
1608451699.54	20000	35.135513	0.0	1987392	250	20.0
1608451699.88	20000	35.797581	0.0	2505586	316	20.0
1608451701.15	20000	35.534308	0.0	9620218	1203	20.0
1608451701.44	20000	36.248953	0.0	2561608	258	20.0
1608451701.8	20000	36.882475	0.0	3633991	336	20.0
1608451702.15	20000	37.546271	0.0	3324070	308	20.0
1608451702.31	20000	38.379127	0.0	1560020	141	20.0
1608451702.45	20000	39.236395	0.0	1429188	125	20.0
1608451702.63	20000	40.062547	0.0	1754144	152	20.0
1608451702.79	20000	40.901569	0.0	1626020	141	20.0
1608451702.96	20000	41.730058	0.0	1739228	152	20.0
1608451703.13	20000	42.559938	0.0	1722735	150	20.0
1608451703.29	20000	43.40547	0.0	1538145	133	20.0
1608451703.43	20000	44.262729	0.0	1473412	124	20.0
1608451703.58	20000	45.116308	0.0	1498968	126	20.0
1608451703.79	20000	45.902593	0.0	2247334	190	20.0
1608451704.09	20000	46.606342	0.0	3156442	268	20.0
1608451704.27	20000	47.424071	0.0	1895098	161	20.0
1608451704.45	20000	48.24578	0.0	1939135	158	20.0
1608451704.62	20000	49.075159	0.0	1842874	150	20.0
1608451704.83	20000	49.871592	0.0	2235830	183	20.0
1608451705.04	20000	50.664731	0.0	2202171	177	20.0
1608451705.24	20000	51.45963	0.0	2242042	182	20.0
1608451705.35	20000	52.349566	0.0	1081763	94	20.0
1608451705.59	20000	53.111029	0.0	2409013	215	20.0
1608451705.76	20000	53.946987	0.0	1615028	143	20.0
1608451705.9	20000	54.803826	0.0	1413467	126	20.0
1608451706.07	20000	55.638302	0.0	1632450	145	20.0
1608451706.76	20000	55.952931	0.0	5664827	645	20.0
1608451707.4	20000	56.312857	0.0	4578115	605	20.0
1608451707.68	20000	57.027133	0.0	1783835	263	20.0
1608451707.86	20000	57.848532	0.0	1093613	160	20.0
1608451708.02	20000	58.688645	0.0	975642	143	20.0
1608451708.3	20000	59.424186	0.0	1658005	245	20.0
1608451709.33	20000	59.3885	0.0	3055257	1001	20.0
1608451710.21	20000	59.506577	0.0	5355572	842	20.0
1608451711.19	20000	59.707944	0.0	3278424	450	20.0
1608451712.07	20000	59.708874	0.0	2318501	355	20.0
1608451712.99	20000	59.95996	0.0	2473561	401	20.0
1608451713.79	20000	59.96085	0.0	1730311	275	20.0
1608451715.05	20000	59.711917	0.0	1455812	235	20.0
1608451716.03	20000	59.71282	0.0	2869222	451	20.0
1608451717.07	20000	59.713936	0.0	3226650	515	20.0
1608451718.05	20000	59.714798	0.0	2705936	445	20.0
1608451719.1	20000	59.715858	0.0	2998622	516	20.0
1608451720.18	20000	59.716932	0.0	2928342	556	20.0
1608451720.95	20000	59.772417	0.0	3059979	744	20.0
1608451722.21	20000	59.71884	0.0	3367422	726	20.0
1608451722.89	20000	59.835302	0.0	1950694	656	20.0
1608451724.05	20000	59.720775	0.0	1541020	640	20.0
1608451724.97	20000	59.764719	0.0	2926720	883	20.0
1608451725.84	20000	59.896315	0.0	2991202	838	20.0
1608451727.2	20000	59.717523	0.0	3002106	837	20.0
1608451728.45	20000	59.28682	0.0	2015412	1218	20.0
1608451729.37	20000	59.368172	0.0	2894863	891	20.0
1608451730.11	20000	59.626859	0.0	2185316	717	20.0
1608451732.14	20000	58.595134	0.0	3370605	2000	20.0
1608451733.09	20000	58.651995	0.0	3492243	911	20.0
1608451733.38	20000	59.355284	0.0	1307592	277	20.0
1608451734.24	20000	59.670169	0.0	1881404	327	20.0
1608451735.09	20000	59.731928	0.0	1806471	332	20.0
1608451736.02	20000	59.732847	0.0	1945842	405	20.0
1608451736.97	20000	59.983913	0.0	2538877	422	20.0
1608451737.93	20000	59.984851	0.0	2298557	434	20.0
1608451739.23	20000	59.735979	0.0	2831497	772	20.0
1608451740.0	20000	59.740906	0.0	3200905	743	20.0
1608451741.02	20000	59.73785	0.0	2180586	488	20.0
1608451741.94	20000	59.978246	0.0	1500505	400	20.0
1608451742.94	20000	59.989849	0.0	1939246	473	20.0
1608451743.86	20000	59.990936	0.0	1599193	401	20.0
1608451745.0	20000	59.991851	0.0	2364826	613	20.0
1608451745.85	20000	59.900726	0.0	2517454	823	20.0
1608451747.16	20000	59.743825	0.0	1883143	787	20.0
1608451748.05	20000	59.744944	0.0	1726706	366	20.0
1608451748.78	20000	59.995943	0.0	707364	206	20.0
1608451750.04	20000	59.74694	0.0	796460	240	20.0
1608451751.24	20000	59.747821	0.0	596962	173	20.0
1608451752.1	20000	59.748967	0.0	947625	343	20.0
1608451753.33	20000	59.499923	0.0	832859	213	20.0
1608451754.39	20000	59.500956	0.0	151562	40	20.0
1608451755.42	4000	59.501961	0.0	37732	6	-12.0
1608451755.94	20000	59.992215	0.0	50278	9	4.0
1608451757.46	20000	59.503852	0.0	26471	2	20.0
1608451758.49	20000	59.504751	0.0	40620	11	20.0
1608451758.88	4000	1.000999	0.108	334032	97	-2.16
1608451761.83	8000	1.393943	2.054	9869079	2845	-37.08
1608451764.0	8000	1.427418	1.185	7078153	2123	-15.7
1608451765.48	20000	1.498231	0.521	3191121	1444	-2.42
1608451765.91	20000	2.063	0.0	1661718	414	20.0
1608451766.19	20000	2.78399	0.0	1315024	258	20.0
1608451766.34	20000	3.63252	0.0	698359	135	20.0
1608451766.51	20000	4.473651	0.0	730082	142	20.0
1608451767.45	20000	4.533154	0.0	4047415	911	20.0
1608451768.14	20000	4.836461	0.0	2863079	670	20.0
1608451769.39	20000	4.592808	0.0	4167844	1211	20.0
1608451771.84	20000	3.141064	0.0	5571764	2410	20.0
1608451774.59	20000	1.394228	0.0	4925652	2710	20.0
1608451775.26	20000	1.723179	0.0	2030157	648	20.0
1608451775.86	20000	2.121627	0.0	2240782	579	20.0
1608451776.35	20000	2.638532	0.0	2211169	459	20.0
1608451776.44	20000	3.546081	0.0	382046	76	20.0
1608451776.69	20000	4.298475	0.0	1113969	229	20.0
1608451776.88	20000	5.113614	0.0	820127	168	20.0
1608451778.22	20000	4.774959	0.0	6357933	1296	20.0
1608451779.18	20000	4.80847	0.0	4814284	929	20.0
1608451779.89	20000	5.104089	0.0	3419258	674	20.0
1608451780.71	20000	5.280292	0.0	3944328	781	20.0
1608451781.56	20000	5.436177	0.0	4284196	809	20.0
1608451782.12	20000	5.874794	0.0	3022025	536	20.0
1608451782.53	20000	6.462973	0.0	2248581	389	20.0
1608451784.69	20000	5.304701	0.0	9946363	2092	20.0
1608451786.27	20000	4.725073	0.0	11684632	1506	20.0
1608451786.47	20000	5.531213	0.0	1849732	172	20.0
1608451786.68	20000	6.324838	0.0	1942795	181	20.0
1608451786.84	20000	7.158338	0.0	1704756	143	20.0
1608451787.0	20000	8.006699	0.0	1697111	130	20.0
1608451787.14	20000	8.868542	0.0	1529441	117	20.0
1608451787.28	20000	9.726371	0.0	1568649	121	20.0
1608451787.43	20000	10.574738	0.0	1677618	128	20.0
