1608442768.34	4000	1.000999	0.022	60629	13	-0.7039999999999997
1608442771.75	16000	1.406576	2.734	11007815	3289	-83.488
1608442772.75	16000	1.624555	0.0	8849724	947	16.0
1608442773.08	16000	2.402313	0.0	3191121	293	16.0
1608442773.23	16000	3.248001	0.0	1661718	135	16.0
1608442773.35	16000	4.129799	0.0	1315024	101	16.0
1608442773.42	16000	5.064115	0.0	698359	53	16.0
1608442773.49	16000	5.996273	0.0	730082	56	16.0
1608442773.83	16000	6.674803	0.0	4047415	313	16.0
1608442774.08	16000	7.428202	0.0	2863079	223	16.0
1608442774.61	16000	7.897462	0.0	4167844	497	16.0
1608442775.68	16000	7.826154	0.0	5571764	1031	16.0
1608442776.97	16000	7.540999	0.0	4925652	1251	16.0
1608442777.38	16000	8.133511	0.0	2030157	385	16.0
1608442777.79	16000	8.724412	0.0	2240782	388	16.0
1608442778.19	16000	9.323621	0.0	2211169	379	16.0
1608442778.27	16000	10.247629	0.0	382046	64	16.0
1608442778.47	16000	11.042226	0.0	1113969	191	16.0
1608442778.63	16000	11.888713	0.0	820127	140	16.0
1608442779.77	16000	11.748365	0.0	6357933	1097	16.0
1608442780.83	16000	11.688441	0.0	4814284	1021	16.0
1608442781.52	16000	12.00365	0.0	3419258	655	16.0
1608442782.15	16000	12.370192	0.0	3944328	603	16.0
1608442782.73	16000	12.797563	0.0	4284196	542	16.0
1608442783.14	16000	13.387363	0.0	3022025	378	16.0
1608442783.51	16000	14.017256	0.0	2248581	349	16.0
1608442785.26	16000	13.268824	0.0	9946363	1685	16.0
1608442789.71	16000	9.813444	0.0	11684632	4376	16.0
1608442790.04	16000	10.491369	0.0	1849732	300	16.0
1608442790.34	16000	11.187806	0.0	1942795	284	16.0
1608442790.57	16000	11.958693	0.0	1704756	211	16.0
1608442790.8	16000	12.730669	0.0	1697111	209	16.0
1608442791.01	16000	13.524984	0.0	1529441	189	16.0
1608442791.22	16000	14.313015	0.0	1568649	194	16.0
1608442791.64	16000	14.896415	0.0	1677618	396	16.0
1608442792.0	16000	15.530585	0.0	1415096	348	16.0
1608442793.51	16000	15.029281	0.0	1894067	1481	16.0
1608442794.4	16000	15.142682	0.0	1186604	869	16.0
1608442794.68	16000	15.858073	0.0	1068386	266	16.0
1608442795.12	16000	16.413895	0.0	1700843	426	16.0
1608442795.71	16000	16.833444	0.0	2536859	558	16.0
1608442797.28	16000	16.264099	0.0	4742872	1535	16.0
1608442799.79	16000	14.748385	0.0	4955535	2479	16.0
1608442800.37	16000	15.170945	0.0	1260540	561	16.0
1608442801.03	16000	15.517651	0.0	3605246	625	16.0
1608442801.5	16000	16.051586	0.0	2770338	441	16.0
1608442801.78	16000	16.762114	0.0	1855168	260	16.0
1608442802.04	16000	17.508939	0.0	1666915	235	16.0
1608442802.28	16000	18.272209	0.0	1555467	219	16.0
1608442802.48	16000	19.072445	0.0	1008919	185	16.0
1608442802.74	16000	19.813807	0.0	1227619	244	16.0
1608442802.95	16000	20.599281	0.0	1015853	201	16.0
1608442803.04	16000	21.513272	0.0	384076	74	16.0
1608442803.11	16000	22.446519	0.0	295687	55	16.0
1608442803.41	16000	23.139523	0.0	1328674	291	16.0
1608442803.89	16000	23.66658	0.0	1492829	456	16.0
1608442804.37	16000	24.182135	0.0	1484812	468	16.0
1608442805.47	16000	24.088988	0.0	1868314	1073	16.0
1608442806.11	16000	24.447703	0.0	1253406	625	16.0
1608442806.5	16000	25.05986	0.0	887933	372	16.0
1608442806.84	12000	25.723347	0.0	885875	316	8.0
1608442807.18	12000	26.377301	0.0	928626	332	12.0
1608442807.63	12000	26.935066	0.0	1062903	428	12.0
1608442808.0	12000	27.566458	0.0	799389	353	12.0
1608442808.36	12000	28.202088	0.0	812821	351	12.0
1608442808.72	12000	28.847063	0.0	856497	342	12.0
1608442809.4	12000	29.167529	0.0	1700457	661	12.0
1608442809.91	12000	29.661159	0.0	1970588	487	12.0
1608442809.91	16000	29.652692	0.0	1970588	487	12.0
1608442810.44	16000	30.125153	0.0	2178351	509	16.0
1608442811.02	16000	30.548476	0.0	3121089	552	16.0
1608442811.52	16000	31.052766	0.0	2857420	472	16.0
1608442811.78	16000	31.791298	0.0	1702477	243	16.0
1608442812.02	16000	32.555253	0.0	1531670	219	16.0
1608442812.3	16000	33.269603	0.0	1863424	266	16.0
1608442812.59	16000	33.987897	0.0	1987392	262	16.0
1608442812.93	16000	34.640659	0.0	2505586	325	16.0
1608442814.17	16000	34.407182	0.0	9620218	1177	16.0
1608442814.5	16000	35.080569	0.0	2561608	304	16.0
1608442814.97	16000	35.609149	0.0	3633991	444	16.0
1608442815.4	16000	36.176486	0.0	3324070	407	16.0
1608442815.6	16000	36.978986	0.0	1560020	180	16.0
1608442815.78	16000	37.796877	0.0	1429188	165	16.0
1608442816.0	16000	38.576559	0.0	1754144	203	16.0
1608442816.21	16000	39.371941	0.0	1626020	188	16.0
1608442816.43	16000	40.154705	0.0	1739228	199	16.0
1608442816.64	16000	40.943697	0.0	1722735	194	16.0
1608442816.83	16000	41.752512	0.0	1538145	173	16.0
1608442817.02	16000	42.56895	0.0	1473412	165	16.0
1608442817.2	16000	43.382778	0.0	1498968	169	16.0
1608442817.48	16000	44.110143	0.0	2247334	251	16.0
1608442817.85	16000	44.740821	0.0	3156442	343	16.0
1608442818.08	16000	45.5171	0.0	1895098	205	16.0
1608442818.31	16000	46.27833	0.0	1939135	209	16.0
1608442818.52	16000	47.076632	0.0	1842874	181	16.0
1608442818.74	16000	47.851169	0.0	2235830	206	16.0
1608442818.97	16000	48.626001	0.0	2202171	203	16.0
1608442819.2	16000	49.396973	0.0	2242042	207	16.0
1608442819.32	16000	50.280791	0.0	1081763	98	16.0
1608442819.55	16000	51.04832	0.0	2409013	209	16.0
1608442819.7	16000	51.896181	0.0	1615028	134	16.0
1608442819.84	16000	52.762303	0.0	1413467	117	16.0
1608442819.99	16000	53.608544	0.0	1632450	136	16.0
1608442820.51	16000	54.091477	0.0	5664827	478	16.0
1608442820.93	16000	54.676344	0.0	4578115	383	16.0
1608442821.1	16000	55.507761	0.0	1783835	148	16.0
1608442821.2	16000	56.402799	0.0	1093613	90	16.0
1608442821.3	16000	57.308453	0.0	975642	81	16.0
1608442821.45	16000	58.155012	0.0	1658005	137	16.0
1608442821.74	16000	58.869127	0.0	3055257	262	16.0
1608442822.23	16000	59.37375	0.0	5355572	461	16.0
1608442823.04	16000	59.615152	0.0	3278424	281	16.0
1608442823.77	16000	59.866051	0.0	2318501	198	16.0
1608442825.06	16000	59.617099	0.0	2473561	268	16.0
1608442826.24	16000	59.618137	0.0	1730311	157	16.0
1608442826.87	16000	59.869099	0.0	1455812	111	16.0
1608442828.17	16000	59.62008	0.0	2869222	266	16.0
1608442829.04	16000	59.621036	0.0	3226650	342	16.0
1608442829.82	16000	59.872044	0.0	2705936	261	16.0
1608442831.11	16000	59.62305	0.0	2998622	259	16.0
1608442831.92	16000	59.874058	0.0	2928342	282	16.0
1608442833.18	16000	59.625033	0.0	3059979	236	16.0
1608442833.94	16000	59.87619	0.0	3367422	228	16.0
1608442835.09	16000	59.627056	0.0	1950694	124	16.0
1608442836.18	16000	59.628091	0.0	1541020	77	16.0
1608442836.83	16000	59.879048	0.0	2926720	126	16.0
1608442837.99	16000	59.880155	0.0	2991202	130	16.0
1608442839.13	16000	59.631198	0.0	3002106	116	16.0
1608442840.23	16000	59.632168	0.0	2015412	75	16.0
1608442840.88	16000	59.883184	0.0	2894863	129	16.0
1608442842.03	16000	59.634085	0.0	2185316	125	16.0
1608442842.79	16000	59.885138	0.0	3370605	237	16.0
1608442844.11	16000	59.636103	0.0	3492243	292	16.0
1608442844.79	16000	59.887146	0.0	1307592	156	16.0
1608442846.24	16000	59.638157	0.0	1881404	427	16.0
1608442847.11	16000	59.639033	0.0	1806471	356	16.0
1608442847.99	16000	59.640055	0.0	1945842	358	16.0
1608442848.98	16000	59.867276	0.0	2538877	463	16.0
1608442849.96	16000	59.892149	0.0	2298557	454	16.0
1608442850.65	16000	59.985684	0.0	2831497	667	16.0
1608442852.24	16000	59.64404	0.0	3200905	554	16.0
1608442853.11	16000	59.645133	0.0	2180586	337	16.0
1608442853.87	16000	59.89618	0.0	1500505	238	16.0
1608442855.19	16000	59.647173	0.0	1939246	309	16.0
1608442855.96	16000	59.874253	0.0	1599193	250	16.0
1608442856.86	16000	59.899131	0.0	2364826	369	16.0
1608442857.77	16000	59.900053	0.0	2517454	391	16.0
1608442859.08	16000	59.651077	0.0	1883143	287	16.0
1608442859.85	16000	59.902063	0.0	1726706	248	16.0
1608442860.96	16000	59.903052	0.0	707364	94	16.0
1608442862.09	16000	59.654063	0.0	796460	109	16.0
1608442862.76	16000	59.905065	0.0	596962	152	16.0
1608442863.96	16000	59.906039	0.0	947625	185	16.0
1608442865.08	16000	59.657041	0.0	832859	97	16.0
1608442866.11	16000	59.658036	0.0	151562	17	16.0
1608442867.13	16000	59.659048	0.0	90390	9	16.0
1608442868.15	16000	59.660023	0.0	50278	4	16.0
1608442869.17	16000	59.661062	0.0	26471	0	16.0
1608442869.51	4000	1.000999	0.055	335737	43	-1.7599999999999998
1608442871.24	16000	1.287936	0.724	11007815	1606	-19.168
1608442872.63	16000	1.321009	0.41	8849724	1344	2.880000000000001
1608442873.16	16000	1.835256	0.0	3191121	496	16.0
1608442873.44	16000	2.556685	0.0	1661718	259	16.0
1608442873.66	16000	3.334549	0.0	1315024	204	16.0
1608442873.78	16000	4.217458	0.0	698359	104	16.0
1608442873.9	16000	5.09917	0.0	730082	104	16.0
1608442874.52	16000	5.478197	0.0	4047415	592	16.0
1608442875.01	16000	5.990159	0.0	2863079	464	16.0
1608442875.81	16000	6.19126	0.0	4167844	767	16.0
1608442877.16	16000	5.84493	0.0	5571764	1309	16.0
1608442878.25	16000	5.752192	0.0	4925652	1055	16.0
1608442878.72	16000	6.291662	0.0	2030157	437	16.0
1608442879.22	16000	6.789839	0.0	2240782	480	16.0
1608442879.72	16000	7.291325	0.0	2211169	477	16.0
1608442879.81	16000	8.200975	0.0	382046	76	16.0
1608442880.07	16000	8.937275	0.0	1113969	248	16.0
1608442880.27	16000	9.741656	0.0	820127	181	16.0
1608442881.76	16000	9.252731	0.0	6357933	1442	16.0
1608442882.61	16000	9.402911	0.0	4814284	806	16.0
1608442883.13	16000	9.881313	0.0	3419258	492	16.0
1608442883.7	16000	10.320327	0.0	3944328	530	16.0
1608442884.3	16000	10.719157	0.0	4284196	570	16.0
1608442884.73	16000	11.292395	0.0	3022025	402	16.0
1608442885.05	16000	11.972817	0.0	2248581	299	16.0
1608442886.47	16000	11.55306	0.0	9946363	1357	16.0
1608442888.17	16000	10.85349	0.0	11684632	1629	16.0
1608442888.44	16000	11.580744	0.0	1849732	253	16.0
1608442888.73	16000	12.293687	0.0	1942795	266	16.0
1608442888.98	16000	13.044957	0.0	1704756	230	16.0
1608442889.23	16000	13.79778	0.0	1697111	229	16.0
1608442889.45	16000	14.574482	0.0	1529441	206	16.0
