1610065863.23	4000	1.000999	0.044	60629	35	-0.8799999999999999
1610065880.99	4000	1.314456	17.042	6594552	17681	-336.84
1610065884.57	8000	1.387193	2.331	7078153	3536	-42.62
1610065884.95	4000	2.010135	0.0	1043358	357	0.0
1610065885.15	8000	2.831404	0.0	946554	183	4.0
1610065885.26	4000	3.725208	0.0	472646	89	0.0
1610065885.35	8000	4.633942	0.0	398693	75	4.0
1610065885.43	8000	5.552148	0.0	358785	67	8.0
1610065885.81	8000	6.173729	0.0	1838971	358	8.0
1610065886.09	8000	6.902857	0.0	1382199	254	8.0
1610065886.47	8000	7.515424	0.0	2052265	358	8.0
1610065887.02	8000	7.964376	0.0	3005823	525	8.0
1610065887.77	12000	8.218157	0.0	3844696	711	8.0
1610065888.09	12000	8.897139	0.0	1630440	302	12.0
1610065888.44	12000	9.547927	0.0	1712120	327	12.0
1610065888.78	12000	10.209068	0.0	1662097	320	12.0
1610065888.84	12000	11.152397	0.0	243072	44	12.0
1610065889.0	12000	11.988345	0.0	793783	149	12.0
1610065889.18	16000	12.811126	0.0	820127	156	12.0
1610065890.44	16000	12.550299	0.0	6357933	1217	16.0
1610065891.38	16000	12.620852	0.0	4814284	895	16.0
1610065891.91	12000	13.085611	0.0	2713103	501	8.0
1610065892.53	12000	13.464692	0.0	3070467	593	12.0
1610065893.07	8000	13.929216	0.0	2599148	508	4.0
1610065893.49	8000	14.508738	0.0	1926191	399	8.0
1610065893.8	8000	15.195992	0.0	1427209	294	8.0
1610065895.26	8000	14.738555	0.0	6361262	1413	8.0
1610065897.47	8000	13.53604	0.0	7838407	2143	8.0
1610065897.65	4000	14.35689	0.0	764013	160	0.0
1610065897.83	4000	15.173944	0.0	795179	166	4.0
1610065898.0	4000	16.004996	0.0	741228	155	4.0
1610065898.17	4000	16.833355	0.0	760332	159	4.0
1610065898.35	4000	17.65697	0.0	769288	163	4.0
1610065898.53	4000	18.477917	0.0	779865	165	4.0
1610065898.72	4000	19.285106	0.0	838056	177	4.0
1610065898.95	8000	20.059193	0.0	977239	209	4.0
1610065899.27	8000	20.740433	0.0	1356524	302	8.0
1610065899.47	8000	21.545408	0.0	801103	182	8.0
1610065899.64	8000	22.376726	0.0	686354	155	8.0
1610065899.9	8000	23.110192	0.0	1097671	250	8.0
1610065900.42	12000	23.599634	0.0	2025194	486	8.0
1610065901.08	12000	23.93583	0.0	2595110	640	12.0
1610065902.5	12000	23.518068	0.0	3209770	1391	12.0
1610065902.87	8000	24.144224	0.0	890138	356	4.0
1610065903.37	4000	24.653036	0.0	1538893	470	0.0
1610065903.68	4000	25.341023	0.0	1116845	297	4.0
1610065903.9	4000	26.124229	0.0	770196	203	4.0
1610065904.09	4000	26.933252	0.0	678418	177	4.0
1610065904.31	4000	27.712354	0.0	663968	207	4.0
1610065904.51	4000	28.512823	0.0	596131	186	4.0
1610065904.73	4000	29.297789	0.0	642153	201	4.0
1610065904.98	8000	30.04596	0.0	750345	235	4.0
1610065905.09	8000	30.93764	0.0	317174	96	8.0
1610065905.18	8000	31.851563	0.0	245047	74	8.0
1610065905.49	8000	32.539261	0.0	926307	298	8.0
1610065905.84	8000	33.192681	0.0	1028305	331	8.0
1610065906.3	12000	33.735357	0.0	1265527	437	8.0
1610065906.92	12000	34.117798	0.0	1524381	599	12.0
1610065907.2	8000	34.82931	0.0	755853	269	4.0
1610065907.37	8000	35.66144	0.0	481371	155	8.0
1610065907.59	8000	36.442809	0.0	632141	205	8.0
1610065907.81	8000	37.226047	0.0	627832	203	8.0
1610065908.06	8000	37.980376	0.0	711870	232	8.0
1610065908.24	8000	38.795855	0.0	555825	169	8.0
1610065908.44	8000	39.600322	0.0	558836	174	8.0
1610065908.64	8000	40.405361	0.0	579891	180	8.0
1610065909.25	12000	40.788101	0.0	1700457	595	8.0
1610065910.39	12000	40.654977	0.0	1970588	1110	12.0
1610065910.98	8000	41.068122	0.0	1137409	567	4.0
1610065911.34	4000	41.700209	0.0	1110276	348	0.0
1610065911.62	4000	42.421723	0.0	1024586	263	4.0
1610065911.78	4000	43.265366	0.0	566069	143	4.0
1610065911.92	4000	44.126182	0.0	498552	126	4.0
1610065912.11	4000	44.939936	0.0	676507	173	4.0
1610065912.28	4000	45.77096	0.0	770118	153	4.0
1610065912.49	4000	46.559756	0.0	962786	192	4.0
1610065913.73	8000	46.319963	0.0	5789048	1194	4.0
1610065914.11	8000	46.947189	0.0	1677334	352	8.0
1610065914.61	8000	47.440017	0.0	2233179	484	8.0
1610065915.08	8000	47.970242	0.0	2053317	447	8.0
1610065915.28	8000	48.775275	0.0	953056	179	8.0
1610065915.51	12000	49.55008	0.0	1132545	206	8.0
1610065915.78	12000	50.277474	0.0	1405832	255	12.0
1610065916.04	12000	51.019746	0.0	1314152	238	12.0
1610065916.29	12000	51.771808	0.0	1387998	228	12.0
1610065916.52	12000	52.541649	0.0	1362449	212	12.0
1610065916.74	12000	53.326825	0.0	1219048	189	12.0
1610065916.99	16000	54.075081	0.0	1473412	230	12.0
1610065917.24	16000	54.821918	0.0	1498968	236	16.0
1610065917.64	16000	55.427329	0.0	2247334	373	16.0
1610065918.19	16000	55.877271	0.0	3156442	523	16.0
1610065918.53	16000	56.539476	0.0	1895098	318	16.0
1610065918.87	16000	57.193174	0.0	1939135	324	16.0
1610065919.2	16000	57.869098	0.0	1842874	304	16.0
1610065919.56	20000	58.508696	0.0	2235830	337	16.0
1610065919.92	20000	59.15452	0.0	2202171	332	20.0
1610065920.27	20000	59.803246	0.0	2242042	329	20.0
1610065921.43	20000	59.864042	0.0	1081763	148	20.0
1610065922.28	20000	59.864976	0.0	2409013	313	20.0
1610065923.49	20000	59.616024	0.0	1615028	193	20.0
1610065924.67	20000	59.616985	0.0	1413467	163	20.0
1610065925.4	20000	59.867921	0.0	1632450	203	20.0
1610065926.21	20000	59.865952	0.0	5664827	775	20.0
1610065927.3	20000	59.86994	0.0	4578115	553	20.0
1610065928.49	20000	59.62102	0.0	1783835	165	20.0
1610065929.6	20000	59.621987	0.0	1093613	94	20.0
1610065930.7	20000	59.622984	0.0	975642	82	20.0
1610065931.37	20000	59.874026	0.0	1658005	140	20.0
1610065932.28	20000	59.874987	0.0	3055257	390	20.0
1610065933.2	20000	59.885662	0.0	5355572	875	20.0
1610065934.24	20000	59.877034	0.0	3278424	509	20.0
1610065935.21	20000	59.878024	0.0	2318501	442	20.0
1610065936.28	16000	59.879029	0.0	2473561	545	12.0
1610065937.7	12000	59.630001	0.0	1359018	394	8.0
1610065938.47	12000	59.631028	0.0	1134985	252	12.0
1610065939.4	12000	59.882015	0.0	2294159	404	12.0
1610065940.43	12000	59.882939	0.0	2601076	502	12.0
1610065941.38	12000	59.883991	0.0	2155956	426	12.0
1610065942.39	12000	59.885067	0.0	2411136	488	12.0
1610065943.38	12000	59.885929	0.0	2355841	460	12.0
1610065944.37	12000	59.887021	0.0	2451277	462	12.0
1610065945.4	12000	59.887937	0.0	2690936	508	12.0
1610065946.22	12000	59.888927	0.0	1552444	289	12.0
1610065947.46	12000	59.640028	0.0	1207957	220	12.0
1610065948.4	12000	59.891062	0.0	2277016	420	12.0
1610065949.41	12000	59.892067	0.0	2335112	483	12.0
1610065950.6	12000	59.642964	0.0	2348675	661	12.0
1610065951.21	12000	59.893411	0.0	1575943	592	12.0
1610065952.28	8000	59.894938	0.0	1666069	548	4.0
1610065953.68	8000	59.646031	0.0	1269548	381	8.0
1610065954.74	8000	59.370635	0.0	2108361	1030	8.0
1610065955.47	4000	59.637773	0.0	1535058	710	0.0
1610065956.63	4000	59.648943	0.0	516135	144	4.0
1610065957.36	4000	59.899958	0.0	781150	212	4.0
1610065958.62	4000	59.650995	0.0	723162	240	4.0
1610065959.52	4000	59.651938	0.0	787496	378	4.0
1610065960.4	4000	59.706935	0.0	1008090	871	4.0
1610065961.46	4000	59.657986	0.0	920901	1034	4.0
1610065963.62	8000	58.495933	0.0	1735873	2138	4.0
1610065964.53	4000	58.584167	0.0	1305395	892	0.0
1610065965.01	8000	59.104982	0.0	1256122	450	4.0
1610065965.24	4000	59.874712	0.0	602217	212	0.0
1610065966.51	4000	59.658948	0.0	819411	253	4.0
1610065967.7	8000	59.659958	0.0	1004408	167	4.0
1610065968.37	4000	59.911042	0.0	905448	149	0.0
1610065969.55	4000	59.662037	0.0	951381	160	4.0
1610065970.68	4000	59.663026	0.0	663404	112	4.0
1610065971.31	4000	59.914035	0.0	662118	114	4.0
1610065972.41	8000	59.915026	0.0	422329	71	4.0
1610065973.52	8000	59.666043	0.0	458857	95	8.0
1610065974.62	8000	59.66701	0.0	318722	91	8.0
1610065975.27	8000	59.918006	0.0	566180	135	8.0
1610065976.42	8000	59.919026	0.0	531853	126	8.0
1610065977.45	12000	59.920044	0.0	123294	20	8.0
1610065978.48	12000	59.671019	0.0	70186	10	12.0
1610065979.5	12000	59.672007	0.0	50504	7	12.0
1610065980.51	12000	59.672936	0.0	24518	1	12.0
1610065981.53	8000	59.673904	0.0	26015	2	4.0
1610065981.82	4000	1.000999	0.018	60629	8	-0.3599999999999999
1610065983.27	4000	1.28688	0.721	6594552	1395	-10.42
1610065984.38	4000	1.419712	0.0	4402139	1073	4.0
1610065984.65	4000	2.149715	0.0	1043358	252	4.0
1610065984.9	8000	2.917217	0.0	946554	225	4.0
1610065985.1	8000	3.719647	0.0	768486	182	8.0
1610065985.2	8000	4.614103	0.0	398693	92	8.0
1610065985.3	8000	5.517931	0.0	358785	83	8.0
1610065985.74	8000	6.078489	0.0	1838971	418	8.0
1610065986.05	8000	6.76757	0.0	1382199	292	8.0
1610065986.51	8000	7.310608	0.0	2052265	436	8.0
1610065987.44	12000	7.384626	0.0	4074608	890	8.0
1610065988.32	12000	7.500943	0.0	3844696	848	12.0
1610065988.62	8000	8.203197	0.0	1267052	275	4.0
1610065988.93	8000	8.890765	0.0	1316661	293	8.0
1610065989.23	8000	9.590805	0.0	1263534	282	8.0
1610065989.28	8000	10.548916	0.0	150125	30	8.0
1610065989.41	8000	11.413562	0.0	555328	120	8.0
1610065989.5	8000	12.331688	0.0	323573	69	8.0
1610065990.43	8000	12.4025	0.0	4001900	898	8.0
1610065991.12	8000	12.70984	0.0	3029729	664	8.0
1610065991.74	12000	13.092366	0.0	2713103	588	8.0
1610065992.43	12000	13.400217	0.0	3070467	663	12.0
1610065993.03	8000	13.800949	0.0	2599148	573	4.0
1610065993.49	8000	14.348192	0.0	1926191	431	8.0
1610065993.82	8000	15.012733	0.0	1427209	319	8.0
1610065995.29	8000	14.542987	0.0	6361262	1424	8.0
1610065997.07	8000	13.76349	0.0	7838407	1720	8.0
1610065997.26	4000	14.578007	0.0	764013	166	0.0
1610065997.45	4000	15.38812	0.0	795179	173	4.0
1610065997.63	4000	16.213014	0.0	741228	161	4.0
