1608427246.02	4000	1.000999	0.032	60629	20	-0.6400000000000001
1608427247.56	4000	1.486224	0.995	6594552	1409	-15.899999999999999
1608427248.26	8000	2.011335	0.0	7078153	584	4.0
1608427248.59	20000	2.686232	0.0	3191121	232	8.0
1608427248.8	20000	3.5486	0.0	1661718	121	20.0
1608427248.98	20000	4.403192	0.0	1315024	107	20.0
1608427249.12	20000	5.269572	0.0	698359	56	20.0
1608427249.26	20000	6.133324	0.0	730082	59	20.0
1608427249.68	20000	6.729158	0.0	4047415	334	20.0
1608427250.1	20000	7.311287	0.0	2863079	327	20.0
1608427250.7	20000	7.717672	0.0	4167844	499	20.0
1608427251.45	20000	7.963759	0.0	5571764	645	20.0
1608427252.14	20000	8.277412	0.0	4925652	588	20.0
1608427252.47	20000	8.943567	0.0	2030157	251	20.0
1608427252.83	20000	9.584976	0.0	2240782	275	20.0
1608427253.21	20000	10.204939	0.0	2211169	296	20.0
1608427253.34	20000	11.079242	0.0	382046	49	20.0
1608427253.57	20000	11.853416	0.0	1113969	148	20.0
1608427253.75	20000	12.668079	0.0	820127	109	20.0
1608427254.48	20000	12.947569	0.0	6357933	617	20.0
1608427255.01	20000	13.417957	0.0	4814284	433	20.0
1608427255.38	20000	14.049544	0.0	3419258	277	20.0
1608427255.79	20000	14.638907	0.0	3944328	319	20.0
1608427256.29	20000	15.133339	0.0	4284196	410	20.0
1608427256.67	20000	15.756333	0.0	3022025	289	20.0
1608427256.99	20000	16.442376	0.0	2248581	228	20.0
1608427258.3	20000	16.127714	0.0	9946363	1172	20.0
1608427260.69	20000	14.743582	0.0	11684632	2250	20.0
1608427261.04	20000	15.392705	0.0	1849732	267	20.0
1608427261.38	20000	16.055001	0.0	1942795	253	20.0
1608427261.68	20000	16.749352	0.0	1704756	222	20.0
1608427261.95	20000	17.486434	0.0	1697111	180	20.0
1608427262.17	20000	18.263861	0.0	1529441	139	20.0
1608427262.39	20000	19.049893	0.0	1568649	130	20.0
1608427262.61	20000	19.827906	0.0	1677618	140	20.0
1608427262.81	20000	20.627942	0.0	1415096	117	20.0
1608427263.01	20000	21.427955	0.0	1894067	117	20.0
1608427263.17	20000	22.275686	0.0	1186604	73	20.0
1608427263.31	20000	23.132442	0.0	1068386	65	20.0
1608427263.5	20000	23.945115	0.0	1700843	105	20.0
1608427263.74	20000	24.700295	0.0	2536859	157	20.0
1608427264.15	20000	25.293261	0.0	4742872	308	20.0
1608427264.58	20000	25.870319	0.0	4955535	326	20.0
1608427264.74	20000	26.706127	0.0	1260540	82	20.0
1608427265.12	20000	27.333159	0.0	3605246	280	20.0
1608427265.44	20000	28.013506	0.0	2770338	229	20.0
1608427265.67	20000	28.774954	0.0	1855168	154	20.0
1608427265.9	20000	29.5541	0.0	1666915	137	20.0
1608427266.16	20000	30.294476	0.0	1555467	176	20.0
1608427266.35	20000	31.101249	0.0	1008919	113	20.0
1608427266.57	20000	31.882845	0.0	1227619	139	20.0
1608427266.77	20000	32.686869	0.0	1015853	115	20.0
1608427266.89	20000	33.566605	0.0	384076	42	20.0
1608427267.04	20000	34.417459	0.0	295687	70	20.0
1608427267.46	20000	34.997928	0.0	1328674	337	20.0
1608427267.94	20000	35.520871	0.0	1492829	392	20.0
1608427268.94	20000	35.52073	0.0	1484812	916	20.0
1608427269.38	20000	36.083776	0.0	1868314	352	20.0
1608427269.69	20000	36.767962	0.0	1253406	234	20.0
1608427269.93	20000	37.530213	0.0	887933	158	20.0
1608427270.17	20000	38.294362	0.0	1153403	156	20.0
1608427270.42	20000	39.045449	0.0	1249023	169	20.0
1608427270.69	20000	39.771961	0.0	1423973	193	20.0
1608427270.92	20000	40.546799	0.0	1060162	143	20.0
1608427271.18	20000	41.282828	0.0	1080597	184	20.0
1608427271.46	20000	42.005804	0.0	1156442	196	20.0
1608427271.93	20000	42.538608	0.0	2222640	380	20.0
1608427272.58	20000	42.891182	0.0	2587311	559	20.0
1608427273.17	20000	43.306436	0.0	2178351	497	20.0
1608427274.03	20000	43.43956	0.0	3121089	777	20.0
1608427274.79	20000	43.679944	0.0	2857420	669	20.0
1608427275.36	20000	44.116346	0.0	1702477	479	20.0
1608427275.9	20000	44.576792	0.0	1531670	450	20.0
1608427277.0	20000	44.472784	0.0	1863424	1020	20.0
1608427277.68	20000	44.801112	0.0	1987392	588	20.0
1608427278.29	20000	45.189314	0.0	2505586	525	20.0
1608427280.12	20000	44.36269	0.0	9620218	1706	20.0
1608427280.67	20000	44.812394	0.0	2561608	463	20.0
1608427281.43	20000	45.054077	0.0	3633991	664	20.0
1608427282.14	20000	45.338981	0.0	3324070	623	20.0
1608427282.54	20000	45.946752	0.0	1560020	311	20.0
1608427282.9	20000	46.58128	0.0	1429188	284	20.0
1608427283.34	20000	47.147762	0.0	1754144	352	20.0
1608427283.75	20000	47.738449	0.0	1626020	328	20.0
1608427284.18	20000	48.306328	0.0	1739228	348	20.0
1608427284.61	20000	48.876223	0.0	1722735	348	20.0
1608427285.01	20000	49.483381	0.0	1538145	310	20.0
1608427285.41	20000	50.085522	0.0	1473412	316	20.0
1608427285.81	20000	50.681992	0.0	1498968	322	20.0
1608427286.45	20000	51.042234	0.0	2247334	553	20.0
1608427287.31	20000	51.182905	0.0	3156442	769	20.0
1608427287.82	20000	51.6786	0.0	1895098	419	20.0
1608427288.31	20000	52.183297	0.0	1939135	411	20.0
1608427288.78	20000	52.711624	0.0	1842874	386	20.0
1608427289.42	20000	53.0748	0.0	2235830	553	20.0
1608427290.12	20000	53.383923	0.0	2202171	608	20.0
1608427290.98	20000	53.517974	0.0	2242042	774	20.0
1608427291.3	20000	54.19687	0.0	1081763	240	20.0
1608427291.93	20000	54.571226	0.0	2409013	540	20.0
1608427292.27	20000	55.235247	0.0	1615028	252	20.0
1608427292.56	20000	55.947116	0.0	1413467	208	20.0
1608427292.88	20000	56.625936	0.0	1632450	241	20.0
1608427293.78	20000	56.724844	0.0	5664827	798	20.0
1608427294.43	20000	57.072666	0.0	4578115	554	20.0
1608427294.72	20000	57.788859	0.0	1783835	199	20.0
1608427294.92	20000	58.586291	0.0	1093613	121	20.0
1608427295.1	20000	59.404962	0.0	975642	102	20.0
1608427295.85	20000	59.873745	0.0	1658005	160	20.0
1608427296.73	20000	59.891826	0.0	3055257	292	20.0
1608427297.82	20000	59.892828	0.0	5355572	482	20.0
1608427298.69	20000	59.893933	0.0	3278424	280	20.0
1608427300.0	20000	59.644941	0.0	2318501	214	20.0
1608427300.6	20000	59.916142	0.0	2473561	515	20.0
1608427302.06	20000	59.646947	0.0	1730311	376	20.0
1608427305.21	20000	57.311921	0.0	1455812	3062	20.0
1608427306.39	20000	57.126416	0.0	2869222	1099	20.0
1608427307.55	20000	56.967236	0.0	3226650	1071	20.0
1608427308.3	20000	57.225081	0.0	2705936	655	20.0
1608427309.07	20000	57.456521	0.0	2998622	672	20.0
1608427309.86	20000	57.659674	0.0	2928342	709	20.0
1608427310.81	20000	57.712915	0.0	3059979	856	20.0
1608427311.98	20000	57.541266	0.0	3367422	1080	20.0
1608427312.63	20000	57.897248	0.0	1950694	561	20.0
1608427313.14	20000	58.384466	0.0	1541020	431	20.0
1608427313.96	20000	58.569094	0.0	2926720	726	20.0
1608427314.79	20000	58.741648	0.0	2991202	738	20.0
1608427315.63	20000	58.899895	0.0	3002106	754	20.0
1608427316.23	20000	59.304367	0.0	2015412	511	20.0
1608427317.11	20000	59.426134	0.0	2894863	789	20.0
1608427317.75	20000	59.78337	0.0	2185316	552	20.0
1608427318.72	20000	59.818753	0.0	3370605	873	20.0
1608427319.84	20000	59.694747	0.0	3492243	1032	20.0
1608427320.82	20000	59.915849	0.0	1307592	400	20.0
1608427321.88	20000	59.666924	0.0	1881404	472	20.0
1608427322.86	20000	59.917858	0.0	1806471	392	20.0
1608427323.87	20000	59.668926	0.0	1945842	429	20.0
1608427324.55	20000	59.993238	0.0	2538877	585	20.0
1608427325.68	20000	59.920836	0.0	2298557	545	20.0
1608427326.95	20000	59.671903	0.0	2831497	673	20.0
1608427327.75	20000	59.789535	0.0	3200905	716	20.0
1608427328.83	20000	59.923833	0.0	2180586	492	20.0
1608427329.81	20000	59.924807	0.0	1500505	398	20.0
1608427330.95	20000	59.675923	0.0	1939246	547	20.0
1608427331.88	20000	59.676825	0.0	1599193	347	20.0
1608427332.94	20000	59.677858	0.0	2364826	476	20.0
1608427333.61	20000	59.937916	0.0	2517454	581	20.0
1608427334.64	20000	59.929936	0.0	1883143	445	20.0
1608427335.64	20000	59.930899	0.0	1726706	408	20.0
1608427336.88	20000	59.681927	0.0	707364	164	20.0
1608427337.66	20000	59.932828	0.0	796460	192	20.0
1608427338.9	20000	59.68383	0.0	596962	151	20.0
1608427339.7	20000	59.934828	0.0	947625	225	20.0
1608427341.0	20000	59.68587	0.0	832859	216	20.0
1608427342.11	20000	59.686822	0.0	151562	33	20.0
1608427342.7	20000	59.937916	0.0	90390	15	20.0
1608427343.77	20000	59.93885	0.0	50278	7	20.0
1608427344.82	20000	59.939831	0.0	26471	2	20.0
1608427345.86	20000	59.940829	0.0	40620	4	20.0
1608427346.27	4000	1.000999	0.096	334032	84	-1.92
1608427347.98	4000	1.376701	0.805	6594552	1587	-12.100000000000001
1608427350.34	20000	1.301007	1.263	8849724	2232	-21.26
1608427351.47	20000	1.463035	0.247	3191121	1033	15.059999999999999
1608427352.05	20000	1.881144	0.0	1661718	500	20.0
1608427352.52	20000	2.409623	0.0	1315024	391	20.0
1608427352.81	20000	3.122604	0.0	698359	211	20.0
1608427353.11	20000	3.824284	0.0	730082	220	20.0
1608427354.38	20000	3.550973	0.0	4047415	1173	20.0
1608427355.28	20000	3.659931	0.0	2863079	806	20.0
1608427357.17	20000	2.763401	0.0	4167844	1804	20.0
1608427360.5	20000	1.465677	1.025	5571764	3224	-0.5
1608427362.56	20000	1.492687	1.094	4925652	1970	-1.879999999999999
1608427363.07	20000	1.990835	0.0	2030157	415	20.0
1608427363.6	20000	2.461202	0.0	2240782	446	20.0
1608427364.09	20000	2.966397	0.0	2211169	407	20.0
1608427364.24	20000	3.819405	0.0	382046	68	20.0
1608427364.52	20000	4.53903	0.0	1113969	200	20.0
1608427364.74	20000	5.322499	0.0	820127	138	20.0
1608427365.92	20000	5.145924	0.0	6357933	1071	20.0
1608427366.8	20000	5.260687	0.0	4814284	787	20.0
1608427367.47	20000	5.599141	0.0	3419258	563	20.0
1608427368.37	20000	5.693361	0.0	3944328	811	20.0
1608427369.63	20000	5.438218	0.0	4284196	1155	20.0
1608427370.55	20000	5.522542	0.0	3022025	823	20.0
1608427371.18	20000	5.887567	0.0	2248581	549	20.0
1608427375.05	20000	3.021404	0.0	9946363	3725	20.0
1608427377.73	20000	1.340452	0.0	11684632	2545	20.0
1608427378.12	20000	1.949481	0.0	1849732	306	20.0
1608427378.53	20000	2.543565	0.0	1942795	322	20.0
1608427378.91	20000	3.16701	0.0	1704756	291	20.0
1608427379.28	20000	3.79341	0.0	1697111	289	20.0
1608427379.62	20000	4.453149	0.0	1529441	260	20.0
1608427379.99	20000	5.084327	0.0	1568649	285	20.0
