1608445420.65	4000	1.000999	0.019	60629	9	-0.6080000000000001
1608445423.97	16000	1.404977	2.641	11007815	3200	-80.512
1608445442.7	16000	1.407945	17.403	8849724	18668	-540.896
1608445442.86	8000	2.248403	0.0	1798447	131	0.0
1608445442.87	16000	2.240296	0.0	1798447	131	8.0
1608445443.0	16000	3.10369	0.0	1661718	120	16.0
1608445443.12	16000	4.002379	0.0	1315024	96	16.0
1608445443.19	16000	4.949594	0.0	698359	49	16.0
1608445443.25	16000	5.884365	0.0	730082	53	16.0
1608445443.58	16000	6.557481	0.0	4047415	296	16.0
1608445443.84	16000	7.300631	0.0	2863079	232	16.0
1608445444.21	16000	7.932385	0.0	4167844	337	16.0
1608445444.72	16000	8.420379	0.0	5571764	473	16.0
1608445445.25	16000	8.894125	0.0	4925652	489	16.0
1608445445.47	16000	9.673326	0.0	2030157	200	16.0
1608445445.71	16000	10.436004	0.0	2240782	206	16.0
1608445445.93	16000	11.216004	0.0	2211169	199	16.0
1608445445.97	16000	12.170889	0.0	382046	33	16.0
1608445446.09	16000	13.056136	0.0	1113969	100	16.0
1608445446.18	16000	13.969353	0.0	820127	73	16.0
1608445446.8	16000	14.345774	0.0	6357933	584	16.0
1608445447.29	16000	14.854699	0.0	4814284	456	16.0
1608445447.66	16000	15.492264	0.0	3419258	335	16.0
1608445448.17	16000	15.985476	0.0	3944328	476	16.0
1608445448.73	16000	16.420295	0.0	4284196	534	16.0
1608445449.19	16000	16.968009	0.0	3022025	426	16.0
1608445449.53	16000	17.629029	0.0	2248581	316	16.0
1608445451.96	16000	16.192729	0.0	9946363	2373	16.0
1608445454.84	16000	14.324247	0.0	11684632	2794	16.0
1608445455.23	16000	14.924824	0.0	1849732	374	16.0
1608445455.64	16000	15.513732	0.0	1942795	389	16.0
1608445456.0	16000	16.158165	0.0	1704756	333	16.0
1608445456.36	16000	16.802369	0.0	1697111	334	16.0
1608445456.67	16000	17.48838	0.0	1529441	297	16.0
1608445456.98	16000	18.182907	0.0	1568649	289	16.0
1608445457.31	16000	18.855158	0.0	1677618	309	16.0
1608445457.59	16000	19.579256	0.0	1415096	260	16.0
1608445457.93	16000	20.23587	0.0	1894067	324	16.0
1608445458.15	16000	21.020825	0.0	1186604	200	16.0
1608445458.34	16000	21.826692	0.0	1068386	179	16.0
1608445458.65	16000	22.520541	0.0	1700843	288	16.0
1608445459.15	16000	23.019319	0.0	2536859	479	16.0
1608445460.29	16000	22.883019	0.0	4742872	1102	16.0
1608445461.18	16000	22.996473	0.0	4955535	850	16.0
1608445461.36	16000	23.814182	0.0	1260540	165	16.0
1608445461.89	16000	24.279462	0.0	3605246	506	16.0
1608445462.35	16000	24.822243	0.0	2770338	435	16.0
1608445462.66	16000	25.512195	0.0	1855168	290	16.0
1608445463.11	16000	26.066557	0.0	1666915	427	16.0
1608445463.53	16000	26.647833	0.0	1555467	402	16.0
1608445463.86	16000	27.317698	0.0	1008919	308	16.0
1608445464.34	16000	27.843192	0.0	1227619	460	16.0
1608445464.76	16000	28.419273	0.0	1015853	410	16.0
1608445465.08	16000	29.101633	0.0	384076	306	16.0
1608445465.33	16000	29.855323	0.0	295687	235	16.0
1608445466.08	12000	30.106823	0.0	1128983	727	8.0
1608445466.08	8000	30.099381	0.0	1128983	727	4.0
1608445466.51	4000	30.671712	0.0	755974	411	0.0
1608445466.85	4000	31.339093	0.0	808254	319	4.0
1608445466.85	8000	31.332004	0.0	808254	319	4.0
1608445467.23	8000	31.954558	0.0	1192343	364	8.0
1608445467.24	12000	31.946323	0.0	1192343	364	8.0
1608445467.25	16000	31.939491	0.0	1192343	364	12.0
1608445467.65	16000	32.541412	0.0	1253406	383	16.0
1608445468.0	16000	33.183508	0.0	887933	340	16.0
1608445468.5	16000	33.693143	0.0	1153403	475	16.0
1608445468.98	16000	34.209426	0.0	1249023	468	16.0
1608445469.51	16000	34.680362	0.0	1423973	511	16.0
1608445469.52	12000	34.673199	0.0	1423973	511	8.0
1608445469.52	16000	34.667263	0.0	1423973	511	12.0
1608445469.89	16000	35.303207	0.0	1060162	351	16.0
1608445470.25	16000	35.946419	0.0	1080597	342	16.0
1608445470.63	16000	36.564345	0.0	1156442	367	16.0
1608445471.31	16000	36.881203	0.0	2222640	661	16.0
1608445472.14	16000	37.053464	0.0	2587311	804	16.0
1608445472.89	16000	37.31557	0.0	2178351	717	16.0
1608445473.93	16000	37.271523	0.0	3121089	1011	16.0
1608445474.79	16000	37.404707	0.0	2857420	843	16.0
1608445475.32	16000	37.883096	0.0	1702477	503	16.0
1608445475.8	16000	38.40588	0.0	1531670	457	16.0
1608445476.63	16000	38.573319	0.0	1863424	812	16.0
1608445477.15	16000	39.053937	0.0	1987392	499	16.0
1608445477.74	16000	39.468661	0.0	2505586	562	16.0
1608445488.12	16000	30.082612	0.0	9620218	10318	16.0
1608445498.66	16000	57.583104	0.0	286854	93	16.0
1608445498.67	16000	57.575843	0.0	286854	93	16.0
1608445499.57	16000	57.671458	0.0	2869222	877	16.0
1608445500.69	16000	57.554804	0.0	3226650	1091	16.0
1608445501.85	16000	57.398065	0.0	2705936	1131	16.0
1608445503.2	16000	57.050812	0.0	2998622	1320	16.0
1608445504.1	16000	57.144283	0.0	2928342	871	16.0
1608445505.38	16000	56.873814	0.0	3059979	1247	16.0
1608445507.02	16000	56.234108	0.0	3367422	1611	16.0
1608445507.02	12000	56.224806	0.0	3367422	1611	8.0
1608445507.58	12000	56.672949	0.0	1552444	535	12.0
1608445508.01	12000	57.247255	0.0	1207957	409	12.0
1608445508.82	12000	57.437927	0.0	2277016	788	12.0
1608445509.51	12000	57.748723	0.0	2335112	667	12.0
1608445509.51	16000	57.740471	0.0	2335112	667	12.0
1608445510.32	16000	57.936166	0.0	3002106	782	16.0
1608445510.83	16000	58.424133	0.0	2015412	492	16.0
1608445511.55	16000	58.710801	0.0	2894863	688	16.0
1608445512.09	16000	59.171329	0.0	2185316	517	16.0
1608445512.94	16000	59.316653	0.0	3370605	825	16.0
1608445514.1	16000	59.157247	0.0	3492243	1129	16.0
1608445514.51	16000	59.754561	0.0	1307592	385	16.0
1608445515.44	16000	59.817666	0.0	1881404	917	16.0
1608445516.64	16000	59.622403	0.0	1806471	1175	16.0
1608445517.75	16000	59.513258	0.0	1945842	1088	16.0
1608445519.03	16000	59.233389	0.0	2538877	1257	16.0
1608445519.04	12000	59.226039	0.0	2538877	1257	8.0
1608445519.04	8000	59.220937	0.0	2538877	1257	4.0
1608445520.26	8000	59.007383	0.0	1397801	1200	8.0
1608445521.26	8000	59.005551	0.0	1735873	985	8.0
1608445522.88	8000	58.388629	0.0	1955680	1599	8.0
1608445523.9	8000	58.369096	0.0	1256122	1006	8.0
1608445524.49	8000	58.78376	0.0	872352	573	8.0
1608445524.49	4000	58.777157	0.0	872352	573	0.0
1608445525.02	4000	59.251873	0.0	819411	515	4.0
1608445525.5	4000	59.776056	0.0	705221	464	4.0
1608445526.63	4000	59.665907	0.0	905448	616	4.0
1608445527.55	4000	59.725175	0.0	951381	908	4.0
1608445528.29	4000	59.984738	0.0	663404	728	4.0
1608445529.48	4000	59.918855	0.0	662118	680	4.0
1608445530.72	4000	59.66976	0.0	284661	222	4.0
1608445531.61	4000	59.920865	0.0	305283	374	4.0
1608445532.83	4000	59.671858	0.0	197766	213	4.0
1608445532.84	2000	59.43828	0.0	197766	213	0.0
1608445533.61	2000	59.672869	0.0	198063	263	2.0
1608445534.76	2000	59.673847	0.0	181915	136	2.0
1608445535.8	2000	59.674862	0.0	46143	24	2.0
1608445535.81	8000	59.473657	0.0	46143	24	2.0
1608445536.85	8000	59.675864	0.0	52187	27	8.0
1608445537.37	8000	59.926853	0.0	32002	10	8.0
1608445537.38	16000	59.907449	0.0	32002	10	8.0
1608445538.39	16000	59.927869	0.0	26471	5	16.0
1608445539.41	16000	59.928895	0.0	40620	11	16.0
1608445539.93	16000	59.862654	0.0	15267	3	16.0
