1608459626.71	4000	1.000999	0.024	60629	14	-0.48
1608459627.14	2000	1.600441	0.0	1072422	366	0.0
1608459627.51	2000	2.227632	0.0	1121405	355	2.0
1608459628.27	20000	2.47206	0.0	3191121	717	2.0
1608459628.58	20000	3.157737	0.0	1661718	295	20.0
1608459628.77	20000	3.96906	0.0	1315024	172	20.0
1608459628.87	20000	4.865595	0.0	698359	90	20.0
1608459628.98	20000	5.758746	0.0	730082	94	20.0
1608459629.53	20000	6.216117	0.0	4047415	514	20.0
1608459629.79	20000	7.037045	0.0	2863079	236	20.0
1608459630.17	20000	7.885495	0.0	4167844	344	20.0
1608459630.67	20000	8.392677	0.0	5571764	446	20.0
1608459631.08	20000	8.978102	0.0	4925652	373	20.0
1608459631.26	20000	9.800545	0.0	2030157	153	20.0
1608459631.45	20000	10.606844	0.0	2240782	169	20.0
1608459631.74	20000	11.318655	0.0	2211169	263	20.0
1608459631.8	20000	12.258289	0.0	382046	46	20.0
1608459631.96	20000	13.100826	0.0	1113969	139	20.0
1608459632.08	20000	13.981782	0.0	820127	102	20.0
1608459632.89	20000	14.177493	0.0	6357933	753	20.0
1608459633.46	20000	14.602355	0.0	4814284	535	20.0
1608459633.92	20000	15.150842	0.0	3419258	421	20.0
1608459634.44	20000	15.627387	0.0	3944328	490	20.0
1608459635.24	20000	15.828346	0.0	4284196	765	20.0
1608459635.68	20000	16.390604	0.0	3022025	411	20.0
1608459635.92	20000	17.154723	0.0	2248581	211	20.0
1608459637.06	20000	17.013206	0.0	9946363	1061	20.0
1608459639.64	20000	15.430343	0.0	11684632	2513	20.0
1608459639.84	20000	16.229677	0.0	1849732	178	20.0
1608459640.06	20000	17.019674	0.0	1942795	188	20.0
1608459640.24	20000	17.834441	0.0	1704756	164	20.0
1608459640.43	20000	18.651071	0.0	1697111	163	20.0
1608459640.58	20000	19.494987	0.0	1529441	130	20.0
1608459640.71	20000	20.374323	0.0	1568649	101	20.0
1608459640.84	20000	21.245216	0.0	1677618	108	20.0
1608459640.95	20000	22.134464	0.0	1415096	91	20.0
1608459641.09	20000	22.991349	0.0	1894067	122	20.0
1608459641.18	20000	23.898477	0.0	1186604	76	20.0
1608459641.27	20000	24.812108	0.0	1068386	69	20.0
1608459641.41	20000	25.683638	0.0	1700843	110	20.0
1608459641.61	20000	26.475113	0.0	2536859	174	20.0
1608459642.08	20000	27.003779	0.0	4742872	434	20.0
1608459642.58	20000	27.510565	0.0	4955535	453	20.0
1608459642.71	20000	28.383458	0.0	1260540	108	20.0
1608459643.05	20000	29.041075	0.0	3605246	312	20.0
1608459643.32	20000	29.773203	0.0	2770338	240	20.0
1608459643.5	20000	30.591024	0.0	1855168	161	20.0
1608459643.68	20000	31.411946	0.0	1666915	151	20.0
1608459643.85	20000	32.245731	0.0	1555467	144	20.0
1608459643.96	20000	33.133848	0.0	1008919	94	20.0
1608459644.09	20000	34.001708	0.0	1227619	114	20.0
1608459644.21	20000	34.889069	0.0	1015853	94	20.0
1608459644.26	20000	35.840914	0.0	384076	35	20.0
1608459644.3	20000	36.802208	0.0	295687	26	20.0
1608459644.44	20000	37.660743	0.0	1328674	123	20.0
1608459644.6	20000	38.501842	0.0	1492829	139	20.0
1608459644.77	20000	39.332868	0.0	1484812	148	20.0
1608459644.98	20000	40.122569	0.0	1868314	187	20.0
1608459645.13	20000	40.976849	0.0	1253406	124	20.0
1608459645.24	20000	41.871093	0.0	887933	88	20.0
1608459645.37	20000	42.737208	0.0	1153403	114	20.0
1608459645.51	20000	43.59295	0.0	1249023	124	20.0
1608459645.72	20000	44.385017	0.0	1423973	186	20.0
1608459645.9	20000	45.20952	0.0	1060162	159	20.0
1608459646.08	20000	46.028934	0.0	1080597	161	20.0
1608459646.28	20000	46.83641	0.0	1156442	173	20.0
1608459646.66	20000	47.448002	0.0	2222640	366	20.0
1608459647.43	20000	47.67981	0.0	2587311	741	20.0
1608459647.8	20000	48.313348	0.0	2178351	343	20.0
1608459648.21	20000	48.910227	0.0	3121089	376	20.0
1608459648.58	20000	49.54108	0.0	2857420	344	20.0
1608459648.82	20000	50.293743	0.0	1702477	227	20.0
1608459649.05	20000	51.067364	0.0	1531670	208	20.0
1608459649.33	20000	51.792798	0.0	1863424	252	20.0
1608459649.63	20000	52.499831	0.0	1987392	271	20.0
1608459650.15	20000	52.971557	0.0	2505586	494	20.0
1608459652.07	20000	52.051417	0.0	9620218	1859	20.0
1608459652.51	20000	52.614416	0.0	2561608	410	20.0
1608459653.42	20000	52.705988	0.0	3633991	879	20.0
1608459654.43	20000	52.691977	0.0	3324070	984	20.0
1608459654.83	20000	53.297523	0.0	1560020	374	20.0
1608459655.14	20000	53.990963	0.0	1429188	288	20.0
1608459655.52	20000	54.612001	0.0	1754144	358	20.0
1608459655.86	20000	55.265236	0.0	1626020	325	20.0
1608459656.24	20000	55.893964	0.0	1739228	351	20.0
1608459656.61	20000	56.526703	0.0	1722735	348	20.0
1608459656.91	20000	57.222768	0.0	1538145	283	20.0
1608459657.2	20000	57.934431	0.0	1473412	270	20.0
1608459657.5	20000	58.638889	0.0	1498968	276	20.0
1608459658.19	20000	58.9499	0.0	2247334	667	20.0
1608459659.09	20000	59.042472	0.0	3156442	881	20.0
1608459659.54	20000	59.596309	0.0	1895098	424	20.0
1608459660.53	20000	59.681046	0.0	1939135	469	20.0
1608459661.41	20000	59.72578	0.0	1842874	857	20.0
1608459662.29	20000	59.857568	0.0	2235830	844	20.0
1608459663.39	20000	59.934068	0.0	2202171	578	20.0
1608459664.32	20000	59.934945	0.0	2242042	407	20.0
1608459665.52	20000	59.685964	0.0	1081763	182	20.0
1608459666.64	20000	59.6871	0.0	2409013	594	20.0
1608459667.45	20000	59.93802	0.0	1615028	289	20.0
1608459668.21	20000	59.939037	0.0	1413467	238	20.0
1608459669.6	20000	59.689966	0.0	1632450	365	20.0
1608459670.66	20000	59.487555	0.0	5664827	1015	20.0
1608459672.0	20000	59.145547	0.0	4578115	1304	20.0
1608459672.28	20000	59.872576	0.0	1783835	250	20.0
1608459673.45	20000	59.944068	0.0	1093613	152	20.0
1608459674.62	20000	59.694987	0.0	975642	151	20.0
1608459675.25	20000	59.946073	0.0	1658005	108	20.0
1608459676.48	20000	59.696961	0.0	3055257	203	20.0
1608459677.33	20000	59.948065	0.0	5355572	306	20.0
1608459678.56	20000	59.69902	0.0	3278424	196	20.0
1608459679.21	20000	59.950023	0.0	2318501	126	20.0
1608459680.35	20000	59.950959	0.0	2473561	116	20.0
1608459681.47	20000	59.702002	0.0	1730311	84	20.0
1608459682.55	20000	59.702985	0.0	1455812	59	20.0
1608459683.22	20000	59.953983	0.0	2869222	143	20.0
1608459684.46	20000	59.954972	0.0	3226650	207	20.0
1608459685.69	20000	59.705983	0.0	2705936	205	20.0
1608459686.49	20000	59.706973	0.0	2998622	278	20.0
1608459687.33	20000	59.958057	0.0	2928342	308	20.0
1608459688.35	20000	59.815715	0.0	3059979	990	20.0
1608459689.56	20000	59.709967	0.0	3367422	680	20.0
1608459690.36	20000	59.960954	0.0	1950694	278	20.0
1608459691.4	20000	59.962019	0.0	1541020	519	20.0
1608459692.51	20000	59.712952	0.0	2926720	577	20.0
1608459693.67	20000	59.714044	0.0	2991202	627	20.0
1608459694.77	20000	59.406861	0.0	3002106	1067	20.0
1608459695.61	20000	59.565268	0.0	2015412	819	20.0
1608459696.79	20000	59.387288	0.0	2894863	1151	20.0
1608459697.46	20000	59.716066	0.0	2185316	647	20.0
1608459700.18	20000	57.998902	0.0	3370605	2687	20.0
1608459701.69	20000	57.48924	0.0	3492243	1477	20.0
1608459702.09	20000	58.085001	0.0	1307592	384	20.0
1608459702.63	20000	58.544731	0.0	1881404	520	20.0
1608459703.14	20000	59.035668	0.0	1806471	487	20.0
1608459703.69	20000	59.494288	0.0	1945842	520	20.0
1608459704.32	20000	59.868818	0.0	2538877	595	20.0
1608459705.34	20000	59.976069	0.0	2298557	502	20.0
1608459706.42	20000	59.976997	0.0	2831497	546	20.0
1608459707.68	20000	59.728009	0.0	3200905	735	20.0
1608459708.23	20000	59.959045	0.0	2180586	519	20.0
1608459709.63	20000	59.729987	0.0	1500505	376	20.0
1608459710.23	20000	59.956944	0.0	1939246	581	20.0
1608459711.23	20000	59.982084	0.0	1599193	472	20.0
1608459712.49	20000	59.733041	0.0	2364826	741	20.0
1608459713.63	20000	59.733963	0.0	2517454	612	20.0
1608459714.35	20000	59.841799	0.0	1883143	696	20.0
1608459715.42	20000	59.776305	0.0	1726706	1044	20.0
1608459716.41	20000	59.987026	0.0	707364	479	20.0
1608459717.67	20000	59.738057	0.0	796460	236	20.0
1608459718.33	20000	59.989057	0.0	596962	136	20.0
1608459719.58	20000	59.739981	0.0	947625	228	20.0
1608459720.31	20000	59.99096	0.0	832859	217	20.0
1608459721.35	4000	59.992051	0.0	71077	14	-12.0
1608459722.39	20000	59.992963	0.0	90390	20	4.0
1608459723.41	20000	59.994004	0.0	50278	9	20.0
1608459724.43	20000	59.995059	0.0	26471	1	20.0
1608459725.45	20000	59.995987	0.0	40620	5	20.0
1608459725.84	4000	1.000999	0.094	334032	83	-1.88
1608459728.84	20000	1.376873	2.089	11007815	2892	-37.78
1608459731.14	20000	1.309729	1.208	8849724	2246	-4.16
1608459732.0	20000	1.488682	0.0	3191121	830	20.0
1608459732.46	20000	2.035086	0.0	1661718	425	20.0
1608459732.82	20000	2.676749	0.0	1315024	338	20.0
1608459733.01	20000	3.482859	0.0	698359	178	20.0
1608459733.22	20000	4.272602	0.0	730082	194	20.0
1608459734.42	20000	4.074288	0.0	4047415	1169	20.0
1608459735.21	20000	4.286833	0.0	2863079	760	20.0
1608459736.35	20000	4.148292	0.0	4167844	1105	20.0
1608459738.17	20000	3.329514	0.0	5571764	1777	20.0
1608459740.13	20000	2.371034	0.0	4925652	1914	20.0
1608459741.29	20000	2.208426	0.0	2030157	1137	20.0
1608459742.09	20000	2.408328	0.0	2240782	775	20.0
1608459742.67	20000	2.836537	0.0	2211169	549	20.0
1608459742.77	20000	3.732937	0.0	382046	89	20.0
1608459743.06	20000	4.449567	0.0	1113969	265	20.0
1608459743.27	20000	5.235343	0.0	820127	197	20.0
1608459745.48	20000	4.029969	0.0	6357933	2160	20.0
1608459747.85	20000	2.653737	0.0	4814284	2337	20.0
1608459750.03	20000	1.48212	0.0	3419258	2143	20.0
1608459751.25	20000	1.490795	0.235	3944328	1193	15.3
1608459752.14	20000	1.60643	0.0	4284196	849	20.0
1608459752.72	20000	2.02405	0.0	3022025	556	20.0
1608459753.16	20000	2.591489	0.0	2248581	410	20.0
1608459755.05	20000	1.699275	0.0	9946363	1831	20.0
1608459756.45	8000	1.48055	0.183	7838407	1351	-7.66
1608459756.78	20000	2.150768	0.0	1849732	307	8.0
1608459757.13	20000	2.800983	0.0	1942795	321	20.0
1608459757.42	20000	3.511957	0.0	1704756	267	20.0
1608459757.7	20000	4.234432	0.0	1697111	257	20.0
1608459757.96	20000	4.982879	0.0	1529441	232	20.0
1608459758.21	20000	5.725601	0.0	1568649	238	20.0
1608459758.46	20000	6.483377	0.0	1677618	220	20.0
