1610069228.92	4000	1.000999	0.016	60629	7	-0.31999999999999984
1610069230.01	4000	1.282826	0.338	6594552	1028	-2.76
1610069230.87	4000	1.648061	0.0	4402139	824	4.0
1610069231.08	4000	2.533088	0.0	1043358	200	4.0
1610069231.29	8000	3.329039	0.0	946554	181	4.0
1610069231.45	8000	4.168621	0.0	768486	146	8.0
1610069231.54	8000	5.080524	0.0	398693	74	8.0
1610069231.62	8000	6.01546	0.0	358785	67	8.0
1610069231.95	8000	6.686463	0.0	1838971	310	8.0
1610069232.26	12000	7.375112	0.0	1861181	286	8.0
1610069232.73	12000	7.912248	0.0	2835412	436	12.0
1610069233.71	12000	7.929785	0.0	4074608	944	12.0
1610069234.7	12000	7.937921	0.0	3844696	962	12.0
1610069234.97	8000	8.67243	0.0	1267052	245	4.0
1610069235.22	8000	9.421442	0.0	1316661	234	8.0
1610069235.46	8000	10.180676	0.0	1263534	224	8.0
1610069235.5	8000	11.145243	0.0	150125	23	8.0
1610069235.61	8000	12.035559	0.0	555328	96	8.0
1610069235.68	8000	12.969722	0.0	323573	55	8.0
1610069236.45	8000	13.194064	0.0	4001900	748	8.0
1610069237.08	8000	13.572401	0.0	3029729	596	8.0
1610069237.67	12000	13.975692	0.0	2713103	571	8.0
1610069238.45	12000	14.205156	0.0	3070467	744	12.0
1610069239.13	8000	14.520039	0.0	2599148	650	4.0
1610069239.64	8000	15.014899	0.0	1926191	484	8.0
1610069240.0	8000	15.656556	0.0	1427209	341	8.0
1610069241.34	8000	15.316241	0.0	6361262	1293	8.0
1610069242.51	8000	15.145546	0.0	7838407	1110	8.0
1610069242.67	8000	15.983605	0.0	1127469	142	8.0
1610069242.84	8000	16.816493	0.0	1179779	148	8.0
1610069243.13	8000	17.526779	0.0	1078151	273	8.0
1610069243.43	8000	18.233765	0.0	1086181	275	8.0
1610069243.71	8000	18.958067	0.0	1029204	259	8.0
1610069244.92	8000	18.742916	0.0	1054251	1193	8.0
1610069245.16	4000	19.501035	0.0	838056	225	0.0
1610069245.37	4000	20.297829	0.0	709811	190	4.0
1610069245.65	4000	21.01454	0.0	997014	269	4.0
1610069245.82	4000	21.848563	0.0	576726	153	4.0
1610069245.92	4000	22.744369	0.0	481423	91	4.0
1610069246.06	4000	23.607046	0.0	753582	123	4.0
1610069246.25	4000	24.421192	0.0	1035369	170	4.0
1610069246.33	4000	25.33946	0.0	420196	67	4.0
1610069246.66	8000	26.015134	0.0	1818385	301	4.0
1610069246.82	8000	26.855056	0.0	890138	146	8.0
1610069247.31	8000	27.360435	0.0	2345010	473	8.0
1610069247.69	8000	27.981823	0.0	1735323	360	8.0
1610069247.95	8000	28.723321	0.0	1153767	240	8.0
1610069248.28	12000	29.399786	0.0	1329461	305	8.0
1610069248.58	12000	30.096215	0.0	1254418	287	12.0
1610069248.8	12000	30.880842	0.0	879546	200	12.0
1610069249.06	12000	31.617522	0.0	1055149	246	12.0
1610069249.29	12000	32.390185	0.0	883588	213	12.0
1610069249.38	12000	33.297419	0.0	347560	80	12.0
1610069249.47	16000	34.211458	0.0	295687	69	12.0
1610069249.81	16000	34.873253	0.0	1328674	322	16.0
1610069250.16	16000	35.519515	0.0	1492829	336	16.0
1610069250.52	16000	36.169429	0.0	1484812	331	16.0
1610069250.95	16000	36.736359	0.0	1868314	412	16.0
1610069251.23	16000	37.456684	0.0	1253406	262	16.0
1610069251.43	16000	38.256244	0.0	887933	184	16.0
1610069251.69	16000	38.997849	0.0	1153403	240	16.0
1610069251.98	16000	39.71388	0.0	1249023	266	16.0
1610069252.34	16000	40.34852	0.0	1423973	346	16.0
1610069252.62	16000	41.074843	0.0	1060162	256	16.0
1610069252.9	16000	41.797081	0.0	1080597	261	16.0
1610069253.32	16000	42.371541	0.0	1156442	407	16.0
1610069254.32	16000	42.376535	0.0	2222640	973	16.0
1610069255.23	12000	42.468572	0.0	1970588	884	8.0
1610069255.56	8000	43.135632	0.0	1137409	312	4.0
1610069255.89	4000	43.811067	0.0	1110276	305	0.0
1610069256.09	4000	44.607031	0.0	1024586	189	4.0
1610069256.2	4000	45.494921	0.0	566069	98	4.0
1610069256.3	4000	46.395921	0.0	498552	86	4.0
1610069256.44	4000	47.265218	0.0	676507	117	4.0
1610069256.59	4000	48.117325	0.0	770118	133	4.0
1610069256.87	8000	48.837531	0.0	1472726	260	4.0
1610069257.96	8000	48.749303	0.0	5789048	1046	8.0
1610069258.27	8000	49.437683	0.0	1677334	289	8.0
1610069258.68	8000	50.026088	0.0	2233179	386	8.0
1610069259.06	8000	50.651696	0.0	2053317	352	8.0
1610069259.3	12000	51.414097	0.0	1258293	216	8.0
1610069259.51	12000	52.201736	0.0	1132545	194	12.0
1610069259.77	12000	52.941946	0.0	1405832	242	12.0
1610069260.01	12000	53.700167	0.0	1314152	224	12.0
1610069260.28	12000	54.4418	0.0	1387998	242	12.0
1610069260.53	12000	55.179284	0.0	1362449	236	12.0
1610069260.82	16000	55.890737	0.0	1538145	267	12.0
1610069261.1	16000	56.617124	0.0	1473412	255	16.0
1610069261.38	16000	57.334576	0.0	1498968	264	16.0
1610069261.8	16000	57.91454	0.0	2247334	397	16.0
1610069262.36	16000	58.363353	0.0	3156442	525	16.0
1610069262.69	16000	59.034708	0.0	1895098	308	16.0
1610069263.02	16000	59.697804	0.0	1939135	310	16.0
1610069263.83	20000	59.912224	0.0	1842874	280	16.0
1610069265.2	20000	59.663148	0.0	2235830	346	20.0
1610069266.03	20000	59.914155	0.0	2202171	302	20.0
1610069266.82	20000	59.915157	0.0	2242042	273	20.0
1610069267.98	20000	59.916138	0.0	1081763	130	20.0
1610069268.83	20000	59.917217	0.0	2409013	325	20.0
1610069270.06	20000	59.918176	0.0	1615028	209	20.0
1610069271.21	20000	59.669199	0.0	1413467	125	20.0
1610069271.87	20000	59.920218	0.0	1632450	137	20.0
1610069272.9	20000	59.92122	0.0	5664827	492	20.0
1610069273.82	20000	59.922204	0.0	4578115	386	20.0
1610069274.99	20000	59.923202	0.0	1783835	146	20.0
1610069276.12	20000	59.674203	0.0	1093613	113	20.0
1610069277.3	20000	59.675186	0.0	975642	161	20.0
1610069278.12	20000	59.676181	0.0	1658005	295	20.0
1610069279.23	20000	59.677128	0.0	3055257	577	20.0
1610069280.79	20000	58.948926	0.0	5355572	1520	20.0
1610069281.61	16000	59.125853	0.0	3278424	795	12.0
1610069282.06	12000	59.678183	0.0	1890880	423	8.0
1610069282.97	8000	59.931255	0.0	1521463	381	4.0
1610069284.16	4000	59.682205	0.0	687087	164	0.0
1610069285.3	4000	59.683218	0.0	564465	130	4.0
1610069286.11	4000	59.68423	0.0	1193260	284	4.0
1610069286.95	4000	59.935211	0.0	1350143	323	4.0
1610069288.22	4000	59.686202	0.0	1085010	255	4.0
1610069289.19	8000	59.687219	0.0	1825708	437	4.0
1610069290.13	8000	59.688214	0.0	1780068	427	8.0
1610069291.17	8000	59.689166	0.0	1844656	518	8.0
1610069291.83	8000	59.923852	0.0	2010421	628	8.0
1610069293.19	8000	59.691201	0.0	1158554	347	8.0
1610069293.91	8000	59.942127	0.0	873968	198	8.0
1610069294.81	8000	59.943221	0.0	1651288	384	8.0
1610069296.24	8000	59.694175	0.0	1697771	409	8.0
1610069297.18	8000	59.695209	0.0	1712532	410	8.0
1610069298.05	8000	59.944167	0.0	1149171	349	8.0
1610069299.1	8000	59.697203	0.0	1666069	535	8.0
1610069300.02	8000	59.948206	0.0	1269548	390	8.0
1610069300.89	8000	59.866267	0.0	2108361	854	8.0
1610069301.83	8000	59.926962	0.0	2206878	916	8.0
1610069303.06	4000	59.951175	0.0	516135	203	0.0
1610069303.91	4000	59.952208	0.0	781150	340	4.0
1610069305.26	4000	59.703212	0.0	723162	329	4.0
1610069305.9	4000	59.954203	0.0	787496	110	4.0
1610069307.06	4000	59.955222	0.0	1008090	142	4.0
1610069308.18	4000	59.70621	0.0	920901	104	4.0
1610069308.81	4000	59.957223	0.0	1141486	113	4.0
1610069310.02	8000	59.958213	0.0	1955680	184	4.0
1610069311.16	8000	59.709211	0.0	1256122	112	8.0
1610069312.25	8000	59.710213	0.0	872352	76	8.0
1610069312.9	8000	59.961196	0.0	1175796	128	8.0
1610069314.03	8000	59.962212	0.0	1004408	116	8.0
1610069314.85	12000	59.963199	0.0	1877910	289	8.0
1610069316.18	12000	59.714196	0.0	1991172	308	12.0
1610069316.96	12000	59.965188	0.0	1469635	260	12.0
1610069318.26	12000	59.716202	0.0	1366341	275	12.0
1610069318.86	12000	59.967178	0.0	564365	87	12.0
1610069319.97	12000	59.968207	0.0	622694	90	12.0
1610069321.08	16000	59.7192	0.0	596962	88	12.0
1610069322.21	16000	59.720208	0.0	947625	111	16.0
1610069322.81	16000	59.971179	0.0	832859	87	16.0
1610069323.84	16000	59.972191	0.0	151562	14	16.0
1610069324.87	16000	59.973204	0.0	90390	7	16.0
1610069325.88	16000	59.974203	0.0	50278	4	16.0
1610069326.9	16000	59.975216	0.0	26471	1	16.0
1610069327.92	12000	59.976189	0.0	36255	2	8.0
1610069328.25	4000	1.000999	0.047	334032	34	-0.94
1610069329.04	4000	1.483718	0.0	6594552	722	4.0
1610069329.56	4000	1.965692	0.0	4402139	481	4.0
1610069329.69	4000	2.831312	0.0	1043358	112	4.0
1610069329.82	8000	3.703828	0.0	946554	102	4.0
1610069329.92	8000	4.606334	0.0	768486	82	8.0
1610069329.97	8000	5.552581	0.0	398693	42	8.0
1610069330.03	8000	6.524393	0.0	358785	38	8.0
1610069330.26	8000	7.305651	0.0	1838971	199	8.0
1610069330.48	12000	8.079671	0.0	1861181	202	8.0
1610069330.82	12000	8.763049	0.0	2835412	311	12.0
1610069331.3	12000	9.286643	0.0	4074608	447	12.0
1610069331.75	12000	9.832435	0.0	3844696	425	12.0
1610069331.95	12000	10.634334	0.0	1630440	180	12.0
1610069332.16	12000	11.427514	0.0	1712120	189	12.0
1610069332.43	16000	12.156179	0.0	2211169	245	12.0
1610069332.49	16000	13.099279	0.0	382046	45	16.0
1610069332.64	16000	13.950974	0.0	1113969	133	16.0
1610069332.75	16000	14.838321	0.0	820127	97	16.0
1610069333.56	16000	15.032389	0.0	6357933	765	16.0
1610069334.17	16000	15.422953	0.0	4814284	573	16.0
1610069334.66	16000	15.937376	0.0	3419258	457	16.0
1610069335.3	20000	16.293438	0.0	3944328	614	16.0
1610069336.29	20000	16.302475	0.0	4284196	957	20.0
1610069336.84	16000	16.752777	0.0	3022025	521	12.0
1610069337.22	16000	17.371558	0.0	2248581	359	16.0
1610069338.82	16000	16.774629	0.0	9946363	1516	16.0
1610069340.37	12000	16.229761	0.0	9808342	1480	8.0
1610069340.55	8000	17.045943	0.0	1127469	164	4.0
1610069340.75	8000	17.852836	0.0	1179779	174	8.0
1610069340.93	8000	18.676197	0.0	1078151	159	8.0
1610069341.1	8000	19.498486	0.0	1086181	161	8.0
