1608436359.07	4000	1.000999	0.022	60629	7	-0.7039999999999997
1608436360.84	20000	1.312976	1.054	11007815	1653	-29.728
1608436363.29	12000	1.398816	1.2	9061343	2391	-34.4
1608436363.68	4000	2.004869	0.0	1043358	373	-4.0
1608436363.9	4000	2.815398	0.0	567502	199	4.0
1608436364.07	4000	3.637385	0.0	472646	165	4.0
1608436364.18	4000	4.531279	0.0	274373	94	4.0
1608436364.34	8000	5.369885	0.0	358785	142	4.0
1608436365.85	16000	4.869557	0.0	4047415	1469	8.0
1608436366.24	8000	5.473633	0.0	1382199	368	0.0
1608436366.66	8000	6.056663	0.0	2052265	395	8.0
1608436367.28	8000	6.443009	0.0	3005823	590	8.0
1608436367.92	8000	6.802701	0.0	2879726	613	8.0
1608436368.26	8000	7.4601	0.0	1267052	325	8.0
1608436368.92	8000	7.804241	0.0	1316661	639	8.0
1608436370.35	8000	7.375203	0.0	1263534	1413	8.0
1608436370.4	2000	8.326669	0.0	114664	33	-4.0
1608436370.5	2000	9.226776	0.0	272444	88	2.0
1608436370.57	2000	10.1589	0.0	180836	57	2.0
1608436370.97	2000	10.752787	0.0	1138797	390	2.0
1608436372.37	4000	10.355193	0.0	2226527	1374	2.0
1608436373.19	4000	10.534198	0.0	1501029	803	4.0
1608436373.51	4000	11.223037	0.0	1558531	293	4.0
1608436373.88	4000	11.8531	0.0	1856343	349	4.0
1608436374.16	4000	12.566822	0.0	1433055	268	4.0
1608436374.36	4000	13.367678	0.0	1055512	183	4.0
1608436375.57	8000	13.158058	0.0	6361262	1164	4.0
1608436377.14	12000	12.596193	0.0	9808342	1500	8.0
1608436377.31	8000	13.429269	0.0	1127469	148	4.0
1608436377.48	8000	14.258057	0.0	1179779	157	8.0
1608436377.64	8000	15.099549	0.0	1078151	143	8.0
1608436377.8	8000	15.941877	0.0	1086181	144	8.0
1608436378.02	16000	16.720042	0.0	1529441	204	8.0
1608436378.24	20000	17.49677	0.0	1568649	208	16.0
1608436378.48	20000	18.260136	0.0	1677618	220	20.0
1608436378.68	20000	19.06011	0.0	1415096	186	20.0
1608436378.95	20000	19.794362	0.0	1894067	249	20.0
1608436379.12	20000	20.62523	0.0	1186604	155	20.0
1608436379.26	20000	21.483165	0.0	1068386	130	20.0
1608436379.46	20000	22.281183	0.0	1700843	188	20.0
1608436379.76	20000	22.983009	0.0	2536859	281	20.0
1608436380.3	20000	23.45169	0.0	4742872	504	20.0
1608436380.73	20000	24.019612	0.0	4955535	401	20.0
1608436380.84	20000	24.904351	0.0	1260540	101	20.0
1608436381.16	20000	25.588859	0.0	3605246	291	20.0
1608436381.41	20000	26.346114	0.0	2770338	221	20.0
1608436381.57	20000	27.180611	0.0	1855168	148	20.0
1608436381.72	20000	28.06949	0.0	1666915	132	20.0
1608436381.87	20000	29.07049	0.0	1555467	124	20.0
1608436381.96	20000	30.036156	0.0	1008919	79	20.0
1608436382.08	20000	30.92349	0.0	1227619	98	20.0
1608436382.17	20000	31.827141	0.0	1015853	81	20.0
1608436382.22	20000	32.785594	0.0	384076	29	20.0
1608436382.25	20000	33.753897	0.0	295687	20	20.0
1608436382.36	20000	34.644283	0.0	1328674	92	20.0
1608436382.48	20000	35.523373	0.0	1492829	103	20.0
1608436382.6	20000	36.402565	0.0	1484812	103	20.0
1608436382.75	20000	37.253631	0.0	1868314	131	20.0
1608436382.86	20000	38.149903	0.0	1253406	87	20.0
1608436382.93	20000	39.07415	0.0	887933	61	20.0
1608436383.03	20000	39.978653	0.0	1153403	80	20.0
1608436383.14	20000	40.875464	0.0	1249023	86	20.0
1608436383.25	20000	41.758662	0.0	1423973	99	20.0
1608436383.34	20000	42.668526	0.0	1060162	75	20.0
1608436383.44	20000	43.576211	0.0	1080597	76	20.0
1608436383.54	20000	44.479348	0.0	1156442	82	20.0
1608436383.72	20000	45.299964	0.0	2222640	159	20.0
1608436383.92	20000	46.093425	0.0	2587311	183	20.0
1608436384.1	20000	46.918728	0.0	2178351	154	20.0
1608436384.36	20000	47.657748	0.0	3121089	236	20.0
1608436384.63	20000	48.389055	0.0	2857420	237	20.0
1608436384.79	20000	49.227825	0.0	1702477	141	20.0
1608436384.94	20000	50.082789	0.0	1531670	126	20.0
1608436385.11	20000	50.909391	0.0	1863424	155	20.0
1608436385.31	20000	51.713204	0.0	1987392	173	20.0
1608436385.59	20000	52.43383	0.0	2505586	257	20.0
1608436386.71	20000	52.313831	0.0	9620218	1059	20.0
1608436387.06	20000	52.971253	0.0	2561608	317	20.0
1608436387.83	20000	53.199181	0.0	3633991	743	20.0
1608436388.51	16000	53.516453	0.0	3324070	654	12.0
1608436388.7	12000	54.327765	0.0	1258293	165	8.0
1608436388.87	12000	55.164008	0.0	1132545	148	12.0
1608436389.12	16000	55.912248	0.0	1754144	231	12.0
1608436389.35	16000	56.684732	0.0	1626020	211	16.0
1608436389.59	20000	57.442626	0.0	1739228	222	16.0
1608436389.83	20000	58.20533	0.0	1722735	220	20.0
1608436390.04	20000	58.991712	0.0	1538145	196	20.0
1608436390.25	20000	59.786879	0.0	1473412	187	20.0
1608436391.49	20000	59.602833	0.0	1498968	220	20.0
1608436392.36	20000	59.853904	0.0	2247334	345	20.0
1608436393.37	20000	59.854875	0.0	3156442	477	20.0
1608436394.19	20000	59.856047	0.0	1895098	295	20.0
1608436395.54	20000	59.607026	0.0	1939135	318	20.0
1608436396.32	16000	59.858003	0.0	1842874	263	12.0
1608436397.66	16000	59.609017	0.0	2235830	314	16.0
1608436398.48	16000	59.609964	0.0	2202171	295	16.0
1608436399.32	20000	59.861034	0.0	2242042	320	16.0
1608436400.55	20000	59.612054	0.0	1081763	207	20.0
1608436401.35	20000	59.863043	0.0	2409013	274	20.0
1608436402.6	20000	59.613948	0.0	1615028	234	20.0
1608436403.36	20000	59.865033	0.0	1413467	233	20.0
1608436404.58	20000	59.616026	0.0	1632450	204	20.0
1608436405.43	20000	59.623494	0.0	5664827	802	20.0
1608436406.21	20000	59.840577	0.0	4578115	748	20.0
1608436407.49	16000	59.619061	0.0	1783835	256	12.0
1608436408.66	16000	59.620055	0.0	1093613	148	16.0
1608436409.31	16000	59.871075	0.0	975642	132	16.0
1608436410.56	16000	59.622075	0.0	1658005	222	16.0
1608436411.51	20000	59.623129	0.0	3055257	423	16.0
1608436412.4	20000	59.657949	0.0	5355572	859	20.0
1608436413.38	16000	59.875113	0.0	3278424	453	12.0
1608436414.36	16000	59.876146	0.0	2318501	456	16.0
1608436415.25	16000	59.877042	0.0	2473561	357	16.0
1608436416.46	12000	59.628023	0.0	1359018	188	8.0
1608436417.23	16000	59.879043	0.0	1455812	246	12.0
1608436418.29	16000	59.880046	0.0	2869222	531	16.0
1608436419.37	16000	59.850393	0.0	3226650	549	16.0
1608436420.32	16000	59.882094	0.0	2705936	426	16.0
1608436421.35	16000	59.883079	0.0	2998622	503	16.0
1608436422.37	16000	59.884057	0.0	2928342	489	16.0
1608436423.3	12000	59.885032	0.0	2451277	406	8.0
1608436424.37	16000	59.88608	0.0	3367422	544	12.0
1608436425.2	16000	59.887068	0.0	1950694	309	16.0
1608436426.46	16000	59.638015	0.0	1541020	245	16.0
1608436427.48	16000	59.639022	0.0	2926720	485	16.0
1608436428.51	16000	59.640093	0.0	2991202	503	16.0
1608436429.11	16000	59.96259	0.0	3002106	581	16.0
1608436430.53	16000	59.642125	0.0	2015412	389	16.0
1608436431.22	16000	59.858779	0.0	2894863	668	16.0
1608436432.53	8000	59.644047	0.0	1269548	290	0.0
1608436433.48	12000	59.601435	0.0	2744751	911	8.0
1608436434.54	8000	59.646038	0.0	2206878	534	4.0
1608436435.29	8000	59.897031	0.0	752992	236	8.0
1608436436.22	8000	59.898125	0.0	1143645	405	8.0
1608436437.24	8000	59.899122	0.0	1081066	495	8.0
1608436438.25	8000	59.900029	0.0	1175321	492	8.0
1608436439.31	8000	59.901025	0.0	1515596	543	8.0
1608436440.3	8000	59.902128	0.0	1397801	472	8.0
1608436441.29	8000	59.903028	0.0	1735873	468	8.0
1608436442.26	8000	59.904019	0.0	1955680	446	8.0
1608436443.54	8000	59.655071	0.0	1256122	259	8.0
1608436444.21	8000	59.90609	0.0	872352	158	8.0
1608436445.51	12000	59.657019	0.0	1549070	278	8.0
1608436446.34	16000	59.908156	0.0	1599193	305	12.0
1608436447.43	16000	59.878341	0.0	2364826	561	16.0
1608436448.38	16000	59.719181	0.0	2517454	924	16.0
1608436449.22	8000	59.911031	0.0	1060685	323	0.0
1608436450.42	8000	59.912117	0.0	1011581	184	8.0
1608436451.53	8000	59.663135	0.0	422329	93	8.0
1608436452.65	8000	59.664118	0.0	458857	108	8.0
1608436453.24	8000	59.915132	0.0	318722	63	8.0
1608436454.45	20000	59.666006	0.0	947625	194	8.0
1608436455.63	20000	59.667042	0.0	832859	154	20.0
1608436456.67	20000	59.668032	0.0	151562	25	20.0
1608436457.19	20000	59.919063	0.0	90390	10	20.0
1608436458.21	16000	59.920053	0.0	50278	4	12.0
1608436459.22	12000	59.921052	0.0	24518	1	8.0
1608436460.24	8000	59.922037	0.0	26015	1	4.0
1608436460.55	4000	1.000999	0.016	60629	7	-0.512
1608436462.35	20000	1.284503	1.067	11007815	1705	-30.144
1608436463.88	12000	1.305582	0.309	9061343	1476	-5.888
1608436464.23	8000	1.958058	0.0	1798447	324	4.0
1608436464.41	8000	2.814069	0.0	946554	169	8.0
1608436464.56	8000	3.663961	0.0	768486	136	8.0
1608436464.65	8000	4.582761	0.0	398693	69	8.0
1608436464.81	16000	5.423639	0.0	730082	135	8.0
1608436465.68	20000	5.549473	0.0	4047415	842	16.0
1608436466.09	16000	6.143216	0.0	2863079	383	12.0
1608436466.65	16000	6.578968	0.0	4167844	534	16.0
1608436467.54	16000	6.699441	0.0	5571764	842	16.0
1608436468.19	12000	7.044573	0.0	3844696	621	8.0
1608436468.42	8000	7.814415	0.0	1267052	210	4.0
1608436468.81	16000	8.425273	0.0	2240782	366	8.0
1608436469.18	16000	9.06317	0.0	2211169	340	16.0
1608436469.25	16000	9.993616	0.0	382046	56	16.0
1608436469.43	16000	10.807128	0.0	1113969	170	16.0
1608436469.58	20000	11.661468	0.0	820127	124	16.0
1608436470.86	20000	11.382248	0.0	6357933	1234	20.0
1608436471.57	16000	11.668944	0.0	4814284	680	12.0
1608436472.01	12000	12.2356	0.0	2713103	405	8.0
1608436472.53	12000	12.716797	0.0	3070467	491	12.0
1608436473.12	12000	13.129766	0.0	3391518	559	12.0
1608436473.47	8000	13.781293	0.0	1926191	325	4.0
1608436473.87	16000	14.381253	0.0	2248581	376	8.0
1608436475.53	16000	13.71695	0.0	9946363	1604	16.0
1608436476.75	8000	13.503858	0.0	7838407	1159	0.0
1608436476.93	8000	14.322503	0.0	1127469	166	8.0
1608436477.12	8000	15.129894	0.0	1179779	176	8.0
1608436477.3	8000	15.953869	0.0	1078151	161	8.0
1608436477.48	8000	16.777016	0.0	1086181	162	8.0
1608436477.73	16000	17.528215	0.0	1529441	230	8.0
1608436477.98	20000	18.275604	0.0	1568649	236	16.0
