1608419642.75	4000	1.000999	0.015	60629	4	-0.48
1608419644.46	20000	1.273409	0.953	11007815	1598	-26.496
1608419646.59	16000	1.324163	0.92	8849724	2078	-17.44
1608419647.45	8000	1.53813	0.0	1798447	827	0.0
1608419647.68	4000	2.300857	0.0	567502	217	0.0
1608419647.86	4000	3.129728	0.0	472646	158	4.0
1608419647.96	4000	4.029234	0.0	274373	90	4.0
1608419648.04	4000	4.947332	0.0	222226	71	4.0
1608419648.7	8000	5.292103	0.0	1838971	632	4.0
1608419649.4	12000	5.589201	0.0	1861181	670	8.0
1608419649.84	8000	6.154531	0.0	2052265	410	4.0
1608419650.31	8000	6.683995	0.0	3005823	446	8.0
1608419650.71	8000	7.280668	0.0	2879726	379	8.0
1608419650.85	8000	8.141758	0.0	1267052	123	8.0
1608419651.04	12000	8.954866	0.0	1712120	167	8.0
1608419651.28	20000	9.715847	0.0	2211169	216	12.0
1608419651.33	20000	10.668207	0.0	382046	36	20.0
1608419651.45	20000	11.546237	0.0	1113969	108	20.0
1608419651.54	20000	12.453412	0.0	820127	79	20.0
1608419652.14	20000	12.855664	0.0	6357933	558	20.0
1608419652.6	20000	13.396504	0.0	4814284	417	20.0
1608419652.91	20000	14.091161	0.0	3419258	278	20.0
1608419653.26	20000	14.740256	0.0	3944328	322	20.0
1608419653.64	20000	15.359598	0.0	4284196	350	20.0
1608419653.99	20000	16.01562	0.0	3022025	318	20.0
1608419654.25	20000	16.758743	0.0	2248581	236	20.0
1608419655.42	20000	16.589806	0.0	9946363	1106	20.0
1608419656.36	20000	16.642931	0.0	11684632	878	20.0
1608419656.51	16000	17.498698	0.0	1849732	124	12.0
1608419656.67	16000	18.342494	0.0	1942795	137	16.0
1608419656.91	20000	19.096266	0.0	1704756	227	16.0
1608419657.16	20000	19.850986	0.0	1697111	226	20.0
1608419657.38	20000	20.629384	0.0	1529441	204	20.0
1608419657.61	20000	21.4022	0.0	1568649	209	20.0
1608419657.92	20000	22.09847	0.0	1677618	284	20.0
1608419658.19	20000	22.83267	0.0	1415096	249	20.0
1608419658.54	20000	23.473721	0.0	1894067	333	20.0
1608419658.73	20000	24.285502	0.0	1186604	173	20.0
1608419658.87	20000	25.144291	0.0	1068386	125	20.0
1608419659.09	20000	25.925482	0.0	1700843	201	20.0
1608419659.42	20000	26.603106	0.0	2536859	301	20.0
1608419659.98	20000	27.041153	0.0	4742872	526	20.0
1608419660.54	20000	27.480258	0.0	4955535	523	20.0
1608419660.69	20000	28.331946	0.0	1260540	132	20.0
1608419661.16	20000	28.868491	0.0	3605246	436	20.0
1608419661.51	20000	29.511448	0.0	2770338	333	20.0
1608419661.79	20000	30.234334	0.0	1855168	258	20.0
1608419662.12	20000	30.910511	0.0	1666915	307	20.0
1608419662.42	20000	31.606176	0.0	1555467	286	20.0
1608419662.62	20000	32.406912	0.0	1008919	184	20.0
1608419662.89	20000	33.147673	0.0	1227619	244	20.0
1608419663.12	20000	33.913686	0.0	1015853	208	20.0
1608419663.21	20000	34.82407	0.0	384076	77	20.0
1608419663.28	20000	35.755466	0.0	295687	58	20.0
1608419663.57	20000	36.467019	0.0	1328674	274	20.0
1608419663.94	20000	37.096451	0.0	1492829	354	20.0
1608419664.34	20000	37.696081	0.0	1484812	384	20.0
1608419664.76	16000	38.27406	0.0	1868314	404	12.0
1608419664.92	16000	39.120021	0.0	1253406	138	16.0
1608419665.03	16000	40.008814	0.0	887933	97	16.0
1608419665.17	16000	40.866316	0.0	1153403	127	16.0
1608419665.33	20000	41.713146	0.0	1249023	138	16.0
1608419665.5	20000	42.540036	0.0	1423973	157	20.0
1608419665.63	20000	43.409804	0.0	1060162	116	20.0
1608419665.87	20000	44.172254	0.0	1080597	223	20.0
1608419666.24	20000	44.804873	0.0	1156442	352	20.0
1608419666.76	20000	45.285368	0.0	2222640	498	20.0
1608419666.93	16000	46.115146	0.0	2587311	148	12.0
1608419667.09	16000	46.96263	0.0	2178351	123	16.0
1608419667.29	16000	47.75644	0.0	3121089	178	16.0
1608419667.48	20000	48.567844	0.0	2857420	162	16.0
1608419667.6	20000	49.451009	0.0	1702477	96	20.0
1608419667.71	20000	50.345305	0.0	1531670	87	20.0
1608419667.84	20000	51.216336	0.0	1863424	111	20.0
1608419667.98	20000	52.076041	0.0	1987392	118	20.0
1608419668.15	20000	52.905395	0.0	2505586	148	20.0
1608419668.79	20000	53.264111	0.0	9620218	582	20.0
1608419669.08	20000	53.981025	0.0	2561608	260	20.0
1608419669.48	20000	54.582284	0.0	3633991	369	20.0
1608419669.83	20000	55.232126	0.0	3324070	324	20.0
1608419669.98	20000	56.078429	0.0	1560020	136	20.0
1608419670.13	20000	56.93579	0.0	1429188	124	20.0
1608419670.3	20000	57.764517	0.0	1754144	153	20.0
1608419670.46	20000	58.601741	0.0	1626020	142	20.0
1608419670.64	20000	59.431277	0.0	1739228	152	20.0
1608419671.37	20000	59.849866	0.0	1722735	210	20.0
1608419672.66	20000	59.600807	0.0	1538145	264	20.0
1608419673.39	20000	59.851907	0.0	1473412	212	20.0
1608419674.65	20000	59.602799	0.0	1498968	238	20.0
1608419676.22	20000	58.845096	0.0	2247334	1551	20.0
1608419676.54	4000	59.532498	0.0	1138250	293	-12.0
1608419677.24	4000	59.85577	0.0	724195	184	4.0
1608419678.41	4000	59.856845	0.0	728813	157	4.0
1608419679.5	4000	59.607884	0.0	631476	71	4.0
1608419680.66	4000	59.6088	0.0	728502	144	4.0
1608419681.21	20000	59.861283	0.0	2202171	529	4.0
1608419682.69	16000	59.610864	0.0	2242042	454	12.0
1608419683.47	16000	59.611759	0.0	1081763	257	16.0
1608419684.54	16000	59.612769	0.0	2409013	550	16.0
1608419685.33	12000	59.863763	0.0	1336691	267	8.0
1608419686.55	12000	59.614821	0.0	1179696	199	12.0
1608419687.35	16000	59.865773	0.0	1632450	283	12.0
1608419688.3	16000	59.77873	0.0	5664827	909	16.0
1608419689.33	12000	59.86778	0.0	3284299	497	8.0
1608419690.61	16000	59.618873	0.0	1783835	254	12.0
1608419691.3	16000	59.869772	0.0	1093613	166	16.0
1608419692.43	16000	59.870862	0.0	975642	117	16.0
1608419693.64	16000	59.621883	0.0	1658005	180	16.0
1608419694.49	20000	59.622862	0.0	3055257	328	16.0
1608419695.32	20000	59.76872	0.0	5355572	795	20.0
1608419696.33	20000	59.874788	0.0	3278424	480	20.0
1608419697.53	16000	59.625845	0.0	2318501	183	12.0
1608419698.5	16000	59.626764	0.0	2473561	444	16.0
1608419699.69	16000	59.627825	0.0	1730311	168	16.0
1608419700.32	16000	59.878871	0.0	1455812	102	16.0
1608419701.49	20000	59.629801	0.0	2869222	147	16.0
1608419702.64	20000	59.630784	0.0	3226650	121	20.0
1608419703.25	20000	59.881833	0.0	2705936	92	20.0
1608419704.39	20000	59.882866	0.0	2998622	109	20.0
1608419705.54	20000	59.633782	0.0	2928342	125	20.0
1608419706.22	20000	59.884767	0.0	3059979	149	20.0
1608419707.68	20000	59.63586	0.0	3367422	435	20.0
1608419708.42	20000	59.886759	0.0	1950694	216	20.0
1608419709.63	20000	59.637795	0.0	1541020	188	20.0
1608419710.94	20000	59.161409	0.0	2926720	1290	20.0
1608419711.89	8000	59.21833	0.0	1697771	922	-4.0
1608419713.1	4000	59.002792	0.0	1087843	1196	0.0
1608419713.2	2000	59.904949	0.0	441665	83	0.0
1608419714.33	2000	59.892783	0.0	567172	107	2.0
1608419715.47	2000	59.64387	0.0	503622	126	2.0
1608419716.26	4000	59.894769	0.0	1450968	260	2.0
1608419717.54	4000	59.645863	0.0	1535058	768	4.0
1608419718.24	8000	59.896853	0.0	752992	181	4.0
1608419719.56	8000	59.64787	0.0	1143645	294	8.0
1608419720.24	8000	59.898765	0.0	1081066	161	8.0
1608419721.37	8000	59.899761	0.0	1175321	117	8.0
1608419722.51	8000	59.650798	0.0	1515596	121	8.0
1608419723.69	20000	59.651812	0.0	2298557	148	8.0
1608419724.46	20000	59.868493	0.0	2831497	253	20.0
1608419725.25	20000	59.903763	0.0	3200905	256	20.0
1608419726.52	20000	59.654791	0.0	2180586	251	20.0
1608419727.4	20000	59.905783	0.0	1500505	354	20.0
1608419728.13	20000	59.991846	0.0	1939246	710	20.0
1608419729.36	12000	59.907785	0.0	1299702	202	4.0
1608419730.68	12000	59.658785	0.0	1877910	299	12.0
1608419731.47	12000	59.659788	0.0	1991172	266	12.0
1608419732.63	12000	59.660856	0.0	1469635	143	12.0
1608419733.33	16000	59.91178	0.0	1726706	171	12.0
1608419734.42	20000	59.912788	0.0	707364	68	16.0
1608419735.51	20000	59.663864	0.0	796460	75	20.0
1608419736.58	20000	59.664859	0.0	596962	57	20.0
1608419737.69	20000	59.665863	0.0	947625	90	20.0
1608419738.28	20000	59.91685	0.0	832859	78	20.0
1608419739.31	20000	59.917863	0.0	151562	13	20.0
1608419740.33	20000	59.918799	0.0	90390	7	20.0
1608419741.35	20000	59.919774	0.0	50278	3	20.0
1608419742.37	16000	59.920785	0.0	26471	1	12.0
1608419743.38	8000	59.921761	0.0	26015	3	0.0
1608419743.69	4000	1.000999	0.017	60629	7	-0.544
1608419745.35	20000	1.28624	0.928	11007815	1553	-25.696
1608419746.62	16000	1.292926	0.024	8849724	1206	11.232
1608419747.08	8000	1.897486	0.0	1798447	438	0.0
1608419747.26	8000	2.722237	0.0	946554	161	8.0
1608419747.34	8000	3.63588	0.0	768486	73	8.0
1608419747.4	8000	4.585262	0.0	398693	37	8.0
1608419747.48	16000	5.500303	0.0	730082	69	8.0
1608419747.9	20000	6.080767	0.0	4047415	392	16.0
1608419748.2	20000	6.780174	0.0	2863079	277	20.0
1608419748.79	20000	7.200775	0.0	4167844	549	20.0
1608419749.92	20000	7.065338	0.0	5571764	1096	20.0
1608419750.86	16000	7.125506	0.0	4925652	906	12.0
1608419751.08	8000	7.909759	0.0	1267052	197	0.0
1608419751.31	8000	8.677033	0.0	1316661	217	8.0
1608419751.58	8000	9.413185	0.0	1263534	248	8.0
1608419751.64	12000	10.351284	0.0	243072	44	8.0
1608419751.88	16000	11.116637	0.0	1113969	218	12.0
1608419752.05	20000	11.941945	0.0	820127	159	16.0
1608419754.07	20000	10.9243	0.0	6357933	1975	20.0
1608419756.98	8000	9.019828	0.0	3029729	2871	-4.0
1608419757.82	2000	9.18182	0.0	760526	814	-4.0
1608419758.49	2000	9.507903	0.0	866360	659	2.0
1608419758.82	2000	10.175481	0.0	821406	320	2.0
1608419759.06	2000	10.94105	0.0	576666	222	2.0
1608419759.22	2000	11.777798	0.0	399536	152	2.0
1608419760.62	4000	11.384912	0.0	4647286	1354	2.0
1608419762.19	4000	10.811726	0.0	5615227	1534	4.0
1608419762.39	4000	11.614825	0.0	764013	183	4.0
1608419762.57	4000	12.430586	0.0	795179	171	4.0
1608419762.83	8000	13.179611	0.0	1078151	233	4.0
1608419763.08	8000	13.928489	0.0	1086181	235	8.0
1608419763.32	8000	14.690949	0.0	1029204	223	8.0
1608419763.73	20000	15.278201	0.0	1568649	393	8.0
