1608443343.57	4000	1.000999	0.016	60629	6	-0.31999999999999984
1608443346.23	20000	1.394039	1.966	11007815	2495	-35.32
1608443348.64	20000	1.342962	1.105	8849724	2284	-2.1000000000000014
1608443349.41	20000	1.594094	0.0	3191121	672	20.0
1608443349.95	20000	2.057639	0.0	1661718	450	20.0
1608443350.39	20000	2.618406	0.0	1315024	355	20.0
1608443350.58	20000	3.430041	0.0	698359	107	20.0
1608443350.77	20000	4.236919	0.0	730082	113	20.0
1608443351.49	20000	4.518048	0.0	4047415	620	20.0
1608443351.88	20000	5.140792	0.0	2863079	285	20.0
1608443352.39	20000	5.620087	0.0	4167844	414	20.0
1608443353.13	20000	5.885559	0.0	5571764	628	20.0
1608443353.86	20000	6.150192	0.0	4925652	633	20.0
1608443354.24	20000	6.773782	0.0	2030157	288	20.0
1608443354.67	20000	7.342429	0.0	2240782	344	20.0
1608443355.13	20000	7.8908	0.0	2211169	363	20.0
1608443355.27	20000	8.751828	0.0	382046	60	20.0
1608443355.8	20000	9.22281	0.0	1113969	446	20.0
1608443356.13	20000	9.893577	0.0	820127	249	20.0
1608443359.88	20000	7.147264	0.0	6357933	3629	20.0
1608443360.8	16000	7.221333	0.0	4814284	818	12.0
1608443361.41	16000	7.611197	0.0	3419258	517	16.0
1608443362.26	16000	7.759549	0.0	3944328	758	16.0
1608443363.58	16000	7.440864	0.0	4284196	1220	16.0
1608443364.43	16000	7.598259	0.0	3022025	750	16.0
1608443364.84	20000	8.186786	0.0	2248581	325	16.0
1608443366.39	20000	7.643727	0.0	9946363	1420	20.0
1608443369.32	20000	5.712619	0.0	11684632	2790	20.0
1608443370.24	20000	5.78481	0.0	1849732	841	20.0
1608443370.86	20000	6.168628	0.0	1942795	531	20.0
1608443371.3	20000	6.731938	0.0	1704756	353	20.0
1608443371.7	20000	7.330202	0.0	1697111	318	20.0
1608443372.04	20000	7.989933	0.0	1529441	255	20.0
1608443372.4	20000	8.643672	0.0	1568649	263	20.0
1608443372.76	20000	9.279905	0.0	1677618	266	20.0
1608443373.06	20000	9.974767	0.0	1415096	222	20.0
1608443373.45	20000	10.59103	0.0	1894067	298	20.0
1608443373.7	20000	11.333555	0.0	1186604	178	20.0
1608443373.95	20000	12.093475	0.0	1068386	159	20.0
1608443374.29	20000	12.754228	0.0	1700843	256	20.0
1608443374.77	20000	13.27414	0.0	2536859	392	20.0
1608443375.63	20000	13.40853	0.0	4742872	769	20.0
1608443376.61	20000	13.431824	0.0	4955535	879	20.0
1608443376.95	20000	14.098253	0.0	1260540	253	20.0
1608443377.84	20000	14.204937	0.0	3605246	795	20.0
1608443378.73	20000	14.320866	0.0	2770338	793	20.0
1608443379.3	20000	14.749075	0.0	1855168	488	20.0
1608443379.78	20000	15.2719	0.0	1666915	394	20.0
1608443380.18	20000	15.868002	0.0	1555467	322	20.0
1608443380.47	20000	16.579904	0.0	1008919	207	20.0
1608443380.87	20000	17.183624	0.0	1227619	313	20.0
1608443381.23	20000	17.818992	0.0	1015853	283	20.0
1608443381.42	20000	18.637503	0.0	384076	104	20.0
1608443381.57	20000	19.481051	0.0	295687	78	20.0
1608443382.13	20000	19.923963	0.0	1328674	476	20.0
1608443382.75	20000	20.308853	0.0	1492829	532	20.0
1608443383.38	20000	20.67986	0.0	1484812	545	20.0
1608443384.58	20000	20.481303	0.0	1868314	1114	20.0
1608443386.75	20000	19.313344	0.0	1253406	2087	20.0
1608443387.21	20000	19.850902	0.0	887933	382	20.0
1608443387.77	20000	20.2947	0.0	1153403	477	20.0
1608443388.32	20000	20.745858	0.0	1249023	467	20.0
1608443389.18	20000	20.883997	0.0	1423973	780	20.0
1608443389.93	20000	21.13509	0.0	1060162	669	20.0
1608443390.57	20000	21.498566	0.0	1080597	555	20.0
1608443391.12	20000	21.950186	0.0	1156442	465	20.0
1608443392.12	20000	21.950827	0.0	2222640	912	20.0
1608443393.32	20000	21.749625	0.0	2587311	1110	20.0
1608443394.32	20000	21.752482	0.0	2178351	911	20.0
1608443395.59	20000	21.479771	0.0	3121089	1182	20.0
1608443396.86	20000	21.21306	0.0	2857420	1176	20.0
1608443397.71	20000	21.362932	0.0	1702477	767	20.0
1608443398.4	20000	21.676698	0.0	1531670	602	20.0
1608443399.15	20000	21.924077	0.0	1863424	669	20.0
1608443399.89	20000	22.189617	0.0	1987392	651	20.0
1608443400.69	20000	22.385946	0.0	2505586	717	20.0
1608443402.97	20000	21.110765	0.0	9620218	2151	20.0
1608443403.69	20000	21.385233	0.0	2561608	635	20.0
1608443405.76	20000	20.324051	0.0	3633991	1965	20.0
1608443409.05	20000	18.031047	0.0	3324070	3200	20.0
1608443411.22	20000	16.862375	0.0	1560020	2085	20.0
1608443412.8	20000	16.288121	0.0	1429188	1489	20.0
1608443415.77	20000	14.313327	0.0	1754144	2882	20.0
1608443417.21	16000	13.874561	0.0	1626020	1353	12.0
1608443418.4	16000	13.683821	0.0	1739228	1106	16.0
1608443419.08	16000	14.006511	0.0	1722735	589	16.0
1608443419.67	20000	14.421709	0.0	1538145	498	16.0
1608443420.26	20000	14.832824	0.0	1473412	501	20.0
1608443420.87	20000	15.222291	0.0	1498968	527	20.0
1608443421.87	20000	15.223463	0.0	2247334	910	20.0
1608443423.1	20000	14.989323	0.0	3156442	1139	20.0
1608443423.77	20000	15.322734	0.0	1895098	581	20.0
1608443424.44	20000	15.656467	0.0	1939135	580	20.0
1608443425.12	20000	15.969929	0.0	1842874	592	20.0
1608443426.06	20000	16.032179	0.0	2235830	851	20.0
1608443427.03	20000	16.065403	0.0	2202171	880	20.0
1608443427.88	20000	16.218208	0.0	2242042	759	20.0
1608443428.41	20000	16.691745	0.0	1081763	444	20.0
1608443429.5	20000	16.594679	0.0	2409013	1007	20.0
1608443430.3	20000	16.803657	0.0	1615028	706	20.0
1608443431.03	20000	17.072906	0.0	1413467	648	20.0
1608443431.93	20000	17.171674	0.0	1632450	818	20.0
1608443433.86	20000	16.248106	0.0	5664827	1816	20.0
1608443435.23	20000	15.877649	0.0	4578115	1266	20.0
1608443435.85	20000	16.256813	0.0	1783835	537	20.0
1608443436.29	20000	16.815673	0.0	1093613	358	20.0
1608443436.7	20000	17.406908	0.0	975642	327	20.0
1608443437.32	20000	17.789918	0.0	1658005	532	20.0
1608443438.34	20000	17.766948	0.0	3055257	931	20.0
1608443440.05	20000	17.057484	0.0	5355572	1606	20.0
1608443441.4	20000	16.713242	0.0	3278424	1251	20.0
1608443442.78	20000	16.334709	0.0	2318501	1281	20.0
1608443443.81	20000	16.302549	0.0	2473561	939	20.0
1608443444.86	20000	16.250844	0.0	1730311	966	20.0
1608443446.22	20000	15.892896	0.0	1455812	1274	20.0
1608443448.48	20000	14.634803	0.0	2869222	2167	20.0
1608443452.96	20000	11.157488	0.0	3226650	4380	20.0
1608443457.73	20000	7.390645	0.0	2705936	4668	20.0
1608443462.79	8000	3.327516	0.0	1825708	4961	-4.0
1608443466.11	4000	1.362653	0.358	1204741	3223	-7.16
1608443466.92	2000	1.552048	0.0	623944	723	0.0
1608443467.61	2000	1.860796	0.0	654640	608	2.0
1608443468.06	2000	2.410596	0.0	416970	370	2.0
1608443468.39	2000	3.080326	0.0	336627	253	2.0
1608443468.96	2000	3.51693	0.0	598150	484	2.0
1608443469.79	4000	3.683764	0.0	1080376	748	2.0
1608443470.53	4000	3.944042	0.0	1087843	658	4.0
1608443471.25	8000	4.228956	0.0	1149171	630	4.0
1608443472.15	8000	4.33478	0.0	1666069	811	8.0
1608443473.19	16000	4.499363	0.0	2185316	953	8.0
1608443474.92	20000	3.770296	0.0	3370605	1635	16.0
1608443476.31	20000	3.386759	0.0	3492243	1290	20.0
1608443476.89	20000	3.801901	0.0	1307592	502	20.0
1608443478.47	20000	3.221319	0.0	1881404	1493	20.0
1608443479.98	20000	2.718028	0.0	1806471	1418	20.0
1608443481.04	16000	2.659835	0.0	1945842	970	12.0
1608443482.29	12000	2.405778	0.0	2029094	1161	8.0
1608443482.84	8000	2.855247	0.0	1397801	462	4.0
1608443483.41	8000	3.290961	0.0	1735873	474	8.0
1608443484.03	12000	3.669065	0.0	2580724	529	8.0
1608443484.53	20000	4.167585	0.0	2180586	413	12.0
1608443484.89	20000	4.810291	0.0	1500505	276	20.0
1608443485.33	20000	5.371979	0.0	1939246	352	20.0
1608443485.7	20000	6.005756	0.0	1599193	281	20.0
1608443486.2	20000	6.501312	0.0	2364826	418	20.0
1608443486.74	20000	6.968818	0.0	2517454	445	20.0
1608443487.16	20000	7.551287	0.0	1883143	332	20.0
1608443487.62	20000	8.090542	0.0	1726706	378	20.0
1608443487.86	20000	8.854217	0.0	707364	158	20.0
1608443488.12	20000	9.595951	0.0	796460	178	20.0
1608443488.38	20000	10.327902	0.0	596962	188	20.0
1608443488.97	20000	10.74567	0.0	947625	501	20.0
1608443489.83	20000	10.889349	0.0	832859	777	20.0
1608443490.11	20000	11.609419	0.0	151562	201	20.0
1608443490.28	20000	12.433113	0.0	90390	108	20.0
1608443490.37	20000	13.343047	0.0	50278	32	20.0
1608443490.43	20000	14.288153	0.0	26471	8	20.0
1608443490.49	20000	15.231137	0.0	40620	22	20.0
1608443491.24	4000	1.000999	0.341	334032	329	-6.82
1608443492.26	2000	1.371981	0.111	1072422	927	-2.22
1608443493.27	2000	1.375699	0.0	1121405	921	2.0
1608443493.98	2000	1.66954	0.0	728514	625	2.0
1608443494.69	8000	1.957409	0.0	946554	626	2.0
1608443495.22	8000	2.431105	0.0	768486	447	8.0
1608443495.53	12000	3.12325	0.0	533454	225	8.0
1608443495.82	12000	4.021687	0.0	508812	216	12.0
1608443497.07	12000	3.804017	0.0	2514829	1148	12.0
1608443497.83	12000	4.04886	0.0	1861181	666	12.0
1608443498.82	12000	4.057374	0.0	2835412	900	12.0
1608443500.87	16000	3.009217	0.0	5571764	1921	12.0
1608443502.75	20000	2.130753	0.0	4925652	1776	16.0
1608443503.66	20000	2.215591	0.0	2030157	827	20.0
1608443504.77	20000	2.108803	0.0	2240782	1018	20.0
1608443505.8	20000	2.083391	0.0	2211169	936	20.0
1608443506.02	20000	2.865198	0.0	382046	138	20.0
1608443506.51	20000	3.371015	0.0	1113969	410	20.0
1608443506.9	20000	3.985444	0.0	820127	305	20.0
1608443509.77	16000	2.113692	0.0	6357933	2747	12.0
1608443512.33	16000	1.256823	0.704	4814284	2461	1.92
1608443513.65	12000	1.461894	0.52	2713103	1221	-2.4000000000000004
1608443515.22	12000	1.483024	0.586	3070467	1471	0.27999999999999936
1608443516.78	12000	1.319506	0.405	3391518	1472	3.9000000000000004
1608443518.09	12000	1.475502	0.462	2424462	1214	2.76
1608443519.16	12000	1.437965	0.035	1798203	982	11.3
1608443521.5	4000	1.4736	1.368	4647286	2223	-31.36
