1608446198.21	4000	1.000999	0.073	60629	63	-1.46
1608446210.76	2000	1.3784	11.898	1072422	12455	-237.96
1608446211.17	2000	1.969809	0.0	1121405	329	2.0
1608446211.46	2000	2.680719	0.0	728514	212	2.0
1608446211.68	2000	3.459493	0.0	508013	146	2.0
1608446212.18	2000	3.962016	0.0	395538	419	2.0
1608446212.69	8000	4.455282	0.0	398693	423	2.0
1608446213.11	16000	5.032789	0.0	730082	339	8.0
1608446214.54	16000	4.60636	0.0	4047415	1327	16.0
1608446215.76	16000	4.387892	0.0	2863079	1131	16.0
1608446217.14	12000	4.235048	0.0	2835412	1290	8.0
1608446218.53	16000	3.848628	0.0	5571764	1276	12.0
1608446220.59	20000	2.791349	0.0	4925652	1955	16.0
1608446221.25	20000	3.130083	0.0	2030157	574	20.0
1608446221.93	20000	3.452292	0.0	2240782	591	20.0
1608446222.68	20000	3.704474	0.0	2211169	661	20.0
1608446222.87	20000	4.514891	0.0	382046	110	20.0
1608446223.32	20000	5.068568	0.0	1113969	367	20.0
1608446223.66	20000	5.722038	0.0	820127	268	20.0
1608446225.68	20000	4.703721	0.0	6357933	1907	20.0
1608446227.74	20000	3.646033	0.0	4814284	1957	20.0
1608446229.2	20000	3.192369	0.0	3419258	1360	20.0
1608446230.51	20000	2.877701	0.0	3944328	1217	20.0
1608446231.79	20000	2.603059	0.0	4284196	1179	20.0
1608446232.64	20000	2.75494	0.0	3022025	749	20.0
1608446233.31	20000	3.081266	0.0	2248581	586	20.0
1608446235.43	12000	1.959604	0.0	8032438	1992	4.0
1608446238.6	12000	1.273557	1.477	9808342	3032	-17.54
1608446239.58	20000	1.293091	0.0	1849732	891	12.0
1608446240.61	20000	1.267413	0.0	1942795	941	20.0
1608446241.34	20000	1.536888	0.0	1704756	646	20.0
1608446242.01	20000	1.867972	0.0	1697111	582	20.0
1608446242.67	20000	2.203606	0.0	1529441	574	20.0
1608446243.55	20000	2.332555	0.0	1568649	790	20.0
1608446244.58	20000	2.302554	0.0	1677618	947	20.0
1608446245.58	20000	2.294982	0.0	1415096	926	20.0
1608446247.17	20000	1.714092	0.0	1894067	1497	20.0
1608446248.02	20000	1.865383	0.0	1186604	770	20.0
1608446248.8	20000	2.078526	0.0	1068386	701	20.0
1608446249.93	20000	1.957733	0.0	1700843	1039	20.0
1608446250.79	20000	2.089839	0.0	2536859	780	20.0
1608446251.48	12000	2.409642	0.0	2595110	589	4.0
1608446252.77	16000	2.117636	0.0	4955535	1186	12.0
1608446253.24	20000	2.651368	0.0	1260540	385	16.0
1608446254.87	20000	2.017059	0.0	3605246	1539	20.0
1608446257.44	20000	1.268718	0.822	2770338	2482	3.5599999999999987
1608446259.89	20000	1.341499	1.518	1855168	2361	-10.36
1608446261.74	20000	1.36034	0.873	1666915	1770	2.539999999999999
1608446264.14	20000	1.483641	1.518	1555467	2310	-10.36
1608446265.74	20000	1.252757	0.366	1008919	1515	12.68
1608446267.0	20000	1.369445	0.38	1227619	1181	12.4
1608446268.09	20000	1.499285	0.218	1015853	1008	15.64
1608446268.39	20000	2.196809	0.0	384076	226	20.0
1608446268.64	20000	2.946607	0.0	295687	171	20.0
1608446269.36	20000	3.233313	0.0	1328674	630	20.0
1608446269.99	20000	3.600037	0.0	1492829	548	20.0
1608446270.61	20000	3.987958	0.0	1484812	529	20.0
1608446271.42	20000	4.175401	0.0	1868314	726	20.0
1608446272.06	20000	4.535721	0.0	1253406	558	20.0
1608446272.58	20000	5.016092	0.0	887933	441	20.0
1608446273.22	20000	5.374182	0.0	1153403	561	20.0
1608446273.89	20000	5.705448	0.0	1249023	588	20.0
1608446274.58	20000	6.020022	0.0	1423973	600	20.0
1608446275.1	20000	6.500255	0.0	1060162	435	20.0
1608446275.69	20000	6.91241	0.0	1080597	508	20.0
1608446276.29	20000	7.316897	0.0	1156442	515	20.0
1608446277.3	20000	7.309019	0.0	2222640	918	20.0
1608446278.6	20000	7.001705	0.0	2587311	1219	20.0
1608446279.87	20000	6.734663	0.0	2178351	1180	20.0
1608446281.66	20000	5.945375	0.0	3121089	1698	20.0
1608446283.17	20000	5.442805	0.0	2857420	1411	20.0
1608446283.77	20000	5.835733	0.0	1702477	521	20.0
1608446284.3	20000	6.311748	0.0	1531670	440	20.0
1608446284.85	20000	6.759496	0.0	1863424	468	20.0
1608446285.45	20000	7.160188	0.0	1987392	510	20.0
1608446286.21	20000	7.401747	0.0	2505586	669	20.0
1608446288.95	20000	5.66678	0.0	9620218	2605	20.0
1608446289.89	20000	5.729704	0.0	2561608	846	20.0
1608446291.48	20000	5.138843	0.0	3633991	1496	20.0
1608446293.29	20000	4.325027	0.0	3324070	1721	20.0
1608446294.16	20000	4.46076	0.0	1560020	781	20.0
1608446295.05	20000	4.57557	0.0	1429188	801	20.0
1608446296.29	20000	4.332347	0.0	1754144	1158	20.0
1608446297.43	20000	4.194698	0.0	1626020	1051	20.0
1608446298.59	20000	4.031033	0.0	1739228	1078	20.0
1608446299.77	20000	3.854142	0.0	1722735	1090	20.0
1608446300.82	20000	3.7994	0.0	1538145	970	20.0
1608446301.95	20000	3.676684	0.0	1473412	1040	20.0
1608446303.43	20000	3.191766	0.0	1498968	1402	20.0
1608446305.71	20000	1.913531	0.0	2247334	2191	20.0
1608446308.94	16000	1.257628	1.566	3156442	3129	-19.32
1608446310.67	16000	1.32762	0.797	1895098	1643	0.0600000000000005
1608446311.74	12000	1.375055	0.117	1507223	983	5.66
1608446312.56	12000	1.554197	0.0	1424538	735	12.0
1608446313.42	12000	1.693502	0.0	1714252	776	12.0
1608446314.22	12000	1.900063	0.0	1710495	708	12.0
1608446315.14	20000	1.980888	0.0	2242042	829	12.0
1608446315.58	20000	2.533847	0.0	1081763	366	20.0
1608446316.47	20000	2.644712	0.0	2409013	800	20.0
1608446317.14	20000	2.980961	0.0	1615028	581	20.0
1608446317.68	20000	3.44579	0.0	1413467	453	20.0
1608446318.26	20000	3.862574	0.0	1632450	500	20.0
1608446319.76	20000	3.363695	0.0	5664827	1394	20.0
1608446320.97	20000	3.15059	0.0	4578115	1111	20.0
1608446321.46	20000	3.663333	0.0	1783835	402	20.0
1608446321.76	20000	4.361586	0.0	1093613	222	20.0
1608446322.04	20000	5.082189	0.0	975642	198	20.0
1608446322.47	20000	5.659145	0.0	1658005	337	20.0
1608446323.22	20000	5.906711	0.0	3055257	659	20.0
1608446324.43	20000	5.703462	0.0	5355572	1093	20.0
1608446325.13	20000	6.004821	0.0	3278424	606	20.0
1608446325.64	20000	6.490791	0.0	2318501	427	20.0
1608446326.19	20000	6.941407	0.0	2473561	461	20.0
1608446326.61	20000	7.528353	0.0	1730311	328	20.0
1608446326.98	20000	8.15721	0.0	1455812	286	20.0
1608446327.64	20000	8.496804	0.0	2869222	571	20.0
1608446328.4	20000	8.73546	0.0	3226650	669	20.0
1608446329.0	20000	9.134383	0.0	2705936	511	20.0
1608446329.65	20000	9.489995	0.0	2998622	554	20.0
1608446330.27	20000	9.874982	0.0	2928342	524	20.0
1608446330.96	20000	10.183528	0.0	3059979	599	20.0
1608446331.75	20000	10.389498	0.0	3367422	702	20.0
1608446332.27	20000	10.874511	0.0	1950694	431	20.0
1608446332.7	20000	11.439617	0.0	1541020	353	20.0
1608446333.5	20000	11.64276	0.0	2926720	705	20.0
1608446334.32	20000	11.828948	0.0	2991202	720	20.0
1608446335.1	20000	12.048269	0.0	3002106	678	20.0
1608446335.64	20000	12.50556	0.0	2015412	453	20.0
1608446336.41	20000	12.734911	0.0	2894863	677	20.0
1608446337.03	20000	13.12398	0.0	2185316	521	20.0
1608446337.93	20000	13.221985	0.0	3370605	809	20.0
1608446338.86	20000	13.290937	0.0	3492243	834	20.0
1608446339.25	20000	13.901565	0.0	1307592	307	20.0
1608446339.77	20000	14.379335	0.0	1881404	438	20.0
1608446340.28	20000	14.875391	0.0	1806471	422	20.0
1608446340.81	20000	15.343648	0.0	1945842	447	20.0
1608446341.49	20000	15.662513	0.0	2538877	585	20.0
1608446342.12	20000	16.040506	0.0	2298557	536	20.0
1608446342.9	20000	16.259886	0.0	2831497	692	20.0
1608446343.82	20000	16.343985	0.0	3200905	824	20.0
1608446344.46	20000	16.700494	0.0	2180586	556	20.0
1608446344.9	20000	17.260396	0.0	1500505	358	20.0
1608446345.45	20000	17.708912	0.0	1939246	466	20.0
1608446345.89	20000	18.278812	0.0	1599193	349	20.0
1608446346.49	20000	18.67525	0.0	2364826	517	20.0
1608446347.11	20000	19.051671	0.0	2517454	533	20.0
1608446347.6	20000	19.569011	0.0	1883143	398	20.0
1608446348.12	20000	20.051567	0.0	1726706	432	20.0
1608446348.37	20000	20.796482	0.0	707364	175	20.0
1608446348.64	20000	21.527593	0.0	796460	189	20.0
1608446348.86	20000	22.30903	0.0	596962	140	20.0
1608446349.17	20000	23.004005	0.0	947625	225	20.0
1608446349.44	20000	23.728506	0.0	832859	197	20.0
1608446349.55	20000	24.62117	0.0	151562	32	20.0
1608446349.64	20000	25.533598	0.0	90390	16	20.0
1608446349.7	20000	26.471767	0.0	50278	7	20.0
1608446349.75	20000	27.427018	0.0	26471	2	20.0
1608446349.79	20000	28.388889	0.0	40620	5	20.0
1608446350.16	4000	1.000999	0.085	334032	73	-1.7000000000000002
1608446351.87	4000	1.360763	0.791	6594552	1580	-11.82
1608446354.2	20000	1.307108	1.256	8849724	2195	-21.12
1608446355.04	20000	1.490063	0.0	3191121	748	20.0
1608446355.5	20000	2.028287	0.0	1661718	376	20.0
1608446355.91	20000	2.617163	0.0	1315024	328	20.0
1608446356.17	20000	3.36068	0.0	698359	178	20.0
1608446356.44	20000	4.09714	0.0	730082	186	20.0
1608446357.56	20000	3.974781	0.0	4047415	1021	20.0
1608446358.54	20000	3.995888	0.0	2863079	892	20.0
1608446359.75	20000	3.783684	0.0	4167844	1115	20.0
1608446361.09	20000	3.443203	0.0	5571764	1234	20.0
1608446362.31	20000	3.229238	0.0	4925652	1109	20.0
1608446362.84	20000	3.693903	0.0	2030157	450	20.0
1608446363.46	20000	4.083888	0.0	2240782	523	20.0
1608446364.15	20000	4.393957	0.0	2211169	603	20.0
1608446364.33	20000	5.209509	0.0	382046	106	20.0
1608446364.77	20000	5.773768	0.0	1113969	354	20.0
1608446365.33	20000	6.215204	0.0	820127	479	20.0
1608446370.57	20000	1.970853	0.0	6357933	5129	20.0
1608446374.16	12000	1.492076	2.103	3858422	3479	-38.06
1608446378.11	12000	1.346783	2.802	2713103	3858	-44.04
