1610067786.49	4000	1.000999	0.015	60629	6	-0.2999999999999998
1610067787.47	4000	1.27846	0.225	6594552	916	-0.5
1610067788.12	4000	1.851334	0.0	4402139	611	4.0
1610067788.28	4000	2.687833	0.0	1043358	146	4.0
1610067788.44	8000	3.537039	0.0	946554	128	4.0
1610067788.56	8000	4.524104	0.0	768486	106	8.0
1610067788.62	8000	5.457962	0.0	398693	53	8.0
1610067788.69	8000	6.394363	0.0	358785	48	8.0
1610067788.97	8000	7.115797	0.0	1838971	258	8.0
1610067789.26	12000	7.844954	0.0	1861181	261	8.0
1610067789.89	12000	8.210462	0.0	2835412	606	12.0
1610067791.01	12000	8.089013	0.0	4074608	1091	12.0
1610067791.92	12000	8.183207	0.0	3844696	876	12.0
1610067792.19	8000	8.912818	0.0	1267052	249	4.0
1610067792.46	8000	9.639409	0.0	1316661	254	8.0
1610067792.73	8000	10.376658	0.0	1263534	245	8.0
1610067792.77	8000	11.338338	0.0	150125	26	8.0
1610067792.89	8000	12.218456	0.0	555328	105	8.0
1610067792.96	8000	13.144269	0.0	323573	60	8.0
1610067793.73	8000	13.381128	0.0	4001900	733	8.0
1610067794.27	8000	13.838062	0.0	3029729	514	8.0
1610067794.73	12000	14.383422	0.0	2713103	425	8.0
1610067795.23	12000	14.883646	0.0	3070467	472	12.0
1610067795.94	12000	15.174708	0.0	3391518	672	12.0
1610067796.52	12000	15.599904	0.0	2424462	550	12.0
1610067797.06	12000	16.056032	0.0	1798203	523	12.0
1610067798.6	12000	15.516533	0.0	8032438	1481	12.0
1610067799.58	8000	15.536172	0.0	7838407	925	4.0
1610067799.73	8000	16.3864	0.0	1127469	131	8.0
1610067799.89	8000	17.231663	0.0	1179779	136	8.0
1610067800.03	8000	18.089799	0.0	1078151	125	8.0
1610067800.17	8000	18.947897	0.0	1086181	126	8.0
1610067800.31	8000	19.812576	0.0	1029204	119	8.0
1610067800.45	8000	20.674971	0.0	1054251	122	8.0
1610067800.66	12000	21.465775	0.0	1407326	187	8.0
1610067800.84	12000	22.290497	0.0	1196263	159	12.0
1610067801.07	12000	23.054585	0.0	1627563	217	12.0
1610067801.22	12000	23.907813	0.0	987649	130	12.0
1610067801.35	12000	24.777384	0.0	864635	113	12.0
1610067801.56	12000	25.566302	0.0	1366872	194	12.0
1610067801.97	16000	26.156192	0.0	2536859	383	12.0
1610067802.72	16000	26.415391	0.0	4742872	708	16.0
1610067803.48	16000	26.655014	0.0	4955535	725	16.0
1610067803.69	16000	27.442297	0.0	1260540	196	16.0
1610067804.29	16000	27.84712	0.0	3605246	566	16.0
1610067804.79	16000	28.342112	0.0	2770338	480	16.0
1610067805.16	16000	28.981155	0.0	1855168	341	16.0
1610067805.48	16000	29.65791	0.0	1666915	304	16.0
1610067805.78	16000	30.361143	0.0	1555467	279	16.0
1610067805.97	16000	31.165743	0.0	1008919	180	16.0
1610067806.21	16000	31.928634	0.0	1227619	220	16.0
1610067806.41	16000	32.730416	0.0	1015853	182	16.0
1610067806.49	16000	33.651367	0.0	384076	65	16.0
1610067806.56	16000	34.581967	0.0	295687	56	16.0
1610067806.84	16000	35.300668	0.0	1328674	264	16.0
1610067807.16	16000	35.984336	0.0	1492829	297	16.0
1610067807.48	20000	36.67055	0.0	1484812	296	16.0
1610067807.74	20000	37.409352	0.0	1868314	242	20.0
1610067807.92	20000	38.231171	0.0	1253406	162	20.0
1610067808.05	20000	39.101863	0.0	887933	113	20.0
1610067808.21	20000	39.938084	0.0	1153403	148	20.0
1610067808.39	20000	40.761641	0.0	1249023	161	20.0
1610067808.56	20000	41.591275	0.0	1423973	154	20.0
1610067808.67	20000	42.479912	0.0	1060162	97	20.0
1610067808.79	20000	43.366356	0.0	1080597	98	20.0
1610067808.91	20000	44.244575	0.0	1156442	106	20.0
1610067809.14	20000	45.019948	0.0	2222640	205	20.0
1610067809.4	20000	45.757246	0.0	2587311	238	20.0
1610067809.63	20000	46.530624	0.0	2178351	205	20.0
1610067809.96	20000	47.201928	0.0	3121089	302	20.0
1610067810.26	20000	47.899367	0.0	2857420	276	20.0
1610067810.45	20000	48.716041	0.0	1702477	165	20.0
1610067810.62	20000	49.540629	0.0	1531670	157	20.0
1610067810.84	20000	50.323152	0.0	1863424	196	20.0
1610067811.07	20000	51.09296	0.0	1987392	210	20.0
1610067811.36	20000	51.804309	0.0	2505586	265	20.0
1610067812.65	20000	51.521084	0.0	9620218	1215	20.0
1610067813.15	20000	52.020913	0.0	2561608	472	20.0
1610067814.32	20000	51.851019	0.0	3633991	1140	20.0
1610067816.26	16000	50.904771	0.0	3324070	1917	12.0
1610067816.6	12000	51.571226	0.0	1258293	312	8.0
1610067816.81	8000	52.359955	0.0	835287	189	4.0
1610067817.0	4000	53.168752	0.0	756304	171	0.0
1610067817.18	4000	53.988479	0.0	730895	165	4.0
1610067817.37	4000	54.801226	0.0	731159	165	4.0
1610067817.54	4000	55.632483	0.0	678447	153	4.0
1610067818.09	4000	56.088486	0.0	621176	530	4.0
1610067818.56	4000	56.620363	0.0	556204	454	4.0
1610067818.83	4000	57.351145	0.0	568078	255	4.0
1610067819.18	4000	57.998022	0.0	747231	338	4.0
1610067819.67	4000	58.514123	0.0	1138250	468	4.0
1610067819.91	4000	59.268681	0.0	724195	232	4.0
1610067820.66	4000	59.665218	0.0	728813	233	4.0
1610067821.46	4000	59.916121	0.0	631476	285	4.0
1610067822.47	4000	59.917096	0.0	728502	486	4.0
1610067823.23	4000	59.953853	0.0	819353	749	4.0
1610067824.48	4000	59.919089	0.0	864484	726	4.0
1610067825.41	8000	59.920103	0.0	675899	418	4.0
1610067826.58	4000	59.671183	0.0	1258285	648	0.0
1610067827.55	8000	59.672093	0.0	1066218	438	4.0
1610067828.37	4000	59.923095	0.0	743969	303	0.0
1610067829.68	4000	59.674096	0.0	689321	298	4.0
1610067830.26	4000	59.930962	0.0	1121938	559	4.0
1610067831.61	4000	59.676121	0.0	667445	329	4.0
1610067832.72	4000	59.677181	0.0	682795	97	4.0
1610067833.32	4000	59.928093	0.0	564053	82	4.0
1610067834.41	4000	59.928938	0.0	493680	71	4.0
1610067835.53	4000	59.680115	0.0	823677	109	4.0
1610067836.34	8000	59.931117	0.0	1592936	281	4.0
1610067837.4	8000	59.932084	0.0	2618824	526	8.0
1610067838.28	8000	59.933095	0.0	1820110	368	8.0
1610067839.6	8000	59.684118	0.0	1448467	292	8.0
1610067840.47	8000	59.935105	0.0	1521463	350	8.0
1610067841.31	12000	59.936133	0.0	1359018	320	8.0
1610067842.61	12000	59.687181	0.0	1134985	275	12.0
1610067843.31	12000	59.892867	0.0	2294159	682	12.0
1610067844.55	12000	59.689185	0.0	2601076	713	12.0
1610067845.49	8000	59.940112	0.0	1618621	414	4.0
1610067846.53	8000	59.691187	0.0	1825708	520	8.0
1610067847.53	8000	59.692134	0.0	1780068	475	8.0
1610067848.44	8000	59.943108	0.0	1844656	387	8.0
1610067849.32	8000	59.94412	0.0	2010421	353	8.0
1610067850.51	8000	59.945106	0.0	1158554	177	8.0
1610067851.63	8000	59.696124	0.0	873968	100	8.0
1610067852.3	8000	59.947119	0.0	1651288	151	8.0
1610067853.49	8000	59.948147	0.0	1697771	160	8.0
1610067854.76	12000	59.699203	0.0	2348675	243	8.0
1610067855.59	12000	59.700128	0.0	1575943	306	12.0
1610067856.45	12000	59.951154	0.0	2268474	337	12.0
1610067857.67	12000	59.701987	0.0	1727401	202	12.0
1610067858.46	12000	59.953109	0.0	2744751	262	12.0
1610067859.29	12000	59.954131	0.0	2853458	297	12.0
1610067860.46	16000	59.955191	0.0	1307592	147	12.0
1610067861.67	16000	59.706073	0.0	1881404	191	16.0
1610067862.33	16000	59.95709	0.0	1806471	135	16.0
1610067863.48	16000	59.958104	0.0	1945842	126	16.0
1610067864.69	16000	59.709177	0.0	2538877	184	16.0
1610067865.38	16000	59.960128	0.0	2298557	157	16.0
1610067866.58	16000	59.711191	0.0	2831497	174	16.0
1610067867.31	20000	59.962105	0.0	3200905	205	16.0
1610067868.59	20000	59.713196	0.0	2180586	252	20.0
1610067869.33	20000	59.964159	0.0	1500505	216	20.0
1610067870.56	20000	59.71519	0.0	1939246	209	20.0
1610067871.3	20000	59.96609	0.0	1599193	215	20.0
1610067872.67	20000	59.717189	0.0	2364826	341	20.0
1610067873.59	20000	59.718119	0.0	2517454	383	20.0
1610067874.4	20000	59.969124	0.0	1883143	289	20.0
1610067875.69	20000	59.720119	0.0	1726706	270	20.0
1610067876.37	20000	59.971153	0.0	707364	164	20.0
1610067877.57	20000	59.722145	0.0	796460	178	20.0
1610067878.73	20000	59.723183	0.0	596962	146	20.0
1610067879.61	20000	59.724106	0.0	947625	358	20.0
1610067880.46	20000	59.975135	0.0	832859	333	20.0
1610067881.53	16000	59.726116	0.0	151562	56	12.0
1610067882.57	16000	59.727197	0.0	90390	22	16.0
1610067883.6	12000	59.72814	0.0	50504	10	8.0
1610067884.61	8000	59.729193	0.0	22693	1	4.0
1610067885.63	4000	59.730118	0.0	22446	4	0.0
1610067885.96	4000	1.000999	0.029	60629	16	-0.5800000000000001
1610067888.26	4000	1.296982	1.572	6594552	2233	-27.44
1610067889.45	4000	1.347049	0.0	4402139	1150	4.0
1610067889.68	4000	2.116925	0.0	1043358	211	4.0
1610067889.81	4000	3.001591	0.0	567502	114	4.0
1610067889.92	4000	3.892657	0.0	472646	94	4.0
1610067889.98	4000	4.82653	0.0	274373	53	4.0
1610067890.02	4000	5.785267	0.0	222226	28	4.0
1610067890.21	4000	6.603707	0.0	1213073	165	4.0
1610067890.35	4000	7.463592	0.0	927735	126	4.0
1610067890.66	8000	8.156026	0.0	2052265	281	4.0
1610067891.1	8000	8.710207	0.0	3005823	421	8.0
1610067891.57	8000	9.241392	0.0	2879726	443	8.0
1610067891.79	8000	10.0305	0.0	1267052	194	8.0
1610067892.01	8000	10.811087	0.0	1316661	202	8.0
1610067892.39	12000	11.428922	0.0	1662097	357	8.0
1610067892.45	12000	12.366671	0.0	243072	49	12.0
1610067892.64	12000	13.183953	0.0	793783	168	12.0
1610067892.76	12000	14.058557	0.0	531720	112	12.0
1610067894.1	12000	13.723697	0.0	5045162	1291	12.0
1610067895.14	12000	13.679979	0.0	3858422	1012	12.0
1610067895.7	8000	14.124219	0.0	2083035	531	4.0
1610067896.27	8000	14.558942	0.0	2281353	541	8.0
1610067896.7	4000	15.129165	0.0	1856343	405	0.0
1610067897.03	4000	15.797423	0.0	1433055	311	4.0
1610067897.26	4000	16.568631	0.0	1055512	211	4.0
1610067898.24	4000	16.593305	0.0	4647286	940	4.0
1610067899.38	4000	16.45126	0.0	5615227	1100	4.0
1610067899.61	8000	17.217099	0.0	1127469	206	4.0
1610067899.85	8000	17.984624	0.0	1179779	215	8.0
1610067900.06	8000	18.771267	0.0	1078151	196	8.0
1610067900.31	8000	19.529134	0.0	1086181	226	8.0
