1608484100.97	4000	1.000999	0.029	60629	18	-0.5800000000000001
1608484103.28	4000	1.483371	1.764	6594552	2175	-31.28
1608484106.17	8000	1.40071	1.469	7078153	2767	-25.38
1608484107.73	20000	1.281663	0.423	3191121	1463	-0.46000000000000085
1608484109.22	20000	1.29864	0.488	1661718	1405	10.24
1608484110.42	20000	1.287842	0.19	1315024	1117	16.2
1608484111.02	20000	1.692401	0.0	698359	517	20.0
1608484111.61	20000	2.094062	0.0	730082	516	20.0
1608484112.76	12000	1.954477	0.0	2514829	1046	4.0
1608484113.5	12000	2.212011	0.0	1861181	655	12.0
1608484114.7	12000	2.013328	0.0	2835412	1111	12.0
1608484116.79	12000	1.483529	0.562	4074608	2000	0.7599999999999998
1608484119.41	12000	1.296449	1.427	3844696	2522	-16.54
1608484120.85	20000	1.474844	0.622	2030157	1356	-0.4399999999999995
1608484121.85	20000	1.479457	0.0	2240782	907	20.0
1608484122.37	20000	1.952781	0.0	2211169	443	20.0
1608484122.52	20000	2.804021	0.0	382046	74	20.0
1608484122.82	20000	3.504456	0.0	1113969	221	20.0
1608484123.03	20000	4.301223	0.0	820127	125	20.0
1608484124.1	20000	4.232017	0.0	6357933	963	20.0
1608484124.88	20000	4.455156	0.0	4814284	666	20.0
1608484125.52	20000	4.814735	0.0	3419258	547	20.0
1608484126.31	20000	5.02069	0.0	3944328	700	20.0
1608484127.22	20000	5.114053	0.0	4284196	814	20.0
1608484127.88	20000	5.45421	0.0	3022025	571	20.0
1608484128.41	20000	5.931028	0.0	2248581	439	20.0
1608484130.78	20000	4.562925	0.0	9946363	2224	20.0
1608484134.18	20000	2.156964	0.0	11684632	3266	20.0
1608484134.74	20000	2.601596	0.0	1849732	472	20.0
1608484135.31	20000	3.034268	0.0	1942795	483	20.0
1608484135.81	20000	3.536643	0.0	1704756	415	20.0
1608484136.35	20000	3.995806	0.0	1697111	458	20.0
1608484136.85	20000	4.494396	0.0	1529441	422	20.0
1608484137.45	20000	4.892965	0.0	1568649	522	20.0
1608484138.07	20000	5.278005	0.0	1677618	534	20.0
1608484138.54	20000	5.808651	0.0	1415096	389	20.0
1608484139.1	20000	6.244621	0.0	1894067	481	20.0
1608484139.45	20000	6.904075	0.0	1186604	260	20.0
1608484139.76	20000	7.590159	0.0	1068386	235	20.0
1608484140.26	20000	8.092823	0.0	1700843	415	20.0
1608484141.0	20000	8.35095	0.0	2536859	655	20.0
1608484142.34	20000	8.022782	0.0	4742872	1228	20.0
1608484143.91	20000	7.441065	0.0	4955535	1474	20.0
1608484144.55	20000	7.801337	0.0	1260540	562	20.0
1608484146.57	20000	6.788575	0.0	3605246	1920	20.0
1608484148.93	20000	5.431127	0.0	2770338	2269	20.0
1608484150.97	20000	4.392226	0.0	1855168	1957	20.0
1608484152.98	20000	3.374898	0.0	1666915	1938	20.0
1608484155.39	20000	1.972602	0.0	1555467	2313	20.0
1608484156.33	20000	2.034485	0.0	1008919	856	20.0
1608484157.53	20000	1.831546	0.0	1227619	1123	20.0
1608484158.37	20000	1.991387	0.0	1015853	762	20.0
1608484158.65	20000	2.712089	0.0	384076	203	20.0
1608484158.88	20000	3.482016	0.0	295687	154	20.0
1608484159.61	20000	3.753867	0.0	1328674	650	20.0
1608484160.55	20000	3.82205	0.0	1492829	852	20.0
1608484161.58	20000	3.791673	0.0	1484812	949	20.0
1608484162.77	20000	3.598118	0.0	1868314	1110	20.0
1608484163.58	20000	3.7889	0.0	1253406	727	20.0
1608484164.19	20000	4.183804	0.0	887933	526	20.0
1608484165.12	20000	4.254486	0.0	1153403	850	20.0
1608484166.09	20000	4.278745	0.0	1249023	895	20.0
1608484167.02	20000	4.358204	0.0	1423973	839	20.0
1608484167.83	20000	4.543304	0.0	1060162	736	20.0
1608484168.65	20000	4.726744	0.0	1080597	738	20.0
1608484169.47	20000	4.906365	0.0	1156442	740	20.0
1608484170.97	20000	4.405755	0.0	2222640	1416	20.0
1608484173.06	20000	3.316844	0.0	2587311	2001	20.0
1608484174.33	20000	3.051323	0.0	2178351	1179	20.0
1608484175.66	20000	2.722677	0.0	3121089	1239	20.0
1608484176.78	20000	2.606803	0.0	2857420	1027	20.0
1608484177.47	20000	2.916365	0.0	1702477	607	20.0
1608484178.1	20000	3.282874	0.0	1531670	550	20.0
1608484178.85	20000	3.533728	0.0	1863424	665	20.0
1608484179.66	20000	3.731427	0.0	1987392	719	20.0
1608484180.62	20000	3.770595	0.0	2505586	873	20.0
1608484183.46	20000	1.925454	0.0	9620218	2720	20.0
1608484184.22	20000	2.173679	0.0	2561608	665	20.0
1608484185.51	20000	1.877904	0.0	3633991	1197	20.0
1608484186.77	20000	1.619774	0.0	3324070	1169	20.0
1608484187.35	20000	2.043817	0.0	1560020	495	20.0
1608484187.87	20000	2.524235	0.0	1429188	437	20.0
1608484188.49	20000	2.903125	0.0	1754144	537	20.0
1608484189.08	20000	3.312813	0.0	1626020	508	20.0
1608484189.69	20000	3.707754	0.0	1739228	522	20.0
1608484190.29	20000	4.109551	0.0	1722735	517	20.0
1608484190.99	20000	4.407783	0.0	1538145	619	20.0
1608484191.76	20000	4.635198	0.0	1473412	693	20.0
1608484192.64	20000	4.757118	0.0	1498968	798	20.0
1608484193.9	20000	4.502491	0.0	2247334	1171	20.0
1608484195.15	20000	4.248217	0.0	3156442	1163	20.0
1608484195.86	20000	4.539089	0.0	1895098	625	20.0
1608484196.58	20000	4.824427	0.0	1939135	632	20.0
1608484197.26	20000	5.142254	0.0	1842874	599	20.0
1608484198.07	20000	5.332346	0.0	2235830	728	20.0
1608484198.86	20000	5.546539	0.0	2202171	701	20.0
1608484199.64	20000	5.763278	0.0	2242042	697	20.0
1608484200.06	20000	6.353693	0.0	1081763	329	20.0
1608484200.95	20000	6.463859	0.0	2409013	802	20.0
1608484201.59	20000	6.820207	0.0	1615028	561	20.0
1608484202.18	20000	7.230988	0.0	1413467	508	20.0
1608484202.79	20000	7.624919	0.0	1632450	525	20.0
1608484204.61	20000	6.806511	0.0	5664827	1709	20.0
1608484206.1	20000	6.315524	0.0	4578115	1396	20.0
1608484206.77	20000	6.642348	0.0	1783835	590	20.0
1608484207.23	20000	7.188107	0.0	1093613	375	20.0
1608484207.61	20000	7.806832	0.0	975642	304	20.0
1608484208.21	20000	8.208073	0.0	1658005	517	20.0
1608484209.27	20000	8.150855	0.0	3055257	970	20.0
1608484211.17	20000	7.251707	0.0	5355572	1798	20.0
1608484212.36	20000	7.059988	0.0	3278424	1101	20.0
1608484213.23	20000	7.188594	0.0	2318501	786	20.0
1608484214.17	20000	7.256985	0.0	2473561	847	20.0
1608484214.83	20000	7.594149	0.0	1730311	582	20.0
1608484215.4	20000	8.024758	0.0	1455812	491	20.0
1608484216.42	20000	8.002031	0.0	2869222	935	20.0
1608484217.6	20000	7.825884	0.0	3226650	1087	20.0
1608484218.57	20000	7.855	0.0	2705936	884	20.0
1608484219.59	20000	7.84501	0.0	2998622	923	20.0
1608484220.62	20000	7.820119	0.0	2928342	937	20.0
1608484221.79	20000	7.637398	0.0	3059979	1087	20.0
1608484223.05	20000	7.378142	0.0	3367422	1168	20.0
1608484223.72	20000	7.711047	0.0	1950694	585	20.0
1608484224.31	20000	8.121547	0.0	1541020	510	20.0
1608484225.41	20000	8.02932	0.0	2926720	1003	20.0
1608484226.66	20000	7.775511	0.0	2991202	1167	20.0
1608484227.68	20000	7.754161	0.0	3002106	936	20.0
1608484228.58	20000	7.85967	0.0	2015412	811	20.0
1608484229.63	20000	7.8064	0.0	2894863	965	20.0
1608484230.51	20000	7.932411	0.0	2185316	788	20.0
1608484231.88	20000	7.557957	0.0	3370605	1283	20.0
1608484233.96	20000	6.481443	0.0	3492243	1985	20.0
1608484234.72	20000	6.725944	0.0	1307592	676	20.0
1608484235.55	20000	6.898117	0.0	1881404	742	20.0
1608484236.51	20000	6.934807	0.0	1806471	879	20.0
1608484237.54	20000	6.902827	0.0	1945842	948	20.0
1608484239.95	20000	5.494666	0.0	2538877	2323	20.0
1608484241.61	20000	4.835377	0.0	2298557	1568	20.0
1608484244.51	20000	2.941033	0.0	2831497	2805	20.0
1608484249.37	20000	1.472058	2.392	3200905	4768	-27.840000000000003
1608484252.61	16000	1.365246	2.128	2180586	3151	-30.560000000000002
1608484253.84	12000	1.494036	0.356	1171248	1144	0.8799999999999999
1608484255.19	12000	1.351365	0.207	1549070	1265	7.86
1608484256.02	8000	1.523275	0.0	1004408	742	4.0
1608484257.05	8000	1.492834	0.0	1393009	946	8.0
1608484258.13	8000	1.410946	0.0	1466703	997	8.0
1608484259.18	16000	1.359319	0.0	1883143	966	8.0
1608484259.95	20000	1.594039	0.0	1726706	683	16.0
1608484260.29	20000	2.254644	0.0	707364	262	20.0
1608484260.66	20000	2.881506	0.0	796460	296	20.0
1608484261.01	20000	3.537499	0.0	596962	269	20.0
1608484261.52	20000	4.028743	0.0	947625	432	20.0
1608484261.94	20000	4.604079	0.0	832859	344	20.0
1608484262.07	20000	5.474694	0.0	151562	55	20.0
1608484262.17	20000	6.374341	0.0	90390	30	20.0
1608484262.24	20000	7.306499	0.0	50278	13	20.0
1608484262.29	20000	8.257556	0.0	26471	3	20.0
1608484262.34	20000	9.214321	0.0	40620	9	20.0
1608484262.37	8000	9.620621	12.057	11647	8	-241.14
1608484262.79	4000	1.000999	-11.94	335737	105	238.8
1608484264.82	4000	1.404166	1.146	6594552	1900	-18.92
1608484266.57	8000	1.435412	0.764	7078153	1639	-11.28
1608484267.38	20000	1.668754	0.0	3191121	709	8.0
1608484267.89	20000	2.163457	0.0	1661718	422	20.0
1608484268.46	20000	2.588925	0.0	1315024	493	20.0
1608484268.82	20000	3.236207	0.0	698359	275	20.0
1608484269.29	20000	3.761097	0.0	730082	397	20.0
1608484271.91	20000	2.146573	0.0	4047415	2524	20.0
1608484273.32	16000	1.730734	0.0	2863079	1329	12.0
1608484274.9	12000	1.496181	0.336	2835412	1478	1.2800000000000002
1608484277.41	12000	1.336375	1.351	4074608	2420	-15.02
1608484279.26	12000	1.439256	0.955	3844696	1763	-7.100000000000001
1608484280.04	20000	1.664819	0.0	2030157	686	12.0
1608484280.86	20000	1.843072	0.0	2240782	735	20.0
