1608470827.06	4000	1.000999	0.02	60629	10	-0.3999999999999999
1608470828.81	4000	1.499166	1.213	6594552	1605	-20.26
1608470831.48	20000	1.406338	1.244	8849724	2538	-20.88
1608470832.39	20000	1.521523	0.0	3191121	820	20.0
1608470832.86	20000	2.052098	0.0	1661718	388	20.0
1608470833.18	20000	2.730928	0.0	1315024	241	20.0
1608470833.39	20000	3.527132	0.0	698359	126	20.0
1608470833.6	20000	4.316375	0.0	730082	133	20.0
1608470834.34	20000	4.575172	0.0	4047415	647	20.0
1608470834.85	20000	5.069511	0.0	2863079	417	20.0
1608470835.47	20000	5.450971	0.0	4167844	517	20.0
1608470836.33	20000	5.587675	0.0	5571764	760	20.0
1608470837.28	20000	5.643282	0.0	4925652	844	20.0
1608470837.79	20000	6.133318	0.0	2030157	426	20.0
1608470838.25	20000	6.670641	0.0	2240782	377	20.0
1608470838.69	20000	7.237784	0.0	2211169	346	20.0
1608470838.82	20000	8.103706	0.0	382046	57	20.0
1608470839.08	20000	8.847441	0.0	1113969	175	20.0
1608470839.29	20000	9.637675	0.0	820127	132	20.0
1608470840.76	20000	9.165517	0.0	6357933	1365	20.0
1608470842.13	20000	8.794528	0.0	4814284	1268	20.0
1608470842.87	20000	9.054067	0.0	3419258	646	20.0
1608470843.69	20000	9.237731	0.0	3944328	720	20.0
1608470844.61	20000	9.317138	0.0	4284196	826	20.0
1608470845.34	20000	9.596025	0.0	3022025	632	20.0
1608470845.92	20000	10.008417	0.0	2248581	505	20.0
1608470849.92	20000	7.01818	0.0	9946363	3847	20.0
1608470852.31	20000	5.627556	0.0	11684632	2254	20.0
1608470853.05	20000	5.890415	0.0	1849732	652	20.0
1608470854.12	20000	5.816374	0.0	1942795	991	20.0
1608470854.54	20000	6.397604	0.0	1704756	336	20.0
1608470854.96	20000	6.979401	0.0	1697111	334	20.0
1608470855.28	20000	7.657645	0.0	1529441	230	20.0
1608470855.61	20000	8.335612	0.0	1568649	234	20.0
1608470855.94	20000	8.99805	0.0	1677618	250	20.0
1608470856.26	20000	9.684581	0.0	1415096	229	20.0
1608470856.67	20000	10.277671	0.0	1894067	320	20.0
1608470856.95	20000	10.995433	0.0	1186604	200	20.0
1608470857.26	20000	11.683735	0.0	1068386	230	20.0
1608470857.77	20000	12.180254	0.0	1700843	420	20.0
1608470858.6	20000	12.351295	0.0	2536859	741	20.0
1608470860.47	20000	11.481834	0.0	4742872	1767	20.0
1608470861.89	20000	11.066665	0.0	4955535	1312	20.0
1608470862.2	20000	11.754869	0.0	1260540	223	20.0
1608470862.8	20000	12.147476	0.0	3605246	513	20.0
1608470863.3	20000	12.65288	0.0	2770338	403	20.0
1608470863.67	20000	13.285316	0.0	1855168	284	20.0
1608470864.01	20000	13.94832	0.0	1666915	256	20.0
1608470864.35	20000	14.610309	0.0	1555467	246	20.0
1608470864.59	20000	15.371579	0.0	1008919	160	20.0
1608470864.86	20000	16.095803	0.0	1227619	196	20.0
1608470865.1	20000	16.855709	0.0	1015853	162	20.0
1608470865.23	20000	17.724905	0.0	384076	54	20.0
1608470865.35	20000	18.607921	0.0	295687	41	20.0
1608470865.63	20000	19.329836	0.0	1328674	196	20.0
1608470865.94	20000	20.027066	0.0	1492829	220	20.0
1608470866.25	20000	20.71549	0.0	1484812	230	20.0
1608470866.66	20000	21.313751	0.0	1868314	319	20.0
1608470866.95	20000	22.015112	0.0	1253406	211	20.0
1608470867.18	20000	22.785578	0.0	887933	152	20.0
1608470867.49	20000	23.478161	0.0	1153403	229	20.0
1608470867.82	20000	24.149892	0.0	1249023	248	20.0
1608470868.18	20000	24.788342	0.0	1423973	281	20.0
1608470868.48	20000	25.494259	0.0	1060162	215	20.0
1608470868.78	20000	26.195593	0.0	1080597	219	20.0
1608470869.09	20000	26.880853	0.0	1156442	235	20.0
1608470869.6	20000	27.375452	0.0	2222640	419	20.0
1608470870.18	20000	27.800205	0.0	2587311	489	20.0
1608470870.83	20000	28.14143	0.0	2178351	573	20.0
1608470872.19	20000	27.782299	0.0	3121089	1266	20.0
1608470873.56	20000	27.420206	0.0	2857420	1274	20.0
1608470874.34	20000	27.643722	0.0	1702477	691	20.0
1608470874.76	20000	28.2214	0.0	1531670	337	20.0
1608470875.24	20000	28.743995	0.0	1863424	394	20.0
1608470875.62	20000	29.358165	0.0	1987392	302	20.0
1608470876.09	20000	29.888065	0.0	2505586	382	20.0
1608470877.65	20000	29.331021	0.0	9620218	1430	20.0
1608470878.07	20000	29.913816	0.0	2561608	327	20.0
1608470878.57	20000	30.415902	0.0	3633991	403	20.0
1608470879.03	20000	30.961345	0.0	3324070	360	20.0
1608470879.27	20000	31.717958	0.0	1560020	163	20.0
1608470879.49	20000	32.494853	0.0	1429188	140	20.0
1608470879.75	20000	33.239574	0.0	1754144	172	20.0
1608470879.99	20000	33.996748	0.0	1626020	160	20.0
1608470880.25	20000	34.743742	0.0	1739228	170	20.0
1608470880.5	20000	35.491902	0.0	1722735	168	20.0
1608470880.73	20000	36.261074	0.0	1538145	150	20.0
1608470880.96	20000	37.036519	0.0	1473412	144	20.0
1608470881.19	20000	37.810031	0.0	1498968	146	20.0
1608470881.51	20000	38.482313	0.0	2247334	242	20.0
1608470881.94	20000	39.053961	0.0	3156442	341	20.0
1608470882.23	20000	39.767372	0.0	1895098	204	20.0
1608470882.52	20000	40.479349	0.0	1939135	205	20.0
1608470882.8	20000	41.202669	0.0	1842874	194	20.0
1608470883.12	20000	41.882665	0.0	2235830	236	20.0
1608470883.42	20000	42.577789	0.0	2202171	221	20.0
1608470883.73	20000	43.269248	0.0	2242042	223	20.0
1608470883.92	20000	44.082192	0.0	1081763	106	20.0
1608470884.26	20000	44.756592	0.0	2409013	239	20.0
1608470884.5	20000	45.502052	0.0	1615028	164	20.0
1608470884.73	20000	46.276517	0.0	1413467	144	20.0
1608470884.98	20000	47.029125	0.0	1632450	168	20.0
1608470885.68	20000	47.329713	0.0	5664827	593	20.0
1608470886.26	20000	47.750718	0.0	4578115	482	20.0
1608470886.53	20000	48.480921	0.0	1783835	186	20.0
1608470886.73	20000	49.28634	0.0	1093613	112	20.0
1608470886.91	20000	50.106352	0.0	975642	100	20.0
1608470887.16	20000	50.853026	0.0	1658005	172	20.0
1608470887.58	20000	51.437538	0.0	3055257	327	20.0
1608470888.26	20000	51.759207	0.0	5355572	577	20.0
1608470888.69	20000	52.327253	0.0	3278424	343	20.0
1608470889.02	20000	53.000748	0.0	2318501	242	20.0
1608470889.37	20000	53.653084	0.0	2473561	260	20.0
1608470889.64	20000	54.385466	0.0	1730311	186	20.0
1608470889.88	20000	55.146604	0.0	1455812	156	20.0
1608470890.27	20000	55.748769	0.0	2869222	310	20.0
1608470890.73	20000	56.29711	0.0	3226650	361	20.0
1608470891.12	20000	56.905771	0.0	2705936	302	20.0
1608470891.49	20000	57.531911	0.0	2998622	283	20.0
1608470891.84	20000	58.186737	0.0	2928342	257	20.0
1608470892.21	20000	58.827558	0.0	3059979	268	20.0
1608470892.56	20000	59.471793	0.0	3367422	253	20.0
1608470893.29	20000	59.874755	0.0	1950694	146	20.0
1608470894.47	20000	59.625857	0.0	1541020	98	20.0
1608470895.05	20000	59.983152	0.0	2926720	487	20.0
1608470896.44	20000	59.627775	0.0	2991202	304	20.0
1608470897.24	20000	59.878888	0.0	3002106	205	20.0
1608470898.46	20000	59.629767	0.0	2015412	135	20.0
1608470899.25	20000	59.880734	0.0	2894863	194	20.0
1608470900.49	20000	59.631889	0.0	2185316	144	20.0
1608470901.26	20000	59.882753	0.0	3370605	182	20.0
1608470902.53	20000	59.633861	0.0	3492243	176	20.0
1608470903.18	20000	59.884846	0.0	1307592	67	20.0
1608470904.36	20000	59.885818	0.0	1881404	95	20.0
1608470905.57	20000	59.63681	0.0	1806471	126	20.0
1608470906.37	20000	59.887714	0.0	1945842	215	20.0
1608470907.48	20000	59.559796	0.0	2538877	1024	20.0
1608470908.07	20000	59.971864	0.0	2298557	502	20.0
1608470909.49	20000	59.640937	0.0	2831497	830	20.0
1608470910.84	20000	59.201982	0.0	3200905	1261	20.0
1608470911.63	20000	59.414639	0.0	2180586	702	20.0
1608470912.46	20000	59.64389	0.0	1500505	243	20.0
1608470913.49	20000	59.644855	0.0	1939246	447	20.0
1608470914.41	20000	59.645823	0.0	1599193	331	20.0
1608470915.63	20000	59.425849	0.0	2364826	1131	20.0
1608470916.31	20000	59.743279	0.0	2517454	597	20.0
1608470917.39	20000	59.898812	0.0	1883143	492	20.0
1608470918.27	20000	59.786856	0.0	1726706	792	20.0
1608470919.64	20000	59.650847	0.0	707364	291	20.0
1608470920.22	20000	59.834208	0.0	796460	500	20.0
1608470921.52	20000	59.652876	0.0	596962	211	20.0
1608470922.23	20000	59.903815	0.0	947625	130	20.0
1608470923.42	20000	59.65491	0.0	832859	113	20.0
1608470924.51	20000	59.655913	0.0	151562	13	20.0
1608470925.59	20000	59.656811	0.0	90390	7	20.0
1608470926.65	20000	59.657713	0.0	50278	3	20.0
1608470927.2	20000	59.908807	0.0	26471	3	20.0
1608470928.24	20000	59.909822	0.0	40620	2	20.0
1608470928.65	4000	1.000999	0.073	334032	60	-1.46
1608470930.91	20000	1.358775	1.328	11007815	2080	-22.56
1608470932.62	20000	1.307536	0.639	8849724	1591	7.220000000000001
1608470933.25	20000	1.718753	0.0	3191121	531	20.0
1608470933.63	20000	2.343153	0.0	1661718	291	20.0
1608470934.0	20000	2.973517	0.0	1315024	286	20.0
1608470934.23	20000	3.743743	0.0	698359	149	20.0
1608470934.47	20000	4.507793	0.0	730082	156	20.0
1608470935.09	20000	4.883557	0.0	4047415	528	20.0
1608470935.56	20000	5.422645	0.0	2863079	371	20.0
1608470936.39	20000	5.584824	0.0	4167844	736	20.0
1608470937.57	20000	5.413099	0.0	5571764	1069	20.0
1608470938.4	20000	5.582012	0.0	4925652	733	20.0
1608470938.74	20000	6.236727	0.0	2030157	260	20.0
1608470939.1	20000	6.886337	0.0	2240782	265	20.0
1608470939.44	20000	7.540024	0.0	2211169	262	20.0
1608470939.56	20000	8.420342	0.0	382046	43	20.0
1608470939.82	20000	9.160579	0.0	1113969	180	20.0
1608470940.03	20000	9.951744	0.0	820127	131	20.0
1608470941.02	20000	9.963548	0.0	6357933	877	20.0
1608470941.72	20000	10.27243	0.0	4814284	594	20.0
1608470942.39	20000	10.598417	0.0	3419258	581	20.0
1608470943.78	20000	10.208383	0.0	3944328	1296	20.0
1608470944.58	20000	10.410702	0.0	4284196	700	20.0
1608470945.29	20000	10.705579	0.0	3022025	613	20.0
1608470945.95	20000	11.042142	0.0	2248581	577	20.0
1608470953.69	20000	4.304684	0.0	9946363	7601	20.0
1608470958.69	20000	1.260977	0.956	11684632	4868	0.879999999999999
1608470959.34	20000	1.609011	0.0	1849732	567	20.0
1608470960.0	20000	1.953697	0.0	1942795	569	20.0
1608470960.57	20000	2.381574	0.0	1704756	486	20.0
1608470961.1	20000	2.857085	0.0	1697111	441	20.0
1608470961.59	20000	3.372031	0.0	1529441	393	20.0
