1608465334.54	4000	1.000999	0.016	60629	6	-0.31999999999999984
1608465336.24	20000	1.379167	0.984	11007815	1530	-15.68
1608465337.78	20000	1.356958	0.266	8849724	1424	14.68
1608465338.71	20000	1.476237	0.0	3191121	828	20.0
1608465339.29	20000	1.896429	0.0	1661718	491	20.0
1608465339.63	20000	2.554354	0.0	1315024	258	20.0
1608465339.85	20000	3.338694	0.0	698359	136	20.0
1608465340.07	20000	4.117139	0.0	730082	141	20.0
1608465340.96	20000	4.229056	0.0	4047415	792	20.0
1608465341.58	20000	4.614492	0.0	2863079	524	20.0
1608465342.38	20000	4.812034	0.0	4167844	705	20.0
1608465343.35	20000	4.84489	0.0	5571764	860	20.0
1608465344.58	20000	4.614924	0.0	4925652	1124	20.0
1608465345.26	20000	4.936667	0.0	2030157	591	20.0
1608465345.75	20000	5.444811	0.0	2240782	400	20.0
1608465346.23	20000	5.969247	0.0	2211169	386	20.0
1608465346.37	20000	6.824666	0.0	382046	64	20.0
1608465346.59	20000	7.610073	0.0	1113969	130	20.0
1608465346.76	20000	8.433422	0.0	820127	96	20.0
1608465347.64	20000	8.565035	0.0	6357933	756	20.0
1608465348.31	20000	8.894687	0.0	4814284	565	20.0
1608465348.86	20000	9.342	0.0	3419258	457	20.0
1608465349.5	20000	9.707651	0.0	3944328	537	20.0
1608465350.25	20000	9.957105	0.0	4284196	649	20.0
1608465350.79	20000	10.419281	0.0	3022025	442	20.0
1608465351.21	20000	10.999758	0.0	2248581	328	20.0
1608465352.96	20000	10.242114	0.0	9946363	1629	20.0
1608465355.31	20000	8.901646	0.0	11684632	2205	20.0
1608465355.65	20000	9.56105	0.0	1849732	254	20.0
1608465355.99	20000	10.223924	0.0	1942795	252	20.0
1608465356.29	20000	10.918884	0.0	1704756	221	20.0
1608465356.55	20000	11.659271	0.0	1697111	175	20.0
1608465356.78	20000	12.435855	0.0	1529441	140	20.0
1608465357.0	20000	13.20955	0.0	1568649	144	20.0
1608465357.24	20000	13.971586	0.0	1677618	153	20.0
1608465357.45	20000	14.760817	0.0	1415096	129	20.0
1608465357.72	20000	15.493483	0.0	1894067	182	20.0
1608465357.92	20000	16.296223	0.0	1186604	114	20.0
1608465358.11	20000	17.111732	0.0	1068386	102	20.0
1608465358.36	20000	17.864347	0.0	1700843	163	20.0
1608465358.71	20000	18.508187	0.0	2536859	266	20.0
1608465359.32	20000	18.904907	0.0	4742872	503	20.0
1608465360.03	20000	19.189392	0.0	4955535	613	20.0
1608465360.28	20000	19.950789	0.0	1260540	157	20.0
1608465360.99	20000	20.230535	0.0	3605246	616	20.0
1608465361.76	20000	20.463859	0.0	2770338	677	20.0
1608465363.59	20000	19.637368	0.0	1855168	1741	20.0
1608465364.11	20000	20.121602	0.0	1666915	431	20.0
1608465364.58	20000	20.649559	0.0	1555467	387	20.0
1608465364.89	20000	21.338175	0.0	1008919	230	20.0
1608465365.26	20000	21.974645	0.0	1227619	281	20.0
1608465365.75	20000	22.480818	0.0	1015853	413	20.0
1608465366.15	20000	23.0806	0.0	384076	321	20.0
1608465366.48	20000	23.758412	0.0	295687	243	20.0
1608465367.17	20000	24.065415	0.0	1328674	608	20.0
1608465367.81	20000	24.427344	0.0	1492829	554	20.0
1608465368.37	20000	24.862758	0.0	1484812	481	20.0
1608465369.29	20000	24.949622	0.0	1868314	827	20.0
1608465370.23	20000	25.005358	0.0	1253406	860	20.0
1608465371.1	20000	25.135875	0.0	887933	788	20.0
1608465372.14	20000	25.095993	0.0	1153403	956	20.0
1608465373.05	20000	25.191634	0.0	1249023	822	20.0
1608465373.92	20000	25.325319	0.0	1423973	778	20.0
1608465374.53	20000	25.714574	0.0	1060162	527	20.0
1608465375.06	20000	26.185376	0.0	1080597	445	20.0
1608465375.61	20000	26.630356	0.0	1156442	470	20.0
1608465376.67	20000	26.580326	0.0	2222640	962	20.0
1608465378.15	20000	26.096065	0.0	2587311	1393	20.0
1608465378.88	20000	26.370041	0.0	2178351	639	20.0
1608465379.59	20000	26.656373	0.0	3121089	623	20.0
1608465380.1	20000	27.152391	0.0	2857420	413	20.0
1608465380.43	20000	27.822899	0.0	1702477	244	20.0
1608465380.74	20000	28.516742	0.0	1531670	221	20.0
1608465381.1	20000	29.154595	0.0	1863424	275	20.0
1608465381.48	20000	29.774441	0.0	1987392	294	20.0
1608465381.91	20000	30.349895	0.0	2505586	338	20.0
1608465383.41	20000	29.842746	0.0	9620218	1380	20.0
1608465383.98	20000	30.277974	0.0	2561608	474	20.0
1608465384.8	20000	30.454198	0.0	3633991	730	20.0
1608465385.58	20000	30.678959	0.0	3324070	683	20.0
1608465385.98	20000	31.281544	0.0	1560020	315	20.0
1608465386.35	20000	31.911111	0.0	1429188	287	20.0
1608465386.8	20000	32.463998	0.0	1754144	361	20.0
1608465387.23	20000	33.030472	0.0	1626020	349	20.0
1608465387.69	20000	33.56937	0.0	1739228	376	20.0
1608465388.19	20000	34.077826	0.0	1722735	407	20.0
1608465388.64	20000	34.627468	0.0	1538145	363	20.0
1608465389.09	20000	35.184581	0.0	1473412	359	20.0
1608465389.54	20000	35.730733	0.0	1498968	362	20.0
1608465390.25	20000	36.022605	0.0	2247334	614	20.0
1608465391.26	20000	36.009616	0.0	3156442	919	20.0
1608465391.87	20000	36.401119	0.0	1895098	524	20.0
1608465392.45	20000	36.826521	0.0	1939135	486	20.0
1608465393.01	20000	37.266518	0.0	1842874	474	20.0
1608465393.68	20000	37.592553	0.0	2235830	585	20.0
1608465394.45	20000	37.825076	0.0	2202171	676	20.0
1608465395.13	20000	38.149654	0.0	2242042	583	20.0
1608465395.48	20000	38.797474	0.0	1081763	269	20.0
1608465396.04	20000	39.23496	0.0	2409013	474	20.0
1608465396.43	20000	39.85382	0.0	1615028	297	20.0
1608465396.76	20000	40.524553	0.0	1413467	245	20.0
1608465397.1	20000	41.187159	0.0	1632450	250	20.0
1608465397.99	20000	41.293667	0.0	5664827	782	20.0
1608465398.62	20000	41.661636	0.0	4578115	530	20.0
1608465398.87	20000	42.416337	0.0	1783835	160	20.0
1608465399.05	20000	43.237188	0.0	1093613	98	20.0
1608465399.22	20000	44.067575	0.0	975642	88	20.0
1608465399.45	20000	44.832594	0.0	1658005	151	20.0
1608465399.83	20000	45.458332	0.0	3055257	283	20.0
1608465400.45	20000	45.843282	0.0	5355572	507	20.0
1608465400.86	20000	46.427881	0.0	3278424	321	20.0
1608465401.19	20000	47.097089	0.0	2318501	239	20.0
1608465401.54	20000	47.750436	0.0	2473561	255	20.0
1608465401.85	20000	48.445968	0.0	1730311	205	20.0
1608465402.14	20000	49.15508	0.0	1455812	202	20.0
1608465402.64	20000	49.653074	0.0	2869222	400	20.0
1608465403.37	20000	49.926796	0.0	3226650	635	20.0
1608465403.89	20000	50.405112	0.0	2705936	431	20.0
1608465404.34	20000	50.962194	0.0	2998622	351	20.0
1608465404.77	20000	51.533213	0.0	2928342	337	20.0
1608465405.13	20000	52.171083	0.0	3059979	269	20.0
1608465405.52	20000	52.779091	0.0	3367422	297	20.0
1608465405.8	20000	53.50848	0.0	1950694	183	20.0
1608465406.04	20000	54.264822	0.0	1541020	156	20.0
1608465406.43	20000	54.873743	0.0	2926720	298	20.0
1608465406.84	20000	55.466292	0.0	2991202	311	20.0
1608465407.27	20000	56.032039	0.0	3002106	340	20.0
1608465407.59	20000	56.715768	0.0	2015412	228	20.0
1608465407.99	20000	57.318802	0.0	2894863	302	20.0
1608465408.3	20000	58.004782	0.0	2185316	223	20.0
1608465408.74	20000	58.56585	0.0	3370605	344	20.0
1608465409.11	20000	59.206982	0.0	3492243	265	20.0
1608465409.79	20000	59.648727	0.0	1307592	99	20.0
1608465410.51	20000	59.899744	0.0	1881404	122	20.0
1608465411.71	20000	59.650739	0.0	1806471	118	20.0
1608465412.44	20000	59.901829	0.0	1945842	136	20.0
1608465413.71	20000	59.652734	0.0	2538877	179	20.0
1608465414.44	20000	59.903826	0.0	2298557	146	20.0
1608465415.72	20000	59.654792	0.0	2831497	183	20.0
1608465416.78	20000	59.655752	0.0	3200905	460	20.0
1608465417.6	20000	59.906825	0.0	2180586	237	20.0
1608465418.86	20000	59.657703	0.0	1500505	167	20.0
1608465419.73	20000	59.658737	0.0	1939246	285	20.0
1608465420.56	20000	59.909815	0.0	1599193	239	20.0
1608465421.51	20000	59.910866	0.0	2364826	360	20.0
1608465422.49	20000	59.911884	0.0	2517454	388	20.0
1608465423.87	20000	59.662627	0.0	1883143	295	20.0
1608465424.35	20000	59.978347	0.0	1726706	391	20.0
1608465425.59	20000	59.914826	0.0	707364	158	20.0
1608465426.87	20000	59.665819	0.0	796460	197	20.0
1608465427.69	20000	59.666674	0.0	596962	242	20.0
1608465428.66	20000	59.917893	0.0	947625	382	20.0
1608465429.52	20000	59.918844	0.0	832859	281	20.0
1608465430.64	20000	59.919873	0.0	151562	40	20.0
1608465431.74	20000	59.670729	0.0	90390	23	20.0
1608465432.81	20000	59.671731	0.0	50278	11	20.0
1608465433.86	20000	59.672724	0.0	26471	3	20.0
1608465434.91	20000	59.673741	0.0	40620	10	20.0
1608465435.33	4000	1.000999	0.112	334032	100	-2.24
1608465437.34	4000	1.392492	1.117	6594552	1878	-18.34
1608465438.23	4000	1.522361	0.0	4402139	779	4.0
1608465438.78	20000	1.991186	0.0	3191121	439	4.0
1608465439.1	20000	2.66581	0.0	1661718	241	20.0
1608465439.39	20000	3.380873	0.0	1315024	201	20.0
1608465439.58	20000	4.195629	0.0	698359	105	20.0
1608465439.77	20000	5.005351	0.0	730082	111	20.0
1608465440.69	20000	5.082286	0.0	4047415	826	20.0
1608465441.5	20000	5.274097	0.0	2863079	716	20.0
1608465442.71	20000	5.067071	0.0	4167844	1103	20.0
1608465444.21	20000	4.569622	0.0	5571764	1394	20.0
1608465445.36	20000	4.415201	0.0	4925652	1049	20.0
1608465445.86	20000	4.916349	0.0	2030157	410	20.0
1608465446.4	20000	5.377428	0.0	2240782	446	20.0
1608465446.93	20000	5.846169	0.0	2211169	442	20.0
1608465447.08	20000	6.699161	0.0	382046	68	20.0
1608465447.37	20000	7.412697	0.0	1113969	204	20.0
1608465447.6	20000	8.181638	0.0	820127	149	20.0
1608465449.01	20000	7.77751	0.0	6357933	1294	20.0
1608465450.23	20000	7.553426	0.0	4814284	1120	20.0
1608465451.05	20000	7.738541	0.0	3419258	716	20.0
1608465452.12	20000	7.668922	0.0	3944328	969	20.0
1608465454.31	20000	6.479691	0.0	4284196	2088	20.0
1608465455.94	20000	5.846153	0.0	3022025	1537	20.0
1608465456.69	20000	6.104986	0.0	2248581	648	20.0
1608465458.51	8000	5.279084	0.0	6361262	1704	-4.0
1608465460.96	4000	3.83673	0.0	5615227	2323	0.0
1608465461.79	20000	4.005844	0.0	1849732	742	4.0
1608465462.65	20000	4.144847	0.0	1942795	773	20.0
1608465463.55	20000	4.24936	0.0	1704756	808	20.0
1608465464.98	20000	3.814825	0.0	1697111	1346	20.0
1608465466.92	20000	2.876404	0.0	1529441	1855	20.0
1608465467.94	12000	2.861286	0.0	1314540	925	4.0
