1608429920.17	4000	1.000999	0.016	60629	7	-0.31999999999999984
1608429922.92	20000	1.298702	2.022	11007815	2572	-36.44
1608429924.32	20000	1.312873	0.164	8849724	1293	16.72
1608429924.95	20000	1.757265	0.0	3191121	536	20.0
1608429925.35	20000	2.356742	0.0	1661718	319	20.0
1608429925.68	20000	3.026247	0.0	1315024	252	20.0
1608429925.92	20000	3.796701	0.0	698359	154	20.0
1608429926.15	20000	4.559735	0.0	730082	161	20.0
1608429927.15	20000	4.560526	0.0	4047415	908	20.0
1608429927.89	20000	4.828949	0.0	2863079	644	20.0
1608429928.93	20000	4.781471	0.0	4167844	954	20.0
1608429930.32	20000	4.395464	0.0	5571764	1285	20.0
1608429932.46	20000	3.254305	0.0	4925652	2043	20.0
1608429937.18	20000	1.283842	1.74	2030157	4629	-14.799999999999997
1608429938.45	20000	1.275715	0.267	2240782	1182	14.66
1608429939.35	20000	1.377246	0.0	2211169	814	20.0
1608429939.57	20000	2.155054	0.0	382046	145	20.0
1608429940.25	20000	2.478598	0.0	1113969	593	20.0
1608429940.78	20000	2.953676	0.0	820127	445	20.0
1608429942.09	16000	2.641975	0.0	6357933	1204	12.0
1608429943.08	16000	2.653694	0.0	4814284	887	16.0
1608429943.86	20000	2.871793	0.0	3419258	691	16.0
1608429944.76	20000	2.976933	0.0	3944328	801	20.0
1608429945.5	20000	3.232602	0.0	4284196	649	20.0
1608429946.03	20000	3.706201	0.0	3022025	428	20.0
1608429946.42	20000	4.316399	0.0	2248581	306	20.0
1608429948.37	20000	3.365964	0.0	9946363	1829	20.0
1608429950.3	20000	2.444042	0.0	11684632	1789	20.0
1608429950.59	20000	3.152552	0.0	1849732	210	20.0
1608429950.9	20000	3.840722	0.0	1942795	227	20.0
1608429951.17	20000	4.568812	0.0	1704756	185	20.0
1608429951.44	20000	5.299987	0.0	1697111	185	20.0
1608429951.7	20000	6.0501	0.0	1529441	166	20.0
1608429951.96	20000	6.789462	0.0	1568649	179	20.0
1608429952.24	20000	7.508364	0.0	1677618	198	20.0
1608429952.49	20000	8.26215	0.0	1415096	167	20.0
1608429952.79	20000	8.957264	0.0	1894067	224	20.0
1608429952.99	20000	9.764242	0.0	1186604	115	20.0
1608429953.17	20000	10.584207	0.0	1068386	104	20.0
1608429953.41	20000	11.338054	0.0	1700843	166	20.0
1608429953.75	20000	12.004909	0.0	2536859	248	20.0
1608429954.6	20000	12.157036	0.0	4742872	742	20.0
1608429955.15	20000	12.60281	0.0	4955535	456	20.0
1608429955.32	20000	13.434226	0.0	1260540	91	20.0
1608429955.68	20000	14.079476	0.0	3605246	264	20.0
1608429956.06	20000	14.700942	0.0	2770338	293	20.0
1608429956.4	20000	15.361624	0.0	1855168	256	20.0
1608429956.71	20000	16.051841	0.0	1666915	230	20.0
1608429957.11	20000	16.653388	0.0	1555467	319	20.0
1608429957.7	20000	17.060886	0.0	1008919	514	20.0
1608429958.04	20000	17.723873	0.0	1227619	259	20.0
1608429958.32	20000	18.443189	0.0	1015853	203	20.0
1608429958.47	20000	19.293253	0.0	384076	75	20.0
1608429958.6	20000	20.161827	0.0	295687	56	20.0
1608429958.95	20000	20.818884	0.0	1328674	262	20.0
1608429959.32	20000	21.445173	0.0	1492829	294	20.0
1608429959.7	20000	22.07219	0.0	1484812	292	20.0
1608429960.27	20000	22.507963	0.0	1868314	483	20.0
1608429960.71	20000	23.06453	0.0	1253406	356	20.0
1608429961.07	20000	23.703705	0.0	887933	284	20.0
1608429961.56	20000	24.213968	0.0	1153403	412	20.0
1608429962.07	20000	24.701042	0.0	1249023	433	20.0
1608429962.64	20000	25.131203	0.0	1423973	490	20.0
1608429963.1	20000	25.679176	0.0	1060162	373	20.0
1608429963.58	20000	26.198204	0.0	1080597	403	20.0
1608429964.12	20000	26.654826	0.0	1156442	466	20.0
1608429965.19	20000	26.58426	0.0	2222640	986	20.0
1608429966.49	20000	26.290799	0.0	2587311	1208	20.0
1608429968.09	20000	25.694497	0.0	2178351	1511	20.0
1608429969.91	20000	24.87009	0.0	3121089	1734	20.0
1608429971.6	20000	24.187979	0.0	2857420	1595	20.0
1608429972.47	20000	24.310765	0.0	1702477	797	20.0
1608429973.19	20000	24.593453	0.0	1531670	637	20.0
1608429974.08	20000	24.70196	0.0	1863424	809	20.0
1608429975.09	20000	24.694533	0.0	1987392	926	20.0
1608429976.93	20000	23.8566	0.0	2505586	1754	20.0
1608429981.89	20000	19.895472	0.0	9620218	4839	20.0
1608429982.91	20000	19.883571	0.0	2561608	926	20.0
1608429984.44	20000	19.34884	0.0	3633991	1441	20.0
1608429985.79	20000	18.998926	0.0	3324070	1260	20.0
1608429986.43	20000	19.367103	0.0	1560020	553	20.0
1608429987.0	20000	19.79747	0.0	1429188	491	20.0
1608429987.66	20000	20.138828	0.0	1754144	581	20.0
1608429988.28	20000	20.51877	0.0	1626020	541	20.0
1608429988.96	20000	20.837584	0.0	1739228	600	20.0
1608429989.78	20000	21.018946	0.0	1722735	737	20.0
1608429990.33	20000	21.46572	0.0	1538145	469	20.0
1608429990.78	20000	22.017912	0.0	1473412	368	20.0
1608429991.28	20000	22.525983	0.0	1498968	414	20.0
1608429992.08	20000	22.725257	0.0	2247334	717	20.0
1608429993.33	20000	22.476314	0.0	3156442	1157	20.0
1608429993.89	20000	22.918409	0.0	1895098	476	20.0
1608429994.54	20000	23.27377	0.0	1939135	562	20.0
1608429995.19	20000	23.619136	0.0	1842874	559	20.0
1608429995.96	20000	23.847382	0.0	2235830	688	20.0
1608429996.79	20000	24.016579	0.0	2202171	748	20.0
1608429997.86	20000	23.945067	0.0	2242042	986	20.0
1608429998.48	20000	24.327459	0.0	1081763	535	20.0
1608429999.63	20000	24.183665	0.0	2409013	1055	20.0
1608430000.39	20000	24.422008	0.0	1615028	682	20.0
1608430001.33	20000	24.486558	0.0	1413467	856	20.0
1608430002.61	20000	24.199831	0.0	1632450	1205	20.0
1608430006.16	20000	21.658363	0.0	5664827	3431	20.0
1608430009.58	20000	19.235491	0.0	4578115	3324	20.0
1608430010.32	20000	19.495662	0.0	1783835	656	20.0
1608430010.7	20000	20.116607	0.0	1093613	299	20.0
1608430011.05	20000	20.771343	0.0	975642	266	20.0
1608430011.51	20000	21.30505	0.0	1658005	386	20.0
1608430012.27	20000	21.547158	0.0	3055257	671	20.0
1608430013.26	20000	21.558253	0.0	5355572	886	20.0
1608430013.72	20000	22.104345	0.0	3278424	364	20.0
1608430014.06	20000	22.765366	0.0	2318501	256	20.0
1608430014.37	20000	23.454326	0.0	2473561	226	20.0
1608430014.6	20000	24.229043	0.0	1730311	144	20.0
1608430014.8	20000	25.029123	0.0	1455812	121	20.0
1608430015.13	20000	25.703038	0.0	2869222	241	20.0
1608430015.52	20000	26.310146	0.0	3226650	303	20.0
1608430015.86	20000	26.966184	0.0	2705936	256	20.0
1608430016.24	20000	27.592613	0.0	2998622	285	20.0
1608430016.64	20000	28.194508	0.0	2928342	310	20.0
1608430017.05	20000	28.782067	0.0	3059979	324	20.0
1608430017.46	20000	29.370983	0.0	3367422	320	20.0
1608430017.72	20000	30.111396	0.0	1950694	177	20.0
1608430017.94	20000	30.891966	0.0	1541020	139	20.0
1608430018.3	20000	31.533923	0.0	2926720	273	20.0
1608430018.71	20000	32.128632	0.0	2991202	316	20.0
1608430019.12	20000	32.721944	0.0	3002106	318	20.0
1608430019.5	20000	33.345208	0.0	2015412	291	20.0
1608430020.06	20000	33.784281	0.0	2894863	463	20.0
1608430020.58	20000	34.266134	0.0	2185316	431	20.0
1608430021.39	20000	34.451326	0.0	3370605	723	20.0
1608430022.17	20000	34.669274	0.0	3492243	692	20.0
1608430022.47	20000	35.37772	0.0	1307592	213	20.0
1608430022.86	20000	35.989755	0.0	1881404	305	20.0
1608430023.23	20000	36.614705	0.0	1806471	293	20.0
1608430023.62	20000	37.226935	0.0	1945842	308	20.0
1608430024.11	20000	37.740058	0.0	2538877	401	20.0
1608430024.57	20000	38.279164	0.0	2298557	378	20.0
1608430025.15	20000	38.705938	0.0	2831497	484	20.0
1608430025.97	20000	38.878513	0.0	3200905	740	20.0
1608430026.56	20000	39.294152	0.0	2180586	502	20.0
1608430026.98	20000	39.878633	0.0	1500505	335	20.0
1608430027.43	20000	40.423915	0.0	1939246	371	20.0
1608430027.75	20000	41.103273	0.0	1599193	240	20.0
1608430028.2	20000	41.660797	0.0	2364826	357	20.0
1608430028.64	20000	42.216488	0.0	2517454	360	20.0
1608430028.99	20000	42.864831	0.0	1883143	268	20.0
1608430029.32	20000	43.539216	0.0	1726706	244	20.0
1608430029.5	20000	44.362786	0.0	707364	99	20.0
1608430029.69	20000	45.174129	0.0	796460	111	20.0
1608430029.85	20000	46.014187	0.0	596962	82	20.0
1608430030.06	20000	46.802452	0.0	947625	134	20.0
1608430030.26	20000	47.60757	0.0	832859	116	20.0
1608430030.35	20000	48.512806	0.0	151562	19	20.0
1608430030.44	20000	49.429691	0.0	90390	10	20.0
1608430030.5	20000	50.36755	0.0	50278	4	20.0
1608430030.55	20000	51.320738	0.0	26471	1	20.0
1608430030.59	20000	52.283447	0.0	40620	3	20.0
1608430030.97	4000	1.000999	0.056	334032	45	-1.12
1608430032.62	20000	1.336859	0.701	11007815	1472	-10.02
1608430034.0	20000	1.304804	0.331	8849724	1271	13.379999999999999
1608430034.57	20000	1.768413	0.0	3191121	472	20.0
1608430034.89	20000	2.444159	0.0	1661718	243	20.0
1608430035.16	20000	3.17175	0.0	1315024	192	20.0
1608430035.34	20000	3.995169	0.0	698359	101	20.0
1608430035.53	20000	4.810194	0.0	730082	109	20.0
1608430036.23	20000	5.105235	0.0	4047415	613	20.0
1608430036.78	20000	5.564381	0.0	2863079	454	20.0
1608430037.53	20000	5.807397	0.0	4167844	663	20.0
1608430038.51	20000	5.829911	0.0	5571764	873	20.0
1608430039.33	20000	6.01732	0.0	4925652	713	20.0
1608430039.71	20000	6.635204	0.0	2030157	300	20.0
1608430040.12	20000	7.221414	0.0	2240782	332	20.0
1608430040.52	20000	7.827607	0.0	2211169	311	20.0
1608430040.64	20000	8.703348	0.0	382046	50	20.0
1608430040.87	20000	9.478123	0.0	1113969	148	20.0
1608430041.06	20000	10.292887	0.0	820127	108	20.0
1608430042.02	20000	10.333045	0.0	6357933	854	20.0
1608430042.84	20000	10.50745	0.0	4814284	729	20.0
1608430043.49	20000	10.862973	0.0	3419258	554	20.0
1608430044.14	20000	11.211912	0.0	3944328	556	20.0
1608430044.77	20000	11.580403	0.0	4284196	537	20.0
1608430045.22	20000	12.134005	0.0	3022025	359	20.0
1608430045.58	20000	12.779847	0.0	2248581	267	20.0
1608430046.93	20000	12.425536	0.0	9946363	1229	20.0
1608430048.53	20000	11.83109	0.0	11684632	1465	20.0
1608430048.83	20000	12.525802	0.0	1849732	224	20.0
1608430049.15	20000	13.207667	0.0	1942795	235	20.0
1608430049.44	20000	13.918746	0.0	1704756	206	20.0
1608430049.75	20000	14.613104	0.0	1697111	225	20.0
1608430050.03	20000	15.33119	0.0	1529441	202	20.0
