1608484665.71	4000	1.000999	0.127	60629	115	-4.064
1608484666.8	2000	1.416687	0.428	1072422	1045	-13.696
1608484667.31	2000	1.902924	0.0	1121405	498	2.0
1608484667.8	4000	2.419578	0.0	1043358	463	2.0
1608484667.97	4000	3.244086	0.0	567502	163	4.0
1608484668.22	8000	4.00335	0.0	768486	224	4.0
1608484668.39	12000	4.832901	0.0	533454	153	8.0
1608484668.62	16000	5.603337	0.0	730082	212	12.0
1608484669.86	16000	5.59436	0.0	4047415	1199	16.0
1608484671.05	16000	5.406024	0.0	2863079	1164	16.0
1608484672.78	16000	4.673679	0.0	4167844	1701	16.0
1608484688.21	16000	5.31393	0.049	4647286	1942	14.432
1608484688.21	8000	5.305748	0.0	4647286	1942	0.0
1608484689.67	8000	4.857726	0.0	7838407	1378	8.0
1608484689.68	12000	4.842387	0.0	7838407	1378	8.0
1608484689.69	16000	4.833744	0.0	7838407	1378	12.0
1608484689.99	16000	5.536546	0.0	1849732	279	16.0
1608484690.28	16000	6.24718	0.0	1942795	268	16.0
1608484690.53	16000	6.993799	0.0	1704756	234	16.0
1608484690.78	16000	7.741051	0.0	1697111	234	16.0
1608484691.02	16000	8.505709	0.0	1529441	218	16.0
1608484691.29	16000	9.238942	0.0	1568649	249	16.0
1608484691.57	16000	9.954619	0.0	1677618	267	16.0
1608484691.82	16000	10.712611	0.0	1415096	224	16.0
1608484692.17	16000	11.3589	0.0	1894067	334	16.0
1608484692.41	16000	12.119328	0.0	1186604	224	16.0
1608484692.63	16000	12.902028	0.0	1068386	202	16.0
1608484692.97	16000	13.561996	0.0	1700843	320	16.0
1608484693.48	16000	14.059608	0.0	2536859	479	16.0
1608484694.43	16000	14.111251	0.0	4742872	910	16.0
1608484695.45	16000	14.090496	0.0	4955535	983	16.0
1608484695.72	16000	14.820701	0.0	1260540	253	16.0
1608484696.66	16000	14.879062	0.0	3605246	904	16.0
1608484697.49	16000	15.051419	0.0	2770338	804	16.0
1608484698.05	16000	15.48908	0.0	1855168	543	16.0
1608484698.5	16000	16.045903	0.0	1666915	424	16.0
1608484698.91	16000	16.633433	0.0	1555467	396	16.0
1608484699.2	16000	17.344841	0.0	1008919	275	16.0
1608484699.57	16000	17.974973	0.0	1227619	354	16.0
1608484699.88	16000	18.667778	0.0	1015853	293	16.0
1608484700.0	16000	19.548839	0.0	384076	107	16.0
1608484700.08	16000	20.466263	0.0	295687	71	16.0
1608484700.44	16000	21.109468	0.0	1328674	338	16.0
1608484700.84	16000	21.712294	0.0	1492829	380	16.0
1608484701.22	16000	22.331472	0.0	1484812	364	16.0
1608484701.69	16000	22.857174	0.0	1868314	456	16.0
1608484702.02	16000	23.536573	0.0	1253406	304	16.0
1608484702.27	16000	24.279197	0.0	887933	243	16.0
1608484702.61	16000	24.946959	0.0	1153403	317	16.0
1608484702.98	16000	25.579192	0.0	1249023	343	16.0
1608484703.46	16000	26.092433	0.0	1423973	468	16.0
1608484703.84	16000	26.720347	0.0	1060162	355	16.0
1608484704.18	16000	27.381152	0.0	1080597	323	16.0
1608484704.51	16000	28.047243	0.0	1156442	317	16.0
1608484705.12	16000	28.436717	0.0	2222640	589	16.0
1608484705.72	16000	28.841486	0.0	2587311	573	16.0
1608484706.25	16000	29.31372	0.0	2178351	509	16.0
1608484707.08	16000	29.480701	0.0	3121089	808	16.0
1608484707.87	16000	29.699297	0.0	2857420	754	16.0
1608484708.31	16000	30.2527	0.0	1702477	427	16.0
1608484708.71	16000	30.856235	0.0	1531670	379	16.0
1608484709.23	16000	31.336532	0.0	1863424	502	16.0
1608484709.93	16000	31.64335	0.0	1987392	673	16.0
1608484711.03	16000	31.542406	0.0	2505586	1076	16.0
1608484728.71	16000	42.88674	0.0	376102	214	16.0
1608484728.72	8000	42.878855	0.0	376102	214	0.0
1608484729.16	8000	43.441044	0.0	732536	427	8.0
1608484729.54	8000	44.062879	0.0	645392	364	8.0
1608484730.2	8000	44.405594	0.0	1104267	642	8.0
1608484731.39	8000	44.212035	0.0	1592936	1176	8.0
1608484733.1	8000	43.50255	0.0	2618824	1686	8.0
1608484734.38	8000	43.223407	0.0	1820110	1259	8.0
1608484734.39	4000	43.214987	0.0	1820110	1259	0.0
1608484735.07	4000	43.531064	0.0	982243	672	4.0
1608484735.7	4000	43.902558	0.0	1004344	613	4.0
1608484736.13	4000	44.475439	0.0	687087	414	4.0
1608484736.49	4000	45.114677	0.0	564465	348	4.0
1608484736.5	8000	45.107305	0.0	564465	348	4.0
1608484737.74	8000	44.87214	0.0	1735764	1217	8.0
1608484739.28	8000	44.333882	0.0	1969173	1519	8.0
1608484739.28	4000	44.325705	0.0	1969173	1519	0.0
1608484739.92	4000	44.695296	0.0	1085010	615	4.0
1608484740.53	4000	45.083282	0.0	1231535	595	4.0
1608484740.54	8000	45.074996	0.0	1231535	595	4.0
1608484741.3	8000	45.315768	0.0	1780068	742	8.0
1608484741.98	8000	45.63241	0.0	1844656	664	8.0
1608484741.99	12000	45.624093	0.0	1844656	664	8.0
1608484742.98	12000	45.636159	0.0	2690936	966	12.0
1608484742.99	16000	45.627284	0.0	2690936	966	12.0
1608484743.7	16000	45.913108	0.0	1950694	696	16.0
1608484744.27	16000	46.343637	0.0	1541020	554	16.0
1608484745.35	16000	46.269606	0.0	2926720	1053	16.0
1608484746.45	16000	46.16727	0.0	2991202	1081	16.0
1608484747.45	16000	46.173615	0.0	3002106	972	16.0
1608484748.05	16000	46.570572	0.0	2015412	586	16.0
1608484748.85	16000	46.775225	0.0	2894863	773	16.0
1608484749.43	16000	47.194581	0.0	2185316	562	16.0
1608484750.33	16000	47.295976	0.0	3370605	874	16.0
1608484751.49	16000	47.134969	0.0	3492243	1137	16.0
1608484752.0	16000	47.629079	0.0	1307592	490	16.0
1608484752.66	16000	47.965135	0.0	1881404	648	16.0
1608484753.27	16000	48.361255	0.0	1806471	586	16.0
1608484753.89	16000	48.743576	0.0	1945842	589	16.0
1608484754.69	16000	48.940627	0.0	2538877	782	16.0
1608484755.42	16000	49.210336	0.0	2298557	711	16.0
1608484756.3	16000	49.334059	0.0	2831497	856	16.0
1608484757.66	16000	48.971568	0.0	3200905	1340	16.0
1608484758.85	16000	48.786162	0.0	2180586	1167	16.0
1608484759.66	16000	48.975844	0.0	1500505	794	16.0
1608484759.67	12000	48.968968	0.0	1500505	794	8.0
1608484759.67	8000	48.963866	0.0	1500505	794	4.0
1608484760.25	8000	49.382267	0.0	1175796	570	8.0
1608484760.63	8000	50.007158	0.0	1004408	361	8.0
1608484760.64	12000	50.000199	0.0	1004408	361	8.0
1608484761.29	12000	50.349592	0.0	1877910	634	12.0
1608484761.96	12000	50.675096	0.0	1991172	656	12.0
1608484761.97	16000	50.667891	0.0	1991172	656	12.0
1608484762.61	16000	51.03869	0.0	1883143	614	16.0
1608484763.19	16000	51.452912	0.0	1726706	559	16.0
1608484763.42	16000	52.219874	0.0	707364	220	16.0
1608484763.69	16000	52.952633	0.0	796460	255	16.0
1608484763.89	16000	53.751806	0.0	596962	190	16.0
1608484764.21	16000	54.434717	0.0	947625	304	16.0
1608484764.48	16000	55.162838	0.0	832859	260	16.0
1608484764.54	16000	56.110273	0.0	151562	43	16.0
1608484764.57	16000	57.079235	0.0	90390	23	16.0
1608484764.59	16000	58.06083	0.0	50278	10	16.0
1608484764.6	16000	59.050759	0.0	26471	2	16.0
1608484765.12	16000	59.716829	0.0	40620	7	16.0
1608484765.13	16000	59.957831	0.0	15267	3	16.0
