1608420594.78	4000	1.000999	0.014	60629	4	-0.28000000000000025
1608420596.22	20000	1.297375	0.694	11007815	1252	-9.88
1608420597.82	20000	1.410767	0.381	8849724	1480	12.379999999999999
1608420598.41	20000	1.840279	0.0	3191121	501	20.0
1608420598.76	20000	2.49102	0.0	1661718	267	20.0
1608420599.06	20000	3.192178	0.0	1315024	217	20.0
1608420599.25	20000	3.998594	0.0	698359	108	20.0
1608420599.45	20000	4.799712	0.0	730082	119	20.0
1608420601.09	20000	4.165749	0.0	4047415	1541	20.0
1608420602.34	20000	3.91627	0.0	2863079	1160	20.0
1608420603.08	20000	4.173167	0.0	4167844	647	20.0
1608420603.82	20000	4.438034	0.0	5571764	631	20.0
1608420604.4	20000	4.863423	0.0	4925652	478	20.0
1608420604.68	20000	5.581931	0.0	2030157	195	20.0
1608420604.98	20000	6.282514	0.0	2240782	212	20.0
1608420605.28	20000	6.98172	0.0	2211169	208	20.0
1608420605.39	20000	7.869562	0.0	382046	34	20.0
1608420605.58	20000	8.685226	0.0	1113969	104	20.0
1608420605.72	20000	9.547272	0.0	820127	58	20.0
1608420606.28	20000	9.989103	0.0	6357933	453	20.0
1608420606.72	20000	10.54555	0.0	4814284	344	20.0
1608420607.06	20000	11.203713	0.0	3419258	250	20.0
1608420607.45	20000	11.820671	0.0	3944328	286	20.0
1608420607.93	20000	12.346499	0.0	4284196	377	20.0
1608420608.32	20000	12.949964	0.0	3022025	297	20.0
1608420608.63	20000	13.643195	0.0	2248581	222	20.0
1608420609.89	20000	13.384126	0.0	9946363	1135	20.0
1608420610.83	20000	13.444987	0.0	11684632	807	20.0
1608420611.16	20000	14.112689	0.0	1849732	239	20.0
1608420611.5	20000	14.77563	0.0	1942795	252	20.0
1608420611.86	20000	15.418775	0.0	1704756	273	20.0
1608420612.26	20000	16.016565	0.0	1697111	319	20.0
1608420612.63	20000	16.647107	0.0	1529441	287	20.0
1608420612.95	20000	17.333169	0.0	1568649	231	20.0
1608420613.28	20000	18.001263	0.0	1677618	248	20.0
1608420613.57	20000	18.708333	0.0	1415096	209	20.0
1608420613.86	20000	19.42657	0.0	1894067	197	20.0
1608420614.05	20000	20.231202	0.0	1186604	115	20.0
1608420614.24	20000	21.04545	0.0	1068386	103	20.0
1608420614.49	20000	21.795038	0.0	1700843	166	20.0
1608420614.84	20000	22.443924	0.0	2536859	262	20.0
1608420615.47	20000	22.814871	0.0	4742872	527	20.0
1608420616.18	20000	23.109863	0.0	4955535	604	20.0
1608420616.42	20000	23.869209	0.0	1260540	157	20.0
1608420617.14	20000	24.15448	0.0	3605246	621	20.0
1608420617.8	20000	24.487444	0.0	2770338	578	20.0
1608420618.24	20000	25.053942	0.0	1855168	349	20.0
1608420618.64	20000	25.656597	0.0	1666915	314	20.0
1608420619.22	20000	26.069718	0.0	1555467	505	20.0
1608420619.64	20000	26.660257	0.0	1008919	331	20.0
1608420619.86	20000	27.434608	0.0	1227619	145	20.0
1608420620.06	20000	28.241272	0.0	1015853	112	20.0
1608420620.17	20000	29.123423	0.0	384076	41	20.0
1608420620.29	20000	30.014392	0.0	295687	32	20.0
1608420620.51	20000	30.785491	0.0	1328674	148	20.0
1608420620.76	20000	31.539456	0.0	1492829	164	20.0
1608420621.0	20000	32.306905	0.0	1484812	152	20.0
1608420621.27	20000	33.034222	0.0	1868314	191	20.0
1608420621.48	20000	33.826892	0.0	1253406	127	20.0
1608420621.65	20000	34.657203	0.0	887933	89	20.0
1608420621.8	20000	35.509513	0.0	1153403	68	20.0
1608420621.94	20000	36.363887	0.0	1249023	65	20.0
1608420622.1	20000	37.206519	0.0	1423973	75	20.0
1608420622.24	20000	38.070559	0.0	1060162	56	20.0
1608420622.38	20000	38.933836	0.0	1080597	56	20.0
1608420622.52	20000	39.791269	0.0	1156442	60	20.0
1608420622.73	20000	40.587526	0.0	2222640	118	20.0
1608420622.97	20000	41.340465	0.0	2587311	159	20.0
1608420623.19	20000	42.123783	0.0	2178351	134	20.0
1608420623.47	20000	42.842775	0.0	3121089	193	20.0
1608420623.74	20000	43.575064	0.0	2857420	176	20.0
1608420623.95	20000	44.371789	0.0	1702477	119	20.0
1608420624.14	20000	45.174962	0.0	1531670	107	20.0
1608420624.36	20000	45.958337	0.0	1863424	129	20.0
1608420624.59	20000	46.734397	0.0	1987392	139	20.0
1608420624.85	20000	47.476498	0.0	2505586	173	20.0
1608420625.64	20000	47.687051	0.0	9620218	664	20.0
1608420625.93	20000	48.393042	0.0	2561608	205	20.0
1608420626.33	20000	48.990422	0.0	3633991	309	20.0
1608420626.71	20000	49.615863	0.0	3324070	282	20.0
1608420626.99	20000	50.333671	0.0	1560020	198	20.0
1608420627.26	20000	51.069285	0.0	1429188	182	20.0
1608420627.57	20000	51.760671	0.0	1754144	223	20.0
1608420627.87	20000	52.463668	0.0	1626020	215	20.0
1608420628.2	20000	53.131791	0.0	1739228	249	20.0
1608420628.53	20000	53.802204	0.0	1722735	246	20.0
1608420628.84	20000	54.489104	0.0	1538145	228	20.0
1608420629.19	20000	55.146312	0.0	1473412	259	20.0
1608420629.53	20000	55.800307	0.0	1498968	264	20.0
1608420629.92	20000	56.417156	0.0	2247334	297	20.0
1608420630.32	20000	57.017951	0.0	3156442	309	20.0
1608420630.59	20000	57.748226	0.0	1895098	185	20.0
1608420630.92	20000	58.420216	0.0	1939135	243	20.0
1608420631.36	20000	58.987911	0.0	1842874	346	20.0
1608420631.89	20000	59.452317	0.0	2235830	440	20.0
1608420632.59	20000	59.753554	0.0	2202171	608	20.0
1608420633.66	20000	59.865266	0.0	2242042	490	20.0
1608420634.9	20000	59.616217	0.0	1081763	156	20.0
1608420635.81	20000	59.617287	0.0	2409013	323	20.0
1608420636.83	20000	59.618256	0.0	1615028	430	20.0
1608420637.63	20000	59.86914	0.0	1413467	220	20.0
1608420638.5	20000	59.870272	0.0	1632450	281	20.0
1608420640.45	20000	58.903631	0.0	5664827	1841	20.0
1608420642.39	20000	57.956126	0.0	4578115	1850	20.0
1608420643.14	20000	58.209753	0.0	1783835	660	20.0
1608420643.6	20000	58.751871	0.0	1093613	374	20.0
1608420644.01	20000	59.337459	0.0	975642	332	20.0
1608420644.7	20000	59.656786	0.0	1658005	596	20.0
1608420645.81	20000	59.547676	0.0	3055257	1019	20.0
1608420647.83	20000	58.52503	0.0	5355572	1920	20.0
1608420649.67	20000	57.691556	0.0	3278424	1741	20.0
1608420650.93	20000	57.428384	0.0	2318501	1175	20.0
1608420652.47	20000	56.892334	0.0	2473561	1446	20.0
1608420653.41	20000	56.950982	0.0	1730311	856	20.0
1608420654.17	20000	57.19497	0.0	1455812	673	20.0
1608420655.37	20000	56.991001	0.0	2869222	1117	20.0
1608420656.71	20000	56.65678	0.0	3226650	1244	20.0
1608420657.92	20000	56.442002	0.0	2705936	1126	20.0
1608420659.01	20000	56.35868	0.0	2998622	991	20.0
1608420660.11	20000	56.254445	0.0	2928342	1013	20.0
1608420662.46	20000	54.90888	0.0	3059979	2246	20.0
1608420667.11	20000	51.261828	0.0	3367422	4551	20.0
1608420668.8	20000	50.569309	0.0	1950694	1609	20.0
1608420670.94	20000	49.426957	0.0	1541020	2061	20.0
1608420674.62	20000	46.746483	0.0	2926720	3590	20.0
1608420675.38	20000	46.990982	0.0	2991202	663	20.0
1608420676.02	20000	47.357186	0.0	3002106	542	20.0
1608420676.53	20000	47.841659	0.0	2015412	429	20.0
1608420677.26	20000	48.113185	0.0	2894863	638	20.0
1608420677.87	20000	48.50953	0.0	2185316	516	20.0
1608420678.81	20000	48.562109	0.0	3370605	859	20.0
1608420679.77	20000	48.607294	0.0	3492243	863	20.0
1608420680.17	20000	49.207708	0.0	1307592	315	20.0
1608420680.73	20000	49.64833	0.0	1881404	473	20.0
1608420681.26	20000	50.124734	0.0	1806471	441	20.0
1608420681.8	20000	50.580748	0.0	1945842	460	20.0
1608420682.48	20000	50.904102	0.0	2538877	589	20.0
1608420683.1	20000	51.286234	0.0	2298557	530	20.0
1608420683.86	20000	51.524399	0.0	2831497	672	20.0
1608420684.73	20000	51.658299	0.0	3200905	774	20.0
1608420685.39	20000	52.000581	0.0	2180586	564	20.0
1608420685.9	20000	52.489836	0.0	1500505	427	20.0
1608420686.44	20000	52.948424	0.0	1939246	457	20.0
1608420686.87	20000	53.51788	0.0	1599193	348	20.0
1608420687.48	20000	53.910999	0.0	2364826	520	20.0
1608420688.13	20000	54.259716	0.0	2517454	565	20.0
1608420688.7	20000	54.688467	0.0	1883143	487	20.0
1608420689.24	20000	55.150992	0.0	1726706	455	20.0
1608420689.54	20000	55.858277	0.0	707364	213	20.0
1608420689.86	20000	56.538451	0.0	796460	241	20.0
1608420690.12	20000	57.279094	0.0	596962	179	20.0
1608420690.4	20000	57.997915	0.0	947625	199	20.0
1608420690.65	20000	58.743646	0.0	832859	175	20.0
1608420690.76	20000	59.638175	0.0	151562	29	20.0
1608420691.85	20000	59.673272	0.0	90390	15	20.0
1608420692.92	20000	59.674266	0.0	50278	8	20.0
1608420693.97	20000	59.675275	0.0	26471	2	20.0
1608420694.51	20000	59.926275	0.0	40620	6	20.0
1608420694.9	4000	1.000999	0.085	334032	73	-1.7000000000000002
1608420696.51	4000	1.357971	0.698	6594552	1493	-9.96
1608420698.7	20000	1.44697	1.255	8849724	2062	-21.1
1608420699.46	20000	1.719727	0.0	3191121	660	20.0
1608420699.87	20000	2.306137	0.0	1661718	328	20.0
1608420700.22	20000	2.964465	0.0	1315024	258	20.0
1608420700.43	20000	3.749258	0.0	698359	135	20.0
1608420700.65	20000	4.527547	0.0	730082	142	20.0
1608420701.59	20000	4.591459	0.0	4047415	840	20.0
1608420702.33	20000	4.856386	0.0	2863079	644	20.0
1608420703.37	20000	4.819709	0.0	4167844	937	20.0
1608420704.39	20000	4.800067	0.0	5571764	918	20.0
1608420705.52	20000	4.668711	0.0	4925652	1029	20.0
1608420706.03	20000	5.15358	0.0	2030157	431	20.0
1608420706.56	20000	5.632431	0.0	2240782	436	20.0
1608420707.06	20000	6.131687	0.0	2211169	417	20.0
1608420707.21	20000	6.984898	0.0	382046	69	20.0
1608420707.5	20000	7.696328	0.0	1113969	209	20.0
1608420707.73	20000	8.465348	0.0	820127	152	20.0
1608420709.11	20000	8.081885	0.0	6357933	1276	20.0
1608420711.34	20000	6.851678	0.0	4814284	2127	20.0
1608420712.25	20000	6.943586	0.0	3419258	813	20.0
1608420713.64	20000	6.556532	0.0	3944328	1294	20.0
1608420715.3	20000	5.895257	0.0	4284196	1563	20.0
1608420716.29	20000	5.905563	0.0	3022025	897	20.0
1608420717.1	20000	6.098207	0.0	2248581	717	20.0
1608420719.94	20000	4.259193	0.0	9946363	2700	20.0
1608420722.94	20000	2.258611	0.0	11684632	2859	20.0
1608420723.61	20000	2.593829	0.0	1849732	580	20.0
1608420724.48	20000	2.721125	0.0	1942795	786	20.0
1608420724.97	20000	3.232572	0.0	1704756	403	20.0
1608420725.48	20000	3.721637	0.0	1697111	420	20.0
1608420726.04	20000	4.170597	0.0	1529441	468	20.0
1608420726.59	20000	4.619969	0.0	1568649	467	20.0
