1608464382.88	4000	1.000999	0.016	60629	6	-0.512
1608464383.04	2000	1.861093	0.0	1072422	140	0.0
1608464383.2	2000	2.704204	0.0	1121405	146	2.0
1608464383.31	2000	3.605448	0.0	728514	94	2.0
1608464383.38	2000	4.53621	0.0	508013	65	2.0
1608464383.45	2000	5.474645	0.0	395538	50	2.0
1608464383.49	2000	6.43089	0.0	297276	32	2.0
1608464383.53	4000	7.393086	0.0	222226	21	2.0
1608464383.74	8000	8.182815	0.0	1838971	186	4.0
1608464383.9	8000	9.027285	0.0	1382199	139	8.0
1608464384.12	8000	9.801178	0.0	2052265	207	8.0
1608464384.61	12000	10.314156	0.0	4074608	447	8.0
1608464385.22	12000	10.706071	0.0	3844696	582	12.0
1608464385.48	12000	11.443922	0.0	1630440	245	12.0
1608464385.93	16000	11.996997	0.0	2240782	422	12.0
1608464386.37	16000	12.561411	0.0	2211169	417	16.0
1608464386.45	16000	13.481596	0.0	382046	68	16.0
1608464386.76	16000	14.175227	0.0	1113969	294	16.0
1608464387.0	16000	14.932199	0.0	820127	231	16.0
1608464389.25	16000	13.680384	0.0	6357933	2210	16.0
1608464392.84	16000	11.318933	0.0	4814284	3542	16.0
1608464394.38	16000	10.774759	0.0	3419258	1514	16.0
1608464399.6	12000	6.561363	0.0	3070467	5177	8.0
1608464400.05	4000	7.110959	0.0	1856343	427	-4.0
1608464400.52	8000	7.646321	0.0	1926191	444	4.0
1608464400.9	8000	8.263283	0.0	1427209	366	8.0
1608464402.88	8000	7.28188	0.0	6361262	1937	8.0
1608464404.18	8000	6.986835	0.0	7838407	1239	8.0
1608464404.29	4000	7.876196	0.0	764013	93	0.0
1608464404.46	8000	8.711522	0.0	1179779	145	4.0
1608464404.6	8000	9.563949	0.0	1078151	132	8.0
1608464405.09	8000	10.079666	0.0	1086181	469	8.0
1608464410.13	12000	6.042722	0.0	1276651	5003	8.0
1608464410.29	4000	6.879615	0.0	779865	145	-4.0
1608464410.46	4000	7.709437	0.0	838056	156	4.0
1608464410.67	8000	8.507344	0.0	977239	179	4.0
1608464410.93	8000	9.247986	0.0	1356524	244	8.0
1608464411.08	8000	10.091237	0.0	801103	142	8.0
1608464411.25	12000	10.921049	0.0	864635	154	8.0
1608464411.52	12000	11.65935	0.0	1366872	245	12.0
1608464412.0	16000	12.179354	0.0	2536859	455	12.0
1608464412.86	16000	12.322998	0.0	4742872	825	16.0
1608464413.66	16000	12.523119	0.0	4955535	765	16.0
1608464413.88	16000	13.303761	0.0	1260540	203	16.0
1608464414.49	16000	13.687911	0.0	3605246	588	16.0
1608464414.99	16000	14.196274	0.0	2770338	467	16.0
1608464415.33	16000	14.856762	0.0	1855168	320	16.0
1608464415.63	16000	15.550464	0.0	1666915	287	16.0
1608464415.95	20000	16.238885	0.0	1555467	295	16.0
1608464416.16	20000	17.030393	0.0	1008919	193	20.0
1608464416.41	20000	17.779429	0.0	1227619	235	20.0
1608464416.62	20000	18.569158	0.0	1015853	194	20.0
1608464416.7	20000	19.489094	0.0	384076	67	20.0
1608464416.77	20000	20.425547	0.0	295687	52	20.0
1608464417.03	20000	21.166308	0.0	1328674	244	20.0
1608464417.32	20000	21.873775	0.0	1492829	274	20.0
1608464417.61	20000	22.584693	0.0	1484812	273	20.0
1608464417.98	20000	23.210179	0.0	1868314	355	20.0
1608464418.24	20000	23.953535	0.0	1253406	240	20.0
1608464418.43	20000	24.77053	0.0	887933	169	20.0
1608464418.66	20000	25.534025	0.0	1153403	221	20.0
1608464418.95	20000	26.245552	0.0	1249023	273	20.0
1608464419.29	20000	26.91221	0.0	1423973	318	20.0
1608464419.55	20000	27.655719	0.0	1060162	234	20.0
1608464419.76	20000	28.439192	0.0	1080597	201	20.0
1608464419.95	20000	29.255341	0.0	1156442	167	20.0
1608464420.29	20000	29.911569	0.0	2222640	323	20.0
1608464420.69	20000	30.511258	0.0	2587311	377	20.0
1608464421.28	20000	30.927136	0.0	2178351	564	20.0
1608464422.09	20000	31.11759	0.0	3121089	784	20.0
1608464422.81	20000	31.400687	0.0	2857420	690	20.0
1608464423.22	20000	31.988725	0.0	1702477	391	20.0
1608464423.59	20000	32.619429	0.0	1531670	351	20.0
1608464424.42	20000	32.788126	0.0	1863424	812	20.0
1608464424.98	20000	33.233626	0.0	1987392	535	20.0
1608464425.44	20000	33.777928	0.0	2505586	433	20.0
1608464427.54	20000	32.672976	0.0	9620218	2026	20.0
1608464428.17	20000	33.040424	0.0	2561608	605	20.0
1608464429.05	20000	33.165865	0.0	3633991	844	20.0
1608464429.8	20000	33.419294	0.0	3324070	714	20.0
1608464430.33	20000	33.885336	0.0	1560020	515	20.0
1608464430.8	20000	34.41917	0.0	1429188	449	20.0
1608464431.2	20000	35.018878	0.0	1754144	382	20.0
1608464431.58	20000	35.640872	0.0	1626020	353	20.0
1608464431.93	20000	36.288176	0.0	1739228	334	20.0
1608464432.25	20000	36.972934	0.0	1722735	297	20.0
1608464432.53	20000	37.690308	0.0	1538145	265	20.0
1608464432.8	20000	38.420853	0.0	1473412	252	20.0
1608464433.09	20000	39.139134	0.0	1498968	263	20.0
1608464433.51	20000	39.719363	0.0	2247334	397	20.0
1608464434.07	20000	40.154513	0.0	3156442	538	20.0
1608464434.41	20000	40.820338	0.0	1895098	315	20.0
1608464434.75	20000	41.478125	0.0	1939135	321	20.0
1608464435.08	20000	42.155249	0.0	1842874	304	20.0
1608464435.47	20000	42.761745	0.0	2235830	371	20.0
1608464435.86	20000	43.376241	0.0	2202171	363	20.0
1608464436.25	20000	43.981958	0.0	2242042	372	20.0
1608464436.45	20000	44.787563	0.0	1081763	178	20.0
1608464436.88	20000	45.354154	0.0	2409013	402	20.0
1608464437.19	20000	46.044977	0.0	1615028	291	20.0
1608464437.46	20000	46.773848	0.0	1413467	253	20.0
1608464437.78	20000	47.462132	0.0	1632450	294	20.0
1608464438.84	20000	47.396607	0.0	5664827	1023	20.0
1608464439.75	20000	47.493833	0.0	4578115	867	20.0
1608464440.19	20000	48.049809	0.0	1783835	425	20.0
1608464440.49	20000	48.753815	0.0	1093613	279	20.0
1608464440.75	20000	49.494274	0.0	975642	242	20.0
1608464441.01	20000	50.23127	0.0	1658005	246	20.0
1608464441.44	20000	50.803764	0.0	3055257	403	20.0
1608464442.17	20000	51.079421	0.0	5355572	682	20.0
1608464442.59	20000	51.65296	0.0	3278424	401	20.0
1608464442.9	20000	52.350507	0.0	2318501	280	20.0
1608464443.22	20000	53.034971	0.0	2473561	293	20.0
1608464443.44	20000	53.812193	0.0	1730311	205	20.0
1608464443.63	20000	54.621999	0.0	1455812	171	20.0
1608464444.03	20000	55.224075	0.0	2869222	372	20.0
1608464444.53	20000	55.727188	0.0	3226650	471	20.0
1608464444.95	20000	56.306306	0.0	2705936	388	20.0
1608464445.4	20000	56.85726	0.0	2998622	423	20.0
1608464445.84	20000	57.420304	0.0	2928342	413	20.0
1608464446.21	20000	58.047163	0.0	3059979	348	20.0
1608464446.62	20000	58.635751	0.0	3367422	384	20.0
1608464446.87	20000	59.393395	0.0	1950694	222	20.0
1608464447.52	20000	59.871616	0.0	1541020	134	20.0
1608464448.8	20000	59.622615	0.0	2926720	256	20.0
1608464449.58	20000	59.873517	0.0	2991202	247	20.0
1608464450.86	20000	59.624587	0.0	3002106	242	20.0
1608464451.64	20000	59.625534	0.0	2015412	262	20.0
1608464452.58	20000	59.876431	0.0	2894863	406	20.0
1608464453.43	20000	59.877666	0.0	2185316	328	20.0
1608464454.33	20000	59.938973	0.0	3370605	872	20.0
1608464455.59	20000	59.682524	0.0	3492243	1228	20.0
1608464456.64	20000	59.630564	0.0	1307592	536	20.0
1608464457.83	20000	59.43724	0.0	1881404	1168	20.0
1608464458.53	20000	59.737613	0.0	1806471	682	20.0
1608464459.63	20000	59.842346	0.0	1945842	573	20.0
1608464460.46	20000	59.816641	0.0	2538877	805	20.0
1608464461.43	20000	59.848545	0.0	2298557	947	20.0
1608464462.81	20000	59.469859	0.0	2831497	1354	20.0
1608464464.76	20000	58.515236	0.0	3200905	1919	20.0
1608464466.15	20000	58.130699	0.0	2180586	1363	20.0
1608464466.99	20000	58.28856	0.0	1500505	824	20.0
1608464467.86	20000	58.42169	0.0	1939246	845	20.0
1608464468.32	20000	58.964389	0.0	1599193	437	20.0
1608464468.92	20000	59.364361	0.0	2364826	577	20.0
1608464469.54	20000	59.744975	0.0	2517454	596	20.0
1608464470.51	20000	59.894544	0.0	1883143	446	20.0
1608464471.58	20000	59.895529	0.0	1726706	554	20.0
1608464472.86	20000	59.646563	0.0	707364	261	20.0
1608464473.64	20000	59.650929	0.0	796460	759	20.0
1608464474.64	20000	59.648532	0.0	596962	493	20.0
1608464475.68	20000	59.649599	0.0	947625	518	20.0
1608464476.73	20000	59.650569	0.0	832859	527	20.0
1608464477.85	20000	59.651615	0.0	151562	111	20.0
1608464478.43	20000	59.902608	0.0	90390	60	20.0
1608464479.48	20000	59.903619	0.0	50278	37	20.0
1608464480.5	20000	59.904541	0.0	26471	4	20.0
1608464481.53	20000	59.905543	0.0	40620	16	20.0
1608464482.44	4000	1.000999	0.475	335737	463	-15.2
1608464483.8	2000	1.257081	0.333	1072422	1323	-10.656
1608464485.2	2000	1.301356	0.423	1121405	1383	-11.536
1608464486.07	2000	1.47599	0.043	728514	854	0.6240000000000001
1608464486.59	2000	1.960027	0.0	508013	503	2.0
1608464487.0	2000	2.547723	0.0	395538	401	2.0
1608464487.27	2000	3.2761	0.0	297276	262	2.0
1608464487.5	2000	4.047085	0.0	247728	218	2.0
1608464488.23	2000	4.320364	0.0	1172629	714	2.0
1608464488.41	2000	5.140135	0.0	740561	168	2.0
1608464488.63	2000	5.92169	0.0	905521	206	2.0
1608464489.12	4000	6.428702	0.0	2054811	468	2.0
1608464489.43	4000	7.126316	0.0	1928241	286	4.0
1608464489.63	8000	7.92096	0.0	1267052	187	4.0
1608464489.84	8000	8.712777	0.0	1316661	194	8.0
1608464490.04	8000	9.512609	0.0	1263534	186	8.0
1608464490.07	8000	10.483452	0.0	150125	20	8.0
1608464490.18	12000	11.379529	0.0	793783	91	8.0
1608464490.28	16000	12.275799	0.0	820127	87	12.0
1608464491.02	16000	12.539274	0.0	6357933	688	16.0
1608464491.54	16000	13.0246	0.0	4814284	484	16.0
1608464491.9	16000	13.661261	0.0	3419258	339	16.0
1608464492.29	16000	14.269994	0.0	3944328	365	16.0
1608464492.69	16000	14.879171	0.0	4284196	364	16.0
1608464492.97	16000	15.598265	0.0	3022025	259	16.0
1608464493.17	20000	16.394804	0.0	2248581	185	16.0
1608464493.97	20000	16.592942	0.0	9946363	735	20.0
1608464494.95	20000	16.845986	0.0	11684632	910	20.0
1608464495.12	20000	17.681543	0.0	1849732	144	20.0
1608464495.33	20000	18.476182	0.0	1942795	185	20.0
1608464495.51	20000	19.293091	0.0	1704756	164	20.0
1608464495.69	20000	20.110869	0.0	1697111	163	20.0
1608464495.86	20000	20.946945	0.0	1529441	147	20.0
1608464496.03	20000	21.777422	0.0	1568649	151	20.0
1608464496.21	20000	22.597943	0.0	1677618	161	20.0
