1608428757.61	4000	1.000999	0.027	60629	16	-0.8639999999999999
1608428758.05	2000	1.632207	0.0	1072422	390	0.0
1608428758.53	2000	2.169861	0.0	1121405	461	2.0
1608428758.91	2000	2.786272	0.0	728514	371	2.0
1608428759.18	2000	3.518415	0.0	508013	255	2.0
1608428759.39	2000	4.310391	0.0	395538	197	2.0
1608428759.48	2000	5.218061	0.0	297276	81	2.0
1608428759.56	2000	6.138245	0.0	247728	69	2.0
1608428759.95	4000	6.755615	0.0	1213073	363	2.0
1608428760.24	4000	7.466794	0.0	927735	276	4.0
1608428760.73	8000	7.973395	0.0	2052265	468	4.0
1608428761.37	8000	8.333095	0.0	3005823	617	8.0
1608428761.78	8000	8.931358	0.0	2879726	382	8.0
1608428761.96	8000	9.754316	0.0	1267052	162	8.0
1608428762.2	12000	10.513517	0.0	1712120	220	8.0
1608428762.43	12000	11.28315	0.0	1662097	213	12.0
1608428762.47	16000	12.237923	0.0	382046	29	12.0
1608428762.58	16000	13.137102	0.0	1113969	88	16.0
1608428762.65	16000	14.061554	0.0	820127	65	16.0
1608428763.22	16000	14.499057	0.0	6357933	513	16.0
1608428763.68	16000	15.036826	0.0	4814284	423	16.0
1608428764.03	20000	15.68292	0.0	3419258	326	16.0
1608428764.44	20000	16.27626	0.0	3944328	380	20.0
1608428765.14	20000	16.575872	0.0	4284196	673	20.0
1608428765.61	20000	17.108095	0.0	3022025	443	20.0
1608428765.94	20000	18.007407	0.0	2248581	296	20.0
1608428767.28	20000	17.67041	0.0	9946363	1262	20.0
1608428769.12	20000	16.830998	0.0	11684632	1769	20.0
1608428769.41	20000	17.542501	0.0	1849732	262	20.0
1608428769.62	20000	18.327339	0.0	1942795	195	20.0
1608428769.8	20000	19.151841	0.0	1704756	157	20.0
1608428769.97	20000	19.977654	0.0	1697111	156	20.0
1608428770.13	20000	20.81994	0.0	1529441	140	20.0
1608428770.3	20000	21.657648	0.0	1568649	144	20.0
1608428770.47	20000	22.484865	0.0	1677618	154	20.0
1608428770.61	20000	23.341897	0.0	1415096	127	20.0
1608428770.8	20000	24.153426	0.0	1894067	169	20.0
1608428770.93	20000	25.031551	0.0	1186604	106	20.0
1608428771.04	20000	25.922043	0.0	1068386	96	20.0
1608428771.21	20000	26.751805	0.0	1700843	152	20.0
1608428771.46	20000	27.502718	0.0	2536859	228	20.0
1608428772.04	20000	27.927152	0.0	4742872	541	20.0
1608428772.66	20000	28.30328	0.0	4955535	585	20.0
1608428772.85	20000	29.118148	0.0	1260540	170	20.0
1608428773.36	20000	29.603417	0.0	3605246	488	20.0
1608428773.8	20000	30.162199	0.0	2770338	418	20.0
1608428774.12	20000	30.847397	0.0	1855168	296	20.0
1608428774.4	20000	31.564398	0.0	1666915	265	20.0
1608428774.65	20000	32.320762	0.0	1555467	227	20.0
1608428774.81	20000	33.164691	0.0	1008919	141	20.0
1608428774.99	20000	33.977534	0.0	1227619	171	20.0
1608428775.15	20000	34.821523	0.0	1015853	142	20.0
1608428775.22	20000	35.75032	0.0	384076	52	20.0
1608428775.27	20000	36.69973	0.0	295687	39	20.0
1608428775.48	20000	37.498463	0.0	1328674	186	20.0
1608428775.67	20000	38.306355	0.0	1492829	175	20.0
1608428775.86	20000	39.114844	0.0	1484812	173	20.0
1608428776.1	20000	39.87567	0.0	1868314	219	20.0
1608428776.27	20000	40.712599	0.0	1253406	147	20.0
1608428776.4	20000	41.582234	0.0	887933	102	20.0
1608428776.55	20000	42.430247	0.0	1153403	136	20.0
1608428776.73	20000	43.256421	0.0	1249023	157	20.0
1608428776.92	20000	44.060449	0.0	1423973	179	20.0
1608428777.07	20000	44.91212	0.0	1060162	133	20.0
1608428777.22	20000	45.761487	0.0	1080597	136	20.0
1608428777.39	20000	46.601309	0.0	1156442	145	20.0
1608428777.76	20000	47.229117	0.0	2222640	351	20.0
1608428778.26	20000	47.73337	0.0	2587311	472	20.0
1608428778.74	20000	48.251247	0.0	2178351	462	20.0
1608428779.65	20000	48.341367	0.0	3121089	884	20.0
1608428781.24	20000	47.752826	0.0	2857420	1563	20.0
1608428781.79	20000	48.207265	0.0	1702477	525	20.0
1608428782.07	20000	48.925715	0.0	1531670	264	20.0
1608428782.41	20000	49.585032	0.0	1863424	320	20.0
1608428782.71	20000	50.281252	0.0	1987392	276	20.0
1608428783.05	20000	50.948895	0.0	2505586	308	20.0
1608428785.43	20000	49.569251	0.0	9620218	2320	20.0
1608428786.03	20000	49.965578	0.0	2561608	577	20.0
1608428786.78	20000	50.216818	0.0	3633991	719	20.0
1608428787.4	20000	50.60098	0.0	3324070	588	20.0
1608428787.67	20000	51.332152	0.0	1560020	251	20.0
1608428787.9	20000	52.108103	0.0	1429188	200	20.0
1608428788.16	20000	52.841582	0.0	1754144	246	20.0
1608428788.41	20000	53.59499	0.0	1626020	228	20.0
1608428788.68	20000	54.329533	0.0	1739228	246	20.0
1608428788.95	20000	55.057825	0.0	1722735	254	20.0
1608428789.19	20000	55.813854	0.0	1538145	227	20.0
1608428789.43	20000	56.58018	0.0	1473412	218	20.0
1608428789.66	20000	57.344837	0.0	1498968	219	20.0
1608428790.02	20000	57.991954	0.0	2247334	332	20.0
1608428790.51	20000	58.496812	0.0	3156442	469	20.0
1608428790.83	20000	59.185686	0.0	1895098	291	20.0
1608428791.15	20000	59.862878	0.0	1939135	303	20.0
1608428792.47	20000	59.579423	0.0	1842874	288	20.0
1608428793.4	20000	59.769106	0.0	2235830	408	20.0
1608428794.37	20000	59.83143	0.0	2202171	449	20.0
1608428795.38	20000	59.832436	0.0	2242042	485	20.0
1608428796.63	20000	59.583419	0.0	1081763	231	20.0
1608428797.24	20000	59.775962	0.0	2409013	588	20.0
1608428798.65	20000	59.585411	0.0	1615028	388	20.0
1608428799.17	20000	59.854425	0.0	1413467	496	20.0
1608428800.41	20000	59.77616	0.0	1632450	724	20.0
1608428803.13	20000	57.89248	0.0	5664827	2679	20.0
1608428805.46	20000	56.565651	0.0	4578115	2290	20.0
1608428806.1	20000	56.926983	0.0	1783835	619	20.0
1608428806.44	20000	57.584069	0.0	1093613	327	20.0
1608428806.73	20000	58.300312	0.0	975642	270	20.0
1608428807.06	20000	58.966443	0.0	1658005	315	20.0
1608428807.67	20000	59.356595	0.0	3055257	584	20.0
1608428808.68	20000	59.349245	0.0	5355572	969	20.0
1608428809.43	20000	59.602089	0.0	3278424	720	20.0
1608428810.07	20000	59.957904	0.0	2318501	623	20.0
1608428811.4	20000	59.848423	0.0	2473561	806	20.0
1608428812.49	20000	59.599401	0.0	1730311	564	20.0
1608428813.08	20000	59.952335	0.0	1455812	576	20.0
1608428814.41	20000	59.631015	0.0	2869222	1298	20.0
1608428815.36	20000	59.681705	0.0	3226650	924	20.0
1608428816.48	20000	59.60341	0.0	2705936	595	20.0
1608428817.52	20000	59.604409	0.0	2998622	518	20.0
1608428818.47	20000	59.605413	0.0	2928342	418	20.0
1608428819.37	20000	59.856414	0.0	3059979	371	20.0
1608428820.25	20000	59.857409	0.0	3367422	350	20.0
1608428821.46	20000	59.608418	0.0	1950694	195	20.0
1608428822.62	20000	59.609405	0.0	1541020	139	20.0
1608428823.45	20000	59.61041	0.0	2926720	307	20.0
1608428824.39	20000	59.86142	0.0	2991202	413	20.0
1608428825.4	20000	59.645673	0.0	3002106	981	20.0
1608428826.18	20000	59.868104	0.0	2015412	749	20.0
1608428827.08	20000	59.965448	0.0	2894863	879	20.0
1608428828.68	20000	59.615405	0.0	2185316	575	20.0
1608428829.61	20000	59.446096	0.0	3370605	891	20.0
1608428830.47	20000	59.578629	0.0	3492243	840	20.0
1608428831.3	20000	59.868414	0.0	1307592	303	20.0
1608428832.24	20000	59.869418	0.0	1881404	421	20.0
1608428833.21	20000	59.870408	0.0	1806471	454	20.0
1608428834.41	20000	59.860143	0.0	1945842	677	20.0
1608428835.21	20000	59.843085	0.0	2538877	774	20.0
1608428836.39	20000	59.873421	0.0	2298557	654	20.0
1608428837.32	20000	59.736415	0.0	2831497	903	20.0
1608428838.2	20000	59.858372	0.0	3200905	850	20.0
1608428839.23	20000	59.87642	0.0	2180586	503	20.0
1608428840.58	20000	59.627408	0.0	1500505	335	20.0
1608428841.54	20000	59.628401	0.0	1939246	435	20.0
1608428842.43	20000	59.81816	0.0	1599193	363	20.0
1608428843.47	20000	59.630306	0.0	2364826	518	20.0
1608428844.53	20000	59.631412	0.0	2517454	536	20.0
1608428845.51	20000	59.632394	0.0	1883143	454	20.0
1608428846.51	20000	59.633377	0.0	1726706	488	20.0
1608428847.21	20000	59.884416	0.0	707364	180	20.0
1608428848.41	20000	59.885412	0.0	796460	178	20.0
1608428849.6	20000	59.636393	0.0	596962	183	20.0
1608428850.45	20000	59.637401	0.0	947625	324	20.0
1608428851.21	20000	59.888417	0.0	832859	243	20.0
1608428852.26	20000	59.889373	0.0	151562	41	20.0
1608428853.31	20000	59.89042	0.0	90390	31	20.0
1608428854.34	20000	59.891347	0.0	50278	13	20.0
1608428855.36	20000	59.892415	0.0	26471	4	20.0
1608428856.38	20000	59.893361	0.0	40620	10	20.0
1608428856.78	4000	1.000999	0.097	335737	86	-3.104
1608428857.08	2000	1.990798	0.0	1072422	267	0.0
1608428857.34	2000	2.72942	0.0	1121405	243	2.0
1608428857.51	2000	3.558163	0.0	728514	156	2.0
1608428857.64	2000	4.436258	0.0	508013	107	2.0
1608428857.73	2000	5.339642	0.0	395538	83	2.0
1608428857.81	2000	6.26505	0.0	297276	61	2.0
1608428857.87	4000	7.202784	0.0	222226	45	2.0
1608428858.25	8000	7.841406	0.0	1838971	357	4.0
1608428858.53	8000	8.570203	0.0	1382199	256	8.0
1608428858.93	8000	9.167602	0.0	2052265	382	8.0
1608428859.5	8000	9.599488	0.0	3005823	543	8.0
1608428860.04	8000	10.060172	0.0	2879726	517	8.0
1608428860.36	12000	10.74499	0.0	1630440	296	8.0
1608428860.69	12000	11.41666	0.0	1712120	311	12.0
1608428861.11	16000	11.998349	0.0	2211169	395	12.0
1608428861.18	16000	12.925905	0.0	382046	61	16.0
1608428861.38	16000	13.727345	0.0	1113969	185	16.0
1608428861.53	16000	14.579966	0.0	820127	135	16.0
1608428862.7	16000	14.406038	0.0	6357933	1125	16.0
1608428863.85	16000	14.258195	0.0	4814284	1117	16.0
1608428864.93	16000	14.40455	0.0	3419258	1047	16.0
1608428866.03	16000	14.301392	0.0	3944328	1073	16.0
1608428867.32	16000	14.009984	0.0	4284196	1255	16.0
1608428868.34	16000	13.99024	0.0	3022025	996	16.0
1608428868.94	16000	14.394974	0.0	2248581	573	16.0
1608428871.48	16000	12.855397	0.0	9946363	2465	16.0
1608428874.07	16000	11.266496	0.0	11684632	2517	16.0
1608428874.4	16000	11.940406	0.0	1849732	307	16.0
1608428874.74	16000	12.597643	0.0	1942795	322	16.0
1608428875.04	16000	13.296181	0.0	1704756	281	16.0
1608428875.34	16000	14.004582	0.0	1697111	273	16.0
1608428875.6	16000	14.74124	0.0	1529441	245	16.0
1608428875.87	16000	15.471836	0.0	1568649	251	16.0
1608428876.16	20000	16.184421	0.0	1677618	268	16.0
