1608456782.73	4000	1.000999	0.036	60629	1	-1.1520000000000001
1608456784.58	16000	1.380835	1.173	11007815	1750	-33.536
1608456786.34	16000	1.362201	0.498	8849724	1716	0.06400000000000006
1608456787.01	16000	1.723145	0.0	3191121	631	16.0
1608456787.34	16000	2.391316	0.0	1661718	313	16.0
1608456787.59	16000	3.141771	0.0	1315024	232	16.0
1608456787.72	16000	4.014557	0.0	698359	110	16.0
1608456787.85	16000	4.88393	0.0	730082	117	16.0
1608456788.54	16000	5.192446	0.0	4047415	659	16.0
1608456789.13	16000	5.60227	0.0	2863079	566	16.0
1608456790.08	16000	5.659542	0.0	4167844	913	16.0
1608456791.16	16000	5.577916	0.0	5571764	1033	16.0
1608456792.11	16000	5.627017	0.0	4925652	915	16.0
1608456792.55	16000	6.186213	0.0	2030157	420	16.0
1608456793.66	16000	6.079375	0.0	2240782	1086	16.0
1608456794.18	16000	6.560252	0.0	2211169	496	16.0
1608456794.28	16000	7.464016	0.0	382046	82	16.0
1608456794.54	16000	8.199271	0.0	1113969	248	16.0
1608456794.8	16000	8.941243	0.0	820127	244	16.0
1608456813.54	16000	1.28428	10.081	6357933	18692	-306.592
1608456815.89	16000	1.366031	1.431	4814284	2316	-29.792
1608456816.5	16000	1.757179	0.0	3419258	581	16.0
1608456817.21	16000	2.049684	0.0	3944328	678	16.0
1608456818.07	16000	2.193213	0.0	4284196	823	16.0
1608456818.78	16000	2.48624	0.0	3022025	681	16.0
1608456819.3	16000	2.959161	0.0	2248581	504	16.0
1608456821.75	16000	1.517091	0.0	9946363	2372	16.0
1608456825.36	16000	1.304189	2.396	11684632	3547	-60.672
1608456825.69	16000	1.969982	0.0	1849732	312	16.0
1608456826.06	16000	2.601632	0.0	1942795	347	16.0
1608456826.39	16000	3.274694	0.0	1704756	307	16.0
1608456826.71	16000	3.950973	0.0	1697111	305	16.0
1608456827.24	16000	4.424474	0.0	1529441	508	16.0
1608456827.79	16000	4.876442	0.0	1568649	530	16.0
1608456828.33	16000	5.342993	0.0	1677618	514	16.0
1608456828.78	16000	5.888496	0.0	1415096	437	16.0
1608456829.98	16000	5.689571	0.0	1894067	1179	16.0
1608456830.69	16000	5.976114	0.0	1186604	698	16.0
1608456831.04	12000	6.63276	0.0	864635	323	8.0
1608456831.55	12000	7.119415	0.0	1366872	489	12.0
1608456832.26	12000	7.417228	0.0	2025194	683	12.0
1608456833.0	12000	7.677351	0.0	2595110	717	12.0
1608456833.0	16000	7.668979	0.0	2595110	717	12.0
1608456834.01	16000	7.668573	0.0	4955535	967	16.0
1608456834.26	16000	8.420236	0.0	1260540	231	16.0
1608456834.98	16000	8.702362	0.0	3605246	689	16.0
1608456835.6	16000	9.074513	0.0	2770338	605	16.0
1608456836.02	16000	9.660233	0.0	1855168	396	16.0
1608456836.39	16000	10.289188	0.0	1666915	353	16.0
1608456836.74	16000	10.942045	0.0	1555467	329	16.0
1608456836.92	16000	11.760722	0.0	1008919	166	16.0
1608456837.14	16000	12.555382	0.0	1227619	187	16.0
1608456837.31	16000	13.378366	0.0	1015853	154	16.0
1608456837.38	16000	14.309837	0.0	384076	56	16.0
1608456837.43	16000	15.255334	0.0	295687	43	16.0
1608456837.65	16000	16.034873	0.0	1328674	202	16.0
1608456837.88	16000	16.810821	0.0	1492829	206	16.0
1608456838.06	16000	17.625877	0.0	1484812	169	16.0
1608456838.3	16000	18.395354	0.0	1868314	212	16.0
1608456838.46	16000	19.236093	0.0	1253406	142	16.0
1608456838.57	16000	20.121611	0.0	887933	100	16.0
1608456838.72	16000	20.975713	0.0	1153403	130	16.0
1608456838.88	16000	21.815375	0.0	1249023	145	16.0
1608456839.07	16000	22.62177	0.0	1423973	176	16.0
1608456839.22	16000	23.474878	0.0	1060162	130	16.0
1608456839.37	16000	24.326085	0.0	1080597	133	16.0
1608456839.53	16000	25.168139	0.0	1156442	142	16.0
1608456839.83	16000	25.871276	0.0	2222640	275	16.0
1608456840.3	16000	26.398873	0.0	2587311	447	16.0
1608456840.7	16000	27.001019	0.0	2178351	377	16.0
1608456841.91	16000	26.790925	0.0	3121089	1182	16.0
1608456842.64	16000	27.067208	0.0	2857420	698	16.0
1608456843.02	16000	27.686757	0.0	1702477	362	16.0
1608456843.33	16000	28.380656	0.0	1531670	288	16.0
1608456843.7	16000	29.010769	0.0	1863424	351	16.0
1608456844.01	16000	29.69743	0.0	1987392	292	16.0
1608456844.34	16000	30.365386	0.0	2505586	311	16.0
1608456845.35	16000	30.35964	0.0	9620218	950	16.0
1608456845.58	16000	31.132352	0.0	2561608	205	16.0
1608456845.9	16000	31.809802	0.0	3633991	293	16.0
1608456846.23	16000	32.481047	0.0	3324070	304	16.0
1608456846.39	16000	33.322545	0.0	1560020	141	16.0
1608456846.54	16000	34.17662	0.0	1429188	129	16.0
1608456846.72	16000	34.999266	0.0	1754144	159	16.0
1608456846.89	16000	35.831364	0.0	1626020	150	16.0
1608456847.13	16000	36.58839	0.0	1739228	225	16.0
1608456847.37	16000	37.343845	0.0	1722735	223	16.0
1608456847.59	16000	38.127546	0.0	1538145	198	16.0
1608456847.8	16000	38.920556	0.0	1473412	190	16.0
1608456848.04	16000	39.684562	0.0	1498968	219	16.0
1608456848.41	16000	40.312508	0.0	2247334	353	16.0
1608456849.0	16000	40.723485	0.0	3156442	563	16.0
1608456849.9	16000	40.830394	0.0	1895098	873	16.0
1608456850.33	16000	41.396654	0.0	1939135	412	16.0
1608456850.74	16000	41.984033	0.0	1842874	392	16.0
1608456851.16	16000	42.563693	0.0	2235830	398	16.0
1608456851.56	16000	43.169957	0.0	2202171	365	16.0
1608456851.97	16000	43.764751	0.0	2242042	383	16.0
1608456852.22	16000	44.513892	0.0	1081763	234	16.0
1608456852.77	16000	44.964479	0.0	2409013	527	16.0
1608456853.12	16000	45.61377	0.0	1615028	332	16.0
1608456853.42	16000	46.311495	0.0	1413467	285	16.0
1608456853.77	16000	46.962189	0.0	1632450	330	16.0
1608456854.73	16000	47.002459	0.0	5664827	918	16.0
1608456855.52	16000	47.218873	0.0	4578115	751	16.0
1608456855.83	16000	47.903713	0.0	1783835	295	16.0
1608456856.02	16000	48.72221	0.0	1093613	166	16.0
1608456856.18	16000	49.560814	0.0	975642	140	16.0
1608456856.44	16000	50.301609	0.0	1658005	241	16.0
1608456856.91	16000	50.831103	0.0	3055257	446	16.0
1608456857.86	16000	50.883928	0.0	5355572	908	16.0
1608456858.81	16000	50.935525	0.0	3278424	922	16.0
1608456859.29	16000	51.458852	0.0	2318501	455	16.0
1608456859.75	16000	51.999901	0.0	2473561	437	16.0
1608456860.1	16000	52.643976	0.0	1730311	337	16.0
1608456860.46	16000	53.291704	0.0	1455812	334	16.0
1608456861.15	16000	53.604123	0.0	2869222	664	16.0
1608456861.95	16000	53.802521	0.0	3226650	767	16.0
1608456862.55	16000	54.200281	0.0	2705936	577	16.0
1608456863.2	16000	54.546977	0.0	2998622	629	16.0
1608456863.84	16000	54.914941	0.0	2928342	609	16.0
1608456864.67	16000	55.085479	0.0	3059979	802	16.0
1608456865.41	16000	55.347947	0.0	3367422	710	16.0
1608456865.78	16000	55.975354	0.0	1950694	351	16.0
1608456866.09	16000	56.670552	0.0	1541020	286	16.0
1608456866.72	16000	57.04013	0.0	2926720	608	16.0
1608456867.43	16000	57.333161	0.0	2991202	682	16.0
1608456868.17	16000	57.593974	0.0	3002106	712	16.0
1608456868.63	16000	58.133676	0.0	2015412	440	16.0
1608456869.22	16000	58.541913	0.0	2894863	565	16.0
1608456869.61	16000	59.157706	0.0	2185316	362	16.0
1608456870.19	16000	59.57208	0.0	3370605	558	16.0
1608456870.8	16000	59.962765	0.0	3492243	582	16.0
1608456872.03	16000	59.805909	0.0	1307592	213	16.0
1608456873.38	16000	59.55696	0.0	1881404	325	16.0
1608456874.22	16000	59.557959	0.0	1806471	318	16.0
1608456875.06	16000	59.808913	0.0	1945842	322	16.0
1608456876.02	16000	59.809859	0.0	2538877	430	16.0
1608456876.94	16000	59.99583	0.0	2298557	395	16.0
1608456877.96	16000	59.811871	0.0	2831497	497	16.0
1608456879.04	16000	59.812985	0.0	3200905	546	16.0
1608456880.42	16000	59.563861	0.0	2180586	360	16.0
1608456881.28	16000	59.564862	0.0	1500505	335	16.0
1608456882.07	16000	59.815859	0.0	1939246	268	16.0
1608456883.37	16000	59.566977	0.0	1599193	283	16.0
1608456884.2	16000	59.572905	0.0	2364826	814	16.0
1608456885.19	16000	59.818875	0.0	2517454	465	16.0
1608456886.09	16000	59.81995	0.0	1883143	372	16.0
1608456887.03	16000	59.820863	0.0	1726706	416	16.0
1608456888.21	16000	59.82195	0.0	707364	159	16.0
1608456888.96	16000	59.822861	0.0	796460	232	16.0
1608456890.15	16000	59.82395	0.0	596962	169	16.0
1608456891.44	16000	59.574871	0.0	947625	277	16.0
1608456892.29	16000	59.575878	0.0	832859	324	16.0
1608456893.34	16000	59.576862	0.0	151562	42	16.0
1608456894.38	16000	59.577899	0.0	90390	22	16.0
1608456895.4	16000	59.578871	0.0	50278	13	16.0
1608456896.42	16000	59.57988	0.0	26471	3	16.0
1608456896.97	4000	1.000999	0.215	335737	204	-6.88
1608456908.31	8000	19.015067	2.009	5615227	1037	-60.288
1608456908.7	16000	19.621775	0.0	1849732	365	8.0
1608456909.11	16000	20.218517	0.0	1942795	383	16.0
1608456909.47	16000	20.866459	0.0	1704756	333	16.0
1608456909.82	16000	21.504604	0.0	1697111	334	16.0
1608456910.14	16000	22.184817	0.0	1529441	301	16.0
1608456910.61	16000	22.719544	0.0	1568649	446	16.0
1608456911.18	16000	23.146532	0.0	1677618	555	16.0
1608456912.42	16000	22.904775	0.0	1415096	1226	16.0
1608456912.94	16000	23.393838	0.0	1894067	491	16.0
1608456913.26	16000	24.071622	0.0	1186604	305	16.0
1608456913.57	16000	24.757877	0.0	1068386	298	16.0
1608456914.08	16000	25.254973	0.0	1700843	485	16.0
1608456914.56	16000	25.770943	0.0	2536859	462	16.0
1608456915.29	16000	26.041502	0.0	4742872	693	16.0
1608456916.45	16000	25.89626	0.0	4955535	1107	16.0
1608456916.73	16000	26.604527	0.0	1260540	265	16.0
1608456917.53	16000	26.809835	0.0	3605246	766	16.0
1608456918.14	16000	27.195186	0.0	2770338	591	16.0
1608456918.56	16000	27.783713	0.0	1855168	392	16.0
1608456918.93	16000	28.415907	0.0	1666915	349	16.0
1608456919.27	16000	29.076481	0.0	1555467	322	16.0
1608456919.49	16000	29.853036	0.0	1008919	209	16.0
1608456919.77	16000	30.577314	0.0	1227619	259	16.0
1608456920.0	16000	31.347282	0.0	1015853	214	16.0
1608456920.09	16000	32.257073	0.0	384076	79	16.0
1608456920.16	16000	33.185083	0.0	295687	59	16.0
1608456920.45	16000	33.896477	0.0	1328674	271	16.0
1608456920.77	16000	34.578475	0.0	1492829	301	16.0
1608456921.09	16000	35.261278	0.0	1484812	300	16.0
1608456921.52	16000	35.834028	0.0	1868314	406	16.0
