1608467035.45	4000	1.000999	0.036	60629	21	-1.1520000000000001
1608467036.01	2000	1.52886	0.0	1072422	518	0.0
1608467036.43	2000	2.112563	0.0	1121405	399	2.0
1608467036.69	2000	2.857127	0.0	728514	242	2.0
1608467036.87	2000	3.678514	0.0	508013	167	2.0
1608467037.01	2000	4.539166	0.0	395538	129	2.0
1608467037.11	2000	5.433251	0.0	297276	95	2.0
1608467037.18	2000	6.366277	0.0	247728	57	2.0
1608467037.5	4000	7.048529	0.0	1213073	298	2.0
1608467037.86	8000	7.687123	0.0	1382199	341	4.0
1608467038.34	8000	8.208565	0.0	2052265	458	8.0
1608467038.98	8000	8.574907	0.0	3005823	610	8.0
1608467039.56	8000	8.998104	0.0	2879726	555	8.0
1608467039.81	8000	9.743399	0.0	1267052	240	8.0
1608467040.15	12000	10.400637	0.0	1712120	322	8.0
1608467040.43	12000	11.127578	0.0	1662097	257	12.0
1608467040.5	16000	12.055566	0.0	382046	57	12.0
1608467040.69	16000	12.871924	0.0	1113969	171	16.0
1608467040.82	16000	13.734608	0.0	820127	125	16.0
1608467042.01	16000	13.548912	0.0	6357933	1135	16.0
1608467043.36	16000	13.202443	0.0	4814284	1314	16.0
1608467044.17	16000	13.626037	0.0	3419258	779	16.0
1608467045.04	16000	13.751779	0.0	3944328	841	16.0
1608467046.26	16000	13.536805	0.0	4284196	1182	16.0
1608467047.18	16000	13.613686	0.0	3022025	897	16.0
1608467047.7	16000	14.10167	0.0	2248581	491	16.0
1608467049.82	16000	12.977104	0.0	9946363	2040	16.0
1608467055.5	16000	8.297384	0.0	11684632	5601	16.0
1608467055.76	8000	9.044994	0.0	1127469	231	0.0
1608467056.02	8000	9.785083	0.0	1179779	243	8.0
1608467056.29	12000	10.514684	0.0	1396705	251	8.0
1608467056.46	12000	11.341893	0.0	1392963	156	12.0
1608467056.65	16000	12.151338	0.0	1529441	171	12.0
1608467056.85	16000	12.956874	0.0	1568649	176	16.0
1608467057.06	16000	13.750742	0.0	1677618	188	16.0
1608467057.23	16000	14.575281	0.0	1415096	158	16.0
1608467057.53	16000	15.277452	0.0	1894067	271	16.0
1608467057.72	20000	16.089199	0.0	1186604	170	16.0
1608467057.89	20000	16.92102	0.0	1068386	152	20.0
1608467058.15	20000	17.657306	0.0	1700843	245	20.0
1608467058.73	20000	18.083558	0.0	2536859	550	20.0
1608467059.98	20000	17.833473	0.0	4742872	1212	20.0
1608467061.03	20000	17.780155	0.0	4955535	1017	20.0
1608467061.29	20000	18.528966	0.0	1260540	232	20.0
1608467061.94	20000	18.872884	0.0	3605246	626	20.0
1608467062.46	20000	19.367628	0.0	2770338	481	20.0
1608467062.8	20000	20.014018	0.0	1855168	326	20.0
1608467063.12	20000	20.701107	0.0	1666915	293	20.0
1608467063.42	20000	21.397485	0.0	1555467	285	20.0
1608467063.64	20000	22.184042	0.0	1008919	198	20.0
1608467063.9	20000	22.925462	0.0	1227619	241	20.0
1608467064.11	20000	23.710216	0.0	1015853	199	20.0
1608467064.2	20000	24.625229	0.0	384076	73	20.0
1608467064.27	20000	25.557998	0.0	295687	56	20.0
1608467064.58	20000	26.24466	0.0	1328674	296	20.0
1608467064.94	20000	26.888098	0.0	1492829	338	20.0
1608467065.29	20000	27.533607	0.0	1484812	336	20.0
1608467065.92	20000	27.907967	0.0	1868314	607	20.0
1608467066.36	20000	28.475273	0.0	1253406	415	20.0
1608467066.8	20000	29.031428	0.0	887933	427	20.0
1608467067.34	20000	29.488664	0.0	1153403	525	20.0
1608467067.68	20000	30.155474	0.0	1249023	317	20.0
1608467068.06	20000	30.776902	0.0	1423973	362	20.0
1608467068.33	20000	31.504132	0.0	1060162	257	20.0
1608467068.52	20000	32.318096	0.0	1080597	170	20.0
1608467068.72	20000	33.119406	0.0	1156442	183	20.0
1608467069.09	20000	33.743707	0.0	2222640	354	20.0
1608467069.52	20000	34.315509	0.0	2587311	404	20.0
1608467069.88	20000	34.959733	0.0	2178351	335	20.0
1608467070.39	20000	35.45228	0.0	3121089	483	20.0
1608467070.9	20000	35.943647	0.0	2857420	484	20.0
1608467071.21	20000	36.637273	0.0	1702477	287	20.0
1608467071.49	20000	37.354724	0.0	1531670	266	20.0
1608467071.85	20000	37.998746	0.0	1863424	336	20.0
1608467072.23	20000	38.620278	0.0	1987392	358	20.0
1608467072.89	20000	38.955315	0.0	2505586	643	20.0
1608467075.19	20000	37.655581	0.0	9620218	2240	20.0
1608467075.86	20000	37.990344	0.0	2561608	642	20.0
1608467076.82	20000	38.029886	0.0	3633991	931	20.0
1608467077.55	20000	38.297507	0.0	3324070	703	20.0
1608467077.83	20000	39.02478	0.0	1560020	253	20.0
1608467078.08	20000	39.775484	0.0	1429188	231	20.0
1608467078.38	20000	40.470302	0.0	1754144	284	20.0
1608467078.67	20000	41.185388	0.0	1626020	267	20.0
1608467078.97	20000	41.881614	0.0	1739228	286	20.0
1608467079.28	20000	42.579524	0.0	1722735	282	20.0
1608467079.55	20000	43.306511	0.0	1538145	256	20.0
1608467079.82	20000	44.038926	0.0	1473412	251	20.0
1608467080.1	20000	44.759997	0.0	1498968	260	20.0
1608467080.52	20000	45.344159	0.0	2247334	390	20.0
1608467081.12	20000	45.738222	0.0	3156442	577	20.0
1608467081.49	20000	46.370078	0.0	1895098	347	20.0
1608467081.89	20000	46.977299	0.0	1939135	373	20.0
1608467082.26	20000	47.601474	0.0	1842874	355	20.0
1608467082.71	20000	48.154917	0.0	2235830	425	20.0
1608467083.15	20000	48.714457	0.0	2202171	420	20.0
1608467083.59	20000	49.278612	0.0	2242042	413	20.0
1608467083.8	20000	50.070591	0.0	1081763	192	20.0
1608467084.27	20000	50.606308	0.0	2409013	430	20.0
1608467084.56	20000	51.306773	0.0	1615028	277	20.0
1608467084.82	20000	52.051232	0.0	1413467	238	20.0
1608467085.12	20000	52.757958	0.0	1632450	276	20.0
1608467086.1	20000	52.77887	0.0	5664827	941	20.0
1608467086.95	20000	52.930251	0.0	4578115	817	20.0
1608467087.3	20000	53.575342	0.0	1783835	336	20.0
1608467087.6	20000	54.275785	0.0	1093613	283	20.0
1608467087.97	20000	54.903702	0.0	975642	355	20.0
1608467088.65	20000	55.233952	0.0	1658005	651	20.0
1608467089.94	20000	54.94527	0.0	3055257	1262	20.0
1608467091.08	20000	54.799678	0.0	5355572	1101	20.0
1608467091.58	20000	55.305764	0.0	3278424	468	20.0
1608467091.85	20000	56.029497	0.0	2318501	255	20.0
1608467092.15	20000	56.733208	0.0	2473561	272	20.0
1608467092.36	20000	57.523137	0.0	1730311	190	20.0
1608467092.54	20000	58.341717	0.0	1455812	164	20.0
1608467092.92	20000	58.969428	0.0	2869222	348	20.0
1608467093.34	20000	59.550978	0.0	3226650	392	20.0
1608467094.19	20000	59.8674	0.0	2705936	329	20.0
1608467095.09	20000	59.868477	0.0	2998622	361	20.0
1608467096.46	20000	59.619414	0.0	2928342	343	20.0
1608467097.34	20000	59.620504	0.0	3059979	351	20.0
1608467098.29	20000	59.621486	0.0	3367422	420	20.0
1608467099.07	20000	59.872429	0.0	1950694	262	20.0
1608467100.32	20000	59.623536	0.0	1541020	232	20.0
1608467101.18	20000	59.874475	0.0	2926720	327	20.0
1608467102.49	20000	59.62543	0.0	2991202	291	20.0
1608467103.28	20000	59.626469	0.0	3002106	264	20.0
1608467104.49	20000	59.627399	0.0	2015412	178	20.0
1608467105.36	20000	59.628507	0.0	2894863	350	20.0
1608467106.23	20000	59.84291	0.0	2185316	347	20.0
1608467107.12	20000	59.780691	0.0	3370605	855	20.0
1608467107.97	20000	59.933451	0.0	3492243	818	20.0
1608467109.25	20000	59.882461	0.0	1307592	257	20.0
1608467110.17	20000	59.883169	0.0	1881404	401	20.0
1608467111.27	20000	59.634412	0.0	1806471	581	20.0
1608467112.38	20000	59.635253	0.0	1945842	581	20.0
1608467113.12	20000	59.792519	0.0	2538877	714	20.0
1608467114.27	20000	59.800932	0.0	2298557	626	20.0
1608467115.18	20000	59.732116	0.0	2831497	883	20.0
1608467116.41	20000	59.503618	0.0	3200905	1202	20.0
1608467117.17	20000	59.744954	0.0	2180586	737	20.0
1608467118.17	20000	59.891496	0.0	1500505	483	20.0
1608467118.98	20000	59.932641	0.0	1939246	788	20.0
1608467120.02	20000	59.895653	0.0	1599193	1018	20.0
1608467122.23	20000	58.690032	0.0	2364826	2182	20.0
1608467123.48	20000	58.43747	0.0	2517454	1230	20.0
1608467124.25	20000	58.666296	0.0	1883143	751	20.0
1608467124.91	20000	59.007697	0.0	1726706	639	20.0
1608467125.17	20000	59.745802	0.0	707364	239	20.0
1608467126.46	20000	59.649423	0.0	796460	271	20.0
1608467127.19	20000	59.90046	0.0	596962	206	20.0
1608467128.5	20000	59.651496	0.0	947625	292	20.0
1608467129.25	20000	59.902504	0.0	832859	233	20.0
1608467130.3	20000	59.653248	0.0	151562	36	20.0
1608467131.33	20000	59.654385	0.0	90390	15	20.0
1608467132.35	20000	59.655412	0.0	50278	7	20.0
1608467133.36	20000	59.656361	0.0	26471	2	20.0
1608467134.39	20000	59.657413	0.0	40620	10	20.0
1608467134.8	4000	1.000999	0.107	335737	93	-3.424
1608467135.15	2000	1.924291	0.0	1072422	327	0.0
1608467135.51	2000	2.566116	0.0	1121405	341	2.0
1608467135.74	2000	3.339614	0.0	728514	212	2.0
1608467135.89	2000	4.193752	0.0	508013	134	2.0
1608467136.01	2000	5.07435	0.0	395538	104	2.0
1608467136.09	2000	5.999889	0.0	297276	76	2.0
1608467136.17	4000	6.929016	0.0	222226	55	2.0
1608467136.51	4000	7.588568	0.0	1213073	328	4.0
1608467136.89	8000	8.209699	0.0	1382199	360	4.0
1608467137.43	8000	8.666016	0.0	2052265	523	8.0
1608467138.24	8000	8.862095	0.0	3005823	780	8.0
1608467139.03	8000	9.071089	0.0	2879726	769	8.0
1608467139.39	8000	9.708889	0.0	1267052	348	8.0
1608467139.9	12000	10.206436	0.0	1712120	484	8.0
1608467140.43	12000	10.672034	0.0	1662097	519	12.0
1608467140.51	12000	11.591056	0.0	243072	70	12.0
1608467140.9	16000	12.207286	0.0	1113969	366	12.0
1608467141.22	16000	12.890351	0.0	820127	304	16.0
1608467145.13	16000	10.196999	0.0	6357933	3860	16.0
1608467146.17	12000	10.160391	0.0	3858422	1002	8.0
1608467146.88	12000	10.44825	0.0	2713103	689	12.0
1608467147.91	12000	10.422185	0.0	3070467	998	12.0
1608467149.38	12000	9.955946	0.0	3391518	1438	12.0
1608467150.71	12000	9.623647	0.0	2424462	1310	12.0
1608467152.22	8000	9.11861	0.0	1427209	1484	4.0
1608467156.29	8000	6.048157	0.0	6361262	4019	8.0
1608467157.49	4000	5.845772	0.0	5615227	1160	0.0
1608467157.65	4000	6.690781	0.0	764013	142	4.0
1608467157.81	4000	7.52942	0.0	795179	148	4.0
1608467158.01	8000	8.327336	0.0	1078151	185	4.0
1608467158.22	8000	9.125393	0.0	1086181	186	8.0
1608467158.41	8000	9.933628	0.0	1029204	176	8.0
1608467158.66	12000	10.688153	0.0	1314540	226	8.0
1608467158.91	12000	11.434295	0.0	1407326	237	12.0
