1608431846.99	4000	1.000999	0.019	60629	10	-0.6080000000000001
1608431849.16	16000	1.383607	1.455	11007815	2026	-42.56
1608431850.34	16000	1.446124	0.0	8849724	1125	16.0
1608431850.77	16000	2.020711	0.0	3191121	395	16.0
1608431851.01	16000	2.802157	0.0	1661718	218	16.0
1608431851.21	16000	3.606156	0.0	1315024	178	16.0
1608431851.31	16000	4.499214	0.0	698359	93	16.0
1608431851.43	16000	5.387899	0.0	730082	98	16.0
1608431852.0	16000	5.812351	0.0	4047415	545	16.0
1608431852.41	16000	6.404128	0.0	2863079	374	16.0
1608431852.97	16000	6.846793	0.0	4167844	525	16.0
1608431853.65	16000	7.174183	0.0	5571764	632	16.0
1608431854.23	16000	7.593696	0.0	4925652	545	16.0
1608431854.47	16000	8.350784	0.0	2030157	221	16.0
1608431854.74	16000	9.085395	0.0	2240782	245	16.0
1608431855.05	16000	9.770468	0.0	2211169	295	16.0
1608431855.12	16000	10.703131	0.0	382046	55	16.0
1608431855.3	16000	11.522464	0.0	1113969	165	16.0
1608431855.44	16000	12.386594	0.0	820127	122	16.0
1608431856.33	16000	12.492423	0.0	6357933	854	16.0
1608431856.94	16000	12.890568	0.0	4814284	569	16.0
1608431857.25	16000	13.581581	0.0	3419258	278	16.0
1608431857.6	16000	14.229051	0.0	3944328	321	16.0
1608431858.01	16000	14.820118	0.0	4284196	377	16.0
1608431858.35	16000	15.480914	0.0	3022025	314	16.0
1608431858.61	16000	16.226814	0.0	2248581	233	16.0
1608431860.55	16000	15.288883	0.0	9946363	1876	16.0
1608431864.31	16000	12.528238	0.0	11684632	3682	16.0
1608431864.57	16000	13.266101	0.0	1849732	241	16.0
1608431864.84	16000	13.993176	0.0	1942795	254	16.0
1608431865.26	16000	14.575481	0.0	1704756	398	16.0
1608431865.73	16000	15.111433	0.0	1697111	446	16.0
1608431866.09	16000	15.747601	0.0	1529441	345	16.0
1608431866.43	16000	16.410163	0.0	1568649	320	16.0
1608431866.79	16000	17.048736	0.0	1677618	342	16.0
1608431867.09	16000	17.752253	0.0	1415096	278	16.0
1608431867.46	16000	18.383468	0.0	1894067	349	16.0
1608431867.7	16000	19.149814	0.0	1186604	218	16.0
1608431867.91	16000	19.938648	0.0	1068386	195	16.0
1608431868.32	16000	20.52935	0.0	1700843	391	16.0
1608431868.93	16000	20.921371	0.0	2536859	586	16.0
1608431869.97	16000	20.877009	0.0	4742872	1010	16.0
1608431871.06	16000	20.80198	0.0	4955535	1041	16.0
1608431871.37	16000	21.478915	0.0	1260540	297	16.0
1608431872.22	16000	21.627758	0.0	3605246	824	16.0
1608431872.84	16000	22.013558	0.0	2770338	590	16.0
1608431873.23	16000	22.620546	0.0	1855168	374	16.0
1608431873.59	16000	23.269693	0.0	1666915	332	16.0
1608431873.91	16000	23.942353	0.0	1555467	310	16.0
1608431874.21	16000	24.64319	0.0	1008919	283	16.0
1608431874.6	16000	25.259008	0.0	1227619	368	16.0
1608431874.92	16000	25.939038	0.0	1015853	303	16.0
1608431875.1	16000	26.765029	0.0	384076	162	16.0
1608431875.25	16000	27.607268	0.0	295687	145	16.0
1608431875.96	16000	27.906177	0.0	1328674	685	16.0
1608431876.31	12000	28.551852	0.0	1257735	329	8.0
1608431876.32	16000	28.543746	0.0	1257735	329	12.0
1608431876.72	16000	29.139556	0.0	1484812	390	16.0
1608431877.21	16000	29.653773	0.0	1868314	466	16.0
1608431877.52	16000	30.343814	0.0	1253406	291	16.0
1608431877.74	16000	31.12519	0.0	887933	205	16.0
1608431878.03	16000	31.833512	0.0	1153403	275	16.0
1608431878.43	16000	32.435533	0.0	1249023	381	16.0
1608431878.89	16000	32.982063	0.0	1423973	435	16.0
1608431879.38	16000	33.489922	0.0	1060162	478	16.0
1608431879.95	16000	33.919937	0.0	1080597	556	16.0
1608431880.93	16000	33.938254	0.0	1156442	966	16.0
1608431881.66	16000	34.215893	0.0	2222640	700	16.0
1608431881.67	12000	34.206952	0.0	2222640	700	8.0
1608431882.18	12000	34.69446	0.0	1970588	494	12.0
1608431882.19	16000	34.68608	0.0	1970588	494	12.0
1608431882.63	16000	35.246687	0.0	2178351	420	16.0
1608431883.23	16000	35.650825	0.0	3121089	568	16.0
1608431883.73	16000	36.150359	0.0	2857420	475	16.0
1608431884.03	16000	36.852176	0.0	1702477	279	16.0
1608431884.27	16000	37.610908	0.0	1531670	221	16.0
1608431884.56	16000	38.321092	0.0	1863424	271	16.0
1608431884.87	16000	39.01197	0.0	1987392	289	16.0
1608431885.26	16000	39.622661	0.0	2505586	367	16.0
1608431886.89	16000	38.993267	0.0	9620218	1571	16.0
1608431887.44	16000	39.441867	0.0	2561608	528	16.0
1608431888.22	16000	39.665642	0.0	3633991	747	16.0
1608431888.81	16000	40.074142	0.0	3324070	564	16.0
1608431889.08	16000	40.802918	0.0	1560020	253	16.0
1608431889.29	16000	41.594726	0.0	1429188	192	16.0
1608431889.55	16000	42.339839	0.0	1754144	231	16.0
1608431889.79	16000	43.103479	0.0	1626020	218	16.0
1608431890.04	16000	43.851946	0.0	1739228	234	16.0
1608431890.29	16000	44.603987	0.0	1722735	229	16.0
1608431890.51	16000	45.381783	0.0	1538145	205	16.0
1608431890.73	16000	46.16815	0.0	1473412	196	16.0
1608431890.95	16000	46.950378	0.0	1498968	200	16.0
1608431891.25	16000	47.649241	0.0	2247334	279	16.0
1608431891.66	16000	48.24243	0.0	3156442	380	16.0
1608431891.9	16000	48.99528	0.0	1895098	228	16.0
1608431892.14	16000	49.757701	0.0	1939135	218	16.0
1608431892.35	16000	50.55245	0.0	1842874	186	16.0
1608431892.6	16000	51.306889	0.0	2235830	225	16.0
1608431892.84	16000	52.063826	0.0	2202171	222	16.0
1608431893.09	16000	52.818283	0.0	2242042	224	16.0
1608431893.21	16000	53.699208	0.0	1081763	104	16.0
1608431893.46	16000	54.442289	0.0	2409013	234	16.0
1608431893.64	16000	55.266106	0.0	1615028	157	16.0
1608431893.8	16000	56.112157	0.0	1413467	136	16.0
1608431893.98	16000	56.930879	0.0	1632450	160	16.0
1608431894.6	16000	57.315266	0.0	5664827	573	16.0
1608431895.1	16000	57.815321	0.0	4578115	465	16.0
1608431895.27	16000	58.637484	0.0	1783835	158	16.0
1608431895.39	16000	59.524679	0.0	1093613	96	16.0
1608431896.49	16000	59.63505	0.0	975642	85	16.0
1608431897.16	16000	59.886018	0.0	1658005	150	16.0
1608431898.45	16000	59.637063	0.0	3055257	255	16.0
1608431899.41	16000	59.638062	0.0	5355572	426	16.0
1608431900.35	16000	59.639064	0.0	3278424	407	16.0
1608431900.98	16000	59.937594	0.0	2318501	611	16.0
1608431902.25	16000	59.891075	0.0	2473561	746	16.0
1608431903.23	16000	59.892051	0.0	1730311	462	16.0
1608431904.04	16000	59.893056	0.0	1455812	287	16.0
1608431905.15	16000	59.894016	0.0	2869222	583	16.0
1608431906.3	16000	59.619492	0.0	3226650	1131	16.0
1608431907.13	16000	59.793038	0.0	2705936	803	16.0
1608431908.38	16000	59.647107	0.0	2998622	722	16.0
1608431909.1	16000	59.82724	0.0	2928342	695	16.0
1608431910.39	16000	59.649031	0.0	3059979	765	16.0
1608431911.61	16000	59.317202	0.0	3367422	1189	16.0
1608431912.6	16000	59.334572	0.0	1950694	963	16.0
1608431913.48	16000	59.452551	0.0	1541020	864	16.0
1608431914.68	16000	59.25266	0.0	2926720	1176	16.0
1608431916.21	16000	58.722947	0.0	2991202	1501	16.0
1608431916.22	12000	58.712546	0.0	2991202	1501	8.0
1608431917.06	8000	58.877642	0.0	1712532	809	4.0
1608431917.07	12000	58.868439	0.0	1712532	809	8.0
1608431917.07	8000	58.86076	0.0	1712532	809	4.0
1608431917.52	8000	59.413866	0.0	1149171	433	8.0
1608431917.53	12000	59.406097	0.0	1149171	433	8.0
1608431918.37	12000	59.564226	0.0	2268474	822	12.0
1608431919.16	12000	59.773227	0.0	1727401	773	12.0
1608431920.27	12000	59.670172	0.0	2744751	1079	12.0
1608431921.24	12000	59.696799	0.0	2853458	949	12.0
1608431921.25	16000	59.688029	0.0	2853458	949	12.0
1608431922.29	16000	59.661012	0.0	1307592	526	16.0
1608431923.18	16000	59.763613	0.0	1881404	866	16.0
1608431923.95	16000	59.994958	0.0	1806471	748	16.0
1608431923.95	12000	59.986789	0.0	1806471	748	8.0
1608431925.07	12000	59.914038	0.0	1560727	601	12.0
1608431926.3	12000	59.665071	0.0	2029094	706	12.0
1608431927.4	12000	59.666005	0.0	1857827	580	12.0
1608431927.41	16000	59.532595	0.0	1857827	580	12.0
1608431928.26	16000	59.686257	0.0	2831497	825	16.0
1608431929.23	16000	59.712702	0.0	3200905	946	16.0
1608431930.02	16000	59.923516	0.0	2180586	769	16.0
1608431931.07	16000	59.920034	0.0	1500505	521	16.0
1608431932.29	16000	59.670952	0.0	1939246	703	16.0
1608431933.02	16000	59.933103	0.0	1599193	704	16.0
1608431934.45	16000	59.673016	0.0	2364826	904	16.0
1608431935.36	16000	59.594735	0.0	2517454	884	16.0
1608431935.37	12000	59.585143	0.0	2517454	884	8.0
1608431935.37	16000	59.579529	0.0	2517454	884	12.0
1608431935.8	4000	1.000999	0.141	335737	129	-4.512
1608431940.65	12000	1.415674	3.98	11642034	4730	-123.36
1608431946.19	12000	1.429008	4.532	9061343	5489	-133.024
1608431947.6	12000	1.488291	0.444	2846282	1383	-2.208
1608431948.34	12000	1.756613	0.0	1379579	711	12.0
1608431948.87	12000	2.221153	0.0	1083781	519	12.0
1608431949.08	8000	3.014161	0.0	398693	187	4.0
1608431949.26	8000	3.834091	0.0	358785	168	8.0
1608431950.11	8000	3.988383	0.0	1838971	827	8.0
1608431950.11	12000	3.979989	0.0	1838971	827	8.0
1608431950.96	12000	4.138404	0.0	1861181	825	12.0
1608431952.25	12000	3.849649	0.0	2835412	1266	12.0
1608431954.54	12000	2.555874	0.0	4074608	2264	12.0
1608431965.77	12000	4.350813	0.0	1926191	1355	12.0
1608431965.77	12000	4.336326	0.0	1926191	1355	12.0
1608431965.78	8000	4.329515	0.0	1926191	1355	4.0
1608431966.69	4000	4.424162	0.0	1055512	886	0.0
1608431969.46	4000	2.6529	0.0	4647286	2731	4.0
1608431972.13	4000	1.455516	0.471	5615227	2634	-11.072
1608431972.14	8000	1.447224	0.0	5615227	2634	4.0
1608431972.74	8000	1.84644	0.0	1127469	587	8.0
1608431973.66	8000	1.923068	0.0	1179779	906	8.0
1608431974.94	8000	1.643332	0.0	1078151	1265	8.0
1608431976.01	8000	1.579143	0.0	1086181	1049	8.0
1608431976.02	4000	1.571349	0.0	1086181	1049	0.0
1608431976.77	4000	1.817313	0.0	769288	743	4.0
1608431977.13	2000	2.46285	0.0	254944	338	0.0
1608431977.52	2000	3.072598	0.0	280530	379	2.0
1608431977.86	2000	3.736244	0.0	274347	326	2.0
1608431978.38	2000	4.211377	0.0	407719	512	2.0
1608431978.65	2000	4.948893	0.0	221839	252	2.0
1608431978.91	2000	5.680964	0.0	208863	258	2.0
1608431979.34	2000	6.254261	0.0	331412	416	2.0
