1608450716.64	4000	1.000999	0.024	60629	14	-0.48
1608450718.71	4000	1.407496	1.385	6594552	1928	-23.7
1608450719.8	8000	1.561132	0.0	7078153	966	4.0
1608450720.28	20000	2.089021	0.0	3191121	368	8.0
1608450720.55	20000	2.839001	0.0	1661718	184	20.0
1608450720.78	20000	3.610802	0.0	1315024	143	20.0
1608450720.93	20000	4.453913	0.0	698359	75	20.0
1608450721.09	20000	5.294576	0.0	730082	78	20.0
1608450721.78	20000	5.614512	0.0	4047415	584	20.0
1608450722.43	20000	5.966204	0.0	2863079	553	20.0
1608450723.34	20000	6.055481	0.0	4167844	808	20.0
1608450724.79	20000	5.604622	0.0	5571764	1336	20.0
1608450725.78	20000	5.619049	0.0	4925652	883	20.0
1608450726.11	20000	6.280857	0.0	2030157	251	20.0
1608450726.48	20000	6.915298	0.0	2240782	277	20.0
1608450726.89	20000	7.5084	0.0	2211169	316	20.0
1608450727.02	20000	8.376115	0.0	382046	53	20.0
1608450727.26	20000	9.135245	0.0	1113969	158	20.0
1608450727.46	20000	9.938392	0.0	820127	115	20.0
1608450728.42	20000	9.988699	0.0	6357933	842	20.0
1608450729.5	20000	9.901061	0.0	4814284	978	20.0
1608450732.39	20000	8.01056	0.0	3419258	2793	20.0
1608450734.1	12000	7.307844	0.0	3070467	1601	4.0
1608450734.71	8000	7.697098	0.0	2599148	516	4.0
1608450735.19	8000	8.21844	0.0	1926191	389	8.0
1608450735.49	4000	8.921309	0.0	1055512	212	0.0
1608450736.05	2000	9.355759	0.0	2503359	473	0.0
1608450738.49	20000	7.918105	0.0	11684632	2280	2.0
1608450739.06	20000	8.350902	0.0	1849732	479	20.0
1608450739.65	20000	8.762535	0.0	1942795	499	20.0
1608450740.18	20000	9.233754	0.0	1704756	441	20.0
1608450740.71	20000	9.707695	0.0	1697111	438	20.0
1608450741.2	20000	10.212452	0.0	1529441	407	20.0
1608450741.76	20000	10.652004	0.0	1568649	473	20.0
1608450742.48	20000	10.934082	0.0	1677618	631	20.0
1608450743.8	20000	10.617506	0.0	1415096	1231	20.0
1608450744.3	20000	11.115792	0.0	1894067	412	20.0
1608450744.65	20000	11.770667	0.0	1186604	265	20.0
1608450745.0	20000	12.417158	0.0	1068386	274	20.0
1608450745.53	20000	13.048188	0.0	1700843	439	20.0
1608450746.43	20000	13.204968	0.0	2536859	808	20.0
1608450748.62	20000	12.017784	0.0	4742872	2085	20.0
1608450750.71	20000	10.929386	0.0	4955535	1987	20.0
1608450751.05	20000	11.592881	0.0	1260540	254	20.0
1608450751.86	20000	11.780702	0.0	3605246	717	20.0
1608450752.49	20000	12.153236	0.0	2770338	535	20.0
1608450752.88	20000	12.773137	0.0	1855168	293	20.0
1608450753.22	20000	13.423899	0.0	1666915	254	20.0
1608450753.54	20000	14.102306	0.0	1555467	238	20.0
1608450753.78	20000	14.865417	0.0	1008919	154	20.0
1608450754.06	20000	15.591717	0.0	1227619	191	20.0
1608450754.3	20000	16.349836	0.0	1015853	157	20.0
1608450754.43	20000	17.213868	0.0	384076	57	20.0
1608450754.56	20000	18.092328	0.0	295687	43	20.0
1608450754.89	20000	18.761089	0.0	1328674	249	20.0
1608450755.26	20000	19.395928	0.0	1492829	280	20.0
1608450755.62	20000	20.031415	0.0	1484812	279	20.0
1608450756.12	20000	20.536632	0.0	1868314	407	20.0
1608450756.48	20000	21.178969	0.0	1253406	272	20.0
1608450756.7	20000	21.956149	0.0	887933	141	20.0
1608450756.91	20000	22.742916	0.0	1153403	129	20.0
1608450757.14	20000	23.519025	0.0	1249023	141	20.0
1608450757.39	20000	24.272985	0.0	1423973	161	20.0
1608450757.59	20000	25.069906	0.0	1060162	119	20.0
1608450757.81	20000	25.85186	0.0	1080597	135	20.0
1608450758.04	20000	26.624823	0.0	1156442	145	20.0
1608450758.4	20000	27.258999	0.0	2222640	279	20.0
1608450758.82	20000	27.846036	0.0	2587311	322	20.0
1608450759.18	20000	28.489257	0.0	2178351	269	20.0
1608450759.66	20000	29.009056	0.0	3121089	388	20.0
1608450760.02	20000	29.653009	0.0	2857420	264	20.0
1608450760.27	20000	30.402281	0.0	1702477	156	20.0
1608450760.49	20000	31.175501	0.0	1531670	139	20.0
1608450760.75	20000	31.921777	0.0	1863424	167	20.0
1608450761.01	20000	32.662082	0.0	1987392	174	20.0
1608450761.32	20000	33.352613	0.0	2505586	219	20.0
1608450762.27	20000	33.400606	0.0	9620218	828	20.0
1608450762.58	20000	34.094157	0.0	2561608	217	20.0
1608450762.97	20000	34.701076	0.0	3633991	297	20.0
1608450763.34	20000	35.335804	0.0	3324070	271	20.0
1608450763.55	20000	36.125316	0.0	1560020	127	20.0
1608450763.76	20000	36.921572	0.0	1429188	121	20.0
1608450764.01	20000	37.671796	0.0	1754144	156	20.0
1608450764.24	20000	38.4362	0.0	1626020	143	20.0
1608450764.49	20000	39.194819	0.0	1739228	156	20.0
1608450764.74	20000	39.946033	0.0	1722735	163	20.0
1608450765.02	20000	40.664395	0.0	1538145	199	20.0
1608450765.29	20000	41.39027	0.0	1473412	190	20.0
1608450765.57	20000	42.113197	0.0	1498968	193	20.0
1608450765.98	20000	42.701698	0.0	2247334	324	20.0
1608450766.55	20000	43.138199	0.0	3156442	468	20.0
1608450767.17	20000	43.522115	0.0	1895098	528	20.0
1608450767.8	20000	43.888859	0.0	1939135	546	20.0
1608450768.18	20000	44.505971	0.0	1842874	287	20.0
1608450768.62	20000	45.068207	0.0	2235830	350	20.0
1608450769.01	20000	45.685051	0.0	2202171	296	20.0
1608450769.4	20000	46.295902	0.0	2242042	300	20.0
1608450769.62	20000	47.069344	0.0	1081763	143	20.0
1608450770.11	20000	47.587119	0.0	2409013	393	20.0
1608450770.46	20000	48.234706	0.0	1615028	266	20.0
1608450770.77	20000	48.922728	0.0	1413467	229	20.0
1608450771.12	20000	49.577074	0.0	1632450	259	20.0
1608450772.14	20000	49.556338	0.0	5664827	913	20.0
1608450772.99	20000	49.714946	0.0	4578115	741	20.0
1608450773.36	20000	50.344062	0.0	1783835	284	20.0
1608450773.61	20000	51.086752	0.0	1093613	173	20.0
1608450773.85	20000	51.851847	0.0	975642	146	20.0
1608450774.19	20000	52.512857	0.0	1658005	254	20.0
1608450774.76	20000	52.947642	0.0	3055257	471	20.0
1608450775.78	20000	52.928763	0.0	5355572	911	20.0
1608450776.4	20000	53.310162	0.0	3278424	524	20.0
1608450776.87	20000	53.837945	0.0	2318501	384	20.0
1608450777.44	20000	54.270682	0.0	2473561	477	20.0
1608450777.86	20000	54.853779	0.0	1730311	329	20.0
1608450778.22	20000	55.494167	0.0	1455812	273	20.0
1608450778.88	20000	55.829089	0.0	2869222	564	20.0
1608450779.83	20000	55.888139	0.0	3226650	846	20.0
1608450780.39	20000	56.326764	0.0	2705936	468	20.0
1608450781.36	20000	56.35717	0.0	2998622	875	20.0
1608450782.45	20000	56.262258	0.0	2928342	1005	20.0
1608450783.48	20000	56.239263	0.0	3059979	927	20.0
1608450784.48	20000	56.234936	0.0	3367422	910	20.0
1608450785.14	20000	56.578924	0.0	1950694	570	20.0
1608450785.74	20000	56.983789	0.0	1541020	509	20.0
1608450787.31	20000	56.406101	0.0	2926720	1486	20.0
1608450788.36	20000	56.357824	0.0	2991202	954	20.0
1608450790.22	20000	55.499364	0.0	3002106	1765	20.0
1608450791.06	20000	55.664106	0.0	2015412	747	20.0
1608450791.77	20000	55.956935	0.0	2894863	617	20.0
1608450792.23	20000	56.49867	0.0	2185316	370	20.0
1608450792.9	20000	56.829437	0.0	3370605	575	20.0
1608450793.76	20000	56.970221	0.0	3492243	762	20.0
1608450794.06	20000	57.66424	0.0	1307592	221	20.0
1608450794.46	20000	58.266741	0.0	1881404	311	20.0
1608450794.85	20000	58.882686	0.0	1806471	299	20.0
1608450795.31	20000	59.42561	0.0	1945842	364	20.0
1608450795.88	20000	59.855787	0.0	2538877	479	20.0
1608450797.13	20000	59.611182	0.0	2298557	657	20.0
1608450797.93	20000	59.807205	0.0	2831497	706	20.0
1608450798.74	20000	59.992657	0.0	3200905	720	20.0
1608450799.9	20000	59.864184	0.0	2180586	567	20.0
1608450801.36	20000	59.615157	0.0	1500505	364	20.0
1608450801.93	20000	59.811702	0.0	1939246	483	20.0
1608450802.93	20000	59.867074	0.0	1599193	413	20.0
1608450804.15	20000	59.618165	0.0	2364826	633	20.0
1608450805.19	20000	59.552028	0.0	2517454	945	20.0
1608450806.18	20000	59.620173	0.0	1883143	400	20.0
1608450806.77	20000	59.969605	0.0	1726706	510	20.0
1608450808.07	20000	59.872086	0.0	707364	205	20.0
1608450808.88	20000	59.873134	0.0	796460	233	20.0
1608450810.2	20000	59.62417	0.0	596962	230	20.0
1608450811.02	20000	59.875153	0.0	947625	243	20.0
1608450812.35	20000	59.626187	0.0	832859	243	20.0
1608450812.98	20000	59.877138	0.0	151562	41	20.0
1608450814.07	20000	59.878188	0.0	90390	22	20.0
1608450815.14	20000	59.629184	0.0	50278	10	20.0
1608450816.19	20000	59.630198	0.0	26471	3	20.0
1608450817.23	20000	59.631137	0.0	40620	4	20.0
1608450817.26	8000	59.928508	1.409	11647	6	-28.18
1608450817.68	4000	1.000999	-1.3	335737	98	26.0
1608450819.71	4000	1.383108	1.131	6594552	1882	-18.62
1608450821.09	4000	1.311597	0.29	4402139	1280	-1.7999999999999998
1608450821.68	8000	1.740321	0.0	1798447	496	4.0
1608450822.19	12000	2.228201	0.0	1379579	423	8.0
1608450822.83	20000	2.595834	0.0	1315024	542	12.0
1608450823.21	20000	3.21446	0.0	698359	302	20.0
1608450823.64	20000	3.781432	0.0	730082	350	20.0
1608450824.74	16000	3.686937	0.0	4047415	996	12.0
1608450825.45	16000	3.976157	0.0	2863079	618	16.0
1608450826.53	16000	3.89723	0.0	4167844	972	16.0
1608450828.45	20000	2.976703	0.0	5571764	1814	16.0
1608450830.59	20000	1.840657	0.0	4925652	2030	20.0
1608450831.53	20000	1.894949	0.0	2030157	856	20.0
1608450833.29	20000	1.287778	0.144	2240782	1663	17.12
1608450834.01	20000	1.563641	0.0	2211169	632	20.0
1608450834.17	20000	2.401943	0.0	382046	78	20.0
1608450834.49	20000	3.088025	0.0	1113969	226	20.0
1608450834.74	16000	3.835977	0.0	820127	168	12.0
1608450835.69	8000	3.89049	0.0	4001900	843	0.0
1608450836.75	20000	3.834303	0.0	4814284	950	8.0
1608450837.5	20000	4.077499	0.0	3419258	660	20.0
1608450838.38	20000	4.200342	0.0	3944328	779	20.0
1608450839.33	20000	4.258443	0.0	4284196	839	20.0
1608450839.99	20000	4.595023	0.0	3022025	571	20.0
1608450840.48	20000	5.107758	0.0	2248581	392	20.0
1608450842.76	20000	3.828809	0.0	9946363	2123	20.0
1608450844.51	20000	3.073738	0.0	11684632	1615	20.0
1608450844.78	20000	3.813317	0.0	1849732	172	20.0
1608450845.05	20000	4.542364	0.0	1942795	181	20.0
1608450845.28	20000	5.314526	0.0	1704756	139	20.0
1608450845.5	20000	6.092281	0.0	1697111	130	20.0
1608450845.7	20000	6.888716	0.0	1529441	117	20.0
