1608450498.33	4000	1.000999	0.053	60629	43	-1.06
1608450499.1	2000	1.361672	0.101	1072422	703	-2.02
1608450499.37	2000	2.088097	0.0	1121405	257	2.0
1608450500.08	20000	2.377301	0.0	3191121	670	2.0
1608450500.31	20000	3.153155	0.0	1661718	205	20.0
1608450500.49	20000	3.974418	0.0	1315024	161	20.0
1608450500.59	20000	4.876	0.0	698359	85	20.0
1608450500.69	20000	5.774484	0.0	730082	89	20.0
1608450501.35	20000	6.117299	0.0	4047415	627	20.0
1608450501.94	20000	6.827168	0.0	2863079	567	20.0
1608450506.28	20000	3.488933	0.0	4167844	4297	20.0
1608450507.48	20000	3.291643	0.0	5571764	1150	20.0
1608450508.44	20000	3.337315	0.0	4925652	913	20.0
1608450508.85	20000	3.923009	0.0	2030157	391	20.0
1608450509.32	20000	4.45171	0.0	2240782	448	20.0
1608450509.81	20000	4.970088	0.0	2211169	460	20.0
1608450509.9	20000	5.87354	0.0	382046	76	20.0
1608450510.15	20000	6.630212	0.0	1113969	226	20.0
1608450510.33	20000	7.446018	0.0	820127	168	20.0
1608450511.89	20000	6.891009	0.0	6357933	1501	20.0
1608450512.98	20000	6.798008	0.0	4814284	1057	20.0
1608450513.8	20000	6.98571	0.0	3419258	782	20.0
1608450516.43	20000	5.351127	0.0	3944328	2596	20.0
1608450518.17	20000	4.616119	0.0	4284196	1700	20.0
1608450520.76	20000	3.022956	0.0	3022025	2566	20.0
1608450521.6	20000	3.190093	0.0	2248581	809	20.0
1608450524.17	8000	1.618543	0.0	6361262	2509	-4.0
1608450526.85	8000	1.362757	1.424	7838407	2629	-20.48
1608450527.16	20000	2.056663	0.0	1849732	279	8.0
1608450527.4	20000	2.815287	0.0	1942795	208	20.0
1608450527.61	20000	3.609906	0.0	1704756	184	20.0
1608450527.81	20000	4.40673	0.0	1697111	183	20.0
1608450527.99	20000	5.223356	0.0	1529441	164	20.0
1608450528.18	20000	6.038697	0.0	1568649	163	20.0
1608450528.34	20000	6.880289	0.0	1677618	138	20.0
1608450528.47	20000	7.747182	0.0	1415096	116	20.0
1608450528.65	20000	8.571624	0.0	1894067	156	20.0
1608450528.77	20000	9.456335	0.0	1186604	97	20.0
1608450528.87	20000	10.351068	0.0	1068386	87	20.0
1608450529.03	20000	11.191853	0.0	1700843	140	20.0
1608450529.25	20000	11.978495	0.0	2536859	189	20.0
1608450529.6	20000	12.631162	0.0	4742872	311	20.0
1608450529.96	20000	13.268811	0.0	4955535	325	20.0
1608450530.06	20000	14.168631	0.0	1260540	82	20.0
1608450530.33	20000	14.895823	0.0	3605246	241	20.0
1608450530.55	20000	15.68158	0.0	2770338	188	20.0
1608450530.7	20000	16.534834	0.0	1855168	125	20.0
1608450530.83	20000	17.400116	0.0	1666915	112	20.0
1608450530.96	20000	18.273852	0.0	1555467	105	20.0
1608450531.04	20000	19.189772	0.0	1008919	67	20.0
1608450531.15	20000	20.089987	0.0	1227619	83	20.0
1608450531.24	20000	21.000652	0.0	1015853	72	20.0
1608450531.28	20000	21.957503	0.0	384076	29	20.0
1608450531.32	20000	22.921565	0.0	295687	21	20.0
1608450531.44	20000	23.803249	0.0	1328674	99	20.0
1608450531.57	20000	24.671786	0.0	1492829	111	20.0
1608450531.7	20000	25.543333	0.0	1484812	111	20.0
1608450531.86	20000	26.381126	0.0	1868314	139	20.0
1608450531.97	20000	27.268459	0.0	1253406	93	20.0
1608450532.06	20000	28.185462	0.0	887933	66	20.0
1608450532.16	20000	29.082007	0.0	1153403	85	20.0
1608450532.28	20000	29.96988	0.0	1249023	92	20.0
1608450532.4	20000	30.845704	0.0	1423973	105	20.0
1608450532.5	20000	31.749739	0.0	1060162	78	20.0
1608450532.6	20000	32.650783	0.0	1080597	79	20.0
1608450532.7	20000	33.546811	0.0	1156442	85	20.0
1608450532.89	20000	34.358418	0.0	2222640	165	20.0
1608450533.11	20000	35.141154	0.0	2587311	192	20.0
1608450533.3	20000	35.949461	0.0	2178351	169	20.0
1608450533.59	20000	36.668776	0.0	3121089	252	20.0
1608450533.85	20000	37.405257	0.0	2857420	228	20.0
1608450534.01	20000	38.247131	0.0	1702477	137	20.0
1608450534.15	20000	39.10535	0.0	1531670	123	20.0
1608450534.32	20000	39.937814	0.0	1863424	147	20.0
1608450534.5	20000	40.758667	0.0	1987392	155	20.0
1608450534.72	20000	41.535515	0.0	2505586	196	20.0
1608450535.63	20000	41.630813	0.0	9620218	838	20.0
1608450535.92	20000	42.347187	0.0	2561608	256	20.0
1608450536.31	20000	42.958122	0.0	3633991	358	20.0
1608450536.64	20000	43.622859	0.0	3324070	307	20.0
1608450536.81	20000	44.459658	0.0	1560020	143	20.0
1608450536.96	20000	45.308471	0.0	1429188	131	20.0
1608450537.14	20000	46.12612	0.0	1754144	162	20.0
1608450537.3	20000	46.971243	0.0	1626020	135	20.0
1608450537.46	20000	47.813204	0.0	1739228	136	20.0
1608450537.62	20000	48.655871	0.0	1722735	134	20.0
1608450537.76	20000	49.514488	0.0	1538145	120	20.0
1608450537.89	20000	50.380541	0.0	1473412	115	20.0
1608450538.03	20000	51.245556	0.0	1498968	116	20.0
1608450538.23	20000	52.04701	0.0	2247334	175	20.0
1608450538.49	20000	52.788209	0.0	3156442	230	20.0
1608450538.65	20000	53.630757	0.0	1895098	137	20.0
1608450538.82	20000	54.463251	0.0	1939135	147	20.0
1608450538.97	20000	55.307719	0.0	1842874	134	20.0
1608450539.15	20000	56.124579	0.0	2235830	163	20.0
1608450539.32	20000	56.962053	0.0	2202171	142	20.0
1608450539.47	20000	57.807395	0.0	2242042	132	20.0
1608450539.55	20000	58.728101	0.0	1081763	63	20.0
1608450539.72	20000	59.563761	0.0	2409013	142	20.0
1608450540.84	20000	59.610211	0.0	1615028	95	20.0
1608450541.48	20000	59.861201	0.0	1413467	127	20.0
1608450542.64	20000	59.862207	0.0	1632450	140	20.0
1608450543.56	20000	59.863136	0.0	5664827	369	20.0
1608450544.78	20000	59.614184	0.0	4578115	172	20.0
1608450545.87	20000	59.6152	0.0	1783835	68	20.0
1608450546.43	20000	59.866094	0.0	1093613	40	20.0
1608450547.48	20000	59.867099	0.0	975642	32	20.0
1608450548.56	20000	59.868096	0.0	1658005	55	20.0
1608450549.68	20000	59.61908	0.0	3055257	97	20.0
1608450550.88	20000	59.620101	0.0	5355572	155	20.0
1608450551.51	20000	59.871094	0.0	3278424	100	20.0
1608450552.61	20000	59.87209	0.0	2318501	70	20.0
1608450553.71	20000	59.623195	0.0	2473561	71	20.0
1608450554.78	20000	59.624212	0.0	1730311	50	20.0
1608450555.85	20000	59.625096	0.0	1455812	43	20.0
1608450556.46	20000	59.876094	0.0	2869222	83	20.0
1608450557.59	20000	59.877079	0.0	3226650	96	20.0
1608450558.69	20000	59.628091	0.0	2705936	78	20.0
1608450559.81	20000	59.629074	0.0	2998622	87	20.0
1608450560.43	20000	59.880074	0.0	2928342	85	20.0
1608450561.56	20000	59.881085	0.0	3059979	103	20.0
1608450562.7	20000	59.632105	0.0	3367422	100	20.0
1608450563.78	20000	59.633087	0.0	1950694	57	20.0
1608450564.85	20000	59.63408	0.0	1541020	48	20.0
1608450565.47	20000	59.885076	0.0	2926720	86	20.0
1608450566.59	20000	59.886114	0.0	2991202	88	20.0
1608450567.7	20000	59.637118	0.0	3002106	88	20.0
1608450568.79	20000	59.638101	0.0	2015412	61	20.0
1608450569.9	20000	59.639083	0.0	2894863	84	20.0
1608450570.49	20000	59.890082	0.0	2185316	62	20.0
1608450571.62	20000	59.891191	0.0	3370605	98	20.0
1608450572.75	20000	59.642133	0.0	3492243	102	20.0
1608450573.81	20000	59.643199	0.0	1307592	38	20.0
1608450574.89	20000	59.644192	0.0	1881404	53	20.0
1608450575.47	20000	59.895079	0.0	1806471	54	20.0
1608450576.56	20000	59.896176	0.0	1945842	54	20.0
1608450577.66	20000	59.897167	0.0	2538877	77	20.0
1608450578.76	20000	59.648204	0.0	2298557	76	20.0
1608450579.87	20000	59.649149	0.0	2831497	76	20.0
1608450580.49	20000	59.900117	0.0	3200905	94	20.0
1608450581.58	20000	59.901208	0.0	2180586	65	20.0
1608450582.65	20000	59.902206	0.0	1500505	44	20.0
1608450583.73	20000	59.653207	0.0	1939246	59	20.0
1608450584.8	20000	59.654186	0.0	1599193	48	20.0
1608450585.9	20000	59.655123	0.0	2364826	71	20.0
1608450586.5	20000	59.9062	0.0	2517454	76	20.0
1608450587.58	20000	59.907201	0.0	1883143	58	20.0
1608450588.66	20000	59.908194	0.0	1726706	53	20.0
1608450589.7	20000	59.659206	0.0	707364	22	20.0
1608450590.74	20000	59.660141	0.0	796460	23	20.0
1608450591.77	20000	59.661167	0.0	596962	17	20.0
1608450592.82	20000	59.662198	0.0	947625	28	20.0
1608450593.87	20000	59.663177	0.0	832859	27	20.0
1608450594.89	20000	59.664185	0.0	151562	5	20.0
1608450595.9	20000	59.665115	0.0	90390	3	20.0
1608450596.92	20000	59.666112	0.0	50278	1	20.0
1608450597.44	20000	59.917011	0.0	26471	4	20.0
1608450598.46	20000	59.918151	0.0	40620	1	20.0
1608450598.77	4000	1.000999	0.035	334032	24	-0.7000000000000002
1608450599.74	20000	1.307782	0.0	11007815	868	4.0
1608450600.64	20000	1.438898	0.0	8849724	839	20.0
1608450601.16	20000	1.969912	0.0	3191121	483	20.0
1608450601.44	20000	2.703423	0.0	1661718	249	20.0
1608450601.65	20000	3.487796	0.0	1315024	195	20.0
1608450601.77	20000	4.369363	0.0	698359	104	20.0
1608450601.89	20000	5.246354	0.0	730082	108	20.0
1608450602.54	20000	5.602458	0.0	4047415	613	20.0
1608450602.89	20000	6.256741	0.0	2863079	321	20.0
1608450603.36	20000	6.785682	0.0	4167844	440	20.0
1608450604.03	20000	7.117705	0.0	5571764	629	20.0
1608450604.65	20000	7.495437	0.0	4925652	587	20.0
1608450604.97	20000	8.174945	0.0	2030157	290	20.0
1608450605.32	20000	8.831547	0.0	2240782	320	20.0
1608450605.67	20000	9.476493	0.0	2211169	334	20.0
1608450605.94	20000	10.20941	0.0	382046	253	20.0
1608450606.68	20000	10.473014	0.0	1113969	720	20.0
1608450606.96	20000	11.1886	0.0	820127	268	20.0
1608450609.17	20000	9.979554	0.0	6357933	2165	20.0
1608450611.25	20000	8.901626	0.0	4814284	2040	20.0
1608450612.26	20000	8.897034	0.0	3419258	976	20.0
1608450613.32	20000	8.839991	0.0	3944328	1022	20.0
1608450614.25	20000	8.902836	0.0	4284196	903	20.0
1608450614.85	20000	9.309665	0.0	3022025	566	20.0
1608450615.26	20000	9.898333	0.0	2248581	389	20.0
1608450617.14	20000	9.023811	0.0	9946363	1811	20.0
1608450619.34	20000	7.82788	0.0	11684632	2128	20.0
1608450619.78	20000	8.385066	0.0	1849732	415	20.0
1608450620.29	20000	8.875793	0.0	1942795	488	20.0
1608450620.74	20000	9.42885	0.0	1704756	427	20.0
1608450621.39	20000	9.770506	0.0	1697111	638	20.0
1608450621.88	20000	10.289176	0.0	1529441	460	20.0
1608450622.22	20000	10.94518	0.0	1568649	324	20.0
