1608431285.64	4000	1.000999	0.015	60629	5	-0.2999999999999998
1608431287.2	20000	1.460352	0.99	11007815	1395	-15.8
1608431288.52	20000	1.396767	0.0	8849724	1193	20.0
1608431289.03	20000	1.904406	0.0	3191121	417	20.0
1608431289.34	20000	2.602545	0.0	1661718	217	20.0
1608431289.57	20000	3.372996	0.0	1315024	146	20.0
1608431289.73	20000	4.214249	0.0	698359	77	20.0
1608431289.89	20000	5.05204	0.0	730082	80	20.0
1608431290.45	20000	5.496484	0.0	4047415	460	20.0
1608431290.85	20000	6.094026	0.0	2863079	313	20.0
1608431291.41	20000	6.540792	0.0	4167844	457	20.0
1608431292.35	20000	6.593928	0.0	5571764	834	20.0
1608431293.06	20000	6.886138	0.0	4925652	607	20.0
1608431293.4	20000	7.55091	0.0	2030157	249	20.0
1608431293.66	20000	8.283809	0.0	2240782	181	20.0
1608431293.93	20000	9.017678	0.0	2211169	178	20.0
1608431294.04	20000	9.910615	0.0	382046	30	20.0
1608431294.21	20000	10.741068	0.0	1113969	90	20.0
1608431294.35	20000	11.598328	0.0	820127	65	20.0
1608431295.12	20000	11.832689	0.0	6357933	658	20.0
1608431295.95	20000	12.009216	0.0	4814284	726	20.0
1608431296.78	20000	12.179884	0.0	3419258	735	20.0
1608431298.23	20000	11.730762	0.0	3944328	1354	20.0
1608431300.18	20000	10.778835	0.0	4284196	1855	20.0
1608431300.72	20000	11.236289	0.0	3022025	452	20.0
1608431301.1	20000	11.856776	0.0	2248581	294	20.0
1608431303.32	20000	10.635913	0.0	9946363	2095	20.0
1608431305.88	20000	9.080528	0.0	11684632	2412	20.0
1608431306.36	20000	9.601446	0.0	1849732	393	20.0
1608431306.85	20000	10.114517	0.0	1942795	402	20.0
1608431307.29	20000	10.677786	0.0	1704756	352	20.0
1608431307.75	20000	11.218808	0.0	1697111	375	20.0
1608431308.19	20000	11.775442	0.0	1529441	361	20.0
1608431308.63	20000	12.336618	0.0	1568649	355	20.0
1608431309.07	20000	12.894842	0.0	1677618	356	20.0
1608431309.46	20000	13.513564	0.0	1415096	299	20.0
1608431309.91	20000	14.055678	0.0	1894067	375	20.0
1608431310.23	20000	14.738076	0.0	1186604	236	20.0
1608431310.53	20000	15.445261	0.0	1068386	212	20.0
1608431311.13	20000	15.842077	0.0	1700843	510	20.0
1608431312.29	20000	15.684483	0.0	2536859	1060	20.0
1608431313.71	20000	15.262753	0.0	4742872	1322	20.0
1608431315.1	20000	14.879828	0.0	4955535	1280	20.0
1608431315.56	20000	15.412723	0.0	1260540	385	20.0
1608431317.79	20000	14.185741	0.0	3605246	2133	20.0
1608431318.68	20000	14.302743	0.0	2770338	794	20.0
1608431319.12	20000	14.861084	0.0	1855168	357	20.0
1608431319.53	20000	15.456605	0.0	1666915	321	20.0
1608431319.86	20000	16.118657	0.0	1555467	255	20.0
1608431320.11	20000	16.873212	0.0	1008919	165	20.0
1608431320.39	20000	17.590112	0.0	1227619	204	20.0
1608431320.64	20000	18.349937	0.0	1015853	162	20.0
1608431320.77	20000	19.220189	0.0	384076	54	20.0
1608431320.88	20000	20.102327	0.0	295687	41	20.0
1608431321.16	20000	20.828091	0.0	1328674	192	20.0
1608431321.46	20000	21.529037	0.0	1492829	217	20.0
1608431321.76	20000	22.229695	0.0	1484812	216	20.0
1608431322.12	20000	22.86933	0.0	1868314	276	20.0
1608431322.39	20000	23.603385	0.0	1253406	185	20.0
1608431322.6	20000	24.394414	0.0	887933	131	20.0
1608431322.88	20000	25.109896	0.0	1153403	204	20.0
1608431323.19	20000	25.806233	0.0	1249023	222	20.0
1608431323.52	20000	26.472194	0.0	1423973	252	20.0
1608431323.83	20000	27.171413	0.0	1060162	220	20.0
1608431324.14	20000	27.85698	0.0	1080597	234	20.0
1608431324.48	20000	28.524368	0.0	1156442	251	20.0
1608431324.95	20000	29.046938	0.0	2222640	393	20.0
1608431325.48	20000	29.51806	0.0	2587311	438	20.0
1608431325.88	20000	30.120099	0.0	2178351	309	20.0
1608431326.4	20000	30.603071	0.0	3121089	422	20.0
1608431326.88	20000	31.128961	0.0	2857420	382	20.0
1608431327.19	20000	31.81666	0.0	1702477	227	20.0
1608431327.48	20000	32.528072	0.0	1531670	204	20.0
1608431327.8	20000	33.211173	0.0	1863424	231	20.0
1608431328.12	20000	33.885656	0.0	1987392	239	20.0
1608431328.52	20000	34.494203	0.0	2505586	301	20.0
1608431329.63	20000	34.384712	0.0	9620218	984	20.0
1608431329.96	20000	35.047149	0.0	2561608	249	20.0
1608431330.41	20000	35.600912	0.0	3633991	354	20.0
1608431330.84	20000	36.178566	0.0	3324070	328	20.0
1608431331.08	20000	36.937749	0.0	1560020	157	20.0
1608431331.3	20000	37.712218	0.0	1429188	144	20.0
1608431331.56	20000	38.451664	0.0	1754144	176	20.0
1608431331.81	20000	39.212483	0.0	1626020	151	20.0
1608431332.05	20000	39.97275	0.0	1739228	153	20.0
1608431332.28	20000	40.737512	0.0	1722735	152	20.0
1608431332.5	20000	41.516621	0.0	1538145	135	20.0
1608431332.72	20000	42.30413	0.0	1473412	130	20.0
1608431332.94	20000	43.083738	0.0	1498968	136	20.0
1608431333.23	20000	43.793307	0.0	2247334	205	20.0
1608431333.61	20000	44.414778	0.0	3156442	287	20.0
1608431333.85	20000	45.173696	0.0	1895098	158	20.0
1608431334.1	20000	45.927535	0.0	1939135	162	20.0
1608431334.34	20000	46.688261	0.0	1842874	153	20.0
1608431334.62	20000	47.414795	0.0	2235830	186	20.0
1608431334.88	20000	48.14855	0.0	2202171	171	20.0
1608431335.15	20000	48.88294	0.0	2242042	177	20.0
1608431335.31	20000	49.716742	0.0	1081763	85	20.0
1608431335.59	20000	50.438743	0.0	2409013	190	20.0
1608431335.86	20000	51.178027	0.0	1615028	179	20.0
1608431336.11	20000	51.923498	0.0	1413467	174	20.0
1608431336.4	20000	52.63913	0.0	1632450	202	20.0
1608431337.73	20000	52.306605	0.0	5664827	1227	20.0
1608431339.2	20000	51.847963	0.0	4578115	1359	20.0
1608431339.75	20000	52.28733	0.0	1783835	468	20.0
1608431340.05	20000	52.992547	0.0	1093613	214	20.0
1608431340.32	20000	53.721464	0.0	975642	190	20.0
1608431340.73	20000	54.31059	0.0	1658005	326	20.0
1608431341.45	20000	54.592492	0.0	3055257	627	20.0
1608431343.22	20000	53.823347	0.0	5355572	1669	20.0
1608431344.19	20000	53.859104	0.0	3278424	872	20.0
1608431344.83	20000	54.219509	0.0	2318501	553	20.0
1608431345.5	20000	54.54543	0.0	2473561	587	20.0
1608431346.01	20000	55.041709	0.0	1730311	419	20.0
1608431346.45	20000	55.593622	0.0	1455812	365	20.0
1608431347.41	20000	55.644704	0.0	2869222	859	20.0
1608431348.77	20000	55.277212	0.0	3226650	1276	20.0
1608431350.36	20000	54.690124	0.0	2705936	1496	20.0
1608431351.59	20000	54.460149	0.0	2998622	1140	20.0
1608431353.27	20000	53.779564	0.0	2928342	1593	20.0
1608431354.56	20000	53.494452	0.0	3059979	1196	20.0
1608431356.07	20000	52.985371	0.0	3367422	1418	20.0
1608431356.91	20000	53.149459	0.0	1950694	751	20.0
1608431357.5	20000	53.558426	0.0	1541020	509	20.0
1608431358.71	20000	53.347623	0.0	2926720	1121	20.0
1608431360.14	20000	52.924366	0.0	2991202	1328	20.0
1608431361.4	20000	52.657078	0.0	3002106	1175	20.0
1608431362.2	20000	52.860169	0.0	2015412	713	20.0
1608431363.25	20000	52.81379	0.0	2894863	959	20.0
1608431364.01	20000	53.056932	0.0	2185316	670	20.0
1608431365.08	20000	52.982834	0.0	3370605	982	20.0
1608431366.27	20000	52.79047	0.0	3492243	1098	20.0
1608431366.83	20000	53.240085	0.0	1307592	469	20.0
1608431367.56	20000	53.506607	0.0	1881404	649	20.0
1608431368.29	20000	53.77589	0.0	1806471	649	20.0
1608431369.15	20000	53.923144	0.0	1945842	761	20.0
1608431370.28	20000	53.790041	0.0	2538877	1046	20.0
1608431371.18	20000	53.886735	0.0	2298557	817	20.0
1608431372.32	20000	53.751861	0.0	2831497	1043	20.0
1608431373.74	20000	53.332508	0.0	3200905	1330	20.0
1608431374.66	20000	53.416789	0.0	2180586	829	20.0
1608431375.3	20000	53.770341	0.0	1500505	565	20.0
1608431376.15	20000	53.923437	0.0	1939246	762	20.0
1608431376.93	20000	54.145523	0.0	1599193	695	20.0
1608431378.13	20000	53.95053	0.0	2364826	1107	20.0
1608431379.75	20000	53.327668	0.0	2517454	1536	20.0
1608431381.28	20000	52.80012	0.0	1883143	1443	20.0
1608431382.39	20000	52.696246	0.0	1726706	1018	20.0
1608431382.8	20000	53.277386	0.0	707364	339	20.0
1608431383.26	20000	53.822825	0.0	796460	374	20.0
1608431383.62	20000	54.460411	0.0	596962	284	20.0
1608431384.16	20000	54.924104	0.0	947625	458	20.0
1608431384.67	20000	55.419582	0.0	832859	425	20.0
1608431384.81	20000	56.273795	0.0	151562	69	20.0
1608431384.92	20000	57.165021	0.0	90390	37	20.0
1608431385.0	20000	58.092478	0.0	50278	16	20.0
1608431385.05	20000	59.043001	0.0	26471	4	20.0
1608431385.59	20000	59.674639	0.0	40620	10	20.0
1608431386.05	4000	1.000999	0.156	334032	144	-3.12
1608431389.14	4000	1.428468	2.237	6594552	2954	-40.74
1608431391.8	4000	1.359652	1.494	4402139	2565	-25.88
1608431393.31	20000	1.276674	0.399	3191121	1407	-3.9800000000000004
1608431394.06	20000	1.533511	0.0	1661718	669	20.0
1608431394.65	20000	1.948058	0.0	1315024	504	20.0
1608431394.99	20000	2.605296	0.0	698359	265	20.0
1608431395.32	20000	3.277705	0.0	730082	247	20.0
1608431396.85	20000	2.755705	0.0	4047415	1428	20.0
1608431398.02	20000	2.580316	0.0	2863079	1085	20.0
1608431400.03	20000	1.576678	0.0	4167844	1909	20.0
1608431404.1	16000	1.308124	2.802	5571764	3963	-44.04
1608431406.88	16000	1.354119	1.824	4925652	2679	-20.479999999999997
1608431407.87	20000	1.436524	0.068	2030157	902	14.64
1608431408.99	20000	1.317145	0.0	2240782	1034	20.0
1608431410.99	20000	1.257132	0.945	2211169	1921	1.1000000000000014
1608431411.45	20000	1.795496	0.0	382046	381	20.0
1608431412.61	20000	1.636833	0.0	1113969	1074	20.0
1608431413.55	20000	1.699026	0.0	820127	851	20.0
1608431418.3	4000	1.455199	3.495	2995445	4634	-81.9
1608431422.01	4000	1.455979	2.709	2226527	3613	-50.18
1608431423.1	4000	1.413362	0.048	1501029	1005	3.04
1608431424.1	4000	1.466132	0.055	1558531	913	2.9
1608431425.18	4000	1.384861	0.0	1856343	989	4.0
1608431425.85	4000	1.72116	0.0	1433055	577	4.0
1608431426.33	4000	2.244376	0.0	1055512	392	4.0
1608431427.78	4000	1.790424	0.0	4647286	1352	4.0
1608431429.34	4000	1.276323	0.04	5615227	1451	3.2
1608431429.86	20000	1.757358	0.0	1849732	431	4.0
1608431430.41	20000	2.201965	0.0	1942795	473	20.0
1608431430.98	20000	2.633565	0.0	1704756	486	20.0
1608431431.51	20000	3.108688	0.0	1697111	442	20.0
1608431431.97	20000	3.650136	0.0	1529441	377	20.0
1608431432.45	20000	4.165262	0.0	1568649	400	20.0
