1608488455.88	4000	1.000999	0.022	60629	11	-0.7039999999999997
1608488458.57	20000	1.202061	1.866	11007815	2594	-55.712
1608488459.38	8000	1.624764	0.0	7078153	754	-4.0
1608488459.59	8000	2.442992	0.0	1798447	188	8.0
1608488459.71	8000	3.328404	0.0	946554	96	8.0
1608488459.8	8000	4.236717	0.0	768486	78	8.0
1608488459.85	8000	5.18428	0.0	398693	40	8.0
1608488459.95	20000	6.093446	0.0	730082	75	8.0
1608488460.4	20000	6.666449	0.0	4047415	421	20.0
1608488460.83	20000	7.233946	0.0	2863079	402	20.0
1608488461.7	20000	7.36264	0.0	4167844	841	20.0
1608488462.3	16000	7.767864	0.0	5571764	560	12.0
1608488462.95	16000	8.120631	0.0	4925652	615	16.0
1608488463.25	12000	8.820736	0.0	1630440	275	8.0
1608488463.56	12000	9.511891	0.0	1712120	288	12.0
1608488463.96	16000	10.115223	0.0	2211169	373	12.0
1608488464.03	16000	11.041272	0.0	382046	61	16.0
1608488464.23	16000	11.839159	0.0	1113969	187	16.0
1608488464.38	20000	12.68829	0.0	820127	137	16.0
1608488465.09	20000	12.988713	0.0	6357933	655	20.0
1608488465.51	20000	13.56857	0.0	4814284	386	20.0
1608488465.89	20000	14.187493	0.0	3419258	353	20.0
1608488466.41	20000	14.667653	0.0	3944328	491	20.0
1608488466.91	20000	15.164176	0.0	4284196	474	20.0
1608488467.24	20000	15.836733	0.0	3022025	302	20.0
1608488467.49	20000	16.591206	0.0	2248581	225	20.0
1608488468.71	20000	16.374597	0.0	9946363	1156	20.0
1608488470.25	16000	15.830574	0.0	11684632	1477	12.0
1608488470.47	12000	16.618318	0.0	1491397	192	8.0
1608488470.71	16000	17.37358	0.0	1942795	222	12.0
1608488470.83	16000	18.253807	0.0	1704756	101	16.0
1608488470.95	16000	19.134923	0.0	1697111	101	16.0
1608488471.06	20000	20.027146	0.0	1529441	90	16.0
1608488471.17	20000	20.916168	0.0	1568649	92	20.0
1608488471.3	20000	21.797444	0.0	1677618	100	20.0
1608488471.4	20000	22.691185	0.0	1415096	81	20.0
1608488471.53	20000	23.560714	0.0	1894067	112	20.0
1608488471.62	20000	24.474187	0.0	1186604	70	20.0
1608488471.7	20000	25.39762	0.0	1068386	62	20.0
1608488471.81	20000	26.288932	0.0	1700843	89	20.0
1608488471.96	20000	27.131394	0.0	2536859	135	20.0
1608488472.26	20000	27.836774	0.0	4742872	257	20.0
1608488472.56	20000	28.537058	0.0	4955535	263	20.0
1608488472.64	20000	29.45378	0.0	1260540	66	20.0
1608488472.93	20000	30.167743	0.0	3605246	256	20.0
1608488473.17	20000	30.935797	0.0	2770338	207	20.0
1608488473.33	20000	31.775551	0.0	1855168	138	20.0
1608488473.47	20000	32.633701	0.0	1666915	124	20.0
1608488473.6	20000	33.500214	0.0	1555467	116	20.0
1608488473.69	20000	34.410153	0.0	1008919	75	20.0
1608488473.83	20000	35.272112	0.0	1227619	122	20.0
1608488473.95	20000	36.156114	0.0	1015853	101	20.0
1608488474.0	20000	37.105703	0.0	384076	37	20.0
1608488474.04	20000	38.066171	0.0	295687	28	20.0
1608488474.19	20000	38.91803	0.0	1328674	133	20.0
1608488474.36	20000	39.750995	0.0	1492829	149	20.0
1608488474.53	20000	40.585242	0.0	1484812	148	20.0
1608488474.74	20000	41.369075	0.0	1868314	195	20.0
1608488474.93	20000	42.181463	0.0	1253406	169	20.0
1608488475.07	20000	43.046849	0.0	887933	119	20.0
1608488475.24	20000	43.874412	0.0	1153403	157	20.0
1608488475.43	20000	44.689631	0.0	1249023	169	20.0
1608488475.64	20000	45.478708	0.0	1423973	193	20.0
1608488475.82	20000	46.295014	0.0	1060162	168	20.0
1608488476.03	20000	47.090641	0.0	1080597	189	20.0
1608488476.25	20000	47.872739	0.0	1156442	203	20.0
1608488476.66	20000	48.45933	0.0	2222640	392	20.0
1608488477.02	20000	49.099681	0.0	2587311	336	20.0
1608488477.32	20000	49.804586	0.0	2178351	274	20.0
1608488477.74	20000	50.38608	0.0	3121089	392	20.0
1608488478.12	20000	51.006745	0.0	2857420	354	20.0
1608488478.35	20000	51.777508	0.0	1702477	210	20.0
1608488478.56	20000	52.569473	0.0	1531670	189	20.0
1608488478.81	20000	53.317848	0.0	1863424	232	20.0
1608488479.09	20000	54.038555	0.0	1987392	258	20.0
1608488479.44	20000	54.690117	0.0	2505586	325	20.0
1608488480.84	20000	54.288341	0.0	9620218	1341	20.0
1608488481.28	16000	54.851653	0.0	2561608	409	12.0
1608488481.84	16000	55.29054	0.0	3633991	530	16.0
1608488482.14	12000	55.992684	0.0	2707022	267	8.0
1608488482.32	16000	56.819119	0.0	1560020	153	12.0
1608488482.48	16000	57.659761	0.0	1429188	140	16.0
1608488482.67	20000	58.466843	0.0	1754144	173	16.0
1608488482.85	20000	59.288876	0.0	1626020	161	20.0
1608488483.54	20000	59.599632	0.0	1739228	174	20.0
1608488484.74	20000	59.600714	0.0	1722735	171	20.0
1608488485.63	20000	59.601624	0.0	1538145	370	20.0
1608488486.59	20000	59.602676	0.0	1473412	437	20.0
1608488487.25	16000	59.891877	0.0	1498968	637	12.0
1608488489.39	8000	58.75087	0.0	1222697	2122	0.0
1608488489.57	2000	59.576594	0.0	845902	157	-4.0
1608488490.67	2000	59.606653	0.0	452278	83	2.0
1608488491.71	2000	59.607629	0.0	403995	28	2.0
1608488492.75	2000	59.608632	0.0	391858	30	2.0
1608488493.3	2000	59.859649	0.0	447328	29	2.0
1608488494.47	20000	59.860695	0.0	2202171	143	2.0
1608488495.66	20000	59.611648	0.0	2242042	166	20.0
1608488496.78	20000	59.612652	0.0	1081763	105	20.0
1608488497.43	20000	59.863624	0.0	2409013	130	20.0
1608488498.54	20000	59.864655	0.0	1615028	83	20.0
1608488499.63	20000	59.615616	0.0	1413467	70	20.0
1608488500.73	20000	59.616628	0.0	1632450	83	20.0
1608488501.53	20000	59.867629	0.0	5664827	253	20.0
1608488502.79	20000	59.618655	0.0	4578115	218	20.0
1608488503.4	20000	59.869629	0.0	1783835	91	20.0
1608488504.47	20000	59.870676	0.0	1093613	45	20.0
1608488505.54	20000	59.621656	0.0	975642	56	20.0
1608488506.67	20000	59.622698	0.0	1658005	105	20.0
1608488507.54	20000	59.623661	0.0	3055257	346	20.0
1608488508.62	20000	59.624645	0.0	5355572	539	20.0
1608488509.42	20000	59.875678	0.0	3278424	267	20.0
1608488510.67	20000	59.626707	0.0	2318501	228	20.0
1608488511.53	20000	59.797173	0.0	2473561	334	20.0
1608488512.7	20000	59.628641	0.0	1730311	148	20.0
1608488513.39	20000	59.879655	0.0	1455812	172	20.0
1608488514.71	20000	59.630715	0.0	2869222	291	20.0
1608488515.58	20000	59.631678	0.0	3226650	335	20.0
1608488516.37	20000	59.882705	0.0	2705936	267	20.0
1608488517.71	20000	59.633648	0.0	2998622	307	20.0
1608488518.55	20000	59.634624	0.0	2928342	313	20.0
1608488519.45	20000	59.885728	0.0	3059979	370	20.0
1608488520.36	20000	59.886647	0.0	3367422	384	20.0
1608488521.61	20000	59.637684	0.0	1950694	227	20.0
1608488522.31	20000	59.888631	0.0	1541020	177	20.0
1608488523.68	20000	59.639675	0.0	2926720	343	20.0
1608488524.57	20000	59.640635	0.0	2991202	360	20.0
1608488525.54	20000	59.641629	0.0	3002106	446	20.0
1608488526.78	20000	59.642639	0.0	2015412	217	20.0
1608488527.67	20000	59.643641	0.0	2894863	363	20.0
1608488528.48	20000	59.894627	0.0	2185316	275	20.0
1608488529.42	20000	59.895657	0.0	3370605	417	20.0
1608488530.39	20000	59.896728	0.0	3492243	440	20.0
1608488531.59	20000	59.647631	0.0	1307592	171	20.0
1608488532.34	20000	59.898624	0.0	1881404	233	20.0
1608488533.58	20000	59.649702	0.0	1806471	216	20.0
1608488534.35	20000	59.900636	0.0	1945842	248	20.0
1608488535.56	20000	59.651616	0.0	2538877	680	20.0
1608488536.4	16000	59.902642	0.0	2298557	318	12.0
1608488537.65	16000	59.653629	0.0	2831497	728	16.0
1608488538.26	12000	59.936218	0.0	2580724	577	8.0
1608488539.51	8000	59.905639	0.0	1256122	230	4.0
1608488540.68	8000	59.656677	0.0	872352	155	8.0
1608488541.57	12000	59.657653	0.0	1549070	355	8.0
1608488542.46	12000	59.908629	0.0	1299702	369	12.0
1608488543.26	16000	59.935989	0.0	2364826	779	12.0
1608488544.69	8000	59.660671	0.0	1466703	403	0.0
1608488545.3	8000	59.911594	0.0	1060685	93	8.0
1608488546.44	8000	59.912699	0.0	1011581	118	8.0
1608488547.52	12000	59.913714	0.0	564365	59	8.0
1608488548.62	12000	59.664758	0.0	622694	86	12.0
1608488549.7	20000	59.665719	0.0	596962	65	12.0
1608488550.3	20000	59.91675	0.0	947625	85	20.0
1608488551.39	20000	59.917735	0.0	832859	70	20.0
1608488552.41	20000	59.918733	0.0	151562	11	20.0
1608488553.93	20000	59.550295	0.0	90390	5	20.0
1608488554.95	20000	59.551292	0.0	50278	2	20.0
1608488555.96	16000	59.552261	0.0	26471	4	12.0
1608488556.98	8000	59.553359	0.0	26015	4	0.0
1608488557.28	4000	1.000999	0.013	60629	3	-0.4159999999999999
1608488558.17	20000	1.281072	0.154	11007815	799	-0.9280000000000008
1608488558.94	20000	1.732049	0.0	8849724	706	20.0
1608488559.22	16000	2.472526	0.0	3191121	255	12.0
1608488559.38	16000	3.314106	0.0	1661718	139	16.0
1608488559.52	16000	4.187368	0.0	1315024	110	16.0
1608488559.59	20000	5.110639	0.0	698359	56	16.0
1608488559.66	20000	6.037502	0.0	730082	59	20.0
1608488560.03	20000	6.691978	0.0	4047415	341	20.0
1608488560.3	20000	7.423992	0.0	2863079	244	20.0
1608488560.71	20000	8.016249	0.0	4167844	378	20.0
1608488561.26	20000	8.470241	0.0	5571764	504	20.0
1608488561.81	20000	8.921537	0.0	4925652	512	20.0
1608488562.04	20000	9.688867	0.0	2030157	210	20.0
1608488562.29	20000	10.447459	0.0	2240782	221	20.0
1608488562.48	20000	11.250991	0.0	2211169	169	20.0
1608488562.52	20000	12.210254	0.0	382046	28	20.0
1608488562.62	20000	13.110734	0.0	1113969	85	20.0
1608488562.7	20000	14.034785	0.0	820127	62	20.0
1608488563.23	20000	14.502277	0.0	6357933	491	20.0
1608488563.65	20000	15.08376	0.0	4814284	382	20.0
1608488563.95	20000	15.784695	0.0	3419258	271	20.0
1608488564.3	20000	16.437955	0.0	3944328	315	20.0
1608488564.71	20000	17.026236	0.0	4284196	380	20.0
1608488565.01	20000	17.732923	0.0	3022025	267	20.0
1608488565.23	20000	18.512087	0.0	2248581	199	20.0
1608488566.11	20000	18.636642	0.0	9946363	816	20.0
1608488567.37	20000	18.376463	0.0	11684632	1191	20.0
1608488567.59	16000	19.1549	0.0	1849732	202	12.0
1608488567.82	16000	19.92284	0.0	1942795	212	16.0
1608488568.03	16000	20.718576	0.0	1704756	186	16.0
1608488568.23	16000	21.512812	0.0	1697111	185	16.0
1608488568.43	20000	22.317775	0.0	1529441	177	16.0
1608488568.64	20000	23.11391	0.0	1568649	185	20.0
