1608452042.98	4000	1.000999	0.02	60629	10	-0.3999999999999999
1608452044.49	4000	1.399163	0.829	6594552	1364	-12.579999999999998
1608452045.47	8000	1.648038	0.0	7078153	858	4.0
1608452045.89	20000	2.325303	0.0	3191121	328	8.0
1608452046.12	20000	3.099368	0.0	1661718	145	20.0
1608452046.31	20000	3.924772	0.0	1315024	114	20.0
1608452046.45	20000	4.786315	0.0	698359	61	20.0
1608452046.6	20000	5.644455	0.0	730082	63	20.0
1608452047.01	20000	6.230871	0.0	4047415	320	20.0
1608452047.31	20000	6.932539	0.0	2863079	211	20.0
1608452047.72	20000	7.526617	0.0	4167844	307	20.0
1608452048.38	20000	7.860235	0.0	5571764	563	20.0
1608452048.98	20000	8.261284	0.0	4925652	499	20.0
1608452049.27	20000	8.978945	0.0	2030157	198	20.0
1608452049.57	20000	9.676291	0.0	2240782	218	20.0
1608452049.87	20000	10.377786	0.0	2211169	214	20.0
1608452049.98	20000	11.267066	0.0	382046	34	20.0
1608452050.17	20000	12.082317	0.0	1113969	104	20.0
1608452050.32	20000	12.927776	0.0	820127	76	20.0
1608452051.07	20000	13.180364	0.0	6357933	638	20.0
1608452051.73	20000	13.522289	0.0	4814284	558	20.0
1608452052.96	20000	13.291351	0.0	3419258	1140	20.0
1608452053.31	20000	13.943762	0.0	3944328	255	20.0
1608452053.68	20000	14.571607	0.0	4284196	276	20.0
1608452054.02	20000	15.238099	0.0	3022025	243	20.0
1608452054.32	20000	15.937868	0.0	2248581	215	20.0
1608452055.48	20000	15.783462	0.0	9946363	1011	20.0
1608452060.81	20000	11.448222	0.0	11684632	5188	20.0
1608452064.69	20000	8.569311	0.0	1849732	3788	20.0
1608452065.04	4000	9.226655	0.0	795179	258	-12.0
1608452065.25	4000	10.013753	0.0	741228	131	4.0
1608452065.47	4000	10.796275	0.0	760332	132	4.0
1608452065.69	4000	11.578637	0.0	769288	136	4.0
1608452065.91	4000	12.35891	0.0	779865	138	4.0
1608452066.4	20000	12.863445	0.0	1677618	407	4.0
1608452066.83	20000	13.438112	0.0	1415096	343	20.0
1608452067.29	20000	13.97847	0.0	1894067	377	20.0
1608452067.61	20000	14.665452	0.0	1186604	232	20.0
1608452067.89	20000	15.376738	0.0	1068386	209	20.0
1608452068.28	20000	15.988572	0.0	1700843	306	20.0
1608452068.83	20000	16.443411	0.0	2536859	458	20.0
1608452070.19	20000	16.084943	0.0	4742872	1262	20.0
1608452072.49	20000	14.788453	0.0	4955535	2196	20.0
1608452073.18	20000	15.100144	0.0	1260540	607	20.0
1608452074.09	20000	15.184257	0.0	3605246	824	20.0
1608452074.93	20000	15.352292	0.0	2770338	743	20.0
1608452075.49	20000	15.788556	0.0	1855168	480	20.0
1608452076.0	20000	16.279437	0.0	1666915	427	20.0
1608452076.56	20000	16.72119	0.0	1555467	477	20.0
1608452076.95	20000	17.3356	0.0	1008919	307	20.0
1608452077.51	20000	17.774456	0.0	1227619	481	20.0
1608452077.98	20000	18.299127	0.0	1015853	397	20.0
1608452078.15	20000	19.137327	0.0	384076	85	20.0
1608452078.29	20000	19.998142	0.0	295687	65	20.0
1608452078.67	20000	20.612818	0.0	1328674	305	20.0
1608452079.13	20000	21.15439	0.0	1492829	375	20.0
1608452079.71	20000	21.581526	0.0	1484812	491	20.0
1608452080.53	20000	21.76441	0.0	1868314	733	20.0
1608452081.12	20000	22.170261	0.0	1253406	505	20.0
1608452081.49	20000	22.797264	0.0	887933	291	20.0
1608452081.96	20000	23.337639	0.0	1153403	380	20.0
1608452082.36	20000	23.934566	0.0	1249023	321	20.0
1608452082.81	20000	24.485608	0.0	1423973	368	20.0
1608452083.24	20000	25.058055	0.0	1060162	349	20.0
1608452083.79	20000	25.510847	0.0	1080597	468	20.0
1608452084.25	20000	26.052251	0.0	1156442	377	20.0
1608452084.95	20000	26.353375	0.0	2222640	615	20.0
1608452085.6	20000	26.697619	0.0	2587311	568	20.0
1608452086.2	20000	27.100992	0.0	2178351	507	20.0
1608452087.21	20000	27.094081	0.0	3121089	916	20.0
1608452088.11	20000	27.194222	0.0	2857420	812	20.0
1608452088.65	20000	27.656064	0.0	1702477	454	20.0
1608452089.13	20000	28.17127	0.0	1531670	404	20.0
1608452089.72	20000	28.589268	0.0	1863424	498	20.0
1608452090.34	20000	28.96486	0.0	1987392	539	20.0
1608452091.12	20000	29.184572	0.0	2505586	692	20.0
1608452093.91	20000	27.4047	0.0	9620218	2659	20.0
1608452094.5	20000	27.814044	0.0	2561608	503	20.0
1608452095.27	20000	28.039433	0.0	3633991	683	20.0
1608452095.94	20000	28.372231	0.0	3324070	576	20.0
1608452096.27	20000	29.043801	0.0	1560020	248	20.0
1608452096.57	20000	29.743128	0.0	1429188	218	20.0
1608452096.92	20000	30.391499	0.0	1754144	269	20.0
1608452097.23	20000	31.089309	0.0	1626020	220	20.0
1608452097.52	20000	31.793613	0.0	1739228	205	20.0
1608452097.82	20000	32.501784	0.0	1722735	209	20.0
1608452098.09	20000	33.234223	0.0	1538145	187	20.0
1608452098.34	20000	33.975827	0.0	1473412	176	20.0
1608452098.61	20000	34.715618	0.0	1498968	180	20.0
1608452098.96	20000	35.361703	0.0	2247334	270	20.0
1608452099.41	20000	35.908607	0.0	3156442	364	20.0
1608452099.71	20000	36.610416	0.0	1895098	215	20.0
1608452100.02	20000	37.307911	0.0	1939135	220	20.0
1608452100.32	20000	38.001761	0.0	1842874	223	20.0
1608452100.69	20000	38.641028	0.0	2235830	277	20.0
1608452101.04	20000	39.284595	0.0	2202171	273	20.0
1608452101.48	20000	39.851402	0.0	2242042	348	20.0
1608452101.73	20000	40.601855	0.0	1081763	171	20.0
1608452102.21	20000	41.116504	0.0	2409013	394	20.0
1608452102.63	20000	41.701512	0.0	1615028	334	20.0
1608452103.0	20000	42.328529	0.0	1413467	291	20.0
1608452103.34	20000	42.996019	0.0	1632450	251	20.0
1608452104.25	20000	43.084809	0.0	5664827	809	20.0
1608452105.13	20000	43.210059	0.0	4578115	779	20.0
1608452105.56	20000	43.77505	0.0	1783835	352	20.0
1608452105.85	20000	44.483295	0.0	1093613	214	20.0
1608452106.12	20000	45.214789	0.0	975642	190	20.0
1608452108.22	20000	44.123009	0.0	1658005	2008	20.0
1608452109.19	20000	44.151706	0.0	3055257	874	20.0
1608452110.8	20000	43.547373	0.0	5355572	1501	20.0
1608452111.49	20000	43.849124	0.0	3278424	609	20.0
1608452112.07	20000	44.270502	0.0	2318501	493	20.0
1608452112.8	20000	44.542518	0.0	2473561	642	20.0
1608452113.34	20000	45.010661	0.0	1730311	447	20.0
1608452113.77	20000	45.574295	0.0	1455812	354	20.0
1608452114.48	20000	45.870826	0.0	2869222	615	20.0
1608452115.15	20000	46.196668	0.0	3226650	583	20.0
1608452115.72	20000	46.629949	0.0	2705936	475	20.0
1608452116.33	20000	47.023933	0.0	2998622	516	20.0
1608452116.86	20000	47.492824	0.0	2928342	442	20.0
1608452117.46	20000	47.897293	0.0	3059979	502	20.0
1608452118.2	20000	48.155205	0.0	3367422	652	20.0
1608452118.6	20000	48.754026	0.0	1950694	317	20.0
1608452118.93	20000	49.42178	0.0	1541020	249	20.0
1608452119.57	20000	49.787376	0.0	2926720	546	20.0
1608452120.29	20000	50.063651	0.0	2991202	633	20.0
1608452120.96	20000	50.394445	0.0	3002106	580	20.0
1608452121.45	20000	50.912231	0.0	2015412	397	20.0
1608452122.14	20000	51.224248	0.0	2894863	601	20.0
1608452122.65	20000	51.713292	0.0	2185316	424	20.0
1608452123.4	20000	51.962439	0.0	3370605	659	20.0
1608452124.24	20000	52.124414	0.0	3492243	745	20.0
1608452124.57	20000	52.798474	0.0	1307592	245	20.0
1608452125.01	20000	53.360951	0.0	1881404	354	20.0
1608452125.44	20000	53.931842	0.0	1806471	346	20.0
1608452125.91	20000	54.454476	0.0	1945842	393	20.0
1608452126.58	20000	54.791433	0.0	2538877	576	20.0
1608452127.28	20000	55.089563	0.0	2298557	616	20.0
1608452127.81	20000	55.563762	0.0	2831497	436	20.0
1608452128.4	20000	55.971375	0.0	3200905	502	20.0
1608452128.88	20000	56.492033	0.0	2180586	393	20.0
1608452129.23	20000	57.140734	0.0	1500505	269	20.0
1608452129.71	20000	57.666697	0.0	1939246	389	20.0
1608452130.12	20000	58.256405	0.0	1599193	321	20.0
1608452130.73	20000	58.644965	0.0	2364826	523	20.0
1608452131.4	20000	58.982425	0.0	2517454	575	20.0
1608452131.9	20000	59.477688	0.0	1883143	422	20.0
1608452132.39	20000	59.988811	0.0	1726706	404	20.0
1608452133.76	20000	59.686488	0.0	707364	289	20.0
1608452134.72	20000	59.687511	0.0	796460	383	20.0
1608452135.56	20000	59.938516	0.0	596962	254	20.0
1608452136.57	20000	59.939447	0.0	947625	432	20.0
1608452137.64	20000	59.940527	0.0	832859	486	20.0
1608452138.78	20000	59.691541	0.0	151562	62	20.0
1608452139.89	20000	59.692522	0.0	90390	40	20.0
1608452140.48	20000	59.943517	0.0	50278	26	20.0
1608452141.54	20000	59.944535	0.0	26471	15	20.0
1608452146.59	20000	55.800533	0.0	40620	5003	20.0
1608452146.62	8000	56.204604	0.849	11647	6	-16.98
1608452147.05	4000	1.000999	-0.76	335737	78	15.2
1608452147.4	2000	1.929652	0.0	1072422	261	0.0
1608452147.79	2000	2.539503	0.0	1121405	304	2.0
1608452148.07	2000	3.26147	0.0	728514	198	2.0
1608452148.64	20000	3.69375	0.0	1661718	480	2.0
1608452149.14	20000	4.198417	0.0	1315024	417	20.0
1608452149.43	20000	4.902449	0.0	698359	219	20.0
1608452149.81	20000	5.528207	0.0	730082	297	20.0
1608452151.85	20000	4.713682	0.0	4047415	1930	20.0
1608452154.99	16000	2.573222	0.0	2863079	3042	12.0
1608452155.56	4000	3.005273	0.0	1463326	475	-8.0
1608452155.95	4000	3.613165	0.0	2054811	304	4.0
1608452156.33	4000	4.23814	0.0	1928241	285	4.0
1608452156.81	16000	4.758322	0.0	2030157	388	4.0
1608452157.36	20000	5.207765	0.0	2240782	465	16.0
1608452157.99	20000	5.582003	0.0	2211169	540	20.0
1608452158.16	20000	6.406903	0.0	382046	92	20.0
1608452158.52	20000	7.054673	0.0	1113969	274	20.0
1608452158.79	20000	7.778345	0.0	820127	198	20.0
1608452160.85	20000	6.721133	0.0	6357933	1939	20.0
1608452162.62	20000	5.951639	0.0	4814284	1668	20.0
1608452163.83	20000	5.74714	0.0	3419258	1110	20.0
1608452165.48	20000	5.096054	0.0	3944328	1554	20.0
1608452167.1	20000	4.471838	0.0	4284196	1525	20.0
1608452168.3	20000	4.276539	0.0	3022025	1103	20.0
1608452169.22	20000	4.353807	0.0	2248581	833	20.0
1608452171.74	8000	2.838765	0.0	6361262	2398	-4.0
1608452174.59	8000	1.260626	0.274	7838407	2730	2.5199999999999996
1608452175.15	20000	1.705614	0.0	1849732	467	8.0
1608452175.71	20000	2.148961	0.0	1942795	473	20.0
1608452176.17	20000	2.685355	0.0	1704756	382	20.0
1608452176.64	20000	3.229062	0.0	1697111	374	20.0
1608452176.99	20000	3.871212	0.0	1529441	267	20.0
