1608457732.69	4000	1.000999	0.015	60629	6	-0.48
1608457732.85	2000	1.88275	0.0	1072422	120	0.0
1608457733.01	2000	2.731842	0.0	1121405	149	2.0
1608457733.12	2000	3.626094	0.0	728514	95	2.0
1608457733.2	2000	4.570714	0.0	508013	66	2.0
1608457733.26	2000	5.509507	0.0	395538	51	2.0
1608457733.31	2000	6.461174	0.0	297276	37	2.0
1608457733.36	4000	7.416284	0.0	222226	28	2.0
1608457733.68	8000	8.092003	0.0	1838971	301	4.0
1608457733.95	8000	8.828739	0.0	1382199	248	8.0
1608457734.34	8000	9.438416	0.0	2052265	369	8.0
1608457735.33	8000	9.443657	0.0	3005823	970	8.0
1608457736.85	8000	8.930111	0.0	2879726	1493	8.0
1608457737.56	8000	9.224731	0.0	1267052	690	8.0
1608457737.92	8000	9.85962	0.0	1316661	350	8.0
1608457738.39	12000	10.394649	0.0	1662097	443	8.0
1608457738.46	12000	11.324262	0.0	243072	60	12.0
1608457739.46	16000	11.325375	0.0	1113969	980	12.0
1608457739.69	16000	12.098125	0.0	820127	214	16.0
1608457741.56	16000	11.473862	0.0	6357933	1812	16.0
1608457742.69	16000	11.341607	0.0	4814284	1096	16.0
1608457743.36	16000	11.679869	0.0	3419258	633	16.0
1608457744.01	16000	12.026793	0.0	3944328	622	16.0
1608457744.72	16000	12.322866	0.0	4284196	673	16.0
1608457745.28	16000	12.761769	0.0	3022025	535	16.0
1608457745.96	16000	13.076293	0.0	2248581	655	16.0
1608457748.12	16000	11.926067	0.0	9946363	2073	16.0
1608457750.2	16000	10.83789	0.0	11684632	2021	16.0
1608457750.53	12000	11.517328	0.0	1491397	301	8.0
1608457751.46	16000	11.580993	0.0	1942795	914	12.0
1608457754.37	16000	9.680568	0.0	1704756	2875	16.0
1608457755.17	12000	9.878133	0.0	1392963	781	8.0
1608457755.7	12000	10.347104	0.0	1276651	515	12.0
1608457755.96	12000	11.089093	0.0	1314540	241	12.0
1608457756.29	16000	11.758267	0.0	1677618	308	12.0
1608457756.57	16000	12.480358	0.0	1415096	260	16.0
1608457757.06	16000	12.993936	0.0	1894067	467	16.0
1608457757.37	16000	13.680262	0.0	1186604	296	16.0
1608457757.65	16000	14.403645	0.0	1068386	261	16.0
1608457758.1	16000	14.957511	0.0	1700843	426	16.0
1608457758.76	16000	15.299247	0.0	2536859	635	16.0
1608457760.0	20000	15.059099	0.0	4742872	1203	16.0
1608457761.59	20000	14.471633	0.0	4955535	1551	20.0
1608457761.99	16000	15.070752	0.0	1260540	384	12.0
1608457763.16	20000	14.897759	0.0	3605246	1144	16.0
1608457764.09	16000	14.975122	0.0	2770338	898	12.0
1608457764.69	16000	15.369915	0.0	1855168	585	16.0
1608457765.24	20000	15.821604	0.0	1666915	530	16.0
1608457765.75	20000	16.310932	0.0	1555467	493	20.0
1608457766.1	20000	16.962518	0.0	1008919	332	20.0
1608457766.52	20000	17.542261	0.0	1227619	405	20.0
1608457766.95	20000	18.118147	0.0	1015853	407	20.0
1608457767.13	20000	18.935658	0.0	384076	170	20.0
1608457767.27	20000	19.795949	0.0	295687	128	20.0
1608457767.78	20000	20.289732	0.0	1328674	490	20.0
1608457768.14	20000	20.930171	0.0	1492829	342	20.0
1608457768.5	20000	21.572398	0.0	1484812	341	20.0
1608457768.88	20000	22.190144	0.0	1868314	364	20.0
1608457769.12	20000	22.955001	0.0	1253406	220	20.0
1608457769.29	20000	23.787343	0.0	887933	154	20.0
1608457769.5	20000	24.570851	0.0	1153403	202	20.0
1608457769.86	20000	25.214864	0.0	1249023	340	20.0
1608457770.66	20000	25.415038	0.0	1423973	783	20.0
1608457771.16	20000	25.922799	0.0	1060162	478	20.0
1608457771.67	20000	26.414356	0.0	1080597	493	20.0
1608457771.95	20000	27.132223	0.0	1156442	266	20.0
1608457772.48	20000	27.598676	0.0	2222640	512	20.0
1608457773.07	20000	28.013001	0.0	2587311	562	20.0
1608457773.55	20000	28.52906	0.0	2178351	463	20.0
1608457774.29	20000	28.798307	0.0	3121089	706	20.0
1608457774.96	20000	29.12941	0.0	2857420	635	20.0
1608457775.34	20000	29.748804	0.0	1702477	362	20.0
1608457775.68	20000	30.406408	0.0	1531670	324	20.0
1608457776.14	20000	30.950628	0.0	1863424	436	20.0
1608457776.63	20000	31.459778	0.0	1987392	471	20.0
1608457777.48	20000	31.609093	0.0	2505586	828	20.0
1608457779.79	20000	30.305845	0.0	9620218	2245	20.0
1608457780.32	20000	30.775974	0.0	2561608	506	20.0
1608457780.95	20000	31.142587	0.0	3633991	605	20.0
1608457781.39	20000	31.702815	0.0	3324070	412	20.0
1608457781.61	20000	32.491197	0.0	1560020	193	20.0
1608457782.11	20000	32.988626	0.0	1429188	475	20.0
1608457783.9	20000	32.194703	0.0	1754144	1773	20.0
1608457784.24	20000	32.862999	0.0	1626020	313	20.0
1608457784.59	20000	33.509958	0.0	1739228	335	20.0
1608457785.03	20000	34.068305	0.0	1722735	422	20.0
1608457785.52	20000	34.580194	0.0	1538145	471	20.0
1608457786.88	20000	34.22104	0.0	1473412	1342	20.0
1608457787.78	20000	34.319142	0.0	1498968	884	20.0
1608457788.91	20000	34.196416	0.0	2247334	1101	20.0
1608457789.94	20000	34.165406	0.0	3156442	1003	20.0
1608457790.44	20000	34.667982	0.0	1895098	476	20.0
1608457791.05	20000	35.060374	0.0	1939135	588	20.0
1608457791.9	20000	35.212906	0.0	1842874	828	20.0
1608457792.8	20000	35.308412	0.0	2235830	884	20.0
1608457793.65	20000	35.461695	0.0	2202171	824	20.0
1608457794.54	20000	35.569427	0.0	2242042	871	20.0
1608457795.02	20000	36.092295	0.0	1081763	460	20.0
1608457796.13	20000	35.986092	0.0	2409013	1084	20.0
1608457796.68	20000	36.432908	0.0	1615028	534	20.0
1608457797.26	20000	36.85744	0.0	1413467	559	20.0
1608457797.93	20000	37.18592	0.0	1632450	653	20.0
1608457799.55	20000	36.570826	0.0	5664827	1575	20.0
1608457801.3	20000	35.815213	0.0	4578115	1723	20.0
1608457801.95	20000	36.170956	0.0	1783835	624	20.0
1608457802.3	20000	36.821396	0.0	1093613	333	20.0
1608457802.62	20000	37.502944	0.0	975642	296	20.0
1608457803.12	20000	38.00691	0.0	1658005	478	20.0
1608457803.99	20000	38.13631	0.0	3055257	845	20.0
1608457805.9	20000	37.226038	0.0	5355572	1871	20.0
1608457807.12	20000	37.00287	0.0	3278424	1197	20.0
1608457808.01	20000	37.11366	0.0	2318501	868	20.0
1608457808.7	20000	37.428921	0.0	2473561	663	20.0
1608457809.21	20000	37.915368	0.0	1730311	495	20.0
1608457809.68	20000	38.452157	0.0	1455812	446	20.0
1608457810.9	20000	38.227446	0.0	2869222	1200	20.0
1608457812.36	20000	37.772908	0.0	3226650	1429	20.0
1608457813.72	20000	37.412276	0.0	2705936	1336	20.0
1608457815.42	20000	36.710962	0.0	2998622	1676	20.0
1608457817.03	20000	36.108818	0.0	2928342	1577	20.0
1608457818.84	20000	35.294136	0.0	3059979	1789	20.0
1608457820.33	20000	34.810996	0.0	3367422	1457	20.0
1608457821.68	20000	34.453255	0.0	1950694	1337	20.0
1608457822.45	20000	34.692075	0.0	1541020	743	20.0
1608457823.77	20000	34.365083	0.0	2926720	1294	20.0
1608457825.1	20000	34.040241	0.0	2991202	1299	20.0
1608457826.16	20000	33.985666	0.0	3002106	1029	20.0
1608457826.84	20000	34.297479	0.0	2015412	668	20.0
1608457827.83	20000	34.316953	0.0	2894863	957	20.0
1608457828.48	20000	34.662596	0.0	2185316	632	20.0
1608457829.45	20000	34.694288	0.0	3370605	943	20.0
1608457830.53	20000	34.619695	0.0	3492243	1045	20.0
1608457830.97	20000	35.180876	0.0	1307592	415	20.0
1608457831.74	20000	35.411292	0.0	1881404	749	20.0
1608457832.41	20000	35.737008	0.0	1806471	654	20.0
1608457833.08	20000	36.074435	0.0	1945842	643	20.0
1608457834.1	20000	36.056906	0.0	2538877	994	20.0
1608457834.8	20000	36.353812	0.0	2298557	682	20.0
1608457835.73	20000	36.42679	0.0	2831497	904	20.0
1608457837.16	20000	35.993715	0.0	3200905	1407	20.0
1608457837.81	20000	36.348896	0.0	2180586	623	20.0
1608457838.3	20000	36.853255	0.0	1500505	477	20.0
1608457839.09	20000	37.067847	0.0	1939246	765	20.0
1608457839.64	20000	37.523037	0.0	1599193	526	20.0
1608457840.45	20000	37.706291	0.0	2364826	792	20.0
1608457841.33	20000	37.835269	0.0	2517454	848	20.0
1608457841.95	20000	38.214578	0.0	1883143	600	20.0
1608457842.51	20000	38.650254	0.0	1726706	544	20.0
1608457842.75	20000	39.414014	0.0	707364	222	20.0
1608457843.02	20000	40.148873	0.0	796460	251	20.0
1608457843.21	20000	40.953848	0.0	596962	181	20.0
1608457843.53	20000	41.639359	0.0	947625	299	20.0
1608457843.8	20000	42.364131	0.0	832859	262	20.0
1608457843.86	20000	43.30804	0.0	151562	43	20.0
1608457843.9	20000	44.272906	0.0	90390	23	20.0
1608457843.92	20000	45.25231	0.0	50278	11	20.0
1608457843.93	20000	46.240731	0.0	26471	2	20.0
1608457843.95	20000	47.224585	0.0	40620	7	20.0
1608457844.36	4000	1.000999	0.114	335737	102	-3.648
1608457844.72	2000	1.918564	0.0	1072422	340	0.0
1608457845.1	2000	2.546855	0.0	1121405	354	2.0
1608457845.39	2000	3.251337	0.0	728514	280	2.0
1608457845.61	2000	4.036481	0.0	508013	205	2.0
1608457845.78	2000	4.874213	0.0	395538	148	2.0
1608457845.91	2000	5.74669	0.0	297276	117	2.0
1608457846.01	4000	6.646759	0.0	222226	85	2.0
1608457846.4	4000	7.256299	0.0	1213073	377	4.0
1608457846.82	8000	7.841824	0.0	1382199	394	4.0
1608457847.45	8000	8.209258	0.0	2052265	613	8.0
1608457848.45	8000	8.218973	0.0	3005823	966	8.0
1608457849.41	8000	8.25415	0.0	2879726	942	8.0
1608457849.83	8000	8.838138	0.0	1267052	402	8.0
1608457850.26	8000	9.411876	0.0	1316661	412	8.0
1608457850.67	8000	9.996957	0.0	1263534	401	8.0
1608457850.76	12000	10.911892	0.0	243072	72	8.0
1608457851.02	12000	11.651235	0.0	793783	249	12.0
1608457851.29	16000	12.380274	0.0	820127	253	12.0
1608457853.53	16000	11.368172	0.0	6357933	2178	16.0
1608457854.97	16000	10.926154	0.0	4814284	1407	16.0
1608457855.94	12000	10.959625	0.0	2713103	937	8.0
1608457857.45	12000	10.455266	0.0	3070467	1476	12.0
1608457858.77	12000	10.132071	0.0	3391518	1298	12.0
1608457859.86	12000	10.044261	0.0	2424462	1065	12.0
1608457860.86	12000	10.042225	0.0	1798203	983	12.0
1608457866.61	12000	5.290484	0.0	8032438	5690	12.0
1608457868.93	2000	3.972277	0.0	2158640	2293	-8.0
1608457869.23	2000	4.679763	0.0	352618	279	2.0
1608457869.73	2000	5.177395	0.0	355918	491	2.0
1608457870.29	2000	5.615858	0.0	335697	550	2.0
1608457870.57	2000	6.338281	0.0	336592	265	2.0
1608457871.22	4000	6.693344	0.0	769288	628	2.0
1608457871.92	4000	6.995194	0.0	779865	685	4.0
1608457872.68	4000	7.234326	0.0	838056	747	4.0
