1608459247.91	4000	1.000999	0.038	60629	27	-1.2160000000000002
1608459252.07	20000	1.326702	3.46	11007815	4058	-106.72
1608459252.88	4000	1.746005	0.0	4402139	768	-12.0
1608459253.03	4000	2.593774	0.0	1043358	136	4.0
1608459253.12	4000	3.532439	0.0	567502	74	4.0
1608459253.19	4000	4.533439	0.0	472646	60	4.0
1608459253.24	4000	5.491364	0.0	274373	33	4.0
1608459253.36	20000	6.379023	0.0	730082	94	4.0
1608459253.79	20000	6.961107	0.0	4047415	401	20.0
1608459254.06	20000	7.700268	0.0	2863079	236	20.0
1608459254.44	20000	8.31723	0.0	4167844	344	20.0
1608459254.91	20000	8.844604	0.0	5571764	431	20.0
1608459255.32	20000	9.437608	0.0	4925652	373	20.0
1608459255.49	20000	10.26303	0.0	2030157	153	20.0
1608459255.76	20000	11.000747	0.0	2240782	242	20.0
1608459256.06	20000	11.700487	0.0	2211169	278	20.0
1608459256.12	20000	12.6415	0.0	382046	47	20.0
1608459256.27	20000	13.486248	0.0	1113969	139	20.0
1608459256.39	20000	14.370308	0.0	820127	102	20.0
1608459257.16	20000	14.596453	0.0	6357933	724	20.0
1608459257.75	20000	15.010432	0.0	4814284	551	20.0
1608459258.21	20000	15.555386	0.0	3419258	425	20.0
1608459258.79	20000	15.974348	0.0	3944328	552	20.0
1608459259.61	16000	16.154355	0.0	4284196	788	12.0
1608459259.87	12000	16.89697	0.0	2424462	229	8.0
1608459260.11	16000	17.661413	0.0	2248581	212	12.0
1608459261.27	16000	17.503018	0.0	9946363	1099	16.0
1608459263.82	16000	15.945606	0.0	11684632	2482	16.0
1608459263.96	8000	16.814509	0.0	1127469	107	0.0
1608459264.09	8000	17.685615	0.0	1179779	113	8.0
1608459264.21	8000	18.560512	0.0	1078151	108	8.0
1608459264.33	8000	19.440714	0.0	1086181	104	8.0
1608459264.45	8000	20.327801	0.0	1029204	98	8.0
1608459264.62	20000	21.156448	0.0	1568649	151	8.0
1608459264.75	20000	22.029751	0.0	1677618	108	20.0
1608459264.86	20000	22.92161	0.0	1415096	91	20.0
1608459265.0	20000	23.781297	0.0	1894067	121	20.0
1608459265.09	20000	24.689672	0.0	1186604	76	20.0
1608459265.17	20000	25.607086	0.0	1068386	68	20.0
1608459265.3	20000	26.481529	0.0	1700843	109	20.0
1608459265.49	20000	27.296813	0.0	2536859	163	20.0
1608459265.9	20000	27.883285	0.0	4742872	380	20.0
1608459266.39	20000	28.39331	0.0	4955535	453	20.0
1608459266.52	20000	29.263153	0.0	1260540	114	20.0
1608459266.87	20000	29.918776	0.0	3605246	317	20.0
1608459267.13	20000	30.655528	0.0	2770338	240	20.0
1608459267.31	20000	31.476551	0.0	1855168	161	20.0
1608459267.48	20000	32.31285	0.0	1666915	143	20.0
1608459267.63	20000	33.162041	0.0	1555467	134	20.0
1608459267.74	20000	34.046886	0.0	1008919	92	20.0
1608459267.88	20000	34.916432	0.0	1227619	114	20.0
1608459267.98	20000	35.808897	0.0	1015853	93	20.0
1608459268.03	20000	36.762481	0.0	384076	35	20.0
1608459268.07	20000	37.724372	0.0	295687	26	20.0
1608459268.21	20000	38.585758	0.0	1328674	124	20.0
1608459268.37	20000	39.430179	0.0	1492829	139	20.0
1608459268.52	20000	40.275068	0.0	1484812	137	20.0
1608459268.72	20000	41.078502	0.0	1868314	178	20.0
1608459268.86	20000	41.937316	0.0	1253406	125	20.0
1608459268.97	20000	42.8343	0.0	887933	87	20.0
1608459269.1	20000	43.703169	0.0	1153403	115	20.0
1608459269.24	20000	44.56084	0.0	1249023	124	20.0
1608459269.4	20000	45.402427	0.0	1423973	142	20.0
1608459269.52	20000	46.28103	0.0	1060162	105	20.0
1608459269.65	20000	47.157976	0.0	1080597	107	20.0
1608459269.84	20000	47.966706	0.0	1156442	173	20.0
1608459270.2	20000	48.608697	0.0	2222640	336	20.0
1608459270.62	20000	49.192044	0.0	2587311	391	20.0
1608459271.24	20000	49.573511	0.0	2178351	597	20.0
1608459271.88	16000	49.935733	0.0	3121089	614	12.0
1608459272.18	12000	50.634064	0.0	2213643	266	8.0
1608459272.35	12000	51.463313	0.0	1294662	155	12.0
1608459272.55	16000	52.260192	0.0	1531670	184	12.0
1608459272.81	16000	53.002523	0.0	1863424	238	16.0
1608459273.1	20000	53.712098	0.0	1987392	270	16.0
1608459273.47	20000	54.34799	0.0	2505586	342	20.0
1608459275.38	20000	53.441799	0.0	9620218	1850	20.0
1608459275.8	12000	54.015345	0.0	2122146	403	4.0
1608459276.19	8000	54.636224	0.0	2233179	356	4.0
1608459276.53	8000	55.287108	0.0	2053317	327	8.0
1608459276.7	8000	56.122438	0.0	953056	149	8.0
1608459276.93	8000	56.89504	0.0	835287	214	8.0
1608459277.4	16000	57.420745	0.0	1754144	453	8.0
1608459277.86	16000	57.963491	0.0	1626020	440	16.0
1608459278.41	16000	58.411665	0.0	1739228	533	16.0
1608459278.8	12000	59.025467	0.0	1362449	366	8.0
1608459279.0	8000	59.824499	0.0	911305	182	4.0
1608459280.19	8000	59.651507	0.0	852154	171	8.0
1608459280.95	12000	59.902411	0.0	1180684	238	8.0
1608459282.39	16000	59.653418	0.0	2247334	414	12.0
1608459283.25	16000	59.585361	0.0	3156442	830	16.0
1608459284.1	12000	59.905418	0.0	1488968	332	8.0
1608459285.0	12000	59.906412	0.0	1507223	377	12.0
1608459286.07	8000	59.907421	0.0	1010680	553	4.0
1608459286.99	8000	59.908418	0.0	1202900	396	8.0
1608459288.24	8000	59.65942	0.0	1236644	232	8.0
1608459288.98	8000	59.910415	0.0	1286142	216	8.0
1608459290.14	8000	59.91141	0.0	675899	149	8.0
1608459291.08	8000	59.912419	0.0	1606544	415	8.0
1608459292.38	16000	59.663506	0.0	1615028	273	8.0
1608459293.21	16000	59.664423	0.0	1413467	315	16.0
1608459293.96	16000	59.915418	0.0	1632450	233	16.0
1608459295.3	16000	59.541109	0.0	5664827	1296	16.0
1608459295.91	8000	59.934952	0.0	1902440	584	0.0
1608459297.07	8000	59.918446	0.0	1031824	144	8.0
1608459298.2	8000	59.669506	0.0	732536	113	8.0
1608459299.26	8000	59.670419	0.0	645392	42	8.0
1608459300.35	8000	59.671421	0.0	1104267	73	8.0
1608459301.06	20000	59.922415	0.0	3055257	173	8.0
1608459302.42	20000	59.673518	0.0	5355572	321	20.0
1608459303.12	20000	59.92449	0.0	3278424	179	20.0
1608459304.26	20000	59.675502	0.0	2318501	108	20.0
1608459305.4	20000	59.676416	0.0	2473561	123	20.0
1608459306.0	20000	59.927417	0.0	1730311	71	20.0
1608459307.09	20000	59.928417	0.0	1455812	71	20.0
1608459308.3	20000	59.679414	0.0	2869222	183	20.0
1608459309.07	20000	59.930439	0.0	3226650	244	20.0
1608459310.33	20000	59.681488	0.0	2705936	223	20.0
1608459311.17	20000	59.932426	0.0	2998622	316	20.0
1608459312.27	20000	59.588959	0.0	2928342	1078	20.0
1608459312.9	12000	59.965741	0.0	2451277	599	4.0
1608459314.21	8000	59.685499	0.0	2010421	290	4.0
1608459315.14	8000	59.929812	0.0	1158554	414	8.0
1608459316.34	8000	59.687472	0.0	873968	179	8.0
1608459317.14	8000	59.938502	0.0	1651288	285	8.0
1608459318.34	12000	59.689509	0.0	2335112	668	8.0
1608459319.26	12000	59.603514	0.0	2348675	906	12.0
1608459320.27	8000	59.691423	0.0	1149171	473	4.0
1608459320.94	8000	59.927669	0.0	1666069	656	8.0
1608459322.19	4000	59.693415	0.0	818102	230	0.0
1608459324.12	4000	58.746985	0.0	1450968	1915	4.0
1608459324.55	2000	59.320221	0.0	657376	410	0.0
1608459325.19	2000	59.696469	0.0	207349	122	2.0
1608459326.34	2000	59.697412	0.0	432669	133	2.0
1608459326.97	2000	59.948434	0.0	432968	116	2.0
1608459328.1	2000	59.949503	0.0	461467	117	2.0
1608459329.07	12000	59.950474	0.0	2029094	443	2.0
1608459330.04	16000	59.951474	0.0	2298557	443	12.0
1608459331.22	16000	59.702422	0.0	2831497	654	16.0
1608459331.99	16000	59.895137	0.0	3200905	739	16.0
1608459333.31	8000	59.70446	0.0	1256122	306	0.0
1608459334.1	8000	59.955457	0.0	872352	265	8.0
1608459334.96	8000	59.956508	0.0	1175796	346	8.0
1608459336.28	8000	59.707491	0.0	1004408	301	8.0
1608459337.13	8000	59.958421	0.0	1393009	329	8.0
1608459338.21	12000	59.709408	0.0	1991172	560	8.0
1608459339.33	8000	59.710476	0.0	1060685	601	4.0
1608459340.04	8000	59.847403	0.0	1011581	692	8.0
1608459341.15	4000	59.962425	0.0	284661	95	0.0
1608459342.24	4000	59.713435	0.0	305283	66	4.0
1608459343.3	4000	59.714473	0.0	197766	44	4.0
1608459343.96	8000	59.965473	0.0	566180	145	4.0
1608459345.11	8000	59.966474	0.0	531853	136	8.0
1608459346.17	20000	59.96747	0.0	151562	37	8.0
1608459347.2	20000	59.718511	0.0	90390	21	20.0
1608459348.22	16000	59.719446	0.0	50278	8	12.0
1608459349.24	12000	59.720459	0.0	24518	1	8.0
1608459350.26	8000	59.721447	0.0	26015	1	4.0
1608459350.56	4000	1.000999	0.023	60629	11	-0.7359999999999998
1608459353.47	20000	1.290717	2.182	11007815	2816	-65.824
1608459355.34	8000	1.303869	0.629	7078153	1815	-24.128
1608459355.63	4000	2.01387	0.0	1043358	267	0.0
1608459355.79	4000	2.897509	0.0	567502	144	4.0
1608459355.92	4000	3.765165	0.0	472646	119	4.0
1608459356.0	4000	4.686456	0.0	274373	67	4.0
1608459356.1	8000	5.582428	0.0	358785	89	4.0
1608459357.19	20000	5.498437	0.0	4047415	1051	8.0
1608459357.77	12000	5.922338	0.0	1861181	551	4.0
1608459358.38	8000	6.315069	0.0	2052265	584	4.0
1608459359.21	8000	6.484651	0.0	3005823	806	8.0
1608459359.97	8000	6.724169	0.0	2879726	736	8.0
1608459360.21	4000	7.481238	0.0	898461	226	0.0
1608459360.66	8000	8.036529	0.0	1316661	426	4.0
1608459361.08	8000	8.611563	0.0	1263534	408	8.0
1608459361.14	8000	9.557767	0.0	150125	43	8.0
1608459361.32	8000	10.377927	0.0	555328	169	8.0
1608459361.5	12000	11.20172	0.0	531720	161	8.0
1608459363.1	12000	10.599166	0.0	5045162	1565	12.0
1608459364.72	8000	9.982837	0.0	3029729	1580	4.0
1608459365.47	4000	10.228539	0.0	1501029	735	0.0
1608459366.03	4000	10.675154	0.0	1558531	536	4.0
1608459366.55	4000	11.150027	0.0	1856343	506	4.0
1608459366.91	4000	11.790257	0.0	1433055	343	4.0
1608459367.18	4000	12.523119	0.0	1055512	252	4.0
1608459369.3	8000	11.405872	0.0	6361262	2069	4.0
1608459372.08	4000	9.630784	0.0	5615227	2726	0.0
1608459372.32	2000	10.384456	0.0	352618	231	0.0
1608459372.58	2000	11.126416	0.0	355918	245	2.0
1608459372.83	2000	11.883583	0.0	335697	232	2.0
1608459373.07	2000	12.639666	0.0	336592	233	2.0
1608459373.53	4000	13.181968	0.0	769288	442	2.0
1608459374.09	8000	13.623095	0.0	1054251	541	4.0
