1608482010.59	4000	1.000999	0.098	60629	87	-3.136
1608482012.5	2000	1.426385	1.257	1072422	1873	-40.224
1608482013.11	2000	1.810659	0.0	1121405	599	2.0
1608482013.38	2000	2.539179	0.0	728514	259	2.0
1608482013.6	4000	3.32277	0.0	567502	199	2.0
1608482013.89	8000	4.033421	0.0	768486	273	4.0
1608482014.07	12000	4.858155	0.0	533454	159	8.0
1608482014.31	16000	5.619732	0.0	730082	220	12.0
1608482015.58	16000	5.344038	0.0	4047415	1242	16.0
1608482016.68	16000	5.48577	0.0	2863079	1069	16.0
1608482018.12	16000	5.044594	0.0	4167844	1410	16.0
1608482020.48	16000	3.686634	0.0	5571764	2302	16.0
1608482031.5	16000	1.957635	0.282	3029729	1368	6.976000000000001
1608482032.64	8000	1.821188	0.0	2083035	1114	0.0
1608482034.58	8000	1.303342	0.42	2281353	1915	-5.4399999999999995
1608482045.1	8000	51.074254	0.235	756304	150	0.4800000000000004
1608482045.1	16000	51.06613	0.0	756304	150	8.0
1608482045.57	16000	51.600115	0.0	1626020	448	16.0
1608482046.07	16000	52.101475	0.0	1739228	480	16.0
1608482046.63	16000	52.542124	0.0	1722735	541	16.0
1608482047.15	16000	53.02871	0.0	1538145	493	16.0
1608482047.93	16000	53.25046	0.0	1473412	760	16.0
1608482048.46	16000	53.718744	0.0	1498968	514	16.0
1608482049.15	16000	54.031379	0.0	2247334	666	16.0
1608482050.46	16000	53.722117	0.0	3156442	1279	16.0
1608482051.04	16000	54.140902	0.0	1895098	560	16.0
1608482052.0	16000	54.184841	0.0	1939135	935	16.0
1608482052.69	16000	54.493128	0.0	1842874	674	16.0
1608482053.64	16000	54.546172	0.0	2235830	925	16.0
1608482054.64	16000	54.541528	0.0	2202171	983	16.0
1608482054.65	12000	54.533361	0.0	2202171	983	8.0
1608482055.35	12000	54.832736	0.0	1751030	683	12.0
1608482055.71	12000	55.476406	0.0	875075	341	12.0
1608482056.51	12000	55.675596	0.0	1998050	781	12.0
1608482057.05	12000	56.135036	0.0	1336691	525	12.0
1608482057.55	12000	56.643382	0.0	1179696	473	12.0
1608482058.1	12000	57.094981	0.0	1291599	532	12.0
1608482059.55	12000	56.644759	0.0	4082189	1418	12.0
1608482060.77	12000	56.426092	0.0	3284299	1191	12.0
1608482060.77	16000	56.417529	0.0	3284299	1191	12.0
1608482061.58	16000	56.609102	0.0	1783835	792	16.0
1608482062.08	16000	57.11979	0.0	1093613	473	16.0
1608482062.08	12000	57.112014	0.0	1093613	473	8.0
1608482062.52	12000	57.679952	0.0	808459	419	12.0
1608482063.33	12000	57.8654	0.0	1370506	798	12.0
1608482063.34	8000	57.857646	0.0	1370506	798	4.0
1608482065.04	8000	57.16215	0.0	1592936	1678	8.0
1608482076.44	8000	59.807363	0.0	416970	487	8.0
1608482077.83	2000	59.558388	0.0	336627	380	-4.0
1608482078.64	2000	59.574916	0.0	598150	783	2.0
1608482079.41	2000	59.80541	0.0	590759	757	2.0
1608482080.52	2000	59.811326	0.0	584579	599	2.0
1608482081.48	2000	59.812335	0.0	441665	442	2.0
1608482082.5	2000	59.813336	0.0	567172	510	2.0
1608482083.52	2000	59.814297	0.0	503622	507	2.0
1608482084.55	2000	59.815396	0.0	629808	511	2.0
1608482084.56	4000	59.661366	0.0	629808	511	2.0
1608482085.48	4000	59.816388	0.0	1535058	409	4.0
1608482085.49	8000	59.728441	0.0	1535058	409	4.0
1608482085.5	12000	59.722595	0.0	1535058	409	8.0
1608482085.5	16000	59.717185	0.0	1535058	409	12.0
1608482086.86	16000	59.567349	0.0	1307592	337	16.0
1608482087.36	16000	59.858342	0.0	1881404	486	16.0
1608482088.54	16000	59.819394	0.0	1806471	650	16.0
1608482089.61	16000	59.820298	0.0	1945842	555	16.0
1608482090.32	16000	59.906199	0.0	2538877	680	16.0
1608482091.52	16000	59.822317	0.0	2298557	671	16.0
1608482092.25	16000	59.973155	0.0	2831497	713	16.0
1608482093.61	16000	59.824362	0.0	3200905	824	16.0
1608482094.25	16000	59.97555	0.0	2180586	624	16.0
1608482095.79	16000	59.576381	0.0	1500505	512	16.0
1608482096.29	16000	59.938824	0.0	1939246	486	16.0
1608482097.72	16000	59.578307	0.0	1599193	405	16.0
1608482098.3	16000	59.931577	0.0	2364826	560	16.0
1608482099.47	16000	59.830313	0.0	2517454	638	16.0
1608482100.67	16000	59.581321	0.0	1883143	678	16.0
1608482101.28	16000	59.954649	0.0	1726706	595	16.0
1608482102.51	16000	59.833268	0.0	707364	214	16.0
1608482103.78	16000	59.584359	0.0	796460	250	16.0
1608482104.45	16000	59.8353	0.0	596962	156	16.0
1608482105.74	16000	59.586396	0.0	947625	267	16.0
1608482106.68	16000	59.587378	0.0	832859	425	16.0
1608482107.74	16000	59.588387	0.0	151562	45	16.0
1608482108.78	16000	59.589375	0.0	90390	27	16.0
1608482109.83	16000	59.590377	0.0	50278	29	16.0
1608482109.84	8000	59.411688	0.0	50278	29	0.0
1608482110.85	8000	59.59139	0.0	22693	5	8.0
1608482110.86	16000	59.384733	0.0	22693	5	8.0
1608482111.88	16000	59.592299	0.0	40620	9	16.0
1608482111.89	16000	59.787719	0.0	15267	4	16.0
