1608430105.58	4000	1.000999	0.035	60629	25	-1.12
1608430106.23	2000	1.425139	0.0	1072422	597	0.0
1608430125.43	2000	1.346505	18.123	1121405	19181	-577.936
1608430125.55	2000	2.226711	0.0	728514	106	2.0
1608430125.64	2000	3.141776	0.0	508013	74	2.0
1608430125.71	2000	4.075633	0.0	395538	56	2.0
1608430125.76	2000	5.024735	0.0	297276	42	2.0
1608430125.8	2000	5.981067	0.0	247728	34	2.0
1608430126.0	4000	6.783956	0.0	1213073	178	2.0
1608430126.15	4000	7.635204	0.0	927735	136	4.0
1608430126.63	8000	8.155118	0.0	2052265	454	4.0
1608430127.24	8000	8.550024	0.0	3005823	581	8.0
1608430127.88	8000	8.909135	0.0	2879726	620	8.0
1608430128.18	8000	9.612461	0.0	1267052	282	8.0
1608430128.48	8000	10.307936	0.0	1316661	290	8.0
1608430128.88	12000	10.915886	0.0	1662097	371	8.0
1608430128.94	12000	11.854309	0.0	243072	50	12.0
1608430129.2	16000	12.589357	0.0	1113969	247	12.0
1608430129.4	16000	13.39681	0.0	820127	181	16.0
1608430130.91	16000	12.889271	0.0	6357933	1457	16.0
1608430132.06	16000	12.968196	0.0	4814284	1114	16.0
1608430133.17	16000	12.857634	0.0	3419258	1079	16.0
1608430139.52	16000	7.509726	0.0	3944328	6312	16.0
1608430140.37	8000	7.654667	0.0	2599148	830	0.0
1608430141.13	8000	7.901844	0.0	1926191	734	8.0
1608430141.81	8000	8.221882	0.0	1427209	662	8.0
1608430143.53	8000	7.50489	0.0	6361262	1675	8.0
1608430145.05	8000	6.986337	0.0	7838407	1453	8.0
1608430145.22	4000	7.816374	0.0	764013	152	0.0
1608430145.48	8000	8.55919	0.0	1179779	237	4.0
1608430145.71	8000	9.328529	0.0	1078151	213	8.0
1608430145.94	8000	10.095175	0.0	1086181	218	8.0
1608430146.22	12000	10.818948	0.0	1276651	256	8.0
1608430146.5	12000	11.537098	0.0	1314540	264	12.0
1608430146.78	16000	12.26276	0.0	1677618	252	12.0
1608430147.01	16000	13.03264	0.0	1415096	212	16.0
1608430147.32	16000	13.727605	0.0	1894067	285	16.0
1608430147.51	16000	14.530801	0.0	1186604	178	16.0
1608430147.67	16000	15.370698	0.0	1068386	145	16.0
1608430147.93	20000	16.110801	0.0	1700843	231	16.0
1608430148.3	20000	16.742173	0.0	2536859	345	20.0
1608430149.31	20000	16.734536	0.0	4742872	975	20.0
1608430150.16	20000	16.886511	0.0	4955535	810	20.0
1608430150.37	20000	17.684156	0.0	1260540	186	20.0
1608430151.01	20000	18.037792	0.0	3605246	616	20.0
1608430151.54	20000	18.513768	0.0	2770338	500	20.0
1608430151.77	20000	19.283425	0.0	1855168	211	20.0
1608430151.98	20000	20.075888	0.0	1666915	189	20.0
1608430152.17	20000	20.881823	0.0	1555467	176	20.0
1608430152.3	20000	21.753136	0.0	1008919	113	20.0
1608430152.46	20000	22.591581	0.0	1227619	138	20.0
1608430152.59	20000	23.464551	0.0	1015853	112	20.0
1608430152.65	20000	24.412259	0.0	384076	40	20.0
1608430152.69	20000	25.370827	0.0	295687	30	20.0
1608430152.85	20000	26.212093	0.0	1328674	145	20.0
1608430153.03	20000	27.031984	0.0	1492829	162	20.0
1608430153.21	20000	27.852942	0.0	1484812	162	20.0
1608430153.43	20000	28.630674	0.0	1868314	203	20.0
1608430153.59	20000	29.476135	0.0	1253406	138	20.0
1608430153.71	20000	30.357586	0.0	887933	104	20.0
1608430153.86	20000	31.207096	0.0	1153403	135	20.0
1608430154.02	20000	32.043644	0.0	1249023	147	20.0
1608430154.21	20000	32.859331	0.0	1423973	168	20.0
1608430154.35	20000	33.720281	0.0	1060162	124	20.0
1608430154.49	20000	34.578302	0.0	1080597	127	20.0
1608430154.63	20000	35.44179	0.0	1156442	121	20.0
1608430154.87	20000	36.20279	0.0	2222640	218	20.0
1608430155.15	20000	36.927245	0.0	2587311	253	20.0
1608430155.38	20000	37.693754	0.0	2178351	212	20.0
1608430155.79	20000	38.281217	0.0	3121089	386	20.0
1608430156.27	20000	38.80589	0.0	2857420	448	20.0
1608430156.56	20000	39.521344	0.0	1702477	266	20.0
1608430156.69	20000	40.393267	0.0	1531670	111	20.0
1608430156.84	20000	41.238142	0.0	1863424	136	20.0
1608430157.01	20000	42.073303	0.0	1987392	144	20.0
1608430157.21	20000	42.86793	0.0	2505586	183	20.0
1608430158.31	20000	42.769556	0.0	9620218	1027	20.0
1608430158.77	20000	43.314431	0.0	2561608	428	20.0
1608430159.67	20000	43.415368	0.0	3633991	871	20.0
1608430160.37	20000	43.712098	0.0	3324070	674	20.0
1608430160.7	20000	44.384681	0.0	1560020	309	20.0
1608430161.0	20000	45.086063	0.0	1429188	281	20.0
1608430161.37	20000	45.720117	0.0	1754144	346	20.0
1608430161.75	20000	46.340626	0.0	1626020	361	20.0
1608430162.27	20000	46.825182	0.0	1739228	497	20.0
1608430162.81	20000	47.277764	0.0	1722735	528	20.0
1608430163.39	20000	47.706831	0.0	1538145	553	20.0
1608430163.91	20000	48.179642	0.0	1473412	510	20.0
1608430164.45	20000	48.646544	0.0	1498968	516	20.0
1608430165.3	20000	48.799327	0.0	2247334	826	20.0
1608430166.69	20000	48.406513	0.0	3156442	1367	20.0
1608430167.5	20000	48.601843	0.0	1895098	785	20.0
1608430168.53	20000	48.563616	0.0	1939135	1017	20.0
1608430169.88	20000	48.222922	0.0	1842874	1319	20.0
1608430171.1	20000	47.996796	0.0	2235830	1205	20.0
1608430172.32	20000	47.77597	0.0	2202171	1201	20.0
1608430173.68	20000	47.417733	0.0	2242042	1338	20.0
1608430174.15	20000	47.957349	0.0	1081763	445	20.0
1608430175.19	20000	47.917253	0.0	2409013	1017	20.0
1608430175.91	20000	48.191619	0.0	1615028	707	20.0
1608430176.58	20000	48.525539	0.0	1413467	649	20.0
1608430177.47	20000	48.634059	0.0	1632450	870	20.0
1608430180.92	20000	46.184995	0.0	5664827	3402	20.0
1608430183.23	20000	44.882814	0.0	4578115	2270	20.0
1608430183.95	20000	45.162693	0.0	1783835	701	20.0
1608430184.36	20000	45.755249	0.0	1093613	391	20.0
1608430184.72	20000	46.392454	0.0	975642	348	20.0
1608430185.42	20000	46.696835	0.0	1658005	678	20.0
1608430186.58	20000	46.531592	0.0	3055257	1140	20.0
1608430188.6	20000	45.513464	0.0	5355572	1980	20.0
1608430189.72	20000	45.395525	0.0	3278424	1091	20.0
1608430190.54	20000	45.578723	0.0	2318501	793	20.0
1608430191.58	20000	45.541999	0.0	2473561	1013	20.0
1608430192.11	20000	46.009479	0.0	1730311	512	20.0
1608430192.49	20000	46.627508	0.0	1455812	365	20.0
1608430193.35	20000	46.768341	0.0	2869222	834	20.0
1608430194.59	20000	46.537251	0.0	3226650	1205	20.0
1608430195.37	20000	46.75509	0.0	2705936	758	20.0
1608430196.22	20000	46.907192	0.0	2998622	823	20.0
1608430197.14	20000	46.985189	0.0	2928342	897	20.0
1608430198.14	20000	46.989889	0.0	3059979	971	20.0
1608430199.52	20000	46.604853	0.0	3367422	1359	20.0
1608430200.53	20000	46.602195	0.0	1950694	982	20.0
1608430201.2	20000	46.929087	0.0	1541020	655	20.0
1608430202.54	20000	46.587791	0.0	2926720	1316	20.0
1608430204.63	20000	45.501547	0.0	2991202	2059	20.0
1608430206.76	20000	44.375705	0.0	3002106	2100	20.0
1608430207.77	20000	44.367621	0.0	2015412	987	20.0
1608430210.21	20000	42.927459	0.0	2894863	2415	20.0
1608430211.37	20000	42.760366	0.0	2185316	1145	20.0
1608430212.5	20000	42.63425	0.0	3370605	1096	20.0
1608430213.39	20000	42.742783	0.0	3492243	863	20.0
1608430213.71	20000	43.430268	0.0	1307592	296	20.0
1608430214.09	20000	44.046382	0.0	1881404	365	20.0
1608430214.42	20000	44.724555	0.0	1806471	303	20.0
1608430214.76	20000	45.377925	0.0	1945842	326	20.0
1608430215.12	20000	46.023101	0.0	2538877	332	20.0
1608430215.4	20000	46.746487	0.0	2298557	255	20.0
1608430215.74	20000	47.406669	0.0	2831497	314	20.0
1608430216.08	20000	48.065318	0.0	3200905	313	20.0
1608430216.29	20000	48.86086	0.0	2180586	183	20.0
1608430216.43	20000	49.718053	0.0	1500505	126	20.0
1608430216.61	20000	50.535322	0.0	1939246	162	20.0
1608430216.77	20000	51.382437	0.0	1599193	134	20.0
1608430216.99	20000	52.157642	0.0	2364826	202	20.0
1608430217.26	20000	52.895069	0.0	2517454	238	20.0
1608430217.46	20000	53.695995	0.0	1883143	178	20.0
1608430217.64	20000	54.512863	0.0	1726706	164	20.0
1608430217.72	20000	55.4329	0.0	707364	66	20.0
1608430217.81	20000	56.344454	0.0	796460	74	20.0
1608430217.88	20000	57.275353	0.0	596962	55	20.0
1608430217.99	20000	58.167657	0.0	947625	93	20.0
1608430218.09	20000	59.066922	0.0	832859	87	20.0
1608430218.62	20000	59.646665	0.0	151562	15	20.0
1608430219.64	20000	59.647672	0.0	90390	8	20.0
1608430220.66	20000	59.648676	0.0	50278	2	20.0
1608430221.67	20000	59.649651	0.0	26471	4	20.0
1608430222.69	20000	59.650654	0.0	40620	3	20.0
1608430223.03	4000	1.000999	0.072	335737	61	-2.304
1608430223.27	2000	2.001999	0.0	1072422	210	0.0
1608430223.5	2000	2.805711	0.0	1121405	220	2.0
1608430223.66	2000	3.649026	0.0	728514	141	2.0
1608430223.77	2000	4.536449	0.0	508013	98	2.0
1608430223.86	2000	5.448758	0.0	395538	74	2.0
1608430223.93	2000	6.382314	0.0	297276	55	2.0
1608430223.99	4000	7.327968	0.0	222226	37	2.0
1608430224.31	8000	8.013822	0.0	1838971	298	4.0
1608430224.55	8000	8.774751	0.0	1382199	223	8.0
1608430224.91	8000	9.421392	0.0	2052265	334	8.0
1608430225.41	8000	9.919825	0.0	3005823	476	8.0
1608430226.05	12000	10.279737	0.0	3844696	610	8.0
1608430226.34	12000	10.989912	0.0	1630440	272	12.0
1608430226.64	12000	11.688542	0.0	1712120	286	12.0
1608430227.05	16000	12.285206	0.0	2211169	381	12.0
1608430227.15	16000	13.186441	0.0	382046	88	16.0
1608430227.43	16000	13.909055	0.0	1113969	266	16.0
1608430227.63	16000	14.703057	0.0	820127	195	16.0
1608430229.1	16000	14.23579	0.0	6357933	1422	16.0
1608430229.87	16000	14.47393	0.0	4814284	730	16.0
1608430230.39	16000	15.046972	0.0	3419258	496	16.0
1608430230.99	20000	15.57468	0.0	3944328	568	16.0
1608430231.63	20000	15.931213	0.0	4284196	612	20.0
1608430232.09	20000	16.478976	0.0	3022025	427	20.0
1608430232.43	20000	17.142145	0.0	2248581	316	20.0
1608430233.85	20000	16.715516	0.0	9946363	1349	20.0
1608430235.56	20000	16.005758	0.0	11684632	1639	20.0
1608430235.86	20000	16.710275	0.0	1849732	276	20.0
1608430236.17	20000	17.403789	0.0	1942795	286	20.0
1608430236.44	20000	18.134086	0.0	1704756	250	20.0
1608430236.71	20000	18.865963	0.0	1697111	249	20.0
1608430236.95	20000	19.622912	0.0	1529441	223	20.0
1608430237.2	20000	20.371943	0.0	1568649	232	20.0
