1608425155.4	4000	1.000999	0.021	60629	12	-0.6720000000000002
1608425158.31	16000	1.427545	2.229	11007815	2751	-67.328
1608425159.46	16000	1.542534	0.0	8849724	1085	16.0
1608425159.77	16000	2.2278	0.0	3191121	287	16.0
1608425159.94	16000	3.060735	0.0	1661718	150	16.0
1608425160.08	16000	3.946601	0.0	1315024	118	16.0
1608425160.15	16000	4.870003	0.0	698359	61	16.0
1608425160.22	16000	5.801679	0.0	730082	54	16.0
1608425160.55	16000	6.477652	0.0	4047415	295	16.0
1608425160.78	16000	7.245021	0.0	2863079	209	16.0
1608425161.12	16000	7.909958	0.0	4167844	303	16.0
1608425161.63	16000	8.394047	0.0	5571764	475	16.0
1608425162.1	16000	8.933384	0.0	4925652	428	16.0
1608425162.3	16000	9.732722	0.0	2030157	180	16.0
1608425162.53	16000	10.504659	0.0	2240782	205	16.0
1608425162.75	16000	11.280577	0.0	2211169	202	16.0
1608425162.8	16000	12.233346	0.0	382046	34	16.0
1608425162.92	16000	13.116271	0.0	1113969	101	16.0
1608425163.01	16000	14.0262	0.0	820127	75	16.0
1608425163.63	16000	14.404564	0.0	6357933	579	16.0
1608425164.11	16000	14.931105	0.0	4814284	437	16.0
1608425164.55	16000	15.493275	0.0	3419258	409	16.0
1608425165.1	16000	15.939857	0.0	3944328	516	16.0
1608425165.65	16000	16.395101	0.0	4284196	515	16.0
1608425166.03	16000	17.01321	0.0	3022025	356	16.0
1608425166.29	16000	17.752583	0.0	2248581	240	16.0
1608425167.23	16000	17.814951	0.0	9946363	879	16.0
1608425168.26	16000	17.782584	0.0	11684632	961	16.0
1608425168.44	16000	18.607848	0.0	1849732	153	16.0
1608425168.62	16000	19.427076	0.0	1942795	161	16.0
1608425168.78	16000	20.267224	0.0	1704756	141	16.0
1608425168.94	16000	21.106898	0.0	1697111	140	16.0
1608425169.09	16000	21.962375	0.0	1529441	126	16.0
1608425169.24	16000	22.814746	0.0	1568649	130	16.0
1608425169.41	16000	23.640114	0.0	1677618	155	16.0
1608425169.56	16000	24.492129	0.0	1415096	131	16.0
1608425169.76	16000	25.296628	0.0	1894067	175	16.0
1608425169.88	16000	26.170742	0.0	1186604	109	16.0
1608425170.0	16000	27.05607	0.0	1068386	99	16.0
1608425170.18	16000	27.874233	0.0	1700843	163	16.0
1608425170.48	16000	28.572483	0.0	2536859	276	16.0
1608425171.06	16000	29.001216	0.0	4742872	538	16.0
1608425171.83	16000	29.229768	0.0	4955535	738	16.0
1608425172.05	16000	30.006567	0.0	1260540	206	16.0
1608425173.25	16000	29.81468	0.0	3605246	1165	16.0
1608425184.49	16000	59.857863	0.0	356599	82	16.0
1608425184.5	16000	59.602698	0.0	356599	82	16.0
1608425185.36	16000	59.858845	0.0	1538145	339	16.0
1608425186.28	16000	59.859841	0.0	1473412	406	16.0
1608425187.37	16000	59.860806	0.0	1498968	567	16.0
1608425188.58	16000	59.611848	0.0	2247334	690	16.0
1608425189.39	16000	59.717217	0.0	3156442	780	16.0
1608425190.39	16000	59.863794	0.0	1895098	475	16.0
1608425191.46	16000	59.864818	0.0	1939135	545	16.0
1608425192.19	16000	59.923949	0.0	1842874	709	16.0
1608425193.34	16000	59.8667	0.0	2235830	626	16.0
1608425194.27	16000	59.867899	0.0	2202171	414	16.0
1608425195.71	16000	59.618891	0.0	2242042	418	16.0
1608425196.43	16000	59.839947	0.0	1081763	200	16.0
1608425197.42	16000	59.870832	0.0	2409013	465	16.0
1608425198.29	16000	59.871841	0.0	1615028	347	16.0
1608425199.56	16000	59.622894	0.0	1413467	254	16.0
1608425200.28	16000	59.873828	0.0	1632450	201	16.0
1608425201.48	16000	59.874822	0.0	5664827	659	16.0
1608425202.53	16000	59.625785	0.0	4578115	512	16.0
1608425203.25	16000	59.87681	0.0	1783835	201	16.0
1608425204.39	16000	59.877902	0.0	1093613	123	16.0
1608425205.53	16000	59.628898	0.0	975642	122	16.0
1608425206.72	16000	59.629906	0.0	1658005	176	16.0
1608425207.53	16000	59.630934	0.0	3055257	285	16.0
1608425208.53	16000	59.631902	0.0	5355572	463	16.0
1608425209.35	16000	59.882911	0.0	3278424	296	16.0
1608425210.57	16000	59.633901	0.0	2318501	204	16.0
1608425211.28	16000	59.88491	0.0	2473561	190	16.0
1608425212.44	16000	59.885895	0.0	1730311	133	16.0
1608425213.61	16000	59.636894	0.0	1455812	156	16.0
1608425214.59	16000	59.637881	0.0	2869222	450	16.0
1608425215.14	16000	59.997443	0.0	3226650	518	16.0
1608425216.62	16000	59.639889	0.0	2705936	460	16.0
1608425217.47	16000	59.662235	0.0	2998622	830	16.0
1608425218.24	16000	59.891919	0.0	2928342	748	16.0
1608425219.5	16000	59.642805	0.0	3059979	730	16.0
1608425220.23	16000	59.907565	0.0	3367422	709	16.0
1608425221.65	16000	59.644891	0.0	1950694	403	16.0
1608425222.5	16000	59.645887	0.0	1541020	326	16.0
1608425223.18	16000	59.960171	0.0	2926720	653	16.0
1608425224.38	16000	59.897915	0.0	2991202	672	16.0
1608425225.18	16000	59.958964	0.0	3002106	780	16.0
1608425226.29	16000	59.899894	0.0	2015412	584	16.0
1608425227.64	16000	59.65092	0.0	2894863	830	16.0
1608425228.19	16000	59.955884	0.0	2185316	525	16.0
1608425229.54	16000	59.652894	0.0	3370605	821	16.0
1608425230.48	16000	59.667918	0.0	3492243	916	16.0
1608425231.31	16000	59.904904	0.0	1307592	316	16.0
1608425232.25	16000	59.905902	0.0	1881404	420	16.0
1608425233.64	16000	59.656891	0.0	1806471	367	16.0
1608425234.59	16000	59.657922	0.0	1945842	430	16.0
1608425235.16	16000	59.996321	0.0	2538877	545	16.0
1608425236.67	16000	59.659916	0.0	2298557	492	16.0
1608425237.33	16000	59.825867	0.0	2831497	636	16.0
1608425238.17	16000	59.983536	0.0	3200905	812	16.0
1608425239.27	16000	59.912909	0.0	2180586	579	16.0
1608425240.64	16000	59.663891	0.0	1500505	354	16.0
1608425241.6	16000	59.664916	0.0	1939246	436	16.0
1608425242.48	16000	59.915919	0.0	1599193	365	16.0
1608425243.58	16000	59.666893	0.0	2364826	580	16.0
1608425244.69	16000	59.813496	0.0	2517454	587	16.0
1608425245.61	16000	59.81447	0.0	1883143	395	16.0
1608425247.04	16000	59.565455	0.0	1726706	405	16.0
1608425247.83	16000	59.566473	0.0	707364	274	16.0
1608425248.65	16000	59.817506	0.0	796460	302	16.0
1608425249.84	16000	59.56845	0.0	596962	180	16.0
1608425250.65	16000	59.819461	0.0	947625	288	16.0
1608425251.91	16000	59.57045	0.0	832859	248	16.0
1608425252.98	16000	59.571447	0.0	151562	52	16.0
1608425254.02	16000	59.572453	0.0	90390	26	16.0
1608425255.04	16000	59.573458	0.0	50278	11	16.0
1608425256.06	16000	59.574468	0.0	26471	2	16.0
1608425256.58	16000	59.825458	0.0	40620	6	16.0
1608425257.09	16000	59.759229	0.0	15267	3	16.0
