1608488081.97	4000	1.000999	0.018	60629	8	-0.3599999999999999
1608488084.25	20000	1.26964	1.509	11007815	2101	-26.18
1608488085.31	20000	1.539844	0.0	8849724	928	20.0
1608488085.74	20000	2.112019	0.0	3191121	331	20.0
1608488086.17	20000	2.696138	0.0	1661718	350	20.0
1608488086.54	20000	3.328166	0.0	1315024	285	20.0
1608488086.77	20000	4.098989	0.0	698359	150	20.0
1608488086.93	20000	4.945362	0.0	730082	73	20.0
1608488087.43	20000	5.442679	0.0	4047415	406	20.0
1608488087.81	20000	6.065615	0.0	2863079	287	20.0
1608488088.62	20000	6.25775	0.0	4167844	709	20.0
1608488089.67	20000	6.206879	0.0	5571764	944	20.0
1608488090.22	20000	6.656256	0.0	4925652	446	20.0
1608488090.47	20000	7.406972	0.0	2030157	162	20.0
1608488090.74	20000	8.141253	0.0	2240782	179	20.0
1608488091.08	20000	8.804423	0.0	2211169	251	20.0
1608488091.2	20000	9.678867	0.0	382046	45	20.0
1608488091.43	20000	10.458173	0.0	1113969	137	20.0
1608488091.61	20000	11.275684	0.0	820127	100	20.0
1608488092.39	20000	11.494262	0.0	6357933	672	20.0
1608488092.99	20000	11.894561	0.0	4814284	498	20.0
1608488093.49	20000	12.396247	0.0	3419258	406	20.0
1608488094.06	20000	12.826783	0.0	3944328	475	20.0
1608488094.69	20000	13.196819	0.0	4284196	532	20.0
1608488095.17	20000	13.717963	0.0	3022025	386	20.0
1608488095.56	20000	14.33726	0.0	2248581	291	20.0
1608488096.42	20000	14.478454	0.0	9946363	730	20.0
1608488097.22	20000	14.670995	0.0	11684632	662	20.0
1608488097.41	20000	15.48657	0.0	1849732	97	20.0
1608488097.6	20000	16.297942	0.0	1942795	103	20.0
1608488097.77	20000	17.122411	0.0	1704756	90	20.0
1608488097.97	20000	17.932278	0.0	1697111	106	20.0
1608488098.16	20000	18.735564	0.0	1529441	114	20.0
1608488098.36	20000	19.535621	0.0	1568649	117	20.0
1608488098.57	20000	20.326798	0.0	1677618	124	20.0
1608488098.77	20000	21.139664	0.0	1415096	105	20.0
1608488099.02	20000	21.879966	0.0	1894067	166	20.0
1608488099.22	20000	22.679864	0.0	1186604	117	20.0
1608488099.41	20000	23.492247	0.0	1068386	106	20.0
1608488099.67	20000	24.237261	0.0	1700843	169	20.0
1608488100.05	20000	24.861354	0.0	2536859	287	20.0
1608488100.8	20000	25.112891	0.0	4742872	647	20.0
1608488101.76	20000	25.145956	0.0	4955535	864	20.0
1608488102.03	20000	25.881804	0.0	1260540	181	20.0
1608488102.59	20000	26.33067	0.0	3605246	454	20.0
1608488103.02	20000	26.887586	0.0	2770338	346	20.0
1608488103.34	20000	27.572187	0.0	1855168	230	20.0
1608488103.63	20000	28.282576	0.0	1666915	206	20.0
1608488103.91	20000	29.00607	0.0	1555467	192	20.0
1608488104.12	20000	29.794645	0.0	1008919	130	20.0
1608488104.36	20000	30.554662	0.0	1227619	158	20.0
1608488104.58	20000	31.34267	0.0	1015853	131	20.0
1608488104.7	20000	32.21636	0.0	384076	48	20.0
1608488104.82	20000	33.10153	0.0	295687	37	20.0
1608488105.08	20000	33.839346	0.0	1328674	180	20.0
1608488105.39	20000	34.546048	0.0	1492829	209	20.0
1608488105.68	20000	35.244676	0.0	1484812	207	20.0
1608488106.04	20000	35.887619	0.0	1868314	269	20.0
1608488106.32	20000	36.604351	0.0	1253406	199	20.0
1608488106.54	20000	37.382482	0.0	887933	140	20.0
1608488106.81	20000	38.117129	0.0	1153403	182	20.0
1608488107.04	20000	38.886637	0.0	1249023	147	20.0
1608488107.27	20000	39.662362	0.0	1423973	140	20.0
1608488107.45	20000	40.47569	0.0	1060162	104	20.0
1608488107.64	20000	41.287907	0.0	1080597	106	20.0
1608488107.84	20000	42.092281	0.0	1156442	113	20.0
1608488108.15	20000	42.784544	0.0	2222640	221	20.0
1608488108.5	20000	43.435498	0.0	2587311	259	20.0
1608488108.81	20000	44.126765	0.0	2178351	217	20.0
1608488109.58	20000	44.351746	0.0	3121089	683	20.0
1608488110.39	20000	44.547931	0.0	2857420	712	20.0
1608488110.89	20000	45.048876	0.0	1702477	414	20.0
1608488111.47	20000	45.465819	0.0	1531670	497	20.0
1608488112.26	20000	45.684762	0.0	1863424	696	20.0
1608488114.12	20000	44.826584	0.0	1987392	1772	20.0
1608488114.68	20000	45.264484	0.0	2505586	473	20.0
1608488115.65	20000	45.298472	0.0	9620218	840	20.0
1608488115.92	20000	46.02526	0.0	2561608	182	20.0
1608488116.3	20000	46.641481	0.0	3633991	285	20.0
1608488116.66	20000	47.281948	0.0	3324070	264	20.0
1608488116.87	20000	48.073267	0.0	1560020	123	20.0
1608488117.06	20000	48.885187	0.0	1429188	104	20.0
1608488117.27	20000	49.68121	0.0	1754144	118	20.0
1608488117.46	20000	50.489809	0.0	1626020	109	20.0
1608488117.66	20000	51.288694	0.0	1739228	116	20.0
1608488117.87	20000	52.088544	0.0	1722735	115	20.0
1608488118.06	20000	52.89468	0.0	1538145	98	20.0
1608488118.24	20000	53.714242	0.0	1473412	95	20.0
1608488118.42	20000	54.532536	0.0	1498968	97	20.0
1608488118.66	20000	55.298326	0.0	2247334	145	20.0
1608488118.96	20000	56.000779	0.0	3156442	205	20.0
1608488119.18	20000	56.773758	0.0	1895098	141	20.0
1608488119.42	20000	57.543015	0.0	1939135	144	20.0
1608488119.64	20000	58.319576	0.0	1842874	136	20.0
1608488119.9	20000	59.064553	0.0	2235830	166	20.0
1608488120.18	20000	59.778806	0.0	2202171	196	20.0
1608488121.49	20000	59.619521	0.0	2242042	219	20.0
1608488122.14	20000	59.870519	0.0	1081763	66	20.0
1608488123.36	20000	59.621557	0.0	2409013	123	20.0
1608488124.52	20000	59.622599	0.0	1615028	78	20.0
1608488125.18	20000	59.873531	0.0	1413467	72	20.0
1608488126.34	20000	59.874512	0.0	1632450	68	20.0
1608488127.22	20000	59.875534	0.0	5664827	270	20.0
1608488128.57	20000	59.626529	0.0	4578115	242	20.0
1608488129.23	20000	59.877515	0.0	1783835	75	20.0
1608488130.38	20000	59.628565	0.0	1093613	64	20.0
1608488131.53	20000	59.629509	0.0	975642	61	20.0
1608488132.3	20000	59.880568	0.0	1658005	181	20.0
1608488133.25	20000	59.881651	0.0	3055257	352	20.0
1608488134.29	20000	59.882665	0.0	5355572	437	20.0
1608488135.21	20000	59.883614	0.0	3278424	324	20.0
1608488136.22	20000	59.884489	0.0	2318501	418	20.0
1608488137.52	20000	59.635519	0.0	2473561	212	20.0
1608488138.31	20000	59.886536	0.0	1730311	204	20.0
1608488139.54	20000	59.637621	0.0	1455812	146	20.0
1608488140.44	20000	59.638628	0.0	2869222	306	20.0
1608488141.36	20000	59.639615	0.0	3226650	319	20.0
1608488142.23	20000	59.890557	0.0	2705936	278	20.0
1608488143.13	20000	59.891606	0.0	2998622	312	20.0
1608488144.58	20000	59.642613	0.0	2928342	352	20.0
1608488145.02	20000	59.969817	0.0	3059979	345	20.0
1608488146.51	20000	59.644561	0.0	3367422	391	20.0
1608488147.32	20000	59.895556	0.0	1950694	224	20.0
1608488148.59	20000	59.646534	0.0	1541020	179	20.0
1608488149.02	20000	59.970602	0.0	2926720	343	20.0
1608488150.53	20000	59.648554	0.0	2991202	416	20.0
1608488151.45	20000	59.649506	0.0	3002106	324	20.0
1608488152.3	20000	59.900512	0.0	2015412	253	20.0
1608488153.25	20000	59.901484	0.0	2894863	364	20.0
1608488154.12	20000	59.902511	0.0	2185316	270	20.0
1608488155.14	20000	59.903499	0.0	3370605	424	20.0
1608488156.2	20000	59.904517	0.0	3492243	463	20.0
1608488157.45	20000	59.655542	0.0	1307592	161	20.0
1608488158.27	20000	59.906517	0.0	1881404	229	20.0
1608488159.58	20000	59.657505	0.0	1806471	231	20.0
1608488160.19	20000	59.809043	0.0	1945842	521	20.0
1608488161.14	20000	59.909556	0.0	2538877	356	20.0
1608488162.26	20000	59.910591	0.0	2298557	527	20.0
1608488163.05	20000	59.953893	0.0	2831497	692	20.0
1608488164.28	20000	59.912587	0.0	3200905	633	20.0
1608488165.26	20000	59.913494	0.0	2180586	393	20.0
1608488166.2	20000	59.914516	0.0	1500505	344	20.0
1608488167.32	20000	59.915525	0.0	1939246	539	20.0
1608488168.46	20000	59.666533	0.0	1599193	551	20.0
1608488169.21	20000	59.803301	0.0	2364826	654	20.0
1608488170.56	20000	59.6685	0.0	2517454	264	20.0
1608488171.38	20000	59.669502	0.0	1883143	223	20.0
1608488172.15	20000	59.920516	0.0	1726706	186	20.0
1608488173.31	20000	59.921499	0.0	707364	75	20.0
1608488174.49	20000	59.67251	0.0	796460	88	20.0
1608488175.12	20000	59.923496	0.0	596962	53	20.0
1608488176.29	20000	59.92455	0.0	947625	85	20.0
1608488177.45	20000	59.675512	0.0	832859	66	20.0
1608488178.54	20000	59.676506	0.0	151562	11	20.0
1608488179.12	20000	59.927516	0.0	90390	6	20.0
1608488180.19	20000	59.92851	0.0	50278	2	20.0
1608488181.24	20000	59.929515	0.0	26471	4	20.0
1608488182.28	20000	59.930509	0.0	40620	1	20.0
1608488182.63	4000	1.000999	0.035	334032	23	-0.7000000000000002
1608488183.64	20000	1.266964	0.0	11007815	809	4.0
1608488184.48	20000	1.452305	0.0	8849724	710	20.0
1608488184.85	20000	2.086068	0.0	3191121	268	20.0
1608488185.07	20000	2.880006	0.0	1661718	140	20.0
1608488185.27	20000	3.685462	0.0	1315024	109	20.0
1608488185.41	20000	4.54549	0.0	698359	58	20.0
1608488185.56	20000	5.398252	0.0	730082	65	20.0
1608488186.02	20000	5.932708	0.0	4047415	367	20.0
1608488186.38	20000	6.579877	0.0	2863079	258	20.0
1608488186.91	20000	7.04808	0.0	4167844	433	20.0
1608488187.57	20000	7.390084	0.0	5571764	550	20.0
1608488188.05	20000	7.906844	0.0	4925652	379	20.0
1608488188.3	20000	8.663499	0.0	2030157	156	20.0
1608488188.57	20000	9.39495	0.0	2240782	174	20.0
1608488188.83	20000	10.131257	0.0	2211169	174	20.0
1608488188.94	20000	11.02338	0.0	382046	30	20.0
1608488189.11	20000	11.853811	0.0	1113969	87	20.0
1608488189.26	20000	12.709789	0.0	820127	64	20.0
1608488189.91	20000	13.052238	0.0	6357933	548	20.0
1608488190.44	20000	13.525406	0.0	4814284	426	20.0
1608488190.82	20000	14.152239	0.0	3419258	279	20.0
1608488191.24	20000	14.73441	0.0	3944328	322	20.0
1608488191.74	20000	15.233637	0.0	4284196	402	20.0
1608488192.15	20000	15.824009	0.0	3022025	318	20.0
1608488192.48	20000	16.49818	0.0	2248581	236	20.0
1608488193.72	20000	16.258111	0.0	9946363	1104	20.0
1608488195.29	20000	15.68359	0.0	11684632	1434	20.0
1608488195.61	20000	16.370706	0.0	1849732	223	20.0
1608488195.92	20000	17.058087	0.0	1942795	223	20.0
1608488196.2	20000	17.77505	0.0	1704756	196	20.0
1608488196.49	20000	18.492454	0.0	1697111	195	20.0
1608488196.74	20000	19.24145	0.0	1529441	165	20.0
1608488196.99	20000	19.987633	0.0	1568649	168	20.0
1608488197.26	20000	20.718574	0.0	1677618	181	20.0
