1608470254.04	4000	1.000999	0.017	60629	7	-0.33999999999999986
1608470257.66	20000	1.462454	3.05	11007815	3475	-57.0
1608470259.22	8000	1.344721	0.188	7078153	1504	-7.76
1608470259.66	20000	1.918965	0.0	3191121	415	8.0
1608470259.91	20000	2.673919	0.0	1661718	224	20.0
1608470260.17	20000	3.412943	0.0	1315024	241	20.0
1608470260.32	20000	4.269437	0.0	698359	127	20.0
1608470260.47	20000	5.121003	0.0	730082	133	20.0
1608470261.21	20000	5.385558	0.0	4047415	706	20.0
1608470261.7	20000	5.885969	0.0	2863079	467	20.0
1608470262.43	20000	6.154508	0.0	4167844	700	20.0
1608470263.21	20000	6.382994	0.0	5571764	732	20.0
1608470263.74	20000	6.855049	0.0	4925652	489	20.0
1608470264.02	20000	7.576563	0.0	2030157	255	20.0
1608470264.47	20000	8.121383	0.0	2240782	433	20.0
1608470264.91	20000	8.680292	0.0	2211169	419	20.0
1608470264.97	20000	9.624118	0.0	382046	41	20.0
1608470265.11	20000	10.482638	0.0	1113969	124	20.0
1608470265.22	20000	11.376029	0.0	820127	90	20.0
1608470265.99	20000	11.610538	0.0	6357933	722	20.0
1608470266.64	20000	11.955513	0.0	4814284	617	20.0
1608470267.21	20000	12.389701	0.0	3419258	536	20.0
1608470268.05	20000	12.556061	0.0	3944328	799	20.0
1608470269.07	20000	12.530188	0.0	4284196	992	20.0
1608470269.63	20000	12.978396	0.0	3022025	524	20.0
1608470269.99	20000	13.614321	0.0	2248581	340	20.0
1608470270.97	20000	13.638081	0.0	9946363	913	20.0
1608470272.18	20000	13.423321	0.0	11684632	1146	20.0
1608470272.41	20000	14.19805	0.0	1849732	204	20.0
1608470272.65	20000	14.961416	0.0	1942795	214	20.0
1608470272.86	20000	15.753027	0.0	1704756	188	20.0
1608470273.09	20000	16.518837	0.0	1697111	214	20.0
1608470273.32	20000	17.287632	0.0	1529441	210	20.0
1608470273.56	20000	18.052462	0.0	1568649	216	20.0
1608470273.81	20000	18.801171	0.0	1677618	232	20.0
1608470274.04	20000	19.575537	0.0	1415096	208	20.0
1608470274.38	20000	20.233799	0.0	1894067	320	20.0
1608470274.6	20000	21.016162	0.0	1186604	199	20.0
1608470274.8	20000	21.820041	0.0	1068386	179	20.0
1608470277.6	20000	20.022961	0.0	1700843	2778	20.0
1608470277.97	20000	20.652609	0.0	2536859	338	20.0
1608470284.13	20000	15.487262	0.0	4742872	6124	20.0
1608470285.79	20000	14.836153	0.0	4955535	1613	20.0
1608470286.13	20000	15.487544	0.0	1260540	330	20.0
1608470287.13	20000	15.496831	0.0	3605246	960	20.0
1608470287.56	20000	16.05963	0.0	2770338	411	20.0
1608470287.86	20000	16.764214	0.0	1855168	275	20.0
1608470288.13	20000	17.499466	0.0	1666915	245	20.0
1608470288.38	20000	18.246986	0.0	1555467	234	20.0
1608470288.55	20000	19.079221	0.0	1008919	150	20.0
1608470288.75	20000	19.878469	0.0	1227619	184	20.0
1608470288.92	20000	20.709537	0.0	1015853	152	20.0
1608470289.0	20000	21.640454	0.0	384076	56	20.0
1608470289.05	20000	22.579508	0.0	295687	40	20.0
1608470289.28	20000	23.350097	0.0	1328674	211	20.0
1608470289.54	20000	24.094715	0.0	1492829	237	20.0
1608470289.8	20000	24.837155	0.0	1484812	236	20.0
1608470290.11	20000	25.521725	0.0	1868314	295	20.0
1608470290.33	20000	26.308345	0.0	1253406	195	20.0
1608470290.48	20000	27.153647	0.0	887933	138	20.0
1608470290.68	20000	27.956054	0.0	1153403	179	20.0
1608470290.9	20000	28.743663	0.0	1249023	194	20.0
1608470291.14	20000	29.500818	0.0	1423973	224	20.0
1608470291.33	20000	30.308334	0.0	1060162	175	20.0
1608470291.53	20000	31.114239	0.0	1080597	178	20.0
1608470291.74	20000	31.907222	0.0	1156442	191	20.0
1608470292.14	20000	32.50456	0.0	2222640	380	20.0
1608470292.71	20000	32.940434	0.0	2587311	537	20.0
1608470293.18	20000	33.468241	0.0	2178351	448	20.0
1608470293.86	20000	33.791639	0.0	3121089	648	20.0
1608470294.59	20000	34.06093	0.0	2857420	703	20.0
1608470295.06	20000	34.586024	0.0	1702477	454	20.0
1608470295.44	20000	35.209203	0.0	1531670	358	20.0
1608470295.91	20000	35.74654	0.0	1863424	441	20.0
1608470296.4	20000	36.257597	0.0	1987392	467	20.0
1608470297.02	20000	36.639096	0.0	2505586	594	20.0
1608470299.55	20000	35.107606	0.0	9620218	2471	20.0
1608470300.01	20000	35.647726	0.0	2561608	434	20.0
1608470300.68	20000	35.980682	0.0	3633991	637	20.0
1608470301.29	20000	36.364952	0.0	3324070	586	20.0
1608470301.59	20000	37.070182	0.0	1560020	275	20.0
1608470301.86	20000	37.799184	0.0	1429188	251	20.0
1608470302.22	20000	38.443793	0.0	1754144	334	20.0
1608470302.66	20000	39.003296	0.0	1626020	420	20.0
1608470303.13	20000	39.531672	0.0	1739228	450	20.0
1608470303.41	20000	40.254139	0.0	1722735	255	20.0
1608470303.66	20000	41.006947	0.0	1538145	227	20.0
1608470303.9	20000	41.768805	0.0	1473412	218	20.0
1608470304.14	20000	42.528672	0.0	1498968	222	20.0
1608470304.61	20000	43.059935	0.0	2247334	443	20.0
1608470305.26	20000	43.408865	0.0	3156442	623	20.0
1608470305.66	20000	44.013731	0.0	1895098	374	20.0
1608470306.06	20000	44.609147	0.0	1939135	383	20.0
1608470306.43	20000	45.245819	0.0	1842874	342	20.0
1608470306.87	20000	45.810103	0.0	2235830	414	20.0
1608470307.28	20000	46.39032	0.0	2202171	389	20.0
1608470307.68	20000	46.995681	0.0	2242042	372	20.0
1608470307.88	20000	47.800782	0.0	1081763	178	20.0
1608470308.3	20000	48.372429	0.0	2409013	403	20.0
1608470308.6	20000	49.073581	0.0	1615028	279	20.0
1608470308.87	20000	49.81115	0.0	1413467	243	20.0
1608470309.17	20000	50.510515	0.0	1632450	282	20.0
1608470309.97	20000	50.708123	0.0	5664827	762	20.0
1608470310.53	20000	51.148557	0.0	4578115	525	20.0
1608470310.75	20000	51.932183	0.0	1783835	189	20.0
1608470310.88	20000	52.80059	0.0	1093613	116	20.0
1608470311.0	20000	53.682705	0.0	975642	102	20.0
1608470311.2	20000	54.489666	0.0	1658005	174	20.0
1608470311.51	20000	55.178056	0.0	3055257	286	20.0
1608470312.05	20000	55.636153	0.0	5355572	502	20.0
1608470312.43	20000	56.256959	0.0	3278424	350	20.0
1608470312.72	20000	56.966299	0.0	2318501	267	20.0
1608470313.03	20000	57.657061	0.0	2473561	285	20.0
1608470313.25	20000	58.438989	0.0	1730311	198	20.0
1608470313.44	20000	59.252734	0.0	1455812	167	20.0
1608470313.8	20000	59.895177	0.0	2869222	332	20.0
1608470315.2	20000	59.619209	0.0	3226650	372	20.0
1608470316.06	20000	59.819817	0.0	2705936	331	20.0
1608470316.96	20000	59.871221	0.0	2998622	376	20.0
1608470317.88	20000	59.872249	0.0	2928342	391	20.0
1608470319.32	20000	59.623222	0.0	3059979	416	20.0
1608470320.18	20000	59.624221	0.0	3367422	322	20.0
1608470320.85	20000	59.875185	0.0	1950694	148	20.0
1608470321.98	20000	59.876225	0.0	1541020	107	20.0
1608470323.29	20000	59.627219	0.0	2926720	286	20.0
1608470324.07	20000	59.878213	0.0	2991202	249	20.0
1608470324.88	20000	59.879221	0.0	3002106	277	20.0
1608470326.13	20000	59.630207	0.0	2015412	232	20.0
1608470326.8	20000	59.905998	0.0	2894863	640	20.0
1608470327.85	20000	59.882078	0.0	2185316	527	20.0
1608470329.08	20000	59.633202	0.0	3370605	691	20.0
1608470329.96	20000	59.753798	0.0	3492243	846	20.0
1608470331.31	20000	59.635193	0.0	1307592	326	20.0
1608470332.1	20000	59.60827	0.0	1881404	774	20.0
1608470332.99	20000	59.724655	0.0	1806471	863	20.0
1608470333.89	20000	59.822133	0.0	1945842	881	20.0
1608470334.82	20000	59.890962	0.0	2538877	904	20.0
1608470336.1	20000	59.6402	0.0	2298557	746	20.0
1608470337.43	20000	59.285458	0.0	2831497	1307	20.0
1608470338.35	20000	59.368615	0.0	3200905	887	20.0
1608470339.46	20000	59.256252	0.0	2180586	1088	20.0
1608470339.88	20000	59.83564	0.0	1500505	400	20.0
1608470340.92	20000	59.895214	0.0	1939246	514	20.0
1608470341.87	20000	59.896212	0.0	1599193	427	20.0
1608470342.96	20000	59.897211	0.0	2364826	559	20.0
1608470343.98	20000	59.898141	0.0	2517454	496	20.0
1608470345.31	20000	59.649171	0.0	1883143	313	20.0
1608470346.11	20000	59.650189	0.0	1726706	269	20.0
1608470347.24	20000	59.651145	0.0	707364	112	20.0
1608470347.9	20000	59.902128	0.0	796460	142	20.0
1608470349.02	20000	59.903165	0.0	596962	101	20.0
1608470350.18	20000	59.654052	0.0	947625	137	20.0
1608470350.9	20000	59.905034	0.0	832859	200	20.0
1608470351.96	20000	59.906167	0.0	151562	44	20.0
1608470352.99	20000	59.907178	0.0	90390	17	20.0
1608470354.01	20000	59.908151	0.0	50278	6	20.0
1608470355.03	20000	59.909202	0.0	26471	2	20.0
1608470356.05	20000	59.910219	0.0	40620	7	20.0
1608470356.43	4000	1.000999	0.078	334032	67	-1.56
1608470359.39	20000	1.357396	2.036	11007815	2854	-36.72
1608470361.24	20000	1.306728	0.785	8849724	1800	4.300000000000001
1608470362.0	20000	1.575637	0.0	3191121	724	20.0
1608470362.44	20000	2.131072	0.0	1661718	416	20.0
1608470362.78	20000	2.795433	0.0	1315024	317	20.0
1608470362.96	20000	3.613149	0.0	698359	167	20.0
1608470363.16	20000	4.42286	0.0	730082	176	20.0
1608470364.32	20000	4.263695	0.0	4047415	1128	20.0
1608470365.09	20000	4.492778	0.0	2863079	743	20.0
1608470366.88	20000	3.701733	0.0	4167844	1758	20.0
1608470369.68	20000	1.900643	0.0	5571764	2760	20.0
1608470372.15	20000	1.476548	1.046	4925652	2439	-0.9200000000000017
1608470372.79	20000	1.84455	0.0	2030157	609	20.0
1608470373.37	20000	2.258979	0.0	2240782	563	20.0
1608470373.92	20000	2.715646	0.0	2211169	521	20.0
1608470374.02	20000	3.615326	0.0	382046	85	20.0
1608470374.29	20000	4.343701	0.0	1113969	255	20.0
1608470374.49	20000	5.141005	0.0	820127	186	20.0
1608470375.85	20000	4.789254	0.0	6357933	1307	20.0
1608470376.78	20000	4.858271	0.0	4814284	889	20.0
1608470377.35	20000	5.292186	0.0	3419258	537	20.0
1608470377.96	20000	5.682664	0.0	3944328	578	20.0
1608470378.6	20000	6.044279	0.0	4284196	605	20.0
1608470379.06	20000	6.581715	0.0	3022025	434	20.0
1608470379.41	20000	7.238148	0.0	2248581	322	20.0
1608470381.0	20000	6.64077	0.0	9946363	1534	20.0
1608470382.86	20000	5.781517	0.0	11684632	1788	20.0
1608470383.17	20000	6.47541	0.0	1849732	284	20.0
1608470383.49	20000	7.154676	0.0	1942795	298	20.0
1608470383.76	20000	7.883966	0.0	1704756	250	20.0
1608470384.03	20000	8.620827	0.0	1697111	242	20.0
1608470384.27	20000	9.38284	0.0	1529441	218	20.0
1608470384.51	20000	10.140307	0.0	1568649	224	20.0
