1608440208.54	4000	1.000999	0.064	60629	53	-2.048
1608440231.51	20000	1.371775	22.313	11007815	22860	-710.016
1608440231.95	2000	2.024835	0.0	1121405	419	-16.0
1608440232.22	2000	2.885731	0.0	728514	258	2.0
1608440232.39	2000	3.723803	0.0	508013	149	2.0
1608440232.51	2000	4.597281	0.0	395538	115	2.0
1608440232.61	2000	5.526947	0.0	297276	85	2.0
1608440232.84	16000	6.294583	0.0	730082	216	2.0
1608440235.42	16000	4.719152	0.0	4047415	2549	16.0
1608440236.26	4000	4.878733	0.0	927735	820	-8.0
1608440236.63	2000	5.509648	0.0	905521	353	0.0
1608440237.03	2000	6.114951	0.0	975494	381	2.0
1608440237.39	2000	6.749047	0.0	873443	354	2.0
1608440237.59	2000	7.55669	0.0	420093	181	2.0
1608440238.02	4000	8.129718	0.0	929156	412	2.0
1608440238.79	8000	8.592236	0.0	1263534	748	4.0
1608440238.89	8000	9.487869	0.0	150125	91	8.0
1608440239.26	8000	10.122976	0.0	555328	353	8.0
1608440239.41	8000	10.972163	0.0	323573	138	8.0
1608440240.81	8000	10.574325	0.0	4001900	1365	8.0
1608440241.39	4000	10.998342	0.0	2226527	550	0.0
1608440241.91	8000	11.475856	0.0	2083035	501	4.0
1608440242.31	4000	12.073667	0.0	1558531	383	0.0
1608440243.18	8000	12.204468	0.0	2599148	847	4.0
1608440243.68	4000	12.711186	0.0	1433055	475	0.0
1608440244.18	8000	13.212277	0.0	1427209	481	4.0
1608440245.69	8000	12.925518	0.0	6361262	1461	8.0
1608440246.74	4000	12.869487	0.0	5615227	1012	0.0
1608440246.89	4000	13.722051	0.0	764013	133	4.0
1608440247.12	8000	14.495942	0.0	1179779	206	4.0
1608440247.33	8000	15.282356	0.0	1078151	198	8.0
1608440247.62	8000	16.000124	0.0	1086181	266	8.0
1608440248.01	16000	16.603876	0.0	1529441	377	8.0
1608440248.46	16000	17.161864	0.0	1568649	423	16.0
1608440249.03	16000	17.588341	0.0	1677618	554	16.0
1608440249.41	12000	18.220408	0.0	1196263	345	8.0
1608440249.74	8000	18.883224	0.0	1356524	307	4.0
1608440249.93	8000	19.689901	0.0	801103	179	8.0
1608440250.1	8000	20.522985	0.0	686354	153	8.0
1608440250.4	12000	21.224318	0.0	1366872	279	8.0
1608440250.87	16000	21.756588	0.0	2536859	443	12.0
1608440251.88	16000	21.750875	0.0	4742872	971	16.0
1608440252.87	12000	21.756026	0.0	3209770	966	8.0
1608440253.23	8000	22.400269	0.0	890138	339	4.0
1608440253.84	8000	22.791917	0.0	2345010	585	8.0
1608440254.27	8000	23.36199	0.0	1735323	410	8.0
1608440254.62	8000	24.012807	0.0	1153767	333	8.0
1608440254.94	8000	24.687244	0.0	1020736	311	8.0
1608440255.25	8000	25.377802	0.0	965874	293	8.0
1608440255.93	8000	25.700764	0.0	762421	663	8.0
1608440256.54	8000	26.0943	0.0	883591	592	8.0
1608440256.76	4000	26.876388	0.0	561624	202	0.0
1608440256.86	4000	27.777466	0.0	252381	86	4.0
1608440256.94	4000	28.698803	0.0	198847	66	4.0
1608440257.2	4000	29.442872	0.0	672121	243	4.0
1608440257.58	8000	30.061503	0.0	1028305	364	4.0
1608440258.13	16000	30.508386	0.0	1484812	533	8.0
1608440259.58	12000	30.06585	0.0	1524381	1422	8.0
1608440260.21	4000	30.435614	0.0	531866	613	-4.0
1608440260.41	2000	31.236997	0.0	201160	184	0.0
1608440260.58	2000	32.064561	0.0	227906	161	2.0
1608440260.81	2000	32.835979	0.0	301480	217	2.0
1608440261.11	2000	33.530888	0.0	401522	293	2.0
1608440261.38	4000	34.271387	0.0	349710	246	2.0
1608440261.8	8000	34.845799	0.0	558836	411	4.0
1608440262.24	8000	35.406227	0.0	579891	428	8.0
1608440262.67	4000	35.978274	0.0	767399	412	0.0
1608440263.1	4000	36.549134	0.0	838282	416	4.0
1608440263.44	4000	37.214895	0.0	690145	320	4.0
1608440263.9	4000	37.751892	0.0	1110276	445	4.0
1608440264.33	4000	38.327399	0.0	1024586	410	4.0
1608440264.76	8000	38.894106	0.0	901281	415	4.0
1608440265.16	8000	39.497937	0.0	798342	383	8.0
1608440265.67	8000	39.99183	0.0	1031599	491	8.0
1608440266.24	8000	40.418795	0.0	1153146	558	8.0
1608440266.66	4000	40.997819	0.0	962786	404	0.0
1608440268.0	4000	40.658624	0.0	3596154	1313	4.0
1608440268.42	4000	41.237598	0.0	1238543	395	4.0
1608440268.92	4000	41.745397	0.0	1526348	475	4.0
1608440269.37	4000	42.290125	0.0	1410236	439	4.0
1608440269.6	4000	43.063115	0.0	659155	213	4.0
1608440269.9	8000	43.761829	0.0	835287	285	4.0
1608440270.29	8000	44.379317	0.0	1072056	367	8.0
1608440270.69	8000	44.979405	0.0	1005233	385	8.0
1608440271.14	8000	45.524935	0.0	1040790	438	8.0
1608440271.65	8000	46.014998	0.0	1009563	494	8.0
1608440272.27	8000	46.401886	0.0	911305	597	8.0
1608440272.65	4000	47.021626	0.0	556204	364	0.0
1608440273.06	4000	47.609113	0.0	568078	399	4.0
1608440273.57	4000	48.105791	0.0	747231	489	4.0
1608440274.23	4000	48.444407	0.0	1138250	646	4.0
1608440274.7	4000	48.975256	0.0	724195	456	4.0
1608440275.25	4000	49.421586	0.0	728813	540	4.0
1608440275.94	4000	49.741124	0.0	631476	667	4.0
1608440276.52	2000	50.157514	0.0	447328	568	0.0
1608440276.98	2000	50.695793	0.0	442130	448	2.0
1608440277.47	2000	51.207196	0.0	467709	477	2.0
1608440277.72	2000	51.961522	0.0	242111	233	2.0
1608440278.31	2000	52.370062	0.0	564856	578	2.0
1608440278.7	2000	52.984294	0.0	387198	373	2.0
1608440279.09	2000	53.596954	0.0	371539	375	2.0
1608440279.47	2000	54.216279	0.0	364606	368	2.0
1608440280.93	4000	53.759366	0.0	1121938	1438	2.0
1608440282.03	2000	53.654954	0.0	678863	1088	0.0
1608440282.57	2000	54.116099	0.0	376102	528	2.0
1608440282.95	2000	54.74148	0.0	268819	363	2.0
1608440283.3	2000	55.394006	0.0	249895	335	2.0
1608440283.84	2000	55.847334	0.0	388840	534	2.0
1608440284.6	2000	56.096705	0.0	510672	738	2.0
1608440285.75	2000	55.943342	0.0	813914	1140	2.0
1608440286.43	2000	56.264808	0.0	569070	666	2.0
1608440287.11	2000	56.583482	0.0	587015	668	2.0
1608440287.88	2000	56.812997	0.0	600946	756	2.0
1608440288.33	2000	57.363805	0.0	296369	438	2.0
1608440288.74	2000	57.955535	0.0	286854	397	2.0
1608440289.57	2000	58.130191	0.0	566404	811	2.0
1608440290.18	2000	58.517402	0.0	695021	600	2.0
1608440290.65	2000	59.047205	0.0	594594	458	2.0
1608440291.06	2000	59.643176	0.0	629131	392	2.0
1608440291.86	2000	59.848055	0.0	474066	292	2.0
1608440293.3	2000	59.599016	0.0	623944	421	2.0
1608440294.35	4000	59.354176	0.0	1328172	1031	2.0
1608440295.59	4000	59.328225	0.0	755940	1224	4.0
1608440296.28	2000	59.799029	0.0	336627	177	0.0
1608440297.13	2000	59.800042	0.0	598150	334	2.0
1608440298.21	2000	59.801066	0.0	590759	566	2.0
1608440299.59	2000	59.551996	0.0	584579	364	2.0
1608440299.95	2000	59.97635	0.0	441665	339	2.0
1608440301.33	4000	59.804044	0.0	1086740	859	2.0
1608440302.32	4000	59.805015	0.0	818102	474	4.0
1608440303.04	4000	59.889048	0.0	1450968	702	4.0
1608440303.96	4000	59.969008	0.0	1535058	902	4.0
1608440305.13	2000	59.807996	0.0	207349	158	0.0
1608440306.61	4000	59.55889	0.0	781150	455	2.0
1608440307.88	4000	59.0503	0.0	723162	1254	4.0
1608440308.23	2000	59.698202	0.0	461467	336	0.0
1608440309.14	2000	59.812019	0.0	530571	390	2.0
1608440310.56	2000	59.563007	0.0	602139	406	2.0
1608440311.05	2000	59.886898	0.0	716984	470	2.0
1608440312.51	2000	59.565033	0.0	719449	451	2.0
1608440313.26	4000	59.816028	0.0	854393	229	2.0
1608440314.44	4000	59.566997	0.0	602217	163	4.0
1608440315.22	8000	59.817992	0.0	1175796	258	4.0
1608440316.45	8000	59.568997	0.0	1004408	211	8.0
1608440317.37	12000	59.820002	0.0	1877910	390	8.0
1608440318.41	16000	59.570994	0.0	2517454	503	12.0
1608440319.32	16000	59.82201	0.0	1883143	393	16.0
1608440320.23	16000	59.822997	0.0	1726706	386	16.0
1608440321.4	16000	59.573978	0.0	707364	151	16.0
1608440322.58	16000	59.57512	0.0	796460	167	16.0
1608440323.24	16000	59.826057	0.0	596962	142	16.0
1608440324.47	16000	59.577092	0.0	947625	216	16.0
1608440325.14	20000	59.82803	0.0	832859	150	16.0
1608440326.18	20000	59.829142	0.0	151562	28	20.0
1608440327.21	20000	59.830135	0.0	90390	20	20.0
1608440328.23	16000	59.831145	0.0	50278	5	12.0
1608440329.25	12000	59.832142	0.0	24518	0	8.0
1608440330.26	8000	59.833124	0.0	26015	1	4.0
1608440330.52	4000	1.000999	0.023	60629	8	-0.7359999999999998
1608440334.0	20000	1.257951	2.725	11007815	3385	-83.2
1608440335.34	4000	1.313111	0.117	4402139	1298	-15.744
1608440335.64	4000	2.013222	0.0	1043358	286	4.0
1608440335.81	4000	2.860505	0.0	567502	152	4.0
1608440335.99	4000	3.684557	0.0	472646	162	4.0
1608440336.1	4000	4.575002	0.0	274373	97	4.0
1608440336.24	8000	5.429282	0.0	358785	129	4.0
1608440338.25	16000	4.421077	0.0	4047415	1977	8.0
1608440338.62	4000	5.058041	0.0	927735	346	-8.0
1608440339.45	4000	5.230464	0.0	1463326	810	4.0
1608440341.85	4000	3.832027	0.0	2054811	2362	4.0
1608440342.88	2000	3.800117	0.0	873443	1013	0.0
1608440343.56	2000	4.117778	0.0	420093	670	2.0
1608440344.51	2000	4.172157	0.0	432386	934	2.0
1608440345.0	2000	4.679487	0.0	430845	480	2.0
1608440345.05	2000	5.630105	0.0	114664	38	2.0
1608440345.16	2000	6.51827	0.0	272444	101	2.0
1608440345.24	2000	7.443071	0.0	180836	64	2.0
1608440345.7	2000	7.982586	0.0	1138797	446	2.0
1608440346.69	8000	7.992659	0.0	3029729	967	2.0
1608440347.17	8000	8.51771	0.0	2083035	457	8.0
1608440347.61	8000	9.078642	0.0	2281353	420	8.0
1608440348.11	8000	9.577063	0.0	2599148	482	8.0
1608440348.49	8000	10.197995	0.0	1926191	362	8.0
1608440348.77	8000	10.916393	0.0	1427209	268	8.0
1608440351.51	16000	9.179917	0.0	9946363	2680	8.0
1608440352.79	4000	8.906125	0.0	5615227	1236	-8.0
1608440352.96	4000	9.730059	0.0	764013	162	4.0
1608440353.25	4000	10.446885	0.0	795179	271	4.0
1608440353.51	4000	11.183761	0.0	741228	251	4.0
1608440353.78	4000	12.041773	0.0	760332	258	4.0
1608440354.05	8000	12.889847	0.0	1029204	247	4.0
1608440354.36	16000	13.582394	0.0	1568649	288	8.0
