1608452793.81	4000	1.000999	0.044	60629	1	-1.408
1608452796.96	16000	1.386144	2.478	11007815	3054	-75.296
1608452798.71	16000	1.355699	0.467	8849724	1698	1.0559999999999992
1608452799.08	16000	1.983614	0.0	3191121	345	16.0
1608452799.28	16000	2.807732	0.0	1661718	179	16.0
1608452799.44	16000	3.650222	0.0	1315024	141	16.0
1608452799.53	16000	4.561061	0.0	698359	74	16.0
1608452799.62	16000	5.473827	0.0	730082	73	16.0
1608452800.01	16000	6.088668	0.0	4047415	355	16.0
1608452800.28	16000	6.813327	0.0	2863079	251	16.0
1608452800.68	16000	7.421683	0.0	4167844	361	16.0
1608452801.13	16000	7.970379	0.0	5571764	411	16.0
1608452801.53	16000	8.573093	0.0	4925652	363	16.0
1608452801.72	16000	9.375665	0.0	2030157	177	16.0
1608452801.97	16000	10.125349	0.0	2240782	230	16.0
1608452802.23	16000	10.877954	0.0	2211169	227	16.0
1608452802.28	16000	11.820122	0.0	382046	38	16.0
1608452802.41	16000	12.69223	0.0	1113969	113	16.0
1608452802.51	16000	13.595024	0.0	820127	83	16.0
1608452803.18	16000	13.92502	0.0	6357933	627	16.0
1608452803.69	16000	14.419118	0.0	4814284	470	16.0
1608452804.04	16000	15.068912	0.0	3419258	324	16.0
1608452804.44	16000	15.667416	0.0	3944328	373	16.0
1608452804.93	16000	16.179133	0.0	4284196	455	16.0
1608452805.31	16000	16.799857	0.0	3022025	348	16.0
1608452805.59	16000	17.51899	0.0	2248581	259	16.0
1608452816.97	16000	23.158875	0.0	3209770	5415	16.0
1608452816.98	16000	23.150417	0.0	3209770	5415	16.0
1608452818.29	16000	22.837101	0.0	1260540	1299	16.0
1608452819.07	8000	23.058573	0.0	2345010	750	0.0
1608452819.4	8000	23.72722	0.0	1735323	312	8.0
1608452819.42	12000	23.71958	0.0	1735323	312	8.0
1608452819.42	16000	23.708146	0.0	1735323	312	12.0
1608452819.79	16000	24.344978	0.0	1855168	345	16.0
1608452820.21	16000	24.921803	0.0	1666915	405	16.0
1608452820.61	16000	25.525762	0.0	1555467	378	16.0
1608452820.84	16000	26.294771	0.0	1008919	215	16.0
1608452821.1	16000	27.035794	0.0	1227619	241	16.0
1608452821.32	16000	27.820902	0.0	1015853	197	16.0
1608452821.4	16000	28.73608	0.0	384076	72	16.0
1608452821.47	16000	29.669737	0.0	295687	56	16.0
1608452821.74	16000	30.396406	0.0	1328674	258	16.0
1608452822.03	16000	31.109929	0.0	1492829	268	16.0
1608452822.32	16000	31.825523	0.0	1484812	267	16.0
1608452822.67	16000	32.470419	0.0	1868314	336	16.0
1608452822.97	16000	33.172506	0.0	1253406	280	16.0
1608452823.2	16000	33.942904	0.0	887933	214	16.0
1608452823.5	16000	34.647936	0.0	1153403	279	16.0
1608452824.08	16000	35.075937	0.0	1249023	557	16.0
1608452824.82	16000	35.327138	0.0	1423973	722	16.0
1608452825.16	16000	35.988178	0.0	1060162	322	16.0
1608452825.51	16000	36.642896	0.0	1080597	330	16.0
1608452826.18	16000	36.971818	0.0	1156442	655	16.0
1608452837.51	16000	59.842866	0.0	387198	96	16.0
1608452837.51	16000	59.669584	0.0	387198	96	16.0
1608452838.53	16000	59.843855	0.0	1413467	496	16.0
1608452839.46	16000	59.844862	0.0	1632450	414	16.0
1608452841.04	16000	59.143495	0.0	5664827	1541	16.0
1608452842.36	16000	58.831178	0.0	4578115	1278	16.0
1608452842.85	16000	59.3351	0.0	1783835	476	16.0
1608452843.66	16000	59.598879	0.0	1093613	289	16.0
1608452844.43	16000	59.849945	0.0	975642	256	16.0
1608452845.41	16000	59.850788	0.0	1658005	456	16.0
1608452846.39	16000	59.802752	0.0	3055257	953	16.0
1608452847.72	16000	59.477793	0.0	5355572	1289	16.0
1608452848.39	16000	59.805802	0.0	3278424	646	16.0
1608452849.36	16000	59.854772	0.0	2318501	447	16.0
1608452850.81	16000	59.605985	0.0	2473561	428	16.0
1608452851.56	16000	59.856898	0.0	1730311	227	16.0
1608452852.76	16000	59.607859	0.0	1455812	177	16.0
1608452853.62	16000	59.608783	0.0	2869222	334	16.0
1608452854.52	16000	59.859732	0.0	3226650	373	16.0
1608452855.38	16000	59.860835	0.0	2705936	336	16.0
1608452856.39	16000	59.861797	0.0	2998622	480	16.0
1608452857.5	16000	59.86277	0.0	2928342	587	16.0
1608452858.46	16000	59.863875	0.0	3059979	431	16.0
1608452859.57	16000	59.864845	0.0	3367422	584	16.0
1608452860.48	16000	59.865739	0.0	1950694	383	16.0
1608452871.43	16000	59.876964	0.0	432669	63	16.0
1608452871.43	16000	59.782063	0.0	432669	63	16.0
1608452872.8	16000	59.628004	0.0	1806471	348	16.0
1608452873.66	16000	59.629002	0.0	1945842	341	16.0
1608452874.7	16000	59.629994	0.0	2538877	521	16.0
1608452875.67	16000	59.630957	0.0	2298557	449	16.0
1608452876.27	16000	59.957893	0.0	2831497	570	16.0
1608452877.41	16000	59.882962	0.0	3200905	619	16.0
1608452878.39	16000	59.883945	0.0	2180586	463	16.0
1608452879.69	16000	59.634996	0.0	1500505	281	16.0
1608452880.62	16000	59.635972	0.0	1939246	395	16.0
1608452881.56	16000	59.886991	0.0	1599193	423	16.0
1608452882.45	16000	59.887996	0.0	2364826	364	16.0
1608452883.42	16000	59.888974	0.0	2517454	455	16.0
1608452884.82	16000	59.639987	0.0	1883143	380	16.0
1608452885.73	16000	59.640963	0.0	1726706	390	16.0
1608452886.4	16000	59.891983	0.0	707364	155	16.0
1608452887.74	16000	59.64295	0.0	796460	325	16.0
1608452888.54	16000	59.89395	0.0	596962	285	16.0
1608452889.46	16000	59.894963	0.0	947625	409	16.0
1608452890.36	16000	59.895988	0.0	832859	378	16.0
1608452890.36	12000	59.873832	0.0	832859	378	8.0
1608452891.44	12000	59.896995	0.0	123294	62	12.0
1608452892.47	12000	59.898006	0.0	70186	23	12.0
1608452892.48	16000	59.760113	0.0	70186	23	12.0
1608452893.51	16000	59.898995	0.0	50278	17	16.0
1608452894.52	16000	59.89999	0.0	26471	6	16.0
1608452895.58	16000	59.900985	0.0	40620	44	16.0
1608452895.59	2000	59.654583	0.0	40620	44	-12.0
1608452896.1	2000	59.584749	0.0	3402	3	2.0
