1608418312.01	4000	1.000999	0.031	60629	21	-0.992
1608418321.16	20000	1.329374	8.453	11007815	9029	-266.496
1608418321.6	2000	2.026524	0.0	1121405	419	-16.0
1608418322.0	2000	2.715924	0.0	728514	379	2.0
1608418322.29	2000	3.455517	0.0	508013	273	2.0
1608418322.51	2000	4.232067	0.0	395538	210	2.0
1608418322.66	2000	5.084421	0.0	297276	136	2.0
1608418322.81	8000	5.941187	0.0	358785	123	2.0
1608418323.49	8000	6.262789	0.0	1838971	662	8.0
1608418324.43	8000	6.317576	0.0	1382199	930	8.0
1608418326.75	4000	4.997571	0.0	1463326	2300	0.0
1608418326.91	2000	5.840152	0.0	975494	140	0.0
1608418327.05	2000	6.701672	0.0	873443	126	2.0
1608418327.12	2000	7.632145	0.0	420093	58	2.0
1608418327.19	2000	8.561646	0.0	432386	61	2.0
1608418327.26	2000	9.49232	0.0	430845	61	2.0
1608418327.33	20000	10.426668	0.0	382046	53	2.0
1608418327.5	20000	11.253964	0.0	1113969	161	20.0
1608418327.63	20000	12.12358	0.0	820127	117	20.0
1608418330.21	20000	10.772404	0.0	6357933	2536	20.0
1608418330.89	4000	11.099805	0.0	2226527	648	-12.0
1608418331.27	4000	11.716886	0.0	1501029	365	4.0
1608418331.67	4000	12.320184	0.0	1558531	379	4.0
1608418332.09	4000	12.900106	0.0	1856343	402	4.0
1608418332.42	4000	13.572833	0.0	1433055	311	4.0
1608418332.76	8000	14.235399	0.0	1427209	320	4.0
1608418335.91	12000	12.078078	0.0	8032438	3099	8.0
1608418336.82	4000	12.168015	0.0	5615227	869	-4.0
1608418336.96	4000	13.043782	0.0	764013	124	4.0
1608418337.11	4000	14.044782	0.0	795179	129	4.0
1608418337.24	4000	14.964357	0.0	741228	119	4.0
1608418337.38	4000	15.829198	0.0	760332	121	4.0
1608418337.65	20000	16.561363	0.0	1529441	247	4.0
1608418337.95	20000	17.258903	0.0	1568649	286	20.0
1608418338.29	20000	17.918414	0.0	1677618	322	20.0
1608418338.58	20000	18.629281	0.0	1415096	272	20.0
1608418339.0	20000	19.21164	0.0	1894067	398	20.0
1608418339.29	16000	19.920089	0.0	1186604	264	12.0
1608418339.55	16000	20.666084	0.0	1068386	238	16.0
1608418339.97	16000	21.241661	0.0	1700843	407	16.0
1608418340.65	16000	21.561678	0.0	2536859	659	16.0
1608418341.39	12000	21.827743	0.0	2595110	709	8.0
1608418342.62	8000	21.599831	0.0	1818385	1207	4.0
1608418342.9	4000	22.315305	0.0	659947	268	0.0
1608418343.29	4000	22.923876	0.0	1538893	374	4.0
1608418343.58	4000	23.638776	0.0	1116845	271	4.0
1608418343.78	4000	24.443847	0.0	770196	181	4.0
1608418343.94	4000	25.277277	0.0	678418	154	4.0
1608418344.32	16000	25.900311	0.0	1555467	356	4.0
1608418344.57	16000	26.654108	0.0	1008919	232	16.0
1608418344.88	16000	27.34357	0.0	1227619	293	16.0
1608418345.18	16000	28.049877	0.0	1015853	278	16.0
1608418345.29	16000	28.93598	0.0	384076	102	16.0
1608418345.38	16000	29.846818	0.0	295687	77	16.0
1608418345.76	16000	30.46503	0.0	1328674	365	16.0
1608418346.19	16000	31.043047	0.0	1492829	406	16.0
1608418346.62	16000	31.612018	0.0	1484812	408	16.0
1608418347.02	16000	32.209677	0.0	1868314	383	16.0
1608418347.22	12000	33.017087	0.0	995715	174	8.0
1608418347.35	12000	33.88594	0.0	674495	117	12.0
1608418347.57	16000	34.665223	0.0	1153403	201	12.0
1608418347.8	16000	35.432421	0.0	1249023	216	16.0
1608418348.08	20000	36.154202	0.0	1423973	261	16.0
1608418348.29	20000	36.945165	0.0	1060162	194	20.0
1608418348.51	20000	37.73235	0.0	1080597	198	20.0
1608418348.73	20000	38.505567	0.0	1156442	212	20.0
1608418349.2	20000	39.042526	0.0	2222640	441	20.0
1608418349.75	20000	39.494071	0.0	2587311	524	20.0
1608418350.14	16000	40.105735	0.0	2178351	367	12.0
1608418350.68	16000	40.560223	0.0	3121089	520	16.0
1608418351.22	16000	41.022945	0.0	2857420	513	16.0
1608418351.48	12000	41.765787	0.0	1294662	238	8.0
1608418351.79	16000	42.460113	0.0	1531670	281	12.0
1608418352.12	16000	43.126819	0.0	1863424	315	16.0
1608418352.48	16000	43.770615	0.0	1987392	336	16.0
1608418353.02	16000	44.22991	0.0	2505586	519	16.0
1608418355.33	16000	42.92381	0.0	9620218	2237	16.0
1608418355.71	8000	43.537186	0.0	1677334	366	0.0
1608418356.07	8000	44.179268	0.0	2233179	337	8.0
1608418356.37	8000	44.886721	0.0	2053317	272	8.0
1608418356.51	8000	45.747911	0.0	953056	122	8.0
1608418356.63	8000	46.627773	0.0	835287	106	8.0
1608418356.87	20000	47.385424	0.0	1754144	223	8.0
1608418357.07	20000	48.184537	0.0	1626020	181	20.0
1608418357.29	20000	48.971263	0.0	1739228	194	20.0
1608418357.5	20000	49.758884	0.0	1722735	192	20.0
1608418357.69	20000	50.568427	0.0	1538145	172	20.0
1608418357.87	20000	51.389519	0.0	1473412	162	20.0
1608418358.04	20000	52.227151	0.0	1498968	145	20.0
1608418358.28	20000	52.987072	0.0	2247334	219	20.0
1608418358.61	20000	53.652015	0.0	3156442	309	20.0
1608418358.82	20000	54.447908	0.0	1895098	185	20.0
1608418358.98	20000	55.282178	0.0	1939135	146	20.0
1608418359.13	20000	56.133031	0.0	1842874	130	20.0
1608418359.32	20000	56.954031	0.0	2235830	158	20.0
1608418359.5	20000	57.770139	0.0	2202171	155	20.0
1608418359.68	20000	58.588833	0.0	2242042	159	20.0
1608418359.77	20000	59.497357	0.0	1081763	76	20.0
1608418360.47	20000	59.821999	0.0	2409013	178	20.0
1608418361.62	20000	59.822996	0.0	1615028	124	20.0
1608418362.76	20000	59.574002	0.0	1413467	122	20.0
1608418363.9	20000	59.575033	0.0	1632450	119	20.0
1608418364.31	20000	59.976355	0.0	5664827	363	20.0
1608418365.63	20000	59.82699	0.0	4578115	293	20.0
1608418366.84	20000	59.577914	0.0	1783835	183	20.0
1608418367.63	20000	59.828883	0.0	1093613	272	20.0
1608418368.8	20000	59.579953	0.0	975642	154	20.0
1608418369.7	20000	59.580053	0.0	1658005	884	20.0
1608418370.61	8000	59.676358	0.0	1592936	882	-4.0
1608418371.7	4000	59.582237	0.0	1192759	1076	0.0
1608418372.5	2000	59.833995	0.0	569070	280	0.0
1608418373.59	2000	59.835013	0.0	587015	71	2.0
1608418374.82	2000	59.585912	0.0	600946	222	2.0
1608418375.5	4000	59.836986	0.0	687087	160	2.0
1608418376.72	4000	59.587805	0.0	564465	198	4.0
1608418377.32	16000	59.964655	0.0	2869222	579	4.0
1608418378.56	16000	59.839903	0.0	3226650	705	16.0
1608418379.58	12000	59.840837	0.0	2155956	496	8.0
1608418380.71	12000	59.591917	0.0	2411136	602	12.0
1608418381.71	8000	59.592968	0.0	1780068	471	4.0
1608418382.72	8000	59.593908	0.0	1844656	489	8.0
1608418383.77	8000	59.594908	0.0	2010421	533	8.0
1608418384.59	8000	59.845903	0.0	1158554	302	8.0
1608418385.83	8000	59.597	0.0	873968	224	8.0
1608418386.79	8000	59.597909	0.0	1651288	432	8.0
1608418387.71	8000	59.59891	0.0	1697771	402	8.0
1608418388.58	12000	59.724409	0.0	2348675	841	8.0
1608418389.6	8000	59.850888	0.0	1149171	499	4.0
1608418390.58	8000	59.851896	0.0	1666069	465	8.0
1608418391.86	8000	59.602928	0.0	1269548	249	8.0
1608418392.42	8000	59.884202	0.0	2108361	540	8.0
1608418393.54	8000	59.854867	0.0	2206878	591	8.0
1608418394.57	8000	59.855947	0.0	752992	513	8.0
1608418395.89	8000	59.607007	0.0	1143645	303	8.0
1608418396.68	8000	59.857984	0.0	1081066	275	8.0
1608418397.54	8000	59.858888	0.0	1175321	340	8.0
1608418398.76	8000	59.609973	0.0	1515596	699	8.0
1608418399.49	8000	59.825237	0.0	1397801	710	8.0
1608418400.71	8000	59.611998	0.0	1735873	704	8.0
1608418401.64	4000	59.863022	0.0	1305395	408	0.0
1608418402.91	4000	59.613998	0.0	854393	245	4.0
1608418403.52	4000	59.864903	0.0	602217	103	4.0
1608418404.71	8000	59.615949	0.0	1175796	165	4.0
1608418405.88	8000	59.616952	0.0	1004408	154	8.0
1608418406.8	16000	59.618004	0.0	2364826	385	8.0
1608418407.8	20000	59.618957	0.0	2517454	477	16.0
1608418408.79	20000	59.619921	0.0	1883143	461	20.0
1608418409.77	16000	59.621006	0.0	1726706	463	12.0
1608418410.93	12000	59.62194	0.0	564365	139	8.0
1608418411.58	12000	59.872896	0.0	622694	137	12.0
1608418412.79	16000	59.624009	0.0	596962	186	12.0
1608418413.72	16000	59.625017	0.0	947625	417	16.0
1608418414.9	12000	59.626	0.0	676139	162	8.0
1608418415.95	16000	59.626977	0.0	151562	28	12.0
1608418416.48	16000	59.877876	0.0	90390	21	16.0
1608418417.5	12000	59.878946	0.0	50504	8	8.0
1608418418.52	8000	59.879887	0.0	22693	4	4.0
1608418419.54	8000	59.880895	0.0	26015	1	8.0
1608418419.84	4000	1.000999	0.022	60629	12	-0.7039999999999997
1608418422.89	20000	1.289976	2.324	11007815	2944	-70.368
1608418424.68	8000	1.300743	0.549	7078153	1734	-21.568
1608418424.95	4000	2.029557	0.0	1043358	248	0.0
1608418425.1	4000	2.934277	0.0	567502	133	4.0
1608418425.22	4000	3.811884	0.0	472646	111	4.0
1608418425.29	4000	4.739285	0.0	274373	60	4.0
1608418425.4	8000	5.635086	0.0	358785	89	4.0
1608418426.47	20000	5.561414	0.0	4047415	1041	8.0
1608418427.22	16000	5.819304	0.0	2863079	710	12.0
1608418427.71	8000	6.328358	0.0	2052265	468	0.0
1608418428.44	8000	6.601582	0.0	3005823	702	8.0
1608418429.26	8000	6.77998	0.0	2879726	798	8.0
1608418429.62	8000	7.4196	0.0	1267052	345	8.0
1608418430.0	8000	8.041318	0.0	1316661	362	8.0
1608418430.35	8000	8.68945	0.0	1263534	337	8.0
1608418430.39	8000	9.646664	0.0	150125	31	8.0
1608418430.53	8000	10.5083	0.0	555328	126	8.0
1608418430.74	16000	11.302988	0.0	820127	189	8.0
1608418432.34	16000	10.701211	0.0	6357933	1561	16.0
1608418433.26	8000	10.788417	0.0	3029729	884	0.0
1608418434.13	8000	10.913949	0.0	2083035	853	8.0
1608418434.73	4000	11.318145	0.0	1558531	573	0.0
1608418435.38	4000	11.667712	0.0	1856343	629	4.0
1608418435.7	4000	12.3462	0.0	1433055	303	4.0
1608418435.94	4000	13.108329	0.0	1055512	223	4.0
1608418437.3	8000	12.751945	0.0	6361262	1310	4.0
1608418439.13	8000	11.925759	0.0	7838407	1775	8.0
1608418439.43	8000	12.627463	0.0	1127469	282	8.0
1608418439.82	8000	13.23829	0.0	1179779	374	8.0
1608418440.18	8000	13.880691	0.0	1078151	341	8.0
1608418440.55	8000	14.511697	0.0	1086181	344	8.0
1608418440.9	8000	15.15774	0.0	1029204	338	8.0
1608418441.26	8000	15.795886	0.0	1054251	347	8.0
