1610061417.22	4000	1.000999	0.012	60629	3	-0.2400000000000002
1610061417.82	4000	1.453868	0.023	6594552	525	3.54
1610061418.25	4000	2.031128	0.0	4402139	390	4.0
1610061418.38	4000	3.032128	0.0	1043358	99	4.0
1610061418.5	8000	4.002958	0.0	946554	90	4.0
1610061418.58	8000	4.914945	0.0	768486	72	8.0
1610061418.63	8000	5.865308	0.0	398693	37	8.0
1610061418.68	8000	6.819664	0.0	358785	33	8.0
1610061418.88	8000	7.625284	0.0	1838971	177	8.0
1610061419.12	12000	8.407214	0.0	1861181	216	8.0
1610061419.59	12000	8.939332	0.0	2835412	445	12.0
1610061420.22	12000	9.306601	0.0	4074608	603	12.0
1610061420.77	12000	9.761251	0.0	3844696	515	12.0
1610061421.0	12000	10.528403	0.0	1630440	214	12.0
1610061421.23	12000	11.301212	0.0	1712120	209	12.0
1610061421.53	16000	12.003491	0.0	2211169	272	12.0
1610061421.59	16000	12.94485	0.0	382046	45	16.0
1610061421.74	16000	13.79204	0.0	1113969	135	16.0
1610061421.86	16000	14.677019	0.0	820127	99	16.0
1610061422.89	16000	14.649925	0.0	6357933	986	16.0
1610061423.62	16000	14.913655	0.0	4814284	701	16.0
1610061424.11	16000	15.425713	0.0	3419258	457	16.0
1610061424.52	16000	16.023533	0.0	3944328	364	16.0
1610061424.95	16000	16.591598	0.0	4284196	396	16.0
1610061425.25	16000	17.291398	0.0	3022025	274	16.0
1610061425.48	16000	18.065567	0.0	2248581	202	16.0
1610061426.54	16000	18.004143	0.0	9946363	983	16.0
1610061428.1	16000	17.445613	0.0	11684632	1487	16.0
1610061428.41	16000	18.13094	0.0	1849732	294	16.0
1610061428.74	16000	18.802129	0.0	1942795	310	16.0
1610061429.04	16000	19.511673	0.0	1704756	270	16.0
1610061429.26	12000	20.29299	0.0	1392963	196	8.0
1610061429.45	12000	21.095304	0.0	1276651	178	12.0
1610061429.66	12000	21.89303	0.0	1314540	184	12.0
1610061429.87	12000	22.677544	0.0	1407326	197	12.0
1610061430.06	12000	23.493456	0.0	1196263	167	12.0
1610061430.27	12000	24.283153	0.0	1627563	191	12.0
1610061430.43	16000	25.125704	0.0	1186604	138	12.0
1610061430.57	16000	25.984105	0.0	1068386	126	16.0
1610061430.79	16000	26.76425	0.0	1700843	200	16.0
1610061431.12	16000	27.441146	0.0	2536859	299	16.0
1610061431.76	16000	27.802379	0.0	4742872	604	16.0
1610061432.56	16000	28.00295	0.0	4955535	764	16.0
1610061432.8	16000	28.756128	0.0	1260540	229	16.0
1610061433.67	20000	28.88807	0.0	3605246	840	16.0
1610061434.64	16000	28.924606	0.0	2770338	938	12.0
1610061435.47	12000	29.096572	0.0	1498439	806	8.0
1610061436.22	12000	29.341568	0.0	1329461	738	12.0
1610061436.41	8000	30.158092	0.0	965874	165	4.0
1610061436.52	4000	31.041161	0.0	596131	100	0.0
1610061436.65	4000	31.917783	0.0	642153	108	4.0
1610061436.76	4000	32.809468	0.0	561624	95	4.0
1610061436.81	4000	33.755574	0.0	252381	41	4.0
1610061436.86	4000	34.710339	0.0	198847	32	4.0
1610061436.99	4000	35.582382	0.0	672121	113	4.0
1610061437.16	8000	36.407169	0.0	1028305	158	4.0
1610061437.31	8000	37.263125	0.0	1059850	129	8.0
1610061437.47	8000	38.10065	0.0	1192343	146	8.0
1610061437.58	8000	38.994281	0.0	755853	91	8.0
1610061437.65	8000	39.923337	0.0	481371	57	8.0
1610061437.78	12000	40.798183	0.0	885875	108	8.0
1610061437.91	12000	41.670609	0.0	928626	112	12.0
1610061438.05	12000	42.525874	0.0	1062903	129	12.0
1610061438.21	12000	43.36499	0.0	799389	146	12.0
1610061438.48	12000	44.099311	0.0	812821	251	12.0
1610061438.76	12000	44.819871	0.0	856497	264	12.0
1610061439.51	16000	45.075594	0.0	2222640	718	12.0
1610061440.18	12000	45.407191	0.0	1970588	643	8.0
1610061440.43	8000	46.153593	0.0	1137409	234	4.0
1610061440.81	8000	46.779061	0.0	1719028	356	8.0
1610061441.15	8000	47.433939	0.0	1582861	325	8.0
1610061441.33	8000	48.262152	0.0	901281	157	8.0
1610061441.48	8000	49.10861	0.0	798342	138	8.0
1610061441.68	8000	49.911969	0.0	1031599	181	8.0
1610061441.9	8000	50.692143	0.0	1153146	202	8.0
1610061442.17	8000	51.420795	0.0	1472726	253	8.0
1610061443.33	12000	51.261293	0.0	7754684	1102	8.0
1610061443.67	12000	51.925812	0.0	2122146	314	12.0
1610061444.13	12000	52.462178	0.0	2951725	437	12.0
1610061444.56	12000	53.037026	0.0	2707022	401	12.0
1610061444.76	12000	53.832941	0.0	1258293	186	12.0
1610061444.95	12000	54.648088	0.0	1132545	167	12.0
1610061445.24	16000	55.363737	0.0	1754144	259	12.0
1610061445.51	16000	56.090865	0.0	1626020	254	16.0
1610061445.8	16000	56.798536	0.0	1739228	272	16.0
1610061446.09	16000	57.511675	0.0	1722735	269	16.0
1610061446.37	16000	58.235564	0.0	1538145	258	16.0
1610061446.64	16000	58.96119	0.0	1473412	256	16.0
1610061446.92	16000	59.682559	0.0	1498968	261	16.0
1610061447.85	20000	59.926114	0.0	2247334	401	16.0
1610061449.02	20000	59.677242	0.0	3156442	640	20.0
1610061449.94	20000	59.678273	0.0	1895098	408	20.0
1610061450.88	16000	59.906495	0.0	1939135	407	12.0
1610061451.79	16000	59.93015	0.0	1842874	390	16.0
1610061452.74	12000	59.931249	0.0	1714252	412	8.0
1610061454.16	12000	59.682117	0.0	1710495	399	12.0
1610061455.53	12000	59.084358	0.0	1751030	1350	12.0
1610061455.95	8000	59.659319	0.0	675899	407	4.0
1610061457.04	4000	59.685259	0.0	1258285	562	0.0
1610061457.97	8000	59.686114	0.0	1066218	412	4.0
1610061458.81	4000	59.937207	0.0	743969	315	0.0
1610061459.7	4000	59.938217	0.0	689321	374	4.0
1610061460.77	4000	59.939168	0.0	1121938	551	4.0
1610061461.99	4000	59.690242	0.0	667445	197	4.0
1610061463.13	4000	59.69109	0.0	682795	127	4.0
1610061463.75	4000	59.942193	0.0	564053	99	4.0
1610061464.87	4000	59.943065	0.0	493680	106	4.0
1610061465.75	8000	59.944184	0.0	1104267	356	4.0
1610061466.81	8000	59.945248	0.0	1592936	537	8.0
1610061467.85	8000	59.780663	0.0	2618824	1013	8.0
1610061468.69	8000	59.937231	0.0	1820110	824	8.0
1610061470.12	4000	59.698251	0.0	982243	413	0.0
1610061470.87	4000	59.949212	0.0	1004344	228	4.0
1610061472.01	4000	59.70022	0.0	687087	127	4.0
1610061473.12	4000	59.701201	0.0	564465	88	4.0
1610061473.79	4000	59.952211	0.0	1193260	151	4.0
1610061474.95	4000	59.703084	0.0	1350143	139	4.0
1610061476.09	4000	59.704189	0.0	1085010	107	4.0
1610061476.78	8000	59.955169	0.0	1825708	165	4.0
1610061477.96	8000	59.706195	0.0	1780068	160	8.0
1610061478.72	8000	59.957221	0.0	1844656	231	8.0
1610061479.72	8000	59.958236	0.0	2010421	482	8.0
1610061480.74	8000	59.959227	0.0	1158554	502	8.0
1610061482.16	12000	59.710189	0.0	1207957	390	8.0
1610061482.79	12000	59.85106	0.0	2277016	608	12.0
1610061483.77	8000	59.962306	0.0	1697771	461	4.0
1610061484.75	8000	59.963193	0.0	1712532	450	8.0
1610061486.04	8000	59.714214	0.0	1149171	266	8.0
1610061486.93	8000	59.715262	0.0	1666069	372	8.0
1610061487.77	8000	59.966273	0.0	1269548	317	8.0
1610061489.03	8000	59.717219	0.0	2108361	731	8.0
1610061489.73	8000	59.923025	0.0	2206878	675	8.0
1610061490.96	8000	59.719223	0.0	752992	212	8.0
1610061491.88	8000	59.970204	0.0	1143645	401	8.0
1610061492.71	8000	59.971207	0.0	1081066	312	8.0
1610061493.99	8000	59.7222	0.0	1175321	268	8.0
1610061494.85	8000	59.973203	0.0	1515596	338	8.0
1610061495.69	8000	59.974229	0.0	1397801	311	8.0
1610061497.11	8000	59.725195	0.0	1735873	399	8.0
1610061498.06	8000	59.72613	0.0	1955680	425	8.0
1610061498.94	12000	59.727217	0.0	1699891	356	8.0
1610061499.74	12000	59.978214	0.0	1171248	276	12.0
1610061500.71	12000	59.979273	0.0	1549070	449	12.0
1610061502.06	12000	59.730205	0.0	1299702	335	12.0
1610061503.01	12000	59.731137	0.0	1877910	426	12.0
1610061504.16	12000	59.732092	0.0	1991172	629	12.0
1610061505.04	8000	59.733121	0.0	1060685	357	4.0
1610061505.86	8000	59.984203	0.0	1011581	296	8.0
1610061507.0	8000	59.735223	0.0	422329	125	8.0
1610061507.7	8000	59.986258	0.0	458857	188	8.0
1610061508.87	8000	59.987217	0.0	318722	146	8.0
1610061510.18	8000	59.738248	0.0	566180	286	8.0
1610061510.93	8000	59.739321	0.0	531853	238	8.0
1610061511.98	12000	59.740231	0.0	123294	28	8.0
1610061513.0	12000	59.741226	0.0	70186	11	12.0
1610061514.02	12000	59.742161	0.0	50504	6	12.0
1610061515.04	8000	59.743201	0.0	22693	4	4.0
1610061516.06	4000	59.744205	0.0	22446	4	0.0
1610061516.37	4000	1.000999	0.018	60629	7	-0.3599999999999999
1610061517.64	4000	1.285957	0.539	6594552	1198	-6.779999999999999
1610061518.85	4000	1.307197	0.0	4402139	1182	4.0
1610061519.2	4000	1.977453	0.0	1043358	330	4.0
1610061519.52	8000	2.656578	0.0	946554	299	4.0
1610061519.67	4000	3.509433	0.0	472646	131	0.0
1610061519.76	4000	4.426831	0.0	274373	69	4.0
1610061519.82	4000	5.358934	0.0	222226	55	4.0
1610061520.17	4000	6.018973	0.0	1213073	322	4.0
1610061520.56	8000	6.630084	0.0	1382199	368	4.0
1610061521.16	8000	7.03743	0.0	2052265	570	8.0
1610061522.14	8000	7.043436	0.0	3005823	958	8.0
1610061523.05	8000	7.136186	0.0	2879726	881	8.0
1610061523.3	4000	7.890283	0.0	898461	226	0.0
1610061523.55	4000	8.641561	0.0	929156	234	4.0
1610061523.77	4000	9.425124	0.0	886614	200	4.0
1610061523.8	4000	10.396514	0.0	90752	16	4.0
1610061523.89	4000	11.304304	0.0	376357	80	4.0
1610061523.97	8000	12.219757	0.0	323573	68	4.0
1610061524.94	8000	12.250852	0.0	4001900	935	8.0
1610061525.79	8000	12.405267	0.0	3029729	820	8.0
1610061526.37	8000	12.826793	0.0	2083035	558	8.0
1610061526.94	8000	13.253416	0.0	2281353	551	8.0
1610061527.55	8000	13.653171	0.0	2599148	576	8.0
1610061527.85	4000	14.351735	0.0	1433055	279	0.0
1610061528.07	4000	15.136035	0.0	1055512	192	4.0
1610061528.93	4000	15.267824	0.0	4647286	832	4.0
1610061529.91	4000	15.296965	0.0	5615227	929	4.0
1610061530.11	8000	16.096304	0.0	1127469	180	4.0
1610061530.32	8000	16.887743	0.0	1179779	189	8.0
1610061530.51	8000	17.699028	0.0	1078151	172	8.0
1610061530.7	8000	18.508945	0.0	1086181	171	8.0
1610061530.88	8000	19.323327	0.0	1029204	168	8.0
