1608451467.78	4000	1.000999	0.037	60629	27	-1.1840000000000002
1608451478.48	12000	15.160504	4.475	3029729	741	-139.2
1608451479.31	16000	15.335422	0.0	3419258	790	12.0
1608451479.94	16000	15.703749	0.0	3944328	601	16.0
1608451480.51	16000	16.137792	0.0	4284196	533	16.0
1608451480.96	16000	16.685107	0.0	3022025	424	16.0
1608451481.31	16000	17.340418	0.0	2248581	322	16.0
1608451482.74	16000	16.905677	0.0	9946363	1374	16.0
1608451488.15	16000	12.497771	0.0	11684632	5331	16.0
1608451488.54	16000	13.112937	0.0	1849732	365	16.0
1608451488.95	16000	13.704945	0.0	1942795	388	16.0
1608451489.31	16000	14.342064	0.0	1704756	344	16.0
1608451489.67	16000	14.986791	0.0	1697111	337	16.0
1608451489.97	16000	15.682044	0.0	1529441	288	16.0
1608451490.29	16000	16.368808	0.0	1568649	295	16.0
1608451490.62	16000	17.034191	0.0	1677618	316	16.0
1608451490.93	16000	17.731861	0.0	1415096	285	16.0
1608451491.33	16000	18.328884	0.0	1894067	382	16.0
1608451491.59	16000	19.071719	0.0	1186604	239	16.0
1608451491.8	16000	19.855579	0.0	1068386	200	16.0
1608451492.15	16000	20.5169	0.0	1700843	319	16.0
1608451492.65	16000	21.014062	0.0	2536859	479	16.0
1608451493.92	16000	20.748104	0.0	4742872	1231	16.0
1608451495.26	16000	20.407109	0.0	4955535	1304	16.0
1608451495.61	16000	21.054669	0.0	1260540	335	16.0
1608451497.79	16000	19.877049	0.0	3605246	2141	16.0
1608451498.42	16000	20.24653	0.0	2770338	606	16.0
1608451498.87	16000	20.797022	0.0	1855168	430	16.0
1608451499.32	16000	21.347426	0.0	1666915	431	16.0
1608451499.75	16000	21.921099	0.0	1555467	408	16.0
1608451500.09	16000	22.586332	0.0	1008919	319	16.0
1608451500.5	16000	23.17633	0.0	1227619	388	16.0
1608451500.84	16000	23.835177	0.0	1015853	326	16.0
1608451500.98	16000	24.696833	0.0	384076	127	16.0
1608451501.09	16000	25.588565	0.0	295687	97	16.0
1608451501.56	16000	26.116914	0.0	1328674	456	16.0
1608451502.41	16000	26.268261	0.0	1492829	832	16.0
1608451503.31	16000	26.364466	0.0	1484812	886	16.0
1608451503.32	12000	26.35531	0.0	1484812	886	8.0
1608451504.0	12000	26.675935	0.0	1524381	663	12.0
1608451504.01	8000	26.668616	0.0	1524381	663	4.0
1608451504.27	8000	27.410246	0.0	755853	246	8.0
1608451504.28	12000	27.402916	0.0	755853	246	8.0
1608451504.51	12000	28.17237	0.0	674495	218	12.0
1608451504.52	16000	28.164639	0.0	674495	218	12.0
1608451504.83	16000	28.848821	0.0	1153403	301	16.0
1608451505.1	16000	29.581402	0.0	1249023	251	16.0
1608451505.41	16000	30.277947	0.0	1423973	287	16.0
1608451505.64	16000	31.049316	0.0	1060162	212	16.0
1608451505.86	16000	31.827026	0.0	1080597	207	16.0
1608451506.1	16000	32.590249	0.0	1156442	222	16.0
1608451506.55	16000	33.140991	0.0	2222640	429	16.0
1608451507.0	16000	33.689327	0.0	2587311	429	16.0
1608451507.36	16000	34.334055	0.0	2178351	335	16.0
1608451507.86	16000	34.828327	0.0	3121089	480	16.0
1608451508.34	16000	35.356755	0.0	2857420	448	16.0
1608451508.62	16000	36.073335	0.0	1702477	265	16.0
1608451508.9	16000	36.793757	0.0	1531670	263	16.0
1608451509.27	16000	37.425024	0.0	1863424	351	16.0
1608451509.66	16000	38.031985	0.0	1987392	375	16.0
1608451510.22	16000	38.476413	0.0	2505586	534	16.0
1608451511.63	16000	38.070179	0.0	9620218	1346	16.0
1608451511.96	16000	38.737078	0.0	2561608	309	16.0
1608451512.45	16000	39.25091	0.0	3633991	458	16.0
1608451512.9	16000	39.801461	0.0	3324070	422	16.0
1608451513.11	16000	40.589537	0.0	1560020	193	16.0
1608451513.31	16000	41.395888	0.0	1429188	177	16.0
1608451513.54	16000	42.160125	0.0	1754144	217	16.0
1608451513.76	16000	42.940912	0.0	1626020	200	16.0
1608451513.94	16000	43.763504	0.0	1739228	160	16.0
1608451514.12	16000	44.586767	0.0	1722735	159	16.0
1608451514.28	16000	45.428748	0.0	1538145	141	16.0
1608451514.43	16000	46.277069	0.0	1473412	135	16.0
1608451514.59	16000	47.122917	0.0	1498968	138	16.0
1608451514.81	16000	47.898535	0.0	2247334	205	16.0
1608451515.11	16000	48.597683	0.0	3156442	276	16.0
1608451515.3	16000	49.414038	0.0	1895098	165	16.0
1608451515.49	16000	50.225923	0.0	1939135	170	16.0
1608451515.68	16000	51.045163	0.0	1842874	160	16.0
1608451515.89	16000	51.825011	0.0	2235830	191	16.0
1608451516.1	16000	52.618292	0.0	2202171	187	16.0
1608451516.31	16000	53.409196	0.0	2242042	190	16.0
1608451516.42	16000	54.303117	0.0	1081763	90	16.0
1608451516.64	16000	55.076932	0.0	2409013	204	16.0
1608451516.8	16000	55.923557	0.0	1615028	136	16.0
1608451516.93	16000	56.79305	0.0	1413467	114	16.0
1608451517.08	16000	57.644342	0.0	1632450	132	16.0
1608451517.58	16000	58.143363	0.0	5664827	463	16.0
1608451518.0	16000	58.721885	0.0	4578115	390	16.0
1608451518.18	16000	59.54435	0.0	1783835	158	16.0
1608451519.3	16000	59.643742	0.0	1093613	97	16.0
1608451519.94	16000	59.894791	0.0	975642	125	16.0
1608451521.21	16000	59.645742	0.0	1658005	245	16.0
1608451522.03	16000	59.70472	0.0	3055257	791	16.0
1608451522.9	16000	59.832833	0.0	5355572	832	16.0
1608451523.87	16000	59.898789	0.0	3278424	439	16.0
1608451525.28	16000	59.649769	0.0	2318501	385	16.0
1608451526.19	16000	59.650749	0.0	2473561	395	16.0
1608451526.99	16000	59.901811	0.0	1730311	281	16.0
1608451528.24	16000	59.652749	0.0	1455812	231	16.0
1608451529.21	16000	59.653753	0.0	2869222	443	16.0
1608451529.79	16000	59.94835	0.0	3226650	547	16.0
1608451531.25	16000	59.655816	0.0	2705936	434	16.0
1608451531.85	16000	59.888326	0.0	2998622	579	16.0
1608451532.93	16000	59.907751	0.0	2928342	550	16.0
1608451533.78	16000	59.967446	0.0	3059979	821	16.0
1608451534.92	16000	59.909817	0.0	3367422	618	16.0
1608451535.89	16000	59.852836	0.0	1950694	951	16.0
1608451536.87	16000	59.911793	0.0	1541020	455	16.0
1608451537.79	16000	59.959813	0.0	2926720	896	16.0
1608451539.1	16000	59.663746	0.0	2991202	790	16.0
1608451540.35	16000	59.396732	0.0	3002106	1223	16.0
1608451541.32	16000	59.426207	0.0	2015412	951	16.0
1608451542.26	16000	59.493125	0.0	2894863	908	16.0
1608451543.24	16000	59.510474	0.0	2185316	961	16.0
1608451553.99	16000	59.928734	0.0	854393	225	16.0
1608451553.99	16000	59.767114	0.0	854393	225	16.0
1608451554.87	16000	59.929746	0.0	1500505	360	16.0
1608451555.87	16000	59.930699	0.0	1939246	480	16.0
1608451557.3	16000	59.681774	0.0	1599193	405	16.0
1608451557.96	16000	59.810654	0.0	2364826	633	16.0
1608451559.11	16000	59.652914	0.0	2517454	1135	16.0
1608451560.04	16000	59.934704	0.0	1883143	400	16.0
1608451561.07	16000	59.935718	0.0	1726706	510	16.0
1608451562.3	16000	59.68671	0.0	707364	213	16.0
1608451563.05	16000	59.937688	0.0	796460	233	16.0
1608451564.29	16000	59.688694	0.0	596962	228	16.0
1608451565.05	16000	59.939735	0.0	947625	242	16.0
1608451566.31	16000	59.690712	0.0	832859	237	16.0
1608451566.87	16000	59.941751	0.0	151562	41	16.0
1608451567.9	16000	59.94277	0.0	90390	22	16.0
1608451568.93	16000	59.943734	0.0	50278	9	16.0
1608451569.94	16000	59.944736	0.0	26471	2	16.0
1608451570.97	16000	59.945684	0.0	40620	11	16.0
1608451571.49	16000	59.879498	0.0	15267	4	16.0
