1608472526.71	4000	1.000999	0.031	60629	22	-0.992
1608472529.86	20000	1.284392	2.399	11007815	3044	-72.768
1608472530.53	4000	1.841589	0.0	4402139	630	-12.0
1608472530.71	4000	2.654043	0.0	1043358	172	4.0
1608472530.82	4000	3.553497	0.0	567502	92	4.0
1608472530.91	4000	4.480717	0.0	472646	76	4.0
1608472531.0	8000	5.397362	0.0	398693	63	4.0
1608472531.13	20000	6.261232	0.0	730082	119	8.0
1608472531.91	20000	6.502104	0.0	4047415	743	20.0
1608472532.49	20000	6.919479	0.0	2863079	558	20.0
1608472533.22	16000	7.193861	0.0	4167844	694	12.0
1608472534.11	12000	7.302902	0.0	4074608	854	8.0
1608472534.88	8000	7.534158	0.0	2879726	740	4.0
1608472535.27	8000	8.14972	0.0	1267052	360	8.0
1608472535.6	8000	8.821172	0.0	1316661	311	8.0
1608472535.86	8000	9.562139	0.0	1263534	242	8.0
1608472535.89	8000	10.524286	0.0	150125	25	8.0
1608472536.06	12000	11.357222	0.0	793783	150	8.0
1608472536.24	16000	12.185257	0.0	820127	156	12.0
1608472537.51	20000	11.909628	0.0	6357933	1231	16.0
1608472538.6	12000	11.834024	0.0	3858422	1040	4.0
1608472539.41	8000	12.014981	0.0	2083035	784	4.0
1608472540.17	8000	12.25804	0.0	2281353	735	8.0
1608472540.77	4000	12.658687	0.0	1856343	575	0.0
1608472541.23	4000	13.201703	0.0	1433055	438	4.0
1608472541.54	4000	13.88824	0.0	1055512	298	4.0
1608472542.77	8000	13.662048	0.0	6361262	1180	4.0
1608472544.73	8000	12.699982	0.0	7838407	1910	8.0
1608472545.18	4000	13.252652	0.0	764013	429	0.0
1608472545.57	4000	13.864731	0.0	795179	374	4.0
1608472545.73	4000	14.706363	0.0	741228	144	4.0
1608472545.89	4000	15.543705	0.0	760332	147	4.0
1608472546.11	8000	16.324463	0.0	1029204	202	4.0
1608472546.33	8000	17.102434	0.0	1054251	206	8.0
1608472546.67	16000	17.765015	0.0	1677618	307	8.0
1608472546.93	20000	18.507201	0.0	1415096	241	16.0
1608472547.28	20000	19.162442	0.0	1894067	323	20.0
1608472547.5	20000	19.944272	0.0	1186604	201	20.0
1608472547.72	20000	20.717113	0.0	1068386	211	20.0
1608472548.1	20000	21.34301	0.0	1700843	357	20.0
1608472548.67	20000	21.777617	0.0	2536859	541	20.0
1608472549.84	16000	21.605142	0.0	4742872	1135	12.0
1608472550.33	8000	22.111767	0.0	1818385	471	0.0
1608472550.57	8000	22.871844	0.0	890138	224	8.0
1608472551.18	8000	23.269027	0.0	2345010	581	8.0
1608472551.62	8000	23.825126	0.0	1735323	424	8.0
1608472551.92	8000	24.524775	0.0	1153767	284	8.0
1608472552.27	12000	25.177671	0.0	1329461	327	8.0
1608472552.6	12000	25.855017	0.0	1254418	307	12.0
1608472552.86	12000	26.596457	0.0	879546	244	12.0
1608472553.22	16000	27.235848	0.0	1227619	342	12.0
1608472553.52	16000	27.938116	0.0	1015853	283	16.0
1608472553.78	16000	28.67724	0.0	384076	248	16.0
1608472553.88	12000	29.573309	0.0	267077	90	8.0
1608472554.3	12000	30.155097	0.0	1128983	404	12.0
1608472554.69	8000	30.773404	0.0	1028305	365	4.0
1608472555.1	8000	31.362458	0.0	1059850	397	8.0
1608472555.56	8000	31.899988	0.0	1192343	446	8.0
1608472555.77	8000	32.691092	0.0	755853	194	8.0
1608472555.91	8000	33.556857	0.0	481371	121	8.0
1608472556.08	8000	34.38321	0.0	632141	160	8.0
1608472556.34	12000	35.12641	0.0	928626	238	8.0
1608472556.73	16000	35.733987	0.0	1423973	372	12.0
1608472557.04	16000	36.426156	0.0	1060162	290	16.0
1608472557.35	16000	37.114251	0.0	1080597	296	16.0
1608472557.71	16000	37.759981	0.0	1156442	336	16.0
1608472558.34	12000	38.127328	0.0	1700457	611	8.0
1608472558.84	8000	38.634153	0.0	1363367	473	4.0
1608472559.24	8000	39.228151	0.0	1137409	390	8.0
1608472559.86	8000	39.613583	0.0	1719028	597	8.0
1608472560.45	8000	40.025931	0.0	1582861	568	8.0
1608472560.73	8000	40.747218	0.0	901281	263	8.0
1608472560.94	8000	41.543571	0.0	798342	189	8.0
1608472561.2	8000	42.273152	0.0	1031599	245	8.0
1608472561.49	8000	42.982069	0.0	1153146	275	8.0
1608472561.91	12000	43.573105	0.0	1982918	387	8.0
1608472563.72	16000	42.758629	0.0	9620218	1754	12.0
1608472564.0	8000	43.476842	0.0	1677334	261	0.0
1608472564.38	8000	44.106306	0.0	2233179	350	8.0
1608472564.71	8000	44.7721	0.0	2053317	314	8.0
1608472564.86	8000	45.62203	0.0	953056	134	8.0
1608472565.04	12000	46.443284	0.0	1132545	160	8.0
1608472565.31	20000	47.172749	0.0	1754144	251	12.0
1608472565.57	20000	47.916914	0.0	1626020	231	20.0
1608472565.83	20000	48.653531	0.0	1739228	246	20.0
1608472566.1	20000	49.390681	0.0	1722735	246	20.0
1608472566.34	20000	50.153775	0.0	1538145	219	20.0
1608472566.56	20000	50.928373	0.0	1473412	210	20.0
1608472566.78	20000	51.714282	0.0	1498968	198	20.0
1608472567.09	20000	52.407191	0.0	2247334	286	20.0
1608472567.52	20000	52.977995	0.0	3156442	404	20.0
1608472567.76	20000	53.729905	0.0	1895098	227	20.0
1608472568.0	20000	54.494725	0.0	1939135	216	20.0
1608472568.23	20000	55.268509	0.0	1842874	205	20.0
1608472568.5	20000	55.998685	0.0	2235830	249	20.0
1608472568.79	20000	56.708171	0.0	2202171	268	20.0
1608472569.14	20000	57.365509	0.0	2242042	320	20.0
1608472569.31	20000	58.189096	0.0	1081763	152	20.0
1608472569.68	20000	58.821627	0.0	2409013	344	20.0
1608472569.9	20000	59.604805	0.0	1615028	198	20.0
1608472570.59	20000	59.919702	0.0	1413467	173	20.0
1608472571.78	20000	59.92072	0.0	1632450	164	20.0
1608472572.8	20000	59.921719	0.0	5664827	480	20.0
1608472573.74	20000	59.922712	0.0	4578115	408	20.0
1608472574.92	20000	59.673701	0.0	1783835	156	20.0
1608472576.03	20000	59.674712	0.0	1093613	90	20.0
1608472576.65	20000	59.925713	0.0	975642	99	20.0
1608472577.86	20000	59.676704	0.0	1658005	192	20.0
1608472578.88	20000	59.677698	0.0	3055257	492	20.0
1608472579.94	20000	59.571021	0.0	5355572	1019	20.0
1608472581.0	16000	59.679701	0.0	3278424	530	12.0
1608472581.93	16000	59.680729	0.0	2318501	409	16.0
1608472582.87	12000	59.681717	0.0	2005276	406	8.0
1608472583.59	8000	59.932759	0.0	1006183	206	4.0
1608472584.84	12000	59.683695	0.0	1134985	229	8.0
1608472585.91	16000	59.684689	0.0	2869222	541	12.0
1608472586.59	16000	59.926805	0.0	3226650	654	16.0
1608472588.06	12000	59.686688	0.0	2155956	443	8.0
1608472588.64	12000	59.885275	0.0	2411136	549	12.0
1608472589.72	12000	59.938712	0.0	2355841	561	12.0
1608472590.64	8000	59.939711	0.0	1844656	390	4.0
1608472592.07	8000	59.69071	0.0	2010421	410	8.0
1608472592.84	8000	59.691711	0.0	1158554	251	8.0
1608472593.61	12000	59.942763	0.0	1207957	255	8.0
1608472594.63	12000	59.943718	0.0	2277016	492	12.0
1608472595.81	16000	59.944762	0.0	2991202	647	12.0
1608472596.91	12000	59.695715	0.0	2348675	574	8.0
1608472597.79	12000	59.94672	0.0	1575943	357	12.0
1608472598.64	8000	59.94772	0.0	1666069	326	4.0
1608472599.91	8000	59.6987	0.0	1269548	244	8.0
1608472601.03	12000	59.699761	0.0	2744751	592	8.0
1608472601.67	12000	59.86247	0.0	2853458	616	12.0
1608472602.91	12000	59.701702	0.0	1012501	217	12.0
1608472603.81	12000	59.937678	0.0	1508766	378	12.0
1608472604.65	12000	59.953697	0.0	1446069	325	12.0
1608472606.04	12000	59.704679	0.0	1560727	366	12.0
1608472606.79	12000	59.745983	0.0	2029094	731	12.0
1608472607.76	8000	59.956729	0.0	1397801	443	4.0
1608472608.77	8000	59.957726	0.0	1735873	485	8.0
1608472609.87	8000	59.708696	0.0	1955680	577	8.0
1608472610.88	8000	59.709704	0.0	1256122	496	8.0
1608472611.73	8000	59.960713	0.0	872352	329	8.0
1608472612.69	8000	59.961699	0.0	1175796	438	8.0
1608472613.72	8000	59.962702	0.0	1004408	514	8.0
1608472614.73	8000	59.963721	0.0	1393009	490	8.0
1608472615.59	8000	59.964707	0.0	1466703	341	8.0
1608472616.84	8000	59.715714	0.0	1060685	235	8.0
1608472618.02	8000	59.716701	0.0	1011581	158	8.0
1608472618.6	8000	59.967726	0.0	422329	65	8.0
1608472619.75	16000	59.96872	0.0	796460	123	8.0
1608472620.88	20000	59.719692	0.0	596962	112	16.0
1608472621.77	20000	59.970712	0.0	947625	377	20.0
1608472622.63	20000	59.971717	0.0	832859	340	20.0
1608472623.7	16000	59.972726	0.0	151562	58	12.0
1608472624.73	16000	59.973687	0.0	90390	15	16.0
1608472625.75	12000	59.974705	0.0	50504	6	8.0
1608472626.76	8000	59.975733	0.0	22693	0	4.0
1608472627.78	8000	59.976716	0.0	26015	1	8.0
1608472628.11	4000	1.000999	0.021	60629	10	-0.6720000000000002
1608472630.61	20000	1.289169	1.771	11007815	2410	-52.672
1608472632.62	8000	1.302941	0.772	7078153	1948	-28.704
1608472632.89	4000	2.030757	0.0	1043358	252	0.0
1608472633.04	4000	2.9308	0.0	567502	135	4.0
1608472633.2	4000	3.77197	0.0	472646	146	4.0
1608472633.3	4000	4.671209	0.0	274373	89	4.0
1608472633.44	8000	5.536506	0.0	358785	119	4.0
1608472635.02	20000	4.951968	0.0	4047415	1553	8.0
1608472635.43	8000	5.542585	0.0	1382199	390	-4.0
1608472636.02	8000	5.954897	0.0	2052265	566	8.0
1608472637.03	8000	5.945893	0.0	3005823	985	8.0
1608472638.02	4000	5.955363	0.0	1928241	966	0.0
1608472638.58	4000	6.399562	0.0	898461	541	4.0
1608472639.15	4000	6.828532	0.0	929156	555	4.0
1608472639.55	4000	7.432574	0.0	886614	382	4.0
1608472639.59	4000	8.388533	0.0	90752	32	4.0
1608472639.76	4000	9.219369	0.0	376357	157	4.0
1608472639.92	8000	10.069341	0.0	323573	134	4.0
1608472640.98	8000	10.006556	0.0	4001900	1032	8.0
1608472641.69	8000	10.294537	0.0	3029729	684	8.0
1608472642.17	8000	10.817576	0.0	2083035	455	8.0
1608472642.61	8000	11.374953	0.0	2281353	421	8.0
1608472643.12	8000	11.868024	0.0	2599148	480	8.0
1608472643.45	8000	12.545422	0.0	1926191	301	8.0
1608472643.75	12000	13.237998	0.0	1798203	281	8.0
1608472645.38	16000	12.611581	0.0	9946363	1560	12.0
1608472646.73	8000	12.264724	0.0	7838407	1292	0.0
1608472646.92	8000	13.075198	0.0	1127469	172	8.0
1608472647.12	8000	13.879177	0.0	1179779	180	8.0
1608472647.29	8000	14.703103	0.0	1078151	160	8.0
1608472647.47	8000	15.524347	0.0	1086181	162	8.0
1608472647.73	16000	16.272629	0.0	1529441	230	8.0
1608472647.98	20000	17.017909	0.0	1568649	236	16.0
