1607459676.94	40000	1.000999	0.015	334476	3	-2.3999999999999986
1607459677.23	160000	2.001999	0.0	14912671	115	40.0
1607459677.64	160000	2.714883	0.0	24265636	176	160.0
1607459677.94	160000	3.410647	0.0	22711544	163	160.0
1607459678.21	160000	4.139953	0.0	19639705	152	160.0
1607459678.5	160000	4.852081	0.0	20946809	164	160.0
1607459678.67	160000	5.684063	0.0	11895609	94	160.0
1607459678.78	160000	6.579217	0.0	7597636	60	160.0
1607459682.01	160000	4.628793	0.0	56067905	2733	160.0
1607459682.99	160000	4.654315	0.0	45444680	706	160.0
1607459684.1	160000	4.547539	0.0	54798068	805	160.0
1607459685.62	160000	4.030318	0.0	69464107	1051	160.0
1607459686.7	160000	3.947299	0.0	50637608	787	160.0
1607459687.11	160000	4.533597	0.0	19559369	292	160.0
1607459687.56	160000	5.088263	0.0	22224402	313	160.0
1607459688.02	160000	5.637879	0.0	22578365	319	160.0
1607459688.17	160000	6.482162	0.0	8346702	90	160.0
1607459688.44	160000	7.206156	0.0	15775481	176	160.0
1607459688.61	160000	8.045361	0.0	9163235	102	160.0
1607459689.31	160000	8.371304	0.0	41307095	462	160.0
1607459689.83	160000	8.909356	0.0	28763893	336	160.0
1607459690.22	160000	9.524296	0.0	21266416	256	160.0
1607459690.7	160000	10.045744	0.0	23702229	322	160.0
1607459691.21	160000	10.53394	0.0	27580394	360	160.0
1607459691.63	160000	11.247434	0.0	20329780	149	160.0
1607459691.85	160000	11.896566	0.0	16109183	119	160.0
1607459692.62	160000	12.121022	0.0	58830800	437	160.0
1607459693.52	160000	12.22603	0.0	66935122	535	160.0
1607459693.78	160000	12.971269	0.0	15251076	163	160.0
1607459694.06	160000	13.691636	0.0	16574034	181	160.0
1607459694.25	160000	14.495863	0.0	13009028	120	160.0
1607459694.45	160000	15.299233	0.0	12791674	108	160.0
1607459694.62	160000	16.132391	0.0	11137898	102	160.0
1607459694.8	160000	16.956421	0.0	11485310	105	160.0
1607459694.98	160000	17.768934	0.0	12428518	114	160.0
1607459695.14	160000	18.61566	0.0	9963766	92	160.0
1607459695.32	160000	19.437055	0.0	12189364	108	160.0
1607459695.47	160000	20.283746	0.0	10142396	90	160.0
1607459695.62	160000	21.134268	0.0	10185488	90	160.0
1607459695.83	160000	21.928902	0.0	14061455	124	160.0
1607459696.12	160000	22.637917	0.0	20074099	177	160.0
1607459696.73	160000	23.029757	0.0	46115254	348	160.0
1607459697.28	160000	23.479077	0.0	40906522	308	160.0
1607459697.42	160000	24.352174	0.0	7891151	71	160.0
1607459697.74	160000	25.027939	0.0	21012466	192	160.0
1607459698.09	160000	25.677907	0.0	23519424	216	160.0
1607459698.36	160000	26.400782	0.0	18715420	168	160.0
1607459698.62	160000	27.146801	0.0	17000816	152	160.0
1607459698.84	160000	27.931636	0.0	14448126	131	160.0
1607459698.94	160000	28.825538	0.0	6958676	62	160.0
1607459699.08	160000	29.689901	0.0	9088791	81	160.0
1607459699.21	160000	30.56294	0.0	7211881	71	160.0
1607459699.27	160000	31.50389	0.0	3063586	32	160.0
1607459699.32	160000	32.44882	0.0	2782179	29	160.0
1607459699.49	160000	33.286575	0.0	9958410	105	160.0
1607459699.69	160000	34.086441	0.0	12158708	127	160.0
1607459699.89	160000	34.883877	0.0	12300216	130	160.0
1607459700.15	160000	35.628717	0.0	15815684	166	160.0
1607459700.34	160000	36.440846	0.0	13526256	114	160.0
1607459700.51	160000	37.271558	0.0	11995130	101	160.0
1607459700.7	160000	38.081132	0.0	13394791	113	160.0
1607459700.9	160000	38.877952	0.0	14135828	121	160.0
1607459701.12	160000	39.658335	0.0	15366126	132	160.0
1607459701.34	160000	40.441419	0.0	14248439	135	160.0
1607459701.55	160000	41.232139	0.0	13843717	131	160.0
1607459701.78	160000	42.002519	0.0	14665119	139	160.0
1607459702.1	160000	42.681818	0.0	21079187	200	160.0
1607459702.49	160000	43.295306	0.0	25480074	245	160.0
1607459702.85	160000	43.940121	0.0	23021754	221	160.0
1607459703.27	160000	44.523123	0.0	27527834	264	160.0
1607459703.71	160000	45.086815	0.0	26155848	280	160.0
1607459704.01	160000	45.780499	0.0	17849379	192	160.0
1607459704.29	160000	46.500836	0.0	16546531	176	160.0
1607459704.6	160000	47.191272	0.0	17718949	186	160.0
1607459704.9	160000	47.897949	0.0	17337137	184	160.0
1607459705.23	160000	48.56701	0.0	20008245	212	160.0
1607459706.31	160000	48.491957	0.0	58430914	751	160.0
1607459706.62	160000	49.180358	0.0	16292703	203	160.0
1607459707.08	160000	49.716275	0.0	25587422	321	160.0
1607459707.54	160000	50.26125	0.0	23982306	320	160.0
1607459707.8	160000	51.001484	0.0	13347845	181	160.0
1607459708.08	160000	51.725316	0.0	14337991	195	160.0
1607459708.3	160000	52.496624	0.0	14584990	147	160.0
1607459708.51	160000	53.293488	0.0	13962401	110	160.0
1607459708.71	160000	54.093272	0.0	14393788	119	160.0
1607459708.91	160000	54.890425	0.0	14649457	121	160.0
1607459709.11	160000	55.700019	0.0	13409715	111	160.0
1607459709.3	160000	56.506685	0.0	13909605	100	160.0
1607459709.47	160000	57.335982	0.0	13301968	95	160.0
1607459709.72	160000	58.08893	0.0	19025846	135	160.0
1607459709.96	160000	58.844634	0.0	19295426	137	160.0
1607459710.2	160000	59.611088	0.0	18261873	129	160.0
1607459711.02	160000	59.809913	0.0	19847604	202	160.0
1607459712.33	160000	59.560962	0.0	18767181	200	160.0
1607459713.23	160000	59.811912	0.0	22420858	267	160.0
1607459714.11	160000	59.812918	0.0	19324333	267	160.0
1607459715.43	160000	59.56389	0.0	20392234	198	160.0
1607459716.24	160000	59.814862	0.0	7671072	260	160.0
1607459716.99	80000	59.824608	0.0	8761637	690	0.0
1607459718.3	160000	59.521673	0.0	12839336	1226	80.0
1607459719.05	160000	59.81787	0.0	10779770	185	160.0
1607459720.39	160000	59.56891	0.0	14606687	252	160.0
1607459721.25	160000	59.569512	0.0	41866951	637	160.0
1607459721.99	160000	59.837698	0.0	37238410	529	160.0
1607459723.27	160000	59.57187	0.0	14347759	203	160.0
1607459724.49	160000	59.572853	0.0	11399187	144	160.0
1607459725.16	160000	59.823873	0.0	10358641	102	160.0
1607459726.38	160000	59.574942	0.0	14315696	141	160.0
1607459727.33	80000	59.498888	0.0	12556616	874	0.0
1607459729.21	80000	58.619856	0.0	21334076	1759	80.0
1607459730.57	160000	58.254468	0.0	22241104	1236	80.0
1607459730.97	160000	58.857631	0.0	15813346	308	160.0
1607459731.41	160000	59.425624	0.0	17116450	329	160.0
1607459732.23	160000	59.830806	0.0	18867054	209	160.0
1607459733.24	160000	59.831946	0.0	17393609	409	160.0
1607459734.67	160000	59.16704	0.0	24759401	1292	160.0
1607459735.49	160000	59.342932	0.0	25782433	674	160.0
1607459735.92	160000	59.912236	0.0	25885372	286	160.0
1607459737.37	160000	59.585882	0.0	26242011	289	160.0
1607459747.12	20000	50.723346	0.0	2928342	9705	-120.0
1607459747.55	160000	51.289614	0.0	25470681	285	20.0
1607459747.97	160000	51.866218	0.0	27258768	259	160.0
1607459748.25	160000	52.59527	0.0	17853711	169	160.0
1607459748.47	160000	53.37126	0.0	14829893	141	160.0
1607459748.91	160000	53.933393	0.0	27779697	282	160.0
1607459749.35	160000	54.497488	0.0	27714923	281	160.0
1607459749.76	160000	55.090444	0.0	25946474	257	160.0
1607459750.06	160000	55.781812	0.0	19596259	194	160.0
1607459750.44	160000	56.407647	0.0	23774167	235	160.0
1607459750.75	160000	57.09845	0.0	19373656	197	160.0
1607459751.13	160000	57.72117	0.0	23977420	244	160.0
1607459751.52	160000	58.329799	0.0	24493733	249	160.0
1607459751.72	160000	59.126568	0.0	14528511	120	160.0
1607459751.97	160000	59.887477	0.0	16841176	141	160.0
1607459753.21	160000	59.851786	0.0	16743604	140	160.0
1607459754.49	160000	59.602929	0.0	17975224	174	160.0
1607459755.33	160000	59.603884	0.0	22329548	212	160.0
1607459756.07	160000	59.854887	0.0	16001583	141	160.0
1607459757.32	160000	59.605877	0.0	18238584	140	160.0
1607459758.2	160000	59.85686	0.0	21308824	254	160.0
1607459759.05	160000	59.857698	0.0	17749058	247	160.0
1607459760.31	160000	59.608679	0.0	14127787	172	160.0
1607459761.08	160000	59.859665	0.0	17525699	165	160.0
1607459762.27	160000	59.610864	0.0	14240042	103	160.0
1607459763.04	160000	59.861706	0.0	20324139	151	160.0
1607459764.36	160000	59.612823	0.0	21993033	194	160.0
1607459765.12	160000	59.863847	0.0	18863108	137	160.0
1607459766.37	160000	59.614724	0.0	15964734	154	160.0
1607459767.47	160000	59.615777	0.0	8284939	50	160.0
1607459768.07	160000	59.866795	0.0	9004706	48	160.0
1607459769.16	160000	59.867747	0.0	6955279	41	160.0
1607459770.25	80000	59.868934	0.0	4688403	46	0.0
1607459771.43	40000	59.619886	0.0	1669374	154	0.0
1607459773.47	160000	58.398536	0.0	3212828	2016	40.0
1607459773.52	160000	59.35439	0.0	2509989	21	160.0
1607459774.06	160000	59.872826	0.0	2004927	17	160.0
1607459775.08	160000	59.873869	0.0	591360	4	160.0
1607459776.62	160000	59.808588	0.0	2394426	13	160.0
1607459776.97	40000	1.000999	0.036	337339	2	-5.759999999999998
1607459777.24	160000	2.001999	0.0	14912671	98	40.0
1607459777.65	160000	2.717338	0.0	24265636	160	160.0
1607459777.92	160000	3.443222	0.0	22711544	135	160.0
1607459778.16	160000	4.209926	0.0	19639705	117	160.0
1607459778.4	160000	4.962729	0.0	20946809	125	160.0
1607459778.55	160000	5.817874	0.0	11895609	71	160.0
1607459778.65	160000	6.722914	0.0	7597636	47	160.0
1607459779.47	160000	6.966354	0.0	56067905	355	160.0
1607459780.0	160000	7.485395	0.0	45444680	270	160.0
1607459780.63	160000	7.909531	0.0	54798068	323	160.0
1607459781.54	160000	8.01809	0.0	69464107	439	160.0
1607459782.15	160000	8.464621	0.0	50637608	334	160.0
1607459782.4	160000	9.218411	0.0	19559369	132	160.0
1607459782.68	160000	9.942362	0.0	22224402	147	160.0
1607459782.92	160000	10.701176	0.0	22578365	114	160.0
1607459783.01	160000	11.607417	0.0	8346702	42	160.0
1607459783.18	160000	12.436296	0.0	15775481	80	160.0
1607459783.29	160000	13.334977	0.0	9163235	46	160.0
1607459783.72	160000	13.906506	0.0	41307095	208	160.0
1607459784.05	160000	14.575531	0.0	28763893	152	160.0
1607459784.28	160000	15.340776	0.0	21266416	111	160.0
1607459784.56	160000	16.067079	0.0	23702229	125	160.0
1607459784.86	160000	16.762947	0.0	27580394	152	160.0
1607459785.11	160000	17.520393	0.0	20329780	114	160.0
1607459785.29	160000	18.334792	0.0	16109183	91	160.0
1607459785.98	160000	18.652499	0.0	58830800	334	160.0
