1607408788.98	40000	1.000999	0.032	334476	1	-5.119999999999997
1607408789.22	20000	2.001999	0.0	11007815	57	0.0
1607408789.41	20000	2.913165	0.0	8849724	47	20.0
1607408789.52	20000	3.804024	0.0	3191121	16	20.0
1607408789.66	40000	4.689645	0.0	4726840	24	20.0
1607408789.99	110000	5.367117	0.0	17432386	97	40.0
1607408790.17	110000	6.1813	0.0	9099663	57	110.0
1607408790.33	110000	7.028731	0.0	7044111	37	110.0
1607408790.86	80000	7.522973	0.0	29583867	179	50.0
1607408791.12	80000	8.267343	0.0	15816325	80	80.0
1607408791.51	110000	8.900812	0.0	26873304	140	80.0
1607408791.94	110000	9.470627	0.0	33588177	174	110.0
1607408792.65	160000	9.762338	0.0	50637608	243	110.0
1607408792.93	160000	10.481852	0.0	19559369	93	160.0
1607408793.23	160000	11.183036	0.0	22224402	106	160.0
1607408793.55	160000	11.866875	0.0	22578365	103	160.0
1607408793.71	160000	12.704576	0.0	8346702	40	160.0
1607408793.97	160000	13.456798	0.0	15775481	79	160.0
1607408794.15	160000	14.272941	0.0	9163235	47	160.0
1607408794.66	160000	14.761886	0.0	41307095	217	160.0
1607408795.04	160000	15.380924	0.0	28763893	144	160.0
1607408795.34	160000	16.081772	0.0	21266416	103	160.0
1607408795.66	160000	16.759862	0.0	23702229	113	160.0
1607408796.03	160000	17.393215	0.0	27580394	143	160.0
1607408796.33	160000	18.095289	0.0	20329780	109	160.0
1607408796.59	160000	18.847572	0.0	16109183	86	160.0
1607408797.36	160000	19.064039	0.0	58830800	300	160.0
1607408798.13	160000	19.305681	0.0	66935122	327	160.0
1607408798.37	160000	20.059238	0.0	15251076	74	160.0
1607408798.63	160000	20.803781	0.0	16574034	86	160.0
1607408798.84	160000	21.592107	0.0	13009028	67	160.0
1607408799.05	160000	22.386045	0.0	12791674	62	160.0
1607408799.25	160000	23.187501	0.0	11137898	46	160.0
1607408799.44	160000	23.991661	0.0	11485310	55	160.0
1607408799.64	160000	24.79013	0.0	12428518	59	160.0
1607408799.83	160000	25.610336	0.0	9963766	49	160.0
1607408800.03	160000	26.411489	0.0	12189364	59	160.0
1607408800.21	160000	27.231642	0.0	10142396	49	160.0
1607408800.39	160000	28.053092	0.0	10185488	49	160.0
1607408800.61	160000	28.833407	0.0	14061455	69	160.0
1607408800.89	160000	29.548264	0.0	20074099	97	160.0
1607408801.45	160000	29.995962	0.0	46115254	214	160.0
1607408801.95	160000	30.489824	0.0	40906522	188	160.0
1607408802.11	160000	31.331296	0.0	7891151	39	160.0
1607408802.41	160000	32.0339	0.0	21012466	105	160.0
1607408802.72	160000	32.721381	0.0	23519424	112	160.0
1607408803.0	160000	33.451547	0.0	18715420	91	160.0
1607408803.25	160000	34.194584	0.0	17000816	85	160.0
1607408803.48	160000	34.964817	0.0	14448126	72	160.0
1607408803.64	160000	35.814638	0.0	6958676	34	160.0
1607408803.81	160000	36.643456	0.0	9088791	45	160.0
1607408803.97	160000	37.484262	0.0	7211881	43	160.0
1607408804.08	160000	38.370424	0.0	3063586	19	160.0
1607408804.19	160000	39.259568	0.0	2782179	17	160.0
1607408804.38	160000	40.070296	0.0	9958410	60	160.0
1607408804.6	160000	40.856605	0.0	12158708	74	160.0
1607408804.82	160000	41.639262	0.0	12300216	74	160.0
1607408805.07	160000	42.390063	0.0	15815684	85	160.0
1607408805.29	160000	43.170649	0.0	13526256	74	160.0
1607408805.49	160000	43.969232	0.0	11995130	64	160.0
1607408805.71	160000	44.752767	0.0	13394791	73	160.0
1607408805.93	160000	45.527643	0.0	14135828	77	160.0
1607408806.17	160000	46.287965	0.0	15366126	86	160.0
1607408806.41	160000	47.054957	0.0	14248439	81	160.0
1607408806.63	160000	47.831186	0.0	13843717	77	160.0
1607408806.87	160000	48.593289	0.0	14665119	81	160.0
1607408807.2	160000	49.269282	0.0	21079187	133	160.0
1607408807.58	160000	49.891331	0.0	25480074	158	160.0
1607408807.93	160000	50.542949	0.0	23021754	144	160.0
1607408808.36	160000	51.106134	0.0	27527834	218	160.0
1607408808.8	160000	51.667636	0.0	26155848	206	160.0
1607408809.27	160000	52.199301	0.0	17849379	289	160.0
1607408809.73	160000	52.739118	0.0	16546531	291	160.0
1607408810.12	160000	53.358332	0.0	17718949	203	160.0
1607408810.44	160000	54.036733	0.0	17337137	152	160.0
1607408810.81	160000	54.670468	0.0	20008245	174	160.0
1607408811.79	160000	54.682054	0.0	58430914	600	160.0
1607408812.14	160000	55.33766	0.0	16292703	172	160.0
1607408812.63	160000	55.847278	0.0	25587422	278	160.0
1607408813.11	160000	56.378177	0.0	23982306	266	160.0
1607408813.42	160000	57.061548	0.0	13347845	155	160.0
1607408813.74	160000	57.743979	0.0	14337991	166	160.0
1607408815.04	160000	57.439786	0.0	14584990	1154	160.0
1607408816.28	160000	57.203413	0.0	13962401	1084	160.0
1607408817.11	160000	57.378791	0.0	14393788	667	160.0
1607408817.41	160000	58.074783	0.0	14649457	148	160.0
1607408817.7	160000	58.790635	0.0	13409715	135	160.0
1607408817.99	160000	59.497764	0.0	13909605	140	160.0
1607408818.76	160000	59.813873	0.0	13301968	129	160.0
1607408820.13	160000	59.564971	0.0	19025846	178	160.0
1607408820.93	160000	59.56597	0.0	19295426	117	160.0
1607408821.71	160000	59.816881	0.0	18261873	107	160.0
1607408823.02	160000	59.567958	0.0	19847604	117	160.0
1607408823.82	160000	59.818841	0.0	18767181	123	160.0
1607408824.69	160000	59.819846	0.0	22420858	165	160.0
1607408826.04	160000	59.57096	0.0	19324333	166	160.0
1607408826.86	160000	59.818749	0.0	20392234	133	160.0
1607408828.04	160000	59.572957	0.0	7671072	49	160.0
1607408828.83	160000	59.823857	0.0	17781906	117	160.0
1607408830.06	160000	59.574943	0.0	12839336	84	160.0
1607408830.76	160000	59.825862	0.0	10779770	63	160.0
1607408831.99	160000	59.576972	0.0	14606687	83	160.0
1607408832.64	160000	59.865752	0.0	41866951	327	160.0
1607408833.72	160000	59.828854	0.0	37238410	292	160.0
1607408835.0	160000	59.579947	0.0	14347759	122	160.0
1607408835.72	160000	59.830689	0.0	11399187	79	160.0
1607408836.93	160000	59.581946	0.0	10358641	71	160.0
1607408837.99	160000	59.516212	0.0	14315696	915	160.0
1607408839.56	110000	58.947574	0.0	16742448	1396	60.0
1607408841.71	110000	57.801975	0.0	27817780	1926	110.0
1607408842.4	160000	58.11348	0.0	22241104	490	110.0
1607408842.71	160000	58.799174	0.0	15813346	152	160.0
1607408843.05	160000	59.466803	0.0	17116450	166	160.0
1607408843.88	160000	59.838932	0.0	18867054	153	160.0
1607408844.71	160000	59.839885	0.0	17393609	142	160.0
1607408846.1	160000	59.590973	0.0	24759401	189	160.0
1607408846.57	160000	59.951233	0.0	25782433	245	160.0
1607408848.02	160000	59.592964	0.0	25885372	245	160.0
1607408850.35	160000	58.16611	0.0	26242011	2097	160.0
1607408850.81	160000	58.712541	0.0	23865378	248	160.0
1607408851.18	110000	59.342563	0.0	17390834	176	60.0
1607408851.55	110000	59.970678	0.0	18638649	190	110.0
1607408852.82	110000	59.847838	0.0	12036523	123	110.0
1607408854.06	110000	59.59896	0.0	9918331	115	110.0
1607408854.65	160000	59.879428	0.0	27779697	354	110.0
1607408855.73	160000	59.850864	0.0	27714923	359	160.0
1607408856.78	160000	59.85184	0.0	25946474	328	160.0
1607408857.71	160000	59.852818	0.0	19596259	229	160.0
1607408858.68	160000	59.853799	0.0	23774167	264	160.0
1607408860.1	160000	59.604951	0.0	19373656	231	160.0
1607408860.82	160000	59.715326	0.0	23977420	513	160.0
1607408861.97	160000	59.606962	0.0	24493733	445	160.0
1607408862.81	160000	59.857875	0.0	14528511	188	160.0
1607408863.71	160000	59.858862	0.0	16841176	229	160.0
1607408865.08	160000	59.609971	0.0	16743604	202	160.0
1607408866.47	160000	59.06918	0.0	17975224	1207	160.0
1607408868.41	160000	58.124849	0.0	22329548	1734	160.0
1607408869.88	160000	57.660358	0.0	16001583	1302	160.0
1607408871.34	160000	57.200964	0.0	18238584	1284	160.0
1607408873.07	160000	56.47472	0.0	21308824	1530	160.0
1607408874.71	160000	55.827739	0.0	17749058	1473	160.0
1607408875.85	160000	55.689509	0.0	14127787	988	160.0
1607408877.26	160000	55.280002	0.0	17525699	1234	160.0
1607408878.69	160000	54.855172	0.0	14240042	1272	160.0
1607408879.71	160000	54.832183	0.0	20324139	837	160.0
1607408880.35	160000	55.197945	0.0	21993033	441	160.0
1607408880.79	160000	55.755564	0.0	18863108	257	160.0
1607408881.18	160000	56.366628	0.0	15964734	223	160.0
1607408881.43	160000	57.117646	0.0	8284939	119	160.0
1607408881.69	160000	57.856567	0.0	9004706	135	160.0
1607408881.91	160000	58.637728	0.0	6955279	104	160.0
1607408882.21	160000	59.341673	0.0	10701639	161	160.0
1607408882.99	160000	59.627965	0.0	9459459	157	160.0
1607408884.15	160000	59.628957	0.0	3212828	56	160.0
1607408884.78	160000	59.879879	0.0	2509989	50	160.0
1607408885.89	160000	59.880875	0.0	2004927	31	160.0
1607408886.95	160000	59.631968	0.0	591360	9	160.0
1607408888.59	160000	59.566734	0.0	2394426	89	160.0
1607408888.96	40000	1.000999	0.032	336477	4	-5.119999999999997
1607408889.3	20000	1.997029	0.0	11007815	145	0.0
1607408889.53	20000	2.768269	0.0	8849724	96	20.0
1607408889.67	20000	3.633928	0.0	3191121	36	20.0
1607408889.9	60000	4.40013	0.0	8954217	101	20.0
1607408890.4	160000	4.908223	0.0	20946809	235	60.0
1607408890.67	160000	5.636281	0.0	11895609	131	160.0
1607408890.87	160000	6.463207	0.0	7597636	84	160.0
1607408891.54	80000	6.833475	0.0	29583867	328	0.0
1607408891.88	80000	7.495059	0.0	15816325	168	80.0
1607408892.4	110000	7.975352	0.0	26873304	285	80.0
1607408895.1	110000	6.289118	0.0	33588177	2439	110.0
1607408895.39	20000	7.006419	0.0	4925652	167	-70.0
1607408895.5	20000	7.893553	0.0	2030157	20	20.0
1607408895.62	20000	8.780553	0.0	2240782	23	20.0
1607408895.73	20000	9.668048	0.0	2211169	22	20.0
1607408895.83	40000	10.569749	0.0	1103419	11	20.0
1607408896.06	110000	11.33877	0.0	9838179	102	40.0
1607408896.23	110000	12.165382	0.0	6126794	63	110.0
1607408896.76	110000	12.645125	0.0	26576979	304	110.0
1607408897.36	160000	13.045023	0.0	28763893	353	110.0
1607408897.77	160000	13.630453	0.0	21266416	215	160.0
1607408898.22	160000	14.182188	0.0	23702229	244	160.0
1607408898.77	160000	14.635208	0.0	27580394	317	160.0
1607408899.22	160000	15.189236	0.0	20329780	256	160.0
1607408899.86	160000	15.550316	0.0	16109183	464	160.0
1607408900.83	60000	15.57833	0.0	27018238	731	-40.0
1607408901.58	80000	15.83303	0.0	37801487	409	60.0
1607408901.92	160000	16.492833	0.0	15251076	173	80.0
1607408902.27	160000	17.14066	0.0	16574034	188	160.0
1607408902.56	160000	17.854413	0.0	13009028	147	160.0
