1610802084.94	60000	1.000999	0.034	336477	22	-10.880000000000003
1610802086.13	40000	1.446398	0.253	14648397	1046	-60.959999999999994
1610802088.1	80000	1.332796	0.834	22644885	1813	-226.88
1610802089.39	80000	1.436001	0.369	17135714	1197	-38.08
1610802090.38	80000	1.46909	0.0	13114792	909	80.0
1610802091.34	80000	1.563835	0.0	11497228	880	80.0
1610802091.92	80000	1.979294	0.0	6232523	540	80.0
1610802092.49	80000	2.408052	0.0	5425476	532	80.0
1610802095.08	80000	1.217428	0.398	29583867	2359	-47.36
1610802096.47	80000	1.42778	0.598	15816325	1299	-111.36000000000001
1610802097.74	80000	1.276918	0.116	15275967	1190	42.88
1610802099.53	80000	1.393908	0.907	20600381	1678	-210.24
1610802101.18	80000	1.301871	0.556	17710542	1553	-97.91999999999999
1610802101.8	80000	1.683329	0.0	7412644	567	80.0
1610802102.49	80000	1.991423	0.0	9055732	630	80.0
1610802103.23	80000	2.258079	0.0	9337721	674	80.0
1610802103.5	80000	2.986259	0.0	3201928	237	80.0
1610802104.84	80000	2.645422	0.0	6731501	1294	80.0
1610802105.91	60000	2.572563	0.0	3263003	1036	40.0
1610802109.3	40000	1.364975	1.174	11199212	3322	-355.68
1610802111.11	40000	1.290445	0.735	8376884	1758	-195.2
1610802112.29	40000	1.276562	0.171	6254528	1146	-14.719999999999999
1610802113.33	40000	1.448332	0.204	7313446	990	-25.28
1610802114.22	40000	1.560411	0.0	8054223	826	40.0
1610802114.73	40000	2.048345	0.0	5596063	472	40.0
1610802115.07	40000	2.704509	0.0	4316804	310	40.0
1610802116.68	60000	2.098681	0.0	27018238	1450	40.0
1610802118.16	80000	1.623492	0.0	37801487	1198	60.0
1610802118.55	110000	2.230073	0.0	10019282	316	80.0
1610802118.96	110000	2.817497	0.0	10921784	343	110.0
1610802119.33	160000	3.448549	0.0	13009028	282	110.0
1610802119.69	160000	4.091709	0.0	12791674	277	160.0
1610802120.0	160000	4.783316	0.0	11137898	241	160.0
1610802120.32	160000	5.470996	0.0	11485310	240	160.0
1610802121.21	320000	5.58004	0.0	33204608	681	160.0
1610802121.77	320000	6.020531	0.0	23618590	418	320.0
1610802122.4	320000	6.400613	0.0	27475995	450	320.0
1610802122.97	320000	6.81898	0.0	26460007	416	320.0
1610802123.64	320000	7.146555	0.0	26763657	500	320.0
1610802124.47	320000	7.322817	0.0	33826873	615	320.0
1610802125.35	320000	7.439787	0.0	41214174	634	320.0
1610802126.97	320000	6.827236	0.0	83204731	884	320.0
1610802128.26	320000	6.536852	0.0	75539257	852	320.0
1610802128.52	320000	7.277373	0.0	16577177	150	320.0
1610802129.1	320000	7.695861	0.0	39814357	357	320.0
1610802129.83	320000	7.969318	0.0	50277186	419	320.0
1610802130.46	320000	8.335008	0.0	43375920	355	320.0
1610802131.02	320000	8.783692	0.0	39748690	323	320.0
1610802131.55	320000	9.253911	0.0	32725949	332	320.0
1610802131.8	320000	10.001187	0.0	15673611	161	320.0
1610802132.14	320000	10.660805	0.0	20850595	212	320.0
1610802132.42	320000	11.384097	0.0	16458609	177	320.0
1610802132.58	320000	12.230549	0.0	8700077	94	320.0
1610802132.73	320000	13.080344	0.0	8292135	86	320.0
1610802133.1	320000	13.744137	0.0	22212109	241	320.0
1610802133.43	320000	14.45057	0.0	27931458	165	320.0
1610802133.78	320000	15.108891	0.0	28076035	164	320.0
1610802134.18	320000	15.741149	0.0	34615012	203	320.0
1610802134.74	320000	16.272045	0.0	31574841	334	320.0
1610802135.22	320000	16.790862	0.0	28857310	306	320.0
1610802135.76	320000	17.256857	0.0	30799251	340	320.0
1610802136.27	320000	17.744884	0.0	29900862	333	320.0
1610802136.86	320000	18.156793	0.0	32431711	371	320.0
1610802137.41	320000	18.603742	0.0	32680833	355	320.0
1610802137.93	320000	19.088651	0.0	30468229	317	320.0
1610802138.45	320000	19.646168	0.0	31594806	332	320.0
1610802139.18	320000	19.953417	0.0	43158259	457	320.0
1610802140.04	320000	20.120148	0.0	53696400	535	320.0
1610802140.8	320000	20.360693	0.0	49804325	463	320.0
1610802141.67	320000	20.492207	0.0	56230532	528	320.0
1610802142.49	320000	20.677017	0.0	54033728	501	320.0
1610802143.12	320000	21.046103	0.0	40265492	369	320.0
1610802143.7	320000	21.471718	0.0	37527577	357	320.0
1610802144.28	320000	21.892136	0.0	38354537	366	320.0
1610802144.79	320000	22.381635	0.0	33905183	324	320.0
1610802145.38	320000	22.792924	0.0	37964644	356	320.0
1610802146.83	320000	22.340169	0.0	91609209	818	320.0
1610802147.33	320000	22.840971	0.0	30861098	293	320.0
1610802148.15	320000	23.029436	0.0	53161890	498	320.0
1610802148.97	320000	23.200825	0.0	49661559	519	320.0
1610802149.43	320000	23.74528	0.0	27673254	293	320.0
1610802149.91	320000	24.264735	0.0	29061600	306	320.0
1610802150.41	320000	24.768644	0.0	29596558	312	320.0
1610802150.9	320000	25.282287	0.0	29264466	315	320.0
1610802151.4	320000	25.776506	0.0	29949400	321	320.0
1610802151.93	320000	26.254224	0.0	30225692	323	320.0
1610802152.46	320000	26.718401	0.0	27528494	374	320.0
1610802153.19	320000	26.997146	0.0	28959567	547	320.0
1610802153.73	320000	27.449435	0.0	27200869	369	320.0
1610802154.45	320000	27.740844	0.0	37091406	497	320.0
1610802155.02	320000	28.161471	0.0	32442772	389	320.0
1610802155.66	320000	28.529077	0.0	38733768	402	320.0
1610802156.33	320000	28.854239	0.0	43207501	426	320.0
1610802157.0	320000	29.186174	0.0	39867273	428	320.0
1610802157.72	320000	29.470803	0.0	44687216	466	320.0
1610802158.34	320000	29.852358	0.0	37222510	383	320.0
1610802159.01	320000	30.180541	0.0	37697615	460	320.0
1610802159.27	320000	30.993202	0.0	13943369	169	320.0
1610802159.92	320000	31.418991	0.0	33909675	433	320.0
1610802160.39	320000	32.015147	0.0	25608467	317	320.0
1610802160.75	320000	32.708438	0.0	21666875	241	320.0
1610802161.25	320000	33.26841	0.0	29164819	323	320.0
1610802162.49	320000	33.204863	0.0	75257111	805	320.0
1610802163.78	320000	32.940826	0.0	71035332	879	320.0
1610802164.3	320000	33.441416	0.0	27276036	362	320.0
1610802164.8	320000	33.948465	0.0	23233775	343	320.0
1610802165.24	320000	34.505518	0.0	21096285	312	320.0
1610802165.78	320000	34.966928	0.0	28685524	370	320.0
1610802166.62	320000	35.12832	0.0	43551422	570	320.0
1610802167.84	320000	34.910957	0.0	65057331	870	320.0
1610802168.59	320000	35.159755	0.0	41329817	506	320.0
1610802169.15	320000	35.721683	0.0	30837965	367	320.0
1610802172.92	320000	33.11706	0.0	33542198	3576	320.0
1610802174.45	110000	32.583155	0.0	12122131	1453	-100.0
1610802174.72	80000	33.315469	0.0	7511410	214	50.0
1610802175.14	80000	33.893791	0.0	12247427	350	80.0
1610802175.53	80000	34.507627	0.0	13038195	306	80.0
1610802175.86	80000	35.178507	0.0	12229430	258	80.0
1610802176.21	80000	35.834233	0.0	12704190	264	80.0
1610802177.32	320000	35.717835	0.0	46984925	816	80.0
1610802178.51	320000	35.52903	0.0	52441959	889	320.0
1610802179.71	320000	35.336741	0.0	56222410	862	320.0
1610802180.38	320000	35.658909	0.0	37045146	464	320.0
1610802180.97	320000	36.07143	0.0	31316241	392	320.0
1610802182.03	320000	36.014952	0.0	54539886	738	320.0
1610802182.99	320000	36.058947	0.0	54290338	640	320.0
1610802183.79	320000	36.261621	0.0	50306079	528	320.0
1610802184.44	320000	36.609322	0.0	39311524	429	320.0
1610802185.17	320000	36.876025	0.0	45141551	478	320.0
1610802185.81	320000	37.244454	0.0	38678341	393	320.0
1610802186.55	320000	37.501173	0.0	48869677	482	320.0
1610802187.3	320000	37.776411	0.0	48742469	459	320.0
1610802187.83	320000	38.333196	0.0	31052651	349	320.0
1610802188.48	320000	38.682194	0.0	35159774	405	320.0
1610802189.01	320000	39.154691	0.0	34685385	339	320.0
1610802189.58	320000	39.587473	0.0	36845249	353	320.0
1610802190.25	320000	39.919694	0.0	44043502	405	320.0
1610802190.66	320000	40.503111	0.0	28911363	238	320.0
1610802191.09	320000	41.075912	0.0	31997411	244	320.0
1610802191.62	320000	41.550796	0.0	37860562	291	320.0
1610802192.08	320000	42.090175	0.0	34218681	265	320.0
1610802192.49	320000	42.677208	0.0	30315897	235	320.0
1610802193.03	320000	43.138612	0.0	38074030	306	320.0
1610802193.48	320000	43.69678	0.0	31856580	256	320.0
1610802194.03	320000	44.144532	0.0	40986530	310	320.0
1610802194.59	320000	44.580648	0.0	43161948	328	320.0
1610802195.21	320000	45.029879	0.0	39216469	385	320.0
1610802195.72	320000	45.727899	0.0	32708889	294	320.0
1610802195.95	320000	46.499916	0.0	16257756	127	320.0
1610802196.19	320000	47.258293	0.0	16440860	129	320.0
1610802196.36	320000	48.084167	0.0	12523766	99	320.0
1610802196.69	320000	48.760592	0.0	22159647	175	320.0
1610802196.95	320000	49.500361	0.0	17516376	135	320.0
1610802197.03	320000	50.423216	0.0	5119060	39	320.0
1610802197.09	320000	51.36547	0.0	3788776	30	320.0
1610802197.14	320000	52.354016	0.0	3041389	11	320.0
1610802197.16	320000	53.334944	0.0	640071	5	320.0
1610802197.21	160000	54.291783	0.0	2029416	16	0.0
1610802197.66	60000	1.000999	0.105	337243	7	-33.6
1610802198.0	40000	2.001999	0.0	14648397	155	20.0
1610802198.42	60000	2.733755	0.0	20421673	216	40.0
1610802198.76	110000	3.388608	0.0	21016487	206	60.0
1610802199.05	110000	4.107995	0.0	17473873	170	110.0
1610802199.39	160000	4.763231	0.0	20946809	201	110.0
1610802199.59	320000	5.561033	0.0	11895609	127	160.0
1610802199.73	320000	6.452582	0.0	7597636	85	320.0
1610802200.87	320000	6.426784	0.0	56067905	617	320.0
1610802201.56	320000	6.768285	0.0	46062054	413	320.0
1610802202.73	320000	6.665469	0.0	60496562	730	320.0
1610802204.5	320000	5.911473	0.0	90475604	996	320.0
1610802206.18	320000	5.222234	0.0	94557637	1117	320.0
1610802207.08	320000	5.338614	0.0	48403531	587	320.0
1610802208.27	320000	5.135041	0.0	63326685	800	320.0
1610802209.43	320000	4.970957	0.0	66782145	742	320.0
1610802209.67	320000	5.813849	0.0	13212243	138	320.0
1610802210.17	320000	6.448524	0.0	29387773	314	320.0
1610802210.48	320000	7.195208	0.0	17336677	186	320.0
1610802212.85	320000	6.150285	0.0	126296507	1491	320.0
1610802214.55	320000	5.526226	0.0	96707447	1124	320.0
1610802215.88	320000	5.201622	0.0	72904162	886	320.0
1610802217.32	320000	4.767115	0.0	66993756	1033	320.0
1610802222.09	320000	1.606294	0.0	92389329	4234	320.0
1610802222.57	160000	2.127105	0.0	20329780	336	0.0
1610802222.9	160000	2.861293	0.0	16109183	228	160.0
1610802225.4	160000	1.519642	0.0	58830800	2172	160.0
1610802230.0	160000	1.390427	3.463	66935122	4263	-948.1600000000001
