1610765735.0	60000	1.000999	0.056	336477	3	-17.92
1610765735.27	40000	2.001999	0.0	14648397	121	20.0
1610765735.55	40000	2.805928	0.0	17616813	145	40.0
1610765735.67	40000	3.68685	0.0	8581118	70	40.0
1610765735.75	40000	4.624762	0.0	4726840	34	40.0
1610765735.8	40000	5.572915	0.0	3421740	28	40.0
1610765735.84	40000	6.533393	0.0	1987360	16	40.0
1610765735.93	80000	7.443054	0.0	5425476	45	40.0
1610765736.44	80000	7.932792	0.0	29583867	242	80.0
1610765736.86	110000	8.544902	0.0	28884539	237	80.0
1610765737.24	110000	9.171086	0.0	26873304	225	110.0
1610765737.72	110000	9.741317	0.0	33588177	282	110.0
1610765738.66	160000	9.824796	0.0	50637608	538	110.0
1610765738.95	160000	10.53822	0.0	19559369	171	160.0
1610765739.24	160000	11.247188	0.0	22224402	167	160.0
1610765739.54	160000	11.945735	0.0	22578365	170	160.0
1610765739.65	160000	12.833718	0.0	8346702	63	160.0
1610765739.87	160000	13.617734	0.0	15775481	125	160.0
1610765740.01	160000	14.478241	0.0	9163235	86	160.0
1610765740.62	160000	14.869592	0.0	41307095	388	160.0
1610765741.03	160000	15.466297	0.0	28763893	241	160.0
1610765742.16	320000	15.333777	0.0	72904162	530	160.0
1610765743.07	320000	15.437495	0.0	66993756	525	320.0
1610765747.14	320000	12.360462	0.0	92389329	3442	320.0
1610765747.59	160000	12.906908	0.0	20329780	303	0.0
1610765747.93	160000	13.570567	0.0	16109183	236	160.0
1610765749.11	160000	13.390651	0.0	58830800	885	160.0
1610765750.55	160000	12.953664	0.0	66935122	1052	160.0
1610765750.86	160000	13.634628	0.0	15251076	227	160.0
1610765751.19	160000	14.307952	0.0	16574034	234	160.0
1610765751.46	160000	15.045402	0.0	13009028	183	160.0
1610765752.1	320000	15.401753	0.0	33828007	453	160.0
1610765752.6	320000	15.901812	0.0	30396599	337	320.0
1610765753.12	320000	16.381623	0.0	30979822	351	320.0
1610765753.7	320000	16.805382	0.0	33204608	390	320.0
1610765754.13	320000	17.374123	0.0	23618590	300	320.0
1610765754.66	320000	17.845738	0.0	27475995	374	320.0
1610765755.09	320000	18.414781	0.0	26460007	279	320.0
1610765755.44	320000	19.068968	0.0	26763657	198	320.0
1610765755.87	320000	19.640308	0.0	33826873	251	320.0
1610765756.41	320000	20.102159	0.0	41214174	309	320.0
1610765757.55	320000	19.958321	0.0	83204731	704	320.0
1610765758.73	320000	19.839671	0.0	75539257	748	320.0
1610765758.99	320000	20.58201	0.0	16577177	152	320.0
1610765759.58	320000	21.154031	0.0	39814357	351	320.0
1610765760.28	320000	21.459797	0.0	50277186	421	320.0
1610765760.85	320000	21.890052	0.0	43375920	328	320.0
1610765761.41	320000	22.325173	0.0	39748690	357	320.0
1610765761.92	320000	22.824733	0.0	32725949	299	320.0
1610765762.15	320000	23.587656	0.0	15673611	140	320.0
1610765762.47	320000	24.272859	0.0	20850595	188	320.0
1610765762.72	320000	25.018366	0.0	16458609	149	320.0
1610765762.86	320000	25.879574	0.0	8700077	78	320.0
1610765763.01	320000	26.737471	0.0	8292135	83	320.0
1610765763.39	320000	27.359323	0.0	22212109	233	320.0
1610765763.84	320000	27.911178	0.0	27931458	293	320.0
1610765764.25	320000	28.498046	0.0	28076035	253	320.0
1610765764.77	320000	28.982175	0.0	34615012	296	320.0
1610765765.23	320000	29.529419	0.0	31574841	281	320.0
1610765765.67	320000	30.079728	0.0	28857310	273	320.0
1610765766.15	320000	30.600502	0.0	30799251	292	320.0
1610765766.6	320000	31.148708	0.0	29900862	286	320.0
1610765767.1	320000	31.650179	0.0	32431711	315	320.0
1610765767.65	320000	32.104676	0.0	32680833	350	320.0
1610765768.15	320000	32.609131	0.0	30468229	325	320.0
1610765768.65	320000	33.104863	0.0	31594806	334	320.0
1610765769.39	320000	33.370433	0.0	43158259	492	320.0
1610765770.35	320000	33.404151	0.0	53696400	682	320.0
1610765771.25	320000	33.512603	0.0	49804325	626	320.0
1610765772.28	320000	33.482627	0.0	56230532	741	320.0
1610765773.02	320000	33.745435	0.0	54033728	453	320.0
1610765773.52	320000	34.239677	0.0	40265492	284	320.0
1610765774.01	320000	34.756456	0.0	37527577	266	320.0
1610765774.61	320000	35.153605	0.0	38354537	391	320.0
1610765775.14	320000	35.620857	0.0	33905183	344	320.0
1610765775.81	320000	35.959161	0.0	37964644	448	320.0
1610765777.43	320000	35.412996	0.0	91609209	1086	320.0
1610765778.05	320000	35.840917	0.0	30861098	427	320.0
1610765778.79	320000	36.12641	0.0	53161890	447	320.0
1610765780.11	320000	35.808304	0.0	49661559	1042	320.0
1610765782.29	320000	34.717342	0.0	27673254	2032	320.0
1610765782.95	320000	35.086092	0.0	29061600	498	320.0
1610765783.65	320000	35.421895	0.0	29596558	518	320.0
1610765784.32	320000	35.750036	0.0	29264466	495	320.0
1610765784.94	320000	36.126093	0.0	29949400	454	320.0
1610765785.56	320000	36.511529	0.0	30225692	438	320.0
1610765786.1	320000	36.9659	0.0	27528494	391	320.0
1610765786.57	320000	37.5027	0.0	28959567	307	320.0
1610765787.03	320000	38.037853	0.0	27200869	287	320.0
1610765787.71	320000	38.366252	0.0	37091406	463	320.0
1610765788.28	320000	38.791227	0.0	32442772	393	320.0
1610765788.89	320000	39.186983	0.0	38733768	378	320.0
1610765789.56	320000	39.520477	0.0	43207501	427	320.0
1610765790.2	320000	39.877075	0.0	39867273	397	320.0
1610765793.95	320000	37.131032	0.0	44687216	3493	320.0
1610765795.02	320000	37.057796	0.0	37222510	838	320.0
1610765795.69	320000	37.38632	0.0	37697615	452	320.0
1610765795.93	320000	38.150956	0.0	13943369	154	320.0
1610765796.84	320000	38.256251	0.0	33909675	691	320.0
1610765798.3	320000	37.786212	0.0	25608467	1318	320.0
1610765799.04	320000	38.041474	0.0	21666875	620	320.0
1610765799.58	320000	38.501533	0.0	29164819	373	320.0
1610765800.89	320000	38.198148	0.0	75257111	888	320.0
1610765810.24	320000	30.216317	0.0	71035332	8923	320.0
1610765810.71	320000	30.75092	0.0	27276036	312	320.0
1610765811.14	320000	31.326438	0.0	23233775	266	320.0
1610765811.48	320000	31.987726	0.0	21096285	216	320.0
1610765811.91	320000	32.555995	0.0	28685524	273	320.0
1610765812.63	320000	32.880352	0.0	43551422	421	320.0
1610765813.66	320000	33.062296	0.0	65057331	659	320.0
1610765814.31	320000	33.412837	0.0	41329817	407	320.0
1610765814.8	320000	33.922691	0.0	30837965	315	320.0
1610765815.44	320000	34.290678	0.0	33542198	447	320.0
1610765816.05	320000	34.680687	0.0	43188629	365	320.0
1610765816.6	320000	35.124321	0.0	38404993	341	320.0
1610765817.39	320000	35.342466	0.0	50554338	495	320.0
1610765818.17	320000	35.563135	0.0	52531967	501	320.0
1610765818.97	320000	35.761784	0.0	54618297	516	320.0
1610765819.73	320000	35.998401	0.0	54267260	471	320.0
1610765820.36	320000	36.374939	0.0	46984925	361	320.0
1610765821.19	320000	36.541204	0.0	52441959	544	320.0
1610765822.26	320000	36.47383	0.0	56222410	756	320.0
1610765822.93	320000	36.80671	0.0	37045146	454	320.0
1610765823.51	320000	37.2278	0.0	31316241	375	320.0
1610765824.33	320000	37.403941	0.0	54539886	525	320.0
1610765825.05	320000	37.684221	0.0	54290338	393	320.0
1610765825.71	320000	38.034442	0.0	50306079	369	320.0
1610765826.23	320000	38.51269	0.0	39311524	293	320.0
1610765826.87	320000	38.876171	0.0	45141551	385	320.0
1610765827.44	320000	39.302113	0.0	38678341	342	320.0
1610765828.06	320000	39.681662	0.0	48869677	341	320.0
1610765828.73	320000	40.019841	0.0	48742469	372	320.0
1610765829.2	320000	40.5437	0.0	31052651	302	320.0
1610765829.7	320000	41.048576	0.0	35159774	256	320.0
1610765830.11	320000	41.639466	0.0	34685385	205	320.0
1610765830.52	320000	42.225404	0.0	36845249	218	320.0
1610765831.01	320000	42.77264	0.0	44043502	232	320.0
1610765831.33	320000	43.531677	0.0	28911363	153	320.0
1610765831.7	320000	44.1862	0.0	31997411	190	320.0
1610765832.15	320000	44.766933	0.0	37860562	223	320.0
1610765832.54	320000	45.370028	0.0	34218681	206	320.0
1610765833.01	320000	45.902024	0.0	30315897	299	320.0
1610765834.0	320000	45.917298	0.0	38074030	760	320.0
1610765836.97	320000	43.947686	0.0	31856580	2792	320.0
1610765837.55	320000	44.36531	0.0	40986530	356	320.0
1610765838.07	320000	44.853757	0.0	43161948	273	320.0
1610765838.54	320000	45.407033	0.0	39216469	247	320.0
1610765838.93	320000	46.049241	0.0	32708889	184	320.0
1610765839.13	320000	46.980722	0.0	16257756	89	320.0
1610765839.32	320000	47.874479	0.0	16440860	92	320.0
1610765839.46	320000	48.7323	0.0	12523766	64	320.0
1610765839.72	320000	49.476653	0.0	22159647	118	320.0
1610765839.94	320000	50.257805	0.0	17516376	93	320.0
1610765840.01	320000	51.185988	0.0	5119060	34	320.0
1610765840.06	320000	52.132733	0.0	3788776	20	320.0
1610765840.11	320000	53.088494	0.0	3041389	16	320.0
1610765840.13	320000	54.068514	0.0	640071	3	320.0
1610765840.17	320000	55.024515	0.0	3111318	18	320.0
1610765840.55	60000	1.000999	0.059	337339	1	-18.879999999999995
1610765840.85	40000	2.001999	0.0	14648397	98	20.0
1610765841.12	40000	2.884442	0.0	17616813	117	40.0
1610765841.24	40000	3.767678	0.0	8581118	59	40.0
1610765841.3	40000	4.701279	0.0	4726840	32	40.0
1610765841.36	40000	5.650259	0.0	3421740	22	40.0
1610765841.39	40000	6.617353	0.0	1987360	13	40.0
1610765841.47	80000	7.542161	0.0	5425476	33	40.0
1610765842.26	110000	7.750473	0.0	48103258	292	80.0
1610765842.62	110000	8.444775	0.0	28884539	178	110.0
1610765842.94	110000	9.140682	0.0	26873304	171	110.0
1610765843.36	110000	9.779325	0.0	33588177	218	110.0
1610765843.98	160000	10.169051	0.0	50637608	306	110.0
1610765844.23	160000	10.94679	0.0	19559369	118	160.0
1610765844.49	160000	11.69159	0.0	22224402	130	160.0
1610765844.76	160000	12.416088	0.0	22578365	144	160.0
1610765844.88	160000	13.310622	0.0	8346702	53	160.0
1610765845.08	160000	14.103645	0.0	15775481	100	160.0
1610765845.19	160000	14.986004	0.0	9163235	60	160.0
1610765845.67	160000	15.507162	0.0	41307095	265	160.0
1610765847.18	320000	15.002221	0.0	96707447	643	160.0
1610765847.97	320000	15.209788	0.0	72904162	374	320.0
1610765848.71	320000	15.4858	0.0	66993756	352	320.0
1610765849.74	320000	15.446645	0.0	92389329	515	320.0
1610765850.49	320000	15.692872	0.0	70549633	353	320.0
1610765851.07	320000	16.121066	0.0	50094571	255	320.0
1610765852.55	320000	15.644427	0.0	124391138	645	320.0
1610765854.35	320000	14.843405	0.0	139539685	832	320.0
1610765862.67	160000	7.663313	0.0	15251076	8222	0.0
1610765863.45	110000	7.889318	0.0	10921784	697	60.0
