1607404988.58	40000	1.000999	0.019	334476	7	-3.039999999999999
1607404989.17	160000	1.785146	0.0	14912671	317	40.0
1607404989.93	160000	2.030936	0.0	24265636	471	160.0
1607404990.58	160000	2.415784	0.0	22711544	437	160.0
1607404991.21	160000	2.815215	0.0	19639705	435	160.0
1607404991.86	160000	3.186087	0.0	20946809	459	160.0
1607404992.27	160000	3.801462	0.0	11895609	262	160.0
1607404992.55	160000	4.531081	0.0	7597636	155	160.0
1607404994.17	160000	3.962786	0.0	56067905	1063	160.0
1607404995.46	160000	3.67132	0.0	45444680	980	160.0
1607404996.94	160000	3.2032	0.0	54798068	1113	160.0
1607404998.53	160000	2.604209	0.0	69464107	1058	160.0
1607404999.91	160000	2.226823	0.0	50637608	1035	160.0
1607405000.37	160000	2.763051	0.0	19559369	281	160.0
1607405001.09	160000	3.077549	0.0	22224402	520	160.0
1607405001.73	160000	3.517548	0.0	22578365	446	160.0
1607405001.98	160000	4.270131	0.0	8346702	129	160.0
1607405002.39	160000	4.866247	0.0	15775481	244	160.0
1607405002.66	160000	5.591575	0.0	9163235	151	160.0
1607405003.63	160000	5.621353	0.0	41307095	680	160.0
1607405004.27	160000	5.988316	0.0	28763893	390	160.0
1607405004.74	160000	6.518726	0.0	21266416	283	160.0
1607405005.27	160000	6.985877	0.0	23702229	311	160.0
1607405005.89	160000	7.364184	0.0	27580394	407	160.0
1607405006.42	160000	7.836354	0.0	20329780	323	160.0
1607405006.81	160000	8.449635	0.0	16109183	227	160.0
1607405008.11	160000	8.151155	0.0	58830800	893	160.0
1607405010.05	160000	7.215353	0.0	66935122	1503	160.0
1607405010.43	160000	7.83149	0.0	15251076	228	160.0
1607405010.89	160000	8.377597	0.0	16574034	290	160.0
1607405011.26	160000	9.006185	0.0	13009028	220	160.0
1607405011.62	160000	9.643216	0.0	12791674	225	160.0
1607405011.95	160000	10.313377	0.0	11137898	199	160.0
1607405012.29	160000	10.974396	0.0	11485310	204	160.0
1607405012.7	160000	11.567687	0.0	12428518	260	160.0
1607405013.12	160000	12.147427	0.0	9963766	294	160.0
1607405013.64	160000	12.635135	0.0	12189364	374	160.0
1607405014.2	160000	13.067571	0.0	10142396	436	160.0
1607405014.89	160000	13.386623	0.0	10185488	553	160.0
1607405016.19	160000	13.086471	0.0	14061455	1147	160.0
1607405017.79	160000	12.488278	0.0	20074099	1418	160.0
1607405019.16	160000	12.11811	0.0	46115254	1051	160.0
1607405020.36	160000	11.912625	0.0	40906522	907	160.0
1607405020.68	160000	12.596753	0.0	7891151	190	160.0
1607405021.41	160000	12.867186	0.0	21012466	542	160.0
1607405022.1	160000	13.188339	0.0	23519424	482	160.0
1607405022.64	160000	13.638275	0.0	18715420	366	160.0
1607405023.18	160000	14.096512	0.0	17000816	374	160.0
1607405023.65	160000	14.627946	0.0	14448126	318	160.0
1607405023.93	160000	15.353573	0.0	6958676	163	160.0
1607405024.27	160000	16.019134	0.0	9088791	213	160.0
1607405024.56	160000	16.729504	0.0	7211881	169	160.0
1607405024.71	160000	17.580055	0.0	3063586	56	160.0
1607405024.85	160000	18.439525	0.0	2782179	52	160.0
1607405025.16	160000	19.130229	0.0	9958410	186	160.0
1607405025.52	160000	19.767027	0.0	12158708	227	160.0
1607405025.94	160000	20.350384	0.0	12300216	278	160.0
1607405026.47	160000	20.823658	0.0	15815684	364	160.0
1607405026.97	160000	21.318499	0.0	13526256	350	160.0
1607405027.43	160000	21.864395	0.0	11995130	318	160.0
1607405027.9	160000	22.390337	0.0	13394791	334	160.0
1607405028.4	160000	22.898324	0.0	14135828	345	160.0
1607405028.91	160000	23.381827	0.0	15366126	365	160.0
1607405029.4	160000	23.902389	0.0	14248439	331	160.0
1607405029.88	160000	24.422396	0.0	13843717	335	160.0
1607405030.4	160000	24.900035	0.0	14665119	365	160.0
1607405031.15	160000	25.153902	0.0	21079187	553	160.0
1607405031.94	160000	25.364869	0.0	25480074	579	160.0
1607405032.52	160000	25.783423	0.0	23021754	382	160.0
1607405034.38	160000	24.924869	0.0	27527834	1637	160.0
1607405035.55	160000	24.750542	0.0	26155848	946	160.0
1607405036.18	160000	25.130179	0.0	17849379	448	160.0
1607405036.76	160000	25.546482	0.0	16546531	408	160.0
1607405037.28	160000	26.03161	0.0	17718949	342	160.0
1607405037.77	160000	26.533477	0.0	17337137	331	160.0
1607405038.23	160000	27.077245	0.0	20008245	266	160.0
1607405039.45	160000	26.860548	0.0	58430914	828	160.0
1607405039.85	160000	27.461514	0.0	16292703	233	160.0
1607405040.39	160000	27.919902	0.0	25587422	336	160.0
1607405040.93	160000	28.386533	0.0	23982306	326	160.0
1607405041.27	160000	29.047791	0.0	13347845	195	160.0
1607405041.62	160000	29.690917	0.0	14337991	211	160.0
1607405042.17	160000	30.146848	0.0	14584990	399	160.0
1607405042.7	160000	30.62093	0.0	13962401	381	160.0
1607405043.11	160000	31.208959	0.0	14393788	268	160.0
1607405043.53	160000	31.790863	0.0	14649457	273	160.0
1607405043.9	160000	32.419703	0.0	13409715	231	160.0
1607405044.28	160000	33.040927	0.0	13909605	226	160.0
1607405044.64	160000	33.684356	0.0	13301968	215	160.0
1607405045.14	160000	34.187883	0.0	19025846	315	160.0
1607405045.63	160000	34.691631	0.0	19295426	322	160.0
1607405046.11	160000	35.224547	0.0	18261873	300	160.0
1607405046.63	160000	35.699307	0.0	19847604	325	160.0
1607405047.06	160000	36.267863	0.0	18767181	252	160.0
1607405047.55	160000	36.776075	0.0	22420858	298	160.0
1607405048.0	160000	37.32944	0.0	19324333	268	160.0
1607405048.47	160000	37.857989	0.0	20392234	291	160.0
1607405048.69	160000	38.637392	0.0	7671072	109	160.0
1607405049.13	160000	39.206503	0.0	17781906	262	160.0
1607405049.46	160000	39.877937	0.0	12839336	189	160.0
1607405049.74	160000	40.591255	0.0	10779770	159	160.0
1607405050.1	160000	41.233957	0.0	14606687	212	160.0
1607405051.03	160000	41.30256	0.0	41866951	609	160.0
1607405051.88	160000	41.454116	0.0	37238410	561	160.0
1607405052.23	160000	42.107754	0.0	14347759	200	160.0
1607405052.54	160000	42.801776	0.0	11399187	158	160.0
1607405052.81	160000	43.526406	0.0	10358641	143	160.0
1607405053.18	160000	44.161729	0.0	14315696	196	160.0
1607405053.71	160000	44.630509	0.0	23283631	329	160.0
1607405054.49	160000	44.8488	0.0	37521367	497	160.0
1607405054.99	160000	45.352409	0.0	22241104	299	160.0
1607405055.37	160000	45.979693	0.0	15813346	206	160.0
1607405055.76	160000	46.586569	0.0	17116450	223	160.0
1607405056.19	160000	47.154942	0.0	18867054	255	160.0
1607405056.59	160000	47.755941	0.0	17393609	233	160.0
1607405057.21	160000	48.142489	0.0	24759401	396	160.0
1607405057.87	160000	48.48233	0.0	25782433	448	160.0
1607405059.01	160000	48.336579	0.0	25885372	917	160.0
1607405059.77	160000	48.577956	0.0	26242011	543	160.0
1607405060.47	160000	48.881286	0.0	23865378	475	160.0
1607405061.94	160000	48.411814	0.0	25470681	1257	160.0
1607405064.39	160000	46.970246	0.0	27258768	2208	160.0
1607405065.95	160000	46.406237	0.0	17853711	1389	160.0
1607405067.23	160000	46.124901	0.0	14829893	1131	160.0
1607405069.51	160000	44.852769	0.0	27779697	2049	160.0
1607405071.65	160000	43.706251	0.0	27714923	1924	160.0
1607405073.81	160000	42.547047	0.0	25946474	1941	160.0
1607405075.44	160000	41.92429	0.0	19596259	1444	160.0
1607405077.28	160000	41.084244	0.0	23774167	1635	160.0
1607405078.89	160000	40.477312	0.0	19373656	1430	160.0
1607405080.73	160000	39.637619	0.0	23977420	1631	160.0
1607405082.6	160000	38.764414	0.0	24493733	1673	160.0
1607405083.9	160000	38.469655	0.0	14528511	1146	160.0
1607405085.35	160000	38.020554	0.0	16841176	1289	160.0
1607405086.81	160000	37.5585	0.0	16743604	1300	160.0
1607405088.21	160000	37.1596	0.0	17975224	1226	160.0
1607405090.23	160000	36.143692	0.0	22329548	1821	160.0
1607405091.52	160000	35.854801	0.0	16001583	1129	160.0
1607405092.94	160000	35.43458	0.0	18238584	1246	160.0
1607405094.24	160000	35.133702	0.0	21308824	1107	160.0
1607405096.27	160000	34.109392	0.0	17749058	1858	160.0
1607405097.02	160000	34.356981	0.0	14127787	599	160.0
1607405097.62	160000	34.765888	0.0	17525699	423	160.0
1607405098.12	160000	35.261811	0.0	14240042	345	160.0
1607405098.75	160000	35.632065	0.0	20324139	443	160.0
1607405099.48	160000	35.896377	0.0	21993033	534	160.0
1607405100.17	160000	36.20962	0.0	18863108	507	160.0
1607405100.82	160000	36.568562	0.0	15964734	480	160.0
1607405101.17	160000	37.210814	0.0	8284939	225	160.0
1607405101.5	160000	37.880242	0.0	9004706	209	160.0
1607405101.78	160000	38.608843	0.0	6955279	161	160.0
1607405102.15	160000	39.235824	0.0	10701639	244	160.0
1607405102.47	160000	39.913998	0.0	9459459	198	160.0
1607405102.63	160000	40.753491	0.0	3212828	67	160.0
1607405102.77	160000	41.616301	0.0	2509989	52	160.0
1607405102.89	160000	42.497105	0.0	2004927	48	160.0
1607405102.96	160000	43.434529	0.0	591360	11	160.0
1607405103.05	160000	44.771135	0.0	2394426	50	160.0
1607405103.4	40000	1.000999	0.032	336477	8	-5.119999999999997
1607405103.96	160000	1.812034	0.0	14912671	314	40.0
1607405104.84	160000	1.925421	0.0	24265636	593	160.0
1607405105.93	160000	1.934703	0.0	22711544	875	160.0
1607405106.82	160000	2.075671	0.0	19639705	701	160.0
1607405107.57	160000	2.359553	0.0	20946809	557	160.0
1607405108.01	160000	2.973283	0.0	11895609	280	160.0
1607405108.28	160000	3.704538	0.0	7597636	148	160.0
1607405109.93	160000	3.053426	0.0	56067905	1106	160.0
1607405111.27	160000	2.709289	0.0	45444680	1040	160.0
1607405112.96	160000	2.020807	0.0	54798068	1310	160.0
1607405114.78	160000	1.345133	0.19	69464107	1267	129.6
1607405115.99	160000	1.360089	0.232	50637608	869	122.88
1607405116.55	160000	1.80107	0.0	19559369	376	160.0
1607405117.19	160000	2.166499	0.0	22224402	441	160.0
1607405117.84	160000	2.519457	0.0	22578365	452	160.0
1607405118.13	160000	3.231151	0.0	8346702	160	160.0
1607405118.48	160000	3.87389	0.0	15775481	198	160.0
1607405118.73	160000	4.633751	0.0	9163235	114	160.0
1607405119.57	160000	4.789006	0.0	41307095	554	160.0
1607405120.26	160000	5.100082	0.0	28763893	448	160.0
1607405120.89	160000	5.469462	0.0	21266416	442	160.0
1607405121.65	160000	5.709465	0.0	23702229	539	160.0
1607405122.94	160000	5.426819	0.0	27580394	1067	160.0
1607405124.61	160000	4.752291	0.0	20329780	1478	160.0
1607405125.88	160000	4.48652	0.0	16109183	1104	160.0
1607405128.72	80000	2.648415	0.0	34554431	2569	0.0
1607405131.19	60000	1.412497	0.235	29587565	2254	2.3999999999999986
1607405132.43	160000	1.398341	0.225	15251076	1085	24.0
1607405134.03	160000	1.374243	0.578	16574034	1452	67.52
