1610799972.13	60000	1.000999	0.034	336477	21	-10.880000000000003
1610799973.41	320000	1.283424	0.168	14912671	1085	6.240000000000009
1610799975.72	320000	1.350628	1.351	24265636	2104	-112.32
1610799977.75	320000	1.415594	1.122	22711544	1903	-39.04000000000002
1610799979.19	320000	1.311502	0.313	19639705	1330	219.84
1610799980.78	320000	1.308417	0.552	20946809	1455	143.36
1610799981.75	320000	1.360179	0.031	11895609	896	310.08
1610799982.37	320000	1.742505	0.0	7597636	566	320.0
1610799983.12	40000	1.995433	0.0	9295618	681	-240.0
1610799983.6	40000	2.510979	0.0	5971357	437	40.0
1610799984.26	40000	2.850204	0.0	7669174	610	40.0
1610799985.27	40000	2.849234	0.0	10578989	930	40.0
1610799986.01	40000	3.101871	0.0	9449433	680	40.0
1610799986.41	40000	3.706215	0.0	3829326	359	40.0
1610799986.86	40000	4.254219	0.0	4447520	416	40.0
1610799987.27	40000	4.853817	0.0	4548277	365	40.0
1610799988.42	320000	4.698799	0.0	13212243	1065	40.0
1610799990.91	320000	3.207351	0.0	29387773	2279	320.0
1610799992.22	320000	2.912213	0.0	17336677	1179	320.0
1610799993.2	40000	2.927246	0.0	11199212	900	-240.0
1610799994.12	40000	3.002772	0.0	8376884	866	40.0
1610799994.6	40000	3.521999	0.0	6254528	439	40.0
1610799995.17	40000	3.953127	0.0	7313446	519	40.0
1610799995.85	40000	4.274629	0.0	8054223	617	40.0
1610799996.35	40000	4.778089	0.0	5596063	455	40.0
1610799996.76	40000	5.373992	0.0	4316804	367	40.0
1610799998.29	40000	4.836058	0.0	18604040	1425	40.0
1610800000.01	40000	4.124359	0.0	20723782	1579	40.0
1610800000.33	40000	4.80193	0.0	3622285	292	40.0
1610800000.71	40000	5.42679	0.0	3854472	338	40.0
1610800001.02	40000	6.109523	0.0	3217701	279	40.0
1610800001.67	40000	6.466041	0.0	3212580	615	40.0
1610800002.29	40000	6.84293	0.0	2781171	595	40.0
1610800002.88	40000	7.256418	0.0	2867806	553	40.0
1610800003.43	40000	7.713392	0.0	3105896	511	40.0
1610800003.85	40000	8.290901	0.0	2659767	394	40.0
1610800004.4	40000	8.742636	0.0	3460653	517	40.0
1610800004.78	40000	9.357651	0.0	2382623	359	40.0
1610800005.14	40000	9.99703	0.0	2243677	336	40.0
1610800005.63	40000	10.517118	0.0	3408862	452	40.0
1610800006.3	40000	10.843121	0.0	5061692	628	40.0
1610800007.54	40000	10.600845	0.0	13308063	1158	40.0
1610800008.44	40000	10.70903	0.0	11857920	821	40.0
1610800009.54	320000	10.609021	0.0	16577177	990	40.0
1610800011.48	320000	9.668242	0.0	39814357	1649	320.0
1610800012.88	320000	9.272299	0.0	50277186	1062	320.0
1610800013.87	320000	9.281573	0.0	43375920	737	320.0
1610800014.85	320000	9.305985	0.0	39748690	740	320.0
1610800015.6	320000	9.547374	0.0	32725949	553	320.0
1610800015.93	320000	10.227291	0.0	15673611	228	320.0
1610800016.35	320000	10.805373	0.0	20850595	297	320.0
1610800016.66	320000	11.499561	0.0	16458609	208	320.0
1610800016.82	320000	12.331398	0.0	8700077	109	320.0
1610800016.99	320000	13.169478	0.0	8292135	104	320.0
1610800017.42	320000	13.740058	0.0	22212109	297	320.0
1610800018.02	320000	14.142975	0.0	27931458	426	320.0
1610800018.56	320000	14.601459	0.0	28076035	373	320.0
1610800019.18	320000	14.985607	0.0	34615012	410	320.0
1610800019.81	320000	15.356455	0.0	31574841	427	320.0
1610800020.39	320000	15.76929	0.0	28857310	394	320.0
1610800020.94	320000	16.219841	0.0	30799251	345	320.0
1610800021.48	320000	16.688454	0.0	29900862	330	320.0
1610800022.04	320000	17.161849	0.0	32431711	358	320.0
1610800022.63	320000	17.598577	0.0	32680833	376	320.0
1610800023.19	320000	18.039264	0.0	30468229	367	320.0
1610800023.72	320000	18.588743	0.0	31594806	324	320.0
1610800024.43	320000	18.877416	0.0	43158259	434	320.0
1610800025.44	320000	18.874946	0.0	53696400	671	320.0
1610800026.47	320000	18.840256	0.0	49804325	734	320.0
1610800027.61	320000	18.701206	0.0	56230532	807	320.0
1610800028.64	320000	18.676124	0.0	54033728	721	320.0
1610800029.46	320000	18.852934	0.0	40265492	587	320.0
1610800030.13	320000	19.188352	0.0	37527577	436	320.0
1610800030.87	320000	19.446894	0.0	38354537	511	320.0
1610800031.55	320000	19.767535	0.0	33905183	473	320.0
1610800032.29	320000	20.02639	0.0	37964644	501	320.0
1610800034.32	320000	18.998674	0.0	91609209	1171	320.0
1610800034.91	320000	19.416545	0.0	30861098	382	320.0
1610800035.87	320000	19.449891	0.0	53161890	673	320.0
1610800036.82	320000	19.511145	0.0	49661559	635	320.0
1610800037.33	320000	19.993938	0.0	27673254	350	320.0
1610800037.9	320000	20.425523	0.0	29061600	393	320.0
1610800038.47	320000	20.856761	0.0	29596558	401	320.0
1610800039.02	320000	21.31309	0.0	29264466	377	320.0
1610800039.59	320000	21.747133	0.0	29949400	392	320.0
1610800040.2	320000	22.134888	0.0	30225692	418	320.0
1610800040.68	320000	22.657294	0.0	27528494	318	320.0
1610800041.14	320000	23.195335	0.0	28959567	290	320.0
1610800041.61	320000	23.729758	0.0	27200869	286	320.0
1610800042.25	320000	24.083132	0.0	37091406	426	320.0
1610800042.83	320000	24.506363	0.0	32442772	391	320.0
1610800043.52	320000	24.874888	0.0	38733768	476	320.0
1610800044.19	320000	25.331527	0.0	43207501	417	320.0
1610800044.84	320000	25.81099	0.0	39867273	398	320.0
1610800045.55	320000	26.187109	0.0	44687216	461	320.0
1610800046.22	320000	26.592592	0.0	37222510	429	320.0
1610800046.86	320000	26.986608	0.0	37697615	418	320.0
1610800047.1	320000	27.744997	0.0	13943369	152	320.0
1610800047.68	320000	28.241555	0.0	33909675	345	320.0
1610800048.04	320000	28.885039	0.0	25608467	205	320.0
1610800048.35	320000	29.581186	0.0	21666875	173	320.0
1610800048.79	320000	30.142143	0.0	29164819	265	320.0
1610800049.94	320000	29.98888	0.0	75257111	746	320.0
1610800051.31	320000	29.620056	0.0	71035332	958	320.0
1610800051.88	320000	30.049113	0.0	27276036	411	320.0
1610800052.41	320000	30.538417	0.0	23233775	365	320.0
1610800052.8	320000	31.138241	0.0	21096285	259	320.0
1610800053.32	320000	31.743119	0.0	28685524	353	320.0
1610800054.11	320000	32.05202	0.0	43551422	520	320.0
1610800055.39	320000	31.772407	0.0	65057331	905	320.0
1610800056.14	320000	32.021251	0.0	41329817	514	320.0
1610800056.69	320000	32.478911	0.0	30837965	369	320.0
1610800057.24	320000	32.927412	0.0	33542198	368	320.0
1610800057.99	320000	33.174608	0.0	43188629	525	320.0
1610800058.7	320000	33.472589	0.0	38404993	485	320.0
1610800059.44	320000	33.730731	0.0	50554338	444	320.0
1610800060.44	320000	33.729692	0.0	52531967	717	320.0
1610800061.5	320000	33.67554	0.0	54618297	750	320.0
1610800062.43	320000	33.743598	0.0	54267260	639	320.0
1610800063.28	320000	33.891383	0.0	46984925	593	320.0
1610800064.22	320000	33.951371	0.0	52441959	650	320.0
1610800065.25	320000	33.92094	0.0	56222410	717	320.0
1610800065.89	320000	34.283469	0.0	37045146	433	320.0
1610800066.42	320000	34.753945	0.0	31316241	328	320.0
1610800067.28	320000	34.897122	0.0	54539886	558	320.0
1610800068.16	320000	35.015584	0.0	54290338	578	320.0
1610800068.99	320000	35.190082	0.0	50306079	531	320.0
1610800069.61	320000	35.572157	0.0	39311524	398	320.0
1610800070.28	320000	35.898931	0.0	45141551	420	320.0
1610800070.94	320000	36.239337	0.0	38678341	420	320.0
1610800071.89	320000	36.363621	0.0	48869677	666	320.0
1610800072.79	320000	36.56132	0.0	48742469	613	320.0
1610800073.31	320000	37.035077	0.0	31052651	340	320.0
1610800073.95	320000	37.400217	0.0	35159774	401	320.0
1610800074.55	320000	37.798442	0.0	34685385	416	320.0
1610800075.08	320000	38.269124	0.0	36845249	325	320.0
1610800075.73	320000	38.616148	0.0	44043502	389	320.0
1610800076.26	320000	39.091532	0.0	28911363	364	320.0
1610800076.85	320000	39.504292	0.0	31997411	400	320.0
1610800077.52	320000	39.83109	0.0	37860562	464	320.0
1610800078.1	320000	40.254041	0.0	34218681	391	320.0
1610800078.61	320000	40.743172	0.0	30315897	339	320.0
1610800079.23	320000	41.149857	0.0	38074030	395	320.0
1610800079.75	320000	41.8557	0.0	31856580	330	320.0
1610800080.52	320000	42.093528	0.0	40986530	528	320.0
1610800081.44	320000	42.171348	0.0	43161948	650	320.0
1610800082.16	320000	42.449793	0.0	39216469	493	320.0
1610800082.76	320000	42.856074	0.0	32708889	382	320.0
1610800083.08	320000	43.532595	0.0	16257756	217	320.0
1610800083.4	320000	44.216592	0.0	16440860	213	320.0
1610800083.64	320000	44.975734	0.0	12523766	162	320.0
1610800084.04	320000	45.573428	0.0	22159647	263	320.0
1610800084.36	320000	46.253172	0.0	17516376	209	320.0
1610800084.47	320000	47.14936	0.0	5119060	61	320.0
1610800084.55	320000	48.070359	0.0	3788776	45	320.0
1610800084.62	320000	49.004077	0.0	3041389	37	320.0
1610800084.64	320000	49.980574	0.0	640071	6	320.0
1610800084.7	320000	50.920127	0.0	3111318	31	320.0
1610800085.09	60000	1.000999	0.085	377897	4	-27.200000000000003
1610800085.41	320000	2.001999	0.0	14912671	153	60.0
1610800085.87	320000	2.623751	0.0	24265636	262	320.0
1610800086.31	320000	3.189589	0.0	22711544	294	320.0
1610800086.68	320000	3.819453	0.0	19639705	253	320.0
1610800087.14	320000	4.488027	0.0	20946809	310	320.0
1610800087.39	320000	5.238093	0.0	11895609	175	320.0
1610800087.55	320000	6.075633	0.0	7597636	112	320.0
1610800088.8	320000	5.958511	0.0	56067905	696	320.0
1610800089.54	320000	6.240949	0.0	46062054	475	320.0
1610800090.7	320000	6.127822	0.0	60496562	804	320.0
1610800092.36	320000	5.455196	0.0	90475604	973	320.0
1610800094.01	320000	4.803095	0.0	94557637	1128	320.0
1610800094.88	320000	4.935748	0.0	48403531	592	320.0
1610800096.11	320000	4.704587	0.0	63326685	872	320.0
1610800097.53	320000	4.430702	0.0	66782145	1007	320.0
1610800097.89	320000	5.135036	0.0	13212243	268	320.0
1610800098.62	320000	5.631375	0.0	29387773	539	320.0
1610800099.02	320000	6.28656	0.0	17336677	286	320.0
1610800102.31	320000	4.2187	0.0	126296507	2285	320.0
1610800104.98	320000	2.549324	0.0	96707447	2109	320.0
1610800125.21	320000	1.312015	17.453	72904162	19823	-5264.96
1610800128.29	320000	1.285963	2.06	66993756	2755	-339.20000000000005
1610800128.56	40000	2.021244	0.0	8054223	198	-240.0
1610800130.1	320000	1.478808	0.0	70549633	1139	40.0
1610800131.2	320000	1.395502	0.0	50094571	801	320.0
1610800133.12	320000	1.118248	0.652	124391138	1310	111.36000000000001
