1610828868.38	60000	1.000999	0.02	336477	8	-6.399999999999999
1610828868.91	40000	1.842836	0.0	14648397	364	20.0
1610828871.33	80000	1.317127	0.865	22644885	2264	-236.8
1610828871.57	80000	2.082854	0.0	17135714	131	80.0
1610828871.76	80000	2.914501	0.0	13114792	103	80.0
1610828871.92	80000	3.750835	0.0	11497228	88	80.0
1610828872.03	80000	4.650054	0.0	6232523	56	80.0
1610828872.11	80000	5.565668	0.0	5425476	42	80.0
1610828873.06	320000	5.685961	0.0	56067905	400	80.0
1610828873.64	320000	6.137634	0.0	46062054	307	320.0
1610828874.46	320000	6.346094	0.0	60496562	397	320.0
1610828875.74	320000	6.069928	0.0	90475604	523	320.0
1610828876.83	320000	5.980606	0.0	94557637	540	320.0
1610828877.41	320000	6.402184	0.0	48403531	293	320.0
1610828878.24	320000	6.57302	0.0	63326685	451	320.0
1610828879.1	320000	6.708297	0.0	66782145	438	320.0
1610828879.27	320000	7.543024	0.0	13212243	86	320.0
1610828879.65	320000	8.157978	0.0	29387773	218	320.0
1610828879.89	320000	8.922784	0.0	17336677	129	320.0
1610828881.88	320000	8.148378	0.0	126296507	1102	320.0
1610828883.15	320000	8.214688	0.0	96707447	708	320.0
1610828884.05	320000	8.318327	0.0	72904162	465	320.0
1610828884.92	320000	8.452374	0.0	66993756	465	320.0
1610828886.21	320000	8.231112	0.0	92389329	734	320.0
1610828887.15	320000	8.289604	0.0	70549633	519	320.0
1610828887.78	320000	8.666807	0.0	50094571	340	320.0
1610828889.6	320000	7.849362	0.0	124391138	1098	320.0
1610828894.15	320000	4.986022	0.0	139539685	3521	320.0
1610828899.3	320000	1.904959	0.0	44512381	4840	320.0
1610828900.15	110000	2.282821	0.0	10921784	745	-100.0
1610828900.45	110000	3.114694	0.0	8768798	230	110.0
1610828900.62	110000	3.992076	0.0	8740660	104	110.0
1610828900.77	110000	4.840551	0.0	7610374	91	110.0
1610828900.89	80000	5.808169	0.0	5739662	67	50.0
1610828901.12	160000	6.581878	0.0	12428518	146	80.0
1610828901.51	320000	7.273541	0.0	23618590	243	160.0
1610828901.85	320000	7.951015	0.0	27475995	180	320.0
1610828902.2	320000	8.603763	0.0	26460007	173	320.0
1610828902.53	320000	9.277337	0.0	26763657	177	320.0
1610828902.93	320000	9.874876	0.0	33826873	215	320.0
1610828903.43	320000	10.38067	0.0	41214174	265	320.0
1610828904.63	320000	10.176194	0.0	83204731	713	320.0
1610828905.65	320000	10.15844	0.0	75539257	593	320.0
1610828905.87	320000	10.936229	0.0	16577177	113	320.0
1610828906.37	320000	11.440034	0.0	39814357	270	320.0
1610828906.95	320000	11.86254	0.0	50277186	299	320.0
1610828907.44	320000	12.373667	0.0	43375920	257	320.0
1610828908.05	320000	12.768047	0.0	39748690	358	320.0
1610828908.53	320000	13.287885	0.0	32725949	295	320.0
1610828908.78	320000	14.036332	0.0	15673611	160	320.0
1610828909.12	320000	14.695927	0.0	20850595	213	320.0
1610828909.39	320000	15.42935	0.0	16458609	168	320.0
1610828909.52	320000	16.301368	0.0	8700077	74	320.0
1610828909.65	320000	17.166163	0.0	8292135	71	320.0
1610828909.98	320000	17.84552	0.0	22212109	189	320.0
1610828910.38	320000	18.447172	0.0	27931458	237	320.0
1610828910.77	320000	19.050392	0.0	28076035	236	320.0
1610828911.28	320000	19.549074	0.0	34615012	292	320.0
1610828911.75	320000	20.079957	0.0	31574841	282	320.0
1610828912.18	320000	20.64426	0.0	28857310	268	320.0
1610828912.66	320000	21.170328	0.0	30799251	289	320.0
1610828913.12	320000	21.705585	0.0	29900862	289	320.0
1610828913.95	320000	21.908108	0.0	32431711	637	320.0
1610828916.33	320000	20.598878	0.0	32680833	2200	320.0
1610828916.63	160000	21.304397	0.0	13843717	210	0.0
1610828916.87	160000	22.062426	0.0	14665119	159	160.0
1610828917.24	160000	22.696274	0.0	21079187	224	160.0
1610828917.63	160000	23.310465	0.0	25480074	241	160.0
1610828917.84	110000	24.097373	0.0	15365006	108	60.0
1610828918.54	320000	24.393821	0.0	56230532	399	110.0
1610828919.24	320000	24.763494	0.0	54033728	397	320.0
1610828919.83	320000	25.200655	0.0	40265492	346	320.0
1610828920.47	320000	25.596316	0.0	37527577	430	320.0
1610828921.13	320000	25.937822	0.0	38354537	439	320.0
1610828921.7	320000	26.362902	0.0	33905183	387	320.0
1610828922.36	320000	26.711809	0.0	37964644	426	320.0
1610828923.84	320000	26.228563	0.0	91609209	981	320.0
1610828924.36	320000	26.709095	0.0	30861098	339	320.0
1610828925.29	320000	26.779707	0.0	53161890	640	320.0
1610828926.05	320000	27.018925	0.0	49661559	482	320.0
1610828926.45	320000	27.622132	0.0	27673254	239	320.0
1610828926.9	320000	28.178124	0.0	29061600	285	320.0
1610828927.36	320000	28.714139	0.0	29596558	293	320.0
1610828927.81	320000	29.266704	0.0	29264466	271	320.0
1610828928.24	320000	29.832309	0.0	29949400	263	320.0
1610828928.69	320000	30.389559	0.0	30225692	273	320.0
1610828929.18	320000	30.901234	0.0	27528494	333	320.0
1610828929.71	320000	31.368129	0.0	28959567	351	320.0
1610828930.19	320000	31.887525	0.0	27200869	324	320.0
1610828930.82	320000	32.262565	0.0	37091406	419	320.0
1610828931.33	320000	32.756773	0.0	32442772	322	320.0
1610828931.92	320000	33.162461	0.0	38733768	370	320.0
1610828932.56	320000	33.525474	0.0	43207501	399	320.0
1610828933.23	320000	33.852225	0.0	39867273	444	320.0
1610828933.99	320000	34.100205	0.0	44687216	496	320.0
1610828934.61	320000	34.477979	0.0	37222510	415	320.0
1610828935.24	320000	34.849161	0.0	37697615	416	320.0
1610828935.48	320000	35.605544	0.0	13943369	157	320.0
1610828936.06	320000	36.026116	0.0	33909675	370	320.0
1610828936.49	320000	36.600934	0.0	25608467	280	320.0
1610828936.85	320000	37.245111	0.0	21666875	232	320.0
1610828937.33	320000	37.767196	0.0	29164819	312	320.0
1610828938.52	320000	37.571557	0.0	75257111	791	320.0
1610828939.63	320000	37.467879	0.0	71035332	727	320.0
1610828940.09	320000	38.002107	0.0	27276036	292	320.0
1610828940.48	320000	38.617314	0.0	23233775	250	320.0
1610828940.94	320000	39.156835	0.0	21096285	334	320.0
1610828941.63	320000	39.474288	0.0	28685524	514	320.0
1610828943.89	320000	38.308962	0.0	43551422	2007	320.0
1610828945.62	160000	37.631603	0.0	37521367	1511	0.0
1610828947.48	160000	36.768586	0.0	22241104	1715	160.0
1610828948.13	160000	37.123796	0.0	15813346	548	160.0
1610828948.73	160000	37.527976	0.0	17116450	492	160.0
1610828949.0	110000	38.270096	0.0	12122131	173	60.0
1610828949.23	110000	39.025954	0.0	10969714	158	110.0
1610828949.58	110000	39.789597	0.0	16960361	236	110.0
1610828950.03	160000	40.489408	0.0	25782433	286	110.0
1610828950.95	320000	40.56879	0.0	54618297	579	160.0
1610828954.13	320000	38.390079	0.0	54267260	2880	320.0
1610828955.87	160000	37.654758	0.0	23865378	1590	0.0
1610828956.37	160000	38.153452	0.0	25470681	338	160.0
1610828956.87	160000	38.656211	0.0	27258768	338	160.0
1610828957.14	160000	39.390457	0.0	17853711	157	160.0
1610828957.29	110000	40.236897	0.0	9918331	88	60.0
1610828957.7	160000	40.827556	0.0	27779697	246	110.0
1610828958.49	320000	41.04495	0.0	54290338	461	160.0
1610828959.19	320000	41.338876	0.0	50306079	401	320.0
1610828959.71	320000	41.823401	0.0	39311524	299	320.0
1610828960.36	320000	42.174693	0.0	45141551	398	320.0
1610828960.93	320000	42.60184	0.0	38678341	344	320.0
1610828961.68	320000	42.857678	0.0	48869677	470	320.0
1610828962.55	320000	42.986795	0.0	48742469	598	320.0
1610828963.13	320000	43.403921	0.0	31052651	389	320.0
1610828963.8	320000	43.737727	0.0	35159774	452	320.0
1610828964.29	320000	44.249146	0.0	34685385	289	320.0
1610828964.83	320000	44.710571	0.0	36845249	309	320.0
1610828965.56	320000	44.981921	0.0	44043502	483	320.0
1610828966.03	320000	45.511452	0.0	28911363	296	320.0
1610828966.55	320000	45.994713	0.0	31997411	309	320.0
1610828967.19	320000	46.355785	0.0	37860562	415	320.0
1610828967.8	320000	46.768453	0.0	34218681	415	320.0
1610828968.47	320000	47.189192	0.0	30315897	477	320.0
1610828969.13	320000	47.580572	0.0	38074030	446	320.0
1610828969.58	320000	48.128534	0.0	31856580	271	320.0
1610828970.15	320000	48.568255	0.0	40986530	327	320.0
1610828970.71	320000	49.000746	0.0	43161948	322	320.0
1610828971.22	320000	49.495863	0.0	39216469	291	320.0
1610828971.66	320000	50.057046	0.0	32708889	242	320.0
1610828971.88	320000	50.835416	0.0	16257756	116	320.0
1610828972.1	320000	51.613881	0.0	16440860	97	320.0
1610828972.26	320000	52.454792	0.0	12523766	77	320.0
1610828972.53	320000	53.188499	0.0	22159647	140	320.0
1610828972.75	320000	53.968487	0.0	17516376	110	320.0
1610828972.82	320000	54.897572	0.0	5119060	32	320.0
1610828972.88	320000	55.842659	0.0	3788776	25	320.0
1610828972.93	320000	56.790378	0.0	3041389	20	320.0
1610828972.95	320000	57.770142	0.0	640071	2	320.0
1610828972.99	160000	58.733258	0.0	2029416	13	0.0
1610828973.34	60000	1.000999	0.061	337243	2	-19.519999999999996
1610828973.7	40000	2.001999	0.0	14648397	94	20.0
1610828973.97	40000	2.877943	0.0	17616813	120	40.0
1610828974.21	80000	3.638756	0.0	17135714	127	40.0
1610828974.45	110000	4.401589	0.0	17473873	128	80.0
1610828974.67	110000	5.174293	0.0	17432386	121	110.0
1610828974.84	320000	6.00559	0.0	11895609	90	110.0
1610828974.95	320000	6.900096	0.0	7597636	53	320.0
1610828975.89	320000	7.027783	0.0	56067905	396	320.0
1610828976.53	320000	7.436035	0.0	46062054	379	320.0
1610828977.45	320000	7.573996	0.0	60496562	455	320.0
1610828978.91	320000	7.146684	0.0	90475604	696	320.0
1610828980.32	320000	6.750443	0.0	94557637	864	320.0
1610828981.03	320000	7.025541	0.0	48403531	429	320.0
1610828982.04	320000	7.01782	0.0	63326685	653	320.0
1610828983.17	320000	6.895167	0.0	66782145	724	320.0
1610828983.39	320000	7.668417	0.0	13212243	148	320.0
1610828983.9	320000	8.158596	0.0	29387773	332	320.0
1610828984.38	320000	8.685268	0.0	17336677	367	320.0
1610828987.17	320000	7.393188	0.0	126296507	1851	320.0
1610828988.83	320000	6.833104	0.0	96707447	1073	320.0
1610828990.04	320000	6.660082	0.0	72904162	775	320.0
1610828991.05	320000	6.712464	0.0	66993756	604	320.0
1610828992.27	320000	6.504461	0.0	92389329	653	320.0
1610828993.45	320000	6.316899	0.0	70549633	764	320.0
1610828994.35	320000	6.648074	0.0	50094571	572	320.0
1610828997.62	320000	4.781948	0.0	124391138	2530	320.0
1610829000.06	320000	3.702801	0.0	139539685	1425	320.0
1610829001.03	320000	3.715259	0.0	44512381	671	320.0
