1610836324.67	60000	1.000999	0.149	336477	110	-47.68
1610836325.39	60000	1.730698	0.0	14898753	459	60.0
1610836325.97	40000	2.167382	0.0	17616813	354	20.0
1610836326.29	40000	2.845196	0.0	8581118	169	40.0
1610836326.51	40000	3.628533	0.0	4726840	88	40.0
1610836326.8	60000	4.365628	0.0	7325507	136	40.0
1610836327.26	320000	4.935325	0.0	11895609	241	60.0
1610836327.54	320000	5.66	0.0	7597636	128	320.0
1610836329.05	320000	5.169404	0.0	56067905	897	320.0
1610836330.08	320000	5.143532	0.0	46062054	677	320.0
1610836331.58	320000	4.645608	0.0	60496562	975	320.0
1610836333.62	320000	3.610437	0.0	90475604	1201	320.0
1610836335.5	320000	2.72761	0.0	94557637	1221	320.0
1610836336.51	320000	2.792841	0.0	48403531	610	320.0
1610836337.73	320000	2.880715	0.0	63326685	736	320.0
1610836338.99	320000	2.823045	0.0	66782145	727	320.0
1610836339.33	320000	3.478972	0.0	13212243	160	320.0
1610836339.95	320000	3.85991	0.0	29387773	352	320.0
1610836340.36	320000	4.448519	0.0	17336677	215	320.0
1610836343.81	320000	2.131007	0.0	126296507	2472	320.0
1610836346.07	320000	1.390741	0.262	96707447	1552	236.16
1610836347.73	320000	1.409119	0.533	72904162	1150	149.44
1610836349.18	320000	1.423523	0.478	66993756	981	167.04
1610836349.9	160000	1.694823	0.0	27580394	418	0.0
1610836350.41	160000	2.185157	0.0	20329780	297	160.0
1610836351.53	320000	2.068067	0.0	50094571	714	160.0
1610836354.22	320000	1.365374	0.986	124391138	1993	4.480000000000018
1610836357.13	320000	1.390011	1.9	139539685	1971	-288.0
1610836358.24	320000	1.651201	0.0	44512381	697	320.0
1610836360.49	320000	1.250416	0.33	46257154	1914	214.4
1610836362.42	320000	1.381196	0.883	34846600	1665	37.44
1610836363.82	320000	1.318482	0.313	33828007	1146	219.84
1610836364.35	160000	1.784458	0.0	11137898	367	0.0
1610836364.88	160000	2.254529	0.0	11485310	365	160.0
1610836365.45	160000	2.692605	0.0	12428518	393	160.0
1610836365.91	160000	3.22954	0.0	9963766	310	160.0
1610836367.04	320000	3.10195	0.0	27475995	878	160.0
1610836368.31	320000	2.834333	0.0	26460007	1031	320.0
1610836372.28	320000	1.388577	1.527	26763657	3753	-168.64
1610836372.75	40000	1.923359	0.0	3408862	336	-240.0
1610836373.36	40000	2.309593	0.0	5061692	483	40.0
1610836374.71	40000	1.96106	0.0	13308063	1174	40.0
1610836375.82	40000	1.858857	0.0	11857920	935	40.0
1610836376.1	40000	2.579624	0.0	2182595	164	40.0
1610836376.7	40000	2.976156	0.0	6334422	465	40.0
1610836377.46	60000	3.221948	0.0	8531701	604	40.0
1610836378.01	60000	3.671343	0.0	6264914	413	60.0
1610836379.31	160000	3.369805	0.0	17000816	1099	60.0
1610836380.37	160000	3.312194	0.0	14448126	879	160.0
1610836381.46	320000	3.220097	0.0	15673611	906	160.0
1610836382.82	320000	2.85761	0.0	20850595	1142	320.0
1610836383.86	320000	2.81817	0.0	16458609	848	320.0
1610836384.43	320000	3.256874	0.0	8700077	417	320.0
1610836384.94	320000	3.747716	0.0	8292135	364	320.0
1610836386.04	320000	3.650863	0.0	22212109	879	320.0
1610836387.19	320000	3.501913	0.0	27931458	910	320.0
1610836388.24	320000	3.447828	0.0	28076035	781	320.0
1610836389.37	320000	3.326979	0.0	34615012	826	320.0
1610836390.29	320000	3.39583	0.0	31574841	656	320.0
1610836391.1	320000	3.586892	0.0	28857310	534	320.0
1610836391.92	320000	3.777435	0.0	30799251	536	320.0
1610836392.75	320000	3.941739	0.0	29900862	549	320.0
1610836395.03	320000	2.664044	0.0	32431711	2001	320.0
1610836395.67	160000	3.028633	0.0	14248439	440	0.0
1610836396.24	160000	3.459584	0.0	13843717	393	160.0
1610836396.68	110000	4.012663	0.0	9417807	257	60.0
1610836397.27	110000	4.431809	0.0	14377779	400	110.0
1610836397.94	110000	4.755398	0.0	17340552	475	110.0
1610836399.71	320000	3.988247	0.0	49804325	1365	110.0
1610836401.66	320000	3.039162	0.0	56230532	1541	320.0
1610836403.53	320000	2.246182	0.0	54033728	1474	320.0
1610836406.77	320000	1.422158	1.162	40265492	2942	-51.839999999999975
1610836407.78	110000	1.440808	0.027	10916331	841	-108.64
1610836408.36	60000	1.856148	0.0	6422673	442	10.0
1610836408.76	40000	2.45903	0.0	4165439	267	20.0
1610836409.11	40000	3.107426	0.0	5066445	217	40.0
1610836410.08	40000	3.138932	0.0	18183186	766	40.0
1610836410.6	80000	3.616366	0.0	8652970	338	40.0
1610836411.28	80000	3.945925	0.0	12877164	503	80.0
1610836412.12	110000	4.109945	0.0	16439864	639	80.0
1610836413.43	320000	3.796511	0.0	27673254	1054	110.0
1610836414.81	320000	3.419651	0.0	29061600	1103	320.0
1610836416.18	320000	3.051871	0.0	29596558	1103	320.0
1610836417.48	320000	2.747163	0.0	29264466	1043	320.0
1610836418.77	320000	2.459226	0.0	29949400	1024	320.0
1610836420.04	320000	2.185566	0.0	30225692	1011	320.0
1610836421.21	320000	2.022322	0.0	27528494	888	320.0
1610836422.38	320000	1.850552	0.0	28959567	912	320.0
1610836423.46	320000	1.772792	0.0	27200869	835	320.0
1610836424.86	320000	1.369374	0.0	37091406	1109	320.0
1610836426.05	320000	1.378633	0.198	32442772	930	256.64
1610836427.35	320000	1.311741	0.225	38733768	1000	248.0
1610836428.64	320000	1.267484	0.252	43207501	998	239.36
1610836429.79	320000	1.238696	0.095	39867273	820	289.6
1610836431.0	320000	1.299514	0.251	44687216	855	239.68
1610836431.7	320000	1.60262	0.0	37222510	391	320.0
1610836432.39	320000	2.013896	0.0	37697615	378	320.0
1610836432.7	320000	2.723879	0.0	13943369	142	320.0
1610836433.31	320000	3.119601	0.0	33909675	323	320.0
1610836433.8	320000	3.625869	0.0	25608467	250	320.0
1610836434.22	320000	4.204542	0.0	21666875	202	320.0
1610836434.73	320000	4.696114	0.0	29164819	256	320.0
1610836435.97	320000	4.46832	0.0	75257111	726	320.0
1610836437.27	320000	4.166672	0.0	71035332	776	320.0
1610836437.82	320000	4.609563	0.0	27276036	297	320.0
1610836438.29	320000	5.145456	0.0	23233775	234	320.0
1610836438.71	320000	5.724756	0.0	21096285	204	320.0
1610836439.28	320000	6.225079	0.0	28685524	297	320.0
1610836440.08	320000	6.62076	0.0	43551422	460	320.0
1610836441.16	320000	6.545603	0.0	65057331	609	320.0
1610836441.99	320000	6.713935	0.0	41329817	501	320.0
1610836442.65	320000	7.054305	0.0	30837965	381	320.0
1610836443.65	320000	7.055869	0.0	33542198	722	320.0
1610836457.84	320000	1.341384	7.299	43188629	13873	-2015.6799999999998
1610836458.77	40000	1.446727	0.036	3334508	783	-251.52
1610836460.01	40000	1.484142	0.283	5889797	1113	-50.56
1610836461.15	40000	1.34453	0.0	6433588	1003	40.0
1610836462.05	40000	1.449072	0.0	5638739	763	40.0
1610836462.92	40000	1.576368	0.0	6062060	737	40.0
1610836463.72	40000	1.786099	0.0	5850985	655	40.0
1610836464.48	40000	2.022039	0.0	6118487	630	40.0
1610836465.27	40000	2.228574	0.0	6683536	654	40.0
1610836465.75	40000	2.749074	0.0	4036556	354	40.0
1610836466.3	60000	3.203271	0.0	5207162	407	40.0
1610836467.12	60000	3.390136	0.0	9939880	655	60.0
1610836467.82	60000	3.684267	0.0	10038030	549	60.0
1610836468.61	80000	3.899796	0.0	13106871	608	60.0
1610836469.31	110000	4.194714	0.0	13308895	528	80.0
1610836470.35	160000	4.157145	0.0	23774167	800	110.0
1610836471.12	160000	4.388255	0.0	19373656	561	160.0
1610836471.97	160000	4.540265	0.0	23977420	603	160.0
1610836473.37	320000	4.141416	0.0	48742469	1047	160.0
1610836474.22	320000	4.29545	0.0	31052651	560	320.0
1610836475.08	320000	4.439324	0.0	35159774	565	320.0
1610836475.87	320000	4.642648	0.0	34685385	508	320.0
1610836476.68	320000	4.837883	0.0	36845249	500	320.0
1610836477.6	320000	4.914626	0.0	44043502	567	320.0
1610836478.23	320000	5.291277	0.0	28911363	358	320.0
1610836478.86	320000	5.663625	0.0	31997411	349	320.0
1610836479.56	320000	5.966029	0.0	37860562	389	320.0
1610836480.22	320000	6.30505	0.0	34218681	347	320.0
1610836480.78	320000	6.743934	0.0	30315897	296	320.0
1610836481.52	320000	7.0065	0.0	38074030	429	320.0
1610836482.29	320000	7.238703	0.0	31856580	487	320.0
1610836483.34	320000	7.190122	0.0	40986530	690	320.0
1610836490.04	320000	1.485667	0.0	43161948	6362	320.0
1610836490.52	40000	2.024261	0.0	4026891	333	-240.0
1610836490.95	40000	2.619952	0.0	3588599	298	40.0
1610836491.19	40000	3.378926	0.0	1551058	128	40.0
1610836491.44	40000	4.123977	0.0	1792688	138	40.0
1610836491.67	40000	4.895525	0.0	1471940	112	40.0
1610836493.46	320000	4.107593	0.0	22159647	1560	40.0
1610836495.04	320000	3.535134	0.0	17516376	1363	320.0
1610836495.58	320000	3.989293	0.0	5119060	416	320.0
1610836496.0	320000	4.567871	0.0	3788776	305	320.0
1610836496.35	320000	5.227967	0.0	3041389	241	320.0
1610836496.47	320000	6.101651	0.0	640071	49	320.0
1610836496.8	320000	6.779899	0.0	3111318	241	320.0
1610836497.39	60000	1.000999	0.068	377897	27	-21.760000000000005
1610836498.27	320000	1.410779	0.0	14912671	603	60.0
1610836499.52	320000	1.443918	0.262	24265636	968	236.16
1610836500.65	320000	1.389163	0.029	22711544	873	310.72
1610836501.6	320000	1.469195	0.0	19639705	735	320.0
1610836502.56	320000	1.556176	0.0	20946809	744	320.0
1610836503.15	320000	1.974518	0.0	11895609	414	320.0
1610836503.54	320000	2.580487	0.0	7597636	252	320.0
