1607464032.59	40000	1.000999	0.014	334476	2	-2.240000000000002
1607464032.86	160000	2.001999	0.0	14912671	103	40.0
1607464033.23	160000	2.754373	0.0	24265636	153	160.0
1607464033.52	160000	3.468147	0.0	22711544	139	160.0
1607464033.76	160000	4.224215	0.0	19639705	125	160.0
1607464034.03	160000	4.958903	0.0	20946809	133	160.0
1607464034.18	160000	5.810782	0.0	11895609	75	160.0
1607464034.27	160000	6.714973	0.0	7597636	48	160.0
1607464035.11	160000	6.956148	0.0	56067905	355	160.0
1607464035.63	160000	7.442625	0.0	45444680	270	160.0
1607464036.25	160000	7.873586	0.0	54798068	309	160.0
1607464037.13	160000	8.024553	0.0	69464107	389	160.0
1607464037.66	160000	8.532917	0.0	50637608	251	160.0
1607464037.89	160000	9.306902	0.0	19559369	113	160.0
1607464038.15	160000	10.046058	0.0	22224402	129	160.0
1607464038.41	160000	10.785915	0.0	22578365	130	160.0
1607464038.51	160000	11.68659	0.0	8346702	48	160.0
1607464038.7	160000	12.49966	0.0	15775481	91	160.0
1607464038.81	160000	13.397089	0.0	9163235	45	160.0
1607464039.24	160000	13.967075	0.0	41307095	202	160.0
1607464039.56	160000	14.647369	0.0	28763893	141	160.0
1607464039.79	160000	15.417368	0.0	21266416	108	160.0
1607464040.07	160000	16.136167	0.0	23702229	133	160.0
1607464040.39	160000	16.818573	0.0	27580394	157	160.0
1607464040.63	160000	17.575914	0.0	20329780	115	160.0
1607464040.81	160000	18.402131	0.0	16109183	82	160.0
1607464041.44	160000	18.767451	0.0	58830800	293	160.0
1607464042.15	160000	19.066965	0.0	66935122	335	160.0
1607464042.31	160000	19.89826	0.0	15251076	76	160.0
1607464042.5	160000	20.712123	0.0	16574034	83	160.0
1607464042.64	160000	21.570839	0.0	13009028	66	160.0
1607464042.78	160000	22.435006	0.0	12791674	63	160.0
1607464042.91	160000	23.305826	0.0	11137898	64	160.0
1607464043.04	160000	24.179832	0.0	11485310	54	160.0
1607464043.17	160000	25.046073	0.0	12428518	61	160.0
1607464043.28	160000	25.936921	0.0	9963766	49	160.0
1607464043.42	160000	26.804138	0.0	12189364	60	160.0
1607464043.53	160000	27.69376	0.0	10142396	50	160.0
1607464043.64	160000	28.579461	0.0	10185488	51	160.0
1607464043.8	160000	29.421322	0.0	14061455	71	160.0
1607464044.02	160000	30.200971	0.0	20074099	102	160.0
1607464044.52	160000	30.702153	0.0	46115254	234	160.0
1607464044.99	160000	31.309522	0.0	40906522	203	160.0
1607464045.08	160000	32.21988	0.0	7891151	37	160.0
1607464045.31	160000	33.014189	0.0	21012466	100	160.0
1607464045.56	160000	33.760976	0.0	23519424	110	160.0
1607464045.77	160000	34.559509	0.0	18715420	89	160.0
1607464045.95	160000	35.37498	0.0	17000816	83	160.0
1607464046.11	160000	36.219074	0.0	14448126	72	160.0
1607464046.19	160000	37.135327	0.0	6958676	34	160.0
1607464046.29	160000	38.036432	0.0	9088791	45	160.0
1607464046.38	160000	38.95532	0.0	7211881	35	160.0
1607464046.42	160000	39.914522	0.0	3063586	14	160.0
1607464046.45	160000	40.87798	0.0	2782179	14	160.0
1607464046.56	160000	41.769274	0.0	9958410	49	160.0
1607464046.7	160000	42.636707	0.0	12158708	58	160.0
1607464046.83	160000	43.505238	0.0	12300216	59	160.0
1607464047.0	160000	44.334428	0.0	15815684	76	160.0
1607464047.15	160000	45.190802	0.0	13526256	66	160.0
1607464047.28	160000	46.062294	0.0	11995130	58	160.0
1607464047.42	160000	46.924359	0.0	13394791	64	160.0
1607464047.57	160000	47.77384	0.0	14135828	68	160.0
1607464047.73	160000	48.611885	0.0	15366126	78	160.0
1607464047.88	160000	49.464657	0.0	14248439	67	160.0
1607464048.02	160000	50.319068	0.0	13843717	67	160.0
1607464048.18	160000	51.160603	0.0	14665119	70	160.0
1607464048.41	160000	51.937417	0.0	21079187	100	160.0
1607464048.68	160000	52.671109	0.0	25480074	120	160.0
1607464048.93	160000	53.415714	0.0	23021754	117	160.0
1607464049.23	160000	54.122591	0.0	27527834	140	160.0
1607464049.52	160000	54.833638	0.0	26155848	130	160.0
1607464049.71	160000	55.638348	0.0	17849379	91	160.0
1607464049.89	160000	56.464896	0.0	16546531	76	160.0
1607464050.09	160000	57.26625	0.0	17718949	88	160.0
1607464050.27	160000	58.080122	0.0	17337137	80	160.0
1607464050.49	160000	58.866439	0.0	20008245	92	160.0
1607464051.1	160000	59.260131	0.0	58430914	276	160.0
1607464051.78	160000	59.58028	0.0	16292703	75	160.0
1607464052.54	160000	59.831277	0.0	25587422	120	160.0
1607464053.81	160000	59.582265	0.0	23982306	119	160.0
1607464054.97	160000	59.583279	0.0	13347845	80	160.0
1607464055.66	160000	59.834269	0.0	14337991	111	160.0
1607464056.85	160000	59.585282	0.0	14584990	106	160.0
1607464058.02	160000	59.586256	0.0	13962401	81	160.0
1607464058.69	160000	59.837272	0.0	14393788	94	160.0
1607464059.87	160000	59.588275	0.0	14649457	97	160.0
1607464060.54	160000	59.839264	0.0	13409715	86	160.0
1607464061.72	160000	59.840261	0.0	13909605	88	160.0
1607464062.9	160000	59.591276	0.0	13301968	106	160.0
1607464063.64	160000	59.842273	0.0	19025846	122	160.0
1607464064.87	160000	59.593279	0.0	19295426	119	160.0
1607464065.65	160000	59.719058	0.0	18261873	669	160.0
1607464066.75	80000	59.84526	0.0	9413866	526	0.0
1607464067.98	110000	59.396114	0.0	12490444	1148	80.0
1607464069.31	160000	59.064506	0.0	22420858	1201	110.0
1607464070.0	110000	59.374766	0.0	13365138	610	60.0
1607464071.12	160000	59.254436	0.0	20392234	1001	110.0
1607464071.8	160000	59.600275	0.0	7671072	123	160.0
1607464072.63	160000	59.851275	0.0	17781906	224	160.0
1607464073.86	160000	59.602281	0.0	12839336	152	160.0
1607464074.55	160000	59.853267	0.0	10779770	124	160.0
1607464075.8	160000	59.60428	0.0	14606687	165	160.0
1607464076.56	160000	59.824732	0.0	41866951	530	160.0
1607464077.74	160000	59.856278	0.0	37238410	464	160.0
1607464078.99	160000	59.607283	0.0	14347759	169	160.0
1607464079.73	160000	59.858279	0.0	11399187	166	160.0
1607464080.95	160000	59.609186	0.0	10358641	150	160.0
1607464081.67	160000	59.860269	0.0	14315696	140	160.0
1607464083.02	160000	59.611271	0.0	23283631	223	160.0
1607464083.54	160000	59.853578	0.0	37521367	293	160.0
1607464084.83	160000	59.613271	0.0	22241104	172	160.0
1607464085.55	160000	59.864267	0.0	15813346	113	160.0
1607464086.77	160000	59.865267	0.0	17116450	113	160.0
1607464087.99	160000	59.61627	0.0	18867054	107	160.0
1607464088.71	160000	59.853981	0.0	17393609	122	160.0
1607464089.53	160000	59.868274	0.0	24759401	171	160.0
1607464090.87	160000	59.619276	0.0	25782433	202	160.0
1607464091.59	160000	59.805948	0.0	25885372	560	160.0
1607464092.4	160000	59.995364	0.0	26242011	664	160.0
1607464093.67	160000	59.872268	0.0	23865378	622	160.0
1607464095.29	160000	59.106711	0.0	25470681	1466	160.0
1607464096.18	160000	59.223692	0.0	27258768	711	160.0
1607464096.5	160000	59.910822	0.0	17853711	201	160.0
1607464097.75	160000	59.87627	0.0	14829893	167	160.0
1607464098.7	160000	59.877268	0.0	27779697	284	160.0
1607464099.64	160000	59.878259	0.0	27714923	279	160.0
1607464100.56	160000	59.879265	0.0	25946474	263	160.0
1607464101.93	160000	59.630272	0.0	19596259	254	160.0
1607464102.82	160000	59.631275	0.0	23774167	257	160.0
1607464103.64	160000	59.882265	0.0	19373656	200	160.0
1607464105.0	160000	59.633277	0.0	23977420	219	160.0
1607464105.45	160000	59.955562	0.0	24493733	319	160.0
1607464106.74	160000	59.885268	0.0	14528511	194	160.0
1607464108.01	160000	59.636276	0.0	16841176	173	160.0
1607464108.76	160000	59.887267	0.0	16743604	152	160.0
1607464109.53	160000	59.888267	0.0	17975224	161	160.0
1607464110.85	160000	59.639271	0.0	22329548	180	160.0
1607464111.61	160000	59.890265	0.0	16001583	157	160.0
1607464112.88	160000	59.64127	0.0	18238584	163	160.0
1607464113.74	160000	59.892267	0.0	21308824	238	160.0
1607464115.02	160000	59.643281	0.0	17749058	179	160.0
1607464115.75	160000	59.894273	0.0	14127787	149	160.0
1607464116.53	160000	59.895253	0.0	17525699	178	160.0
1607464117.75	160000	59.896258	0.0	14240042	139	160.0
1607464118.55	160000	59.897261	0.0	20324139	174	160.0
1607464119.93	160000	59.648268	0.0	21993033	260	160.0
1607464120.77	160000	59.89926	0.0	18863108	220	160.0
1607464121.53	160000	59.900254	0.0	15964734	165	160.0
1607464122.69	160000	59.901236	0.0	8284939	101	160.0
1607464123.85	160000	59.652235	0.0	9004706	107	160.0
1607464124.94	110000	59.653243	0.0	4674535	52	60.0
1607464125.77	80000	59.904221	0.0	4688403	293	50.0
1607464126.68	80000	59.90522	0.0	4246384	372	80.0
1607464127.94	110000	59.656264	0.0	2410559	232	80.0
1607464128.6	110000	59.907227	0.0	1922862	143	110.0
1607464129.65	80000	59.908232	0.0	447883	32	50.0
1607464130.69	80000	59.909227	0.0	279272	19	80.0
1607464132.42	160000	59.594018	0.0	2394426	209	80.0
1607464132.82	40000	1.000999	0.034	337339	5	-5.439999999999998
1607464133.24	160000	1.937931	0.0	14912671	250	40.0
1607464133.77	160000	2.405627	0.0	24265636	300	160.0
1607464134.19	160000	2.986762	0.0	22711544	281	160.0
1607464134.56	160000	3.618127	0.0	19639705	252	160.0
1607464134.96	160000	4.287606	0.0	20946809	269	160.0
1607464135.19	160000	5.060306	0.0	11895609	153	160.0
1607464135.34	160000	5.93771	0.0	7597636	99	160.0
1607464136.54	160000	5.80436	0.0	56067905	701	160.0
1607464137.94	160000	5.449331	0.0	45444680	1150	160.0
1607464139.15	160000	5.236745	0.0	54798068	913	160.0
1607464141.51	160000	3.883512	0.0	69464107	1880	160.0
1607464142.52	160000	3.875124	0.0	50637608	725	160.0
1607464142.91	160000	4.483106	0.0	19559369	261	160.0
1607464143.36	160000	5.034477	0.0	22224402	303	160.0
1607464143.89	160000	5.504031	0.0	22578365	397	160.0
1607464144.1	160000	6.301567	0.0	8346702	147	160.0
1607464144.46	160000	6.941148	0.0	15775481	266	160.0
1607464144.67	160000	7.735693	0.0	9163235	143	160.0
1607464145.54	160000	7.990662	0.0	41307095	636	160.0
1607464146.08	160000	8.444119	0.0	28763893	363	160.0
1607464146.48	160000	9.047863	0.0	21266416	269	160.0
1607464146.93	160000	9.598149	0.0	23702229	303	160.0
1607464147.45	160000	10.081769	0.0	27580394	355	160.0
1607464147.77	160000	10.763328	0.0	20329780	187	160.0
1607464148.01	160000	11.520391	0.0	16109183	148	160.0
1607464148.9	160000	11.630621	0.0	58830800	558	160.0
