1610858156.32	60000	1.000999	0.164	336477	117	-52.48
1610858157.32	40000	1.43516	0.0	14648397	818	20.0
1610858158.17	40000	1.592814	0.0	17616813	691	40.0
1610858158.6	40000	2.187999	0.0	8581118	352	40.0
1610858158.85	40000	2.976421	0.0	4726840	185	40.0
1610858159.0	40000	3.838333	0.0	3421740	92	40.0
1610858159.1	40000	4.738481	0.0	1987360	51	40.0
1610858159.21	40000	5.631725	0.0	2185110	58	40.0
1610858159.55	40000	6.296117	0.0	9295618	249	40.0
1610858159.97	60000	6.900098	0.0	9877442	278	40.0
1610858160.52	80000	7.350059	0.0	15275967	402	60.0
1610858161.21	80000	7.658201	0.0	20600381	512	80.0
1610858162.08	110000	7.793266	0.0	25684661	617	80.0
1610858162.43	110000	8.43833	0.0	10838546	253	110.0
1610858162.83	110000	9.044721	0.0	12783186	292	110.0
1610858163.24	110000	9.635053	0.0	13101938	305	110.0
1610858163.54	160000	10.328766	0.0	8346702	190	110.0
1610858164.03	160000	10.843173	0.0	15775481	363	160.0
1610858164.32	160000	11.555238	0.0	9163235	202	160.0
1610858165.62	160000	11.259633	0.0	41307095	942	160.0
1610858166.48	160000	11.399842	0.0	28763893	665	160.0
1610858167.13	160000	11.75183	0.0	21266416	481	160.0
1610858167.82	160000	12.055983	0.0	23702229	532	160.0
1610858168.63	160000	12.246664	0.0	27580394	621	160.0
1610858169.25	160000	12.633242	0.0	20329780	455	160.0
1610858169.74	160000	13.146019	0.0	16109183	362	160.0
1610858171.56	160000	12.323922	0.0	58830800	1323	160.0
1610858173.46	160000	11.419625	0.0	66935122	1486	160.0
1610858173.93	160000	11.959684	0.0	15251076	337	160.0
1610858174.4	160000	12.483404	0.0	16574034	347	160.0
1610858174.78	160000	13.110547	0.0	13009028	266	160.0
1610858175.14	160000	13.743883	0.0	12791674	262	160.0
1610858175.47	160000	14.416782	0.0	11137898	233	160.0
1610858175.8	160000	15.088015	0.0	11485310	233	160.0
1610858176.75	320000	15.14089	0.0	33204608	676	160.0
1610858177.39	320000	15.497778	0.0	23618590	472	320.0
1610858178.12	320000	15.768413	0.0	27475995	537	320.0
1610858178.82	320000	16.076248	0.0	26460007	502	320.0
1610858179.51	320000	16.394423	0.0	26763657	492	320.0
1610858180.34	320000	16.557423	0.0	33826873	600	320.0
1610858181.32	320000	16.573867	0.0	41214174	718	320.0
1610858183.3	320000	15.599255	0.0	83204731	1325	320.0
1610858184.86	320000	15.044063	0.0	75539257	1077	320.0
1610858185.24	320000	15.655178	0.0	16577177	251	320.0
1610858185.99	320000	15.915688	0.0	39814357	496	320.0
1610858192.19	320000	10.711398	0.0	50277186	5847	320.0
1610858193.9	160000	10.003136	0.0	18715420	1561	0.0
1610858200.51	160000	4.499148	0.0	17000816	6481	160.0
1610858201.11	40000	4.895794	0.0	3184630	544	-80.0
1610858201.44	40000	5.574983	0.0	1728577	274	40.0
1610858201.82	40000	6.191694	0.0	2155907	328	40.0
1610858202.24	60000	6.770099	0.0	2594645	362	40.0
1610858202.46	80000	7.558175	0.0	1235756	165	60.0
1610858202.7	110000	8.316102	0.0	1529278	193	80.0
1610858203.59	110000	8.424644	0.0	6558222	821	110.0
1610858204.57	110000	8.4437	0.0	7961846	900	110.0
1610858205.48	110000	8.5406	0.0	8148750	821	110.0
1610858206.56	110000	8.458656	0.0	10662977	985	110.0
1610858207.38	110000	8.638556	0.0	8793419	738	110.0
1610858207.98	110000	9.038454	0.0	7475950	523	110.0
1610858208.6	110000	9.432579	0.0	8601429	522	110.0
1610858209.45	160000	9.573159	0.0	14135828	737	110.0
1610858210.23	160000	9.796816	0.0	15366126	659	160.0
1610858210.86	160000	10.164595	0.0	14248439	523	160.0
1610858211.42	160000	10.604066	0.0	13843717	449	160.0
1610858211.97	160000	11.061858	0.0	14665119	425	160.0
1610858212.68	160000	11.352215	0.0	21079187	558	160.0
1610858213.45	160000	11.582417	0.0	25480074	588	160.0
1610858214.08	160000	11.949049	0.0	23021754	475	160.0
1610858214.77	160000	12.257307	0.0	27527834	509	160.0
1610858215.39	160000	12.640376	0.0	26155848	441	160.0
1610858215.81	160000	13.227636	0.0	17849379	279	160.0
1610858216.18	160000	13.852094	0.0	16546531	240	160.0
1610858216.57	160000	14.469247	0.0	17718949	251	160.0
1610858216.93	160000	15.101625	0.0	17337137	233	160.0
1610858217.67	320000	15.36415	0.0	37964644	481	160.0
1610858219.38	320000	14.660254	0.0	91609209	1035	320.0
1610858219.74	160000	15.313466	0.0	16292703	206	0.0
1610858221.25	320000	14.793297	0.0	53161890	1165	160.0
1610858223.15	160000	13.897298	0.0	23982306	1714	0.0
1610858223.86	160000	14.179516	0.0	13347845	598	160.0
1610858224.59	160000	14.452766	0.0	14337991	616	160.0
1610858225.31	160000	14.731812	0.0	14584990	605	160.0
1610858225.98	160000	15.066273	0.0	13962401	558	160.0
1610858227.36	320000	14.687702	0.0	29949400	1178	160.0
1610858228.03	160000	15.021317	0.0	14649457	551	0.0
1610858229.26	320000	14.790374	0.0	27528494	1041	160.0
1610858229.9	160000	15.151933	0.0	13909605	521	0.0
1610858231.07	320000	14.982506	0.0	27200869	985	160.0
1610858231.88	160000	15.172214	0.0	19025846	665	0.0
1610858233.21	320000	14.886848	0.0	32442772	1102	160.0
1610858233.97	160000	15.267623	0.0	18261873	610	0.0
1610858235.63	320000	14.607619	0.0	43207501	1380	160.0
1610858236.37	160000	14.864445	0.0	18767181	600	0.0
1610858237.27	160000	14.968772	0.0	22420858	702	160.0
1610858237.67	160000	15.568872	0.0	19324333	255	160.0
1610858238.26	320000	15.976108	0.0	37697615	352	160.0
1610858238.51	320000	16.72848	0.0	13943369	141	320.0
1610858239.05	320000	17.186246	0.0	33909675	325	320.0
1610858239.5	320000	17.741918	0.0	25608467	247	320.0
1610858239.87	320000	18.369246	0.0	21666875	218	320.0
1610858240.36	320000	18.88002	0.0	29164819	293	320.0
1610858241.58	320000	18.667507	0.0	75257111	736	320.0
1610858245.6	320000	15.649395	0.0	71035332	3548	320.0
1610858246.74	320000	15.506477	0.0	27276036	964	320.0
1610858247.68	320000	15.568524	0.0	23233775	768	320.0
1610858248.52	320000	15.726003	0.0	21096285	689	320.0
1610858249.63	320000	15.617045	0.0	28685524	916	320.0
1610858251.34	320000	14.910504	0.0	43551422	1402	320.0
1610858252.79	160000	14.464982	0.0	37521367	1197	0.0
1610858253.64	160000	14.615088	0.0	22241104	693	160.0
1610858254.24	160000	15.009031	0.0	15813346	472	160.0
1610858255.54	320000	14.715345	0.0	33542198	1069	160.0
1610858256.24	160000	15.014257	0.0	18867054	557	0.0
1610858260.32	320000	12.197126	0.0	38404993	3835	160.0
1610858263.36	160000	10.152618	0.0	24759401	2871	0.0
1610858266.62	160000	7.90185	0.0	25782433	3063	160.0
1610858269.89	110000	5.628443	0.0	17343962	3134	60.0
1610858271.08	40000	5.437699	0.0	6062060	1117	-30.0
1610858271.95	40000	5.572008	0.0	5850985	798	40.0
1610858272.83	40000	5.692738	0.0	6118487	807	40.0
1610858273.67	40000	5.853846	0.0	6683536	758	40.0
1610858274.5	60000	6.021221	0.0	6285842	759	40.0
1610858275.21	60000	6.317775	0.0	5207162	638	60.0
1610858276.44	60000	6.083108	0.0	9939880	1143	60.0
1610858278.05	60000	5.482374	0.0	10038030	1510	60.0
1610858278.75	40000	5.779244	0.0	6361946	628	20.0
1610858279.67	60000	5.85956	0.0	6892659	845	40.0
1610858280.82	60000	5.728271	0.0	9177908	1062	60.0
1610858281.77	60000	5.779001	0.0	6923540	875	60.0
1610858282.74	60000	5.805326	0.0	9283858	886	60.0
1610858283.52	60000	6.031082	0.0	9627205	688	60.0
1610858283.95	60000	6.597663	0.0	4915398	369	60.0
1610858284.64	80000	6.913381	0.0	8020179	600	60.0
1610858285.03	80000	7.523988	0.0	7882490	311	80.0
1610858285.58	110000	7.977789	0.0	12016215	442	80.0
1610858286.2	110000	8.354412	0.0	15214650	506	110.0
1610858286.64	110000	8.920874	0.0	11200919	340	110.0
1610858287.11	110000	9.444057	0.0	12984407	366	110.0
1610858287.82	160000	9.734014	0.0	21308824	551	110.0
1610858288.38	160000	10.182525	0.0	17749058	415	160.0
1610858288.8	160000	10.765531	0.0	14127787	307	160.0
1610858289.29	160000	11.274141	0.0	17525699	359	160.0
1610858289.68	160000	11.885552	0.0	14240042	277	160.0
1610858291.4	160000	11.160161	0.0	20324139	1577	160.0
1610858292.66	160000	10.91268	0.0	21993033	1088	160.0
1610858293.61	160000	10.95567	0.0	18863108	815	160.0
1610858294.4	160000	11.167756	0.0	15964734	663	160.0
1610858294.82	160000	11.748398	0.0	8284939	338	160.0
1610858295.27	160000	12.294618	0.0	9004706	368	160.0
1610858295.63	160000	12.939769	0.0	6955279	279	160.0
1610858296.15	160000	13.418342	0.0	10701639	426	160.0
1610858296.62	160000	13.956718	0.0	9459459	372	160.0
1610858296.79	160000	14.781809	0.0	3212828	118	160.0
1610858296.94	160000	15.638536	0.0	2509989	92	160.0
1610858297.13	320000	16.448676	0.0	3041389	115	160.0
1610858297.18	320000	17.394777	0.0	640071	11	320.0
1610858297.35	320000	18.223707	0.0	3111318	116	320.0
1610858297.41	320000	18.60088	0.164	511709	9	-52.48000000000002
1610858297.9	60000	1.000999	-0.09	337339	33	-171.2
1610858299.41	40000	1.36307	0.58	14648397	1328	-165.6
1610858301.83	40000	1.43533	1.47	17616813	2287	-430.4
1610858302.8	40000	1.520672	0.0	8581118	883	40.0
1610858303.5	40000	1.858124	0.0	4726840	635	40.0
1610858304.11	40000	2.246111	0.0	3421740	555	40.0
1610858304.52	40000	2.839465	0.0	1987360	358	40.0
1610858304.89	40000	3.470213	0.0	2185110	318	40.0
1610858306.19	40000	3.173326	0.0	9295618	1212	40.0
1610858307.02	40000	3.339219	0.0	5971357	766	40.0
1610858307.88	40000	3.488123	0.0	7669174	776	40.0
1610858308.75	40000	3.611645	0.0	10578989	785	40.0
1610858309.52	40000	3.849972	0.0	9449433	674	40.0
1610858309.85	40000	4.523317	0.0	3829326	266	40.0
1610858310.23	40000	5.141312	0.0	4447520	310	40.0
1610858310.61	40000	5.760973	0.0	4548277	318	40.0
1610858310.84	60000	6.534128	0.0	1942216	141	40.0
1610858311.48	80000	6.893797	0.0	6731501	534	60.0
1610858311.89	80000	7.483749	0.0	4543558	349	80.0
1610858313.61	80000	6.767748	0.0	20277060	1543	80.0
1610858314.98	80000	6.397257	0.0	14877694	1246	80.0
1610858315.86	60000	6.517267	0.0	9003718	787	40.0
1610858316.88	80000	6.499944	0.0	13274781	912	60.0
1610858318.24	80000	6.134511	0.0	14862949	1248	80.0
1610858318.92	60000	6.459334	0.0	8135330	595	40.0
1610858319.66	80000	6.723417	0.0	8329186	649	60.0
1610858322.86	80000	4.523973	0.0	34554431	2889	80.0
