1607425075.67	40000	1.000999	0.019	334476	7	-3.039999999999999
1607425076.25	160000	1.787157	0.0	14912671	353	40.0
1607425076.99	160000	2.076608	0.0	24265636	460	160.0
1607425077.6	160000	2.489825	0.0	22711544	397	160.0
1607425078.12	160000	2.98194	0.0	19639705	323	160.0
1607425078.66	160000	3.460875	0.0	20946809	345	160.0
1607425078.99	160000	4.147314	0.0	11895609	194	160.0
1607425079.23	160000	4.941614	0.0	7597636	124	160.0
1607425080.68	160000	4.545209	0.0	56067905	907	160.0
1607425081.7	160000	4.533689	0.0	45444680	706	160.0
1607425083.59	160000	3.64248	0.0	54798068	1537	160.0
1607425085.02	160000	3.214297	0.0	69464107	901	160.0
1607425085.89	160000	3.348054	0.0	50637608	520	160.0
1607425086.23	160000	4.004741	0.0	19559369	162	160.0
1607425086.61	160000	4.626988	0.0	22224402	184	160.0
1607425087.01	160000	5.226541	0.0	22578365	199	160.0
1607425087.2	160000	6.033839	0.0	8346702	73	160.0
1607425087.51	160000	6.730506	0.0	15775481	139	160.0
1607425087.75	160000	7.487222	0.0	9163235	119	160.0
1607425088.59	160000	7.708314	0.0	41307095	535	160.0
1607425089.22	160000	8.077379	0.0	28763893	383	160.0
1607425089.69	160000	8.608715	0.0	21266416	283	160.0
1607425090.16	160000	9.142216	0.0	23702229	250	160.0
1607425090.67	160000	9.633682	0.0	27580394	289	160.0
1607425091.15	160000	10.152322	0.0	20329780	276	160.0
1607425091.53	160000	10.77311	0.0	16109183	219	160.0
1607425092.58	160000	10.722273	0.0	58830800	648	160.0
1607425093.7	160000	10.603566	0.0	66935122	693	160.0
1607425094.02	160000	11.286006	0.0	15251076	153	160.0
1607425094.35	160000	11.952944	0.0	16574034	166	160.0
1607425094.63	160000	12.680204	0.0	13009028	130	160.0
1607425094.86	160000	13.444941	0.0	12791674	97	160.0
1607425095.08	160000	14.230597	0.0	11137898	85	160.0
1607425095.3	160000	15.011692	0.0	11485310	87	160.0
1607425095.53	160000	15.778138	0.0	12428518	94	160.0
1607425095.73	160000	16.577552	0.0	9963766	75	160.0
1607425095.96	160000	17.350496	0.0	12189364	91	160.0
1607425096.17	160000	18.147841	0.0	10142396	72	160.0
1607425096.37	160000	18.944803	0.0	10185488	75	160.0
1607425096.62	160000	19.691565	0.0	14061455	105	160.0
1607425096.96	160000	20.357602	0.0	20074099	156	160.0
1607425097.65	160000	20.667758	0.0	46115254	357	160.0
1607425098.36	160000	20.956399	0.0	40906522	403	160.0
1607425098.56	160000	21.762535	0.0	7891151	78	160.0
1607425098.98	160000	22.34016	0.0	21012466	239	160.0
1607425099.45	160000	22.87129	0.0	23519424	266	160.0
1607425099.87	160000	23.455214	0.0	18715420	238	160.0
1607425100.27	160000	24.052996	0.0	17000816	236	160.0
1607425100.62	160000	24.703451	0.0	14448126	201	160.0
1607425100.83	160000	25.496779	0.0	6958676	96	160.0
1607425101.07	160000	26.252764	0.0	9088791	124	160.0
1607425101.29	160000	27.042578	0.0	7211881	99	160.0
1607425101.42	160000	27.9081	0.0	3063586	42	160.0
1607425101.55	160000	28.77952	0.0	2782179	39	160.0
1607425101.81	160000	29.522982	0.0	9958410	131	160.0
1607425102.11	160000	30.219001	0.0	12158708	165	160.0
1607425102.42	160000	30.914019	0.0	12300216	162	160.0
1607425102.77	160000	31.560162	0.0	15815684	191	160.0
1607425103.05	160000	32.283433	0.0	13526256	134	160.0
1607425103.31	160000	33.024401	0.0	11995130	118	160.0
1607425103.59	160000	33.742588	0.0	13394791	132	160.0
1607425103.88	160000	34.452302	0.0	14135828	138	160.0
1607425104.19	160000	35.150668	0.0	15366126	148	160.0
1607425104.47	160000	35.867955	0.0	14248439	138	160.0
1607425104.75	160000	36.586695	0.0	13843717	138	160.0
1607425105.07	160000	37.270193	0.0	14665119	154	160.0
1607425105.48	160000	37.859863	0.0	21079187	224	160.0
1607425105.94	160000	38.40178	0.0	25480074	252	160.0
1607425106.36	160000	38.983766	0.0	23021754	218	160.0
1607425106.87	160000	39.479305	0.0	27527834	289	160.0
1607425107.54	160000	39.805947	0.0	26155848	444	160.0
1607425108.76	160000	39.586088	0.0	17849379	1054	160.0
1607425109.91	160000	39.434106	0.0	16546531	989	160.0
1607425110.5	160000	39.850504	0.0	17718949	410	160.0
1607425110.91	160000	40.437986	0.0	17337137	247	160.0
1607425111.31	160000	41.038099	0.0	20008245	222	160.0
1607425112.28	160000	41.068557	0.0	58430914	589	160.0
1607425112.6	160000	41.753553	0.0	16292703	149	160.0
1607425113.62	160000	41.738719	0.0	25587422	809	160.0
1607425115.19	160000	41.169356	0.0	23982306	1370	160.0
1607425115.8	160000	41.557195	0.0	13347845	471	160.0
1607425116.11	160000	42.243174	0.0	14337991	168	160.0
1607425116.43	160000	42.926223	0.0	14584990	170	160.0
1607425116.74	160000	43.619141	0.0	13962401	163	160.0
1607425117.04	160000	44.318162	0.0	14393788	156	160.0
1607425117.35	160000	45.00896	0.0	14649457	160	160.0
1607425117.64	160000	45.720187	0.0	13409715	146	160.0
1607425117.95	160000	46.415803	0.0	13909605	156	160.0
1607425118.25	160000	47.118609	0.0	13301968	150	160.0
1607425118.65	160000	47.719519	0.0	19025846	216	160.0
1607425119.02	160000	48.34795	0.0	19295426	198	160.0
1607425119.38	160000	48.991073	0.0	18261873	186	160.0
1607425119.77	160000	49.598197	0.0	19847604	200	160.0
1607425120.14	160000	50.228936	0.0	18767181	198	160.0
1607425120.57	160000	50.799278	0.0	22420858	236	160.0
1607425120.94	160000	51.427139	0.0	19324333	192	160.0
1607425121.32	160000	52.05538	0.0	20392234	192	160.0
1607425121.51	160000	52.863331	0.0	7671072	69	160.0
1607425121.85	160000	53.525147	0.0	17781906	171	160.0
1607425122.24	160000	54.139439	0.0	12839336	241	160.0
1607425122.57	160000	54.80535	0.0	10779770	202	160.0
1607425123.53	160000	54.848517	0.0	14606687	810	160.0
1607425125.47	160000	53.90724	0.0	41866951	1632	160.0
1607425126.64	160000	53.739239	0.0	37238410	885	160.0
1607425127.12	160000	54.261668	0.0	14347759	331	160.0
1607425127.51	160000	54.870176	0.0	11399187	260	160.0
1607425127.88	160000	55.500405	0.0	10358641	244	160.0
1607425128.42	160000	55.958059	0.0	14315696	397	160.0
1607425129.47	160000	55.910352	0.0	23283631	854	160.0
1607425130.67	160000	55.715869	0.0	37521367	912	160.0
1607425131.23	160000	56.15364	0.0	22241104	369	160.0
1607425131.65	160000	56.73638	0.0	15813346	254	160.0
1607425132.18	160000	57.215346	0.0	17116450	356	160.0
1607425132.77	160000	57.618024	0.0	18867054	417	160.0
1607425133.23	160000	58.164505	0.0	17393609	288	160.0
1607425133.85	160000	58.542038	0.0	24759401	410	160.0
1607425134.55	160000	58.845142	0.0	25782433	485	160.0
1607425135.26	160000	59.134479	0.0	25885372	488	160.0
1607425135.97	160000	59.425246	0.0	26242011	496	160.0
1607425136.81	160000	59.585289	0.0	23865378	626	160.0
1607425137.49	160000	59.908381	0.0	25470681	473	160.0
1607425138.69	160000	59.831472	0.0	27258768	457	160.0
1607425139.79	160000	59.780559	0.0	17853711	436	160.0
1607425140.74	160000	59.833479	0.0	14829893	303	160.0
1607425141.9	160000	59.584473	0.0	27779697	412	160.0
1607425142.63	160000	59.768376	0.0	27714923	515	160.0
1607425143.46	160000	59.942048	0.0	25946474	608	160.0
1607425144.64	160000	59.837475	0.0	19596259	502	160.0
1607425145.79	160000	59.836698	0.0	23774167	442	160.0
1607425146.8	160000	59.787564	0.0	19373656	328	160.0
1607425147.5	160000	59.907859	0.0	23977420	499	160.0
1607425148.73	160000	59.841544	0.0	24493733	524	160.0
1607425149.76	160000	59.84256	0.0	14528511	383	160.0
1607425150.75	160000	59.843475	0.0	16841176	320	160.0
1607425151.7	160000	59.844586	0.0	16743604	289	160.0
1607425152.65	160000	59.845498	0.0	17975224	268	160.0
1607425153.64	160000	59.846497	0.0	22329548	290	160.0
1607425155.04	160000	59.597526	0.0	16001583	235	160.0
1607425155.53	160000	59.88049	0.0	18238584	328	160.0
1607425156.61	160000	59.849478	0.0	21308824	379	160.0
1607425157.65	160000	59.850492	0.0	17749058	363	160.0
1607425158.72	160000	59.69907	0.0	14127787	925	160.0
1607425159.87	160000	59.60248	0.0	17525699	486	160.0
1607425160.64	160000	59.853464	0.0	14240042	123	160.0
1607425161.98	160000	59.604555	0.0	20324139	149	160.0
1607425162.84	160000	59.605527	0.0	21993033	168	160.0
1607425163.66	160000	59.856488	0.0	18863108	131	160.0
1607425164.92	160000	59.607566	0.0	15964734	101	160.0
1607425165.59	160000	59.858465	0.0	8284939	53	160.0
1607425166.76	160000	59.859557	0.0	9004706	54	160.0
1607425167.94	160000	59.610513	0.0	6955279	62	160.0
1607425168.64	160000	59.861522	0.0	10701639	68	160.0
1607425169.82	160000	59.612534	0.0	9459459	57	160.0
1607425170.93	160000	59.613459	0.0	3212828	19	160.0
1607425172.03	160000	59.614492	0.0	2509989	15	160.0
1607425172.61	160000	59.865542	0.0	2004927	12	160.0
1607425173.66	160000	59.866473	0.0	591360	3	160.0
1607425175.22	160000	59.801257	0.0	2394426	13	160.0
1607425175.6	40000	1.000999	0.035	336477	2	-5.600000000000001
1607425175.91	160000	2.001999	0.0	14912671	91	40.0
1607425176.34	160000	2.63969	0.0	24265636	152	160.0
1607425176.69	160000	3.300974	0.0	22711544	138	160.0
1607425176.99	160000	3.990112	0.0	19639705	120	160.0
1607425177.35	160000	4.630745	0.0	20946809	174	160.0
1607425177.6	160000	5.512029	0.0	11895609	101	160.0
1607425177.78	160000	6.331587	0.0	7597636	59	160.0
1607425178.75	160000	6.399612	0.0	56067905	410	160.0
1607425179.39	160000	6.873648	0.0	45444680	312	160.0
1607425213.61	160000	1.286386	27.593	54798068	33895	-4254.88
1607425213.8	20000	2.102868	0.0	5571764	69	-120.0
1607425213.96	20000	2.937793	0.0	4925652	61	20.0
1607425214.09	20000	3.816486	0.0	2030157	27	20.0
1607425214.21	20000	4.695845	0.0	2240782	27	20.0
1607425214.32	20000	5.584269	0.0	2211169	21	20.0
1607425214.53	160000	6.379006	0.0	8346702	82	20.0
1607425214.84	160000	7.070125	0.0	15775481	149	160.0
1607425215.05	160000	7.861136	0.0	9163235	87	160.0
1607425215.77	160000	8.135718	0.0	41307095	434	160.0
1607425216.33	160000	8.581456	0.0	28763893	325	160.0
1607425216.73	160000	9.177315	0.0	21266416	220	160.0
1607425217.19	160000	9.722995	0.0	23702229	240	160.0
1607425217.7	160000	10.211962	0.0	27580394	296	160.0
1607425218.11	160000	10.803034	0.0	20329780	219	160.0
1607425218.75	160000	11.168417	0.0	16109183	474	160.0
1607425221.65	160000	9.26978	0.0	58830800	2418	160.0
1607425230.03	160000	1.8892	0.0	66935122	7947	160.0
1607425231.37	160000	1.550567	0.0	15251076	1182	160.0
1607425232.96	160000	1.366928	0.405	16574034	1431	95.2
