1610785236.7	60000	1.000999	0.012	336477	2	-3.8400000000000034
1610785237.01	320000	1.993998	0.0	14912671	83	60.0
1610785237.41	320000	2.711885	0.0	24265636	140	320.0
1610785237.69	320000	3.423635	0.0	22711544	138	320.0
1610785237.95	320000	4.169907	0.0	19639705	124	320.0
1610785238.22	320000	4.904863	0.0	20946809	132	320.0
1610785238.37	320000	5.754825	0.0	11895609	75	320.0
1610785238.46	320000	6.65932	0.0	7597636	48	320.0
1610785239.29	320000	6.958405	0.0	56067905	355	320.0
1610785239.84	320000	7.504564	0.0	46062054	286	320.0
1610785240.7	320000	7.741549	0.0	60496562	396	320.0
1610785242.01	320000	7.500536	0.0	90475604	565	320.0
1610785243.18	320000	7.326065	0.0	94557637	562	320.0
1610785243.81	320000	7.702176	0.0	48403531	335	320.0
1610785244.58	320000	7.934803	0.0	63326685	394	320.0
1610785245.46	320000	8.052803	0.0	66782145	458	320.0
1610785245.64	320000	8.875514	0.0	13212243	90	320.0
1610785246.0	320000	9.509619	0.0	29387773	190	320.0
1610785246.24	320000	10.288041	0.0	17336677	112	320.0
1610785247.99	320000	9.533005	0.0	126296507	815	320.0
1610785249.21	320000	9.465898	0.0	96707447	625	320.0
1610785250.08	320000	9.813523	0.0	72904162	425	320.0
1610785251.02	320000	10.112035	0.0	66993756	483	320.0
1610785252.27	320000	9.884263	0.0	92389329	714	320.0
1610785253.3	320000	9.849169	0.0	70549633	569	320.0
1610785254.0	320000	10.241776	0.0	50094571	408	320.0
1610785256.07	320000	9.17949	0.0	124391138	1317	320.0
1610785259.1	320000	7.778085	0.0	139539685	2056	320.0
1610785260.24	320000	7.691989	0.0	44512381	802	320.0
1610785262.18	320000	6.809298	0.0	46257154	1652	320.0
1610785265.72	320000	4.663388	0.0	34846600	3329	320.0
1610785267.1	320000	4.811552	0.0	33828007	1178	320.0
1610785267.59	320000	5.486743	0.0	30396599	303	320.0
1610785268.07	320000	6.197049	0.0	30979822	302	320.0
1610785268.59	320000	6.832523	0.0	33204608	317	320.0
1610785268.97	320000	7.514198	0.0	23618590	222	320.0
1610785269.4	320000	8.171972	0.0	27475995	262	320.0
1610785269.81	320000	8.920016	0.0	26460007	253	320.0
1610785270.23	320000	9.56964	0.0	26763657	245	320.0
1610785270.74	320000	10.061298	0.0	33826873	313	320.0
1610785271.31	320000	10.659038	0.0	41214174	325	320.0
1610785272.52	320000	10.45625	0.0	83204731	675	320.0
1610785273.58	320000	10.395993	0.0	75539257	618	320.0
1610785273.83	320000	11.144704	0.0	16577177	141	320.0
1610785274.4	320000	11.576341	0.0	39814357	338	320.0
1610785275.14	320000	11.839959	0.0	50277186	425	320.0
1610785275.75	320000	12.228467	0.0	43375920	363	320.0
1610785276.34	320000	12.638876	0.0	39748690	352	320.0
1610785276.82	320000	13.16057	0.0	32725949	292	320.0
1610785277.06	320000	13.925039	0.0	15673611	137	320.0
1610785277.38	320000	14.597615	0.0	20850595	181	320.0
1610785277.63	320000	15.352558	0.0	16458609	137	320.0
1610785277.76	320000	16.220038	0.0	8700077	77	320.0
1610785277.89	320000	17.094481	0.0	8292135	71	320.0
1610785278.22	320000	17.766959	0.0	22212109	192	320.0
1610785278.65	320000	18.338631	0.0	27931458	252	320.0
1610785279.05	320000	18.932915	0.0	28076035	242	320.0
1610785279.56	320000	19.423335	0.0	34615012	302	320.0
1610785280.0	320000	19.989747	0.0	31574841	256	320.0
1610785280.4	320000	20.604148	0.0	28857310	219	320.0
1610785280.82	320000	21.174344	0.0	30799251	214	320.0
1610785281.2	320000	21.794869	0.0	29900862	205	320.0
1610785281.61	320000	22.381849	0.0	32431711	217	320.0
1610785282.05	320000	22.989244	0.0	32680833	238	320.0
1610785282.5	320000	23.578349	0.0	30468229	260	320.0
1610785282.96	320000	24.114608	0.0	31594806	264	320.0
1610785283.64	320000	24.481638	0.0	43158259	416	320.0
1610785284.37	320000	24.759725	0.0	53696400	415	320.0
1610785285.06	320000	25.062262	0.0	49804325	348	320.0
1610785285.84	320000	25.282653	0.0	56230532	445	320.0
1610785289.26	320000	22.943901	0.0	54033728	3097	320.0
1610785289.95	320000	23.248468	0.0	40265492	453	320.0
1610785290.49	320000	23.711238	0.0	37527577	318	320.0
1610785291.05	320000	24.157561	0.0	38354537	329	320.0
1610785291.62	320000	24.582431	0.0	33905183	381	320.0
1610785292.21	320000	24.99271	0.0	37964644	348	320.0
1610785293.43	320000	24.780297	0.0	91609209	686	320.0
1610785293.88	320000	25.326459	0.0	30861098	255	320.0
1610785294.61	320000	25.597687	0.0	53161890	424	320.0
1610785295.29	320000	25.920597	0.0	49661559	416	320.0
1610785295.71	320000	26.503307	0.0	27673254	243	320.0
1610785296.14	320000	27.07583	0.0	29061600	254	320.0
1610785296.58	320000	27.630093	0.0	29596558	259	320.0
1610785297.02	320000	28.191987	0.0	29264466	262	320.0
1610785297.45	320000	28.763838	0.0	29949400	253	320.0
1610785297.89	320000	29.325693	0.0	30225692	255	320.0
1610785298.3	320000	29.919321	0.0	27528494	244	320.0
1610785298.76	320000	30.456933	0.0	28959567	263	320.0
1610785299.22	320000	30.995718	0.0	27200869	291	320.0
1610785299.89	320000	31.325896	0.0	37091406	458	320.0
1610785300.38	320000	31.84658	0.0	32442772	286	320.0
1610785300.96	320000	32.263605	0.0	38733768	342	320.0
1610785301.52	320000	32.699908	0.0	43207501	301	320.0
1610785302.04	320000	33.186003	0.0	39867273	279	320.0
1610785302.62	320000	33.601838	0.0	44687216	334	320.0
1610785303.12	320000	34.102722	0.0	37222510	279	320.0
1610785303.61	320000	34.620201	0.0	37697615	256	320.0
1610785303.79	320000	35.441954	0.0	13943369	94	320.0
1610785304.2	320000	36.029293	0.0	33909675	204	320.0
1610785304.49	320000	36.743261	0.0	25608467	138	320.0
1610785304.74	320000	37.487313	0.0	21666875	117	320.0
1610785305.08	320000	38.154785	0.0	29164819	157	320.0
1610785306.05	320000	38.183617	0.0	75257111	504	320.0
1610785306.95	320000	38.28239	0.0	71035332	509	320.0
1610785307.3	320000	38.93902	0.0	27276036	178	320.0
1610785307.61	320000	39.639977	0.0	23233775	157	320.0
1610785307.89	320000	40.351119	0.0	21096285	139	320.0
1610785308.26	320000	41.085357	0.0	28685524	188	320.0
1610785308.82	320000	41.558347	0.0	43551422	288	320.0
1610785309.67	320000	41.864787	0.0	65057331	420	320.0
1610785310.18	320000	42.424739	0.0	41329817	265	320.0
1610785310.54	320000	43.137209	0.0	30837965	175	320.0
1610785310.94	320000	43.793784	0.0	33542198	193	320.0
1610785311.44	320000	44.28671	0.0	43188629	258	320.0
1610785311.92	320000	44.853737	0.0	38404993	233	320.0
1610785312.68	320000	45.181116	0.0	50554338	476	320.0
1610785313.51	320000	45.354957	0.0	52531967	447	320.0
1610785314.21	320000	45.656658	0.0	54618297	387	320.0
1610785315.05	320000	45.820625	0.0	54267260	515	320.0
1610785315.65	320000	46.225578	0.0	46984925	290	320.0
1610785316.28	320000	46.589783	0.0	52441959	318	320.0
1610785317.07	320000	46.797002	0.0	56222410	457	320.0
1610785320.25	320000	44.920809	0.0	37045146	2936	320.0
1610785321.03	320000	45.140434	0.0	31316241	591	320.0
1610785322.12	320000	45.056462	0.0	54539886	754	320.0
1610785323.05	320000	45.129723	0.0	54290338	585	320.0
1610785323.86	320000	45.316654	0.0	50306079	498	320.0
1610785324.48	320000	45.697489	0.0	39311524	384	320.0
1610785325.21	320000	45.9755	0.0	45141551	433	320.0
1610785325.73	320000	46.454075	0.0	38678341	296	320.0
1610785326.41	320000	46.777033	0.0	48869677	389	320.0
1610785327.26	320000	46.928005	0.0	48742469	523	320.0
1610785329.79	320000	45.394225	0.0	31052651	2353	320.0
1610785330.58	320000	45.600698	0.0	35159774	591	320.0
1610785331.28	320000	45.901744	0.0	34685385	503	320.0
1610785332.01	320000	46.172686	0.0	36845249	494	320.0
1610785332.7	320000	46.483802	0.0	44043502	431	320.0
1610785333.14	320000	47.045192	0.0	28911363	275	320.0
1610785333.67	320000	47.525117	0.0	31997411	322	320.0
1610785334.29	320000	47.903141	0.0	37860562	381	320.0
1610785334.92	320000	48.273727	0.0	34218681	420	320.0
1610785335.47	320000	48.724583	0.0	30315897	366	320.0
1610785336.15	320000	49.049037	0.0	38074030	456	320.0
1610785336.7	320000	49.546957	0.0	31856580	358	320.0
1610785337.39	320000	49.979346	0.0	40986530	454	320.0
1610785338.03	320000	50.332751	0.0	43161948	390	320.0
1610785338.55	320000	50.815651	0.0	39216469	289	320.0
1610785338.99	320000	51.383222	0.0	32708889	223	320.0
1610785339.22	320000	52.153615	0.0	16257756	113	320.0
1610785339.46	320000	52.923822	0.0	16440860	144	320.0
1610785339.65	320000	53.734901	0.0	12523766	113	320.0
1610785339.98	320000	54.41009	0.0	22159647	196	320.0
1610785340.25	320000	55.14298	0.0	17516376	154	320.0
1610785340.33	320000	56.058504	0.0	5119060	43	320.0
1610785340.4	320000	56.993235	0.0	3788776	33	320.0
1610785340.46	320000	57.937566	0.0	3041389	25	320.0
1610785340.48	320000	58.915292	0.0	640071	5	320.0
1610785340.54	320000	59.859123	0.0	3111318	26	320.0
1610785341.04	60000	1.000999	0.048	377897	1	-15.36
1610785341.34	320000	2.001999	0.0	14912671	118	60.0
1610785341.73	320000	2.733047	0.0	24265636	169	320.0
1610785342.04	320000	3.431282	0.0	22711544	160	320.0
1610785342.31	320000	4.162479	0.0	19639705	138	320.0
1610785342.59	320000	4.877097	0.0	20946809	154	320.0
1610785342.76	320000	5.712469	0.0	11895609	87	320.0
1610785342.87	320000	6.606173	0.0	7597636	55	320.0
1610785343.78	320000	6.917038	0.0	56067905	386	320.0
1610785344.3	320000	7.398473	0.0	46062054	265	320.0
1610785345.02	320000	7.817452	0.0	60496562	331	320.0
1610785346.33	320000	7.599109	0.0	90475604	584	320.0
1610785347.72	320000	7.206226	0.0	94557637	873	320.0
1610785348.34	320000	7.585673	0.0	48403531	359	320.0
1610785349.16	320000	7.764363	0.0	63326685	470	320.0
1610785350.1	320000	7.831277	0.0	66782145	523	320.0
1610785350.29	320000	8.642545	0.0	13212243	104	320.0
1610785350.67	320000	9.260821	0.0	29387773	200	320.0
1610785350.9	320000	10.035043	0.0	17336677	118	320.0
1610785352.88	320000	9.050077	0.0	126296507	898	320.0
1610785354.64	320000	8.71394	0.0	96707447	1156	320.0
1610785355.87	320000	8.667613	0.0	72904162	776	320.0
1610785356.84	320000	8.698697	0.0	66993756	588	320.0
1610785358.32	320000	8.303156	0.0	92389329	912	320.0
1610785359.51	320000	8.110245	0.0	70549633	741	320.0
1610785360.25	320000	8.373834	0.0	50094571	448	320.0
1610785362.49	320000	7.459318	0.0	124391138	1506	320.0
1610785371.76	320000	1.435125	1.491	139539685	8583	-157.12
1610785372.64	320000	1.781811	0.0	44512381	581	320.0
