1610825605.29	60000	1.000999	0.021	336477	6	-6.719999999999999
1610825605.86	320000	1.82802	0.0	14912671	325	60.0
1610825608.16	320000	1.332247	0.753	24265636	2030	79.03999999999999
1610825609.98	320000	1.415201	0.895	22711544	1624	33.60000000000002
1610825610.24	40000	2.155867	0.0	4726840	152	-240.0
1610825610.6	60000	2.823472	0.0	7325507	236	40.0
1610825610.84	60000	3.591136	0.0	4014386	128	60.0
1610825610.98	40000	4.447386	0.0	2185110	39	20.0
1610825611.81	80000	4.651235	0.0	29583867	532	40.0
1610825612.22	80000	5.241993	0.0	15816325	235	80.0
1610825612.61	80000	5.854854	0.0	15275967	228	80.0
1610825613.33	110000	6.133076	0.0	33588177	449	80.0
1610825615.57	320000	4.898068	0.0	94557637	1245	110.0
1610825616.6	320000	4.870818	0.0	48403531	663	320.0
1610825618.03	320000	4.438296	0.0	63326685	1002	320.0
1610825619.21	320000	4.262116	0.0	66782145	690	320.0
1610825619.48	320000	4.987109	0.0	13212243	121	320.0
1610825620.0	320000	5.597426	0.0	29387773	268	320.0
1610825620.32	320000	6.297889	0.0	17336677	142	320.0
1610825622.35	320000	5.405483	0.0	126296507	1043	320.0
1610825623.71	320000	5.173214	0.0	96707447	692	320.0
1610825624.75	320000	5.131277	0.0	72904162	541	320.0
1610825625.87	320000	5.024842	0.0	66993756	617	320.0
1610825627.54	320000	4.629445	0.0	92389329	1021	320.0
1610825628.75	320000	4.794254	0.0	70549633	676	320.0
1610825629.6	320000	4.944833	0.0	50094571	501	320.0
1610825631.45	320000	4.141982	0.0	124391138	1045	320.0
1610825633.58	320000	3.396859	0.0	139539685	1021	320.0
1610825634.4	320000	3.57726	0.0	44512381	457	320.0
1610825635.34	320000	3.767037	0.0	46257154	578	320.0
1610825636.0	320000	4.31789	0.0	34846600	380	320.0
1610825636.51	320000	5.084488	0.0	33828007	236	320.0
1610825636.98	320000	5.805711	0.0	30396599	212	320.0
1610825637.5	320000	6.461363	0.0	30979822	258	320.0
1610825638.04	320000	7.131745	0.0	33204608	277	320.0
1610825638.5	320000	7.778419	0.0	23618590	240	320.0
1610825639.03	320000	8.343133	0.0	27475995	283	320.0
1610825639.51	320000	8.939158	0.0	26460007	251	320.0
1610825639.99	320000	9.572272	0.0	26763657	249	320.0
1610825640.87	320000	9.914713	0.0	33826873	616	320.0
1610825644.12	320000	7.663465	0.0	41214174	2941	320.0
1610825645.19	40000	7.597723	0.0	13308063	911	-240.0
1610825645.46	40000	8.32778	0.0	11857920	118	40.0
1610825645.6	80000	9.181012	0.0	4146191	43	40.0
1610825645.86	80000	9.922932	0.0	11601071	120	80.0
1610825646.12	80000	10.668875	0.0	11589115	112	80.0
1610825646.78	320000	11.013536	0.0	43375920	330	80.0
1610825647.41	320000	11.382252	0.0	39748690	336	320.0
1610825647.98	320000	11.809798	0.0	32725949	322	320.0
1610825648.33	320000	12.458008	0.0	15673611	188	320.0
1610825648.77	320000	13.02029	0.0	20850595	249	320.0
1610825649.15	320000	13.645844	0.0	16458609	204	320.0
1610825649.5	320000	14.297916	0.0	8700077	220	320.0
1610825649.83	320000	14.961563	0.0	8292135	212	320.0
1610825650.72	320000	15.078644	0.0	22212109	679	320.0
1610825651.86	320000	14.937843	0.0	27931458	914	320.0
1610825654.08	320000	13.723737	0.0	28076035	1981	320.0
1610825654.82	320000	13.983769	0.0	34615012	483	320.0
1610825655.42	320000	14.388658	0.0	31574841	348	320.0
1610825655.91	320000	14.895606	0.0	28857310	249	320.0
1610825656.43	320000	15.376313	0.0	30799251	273	320.0
1610825656.94	320000	15.864604	0.0	29900862	271	320.0
1610825657.49	320000	16.312272	0.0	32431711	301	320.0
1610825658.06	320000	16.773217	0.0	32680833	308	320.0
1610825658.55	320000	17.307442	0.0	30468229	243	320.0
1610825659.05	320000	17.804737	0.0	31594806	251	320.0
1610825659.71	320000	18.150542	0.0	43158259	349	320.0
1610825660.49	320000	18.375353	0.0	53696400	420	320.0
1610825661.2	320000	18.66692	0.0	49804325	362	320.0
1610825662.12	320000	18.74769	0.0	56230532	550	320.0
1610825662.89	320000	18.974	0.0	54033728	416	320.0
1610825663.49	320000	19.373384	0.0	40265492	300	320.0
1610825664.04	320000	19.829952	0.0	37527577	271	320.0
1610825664.57	320000	20.293467	0.0	38354537	263	320.0
1610825665.08	320000	20.79111	0.0	33905183	233	320.0
1610825665.64	320000	21.228024	0.0	37964644	269	320.0
1610825666.89	320000	20.98284	0.0	91609209	679	320.0
1610825667.39	320000	21.480264	0.0	30861098	262	320.0
1610825668.32	320000	21.555707	0.0	53161890	548	320.0
1610825669.06	320000	21.809579	0.0	49661559	409	320.0
1610825669.51	320000	22.366539	0.0	27673254	214	320.0
1610825669.98	320000	22.898383	0.0	29061600	227	320.0
1610825670.43	320000	23.441783	0.0	29596558	214	320.0
1610825670.86	320000	24.015758	0.0	29264466	194	320.0
1610825671.3	320000	24.580072	0.0	29949400	197	320.0
1610825671.74	320000	25.141582	0.0	30225692	197	320.0
1610825672.15	320000	25.729883	0.0	27528494	180	320.0
1610825672.6	320000	26.284675	0.0	28959567	194	320.0
1610825673.01	320000	26.8745	0.0	27200869	186	320.0
1610825673.54	320000	27.341797	0.0	37091406	257	320.0
1610825674.02	320000	27.862684	0.0	32442772	228	320.0
1610825674.8	320000	28.082841	0.0	38733768	491	320.0
1610825677.36	320000	26.525141	0.0	43207501	2254	320.0
1610825678.04	320000	26.919841	0.0	39867273	361	320.0
1610825678.7	320000	27.356811	0.0	44687216	336	320.0
1610825679.25	320000	27.860016	0.0	37222510	257	320.0
1610825679.9	320000	28.312115	0.0	37697615	362	320.0
1610825680.18	320000	29.069055	0.0	13943369	134	320.0
1610825680.74	320000	29.631321	0.0	33909675	288	320.0
1610825681.18	320000	30.192888	0.0	25608467	217	320.0
1610825681.59	320000	30.784345	0.0	21666875	208	320.0
1610825682.1	320000	31.267492	0.0	29164819	281	320.0
1610825683.37	320000	31.059205	0.0	75257111	745	320.0
1610825684.49	320000	30.94057	0.0	71035332	647	320.0
1610825684.99	320000	31.442032	0.0	27276036	270	320.0
1610825685.43	320000	31.997716	0.0	23233775	238	320.0
1610825685.85	320000	32.580184	0.0	21096285	218	320.0
1610825686.4	320000	33.028842	0.0	28685524	296	320.0
1610825687.21	320000	33.227135	0.0	43551422	485	320.0
1610825688.39	320000	33.275249	0.0	65057331	707	320.0
1610825689.18	320000	33.484195	0.0	41329817	499	320.0
1610825689.82	320000	33.847049	0.0	30837965	393	320.0
1610825690.52	320000	34.148209	0.0	33542198	438	320.0
1610825691.61	320000	34.06357	0.0	43188629	775	320.0
1610825692.48	320000	34.18737	0.0	38404993	592	320.0
1610825693.28	320000	34.396565	0.0	50554338	440	320.0
1610825694.01	320000	34.662944	0.0	52531967	324	320.0
1610825694.72	320000	34.954102	0.0	54618297	326	320.0
1610825695.42	320000	35.258316	0.0	54267260	312	320.0
1610825696.41	320000	35.269394	0.0	46984925	645	320.0
1610825697.22	320000	35.462333	0.0	52441959	424	320.0
1610825698.1	320000	35.576976	0.0	56222410	488	320.0
1610825698.68	320000	35.996114	0.0	37045146	283	320.0
1610825699.13	320000	36.548976	0.0	31316241	196	320.0
1610825699.93	320000	36.761978	0.0	54539886	399	320.0
1610825700.82	320000	36.859578	0.0	54290338	474	320.0
1610825701.69	320000	36.998537	0.0	50306079	517	320.0
1610825703.05	320000	36.638012	0.0	39311524	1063	320.0
1610825705.41	320000	35.273514	0.0	45141551	2006	320.0
1610825707.74	320000	34.018014	0.0	38678341	2028	320.0
1610825708.49	320000	34.266408	0.0	48869677	400	320.0
1610825709.18	320000	34.597568	0.0	48742469	307	320.0
1610825709.62	320000	35.159956	0.0	31052651	190	320.0
1610825710.11	320000	35.67115	0.0	35159774	211	320.0
1610825710.59	320000	36.186071	0.0	34685385	211	320.0
1610825711.18	320000	36.602099	0.0	36845249	291	320.0
1610825711.84	320000	36.943787	0.0	44043502	344	320.0
1610825712.32	320000	37.464059	0.0	28911363	224	320.0
1610825712.79	320000	37.991916	0.0	31997411	213	320.0
1610825713.33	320000	38.456651	0.0	37860562	242	320.0
1610825713.78	320000	39.075224	0.0	34218681	184	320.0
1610825714.18	320000	39.882138	0.0	30315897	155	320.0
1610825714.68	320000	40.387244	0.0	38074030	195	320.0
1610825715.13	320000	40.938684	0.0	31856580	192	320.0
1610825715.69	320000	41.378998	0.0	40986530	247	320.0
1610825716.24	320000	41.919928	0.0	43161948	226	320.0
1610825716.78	320000	42.377251	0.0	39216469	245	320.0
1610825717.38	320000	42.777468	0.0	32708889	345	320.0
1610825717.65	320000	43.515056	0.0	16257756	97	320.0
1610825717.91	320000	44.251061	0.0	16440860	88	320.0
1610825718.14	320000	45.02731	0.0	12523766	73	320.0
1610825718.46	320000	45.70521	0.0	22159647	121	320.0
1610825718.75	320000	46.424508	0.0	17516376	88	320.0
1610825718.88	320000	47.285948	0.0	5119060	26	320.0
1610825718.99	320000	48.17694	0.0	3788776	19	320.0
1610825719.08	320000	49.086065	0.0	3041389	16	320.0
1610825719.14	320000	50.029528	0.0	640071	3	320.0
1610825719.22	320000	50.9557	0.0	3111318	16	320.0
1610825719.72	60000	1.000999	0.081	377897	2	-25.92
1610825720.03	320000	2.001999	0.0	14912671	77	60.0
1610825720.45	320000	2.644743	0.0	24265636	125	320.0
1610825720.78	320000	3.314335	0.0	22711544	126	320.0
1610825721.09	320000	4.009946	0.0	19639705	107	320.0
1610825721.41	320000	4.695116	0.0	20946809	115	320.0
1610825721.65	320000	5.481738	0.0	11895609	94	320.0
1610825721.84	320000	6.340034	0.0	7597636	61	320.0
1610825722.94	320000	6.313574	0.0	56067905	469	320.0
1610825723.76	320000	6.525765	0.0	46062054	478	320.0
1610825724.65	320000	6.691917	0.0	60496562	486	320.0
1610825726.16	320000	6.186957	0.0	90475604	735	320.0
1610825729.8	320000	3.541638	0.0	94557637	3019	320.0
1610825731.27	320000	3.077589	0.0	48403531	1120	320.0
1610825732.16	160000	3.346344	0.0	22224402	679	0.0
1610825734.9	160000	1.960743	0.0	22578365	2546	160.0
1610825736.0	60000	1.870763	0.0	1942216	995	-40.0
1610825736.82	40000	2.047426	0.0	2715414	720	20.0
1610825737.64	40000	2.231936	0.0	1997555	725	40.0
1610825738.57	40000	2.298656	0.0	11199212	790	40.0
1610825739.31	40000	2.564094	0.0	8376884	614	40.0
1610825739.75	40000	3.12409	0.0	6254528	330	40.0
1610825740.08	40000	3.792856	0.0	7313446	211	40.0
1610825740.43	40000	4.43857	0.0	8054223	233	40.0
1610825740.79	60000	5.079731	0.0	8135330	234	40.0
1610825741.17	80000	5.707625	0.0	8329186	240	60.0
1610825741.81	40000	6.065214	0.0	18604040	457	0.0
1610825742.62	80000	6.258154	0.0	37801487	510	40.0
