1610775672.96	60000	1.000999	0.047	336477	29	-15.04
1610775673.98	80000	1.434266	0.098	14912671	886	28.64
1610775674.88	80000	1.540768	0.0	22644885	727	80.0
1610775675.37	80000	2.073524	0.0	17135714	396	80.0
1610775675.65	80000	2.851283	0.0	13114792	191	80.0
1610775675.88	80000	3.613042	0.0	11497228	167	80.0
1610775676.02	80000	4.476721	0.0	6232523	87	80.0
1610775676.18	110000	5.344653	0.0	7044111	102	80.0
1610775677.32	110000	5.251951	0.0	48103258	683	110.0
1610775677.91	110000	5.69042	0.0	28884539	416	110.0
1610775678.46	110000	6.141641	0.0	26873304	388	110.0
1610775679.16	110000	6.440512	0.0	33588177	497	110.0
1610775679.85	110000	6.748855	0.0	25684661	531	110.0
1610775680.39	160000	7.215981	0.0	19559369	414	110.0
1610775680.96	160000	7.640962	0.0	22224402	428	160.0
1610775681.51	160000	8.09758	0.0	22578365	411	160.0
1610775681.7	160000	8.905925	0.0	8346702	137	160.0
1610775682.06	160000	9.545625	0.0	15775481	258	160.0
1610775682.28	160000	10.330469	0.0	9163235	148	160.0
1610775683.18	160000	10.433936	0.0	41307095	649	160.0
1610775685.52	320000	9.091611	0.0	96707447	1402	160.0
1610775686.96	320000	8.649815	0.0	72904162	1023	320.0
1610775688.33	320000	8.283832	0.0	66993756	980	320.0
1610775690.35	320000	7.26505	0.0	92389329	1440	320.0
1610775691.97	320000	6.644345	0.0	70549633	1211	320.0
1610775693.39	320000	6.23799	0.0	50094571	1081	320.0
1610775696.11	320000	4.661598	0.0	124391138	1794	320.0
1610775700.85	320000	1.478382	0.0	139539685	3685	320.0
1610775701.9	320000	1.887151	0.0	44512381	713	320.0
1610775702.89	320000	2.270303	0.0	46257154	727	320.0
1610775703.64	320000	2.752257	0.0	34846600	553	320.0
1610775704.46	320000	3.045566	0.0	33828007	637	320.0
1610775705.02	160000	3.635756	0.0	11137898	487	0.0
1610775705.59	160000	4.121289	0.0	11485310	490	160.0
1610775706.18	160000	4.574492	0.0	12428518	501	160.0
1610775706.54	160000	5.19648	0.0	9963766	304	160.0
1610775706.88	160000	5.864748	0.0	12189364	257	160.0
1610775707.16	160000	6.586045	0.0	10142396	213	160.0
1610775707.44	160000	7.303186	0.0	10185488	214	160.0
1610775707.94	160000	7.800188	0.0	14061455	421	160.0
1610775708.8	160000	7.953036	0.0	20074099	728	160.0
1610775711.28	160000	6.463117	0.0	46115254	2223	160.0
1610775712.84	160000	5.907955	0.0	40906522	1294	160.0
1610775713.13	160000	6.636407	0.0	7891151	217	160.0
1610775713.82	160000	6.925982	0.0	21012466	564	160.0
1610775714.57	160000	7.17749	0.0	23519424	614	160.0
1610775715.16	160000	7.592783	0.0	18715420	469	160.0
1610775715.69	160000	8.057898	0.0	17000816	429	160.0
1610775716.15	160000	8.601787	0.0	14448126	370	160.0
1610775716.38	160000	9.376257	0.0	6958676	178	160.0
1610775716.68	160000	10.077327	0.0	9088791	240	160.0
1610775716.92	160000	10.833038	0.0	7211881	194	160.0
1610775717.04	160000	11.720696	0.0	3063586	82	160.0
1610775717.14	160000	12.618081	0.0	2782179	73	160.0
1610775717.49	160000	13.272718	0.0	9958410	273	160.0
1610775717.87	160000	13.887632	0.0	12158708	309	160.0
1610775718.26	160000	14.504392	0.0	12300216	309	160.0
1610775718.76	160000	15.001433	0.0	15815684	404	160.0
1610775719.21	160000	15.568715	0.0	13526256	354	160.0
1610775719.59	160000	16.171231	0.0	11995130	311	160.0
1610775720.01	160000	16.751128	0.0	13394791	338	160.0
1610775720.45	160000	17.313872	0.0	14135828	357	160.0
1610775720.93	160000	17.841369	0.0	15366126	371	160.0
1610775721.36	160000	18.408941	0.0	14248439	346	160.0
1610775721.77	160000	19.002265	0.0	13843717	324	160.0
1610775722.19	160000	19.580402	0.0	14665119	333	160.0
1610775722.8	160000	19.970536	0.0	21079187	474	160.0
1610775723.51	160000	20.266856	0.0	25480074	553	160.0
1610775724.06	160000	20.709213	0.0	23021754	423	160.0
1610775724.78	160000	20.991008	0.0	27527834	553	160.0
1610775725.62	160000	21.150612	0.0	26155848	692	160.0
1610775740.33	160000	7.447516	0.0	17849379	14594	160.0
1610775741.03	110000	7.744096	0.0	10916331	632	60.0
1610775741.49	80000	8.286427	0.0	8697196	397	50.0
1610775758.72	60000	1.325586	9.276	6358479	17174	-2928.32
1610775759.31	80000	1.744519	0.0	10111273	512	60.0
1610775760.74	60000	1.306544	0.0	26329427	1279	40.0
1610775761.2	80000	1.848556	0.0	8652970	397	60.0
1610775761.74	60000	2.317269	0.0	9827222	451	40.0
1610775762.36	80000	2.691566	0.0	11975956	549	60.0
1610775762.69	80000	3.3634	0.0	6280571	285	80.0
1610775763.04	80000	4.017964	0.0	6681274	302	80.0
1610775763.41	80000	4.642901	0.0	7178853	326	80.0
1610775763.77	80000	5.285391	0.0	6803527	308	80.0
1610775764.3	110000	5.761541	0.0	9833576	452	80.0
1610775764.83	110000	6.233468	0.0	10023423	465	110.0
1610775765.29	110000	6.772279	0.0	8908280	404	110.0
1610775765.75	110000	7.308848	0.0	9004051	408	110.0
1610775766.2	110000	7.858566	0.0	8764764	393	110.0
1610775766.88	110000	8.188178	0.0	13175394	591	110.0
1610775767.6	110000	8.466809	0.0	14191823	641	110.0
1610775768.23	110000	8.839084	0.0	12316520	553	110.0
1610775768.89	110000	9.172336	0.0	13245175	588	110.0
1610775769.47	110000	9.594526	0.0	12490444	499	110.0
1610775770.14	110000	9.930826	0.0	15265366	575	110.0
1610775770.7	110000	10.373532	0.0	13365138	475	110.0
1610775771.23	110000	10.838386	0.0	13994870	455	110.0
1610775771.45	110000	11.621109	0.0	5391903	172	110.0
1610775771.91	110000	12.165228	0.0	12114555	383	110.0
1610775772.24	110000	12.839146	0.0	8739355	266	110.0
1610775772.51	110000	13.560689	0.0	7401667	226	110.0
1610775773.01	160000	14.064047	0.0	14606687	408	110.0
1610775774.25	160000	13.823155	0.0	41866951	1006	160.0
1610775775.34	160000	13.741763	0.0	37238410	865	160.0
1610775775.77	160000	14.30882	0.0	14347759	343	160.0
1610775776.04	160000	15.042433	0.0	11399187	194	160.0
1610775776.27	160000	15.807096	0.0	10358641	168	160.0
1610775776.59	160000	16.491618	0.0	14315696	231	160.0
1610775777.13	160000	16.952398	0.0	23283631	400	160.0
1610775778.05	160000	17.032661	0.0	37521367	705	160.0
1610775778.63	160000	17.4511	0.0	22241104	453	160.0
1610775779.01	160000	18.077302	0.0	15813346	278	160.0
1610775779.34	160000	18.745501	0.0	17116450	228	160.0
1610775779.71	160000	19.376612	0.0	18867054	244	160.0
1610775780.66	320000	19.431576	0.0	38404993	723	160.0
1610775782.08	320000	19.010521	0.0	50554338	1148	320.0
1610775787.9	320000	14.186991	0.0	52531967	5505	320.0
1610775795.64	160000	7.449562	0.0	25885372	7572	0.0
1610775799.08	110000	5.037161	0.0	17781436	3325	60.0
1610775801.27	80000	3.843608	0.0	12007698	2108	50.0
1610775803.42	80000	2.756972	0.0	12501375	2062	80.0
1610775804.49	80000	2.68485	0.0	13457876	988	80.0
1610775804.96	60000	3.212546	0.0	6285842	423	40.0
1610775805.77	80000	3.405089	0.0	7067075	758	60.0
1610775806.71	60000	3.462237	0.0	9939880	876	40.0
1610775807.6	60000	3.575449	0.0	10038030	824	60.0
1610775808.44	60000	3.741546	0.0	9757084	770	60.0
1610775809.01	60000	4.172651	0.0	6892659	523	60.0
1610775810.04	60000	4.136774	0.0	9177908	976	60.0
1610775810.61	60000	4.572346	0.0	6923540	516	60.0
1610775811.4	60000	4.785984	0.0	9283858	728	60.0
1610775812.28	60000	4.905854	0.0	9627205	820	60.0
1610775812.75	60000	5.433515	0.0	4915398	436	60.0
1610775813.35	60000	5.834476	0.0	5898498	557	60.0
1610775813.98	60000	6.208533	0.0	5744951	584	60.0
1610775815.48	60000	5.710138	0.0	6170363	1456	60.0
1610775817.04	80000	5.144815	0.0	10869298	1494	60.0
1610775817.55	60000	5.636815	0.0	6409879	463	40.0
1610775818.34	80000	5.845301	0.0	9782551	726	60.0
1610775819.35	80000	5.842387	0.0	11598573	935	80.0
1610775820.09	80000	6.099368	0.0	9254020	684	80.0
1610775820.8	80000	6.39357	0.0	6922363	656	80.0
1610775821.59	80000	6.604244	0.0	8494032	730	80.0
1610775822.18	80000	7.012834	0.0	6723557	546	80.0
1610775823.11	80000	7.082877	0.0	9962942	866	80.0
1610775824.03	80000	7.167736	0.0	10840351	847	80.0
1610775824.68	60000	7.514479	0.0	6322575	606	40.0
1610775825.24	60000	7.962969	0.0	5529168	512	60.0
1610775825.44	60000	8.76329	0.0	2585313	177	60.0
1610775825.67	60000	9.532624	0.0	3010411	205	60.0
1610775825.85	60000	10.35074	0.0	2342869	159	60.0
1610775826.1	60000	11.098299	0.0	3304851	225	60.0
1610775826.36	60000	11.841509	0.0	2809840	217	60.0
1610775826.45	60000	12.756586	0.0	891813	68	60.0
1610775826.52	60000	13.689339	0.0	692632	52	60.0
1610775826.55	60000	14.66029	0.0	235564	17	60.0
1610775826.58	80000	15.62438	0.0	279272	21	60.0
1610775826.62	60000	16.591234	0.0	244268	18	40.0
1610775827.0	60000	1.000999	0.049	377897	32	-15.68
1610775828.57	80000	1.332154	0.612	14912671	1429	-135.84
1610775830.45	60000	1.442926	0.966	20421673	1742	-269.12
1610775831.57	60000	1.422769	0.143	13063186	1036	14.240000000000002
1610775832.32	60000	1.692255	0.0	8954217	690	60.0
1610775832.87	60000	2.139897	0.0	7325507	502	60.0
1610775833.18	60000	2.854839	0.0	4014386	274	60.0
1610775833.47	60000	3.562987	0.0	3830488	262	60.0
1610775834.87	60000	3.17152	0.0	17832465	1284	60.0
1610775836.14	80000	2.903301	0.0	15816325	1165	60.0
1610775837.46	80000	2.583039	0.0	15275967	1230	80.0
1610775839.31	80000	1.730806	0.0	20600381	1729	80.0
1610775840.72	80000	1.319679	0.0	17710542	1308	80.0
1610775841.28	80000	1.758478	0.0	7412644	507	80.0
1610775841.99	80000	2.050771	0.0	9055732	647	80.0
1610775842.7	80000	2.348134	0.0	9337721	641	80.0
1610775842.95	80000	3.097772	0.0	3201928	215	80.0
1610775843.5	80000	3.541506	0.0	6731501	512	80.0
1610775843.95	80000	4.097246	0.0	4543558	412	80.0
1610775845.83	80000	3.22175	0.0	20277060	1755	80.0
1610775846.99	80000	3.056533	0.0	14877694	1074	80.0
1610775847.89	80000	3.156434	0.0	11453319	828	80.0
1610775848.91	80000	3.136941	0.0	13274781	941	80.0
1610775850.03	80000	3.019509	0.0	14862949	1025	80.0
1610775850.94	80000	3.109839	0.0	10513690	840	80.0
