1607402637.7	40000	1.000999	0.05	334476	5	-8.0
1607402638.03	160000	1.986036	0.0	14912671	76	40.0
1607402638.43	160000	2.668191	0.0	24265636	123	160.0
1607402638.76	160000	3.338339	0.0	22711544	122	160.0
1607402639.05	160000	4.047513	0.0	19639705	103	160.0
1607402639.37	160000	4.73162	0.0	20946809	109	160.0
1607402639.58	160000	5.546887	0.0	11895609	65	160.0
1607402639.74	160000	6.480762	0.0	7597636	44	160.0
1607402640.63	160000	6.700131	0.0	56067905	326	160.0
1607402641.17	160000	7.177825	0.0	45444680	232	160.0
1607402641.82	160000	7.551398	0.0	54798068	280	160.0
1607402642.69	160000	7.734891	0.0	69464107	339	160.0
1607402643.33	160000	8.101519	0.0	50637608	272	160.0
1607402643.61	160000	8.821568	0.0	19559369	104	160.0
1607402643.91	160000	9.517958	0.0	22224402	115	160.0
1607402644.22	160000	10.207495	0.0	22578365	117	160.0
1607402644.38	160000	11.047608	0.0	8346702	43	160.0
1607402644.63	160000	11.806134	0.0	15775481	82	160.0
1607402644.8	160000	12.63635	0.0	9163235	49	160.0
1607402645.3	160000	13.130355	0.0	41307095	218	160.0
1607402645.7	160000	13.738936	0.0	28763893	151	160.0
1607402645.98	160000	14.452606	0.0	21266416	100	160.0
1607402646.31	160000	15.124901	0.0	23702229	105	160.0
1607402646.67	160000	15.771065	0.0	27580394	130	160.0
1607402646.99	160000	16.451609	0.0	20329780	118	160.0
1607402647.24	160000	17.196621	0.0	16109183	95	160.0
1607402647.99	160000	17.453019	0.0	58830800	338	160.0
1607402648.8	160000	17.644212	0.0	66935122	376	160.0
1607402649.03	160000	18.411629	0.0	15251076	76	160.0
1607402649.28	160000	19.159305	0.0	16574034	85	160.0
1607402649.49	160000	19.952734	0.0	13009028	64	160.0
1607402649.7	160000	20.743157	0.0	12791674	71	160.0
1607402649.92	160000	21.528216	0.0	11137898	63	160.0
1607402650.13	160000	22.350392	0.0	11485310	64	160.0
1607402650.34	160000	23.165828	0.0	12428518	69	160.0
1607402650.53	160000	23.980679	0.0	9963766	56	160.0
1607402650.72	160000	24.788804	0.0	12189364	55	160.0
1607402650.9	160000	25.612628	0.0	10142396	46	160.0
1607402651.07	160000	26.439406	0.0	10185488	46	160.0
1607402651.28	160000	27.229811	0.0	14061455	64	160.0
1607402651.55	160000	27.95803	0.0	20074099	91	160.0
1607402652.13	160000	28.383054	0.0	46115254	246	160.0
1607402652.65	160000	28.86206	0.0	40906522	218	160.0
1607402652.82	160000	29.692372	0.0	7891151	55	160.0
1607402653.17	160000	30.346513	0.0	21012466	148	160.0
1607402653.53	160000	30.987158	0.0	23519424	165	160.0
1607402653.93	160000	31.59934	0.0	18715420	215	160.0
1607402654.29	160000	32.226628	0.0	17000816	193	160.0
1607402654.61	160000	32.911749	0.0	14448126	165	160.0
1607402654.79	160000	33.735153	0.0	6958676	68	160.0
1607402654.99	160000	34.530071	0.0	9088791	89	160.0
1607402655.17	160000	35.353938	0.0	7211881	71	160.0
1607402655.29	160000	36.235807	0.0	3063586	29	160.0
1607402655.4	160000	37.120763	0.0	2782179	28	160.0
1607402655.63	160000	37.897377	0.0	9958410	98	160.0
1607402655.91	160000	38.617862	0.0	12158708	144	160.0
1607402656.19	160000	39.33482	0.0	12300216	145	160.0
1607402656.54	160000	39.990501	0.0	15815684	188	160.0
1607402657.0	160000	40.529624	0.0	13526256	323	160.0
1607402657.42	160000	41.109333	0.0	11995130	286	160.0
1607402658.18	160000	41.348476	0.0	13394791	618	160.0
1607402659.17	160000	41.361542	0.0	14135828	840	160.0
1607402660.15	160000	41.382924	0.0	15366126	827	160.0
1607402661.05	160000	41.48306	0.0	14248439	744	160.0
1607402661.99	160000	41.542259	0.0	13843717	796	160.0
1607402663.03	160000	41.506067	0.0	14665119	882	160.0
1607402664.57	160000	40.970156	0.0	21079187	1343	160.0
1607402666.74	160000	39.797419	0.0	25480074	1963	160.0
1607402668.9	160000	38.641091	0.0	23021754	1956	160.0
1607402671.65	160000	36.89002	0.0	27527834	2530	160.0
1607402673.34	160000	36.203893	0.0	26155848	1459	160.0
1607402673.98	160000	36.564044	0.0	17849379	472	160.0
1607402674.44	160000	37.107092	0.0	16546531	294	160.0
1607402674.92	160000	37.626648	0.0	17718949	310	160.0
1607402675.38	160000	38.162024	0.0	17337137	297	160.0
1607402675.89	160000	38.654472	0.0	20008245	330	160.0
1607402677.14	160000	38.410468	0.0	58430914	863	160.0
1607402677.52	160000	39.025663	0.0	16292703	217	160.0
1607402678.11	160000	39.439348	0.0	25587422	379	160.0
1607402678.69	160000	39.864908	0.0	23982306	373	160.0
1607402679.08	160000	40.468478	0.0	13347845	253	160.0
1607402679.52	160000	41.034297	0.0	14337991	272	160.0
1607402679.92	160000	41.638273	0.0	14584990	246	160.0
1607402680.27	160000	42.285142	0.0	13962401	206	160.0
1607402680.63	160000	42.925933	0.0	14393788	213	160.0
1607402680.96	160000	43.595372	0.0	14649457	182	160.0
1607402681.27	160000	44.293173	0.0	13409715	160	160.0
1607402681.59	160000	44.970274	0.0	13909605	169	160.0
1607402681.88	160000	45.677311	0.0	13301968	153	160.0
1607402682.28	160000	46.279399	0.0	19025846	208	160.0
1607402682.67	160000	46.890841	0.0	19295426	211	160.0
1607402683.03	160000	47.528565	0.0	18261873	193	160.0
1607402683.44	160000	48.121973	0.0	19847604	209	160.0
1607402683.82	160000	48.749361	0.0	18767181	197	160.0
1607402684.26	160000	49.301227	0.0	22420858	247	160.0
1607402684.66	160000	49.906722	0.0	19324333	214	160.0
1607402686.32	160000	49.245088	0.0	20392234	1470	160.0
1607402687.0	160000	49.567005	0.0	7671072	563	160.0
1607402687.95	160000	49.620696	0.0	17781906	784	160.0
1607402688.22	160000	50.346024	0.0	12839336	134	160.0
1607402688.47	160000	51.106841	0.0	10779770	112	160.0
1607402688.76	160000	51.807899	0.0	14606687	152	160.0
1607402689.49	160000	52.083827	0.0	41866951	410	160.0
1607402690.12	160000	52.457526	0.0	37238410	340	160.0
1607402690.38	160000	53.195377	0.0	14347759	117	160.0
1607402690.61	160000	53.968861	0.0	11399187	94	160.0
1607402690.82	160000	54.756533	0.0	10358641	85	160.0
1607402691.11	160000	55.466554	0.0	14315696	148	160.0
1607402691.55	160000	56.029178	0.0	23283631	240	160.0
1607402692.27	160000	56.315669	0.0	37521367	429	160.0
1607402692.73	160000	56.848536	0.0	22241104	273	160.0
1607402693.1	160000	57.484215	0.0	15813346	202	160.0
1607402693.48	160000	58.099616	0.0	17116450	220	160.0
1607402693.9	160000	58.684843	0.0	18867054	243	160.0
1607402694.27	160000	59.314858	0.0	17393609	204	160.0
1607402694.77	160000	59.819996	0.0	24759401	290	160.0
1607402695.79	160000	59.826734	0.0	25782433	302	160.0
1607402696.97	160000	59.827719	0.0	25885372	452	160.0
1607402697.66	160000	59.929149	0.0	26242011	472	160.0
1607402698.8	160000	59.829737	0.0	23865378	419	160.0
1607402699.78	160000	59.830792	0.0	25470681	272	160.0
1607402700.86	160000	59.831725	0.0	27258768	334	160.0
1607402702.22	160000	59.582765	0.0	17853711	182	160.0
1607402703.04	160000	59.583735	0.0	14829893	174	160.0
1607402704.04	160000	59.584628	0.0	27779697	260	160.0
1607402705.08	160000	59.585762	0.0	27714923	315	160.0
1607402705.62	160000	59.98088	0.0	25946474	320	160.0
1607402707.04	160000	59.587725	0.0	19596259	240	160.0
1607402708.04	160000	59.588815	0.0	23774167	288	160.0
1607402708.94	160000	59.839812	0.0	19373656	212	160.0
1607402710.07	160000	59.590763	0.0	23977420	427	160.0
1607402711.39	160000	59.212387	0.0	24493733	1117	160.0
1607402711.92	160000	59.682762	0.0	14528511	383	160.0
1607402714.06	160000	58.54077	0.0	16841176	1976	160.0
1607402718.21	160000	55.395365	0.0	16743604	3972	160.0
1607402719.31	160000	55.300785	0.0	17975224	924	160.0
1607402720.18	160000	55.423995	0.0	22329548	683	160.0
1607402720.96	160000	55.645602	0.0	16001583	614	160.0
1607402721.37	160000	56.239127	0.0	18238584	233	160.0
1607402721.84	160000	56.771842	0.0	21308824	272	160.0
1607402722.2	160000	57.412314	0.0	17749058	191	160.0
1607402722.49	160000	58.126705	0.0	14127787	139	160.0
1607402722.83	160000	58.785065	0.0	17525699	172	160.0
1607402723.12	160000	59.494142	0.0	14240042	145	160.0
1607402724.02	160000	59.604721	0.0	20324139	216	160.0
1607402724.96	160000	59.855748	0.0	21993033	240	160.0
1607402725.79	160000	59.856759	0.0	18863108	144	160.0
1607402727.08	160000	59.607761	0.0	15964734	122	160.0
1607402727.77	160000	59.858808	0.0	8284939	80	160.0
1607402728.98	160000	59.859804	0.0	9004706	83	160.0
1607402730.14	160000	59.610786	0.0	6955279	51	160.0
1607402730.86	160000	59.861785	0.0	10701639	78	160.0
1607402732.06	160000	59.61273	0.0	9459459	68	160.0
1607402733.18	160000	59.613732	0.0	3212828	32	160.0
1607402733.79	160000	59.864729	0.0	2509989	23	160.0
1607402734.87	160000	59.865727	0.0	2004927	16	160.0
1607402735.93	160000	59.866801	0.0	591360	3	160.0
1607402737.5	160000	59.801571	0.0	2394426	19	160.0
1607402737.87	40000	1.000999	0.033	336477	3	-5.280000000000001
1607402738.2	160000	2.001999	0.0	14912671	104	40.0
1607402738.65	160000	2.599305	0.0	24265636	153	160.0
1607402739.0	160000	3.251851	0.0	22711544	144	160.0
1607402739.38	160000	3.873002	0.0	19639705	192	160.0
1607402739.79	160000	4.492834	0.0	20946809	213	160.0
1607402740.05	160000	5.267878	0.0	11895609	117	160.0
1607402740.22	160000	6.09889	0.0	7597636	55	160.0
1607402741.18	160000	6.212328	0.0	56067905	406	160.0
1607402741.79	160000	6.635346	0.0	45444680	291	160.0
1607402742.52	160000	6.952957	0.0	54798068	353	160.0
1607402743.53	160000	6.971188	0.0	69464107	455	160.0
1607402744.21	160000	7.285136	0.0	50637608	343	160.0
1607402744.57	160000	7.932891	0.0	19559369	171	160.0
1607402744.96	160000	8.541972	0.0	22224402	195	160.0
1607402745.35	160000	9.151995	0.0	22578365	193	160.0
1607402745.54	160000	9.963697	0.0	8346702	67	160.0
1607402745.83	160000	10.670815	0.0	15775481	134	160.0
1607402746.03	160000	11.471447	0.0	9163235	77	160.0
1607402746.68	160000	11.823973	0.0	41307095	352	160.0
1607402747.18	160000	12.326869	0.0	28763893	245	160.0
1607402748.08	160000	12.426055	0.0	21266416	714	160.0
1607402748.5	160000	13.007415	0.0	23702229	189	160.0
1607402748.95	160000	13.560603	0.0	27580394	224	160.0
1607402749.31	160000	14.207124	0.0	20329780	151	160.0
1607402749.56	160000	14.948193	0.0	16109183	84	160.0
1607402750.3	160000	15.243772	0.0	58830800	311	160.0
1607402751.11	160000	15.460707	0.0	66935122	361	160.0
1607402751.38	160000	16.186919	0.0	15251076	119	160.0
1607402751.68	160000	16.893086	0.0	16574034	129	160.0
1607402751.92	160000	17.651591	0.0	13009028	102	160.0
