1607422000.36	40000	1.000999	0.037	334476	26	-5.920000000000002
1607422001.48	20000	1.251285	0.0	11007815	921	0.0
1607422002.37	20000	1.387918	0.0	8849724	757	20.0
1607422002.71	20000	2.052459	0.0	3191121	239	20.0
1607422004.65	160000	1.260249	0.115	19639705	1680	1.5999999999999943
1607422006.46	160000	1.31712	0.849	20946809	1631	24.159999999999997
1607422007.4	160000	1.408279	0.029	11895609	798	155.36
1607422008.03	160000	1.773651	0.0	7597636	515	160.0
1607422009.65	60000	1.448361	0.289	17832465	1443	-86.24000000000001
1607422010.56	60000	1.53783	0.0	9877442	778	60.0
1607422011.45	60000	1.64702	0.0	10988410	755	60.0
1607422012.78	60000	1.489966	0.173	15230785	1183	32.32
1607422014.56	80000	1.413632	0.698	17710542	1609	-51.68000000000001
1607422015.53	110000	1.444986	0.0	10838546	827	80.0
1607422016.75	110000	1.363921	0.144	12783186	1089	86.96000000000001
1607422017.93	110000	1.256959	0.051	13101938	1016	101.84
1607422018.44	110000	1.747184	0.0	5268213	405	110.0
1607422019.31	110000	1.869331	0.0	9838179	752	110.0
1607422019.83	110000	2.352397	0.0	6126794	412	110.0
1607422022.13	110000	1.311436	0.253	26576979	2061	69.52000000000001
1607422023.7	110000	1.28652	0.542	19285617	1396	23.28
1607422024.92	110000	1.360485	0.294	14817542	1077	62.96
1607422026.35	110000	1.406219	0.48	17002609	1275	33.2
1607422027.87	110000	1.385704	0.491	19316039	1343	31.439999999999998
1607422028.95	110000	1.379358	0.077	13919609	938	97.68
1607422030.04	110000	1.457495	0.166	11073078	956	83.44
1607422030.97	20000	1.526068	0.0	9946363	796	-70.0
1607422031.97	20000	1.53265	0.0	11684632	857	20.0
1607422032.86	110000	1.644147	0.0	10019282	755	20.0
1607422033.8	110000	1.70295	0.0	10921784	806	110.0
1607422034.65	110000	1.855585	0.0	8768798	723	110.0
1607422036.24	110000	1.379678	0.115	8740660	1478	91.6
1607422037.61	110000	1.495852	0.487	7610374	1265	32.08
1607422039.43	160000	1.473506	0.792	11485310	1690	-16.72
1607422040.51	160000	1.414841	0.029	12428518	952	155.36
1607422041.27	160000	1.655791	0.0	9963766	635	160.0
1607422042.01	160000	1.918924	0.0	12189364	602	160.0
1607422042.62	160000	2.313616	0.0	10142396	480	160.0
1607422043.2	160000	2.730607	0.0	10185488	459	160.0
1607422043.85	160000	3.083102	0.0	14061455	503	160.0
1607422044.67	160000	3.263672	0.0	20074099	637	160.0
1607422046.42	160000	2.514803	0.0	46115254	1283	160.0
1607422047.65	160000	2.287273	0.0	40906522	934	160.0
1607422047.89	160000	3.050901	0.0	7891151	121	160.0
1607422048.41	160000	3.52585	0.0	21012466	322	160.0
1607422048.95	160000	3.98722	0.0	23519424	341	160.0
1607422049.4	160000	4.53837	0.0	18715420	271	160.0
1607422049.77	160000	5.175548	0.0	17000816	202	160.0
1607422050.09	160000	5.856933	0.0	14448126	173	160.0
1607422050.28	160000	6.661561	0.0	6958676	83	160.0
1607422050.52	160000	7.420569	0.0	9088791	123	160.0
1607422050.74	160000	8.205035	0.0	7211881	104	160.0
1607422050.88	160000	9.069373	0.0	3063586	39	160.0
1607422051.01	160000	9.939453	0.0	2782179	41	160.0
1607422051.28	160000	10.669905	0.0	9958410	144	160.0
1607422051.54	160000	11.41078	0.0	12158708	124	160.0
1607422051.78	160000	12.167738	0.0	12300216	105	160.0
1607422052.08	160000	12.872514	0.0	15815684	135	160.0
1607422052.34	160000	13.612833	0.0	13526256	116	160.0
1607422052.65	160000	14.302092	0.0	11995130	176	160.0
1607422052.99	160000	14.962149	0.0	13394791	196	160.0
1607422053.34	160000	15.612063	0.0	14135828	207	160.0
1607422053.73	160000	16.223666	0.0	15366126	237	160.0
1607422054.11	160000	16.842453	0.0	14248439	221	160.0
1607422054.48	160000	17.483451	0.0	13843717	215	160.0
1607422054.79	160000	18.165879	0.0	14665119	170	160.0
1607422055.23	160000	18.731646	0.0	21079187	243	160.0
1607422055.74	160000	19.223439	0.0	25480074	306	160.0
1607422056.22	160000	19.739913	0.0	23021754	284	160.0
1607422056.81	160000	20.161101	0.0	27527834	367	160.0
1607422057.4	160000	20.56954	0.0	26155848	370	160.0
1607422057.82	160000	21.151478	0.0	17849379	250	160.0
1607422058.22	160000	21.742871	0.0	16546531	232	160.0
1607422058.64	160000	22.331036	0.0	17718949	244	160.0
1607422059.04	160000	22.932002	0.0	17337137	233	160.0
1607422059.48	160000	23.484666	0.0	20008245	268	160.0
1607422060.68	160000	23.295148	0.0	58430914	738	160.0
1607422061.08	160000	23.893647	0.0	16292703	231	160.0
1607422061.65	160000	24.325155	0.0	25587422	364	160.0
1607422062.19	160000	24.779978	0.0	23982306	348	160.0
1607422062.53	160000	25.442947	0.0	13347845	194	160.0
1607422062.85	160000	26.128381	0.0	14337991	172	160.0
1607422063.17	160000	26.806996	0.0	14584990	174	160.0
1607422063.48	160000	27.497596	0.0	13962401	167	160.0
1607422063.8	160000	28.183357	0.0	14393788	171	160.0
1607422064.13	160000	28.854322	0.0	14649457	173	160.0
1607422064.43	160000	29.554765	0.0	13409715	159	160.0
1607422064.76	160000	30.226298	0.0	13909605	186	160.0
1607422065.08	160000	30.907233	0.0	13301968	179	160.0
1607422065.51	160000	31.471204	0.0	19025846	256	160.0
1607422065.89	160000	32.091328	0.0	19295426	206	160.0
1607422066.26	160000	32.726408	0.0	18261873	198	160.0
1607422066.66	160000	33.323102	0.0	19847604	219	160.0
1607422067.07	160000	33.91895	0.0	18767181	231	160.0
1607422067.54	160000	34.450411	0.0	22420858	278	160.0
1607422068.0	160000	34.993371	0.0	19324333	278	160.0
1607422068.48	160000	35.506611	0.0	20392234	293	160.0
1607422068.73	160000	36.266642	0.0	7671072	126	160.0
1607422069.19	160000	36.803614	0.0	17781906	291	160.0
1607422069.55	160000	37.448213	0.0	12839336	213	160.0
1607422069.86	160000	38.138984	0.0	10779770	182	160.0
1607422070.25	160000	38.744191	0.0	14606687	247	160.0
1607422071.21	160000	38.783221	0.0	41866951	650	160.0
1607422071.97	160000	39.023024	0.0	37238410	472	160.0
1607422072.28	160000	39.720709	0.0	14347759	157	160.0
1607422072.55	160000	40.463337	0.0	11399187	124	160.0
1607422072.79	160000	41.209668	0.0	10358641	110	160.0
1607422073.09	160000	41.912999	0.0	14315696	150	160.0
1607422073.53	160000	42.469038	0.0	23283631	247	160.0
1607422074.24	160000	42.76642	0.0	37521367	421	160.0
1607422074.68	160000	43.325647	0.0	22241104	248	160.0
1607422075.01	160000	43.991325	0.0	15813346	166	160.0
1607422075.36	160000	44.644427	0.0	17116450	180	160.0
1607422075.74	160000	45.262968	0.0	18867054	208	160.0
1607422076.12	160000	45.893547	0.0	17393609	205	160.0
1607422076.63	160000	46.384398	0.0	24759401	291	160.0
1607422079.74	160000	44.270583	0.0	25782433	2905	160.0
1607422080.42	160000	44.589825	0.0	25885372	455	160.0
1607422081.0	160000	45.010706	0.0	26242011	349	160.0
1607422081.52	160000	45.495746	0.0	23865378	298	160.0
1607422082.06	160000	45.950762	0.0	25470681	338	160.0
1607422082.67	160000	46.347488	0.0	27258768	361	160.0
1607422083.07	160000	46.943543	0.0	17853711	224	160.0
1607422083.41	160000	47.60724	0.0	14829893	181	160.0
1607422084.05	160000	47.968314	0.0	27779697	416	160.0
1607422084.73	160000	48.292261	0.0	27714923	456	160.0
1607422085.3	160000	48.725606	0.0	25946474	349	160.0
1607422086.74	160000	48.278623	0.0	19596259	1270	160.0
1607422087.45	160000	48.576392	0.0	23774167	504	160.0
1607422088.58	160000	48.447667	0.0	19373656	952	160.0
1607422090.07	160000	47.95592	0.0	23977420	1295	160.0
1607422091.63	160000	47.393752	0.0	24493733	1359	160.0
1607422093.64	160000	46.38645	0.0	14528511	1858	160.0
1607422094.45	160000	46.575816	0.0	16841176	645	160.0
1607422095.24	160000	46.784078	0.0	16743604	629	160.0
1607422097.09	160000	45.941448	0.0	17975224	1673	160.0
1607422103.04	160000	40.991307	0.0	22329548	5754	160.0
1607422103.68	80000	41.356329	0.0	8336931	500	0.0
1607422110.79	80000	35.240368	0.0	9782551	6981	80.0
1607422113.54	160000	33.494209	0.0	21308824	2558	80.0
1607422115.05	160000	32.981089	0.0	17749058	1343	160.0
1607422116.13	160000	32.910167	0.0	14127787	925	160.0
1607422117.22	160000	32.820314	0.0	17525699	927	160.0
1607422117.97	160000	33.064144	0.0	14240042	611	160.0
1607422118.9	160000	33.139003	0.0	20324139	742	160.0
1607422119.93	160000	33.109798	0.0	21993033	839	160.0
1607422120.6	160000	33.442842	0.0	18863108	496	160.0
1607422121.18	160000	33.864538	0.0	15964734	404	160.0
1607422121.5	160000	34.544946	0.0	8284939	205	160.0
1607422121.84	160000	35.202502	0.0	9004706	223	160.0
1607422122.09	160000	35.954218	0.0	6955279	138	160.0
1607422122.43	160000	36.614074	0.0	10701639	214	160.0
1607422122.74	160000	37.303999	0.0	9459459	189	160.0
1607422122.89	160000	38.155891	0.0	3212828	58	160.0
1607422123.02	160000	39.026414	0.0	2509989	45	160.0
1607422123.13	160000	39.923396	0.0	2004927	35	160.0
1607422123.19	160000	40.85645	0.0	591360	11	160.0
1607422123.29	160000	42.197903	0.0	2394426	41	160.0
1607422123.64	40000	1.000999	0.025	336477	5	-4.0
1607422124.14	160000	1.884601	0.0	14912671	245	40.0
1607422124.81	160000	2.21672	0.0	24265636	380	160.0
1607422125.36	160000	2.670904	0.0	22711544	344	160.0
1607422125.84	160000	3.257047	0.0	19639705	296	160.0
1607422126.3	160000	3.826174	0.0	20946809	272	160.0
1607422126.6	160000	4.534296	0.0	11895609	155	160.0
1607422126.81	160000	5.344364	0.0	7597636	99	160.0
1607422128.15	160000	5.059368	0.0	56067905	777	160.0
1607422129.07	160000	5.161425	0.0	45444680	604	160.0
1607422130.05	160000	5.180966	0.0	54798068	603	160.0
1607422131.26	160000	4.976773	0.0	69464107	675	160.0
1607422132.08	160000	5.164019	0.0	50637608	478	160.0
1607422132.46	160000	5.776036	0.0	19559369	186	160.0
1607422132.87	160000	6.368105	0.0	22224402	213	160.0
1607422133.29	160000	6.952339	0.0	22578365	218	160.0
1607422133.49	160000	7.747215	0.0	8346702	83	160.0
1607422133.81	160000	8.43386	0.0	15775481	152	160.0
1607422134.02	160000	9.227658	0.0	9163235	82	160.0
1607422134.67	160000	9.577612	0.0	41307095	358	160.0
1607422135.15	160000	10.091596	0.0	28763893	239	160.0
1607422135.51	160000	10.737608	0.0	21266416	164	160.0
1607422135.93	160000	11.349594	0.0	23702229	183	160.0
1607422136.36	160000	11.947442	0.0	27580394	202	160.0
1607422136.71	160000	12.595383	0.0	20329780	150	160.0
1607422136.99	160000	13.314412	0.0	16109183	119	160.0
1607422137.89	160000	13.422449	0.0	58830800	488	160.0
1607422138.84	160000	13.473605	0.0	66935122	520	160.0
1607422139.12	160000	14.187237	0.0	15251076	128	160.0
