1610788295.11	60000	1.000999	0.015	336477	4	-4.799999999999997
1610788295.55	320000	1.858155	0.0	14912671	206	60.0
1610788316.99	320000	1.327581	19.776	24265636	21147	-6008.32
1610788317.23	40000	2.088128	0.0	8581118	106	-240.0
1610788317.39	40000	2.941161	0.0	4726840	56	40.0
1610788317.54	40000	3.801131	0.0	3421740	41	40.0
1610788317.65	40000	4.686801	0.0	1987360	24	40.0
1610788317.77	40000	5.569939	0.0	2185110	27	40.0
1610788318.98	320000	5.40727	0.0	56067905	674	40.0
1610788319.72	320000	5.670777	0.0	46062054	419	320.0
1610788320.72	320000	5.66998	0.0	60496562	511	320.0
1610788322.14	320000	5.254706	0.0	90475604	626	320.0
1610788323.31	320000	5.089593	0.0	94557637	565	320.0
1610788324.07	320000	5.327499	0.0	48403531	410	320.0
1610788325.19	320000	5.209656	0.0	63326685	690	320.0
1610788326.42	320000	4.974096	0.0	66782145	762	320.0
1610788326.73	320000	5.748508	0.0	13212243	155	320.0
1610788327.32	320000	6.259115	0.0	29387773	347	320.0
1610788327.72	320000	6.992816	0.0	17336677	218	320.0
1610788330.11	320000	5.854886	0.0	126296507	1398	320.0
1610788332.01	320000	5.053816	0.0	96707447	1209	320.0
1610788333.9	320000	4.158901	0.0	72904162	1365	320.0
1610788335.38	320000	3.822647	0.0	66993756	962	320.0
1610788337.69	320000	2.9731	0.0	92389329	1689	320.0
1610788340.53	320000	1.430715	0.18	70549633	2347	262.4
1610788342.08	320000	1.362876	0.486	50094571	1251	164.48
1610788344.23	320000	1.187376	0.962	124391138	1473	12.160000000000025
1610788346.66	320000	1.412861	1.44	139539685	1542	-140.8
1610788349.85	320000	1.407791	1.813	44512381	2864	-260.15999999999997
1610788351.63	320000	1.439013	0.682	46257154	1492	101.75999999999999
1610788352.36	320000	1.811247	0.0	34846600	456	320.0
1610788352.99	320000	2.250943	0.0	33828007	356	320.0
1610788353.58	320000	2.871134	0.0	30396599	342	320.0
1610788354.21	320000	3.236182	0.0	30979822	387	320.0
1610788354.92	320000	3.527206	0.0	33204608	442	320.0
1610788355.46	320000	4.001174	0.0	23618590	309	320.0
1610788355.99	320000	4.46295	0.0	27475995	308	320.0
1610788356.5	320000	4.950107	0.0	26460007	284	320.0
1610788356.99	320000	5.464899	0.0	26763657	258	320.0
1610788357.59	320000	5.862717	0.0	33826873	344	320.0
1610788358.35	320000	6.105371	0.0	41214174	459	320.0
1610788359.94	320000	5.522564	0.0	83204731	1007	320.0
1610788368.34	320000	1.320755	3.122	75539257	7960	-679.04
1610788370.37	320000	1.314421	1.028	16577177	1855	-8.95999999999998
1610788373.53	320000	1.273951	2.121	39814357	2899	-358.72
1610788377.62	320000	1.465021	3.285	50277186	3792	-731.2
1610788382.41	320000	1.254475	3.568	43375920	4485	-821.76
1610788388.84	320000	1.322427	5.506	39748690	6150	-1441.92
1610788391.89	320000	1.330752	2.058	32725949	2822	-338.55999999999995
1610788393.32	320000	1.38968	0.484	15673611	1279	165.12
1610788394.91	320000	1.37521	0.566	20850595	1410	138.88
1610788396.25	320000	1.44264	0.412	16458609	1181	188.16
1610788396.96	320000	1.728208	0.0	8700077	588	320.0
1610788397.6	320000	2.095803	0.0	8292135	508	320.0
1610788398.27	320000	2.418224	0.0	22212109	478	320.0
1610788398.98	320000	2.711003	0.0	27931458	473	320.0
1610788399.64	320000	3.06147	0.0	28076035	424	320.0
1610788400.35	320000	3.347459	0.0	34615012	446	320.0
1610788400.96	320000	3.734524	0.0	31574841	364	320.0
1610788401.52	320000	4.181611	0.0	28857310	317	320.0
1610788402.1	320000	4.597979	0.0	30799251	311	320.0
1610788402.64	320000	5.060322	0.0	29900862	295	320.0
1610788403.17	320000	5.536995	0.0	32431711	273	320.0
1610788403.7	320000	6.001131	0.0	32680833	273	320.0
1610788404.17	320000	6.534142	0.0	30468229	220	320.0
1610788404.68	320000	7.027953	0.0	31594806	228	320.0
1610788405.28	320000	7.422925	0.0	43158259	291	320.0
1610788406.0	320000	7.705529	0.0	53696400	346	320.0
1610788406.7	320000	8.008374	0.0	49804325	301	320.0
1610788407.38	320000	8.336348	0.0	56230532	295	320.0
1610788408.04	320000	8.672423	0.0	54033728	297	320.0
1610788408.58	320000	9.132428	0.0	40265492	235	320.0
1610788409.07	320000	9.636568	0.0	37527577	202	320.0
1610788409.57	320000	10.143961	0.0	38354537	205	320.0
1610788410.04	320000	10.672402	0.0	33905183	208	320.0
1610788410.58	320000	11.133655	0.0	37964644	231	320.0
1610788411.69	320000	11.024462	0.0	91609209	490	320.0
1610788412.11	320000	11.603268	0.0	30861098	168	320.0
1610788412.79	320000	11.993463	0.0	53161890	293	320.0
1610788413.49	320000	12.379352	0.0	49661559	335	320.0
1610788413.94	320000	13.026463	0.0	27673254	211	320.0
1610788414.42	320000	13.63265	0.0	29061600	235	320.0
1610788414.91	320000	14.211793	0.0	29596558	228	320.0
1610788415.36	320000	14.829761	0.0	29264466	210	320.0
1610788415.82	320000	15.367856	0.0	29949400	218	320.0
1610788416.33	320000	15.919457	0.0	30225692	272	320.0
1610788416.83	320000	16.416071	0.0	27528494	249	320.0
1610788417.39	320000	16.90731	0.0	28959567	303	320.0
1610788417.87	320000	17.432989	0.0	27200869	244	320.0
1610788418.42	320000	17.886405	0.0	37091406	240	320.0
1610788418.91	320000	18.397639	0.0	32442772	229	320.0
1610788419.54	320000	18.768525	0.0	38733768	342	320.0
1610788420.39	320000	18.912204	0.0	43207501	522	320.0
1610788421.48	320000	18.825636	0.0	39867273	787	320.0
1610788432.28	320000	9.21111	0.0	44687216	10468	320.0
1610788433.0	320000	9.489404	0.0	37222510	438	320.0
1610788433.73	320000	9.765725	0.0	37697615	443	320.0
1610788434.06	320000	10.437942	0.0	13943369	174	320.0
1610788434.74	320000	10.750894	0.0	33909675	422	320.0
1610788435.24	320000	11.25538	0.0	25608467	278	320.0
1610788435.68	320000	11.821041	0.0	21666875	235	320.0
1610788436.22	320000	12.276194	0.0	29164819	309	320.0
1610788437.52	320000	11.980093	0.0	75257111	813	320.0
1610788438.75	320000	11.744963	0.0	71035332	773	320.0
1610788439.33	320000	12.173673	0.0	27276036	345	320.0
1610788439.83	320000	12.67556	0.0	23233775	292	320.0
1610788440.38	320000	13.1241	0.0	21096285	356	320.0
1610788441.06	320000	13.464311	0.0	28685524	439	320.0
1610788441.9	320000	13.685074	0.0	43551422	517	320.0
1610788442.96	320000	13.619199	0.0	65057331	575	320.0
1610788443.63	320000	13.954034	0.0	41329817	353	320.0
1610788444.12	320000	14.469389	0.0	30837965	249	320.0
1610788444.64	320000	14.951601	0.0	33542198	260	320.0
1610788445.27	320000	15.314991	0.0	43188629	308	320.0
1610788445.84	320000	15.753287	0.0	38404993	272	320.0
1610788446.61	320000	15.979025	0.0	50554338	425	320.0
1610788447.39	320000	16.210291	0.0	52531967	376	320.0
1610788448.13	320000	16.472367	0.0	54618297	354	320.0
1610788448.96	320000	16.887495	0.0	54267260	425	320.0
1610788449.71	320000	17.135611	0.0	46984925	387	320.0
1610788450.53	320000	17.329568	0.0	52441959	440	320.0
1610788451.38	320000	17.466605	0.0	56222410	478	320.0
1610788452.0	320000	17.847646	0.0	37045146	325	320.0
1610788453.34	320000	17.5178	0.0	31316241	1080	320.0
1610788455.56	320000	16.290135	0.0	54539886	1843	320.0
1610788456.56	320000	16.444464	0.0	54290338	560	320.0
1610788457.46	320000	16.564662	0.0	50306079	536	320.0
1610788458.17	320000	16.849843	0.0	39311524	404	320.0
1610788458.94	320000	17.086952	0.0	45141551	397	320.0
1610788459.53	320000	17.492168	0.0	38678341	314	320.0
1610788460.23	320000	17.797292	0.0	48869677	361	320.0
1610788460.88	320000	18.145854	0.0	48742469	253	320.0
1610788461.27	320000	18.755542	0.0	31052651	147	320.0
1610788461.71	320000	19.324055	0.0	35159774	165	320.0
1610788462.15	320000	19.880512	0.0	34685385	168	320.0
1610788462.64	320000	20.396782	0.0	36845249	175	320.0
1610788463.16	320000	20.97547	0.0	44043502	211	320.0
1610788463.56	320000	21.584812	0.0	28911363	148	320.0
1610788464.01	320000	22.194682	0.0	31997411	177	320.0
1610788464.56	320000	22.761517	0.0	37860562	224	320.0
1610788465.05	320000	23.377344	0.0	34218681	205	320.0
1610788467.38	320000	22.473609	0.0	30315897	2085	320.0
1610788470.48	320000	20.651822	0.0	38074030	2807	320.0
1610788472.36	320000	19.814696	0.0	31856580	1623	320.0
1610788473.22	320000	20.238844	0.0	40986530	559	320.0
1610788474.0	320000	20.749311	0.0	43161948	434	320.0
1610788477.57	320000	18.426066	0.0	39216469	3259	320.0
1610788480.23	320000	16.763868	0.0	32708889	2384	320.0
1610788481.58	320000	16.421293	0.0	16257756	1170	320.0
1610788482.87	320000	16.13087	0.0	16440860	1117	320.0
1610788483.32	320000	16.677629	0.0	12523766	305	320.0
1610788483.92	320000	17.074672	0.0	22159647	399	320.0
1610788484.36	320000	17.64317	0.0	17516376	227	320.0
1610788484.53	320000	18.472077	0.0	5119060	60	320.0
1610788484.67	320000	19.330598	0.0	3788776	45	320.0
1610788484.78	320000	20.218704	0.0	3041389	36	320.0
1610788484.84	320000	21.158935	0.0	640071	7	320.0
1610788484.93	320000	22.070644	0.0	3111318	36	320.0
1610788485.4	60000	1.000999	0.141	377897	2	-45.12
1610788485.81	320000	2.001999	0.0	14912671	178	60.0
1610788486.36	320000	2.5212	0.0	24265636	277	320.0
1610788486.81	320000	3.065947	0.0	22711544	237	320.0
1610788487.21	320000	3.673506	0.0	19639705	205	320.0
1610788487.62	320000	4.335382	0.0	20946809	207	320.0
1610788487.88	320000	5.075577	0.0	11895609	117	320.0
1610788488.07	320000	5.913653	0.0	7597636	76	320.0
1610788489.33	320000	5.730354	0.0	56067905	613	320.0
1610788490.19	320000	5.941306	0.0	46062054	517	320.0
1610788493.21	320000	3.944153	0.0	60496562	2602	320.0
1610788494.93	320000	3.229282	0.0	90475604	876	320.0
