1610787349.57	60000	1.000999	0.033	336477	21	-10.560000000000002
1610787350.72	40000	1.250708	0.0	14648397	1000	20.0
1610787352.62	80000	1.341966	0.957	22644885	1729	-266.24
1610787353.91	80000	1.421908	0.349	17135714	1204	-31.680000000000007
1610787354.91	80000	1.443996	0.0	13114792	925	80.0
1610787355.78	80000	1.627017	0.0	11497228	797	80.0
1610787356.48	110000	1.932698	0.0	9099663	631	80.0
1610787357.15	110000	2.259752	0.0	7044111	626	110.0
1610787359.78	80000	1.281402	0.65	29583867	2404	-158.0
1610787361.01	80000	1.432429	0.383	15816325	1143	-42.56
1610787362.25	80000	1.31599	0.123	15275967	1165	40.64
1610787363.79	80000	1.439378	0.657	20600381	1429	-130.24
1610787365.16	80000	1.31413	0.251	17710542	1278	-0.3199999999999932
1610787365.81	80000	1.667202	0.0	7412644	594	80.0
1610787366.61	80000	1.870426	0.0	9055732	738	80.0
1610787367.37	80000	2.113735	0.0	9337721	696	80.0
1610787367.66	80000	2.819039	0.0	3201928	267	80.0
1610787368.31	80000	3.169786	0.0	6731501	604	80.0
1610787368.77	80000	3.718166	0.0	4543558	416	80.0
1610787370.58	80000	2.908466	0.0	20277060	1682	80.0
1610787371.76	80000	2.725043	0.0	14877694	1096	80.0
1610787372.61	80000	2.879165	0.0	11453319	771	80.0
1610787373.71	80000	2.782526	0.0	13274781	1019	80.0
1610787374.82	80000	2.667407	0.0	14862949	1026	80.0
1610787375.63	80000	2.86088	0.0	10513690	742	80.0
1610787376.81	110000	2.680319	0.0	11073078	1102	80.0
1610787379.71	80000	1.362496	0.576	34554431	2710	-134.32
1610787382.6	80000	1.439268	1.97	37801487	2657	-550.4
1610787383.16	80000	1.884753	0.0	7180834	500	80.0
1610787383.76	80000	2.282465	0.0	7801969	548	80.0
1610787384.27	80000	2.776435	0.0	6381056	463	80.0
1610787384.81	80000	3.229568	0.0	6393963	502	80.0
1610787385.55	110000	3.492464	0.0	7610374	683	80.0
1610787386.94	80000	3.109172	0.0	5739662	1338	50.0
1610787387.4	40000	3.646668	0.0	3105896	430	0.0
1610787387.78	40000	4.26277	0.0	2659767	357	40.0
1610787388.27	40000	4.775961	0.0	3460653	457	40.0
1610787388.61	40000	5.436743	0.0	2382623	315	40.0
1610787388.99	40000	6.062345	0.0	2243677	352	40.0
1610787389.56	40000	6.496238	0.0	3408862	535	40.0
1610787390.0	40000	7.053923	0.0	5061692	404	40.0
1610787392.73	60000	5.328086	0.0	20100626	2601	40.0
1610787394.05	60000	5.006004	0.0	17639418	1214	60.0
1610787394.23	60000	5.827843	0.0	3174755	149	60.0
1610787394.72	60000	6.339781	0.0	9032460	432	60.0
1610787395.31	60000	6.743976	0.0	8531701	540	60.0
1610787395.99	80000	7.064602	0.0	8720528	621	60.0
1610787396.94	110000	7.120583	0.0	11196580	873	80.0
1610787397.68	110000	7.384747	0.0	9698716	675	110.0
1610787398.07	110000	7.995008	0.0	4738333	352	110.0
1610787398.56	110000	8.499627	0.0	6072231	452	110.0
1610787398.85	80000	9.215133	0.0	3468038	253	50.0
1610787398.96	80000	10.108796	0.0	1235756	89	80.0
1610787399.05	80000	11.019341	0.0	1010776	72	80.0
1610787399.42	80000	11.648092	0.0	4682485	339	80.0
1610787399.87	80000	12.193073	0.0	5642819	417	80.0
1610787400.36	80000	12.71143	0.0	5815666	441	80.0
1610787401.03	80000	13.040178	0.0	7667415	623	80.0
1610787401.6	80000	13.467411	0.0	6118130	532	80.0
1610787402.05	80000	14.019959	0.0	5098216	411	80.0
1610787402.57	80000	14.5046	0.0	5982646	476	80.0
1610787403.18	80000	14.892627	0.0	6905077	566	80.0
1610787403.84	80000	15.230227	0.0	7258180	611	80.0
1610787404.43	80000	15.642127	0.0	5903236	548	80.0
1610787405.01	80000	16.07148	0.0	5922485	527	80.0
1610787405.61	80000	16.469191	0.0	6487715	558	80.0
1610787406.53	80000	16.551387	0.0	10395993	855	80.0
1610787407.51	80000	16.572559	0.0	12476436	907	80.0
1610787408.33	80000	16.753812	0.0	10883852	755	80.0
1610787409.53	80000	16.554882	0.0	13889966	1116	80.0
1610787410.83	80000	16.254691	0.0	12943936	1218	80.0
1610787411.5	80000	16.578929	0.0	8355811	622	80.0
1610787412.13	80000	16.961355	0.0	7699623	565	80.0
1610787412.82	80000	17.260716	0.0	8697196	633	80.0
1610787413.57	80000	17.517819	0.0	8539884	686	80.0
1610787414.45	80000	17.647784	0.0	10111273	806	80.0
1610787417.27	80000	15.820035	0.0	34025057	2620	80.0
1610787417.95	80000	16.142454	0.0	8652970	620	80.0
1610787419.1	80000	16.088801	0.0	12877164	978	80.0
1610787420.06	80000	16.0365	0.0	11975956	883	80.0
1610787420.53	80000	16.560907	0.0	6280571	420	80.0
1610787421.03	80000	17.060903	0.0	6681274	454	80.0
1610787421.79	110000	17.305343	0.0	9945160	687	80.0
1610787422.57	110000	17.52742	0.0	9471489	719	110.0
1610787423.34	110000	17.758334	0.0	9833576	706	110.0
1610787424.12	110000	17.977552	0.0	10023423	716	110.0
1610787424.84	110000	18.25958	0.0	8908280	659	110.0
1610787425.56	110000	18.534827	0.0	9004051	658	110.0
1610787426.06	80000	19.037924	0.0	6270064	449	50.0
1610787427.08	110000	19.019692	0.0	13175394	933	80.0
1610787428.18	110000	18.919638	0.0	14191823	1018	110.0
1610787429.17	110000	18.934156	0.0	12316520	914	110.0
1610787430.37	110000	18.737374	0.0	13245175	1115	110.0
1610787431.13	80000	18.975779	0.0	8818409	699	50.0
1610787432.23	80000	18.872847	0.0	10884020	1035	80.0
1610787433.06	80000	19.049359	0.0	9684889	764	80.0
1610787433.84	80000	19.272923	0.0	10113016	716	80.0
1610787434.15	80000	19.969519	0.0	3986512	268	80.0
1610787434.79	80000	20.31824	0.0	8761637	588	80.0
1610787435.28	80000	20.829028	0.0	6255843	447	80.0
1610787435.88	110000	21.240412	0.0	7401667	537	80.0
1610787436.62	110000	21.497922	0.0	9761239	670	110.0
1610787439.17	110000	19.940458	0.0	30352856	2372	110.0
1610787440.85	80000	19.269824	0.0	19576633	1541	50.0
1610787441.47	80000	19.648369	0.0	6968696	575	80.0
1610787441.89	80000	20.2268	0.0	4651140	384	80.0
1610787442.2	80000	20.921016	0.0	3942750	273	80.0
1610787442.7	80000	21.414966	0.0	6587403	453	80.0
1610787443.73	80000	21.386048	0.0	12556616	952	80.0
1610787445.51	80000	20.61824	0.0	21334076	1644	80.0
1610787446.44	80000	20.681442	0.0	12161730	853	80.0
1610787447.08	80000	21.045419	0.0	8326048	584	80.0
1610787447.77	80000	21.350052	0.0	8972855	635	80.0
1610787448.42	80000	21.704439	0.0	8446369	589	80.0
1610787449.0	80000	22.12998	0.0	7511410	523	80.0
1610787450.31	110000	21.813508	0.0	16960361	1207	80.0
1610787451.65	110000	21.47688	0.0	17875878	1231	110.0
1610787453.05	110000	21.081126	0.0	17343962	1285	110.0
1610787454.38	110000	20.752768	0.0	17781436	1224	110.0
1610787455.83	110000	20.297088	0.0	16547208	1352	110.0
1610787456.81	80000	20.324194	0.0	12501375	896	50.0
1610787457.97	80000	20.163369	0.0	13457876	1081	80.0
1610787458.69	80000	20.446831	0.0	8587729	660	80.0
1610787459.32	80000	20.814096	0.0	7067075	583	80.0
1610787460.61	80000	20.524726	0.0	13578682	1206	80.0
1610787461.7	80000	20.435145	0.0	13658286	1011	80.0
1610787462.76	80000	20.373824	0.0	13106871	979	80.0
1610787463.67	80000	20.470683	0.0	9469564	842	80.0
1610787464.89	80000	20.253324	0.0	12216668	1140	80.0
1610787465.7	80000	20.445132	0.0	9408461	743	80.0
1610787466.66	80000	20.486829	0.0	12195097	883	80.0
1610787467.72	80000	20.427965	0.0	12613176	982	80.0
1610787468.3	80000	20.842578	0.0	6800911	537	80.0
1610787468.93	80000	21.21984	0.0	8020179	567	80.0
1610787469.67	80000	21.471394	0.0	7882490	696	80.0
1610787470.46	80000	21.68354	0.0	8469705	732	80.0
1610787471.35	80000	21.79494	0.0	10869298	822	80.0
1610787471.99	80000	22.162728	0.0	8336931	574	80.0
1610787472.74	80000	22.414966	0.0	9782551	688	80.0
1610787473.73	80000	22.423675	0.0	11598573	917	80.0
1610787474.52	80000	22.634541	0.0	9254020	731	80.0
1610787475.07	80000	23.08546	0.0	6922363	503	80.0
1610787475.74	80000	23.417703	0.0	8494032	610	80.0
1610787476.29	80000	23.862192	0.0	6723557	510	80.0
1610787477.26	80000	23.898941	0.0	9962942	900	80.0
1610787478.24	80000	23.917396	0.0	10840351	915	80.0
1610787478.92	80000	24.2343	0.0	8732970	628	80.0
1610787479.89	80000	24.273759	0.0	7562882	911	80.0
1610787480.37	80000	24.79193	0.0	3563377	450	80.0
1610787480.83	80000	25.335593	0.0	4074589	425	80.0
1610787481.1	60000	26.063045	0.0	2342869	243	40.0
1610787481.38	60000	26.78277	0.0	3304851	252	60.0
1610787481.61	60000	27.555757	0.0	2809840	201	60.0
1610787481.69	60000	28.477673	0.0	891813	63	60.0
1610787481.79	80000	29.376024	0.0	1146202	82	60.0
1610787481.83	80000	30.332277	0.0	447883	31	80.0
1610787481.86	60000	31.31175	0.0	124268	8	40.0
1610787481.87	40000	32.295657	0.0	87916	5	20.0
1610787481.89	40000	32.71079	5.949	33076	11	-1903.68
1610787482.23	60000	1.000999	-5.892	336477	16	1925.44
1610787483.12	40000	1.406937	0.0	14648397	756	20.0
1610787484.15	80000	1.428468	0.0	22644885	831	40.0
1610787484.87	110000	1.767465	0.0	21016487	583	80.0
1610787485.42	110000	2.236305	0.0	17473873	448	110.0
1610787486.03	160000	2.688491	0.0	20946809	467	110.0
1610787486.33	160000	3.383896	0.0	11895609	234	160.0
1610787486.5	160000	4.238151	0.0	7597636	122	160.0
1610787487.9	320000	3.865667	0.0	56067905	857	160.0
1610787488.67	320000	4.101331	0.0	46062054	513	320.0
1610787489.67	320000	4.10674	0.0	60496562	565	320.0
1610787491.14	320000	3.630996	0.0	90475604	687	320.0
1610787492.71	320000	3.059436	0.0	94557637	992	320.0
1610787493.3	320000	3.482091	0.0	48403531	286	320.0
1610787494.13	320000	3.757118	0.0	63326685	449	320.0
1610787495.0	320000	4.163128	0.0	66782145	470	320.0
1610787495.18	320000	4.99207	0.0	13212243	91	320.0
1610787495.54	320000	5.645186	0.0	29387773	182	320.0
1610787495.77	320000	6.544113	0.0	17336677	103	320.0
1610787497.43	320000	5.972348	0.0	126296507	723	320.0
1610787498.91	320000	5.586322	0.0	96707447	908	320.0
1610787499.83	320000	5.664896	0.0	72904162	481	320.0
1610787501.77	320000	4.724721	0.0	66993756	1520	320.0
1610787503.46	320000	4.333078	0.0	92389329	1153	320.0
1610787504.67	320000	4.491298	0.0	70549633	733	320.0
1610787505.42	320000	4.784735	0.0	50094571	455	320.0
1610787507.13	320000	4.164555	0.0	124391138	946	320.0
