1610853932.1	60000	1.000999	0.162	336477	117	-51.84
1610853933.28	60000	1.212585	0.027	14898753	916	51.36
1610853934.02	40000	1.502001	0.0	17616813	503	20.0
1610853934.38	40000	2.142114	0.0	8581118	206	40.0
1610853935.0	320000	2.569548	0.0	19639705	348	40.0
1610853935.6	320000	2.982853	0.0	20946809	369	320.0
1610853935.96	320000	3.637347	0.0	11895609	196	320.0
1610853936.23	320000	4.371284	0.0	7597636	124	320.0
1610853937.77	320000	3.852137	0.0	56067905	940	320.0
1610853938.87	320000	3.750198	0.0	46062054	762	320.0
1610853941.08	320000	2.536251	0.0	60496562	1703	320.0
1610853944.06	320000	1.003486	0.435	90475604	2163	180.8
1610853946.75	320000	1.24292	1.934	94557637	2103	-298.88
1610853948.15	320000	1.443489	0.449	48403531	1055	176.32
1610853949.93	320000	1.393347	0.725	63326685	1355	88.0
1610853951.78	320000	1.344227	0.81	66782145	1420	60.80000000000001
1610853952.25	320000	1.877649	0.0	13212243	288	320.0
1610853953.12	320000	2.005253	0.0	29387773	615	320.0
1610853953.68	320000	2.4449	0.0	17336677	367	320.0
1610853957.13	320000	0.958236	0.959	126296507	2542	13.120000000000005
1610853959.68	320000	1.223066	1.589	96707447	1939	-188.48000000000002
1610853961.5	320000	1.384541	0.883	72904162	1349	37.44
1610853963.08	320000	1.150813	0.348	66993756	1116	208.64
1610853965.02	320000	1.352182	1.146	92389329	1369	-46.72000000000003
1610853968.4	320000	1.490752	2.534	70549633	2922	-490.88
1610853970.3	320000	1.403618	0.746	50094571	1558	81.28
1610853975.59	320000	1.378029	4.273	124391138	4604	-1047.36
1610853980.44	320000	1.172326	3.413	139539685	3905	-772.1600000000001
1610853983.27	320000	1.461956	1.672	44512381	2485	-215.03999999999996
1610853984.94	320000	1.499967	0.597	46257154	1359	128.96
1610853986.22	320000	1.378167	0.022	34846600	988	312.96
1610853987.7	320000	1.348035	0.251	33828007	1215	239.68
1610853988.82	320000	1.310214	0.073	30396599	837	296.64
1610853989.9	320000	1.438432	0.21	30979822	826	252.8
1610853991.09	320000	1.317248	0.072	33204608	912	296.96
1610853991.97	320000	1.441789	0.0	23618590	635	320.0
1610853992.97	320000	1.441958	0.0	27475995	738	320.0
1610853993.93	320000	1.486434	0.0	26460007	708	320.0
1610853994.92	320000	1.497616	0.0	26763657	736	320.0
1610853996.1	320000	1.383229	0.071	33826873	904	297.28
1610853997.5	320000	1.292625	0.311	41214174	1114	220.48000000000002
1610854000.06	320000	1.360253	1.623	83204731	2034	-199.36
1610854002.38	320000	1.443946	1.443	75539257	1880	-141.76
1610854003.01	320000	1.81771	0.0	16577177	423	320.0
1610854004.06	320000	1.771587	0.0	39814357	729	320.0
1610854005.35	320000	1.482783	0.0	50277186	904	320.0
1610854006.62	320000	1.280112	0.093	43375920	940	290.24
1610854007.99	320000	1.343681	0.405	39748690	1067	190.4
1610854008.83	320000	1.504944	0.0	32725949	566	320.0
1610854009.3	320000	2.043138	0.0	15673611	277	320.0
1610854009.87	320000	2.465978	0.0	20850595	360	320.0
1610854010.29	320000	3.054135	0.0	16458609	211	320.0
1610854010.55	320000	3.792761	0.0	8700077	108	320.0
1610854010.8	320000	4.544105	0.0	8292135	103	320.0
1610854011.33	320000	5.018255	0.0	22212109	306	320.0
1610854011.99	320000	5.356168	0.0	27931458	412	320.0
1610854012.79	320000	5.561051	0.0	28076035	547	320.0
1610854013.7	320000	5.644387	0.0	34615012	633	320.0
1610854014.54	320000	5.80888	0.0	31574841	562	320.0
1610854015.71	320000	5.641252	0.0	28857310	902	320.0
1610854017.76	320000	4.591566	0.0	30799251	1765	320.0
1610854019.15	320000	4.198019	0.0	29900862	1126	320.0
1610854020.59	320000	3.764643	0.0	32431711	1161	320.0
1610854022.02	320000	3.335368	0.0	32680833	1150	320.0
1610854023.35	320000	3.000239	0.0	30468229	1069	320.0
1610854024.71	320000	2.64654	0.0	31594806	1072	320.0
1610854026.45	320000	1.904157	0.0	43158259	1411	320.0
1610854028.47	320000	1.214777	0.329	53696400	1673	214.72
1610854030.31	320000	1.37405	0.888	49804325	1484	35.839999999999975
1610854032.26	320000	1.402136	0.941	56230532	1603	18.879999999999995
1610854034.08	320000	1.271503	0.658	54033728	1471	109.44
1610854035.36	320000	1.463083	0.504	40265492	989	158.72
1610854036.5	320000	1.362099	0.042	37527577	839	306.56
1610854037.67	320000	1.224172	0.025	38354537	856	312.0
1610854074.09	320000	1.288883	35.48	33905183	36150	-11033.6
1610854074.33	40000	2.050339	0.0	5066445	99	-240.0
1610854074.91	40000	2.471367	0.0	18183186	375	40.0
1610854075.13	40000	3.249857	0.0	4623087	89	40.0
1610854075.4	40000	3.982171	0.0	6754819	126	40.0
1610854075.66	40000	4.722283	0.0	6222613	118	40.0
1610854076.45	320000	4.932355	0.0	27673254	537	40.0
1610854078.8	320000	3.587311	0.0	29061600	2093	320.0
1610854080.09	320000	3.293405	0.0	29596558	1035	320.0
1610854088.02	320000	1.27827	4.916	29264466	7680	-1253.12
1610854089.35	160000	1.445511	0.493	14393788	1123	-157.76
1610854090.78	160000	1.439542	0.426	14649457	1267	23.680000000000007
1610854092.02	160000	1.367142	0.161	13409715	1067	108.47999999999999
1610854092.96	110000	1.425632	0.0	9004051	752	60.0
1610854093.83	110000	1.560144	0.0	8764764	714	110.0
1610854094.91	110000	1.47787	0.0	13175394	908	110.0
1610854096.07	110000	1.316476	0.0	14191823	983	110.0
1610854097.17	110000	1.28332	0.065	12316520	927	89.2
1610854098.36	110000	1.342838	0.25	13245175	1026	30.0
1610854099.68	110000	1.351935	0.319	12490444	1150	7.920000000000002
1610854101.1	110000	1.422073	0.494	15265366	1252	-48.08000000000001
1610854102.35	110000	1.416984	0.242	13365138	1056	32.56
1610854103.1	110000	1.671111	0.0	13994870	564	110.0
1610854103.77	320000	1.992183	0.0	13943369	494	110.0
1610854105.19	320000	1.580002	0.0	33909675	1109	320.0
1610854106.23	320000	1.535379	0.0	25608467	800	320.0
1610854107.13	320000	1.64707	0.0	21666875	660	320.0
1610854108.24	320000	1.527164	0.0	29164819	856	320.0
1610854110.86	320000	1.25586	1.344	75257111	2113	-110.07999999999998
1610854113.29	320000	1.306254	1.441	71035332	2005	-141.12
1610854114.3	320000	1.473681	0.204	27276036	774	254.72
1610854115.2	320000	1.588314	0.0	23233775	655	320.0
1610854116.02	320000	1.7618	0.0	21096285	592	320.0
1610854117.05	320000	1.730092	0.0	28685524	776	320.0
1610854118.56	320000	1.317004	0.096	43551422	1173	289.28
1610854120.66	320000	1.279358	1.064	65057331	1667	-20.480000000000018
1610854122.05	320000	1.374924	0.367	41329817	1067	202.56
1610854123.01	320000	1.477343	0.065	30837965	701	299.2
1610854124.03	320000	1.461735	0.0	33542198	727	320.0
1610854125.24	320000	1.305957	0.049	43188629	866	304.32
1610854126.26	320000	1.361468	0.082	38404993	717	293.76
1610854127.48	320000	1.39633	0.251	50554338	864	239.68
1610854128.7	320000	1.297368	0.117	52531967	816	282.56
1610854129.85	320000	1.464003	0.315	54618297	765	219.2
1610854130.95	320000	1.47474	0.0	54267260	700	320.0
