1610819304.56	60000	1.000999	0.537	336477	525	-171.84
1610819312.31	40000	1.480998	6.869	14648397	7639	-2178.08
1610819313.68	40000	1.343745	0.203	17616813	1260	-24.959999999999994
1610819314.38	40000	1.677058	0.0	8581118	640	40.0
1610819314.77	40000	2.306112	0.0	4726840	353	40.0
1610819315.05	40000	3.022187	0.0	3421740	257	40.0
1610819315.22	40000	3.873573	0.0	1987360	148	40.0
1610819315.41	40000	4.68779	0.0	2185110	164	40.0
1610819316.17	40000	4.932818	0.0	9295618	699	40.0
1610819316.66	40000	5.443524	0.0	5971357	448	40.0
1610819317.25	40000	5.861118	0.0	7669174	533	40.0
1610819318.57	60000	5.529483	0.0	15230785	1228	40.0
1610819319.43	40000	5.670112	0.0	9449433	796	20.0
1610819319.77	40000	6.337556	0.0	3829326	302	40.0
1610819320.31	60000	6.798291	0.0	6789212	480	40.0
1610819321.05	80000	7.060821	0.0	9337721	673	60.0
1610819321.31	80000	7.800797	0.0	3201928	232	80.0
1610819322.18	110000	7.936015	0.0	9838179	793	80.0
1610819322.75	110000	8.355695	0.0	6126794	528	110.0
1610819324.96	110000	7.149194	0.0	26576979	1977	110.0
1610819326.14	80000	6.969997	0.0	14877694	1083	50.0
1610819327.13	80000	6.985523	0.0	11453319	916	80.0
1610819328.26	80000	6.85349	0.0	13274781	1055	80.0
1610819329.36	80000	6.756392	0.0	14862949	1012	80.0
1610819330.17	80000	6.949497	0.0	10513690	734	80.0
1610819330.81	80000	7.306908	0.0	8329186	590	80.0
1610819333.66	80000	5.459775	0.0	34554431	2603	80.0
1610819335.32	40000	4.802505	0.0	20723782	1526	0.0
1610819335.59	40000	5.526957	0.0	3622285	248	40.0
1610819335.89	40000	6.233798	0.0	3854472	264	40.0
1610819336.25	60000	6.870041	0.0	4738322	326	40.0
1610819336.74	80000	7.379733	0.0	6393963	440	60.0
1610819337.19	80000	7.93662	0.0	5578363	401	80.0
1610819337.8	110000	8.32178	0.0	7822163	562	80.0
1610819338.46	110000	8.662353	0.0	8433079	602	110.0
1610819339.01	110000	9.117609	0.0	6951419	496	110.0
1610819339.69	110000	9.444245	0.0	8625024	615	110.0
1610819340.56	160000	9.573599	0.0	10142396	794	110.0
1610819341.38	160000	9.746307	0.0	10185488	764	160.0
1610819342.76	160000	9.372477	0.0	14061455	1292	160.0
1610819344.28	160000	8.853262	0.0	20074099	1402	160.0
1610819346.91	110000	7.219368	0.0	33926116	2425	60.0
1610819348.64	80000	6.491778	0.0	22860019	1588	50.0
1610819350.29	80000	5.843642	0.0	4146191	1613	80.0
1610819355.48	60000	1.655239	0.0	9032460	5119	40.0
1610819357.49	40000	1.313195	0.666	5516229	1964	-193.12
1610819358.33	40000	1.471685	0.0	3897146	807	40.0
1610819358.98	40000	1.821468	0.0	3491407	623	40.0
1610819359.71	40000	2.096439	0.0	3184630	697	40.0
1610819360.13	40000	2.675655	0.0	1728577	399	40.0
1610819360.68	40000	3.126754	0.0	2155907	526	40.0
1610819361.08	40000	3.732553	0.0	1753721	374	40.0
1610819361.21	40000	4.601353	0.0	618968	117	40.0
1610819361.31	40000	5.496723	0.0	482994	90	40.0
1610819361.79	40000	6.018667	0.0	2354236	456	40.0
1610819362.62	60000	6.194733	0.0	4154630	787	40.0
1610819363.78	60000	6.030466	0.0	4281107	1122	60.0
1610819365.23	60000	5.588066	0.0	5707279	1402	60.0
1610819365.89	40000	5.92176	0.0	2697401	640	20.0
1610819366.74	60000	6.076317	0.0	3533955	813	40.0
1610819367.76	60000	6.061877	0.0	4257694	981	60.0
1610819368.8	60000	6.021939	0.0	5050780	1001	60.0
1610819370.12	60000	5.697142	0.0	5270336	1289	60.0
1610819370.68	40000	6.144297	0.0	2472824	527	20.0
1610819371.6	60000	6.223835	0.0	4164335	886	40.0
1610819372.64	60000	6.179835	0.0	4586890	1011	60.0
1610819374.29	60000	5.537408	0.0	7674948	1589	60.0
1610819375.39	40000	5.432421	0.0	5759046	1062	20.0
1610819376.28	40000	5.54309	0.0	4905689	850	40.0
1610819377.5	40000	5.330383	0.0	6695853	1162	40.0
1610819378.69	40000	5.138773	0.0	6133072	1149	40.0
1610819379.49	40000	5.340144	0.0	3789723	769	40.0
1610819380.27	40000	5.560511	0.0	3478014	752	40.0
1610819381.18	40000	5.648067	0.0	4098626	881	40.0
1610819381.97	40000	5.860916	0.0	4165439	754	40.0
1610819383.13	60000	5.701336	0.0	7595952	1108	40.0
1610819385.66	40000	4.169184	0.0	18183186	2413	20.0
1610819386.38	40000	4.454145	0.0	4623087	681	40.0
1610819387.57	40000	4.268947	0.0	6754819	1141	40.0
1610819388.51	40000	4.321949	0.0	6222613	904	40.0
1610819388.94	40000	4.895825	0.0	3078962	400	40.0
1610819389.37	40000	5.470633	0.0	3080827	398	40.0
1610819389.86	40000	5.979548	0.0	3535232	460	40.0
1610819390.54	60000	6.301241	0.0	5028861	639	40.0
1610819391.22	60000	6.617838	0.0	5304043	645	60.0
1610819392.05	80000	6.790303	0.0	7243569	775	60.0
1610819392.72	80000	7.126921	0.0	6378767	618	80.0
1610819393.39	80000	7.4557	0.0	6369153	626	80.0
1610819394.07	80000	7.77976	0.0	6270064	631	80.0
1610819395.3	110000	7.547762	0.0	13175394	1154	80.0
1610819396.46	110000	7.385157	0.0	14191823	1079	110.0
1610819397.19	80000	7.65683	0.0	8798342	671	50.0
1610819398.06	110000	7.794007	0.0	13245175	785	80.0
1610819398.88	110000	7.972702	0.0	12490444	749	110.0
1610819399.73	110000	8.119416	0.0	15265366	769	110.0
1610819400.5	110000	8.354889	0.0	13365138	680	110.0
1610819401.32	110000	8.533639	0.0	13994870	741	110.0
1610819401.58	110000	9.27996	0.0	5391903	217	110.0
1610819402.14	110000	9.717748	0.0	12114555	489	110.0
1610819402.76	160000	10.092843	0.0	12839336	547	110.0
1610819403.29	160000	10.563519	0.0	10779770	453	160.0
1610819403.97	160000	10.88429	0.0	14606687	592	160.0
1610819405.73	160000	10.124757	0.0	41866951	1459	160.0
1610819407.28	160000	9.578799	0.0	37238410	1326	160.0
1610819407.89	160000	9.978938	0.0	14347759	511	160.0
1610819408.35	160000	10.513849	0.0	11399187	392	160.0
1610819408.75	160000	11.112082	0.0	10358641	339	160.0
1610819409.31	160000	11.556691	0.0	14315696	465	160.0
1610819410.16	160000	11.708726	0.0	23283631	713	160.0
1610819411.3	160000	11.561665	0.0	37521367	938	160.0
1610819411.96	160000	11.905313	0.0	22241104	522	160.0
1610819412.41	160000	12.455168	0.0	15813346	353	160.0
1610819412.88	160000	12.990673	0.0	17116450	353	160.0
1610819413.37	160000	13.496915	0.0	18867054	381	160.0
1610819413.8	160000	14.069016	0.0	17393609	320	160.0
1610819414.4	160000	14.475721	0.0	24759401	450	160.0
1610819415.0	160000	14.870407	0.0	25782433	432	160.0
1610819415.62	160000	15.253602	0.0	25885372	443	160.0
1610819416.97	320000	14.903495	0.0	54267260	940	160.0
1610819417.53	160000	15.348456	0.0	23865378	410	0.0
1610819418.69	320000	15.187886	0.0	52441959	867	160.0
1610819419.86	320000	15.019652	0.0	56222410	865	320.0
1610819420.63	320000	15.250762	0.0	37045146	555	320.0
1610819421.27	320000	15.60783	0.0	31316241	454	320.0
1610819423.24	320000	14.643047	0.0	54539886	1625	320.0
1610819423.77	160000	15.117145	0.0	27714923	354	0.0
1610819424.71	320000	15.177105	0.0	50306079	650	160.0
1610819425.47	320000	15.418469	0.0	39311524	530	320.0
1610819426.34	320000	15.54265	0.0	45141551	616	320.0
1610819428.61	320000	14.272812	0.0	38678341	2055	320.0
1610819429.0	160000	14.88731	0.0	23977420	232	0.0
1610819429.38	160000	15.510731	0.0	24493733	237	160.0
1610819429.87	320000	16.020557	0.0	31052651	310	160.0
1610819430.45	320000	16.443483	0.0	35159774	352	320.0
1610819431.21	320000	16.71536	0.0	34685385	534	320.0
1610819431.88	320000	17.172944	0.0	36845249	441	320.0
1610819432.66	320000	17.390567	0.0	44043502	517	320.0
1610819433.26	320000	17.829923	0.0	28911363	419	320.0
1610819433.93	320000	18.203783	0.0	31997411	467	320.0
1610819434.7	320000	18.5748	0.0	37860562	534	320.0
1610819435.34	320000	18.957066	0.0	34218681	435	320.0
1610819435.86	320000	19.438339	0.0	30315897	332	320.0
1610819436.51	320000	19.787538	0.0	38074030	416	320.0
1610819437.11	320000	20.195809	0.0	31856580	402	320.0
1610819437.87	320000	20.778232	0.0	40986530	510	320.0
1610819438.66	320000	20.989891	0.0	43161948	532	320.0
1610819439.4	320000	21.254898	0.0	39216469	500	320.0
1610819439.95	320000	21.801673	0.0	32708889	342	320.0
1610819440.23	320000	22.573004	0.0	16257756	168	320.0
1610819440.52	320000	23.289142	0.0	16440860	180	320.0
1610819440.75	320000	24.054407	0.0	12523766	152	320.0
1610819441.17	320000	24.643206	0.0	22159647	273	320.0
1610819441.5	320000	25.314102	0.0	17516376	221	320.0
1610819441.61	320000	26.201514	0.0	5119060	76	320.0
1610819441.7	320000	27.115099	0.0	3788776	56	320.0
1610819441.77	320000	28.040083	0.0	3041389	45	320.0
1610819441.8	320000	29.013361	0.0	640071	10	320.0
1610819441.88	320000	29.938245	0.0	3111318	46	320.0
1610819442.19	60000	1.000999	0.038	337339	9	-12.159999999999997
1610819442.55	40000	2.001999	0.0	14648397	203	20.0
1610819442.86	40000	2.744018	0.0	17616813	186	40.0
1610819443.01	40000	3.596968	0.0	8581118	90	40.0
1610819443.1	40000	4.512736	0.0	4726840	50	40.0
1610819443.16	40000	5.45111	0.0	3421740	36	40.0
1610819443.2	40000	6.408623	0.0	1987360	22	40.0
1610819443.28	60000	7.331458	0.0	3830488	40	40.0
1610819443.91	80000	7.706028	0.0	29583867	333	60.0
1610819444.42	110000	8.318565	0.0	28884539	333	80.0
1610819444.89	110000	8.878012	0.0	26873304	304	110.0
1610819445.48	110000	9.307598	0.0	33588177	381	110.0
1610819446.46	160000	9.356422	0.0	50637608	581	110.0
1610819446.76	160000	10.052399	0.0	19559369	182	160.0
1610819447.1	160000	10.718582	0.0	22224402	207	160.0
1610819447.45	160000	11.371459	0.0	22578365	211	160.0
1610819447.6	160000	12.222181	0.0	8346702	96	160.0
1610819447.88	160000	12.94589	0.0	15775481	182	160.0
1610819448.04	160000	13.782359	0.0	9163235	106	160.0
1610819448.73	160000	14.096793	0.0	41307095	453	160.0
1610819449.16	160000	14.667529	0.0	28763893	264	160.0
1610819449.48	160000	15.349749	0.0	21266416	195	160.0
1610819450.68	320000	15.14407	0.0	66993756	734	160.0
1610819452.1	320000	14.723643	0.0	92389329	651	320.0
1610819452.44	160000	15.388364	0.0	20329780	181	0.0
1610819453.24	320000	15.587077	0.0	50094571	516	160.0
1610819455.33	320000	14.498611	0.0	124391138	1231	320.0
1610819456.28	160000	14.552352	0.0	66935122	570	0.0
