1607465662.82	40000	1.000999	0.016	334476	4	-2.5600000000000023
1607465663.22	160000	1.89867	0.0	14912671	224	40.0
1607465663.81	160000	2.414179	0.0	24265636	362	160.0
1607465664.25	160000	2.967375	0.0	22711544	310	160.0
1607465664.63	160000	3.593357	0.0	19639705	258	160.0
1607465665.03	160000	4.219608	0.0	20946809	277	160.0
1607465665.24	160000	5.01013	0.0	11895609	139	160.0
1607465665.38	160000	5.904195	0.0	7597636	88	160.0
1607465666.51	160000	5.854454	0.0	56067905	637	160.0
1607465667.23	160000	6.159198	0.0	45444680	464	160.0
1607465668.13	160000	6.287499	0.0	54798068	592	160.0
1607465669.35	160000	6.07706	0.0	69464107	722	160.0
1607465670.29	160000	6.136555	0.0	50637608	650	160.0
1607465670.59	160000	6.830841	0.0	19559369	190	160.0
1607465670.94	160000	7.483893	0.0	22224402	216	160.0
1607465671.35	160000	8.071071	0.0	22578365	277	160.0
1607465671.51	160000	8.91064	0.0	8346702	103	160.0
1607465671.82	160000	9.613459	0.0	15775481	195	160.0
1607465671.99	160000	10.438481	0.0	9163235	113	160.0
1607465672.64	160000	10.786508	0.0	41307095	413	160.0
1607465673.11	160000	11.321583	0.0	28763893	287	160.0
1607465673.48	160000	11.955559	0.0	21266416	242	160.0
1607465673.9	160000	12.533484	0.0	23702229	270	160.0
1607465674.34	160000	13.089722	0.0	27580394	283	160.0
1607465674.68	160000	13.750101	0.0	20329780	204	160.0
1607465674.96	160000	14.484847	0.0	16109183	162	160.0
1607465676.01	160000	14.47999	0.0	58830800	718	160.0
1607465676.9	160000	14.592636	0.0	66935122	533	160.0
1607465677.1	160000	15.391269	0.0	15251076	116	160.0
1607465677.32	160000	16.173703	0.0	16574034	117	160.0
1607465677.49	160000	17.004559	0.0	13009028	91	160.0
1607465677.65	160000	17.841531	0.0	12791674	90	160.0
1607465677.8	160000	18.694746	0.0	11137898	78	160.0
1607465677.95	160000	19.546339	0.0	11485310	81	160.0
1607465678.11	160000	20.385652	0.0	12428518	87	160.0
1607465678.25	160000	21.253341	0.0	9963766	71	160.0
1607465678.41	160000	22.094056	0.0	12189364	86	160.0
1607465678.54	160000	22.958964	0.0	10142396	73	160.0
1607465678.68	160000	23.824133	0.0	10185488	72	160.0
1607465678.87	160000	24.633604	0.0	14061455	107	160.0
1607465679.14	160000	25.369755	0.0	20074099	150	160.0
1607465679.83	160000	25.675966	0.0	46115254	437	160.0
1607465680.44	160000	26.066611	0.0	40906522	369	160.0
1607465680.56	160000	26.948241	0.0	7891151	68	160.0
1607465680.87	160000	27.644001	0.0	21012466	183	160.0
1607465681.27	160000	28.24234	0.0	23519424	273	160.0
1607465681.69	160000	28.816862	0.0	18715420	318	160.0
1607465682.09	160000	29.427241	0.0	17000816	289	160.0
1607465682.44	160000	30.074598	0.0	14448126	257	160.0
1607465682.61	160000	30.902268	0.0	6958676	127	160.0
1607465682.83	160000	31.681843	0.0	9088791	164	160.0
1607465683.01	160000	32.504816	0.0	7211881	131	160.0
1607465683.07	160000	33.444602	0.0	3063586	34	160.0
1607465683.13	160000	34.390969	0.0	2782179	30	160.0
1607465683.3	160000	35.217126	0.0	9958410	103	160.0
1607465683.51	160000	36.006787	0.0	12158708	132	160.0
1607465683.72	160000	36.800061	0.0	12300216	133	160.0
1607465683.99	160000	37.535167	0.0	15815684	172	160.0
1607465684.21	160000	38.313167	0.0	13526256	146	160.0
1607465684.41	160000	39.112406	0.0	11995130	129	160.0
1607465684.63	160000	39.89103	0.0	13394791	146	160.0
1607465684.88	160000	40.642441	0.0	14135828	153	160.0
1607465685.16	160000	41.36813	0.0	15366126	186	160.0
1607465685.53	160000	41.99379	0.0	14248439	291	160.0
1607465685.9	160000	42.630198	0.0	13843717	283	160.0
1607465686.77	160000	42.767323	0.0	14665119	771	160.0
1607465687.62	160000	42.911068	0.0	21079187	730	160.0
1607465688.32	160000	43.223053	0.0	25480074	551	160.0
1607465688.76	160000	43.775678	0.0	23021754	308	160.0
1607465689.28	160000	44.258702	0.0	27527834	362	160.0
1607465689.77	160000	44.769938	0.0	26155848	321	160.0
1607465690.1	160000	45.440877	0.0	17849379	219	160.0
1607465690.39	160000	46.151049	0.0	16546531	188	160.0
1607465690.71	160000	46.832213	0.0	17718949	198	160.0
1607465691.01	160000	47.529513	0.0	17337137	198	160.0
1607465691.33	160000	48.21378	0.0	20008245	195	160.0
1607465692.19	160000	48.355682	0.0	58430914	536	160.0
1607465692.48	160000	49.060698	0.0	16292703	194	160.0
1607465692.93	160000	49.612443	0.0	25587422	306	160.0
1607465693.35	160000	50.196625	0.0	23982306	273	160.0
1607465693.57	160000	50.976387	0.0	13347845	142	160.0
1607465693.8	160000	51.743024	0.0	14337991	152	160.0
1607465694.04	160000	52.505412	0.0	14584990	154	160.0
1607465694.31	160000	53.23939	0.0	13962401	184	160.0
1607465694.59	160000	53.960823	0.0	14393788	196	160.0
1607465694.87	160000	54.679681	0.0	14649457	199	160.0
1607465695.06	110000	55.495346	0.0	8908280	120	60.0
1607465695.48	110000	56.071428	0.0	9004051	369	110.0
1607465695.98	110000	56.57036	0.0	8764764	446	110.0
1607465696.97	110000	56.586897	0.0	13175394	908	110.0
1607465698.27	160000	56.285314	0.0	19295426	1178	110.0
1607465698.6	160000	56.953583	0.0	18261873	225	160.0
1607465698.97	160000	57.594294	0.0	19847604	246	160.0
1607465699.31	160000	58.252762	0.0	18767181	215	160.0
1607465699.66	160000	58.894846	0.0	22420858	231	160.0
1607465699.98	160000	59.583985	0.0	19324333	198	160.0
1607465700.8	160000	59.811083	0.0	20392234	202	160.0
1607465701.93	160000	59.812081	0.0	7671072	71	160.0
1607465703.2	160000	59.563202	0.0	17781906	170	160.0
1607465703.9	160000	59.81423	0.0	12839336	127	160.0
1607465705.08	160000	59.565201	0.0	10779770	107	160.0
1607465705.8	160000	59.816115	0.0	14606687	130	160.0
1607465706.9	160000	59.817048	0.0	41866951	388	160.0
1607465707.98	160000	59.818095	0.0	37238410	369	160.0
1607465709.2	160000	59.569205	0.0	14347759	134	160.0
1607465709.88	160000	59.82018	0.0	11399187	116	160.0
1607465711.05	160000	59.571206	0.0	10358641	105	160.0
1607465712.24	160000	59.572206	0.0	14315696	100	160.0
1607465713.01	20000	59.558808	0.0	3055257	747	-120.0
1607465716.47	20000	57.103448	0.0	5355572	3419	20.0
1607465717.7	40000	56.875048	0.0	6507505	1179	20.0
1607465718.64	110000	56.939019	0.0	11168326	869	40.0
1607465719.48	160000	57.098284	0.0	17116450	737	110.0
1607465719.92	160000	57.660577	0.0	18867054	324	160.0
1607465720.33	160000	58.25407	0.0	17393609	304	160.0
1607465720.88	160000	58.698263	0.0	24759401	414	160.0
1607465721.45	160000	59.135256	0.0	25782433	417	160.0
1607465721.93	160000	59.651057	0.0	25885372	339	160.0
1607465722.95	160000	59.833078	0.0	26242011	350	160.0
1607465723.92	160000	59.834175	0.0	23865378	332	160.0
1607465724.89	160000	59.835104	0.0	25470681	300	160.0
1607465725.82	160000	59.836124	0.0	27258768	275	160.0
1607465727.17	160000	59.587194	0.0	17853711	245	160.0
1607465728.03	160000	59.588205	0.0	14829893	267	160.0
1607465728.99	110000	59.839113	0.0	19006737	344	60.0
1607465729.74	60000	59.851647	0.0	10038030	681	10.0
1607465730.93	60000	59.661687	0.0	9757084	1130	60.0
1607465732.24	20000	59.592196	0.0	2015412	278	-20.0
1607465733.04	20000	59.55538	0.0	2894863	774	20.0
1607465734.46	60000	59.139197	0.0	6923540	1368	20.0
1607465735.72	110000	58.874776	0.0	16608135	1161	60.0
1607465737.05	160000	58.548416	0.0	24493733	1189	110.0
1607465737.65	160000	58.944275	0.0	14528511	525	160.0
1607465738.35	160000	59.253342	0.0	16841176	586	160.0
1607465738.96	160000	59.639601	0.0	16743604	517	160.0
1607465740.07	160000	59.60025	0.0	17975224	488	160.0
1607465740.61	160000	59.98737	0.0	22329548	410	160.0
1607465741.99	160000	59.852089	0.0	16001583	280	160.0
1607465742.9	160000	59.8531	0.0	18238584	299	160.0
1607465743.85	160000	59.854115	0.0	21308824	321	160.0
1607465745.21	160000	59.605203	0.0	17749058	258	160.0
1607465745.99	160000	59.856118	0.0	14127787	193	160.0
1607465746.78	160000	59.857086	0.0	17525699	191	160.0
1607465748.01	160000	59.608206	0.0	14240042	133	160.0
1607465749.23	80000	59.609208	0.0	9962942	157	0.0
1607465750.62	160000	58.994777	0.0	21993033	1257	80.0
1607465750.95	160000	59.657636	0.0	18863108	231	160.0
1607465751.76	160000	59.862133	0.0	15964734	196	160.0
1607465752.89	160000	59.863094	0.0	8284939	83	160.0
1607465754.02	160000	59.614176	0.0	9004706	69	160.0
1607465755.11	160000	59.615199	0.0	6955279	48	160.0
1607465755.78	160000	59.866103	0.0	10701639	96	160.0
1607465756.93	160000	59.86712	0.0	9459459	90	160.0
1607465758.0	160000	59.6182	0.0	3212828	42	160.0
1607465759.05	160000	59.619202	0.0	2509989	19	160.0
1607465760.08	160000	59.620198	0.0	2004927	16	160.0
1607465761.11	160000	59.621199	0.0	591360	6	160.0
1607465762.64	110000	59.555964	0.0	1201371	11	60.0
1607465763.03	40000	1.000999	0.045	334476	27	-7.200000000000003
1607465767.67	20000	1.38208	3.683	11007815	4546	-589.28
1607465768.51	160000	1.54027	0.0	24265636	612	20.0
1607465768.9	160000	2.175931	0.0	22711544	248	160.0
1607465769.23	160000	2.894278	0.0	19639705	206	160.0
1607465769.58	160000	3.548353	0.0	20946809	220	160.0
1607465769.79	160000	4.362524	0.0	11895609	125	160.0
1607465769.92	160000	5.230188	0.0	7597636	82	160.0
1607465770.99	160000	5.216423	0.0	56067905	588	160.0
1607465771.7	160000	5.550953	0.0	45444680	457	160.0
1607465772.73	160000	5.520876	0.0	54798068	723	160.0
1607465773.9	160000	5.36108	0.0	69464107	702	160.0
1607465774.06	40000	6.192788	0.0	9449433	103	-80.0
1607465774.14	40000	7.122443	0.0	3829326	41	40.0
1607465774.21	40000	8.044071	0.0	4447520	48	40.0
1607465774.3	40000	8.963649	0.0	4548277	49	40.0
1607465774.32	40000	9.936379	0.0	1103419	12	40.0
1607465774.38	40000	10.885418	0.0	2715414	29	40.0
1607465774.42	40000	11.846167	0.0	1997555	21	40.0
1607465774.6	40000	12.66405	0.0	11199212	120	40.0
1607465775.38	40000	12.881094	0.0	8376884	722	40.0
1607465776.16	20000	13.106594	0.0	3419258	729	0.0
1607465777.93	60000	12.341561	0.0	10489883	1694	20.0
1607465779.18	80000	12.106775	0.0	14862949	1160	60.0
1607465780.5	110000	11.792832	0.0	13919609	1229	80.0
1607465781.22	110000	12.071552	0.0	11073078	655	110.0
1607465784.32	60000	9.973458	0.0	27018238	2946	10.0
