1610789259.95	60000	1.000999	3.959	336477	3943	-1266.88
1610789261.15	40000	1.329233	0.159	14648397	1010	-30.880000000000003
1610789261.47	40000	2.001076	0.0	17616813	197	40.0
1610789261.89	320000	2.588598	0.0	22711544	254	40.0
1610789262.24	320000	3.264951	0.0	19639705	224	320.0
1610789262.61	320000	3.922209	0.0	20946809	237	320.0
1610789262.82	320000	4.711864	0.0	11895609	135	320.0
1610789262.97	320000	5.574671	0.0	7597636	87	320.0
1610789264.08	320000	5.502528	0.0	56067905	592	320.0
1610789264.76	320000	5.886134	0.0	46062054	420	320.0
1610789265.73	320000	5.9258	0.0	60496562	549	320.0
1610789267.33	320000	5.317932	0.0	90475604	870	320.0
1610789268.95	320000	4.703	0.0	94557637	1027	320.0
1610789269.67	320000	4.983532	0.0	48403531	438	320.0
1610789270.63	320000	5.025282	0.0	63326685	596	320.0
1610789271.79	320000	4.867995	0.0	66782145	744	320.0
1610789272.03	320000	5.692758	0.0	13212243	162	320.0
1610789272.58	320000	6.269393	0.0	29387773	364	320.0
1610789272.91	320000	7.027026	0.0	17336677	216	320.0
1610789275.22	320000	6.029693	0.0	126296507	1441	320.0
1610789276.91	320000	5.458412	0.0	96707447	1101	320.0
1610789277.94	320000	5.433305	0.0	72904162	603	320.0
1610789278.85	320000	5.524009	0.0	66993756	470	320.0
1610789279.96	320000	5.416868	0.0	92389329	576	320.0
1610789280.94	320000	5.673238	0.0	70549633	519	320.0
1610789281.69	320000	6.167617	0.0	50094571	474	320.0
1610789283.81	320000	5.281348	0.0	124391138	1390	320.0
1610789286.52	320000	3.910866	0.0	139539685	1677	320.0
1610789287.3	320000	4.13518	0.0	44512381	447	320.0
1610789288.08	320000	4.349259	0.0	46257154	509	320.0
1610789288.9	320000	4.653169	0.0	34846600	602	320.0
1610789289.83	320000	5.05962	0.0	33828007	732	320.0
1610789290.57	320000	5.667423	0.0	30396599	554	320.0
1610789291.11	320000	6.340948	0.0	30979822	358	320.0
1610789291.77	320000	6.838864	0.0	33204608	467	320.0
1610789292.26	320000	7.43514	0.0	23618590	354	320.0
1610789292.94	320000	7.982091	0.0	27475995	506	320.0
1610789293.59	320000	8.411721	0.0	26460007	484	320.0
1610789294.24	320000	8.935836	0.0	26763657	487	320.0
1610789296.62	320000	7.55765	0.0	33826873	2175	320.0
1610789297.59	320000	7.590612	0.0	41214174	726	320.0
1610789300.02	320000	6.165347	0.0	83204731	1933	320.0
1610789301.32	320000	5.862084	0.0	75539257	862	320.0
1610789301.63	320000	6.556499	0.0	16577177	189	320.0
1610789302.33	320000	6.854357	0.0	39814357	464	320.0
1610789303.17	320000	7.030028	0.0	50277186	536	320.0
1610789306.12	320000	5.140012	0.0	43375920	2687	320.0
1610789307.64	320000	4.652153	0.0	39748690	1279	320.0
1610789308.76	320000	4.536128	0.0	32725949	926	320.0
1610789309.06	320000	5.237135	0.0	15673611	205	320.0
1610789309.47	320000	5.831296	0.0	20850595	272	320.0
1610789309.74	320000	6.556467	0.0	16458609	173	320.0
1610789309.9	320000	7.40516	0.0	8700077	92	320.0
1610789310.04	320000	8.261325	0.0	8292135	88	320.0
1610789310.43	320000	8.965842	0.0	22212109	232	320.0
1610789310.95	320000	9.452186	0.0	27931458	349	320.0
1610789311.47	320000	9.95721	0.0	28076035	351	320.0
1610789312.15	320000	10.308938	0.0	34615012	463	320.0
1610789312.72	320000	10.736368	0.0	31574841	389	320.0
1610789313.21	320000	11.252296	0.0	28857310	323	320.0
1610789313.72	320000	11.742354	0.0	30799251	319	320.0
1610789314.18	320000	12.278329	0.0	29900862	292	320.0
1610789314.69	320000	12.766327	0.0	32431711	330	320.0
1610789315.24	320000	13.223458	0.0	32680833	364	320.0
1610789315.77	320000	13.69168	0.0	30468229	360	320.0
1610789316.37	320000	14.097336	0.0	31594806	383	320.0
1610789317.12	320000	14.344196	0.0	43158259	515	320.0
1610789324.14	320000	8.321973	0.0	53696400	6733	320.0
1610789328.54	320000	4.927369	0.0	49804325	4069	320.0
1610789332.01	320000	2.57822	0.0	56230532	3100	320.0
1610789336.32	320000	1.427727	1.826	54033728	4060	-264.32000000000005
1610789342.3	320000	1.255251	4.804	40265492	5769	-1217.28
1610789347.55	320000	1.310276	4.306	37527577	5068	-1057.92
1610789351.05	320000	1.363017	2.551	38354537	3313	-496.32000000000005
1610789353.61	320000	1.409369	1.613	33905183	2396	-196.15999999999997
1610789355.33	320000	1.283214	0.583	37964644	1503	133.44
1610789357.21	320000	1.263516	0.863	91609209	1448	43.839999999999975
1610789357.79	320000	1.792784	0.0	30861098	399	320.0
1610789358.68	320000	1.936128	0.0	53161890	584	320.0
1610789359.45	320000	2.166807	0.0	49661559	489	320.0
1610789359.87	320000	2.74098	0.0	27673254	262	320.0
1610789360.32	320000	3.30091	0.0	29061600	253	320.0
1610789360.75	320000	3.869433	0.0	29596558	249	320.0
1610789361.14	320000	4.481117	0.0	29264466	215	320.0
1610789361.54	320000	5.082006	0.0	29949400	215	320.0
1610789361.93	320000	5.69341	0.0	30225692	214	320.0
1610789362.27	320000	6.348674	0.0	27528494	187	320.0
1610789362.65	320000	6.969139	0.0	28959567	196	320.0
1610789362.98	320000	7.646414	0.0	27200869	164	320.0
1610789363.42	320000	8.202358	0.0	37091406	222	320.0
1610789363.8	320000	8.821931	0.0	32442772	194	320.0
1610789364.23	320000	9.392042	0.0	38733768	205	320.0
1610789364.72	320000	9.909696	0.0	43207501	224	320.0
1610789365.19	320000	10.438559	0.0	39867273	237	320.0
1610789365.72	320000	10.910359	0.0	44687216	265	320.0
1610789366.13	320000	11.496337	0.0	37222510	205	320.0
1610789366.57	320000	12.064329	0.0	37697615	200	320.0
1610789366.73	320000	12.906039	0.0	13943369	73	320.0
1610789367.14	320000	13.495954	0.0	33909675	213	320.0
1610789367.45	320000	14.19009	0.0	25608467	157	320.0
1610789367.73	320000	14.90903	0.0	21666875	132	320.0
1610789368.05	320000	15.581188	0.0	29164819	154	320.0
1610789368.89	320000	15.74719	0.0	75257111	397	320.0
1610789369.67	320000	15.971297	0.0	71035332	380	320.0
1610789370.01	320000	16.627431	0.0	27276036	170	320.0
1610789370.31	320000	17.33038	0.0	23233775	156	320.0
1610789370.58	320000	18.061162	0.0	21096285	144	320.0
1610789370.95	320000	18.687821	0.0	28685524	202	320.0
1610789371.57	320000	19.075359	0.0	43551422	349	320.0
1610789372.47	320000	19.171973	0.0	65057331	485	320.0
1610789373.03	320000	19.612698	0.0	41329817	307	320.0
1610789373.5	320000	20.149234	0.0	30837965	277	320.0
1610789374.01	320000	20.632713	0.0	33542198	310	320.0
1610789374.7	320000	20.94645	0.0	43188629	447	320.0
1610789375.19	320000	21.455447	0.0	38404993	267	320.0
1610789375.81	320000	21.835758	0.0	50554338	330	320.0
1610789376.66	320000	22.150481	0.0	52531967	463	320.0
1610789377.62	320000	22.273105	0.0	54618297	647	320.0
1610789393.02	320000	8.283581	0.0	54267260	15090	320.0
1610789393.79	320000	8.511639	0.0	46984925	496	320.0
1610789394.68	320000	8.629811	0.0	52441959	582	320.0
1610789395.6	320000	8.701193	0.0	56222410	615	320.0
1610789396.26	320000	9.04484	0.0	37045146	423	320.0
1610789396.84	320000	9.470644	0.0	31316241	395	320.0
1610789398.05	320000	9.258812	0.0	54539886	904	320.0
1610789399.04	320000	9.357749	0.0	54290338	655	320.0
1610789399.78	320000	9.761214	0.0	50306079	445	320.0
1610789400.34	320000	10.349176	0.0	39311524	340	320.0
1610789401.03	320000	10.69835	0.0	45141551	386	320.0
1610789401.55	320000	11.261722	0.0	38678341	299	320.0
1610789402.2	320000	11.78695	0.0	48869677	378	320.0
1610789402.84	320000	12.364844	0.0	48742469	331	320.0
1610789403.27	320000	13.076518	0.0	31052651	246	320.0
1610789403.78	320000	13.575495	0.0	35159774	295	320.0
1610789404.23	320000	14.151182	0.0	34685385	256	320.0
1610789404.71	320000	14.730366	0.0	36845249	236	320.0
1610789405.27	320000	15.165291	0.0	44043502	296	320.0
1610789405.68	320000	15.793451	0.0	28911363	226	320.0
1610789406.12	320000	16.350287	0.0	31997411	250	320.0
1610789406.68	320000	16.790082	0.0	37860562	309	320.0
1610789407.16	320000	17.30929	0.0	34218681	281	320.0
1610789407.59	320000	17.981345	0.0	30315897	251	320.0
1610789408.12	320000	18.530313	0.0	38074030	315	320.0
1610789408.59	320000	19.244431	0.0	31856580	279	320.0
1610789409.18	320000	19.78733	0.0	40986530	359	320.0
1610789411.59	320000	18.658619	0.0	43161948	2167	320.0
1610789412.54	320000	18.700863	0.0	39216469	735	320.0
1610789413.06	320000	19.18601	0.0	32708889	328	320.0
1610789413.34	320000	19.905801	0.0	16257756	174	320.0
1610789413.62	320000	20.629599	0.0	16440860	173	320.0
1610789413.83	320000	21.417047	0.0	12523766	132	320.0
1610789414.2	320000	22.049454	0.0	22159647	233	320.0
1610789414.49	320000	22.758676	0.0	17516376	183	320.0
1610789414.59	320000	23.665217	0.0	5119060	53	320.0
1610789414.67	320000	24.580981	0.0	3788776	39	320.0
1610789414.73	320000	25.519522	0.0	3041389	33	320.0
1610789414.76	320000	26.49683	0.0	640071	6	320.0
1610789414.82	320000	27.436709	0.0	3111318	33	320.0
1610789415.35	60000	1.000999	0.226	377897	1	-72.32
1610789415.72	320000	2.001999	0.0	14912671	131	60.0
1610789416.17	320000	2.701614	0.0	24265636	213	320.0
1610789416.49	320000	3.376375	0.0	22711544	186	320.0
1610789416.78	320000	4.094498	0.0	19639705	163	320.0
1610789417.07	320000	4.800921	0.0	20946809	170	320.0
1610789417.2	320000	5.667667	0.0	11895609	61	320.0
1610789417.29	320000	6.582912	0.0	7597636	39	320.0
1610789418.15	320000	6.848322	0.0	56067905	295	320.0
1610789418.65	320000	7.384083	0.0	46062054	218	320.0
1610789419.28	320000	7.811738	0.0	60496562	282	320.0
1610789420.46	320000	7.690169	0.0	90475604	428	320.0
1610789421.49	320000	7.659972	0.0	94557637	481	320.0
1610789422.06	320000	8.097897	0.0	48403531	288	320.0
1610789427.0	320000	4.158187	0.0	63326685	4540	320.0
1610789430.06	320000	2.707082	0.0	66782145	2634	320.0
1610789430.29	320000	3.477843	0.0	13212243	139	320.0
1610789430.77	320000	3.998483	0.0	29387773	295	320.0
1610789431.06	320000	4.71053	0.0	17336677	177	320.0
