1610794421.28	60000	1.000999	0.013	336477	2	-4.159999999999997
1610794421.52	80000	2.001999	0.0	14912671	90	60.0
1610794421.82	60000	2.841815	0.0	20421673	110	40.0
1610794421.97	60000	3.696589	0.0	13063186	71	60.0
1610794422.08	60000	4.590514	0.0	8954217	49	60.0
1610794422.17	60000	5.504809	0.0	7325507	35	60.0
1610794422.22	60000	6.452729	0.0	4014386	19	60.0
1610794422.29	80000	7.38281	0.0	5425476	26	60.0
1610794422.67	80000	8.001061	0.0	29583867	139	80.0
1610794422.85	80000	8.82163	0.0	15816325	79	80.0
1610794423.01	80000	9.663106	0.0	15275967	73	80.0
1610794423.23	80000	10.476524	0.0	20600381	97	80.0
1610794423.53	110000	11.223306	0.0	25684661	128	80.0
1610794423.65	110000	12.102321	0.0	10838546	52	110.0
1610794423.79	110000	12.975409	0.0	12783186	61	110.0
1610794423.94	110000	13.914768	0.0	13101938	61	110.0
1610794424.01	110000	14.850745	0.0	5268213	26	110.0
1610794424.12	110000	15.740501	0.0	9838179	47	110.0
1610794424.23	160000	16.630635	0.0	9163235	44	110.0
1610794424.73	160000	17.150287	0.0	41307095	196	160.0
1610794425.04	160000	17.866176	0.0	28763893	137	160.0
1610794425.29	160000	18.61954	0.0	21266416	103	160.0
1610794425.55	160000	19.358416	0.0	23702229	122	160.0
1610794425.84	160000	20.062646	0.0	27580394	143	160.0
1610794426.09	160000	20.840632	0.0	20329780	105	160.0
1610794426.72	320000	21.211366	0.0	50094571	254	160.0
1610794428.6	320000	20.344834	0.0	124391138	671	320.0
1610794430.32	320000	19.632121	0.0	139539685	718	320.0
1610794430.83	320000	20.101344	0.0	44512381	221	320.0
1610794431.32	320000	20.617509	0.0	46257154	221	320.0
1610794431.69	320000	21.250176	0.0	34846600	180	320.0
1610794432.05	320000	21.882747	0.0	33828007	173	320.0
1610794432.39	320000	22.545568	0.0	30396599	152	320.0
1610794432.72	320000	23.219755	0.0	30979822	150	320.0
1610794433.07	320000	23.867921	0.0	33204608	162	320.0
1610794433.34	320000	24.599365	0.0	23618590	116	320.0
1610794433.65	320000	25.29132	0.0	27475995	148	320.0
1610794433.96	320000	25.984944	0.0	26460007	142	320.0
1610794434.26	320000	26.680478	0.0	26763657	144	320.0
1610794434.62	320000	27.328458	0.0	33826873	162	320.0
1610794435.04	320000	27.904068	0.0	41214174	199	320.0
1610794435.96	320000	27.984104	0.0	83204731	420	320.0
1610794436.75	320000	28.197997	0.0	75539257	376	320.0
1610794436.94	320000	29.005587	0.0	16577177	80	320.0
1610794437.37	320000	29.584325	0.0	39814357	193	320.0
1610794437.91	320000	30.04939	0.0	50277186	248	320.0
1610794438.37	320000	30.585888	0.0	43375920	211	320.0
1610794438.8	320000	31.155071	0.0	39748690	183	320.0
1610794439.14	320000	31.816299	0.0	32725949	152	320.0
1610794439.3	320000	32.651508	0.0	15673611	74	320.0
1610794439.54	320000	33.417979	0.0	20850595	107	320.0
1610794439.72	320000	34.239096	0.0	16458609	79	320.0
1610794439.83	320000	35.136245	0.0	8700077	41	320.0
1610794439.92	320000	36.039243	0.0	8292135	40	320.0
1610794440.16	320000	36.804737	0.0	22212109	106	320.0
1610794440.46	320000	37.500237	0.0	27931458	136	320.0
1610794440.76	320000	38.197509	0.0	28076035	140	320.0
1610794441.13	320000	38.827767	0.0	34615012	171	320.0
1610794441.5	320000	39.465705	0.0	31574841	174	320.0
1610794441.85	320000	40.11483	0.0	28857310	176	320.0
1610794442.24	320000	40.726825	0.0	30799251	188	320.0
1610794442.58	320000	41.390261	0.0	29900862	162	320.0
1610794442.95	320000	42.017873	0.0	32431711	170	320.0
1610794443.32	320000	42.650207	0.0	32680833	177	320.0
1610794443.68	320000	43.293405	0.0	30468229	168	320.0
1610794444.05	320000	43.91929	0.0	31594806	176	320.0
1610794444.55	320000	44.426	0.0	43158259	247	320.0
1610794445.19	320000	44.785299	0.0	53696400	338	320.0
1610794445.89	320000	45.088078	0.0	49804325	380	320.0
1610794446.77	320000	45.208857	0.0	56230532	561	320.0
1610794447.8	320000	45.175412	0.0	54033728	721	320.0
1610794448.4	320000	45.728312	0.0	40265492	345	320.0
1610794449.03	320000	46.402411	0.0	37527577	389	320.0
1610794449.65	320000	47.025397	0.0	38354537	405	320.0
1610794450.23	320000	47.649798	0.0	33905183	369	320.0
1610794450.91	320000	48.228797	0.0	37964644	437	320.0
1610794455.07	320000	45.493016	0.0	91609209	3653	320.0
1610794455.34	160000	46.223475	0.0	16292703	166	0.0
1610794455.74	160000	46.823644	0.0	25587422	248	160.0
1610794456.14	160000	47.431318	0.0	23982306	241	160.0
1610794456.35	160000	48.218744	0.0	13347845	131	160.0
1610794456.55	160000	49.02124	0.0	14337991	112	160.0
1610794456.75	160000	49.819308	0.0	14584990	114	160.0
1610794456.95	160000	50.624401	0.0	13962401	109	160.0
1610794457.15	160000	51.42682	0.0	14393788	112	160.0
1610794457.35	160000	52.224452	0.0	14649457	115	160.0
1610794457.51	160000	53.06464	0.0	13409715	79	160.0
1610794457.68	160000	53.89244	0.0	13909605	78	160.0
1610794458.02	320000	54.563348	0.0	27200869	163	160.0
1610794458.45	320000	55.123395	0.0	37091406	218	320.0
1610794458.84	320000	55.737235	0.0	32442772	208	320.0
1610794459.3	320000	56.279018	0.0	38733768	242	320.0
1610794459.82	320000	56.761659	0.0	43207501	264	320.0
1610794460.3	320000	57.281433	0.0	39867273	237	320.0
1610794460.85	320000	57.736516	0.0	44687216	293	320.0
1610794461.3	320000	58.280739	0.0	37222510	247	320.0
1610794461.83	320000	58.753033	0.0	37697615	315	320.0
1610794462.04	320000	59.546337	0.0	13943369	120	320.0
1610794463.03	320000	59.607173	0.0	33909675	292	320.0
1610794463.85	320000	59.858181	0.0	25608467	168	320.0
1610794465.12	320000	59.7042	0.0	21666875	140	320.0
1610794465.97	320000	59.900715	0.0	29164819	169	320.0
1610794466.93	320000	59.774066	0.0	75257111	489	320.0
1610794467.79	320000	59.914229	0.0	71035332	466	320.0
1610794469.11	320000	59.6537	0.0	27276036	153	320.0
1610794470.39	320000	59.627645	0.0	23233775	138	320.0
1610794471.22	320000	59.625271	0.0	21096285	190	320.0
1610794472.13	320000	59.824099	0.0	28685524	241	320.0
1610794473.23	320000	59.627286	0.0	43551422	341	320.0
1610794474.31	320000	59.489854	0.0	65057331	669	320.0
1610794477.86	320000	56.949914	0.0	41329817	3288	320.0
1610794479.07	160000	56.731006	0.0	15813346	1108	0.0
1610794479.58	110000	57.221412	0.0	12064050	435	60.0
1610794479.72	80000	58.081452	0.0	8446369	82	50.0
1610794479.85	80000	58.955635	0.0	7511410	75	80.0
1610794480.05	80000	59.757515	0.0	12247427	119	80.0
1610794481.26	80000	59.635282	0.0	13038195	130	80.0
1610794481.94	80000	59.886244	0.0	12229430	103	80.0
1610794483.12	80000	59.88729	0.0	12704190	101	80.0
1610794484.3	80000	59.638296	0.0	12007698	102	80.0
1610794485.09	110000	59.887192	0.0	17390834	171	80.0
1610794485.92	110000	59.890297	0.0	18638649	219	110.0
1610794486.97	110000	59.842199	0.0	12036523	976	110.0
1610794488.28	110000	59.642297	0.0	9918331	245	110.0
1610794489.11	110000	59.893258	0.0	19006737	199	110.0
1610794489.93	110000	59.894291	0.0	19028716	200	110.0
1610794491.25	110000	59.865042	0.0	18031107	212	110.0
1610794492.51	110000	59.638459	0.0	13308895	171	110.0
1610794493.33	110000	59.872761	0.0	16649620	215	110.0
1610794494.58	110000	59.665376	0.0	13175624	170	110.0
1610794495.87	110000	59.643831	0.0	16608135	191	110.0
1610794496.7	110000	59.644785	0.0	17077492	207	110.0
1610794497.5	110000	59.895805	0.0	9645423	241	110.0
1610794498.48	160000	59.896817	0.0	16841176	363	110.0
1610794499.83	160000	59.647888	0.0	16743604	249	160.0
1610794500.7	160000	59.791279	0.0	17975224	254	160.0
1610794501.63	160000	59.955964	0.0	22329548	290	160.0
1610794502.96	160000	59.706995	0.0	16001583	228	160.0
1610794504.59	160000	58.951931	0.0	18238584	1521	160.0
1610794505.9	110000	58.638735	0.0	15340646	1220	60.0
1610794506.73	80000	58.811581	0.0	9254020	763	50.0
1610794507.33	80000	59.210562	0.0	6922363	551	80.0
1610794508.01	80000	59.535881	0.0	8494032	617	80.0
1610794509.01	80000	59.712975	0.0	6723557	456	80.0
1610794509.78	80000	59.762592	0.0	9962942	708	80.0
1610794510.66	80000	59.888243	0.0	10840351	801	80.0
1610794512.0	80000	59.715995	0.0	8732970	784	80.0
1610794512.59	80000	59.954929	0.0	7562882	535	80.0
1610794513.88	80000	59.718024	0.0	3563377	246	80.0
1610794514.7	80000	59.96904	0.0	4074589	291	80.0
1610794516.03	80000	59.720004	0.0	3243768	298	80.0
1610794516.98	80000	59.720983	0.0	4688403	407	80.0
1610794517.61	80000	59.971953	0.0	4246384	89	80.0
1610794518.66	80000	59.973048	0.0	1491121	29	80.0
1610794520.2	80000	59.523546	0.0	1146202	16	80.0
1610794521.22	80000	59.524444	0.0	447883	7	80.0
1610794522.25	60000	59.525544	0.0	124268	2	40.0
1610794523.27	80000	59.526538	0.0	577001	9	60.0
1610794523.66	60000	1.000999	0.054	336477	4	-17.28
1610794524.32	80000	1.755205	0.0	14912671	492	60.0
1610794525.11	80000	1.97084	0.0	22644885	597	80.0
1610794525.5	80000	2.57932	0.0	17135714	290	80.0
1610794525.81	80000	3.299396	0.0	13114792	222	80.0
1610794526.04	80000	4.074083	0.0	11497228	151	80.0
1610794526.16	80000	4.951206	0.0	6232523	82	80.0
1610794526.32	110000	5.819618	0.0	7044111	93	80.0
1610794527.4	110000	5.8009	0.0	48103258	602	110.0
1610794527.91	110000	6.312148	0.0	28884539	325	110.0
1610794528.36	110000	6.889732	0.0	26873304	296	110.0
1610794528.92	110000	7.333217	0.0	33588177	369	110.0
1610794529.36	110000	7.891486	0.0	25684661	273	110.0
1610794529.7	160000	8.556033	0.0	19559369	208	110.0
1610794531.46	160000	7.795318	0.0	22224402	1625	160.0
1610794532.25	110000	8.00605	0.0	13101938	706	60.0
1610794532.47	110000	8.790235	0.0	5268213	178	110.0
1610794532.85	110000	9.413431	0.0	9838179	312	110.0
1610794532.95	110000	10.308436	0.0	6126794	63	110.0
1610794533.39	110000	10.875736	0.0	26576979	273	110.0
1610794533.71	110000	11.559752	0.0	19285617	200	110.0
1610794533.97	110000	12.294568	0.0	14817542	167	110.0
1610794534.28	110000	12.985051	0.0	17002609	210	110.0
1610794534.64	110000	13.629237	0.0	19316039	238	110.0
1610794534.89	110000	14.377323	0.0	13919609	167	110.0
1610794535.16	160000	15.106441	0.0	16109183	166	110.0
1610794536.23	160000	15.039458	0.0	58830800	612	160.0
