1610858718.7	60000	1.000999	0.153	336477	114	-48.96
1610858719.53	80000	1.561166	0.0	14912671	609	60.0
1610858720.53	60000	1.561614	0.0	20421673	778	40.0
1610858720.97	60000	2.152337	0.0	13063186	326	60.0
1610858721.28	60000	2.88438	0.0	8954217	224	60.0
1610858721.53	60000	3.643486	0.0	7325507	163	60.0
1610858721.74	80000	4.432469	0.0	6232523	138	60.0
1610858721.93	80000	5.264911	0.0	5425476	121	80.0
1610858722.76	80000	5.471557	0.0	29583867	570	80.0
1610858723.16	80000	6.071431	0.0	15816325	275	80.0
1610858723.52	80000	6.737749	0.0	15275967	243	80.0
1610858724.29	110000	6.962426	0.0	33588177	521	80.0
1610858724.85	110000	7.405181	0.0	25684661	386	110.0
1610858725.11	110000	8.147385	0.0	10838546	160	110.0
1610858725.42	110000	8.836387	0.0	12783186	210	110.0
1610858725.72	110000	9.543994	0.0	13101938	186	110.0
1610858725.85	110000	10.408704	0.0	5268213	71	110.0
1610858726.24	160000	11.021484	0.0	15775481	229	110.0
1610858726.47	160000	11.802452	0.0	9163235	133	160.0
1610858727.37	160000	11.894889	0.0	41307095	586	160.0
1610858727.99	160000	12.279109	0.0	28763893	422	160.0
1610858728.45	160000	12.811554	0.0	21266416	296	160.0
1610858728.94	160000	13.326839	0.0	23702229	323	160.0
1610858729.5	160000	13.771469	0.0	27580394	376	160.0
1610858731.11	320000	13.162264	0.0	70549633	966	160.0
1610858732.12	320000	13.151216	0.0	50094571	714	320.0
1610858735.0	320000	11.27057	0.0	124391138	1682	320.0
1610858738.06	320000	9.213158	0.0	139539685	1990	320.0
1610858739.08	320000	9.195563	0.0	44512381	675	320.0
1610858739.99	320000	9.286323	0.0	46257154	634	320.0
1610858740.69	320000	9.589725	0.0	34846600	479	320.0
1610858741.36	320000	9.912271	0.0	33828007	447	320.0
1610858741.99	320000	10.288305	0.0	30396599	420	320.0
1610858742.61	320000	10.667009	0.0	30979822	410	320.0
1610858743.31	320000	10.968285	0.0	33204608	475	320.0
1610858743.79	320000	11.523132	0.0	23618590	316	320.0
1610858744.33	320000	11.986179	0.0	27475995	355	320.0
1610858744.85	320000	12.46579	0.0	26460007	340	320.0
1610858745.39	320000	12.931228	0.0	26763657	342	320.0
1610858746.05	320000	13.489144	0.0	33826873	424	320.0
1610858746.86	320000	14.081336	0.0	41214174	531	320.0
1610858753.32	320000	9.61482	0.0	83204731	5924	320.0
1610858762.5	160000	1.511489	0.0	40906522	8896	0.0
1610858763.41	110000	1.604832	0.0	5545322	823	60.0
1610858764.95	80000	1.358407	0.292	11601071	1447	-43.44
1610858766.26	80000	1.401443	0.359	11589115	1229	-34.879999999999995
1610858767.17	80000	1.493381	0.0	8720528	819	80.0
1610858767.74	60000	1.927588	0.0	5629782	493	40.0
1610858768.4	80000	2.271615	0.0	6922163	575	60.0
1610858768.71	80000	2.967042	0.0	3458958	246	80.0
1610858769.07	80000	3.600816	0.0	4351089	300	80.0
1610858769.34	80000	4.328066	0.0	3468038	219	80.0
1610858769.44	80000	5.225879	0.0	1235756	58	80.0
1610858769.54	80000	6.127786	0.0	1010776	56	80.0
1610858769.88	80000	6.79578	0.0	4682485	270	80.0
1610858770.25	80000	7.426969	0.0	5642819	302	80.0
1610858770.6	80000	8.074142	0.0	5815666	278	80.0
1610858771.01	80000	8.663012	0.0	7667415	333	80.0
1610858771.33	80000	9.34439	0.0	6118130	251	80.0
1610858771.59	80000	10.083625	0.0	5098216	196	80.0
1610858771.89	80000	10.793194	0.0	5982646	224	80.0
1610858772.31	110000	11.374231	0.0	9576793	332	80.0
1610858772.73	110000	11.955689	0.0	10221665	331	110.0
1610858773.06	110000	12.618056	0.0	8760683	256	110.0
1610858773.39	110000	13.289611	0.0	8711578	249	110.0
1610858773.73	110000	13.953242	0.0	9417807	253	110.0
1610858774.21	110000	14.478144	0.0	14377779	364	110.0
1610858774.97	160000	14.716457	0.0	25480074	586	110.0
1610858775.61	160000	15.077369	0.0	23021754	480	160.0
1610858776.31	160000	15.376461	0.0	27527834	511	160.0
1610858776.94	160000	15.754351	0.0	26155848	446	160.0
1610858777.35	160000	16.345132	0.0	17849379	276	160.0
1610858777.71	160000	16.982952	0.0	16546531	236	160.0
1610858778.09	160000	17.600396	0.0	17718949	251	160.0
1610858778.46	160000	18.23412	0.0	17337137	231	160.0
1610858778.86	160000	18.835603	0.0	20008245	258	160.0
1610858779.92	160000	18.78041	0.0	58430914	694	160.0
1610858780.48	320000	19.215898	0.0	30861098	353	160.0
1610858781.33	320000	19.369143	0.0	53161890	537	320.0
1610858783.71	320000	17.984907	0.0	49661559	2070	320.0
1610858784.72	160000	17.978356	0.0	13347845	898	0.0
1610858785.28	160000	18.419251	0.0	14337991	449	160.0
1610858785.84	160000	18.858883	0.0	14584990	447	160.0
1610858786.37	160000	19.328865	0.0	13962401	421	160.0
1610858786.76	110000	19.948655	0.0	9833576	285	60.0
1610858787.13	110000	20.570885	0.0	10023423	287	110.0
1610858787.47	110000	21.230652	0.0	8908280	254	110.0
1610858787.82	110000	21.889887	0.0	9004051	256	110.0
1610858788.16	110000	22.549947	0.0	8764764	252	110.0
1610858788.66	110000	23.047003	0.0	13175394	386	110.0
1610858789.19	110000	23.51917	0.0	14191823	411	110.0
1610858789.86	160000	23.854025	0.0	18261873	528	110.0
1610858790.57	160000	24.145357	0.0	19847604	561	160.0
1610858791.24	160000	24.472451	0.0	18767181	535	160.0
1610858792.1	160000	24.61776	0.0	22420858	669	160.0
1610858792.5	160000	25.216904	0.0	19324333	257	160.0
1610858792.89	160000	25.829944	0.0	20392234	241	160.0
1610858793.05	160000	26.667467	0.0	7671072	80	160.0
1610858793.37	160000	27.349632	0.0	17781906	187	160.0
1610858793.61	160000	28.110957	0.0	12839336	135	160.0
1610858793.81	160000	28.908697	0.0	10779770	105	160.0
1610858794.06	160000	29.661564	0.0	14606687	133	160.0
1610858794.73	160000	29.995821	0.0	41866951	401	160.0
1610858795.3	160000	30.426502	0.0	37238410	344	160.0
1610858795.53	160000	31.193367	0.0	14347759	124	160.0
1610858795.91	320000	31.81212	0.0	23233775	217	160.0
1610858796.28	320000	32.450459	0.0	21096285	207	320.0
1610858796.75	320000	32.978286	0.0	28685524	274	320.0
1610858797.44	320000	33.292178	0.0	43551422	411	320.0
1610858798.44	320000	33.291287	0.0	65057331	611	320.0
1610858799.1	320000	33.628552	0.0	41329817	376	320.0
1610858799.59	320000	34.144629	0.0	30837965	283	320.0
1610858800.12	320000	34.613384	0.0	33542198	308	320.0
1610858800.8	320000	34.936694	0.0	43188629	411	320.0
1610858801.45	320000	35.285432	0.0	38404993	392	320.0
1610858802.26	320000	35.473438	0.0	50554338	508	320.0
1610858803.21	320000	35.521672	0.0	52531967	644	320.0
1610858806.51	320000	33.224458	0.0	54618297	2947	320.0
1610858807.53	160000	33.204416	0.0	26242011	840	0.0
1610858808.42	160000	33.31699	0.0	23865378	722	160.0
1610858809.35	160000	33.393788	0.0	25470681	753	160.0
1610858810.33	160000	33.408415	0.0	27258768	807	160.0
1610858811.0	160000	33.737688	0.0	17853711	524	160.0
1610858811.54	160000	34.203844	0.0	14829893	422	160.0
1610858812.54	160000	34.203662	0.0	27779697	818	160.0
1610858813.55	160000	34.197234	0.0	27714923	822	160.0
1610858814.48	160000	34.269917	0.0	25946474	750	160.0
1610858815.19	160000	34.554792	0.0	19596259	559	160.0
1610858816.03	160000	34.714397	0.0	23774167	672	160.0
1610858816.83	160000	34.926155	0.0	19373656	622	160.0
1610858817.66	160000	35.085494	0.0	23977420	666	160.0
1610858820.82	160000	32.926724	0.0	24493733	2987	160.0
1610858821.49	110000	33.259799	0.0	9645423	575	60.0
1610858822.07	80000	33.683322	0.0	8020179	493	50.0
1610858822.75	80000	34.006132	0.0	7882490	597	80.0
1610858823.89	80000	33.862401	0.0	8469705	1060	80.0
1610858825.67	80000	33.08096	0.0	10869298	1687	80.0
1610858826.29	60000	33.464366	0.0	6409879	532	40.0
1610858827.15	80000	33.610331	0.0	9782551	760	60.0
1610858828.26	80000	33.500561	0.0	11598573	1009	80.0
1610858828.99	80000	33.769293	0.0	9254020	644	80.0
1610858830.9	80000	32.905005	0.0	6922363	1829	80.0
1610858832.34	60000	32.574069	0.0	6244074	1354	40.0
1610858833.32	80000	32.586937	0.0	6723557	910	60.0
1610858834.37	60000	32.545849	0.0	7379602	961	40.0
1610858835.38	60000	32.532711	0.0	8011132	927	60.0
1610858836.22	60000	32.694166	0.0	6322575	766	60.0
1610858837.21	80000	32.703998	0.0	7562882	908	60.0
1610858837.67	80000	33.245918	0.0	3563377	400	80.0
1610858838.12	60000	33.792508	0.0	3010411	396	40.0
1610858838.88	80000	34.132321	0.0	3243768	691	60.0
1610858839.46	80000	34.655488	0.0	4688403	522	80.0
1610858839.79	60000	35.41177	0.0	2809840	279	40.0
1610858839.92	60000	36.283726	0.0	891813	84	60.0
1610858840.1	80000	37.104537	0.0	1146202	130	60.0
1610858840.17	60000	38.033921	0.0	235564	26	40.0
1610858840.23	60000	38.981943	0.0	124268	13	60.0
1610858840.35	80000	39.865462	0.0	577001	68	60.0
1610858840.41	60000	40.233048	0.804	182658	20	-257.28
1610858841.04	60000	1.000999	-0.711	377897	52	287.52
1610858843.03	80000	1.350786	1.05	14912671	1790	-276.0
1610858844.92	60000	1.428949	0.939	20421673	1733	-260.48
1610858846.02	60000	1.408251	0.135	13063186	987	16.799999999999997
1610858846.48	60000	1.980424	0.0	8954217	364	60.0
1610858846.86	60000	2.609519	0.0	7325507	303	60.0
1610858847.07	60000	3.403103	0.0	4014386	150	60.0
1610858847.27	60000	4.199419	0.0	3830488	146	60.0
1610858848.13	60000	4.362474	0.0	17832465	717	60.0
1610858848.61	60000	4.877733	0.0	9877442	391	60.0
1610858849.36	80000	5.138044	0.0	15275967	608	60.0
1610858850.33	80000	5.160412	0.0	20600381	817	80.0
1610858851.18	80000	5.311038	0.0	17710542	716	80.0
1610858851.86	80000	5.631148	0.0	7412644	600	80.0
1610858852.63	80000	5.867004	0.0	9055732	677	80.0
1610858853.45	110000	6.043497	0.0	13101938	682	80.0
1610858853.72	110000	6.779689	0.0	5268213	198	110.0
1610858854.2	110000	7.300493	0.0	9838179	385	110.0
1610858854.44	80000	8.057734	0.0	4543558	173	50.0
1610858855.37	80000	8.13161	0.0	20277060	777	80.0
1610858856.04	80000	8.463244	0.0	14877694	552	80.0
1610858856.56	80000	8.945165	0.0	11453319	419	80.0
1610858857.15	80000	9.358103	0.0	13274781	476	80.0
1610858857.97	110000	9.538298	0.0	19316039	668	80.0
1610858858.55	110000	9.958273	0.0	13919609	464	110.0
