1607461307.76	40000	1.000999	0.014	334476	2	-2.240000000000002
1607461308.04	160000	2.001999	0.0	14912671	104	40.0
1607461308.4	160000	2.753776	0.0	24265636	160	160.0
1607461308.7	160000	3.476595	0.0	22711544	149	160.0
1607461308.95	160000	4.226348	0.0	19639705	129	160.0
1607461309.24	160000	4.949806	0.0	20946809	137	160.0
1607461309.39	160000	5.787897	0.0	11895609	78	160.0
1607461309.49	160000	6.686386	0.0	7597636	50	160.0
1607461310.33	160000	6.918857	0.0	56067905	363	160.0
1607461310.85	160000	7.467445	0.0	45444680	266	160.0
1607461311.49	160000	7.883602	0.0	54798068	316	160.0
1607461312.36	160000	8.033848	0.0	69464107	402	160.0
1607461312.96	160000	8.482585	0.0	50637608	313	160.0
1607461313.21	160000	9.230764	0.0	19559369	124	160.0
1607461313.49	160000	9.951969	0.0	22224402	149	160.0
1607461313.78	160000	10.661967	0.0	22578365	161	160.0
1607461313.89	160000	11.554334	0.0	8346702	55	160.0
1607461314.09	160000	12.360617	0.0	15775481	100	160.0
1607461314.2	160000	13.244213	0.0	9163235	58	160.0
1607461314.7	160000	13.757484	0.0	41307095	262	160.0
1607461315.05	160000	14.397915	0.0	28763893	178	160.0
1607461315.3	160000	15.156541	0.0	21266416	119	160.0
1607461315.58	160000	15.872422	0.0	23702229	127	160.0
1607461315.89	160000	16.564958	0.0	27580394	144	160.0
1607461316.17	160000	17.287459	0.0	20329780	141	160.0
1607461316.39	160000	18.069121	0.0	16109183	112	160.0
1607461317.14	160000	18.313469	0.0	58830800	407	160.0
1607461318.12	160000	18.345592	0.0	66935122	597	160.0
1607461318.33	160000	19.125031	0.0	15251076	119	160.0
1607461318.57	160000	19.886995	0.0	16574034	136	160.0
1607461318.76	160000	20.702949	0.0	13009028	106	160.0
1607461318.96	160000	21.511956	0.0	12791674	105	160.0
1607461319.12	160000	22.34319	0.0	11137898	86	160.0
1607461319.28	160000	23.181176	0.0	11485310	88	160.0
1607461319.45	160000	24.012346	0.0	12428518	96	160.0
1607461319.59	160000	24.87346	0.0	9963766	77	160.0
1607461319.76	160000	25.706054	0.0	12189364	94	160.0
1607461319.91	160000	26.558491	0.0	10142396	77	160.0
1607461320.08	160000	27.402915	0.0	10185488	105	160.0
1607461320.32	160000	28.207376	0.0	14061455	142	160.0
1607461320.64	160000	28.988081	0.0	20074099	205	160.0
1607461321.47	160000	29.15799	0.0	46115254	570	160.0
1607461323.22	160000	28.410938	0.0	40906522	1504	160.0
1607461323.46	160000	29.174667	0.0	7891151	185	160.0
1607461324.07	160000	29.56456	0.0	21012466	488	160.0
1607461324.66	160000	29.975787	0.0	23519424	459	160.0
1607461325.16	160000	30.469236	0.0	18715420	396	160.0
1607461325.7	160000	30.931131	0.0	17000816	436	160.0
1607461326.26	160000	31.378137	0.0	14448126	462	160.0
1607461326.59	160000	32.049074	0.0	6958676	286	160.0
1607461327.01	160000	32.623788	0.0	9088791	372	160.0
1607461327.34	160000	33.297028	0.0	7211881	279	160.0
1607461327.8	160000	33.839861	0.0	3063586	429	160.0
1607461327.88	110000	34.756705	0.0	1529278	59	60.0
1607461328.2	110000	35.43994	0.0	6558222	274	110.0
1607461328.6	110000	36.041039	0.0	7961846	343	110.0
1607461329.01	110000	36.634408	0.0	8148750	355	110.0
1607461329.84	80000	36.80484	0.0	7667415	771	50.0
1607461330.47	80000	37.18026	0.0	6118130	575	80.0
1607461330.98	80000	37.667246	0.0	5098216	472	80.0
1607461331.61	80000	38.03603	0.0	5982646	587	80.0
1607461332.32	80000	38.325661	0.0	6905077	665	80.0
1607461332.87	60000	38.782157	0.0	5270336	500	40.0
1607461333.67	80000	38.978143	0.0	5903236	760	60.0
1607461334.3	80000	39.35079	0.0	5922485	586	80.0
1607461335.08	110000	39.575025	0.0	9417807	711	80.0
1607461336.14	110000	39.513947	0.0	14377779	973	110.0
1607461337.39	160000	39.266932	0.0	25480074	1103	110.0
1607461337.94	160000	39.709692	0.0	23021754	420	160.0
1607461338.58	160000	40.077483	0.0	27527834	475	160.0
1607461339.17	160000	40.48674	0.0	26155848	447	160.0
1607461339.59	160000	41.072037	0.0	17849379	292	160.0
1607461339.96	160000	41.703211	0.0	16546531	268	160.0
1607461340.34	160000	42.321093	0.0	17718949	278	160.0
1607461340.71	160000	42.951163	0.0	17337137	270	160.0
1607461341.14	160000	43.5179	0.0	20008245	316	160.0
1607461342.36	160000	43.299957	0.0	58430914	893	160.0
1607461342.67	160000	43.995575	0.0	16292703	206	160.0
1607461343.14	160000	44.526055	0.0	25587422	324	160.0
1607461343.55	160000	45.113616	0.0	23982306	277	160.0
1607461343.79	160000	45.881826	0.0	13347845	154	160.0
1607461344.03	160000	46.638116	0.0	14337991	165	160.0
1607461344.27	160000	47.401948	0.0	14584990	147	160.0
1607461344.49	160000	48.17912	0.0	13962401	141	160.0
1607461344.71	160000	48.955921	0.0	14393788	145	160.0
1607461344.95	160000	49.727786	0.0	14649457	148	160.0
1607461345.16	160000	50.511261	0.0	13409715	134	160.0
1607461345.38	160000	51.296838	0.0	13909605	139	160.0
1607461345.58	160000	52.089833	0.0	13301968	133	160.0
1607461345.9	160000	52.778487	0.0	19025846	191	160.0
1607461346.2	160000	53.478958	0.0	19295426	188	160.0
1607461346.47	160000	54.204984	0.0	18261873	166	160.0
1607461346.77	160000	54.906101	0.0	19847604	181	160.0
1607461347.06	160000	55.624238	0.0	18767181	171	160.0
1607461347.44	160000	56.245656	0.0	22420858	251	160.0
1607461347.77	160000	56.91095	0.0	19324333	217	160.0
1607461348.12	160000	57.56015	0.0	20392234	234	160.0
1607461348.25	160000	58.437336	0.0	7671072	67	160.0
1607461348.51	160000	59.177563	0.0	17781906	156	160.0
1607461348.7	160000	59.988401	0.0	12839336	113	160.0
1607461349.86	160000	59.896629	0.0	10779770	96	160.0
1607461351.07	160000	59.647643	0.0	14606687	128	160.0
1607461351.74	160000	59.953639	0.0	41866951	416	160.0
1607461352.83	160000	59.899662	0.0	37238410	369	160.0
1607461354.06	160000	59.650631	0.0	14347759	138	160.0
1607461354.82	160000	59.901661	0.0	11399187	198	160.0
1607461356.03	110000	59.902644	0.0	6126549	162	60.0
1607461357.25	160000	59.443716	0.0	14315696	1127	110.0
1607461358.07	160000	59.621787	0.0	23283631	688	160.0
1607461358.81	160000	59.888168	0.0	37521367	504	160.0
1607461360.23	160000	59.656619	0.0	22241104	286	160.0
1607461361.03	160000	59.907656	0.0	15813346	201	160.0
1607461361.85	160000	59.908657	0.0	17116450	223	160.0
1607461363.22	160000	59.659698	0.0	18867054	254	160.0
1607461364.07	160000	59.660641	0.0	17393609	251	160.0
1607461365.1	160000	59.66166	0.0	24759401	391	160.0
1607461366.11	160000	59.662625	0.0	25782433	363	160.0
1607461367.07	160000	59.663622	0.0	25885372	292	160.0
1607461368.0	160000	59.914667	0.0	26242011	284	160.0
1607461368.91	160000	59.915626	0.0	23865378	257	160.0
1607461369.81	160000	59.916615	0.0	25470681	249	160.0
1607461371.24	160000	59.667659	0.0	27258768	257	160.0
1607461371.99	160000	59.918663	0.0	17853711	147	160.0
1607461373.21	160000	59.66971	0.0	14829893	121	160.0
1607461374.06	160000	59.670663	0.0	27779697	189	160.0
1607461374.9	160000	59.921657	0.0	27714923	186	160.0
1607461376.21	160000	59.672674	0.0	25946474	154	160.0
1607461376.94	160000	59.923623	0.0	19596259	117	160.0
1607461378.21	160000	59.674677	0.0	23774167	139	160.0
1607461378.95	160000	59.925756	0.0	19373656	120	160.0
1607461380.24	160000	59.676617	0.0	23977420	147	160.0
1607461381.03	160000	59.856282	0.0	24493733	153	160.0
1607461382.2	160000	59.678717	0.0	14528511	90	160.0
1607461382.96	160000	59.929699	0.0	16841176	159	160.0
1607461384.15	110000	59.68073	0.0	11179031	116	60.0
1607461385.03	110000	59.687052	0.0	12016215	816	110.0
1607461385.94	80000	59.778378	0.0	10869298	843	50.0
1607461387.47	160000	59.253684	0.0	16001583	1424	80.0
1607461388.13	160000	59.590767	0.0	18238584	558	160.0
1607461389.15	160000	59.68564	0.0	21308824	389	160.0
1607461390.08	160000	59.686706	0.0	17749058	326	160.0
1607461391.0	160000	59.937615	0.0	14127787	333	160.0
1607461391.9	160000	59.938617	0.0	17525699	298	160.0
1607461393.22	160000	59.689605	0.0	14240042	228	160.0
1607461394.19	160000	59.690651	0.0	20324139	351	160.0
1607461395.17	160000	59.691627	0.0	21993033	345	160.0
1607461396.07	160000	59.692632	0.0	18863108	291	160.0
1607461396.95	160000	59.943653	0.0	15964734	272	160.0
1607461398.1	160000	59.694604	0.0	8284939	100	160.0
1607461399.29	160000	59.695612	0.0	9004706	121	160.0
1607461399.93	160000	59.946609	0.0	6955279	89	160.0
1607461401.14	160000	59.697635	0.0	10701639	148	160.0
1607461401.83	160000	59.948611	0.0	9459459	125	160.0
1607461402.91	160000	59.949689	0.0	3212828	44	160.0
1607461403.97	160000	59.950726	0.0	2509989	35	160.0
1607461405.02	160000	59.951721	0.0	2004927	32	160.0
1607461406.04	160000	59.702696	0.0	591360	7	160.0
1607461407.6	160000	59.637394	0.0	2394426	34	160.0
1607461408.0	40000	1.000999	0.029	337339	5	-4.640000000000001
1607461408.41	160000	1.931898	0.0	14912671	249	40.0
1607461408.94	160000	2.405937	0.0	24265636	315	160.0
1607461409.37	160000	2.975513	0.0	22711544	291	160.0
1607461409.75	160000	3.598415	0.0	19639705	259	160.0
1607461410.16	160000	4.259154	0.0	20946809	282	160.0
1607461410.39	160000	5.027331	0.0	11895609	159	160.0
1607461410.55	160000	5.918984	0.0	7597636	104	160.0
1607461411.84	160000	5.680028	0.0	56067905	787	160.0
1607461412.84	160000	5.740378	0.0	45444680	739	160.0
1607461414.09	160000	5.491381	0.0	54798068	931	160.0
1607461415.7	160000	4.876986	0.0	69464107	1137	160.0
1607461416.77	160000	4.805972	0.0	50637608	778	160.0
1607461417.21	160000	5.368096	0.0	19559369	321	160.0
1607461417.69	160000	5.88613	0.0	22224402	349	160.0
1607461418.13	160000	6.447608	0.0	22578365	304	160.0
1607461418.3	160000	7.2812	0.0	8346702	112	160.0
1607461418.61	160000	7.968522	0.0	15775481	216	160.0
1607461418.82	160000	8.767053	0.0	9163235	141	160.0
1607461419.69	160000	8.893773	0.0	41307095	637	160.0
1607461420.52	160000	9.127891	0.0	28763893	631	160.0
1607461420.98	160000	9.664581	0.0	21266416	333	160.0
1607461421.51	160000	10.140828	0.0	23702229	364	160.0
1607461422.07	160000	10.572978	0.0	27580394	404	160.0
1607461422.52	160000	11.126746	0.0	20329780	305	160.0
1607461422.83	160000	11.814993	0.0	16109183	215	160.0
1607461423.98	160000	11.669637	0.0	58830800	797	160.0
