1610827901.6	60000	1.000999	0.015	336477	3	-4.799999999999997
1610827901.93	80000	1.976066	0.0	14912671	151	60.0
1610827902.33	60000	2.681222	0.0	20421673	204	40.0
1610827902.52	60000	3.490182	0.0	13063186	105	60.0
1610827902.65	60000	4.362662	0.0	8954217	69	60.0
1610827902.76	60000	5.253341	0.0	7325507	55	60.0
1610827902.85	80000	6.160424	0.0	6232523	48	60.0
1610827902.93	80000	7.081794	0.0	5425476	42	80.0
1610827903.4	80000	7.619027	0.0	29583867	228	80.0
1610827903.72	80000	8.328789	0.0	15816325	218	80.0
1610827904.01	80000	9.035652	0.0	15275967	210	80.0
1610827904.65	110000	9.448193	0.0	33588177	436	80.0
1610827905.1	110000	10.022792	0.0	25684661	292	110.0
1610827905.29	110000	10.870399	0.0	10838546	125	110.0
1610827905.49	110000	11.67203	0.0	12783186	125	110.0
1610827905.69	110000	12.471597	0.0	13101938	118	110.0
1610827905.78	110000	13.389054	0.0	5268213	48	110.0
1610827906.02	160000	14.145976	0.0	15775481	144	110.0
1610827906.17	160000	15.016847	0.0	9163235	84	160.0
1610827906.86	160000	15.332876	0.0	41307095	396	160.0
1610827907.31	160000	15.878167	0.0	28763893	281	160.0
1610827907.68	160000	16.514448	0.0	21266416	232	160.0
1610827908.08	160000	17.11309	0.0	23702229	261	160.0
1610827908.55	160000	17.64521	0.0	27580394	313	160.0
1610827910.05	320000	17.147402	0.0	70549633	926	160.0
1610827911.0	320000	17.208619	0.0	50094571	668	320.0
1610827913.91	320000	15.291172	0.0	124391138	1748	320.0
1610827915.97	320000	14.233116	0.0	139539685	1020	320.0
1610827916.75	320000	14.454417	0.0	44512381	463	320.0
1610827917.51	320000	14.693717	0.0	46257154	468	320.0
1610827917.92	320000	15.283825	0.0	34846600	198	320.0
1610827918.3	320000	15.897555	0.0	33828007	194	320.0
1610827918.68	320000	16.524417	0.0	30396599	187	320.0
1610827919.07	320000	17.137836	0.0	30979822	206	320.0
1610827919.49	320000	17.720299	0.0	33204608	227	320.0
1610827920.05	320000	18.157431	0.0	23618590	408	320.0
1610827920.63	320000	18.577276	0.0	27475995	424	320.0
1610827921.01	320000	19.204128	0.0	26460007	215	320.0
1610827921.38	320000	19.827376	0.0	26763657	215	320.0
1610827922.82	320000	19.387523	0.0	33826873	1246	320.0
1610827923.16	160000	20.046707	0.0	20074099	215	0.0
1610827923.84	160000	20.375434	0.0	46115254	416	160.0
1610827924.34	160000	20.86926	0.0	40906522	280	160.0
1610827924.45	160000	21.760108	0.0	7891151	55	160.0
1610827924.75	160000	22.46335	0.0	21012466	167	160.0
1610827925.07	160000	23.142351	0.0	23519424	186	160.0
1610827925.33	160000	23.884107	0.0	18715420	147	160.0
1610827925.57	160000	24.644344	0.0	17000816	137	160.0
1610827925.77	160000	25.446973	0.0	14448126	104	160.0
1610827925.87	160000	26.347561	0.0	6958676	53	160.0
1610827926.0	160000	27.216418	0.0	9088791	69	160.0
1610827926.23	320000	27.986246	0.0	16458609	125	160.0
1610827926.37	320000	28.887837	0.0	8700077	66	320.0
1610827926.48	320000	29.807719	0.0	8292135	63	320.0
1610827926.91	320000	30.380453	0.0	22212109	282	320.0
1610827927.43	320000	30.867177	0.0	27931458	357	320.0
1610827931.64	320000	28.952657	0.0	28076035	4043	320.0
1610827931.91	160000	29.773456	0.0	15815684	159	0.0
1610827932.06	110000	30.618183	0.0	8793419	88	60.0
1610827932.16	80000	31.52418	0.0	5098216	50	50.0
1610827932.27	80000	32.414579	0.0	5982646	59	80.0
1610827932.39	80000	33.293146	0.0	6905077	71	80.0
1610827932.52	80000	34.235368	0.0	7258180	71	80.0
1610827932.67	80000	35.085916	0.0	5903236	101	80.0
1610827932.81	80000	35.979988	0.0	5922485	102	80.0
1610827932.97	80000	36.842952	0.0	6487715	111	80.0
1610827933.31	110000	37.59092	0.0	14377779	247	80.0
1610827934.91	110000	37.105105	0.0	17340552	1493	110.0
1610827935.74	80000	37.276297	0.0	10883852	762	50.0
1610827936.66	80000	37.352501	0.0	13889966	842	80.0
1610827936.89	80000	38.12769	0.0	12943936	144	80.0
1610827937.04	80000	38.978511	0.0	8355811	93	80.0
1610827937.18	80000	39.839428	0.0	7699623	86	80.0
1610827937.34	80000	40.678114	0.0	8697196	95	80.0
1610827937.49	80000	41.528128	0.0	8539884	95	80.0
1610827937.78	80000	42.243882	0.0	10111273	218	80.0
1610827939.75	80000	41.276526	0.0	34025057	1777	80.0
1610827940.2	110000	41.824232	0.0	11574285	376	80.0
1610827941.13	110000	41.89041	0.0	17560011	829	110.0
1610827941.75	110000	42.275433	0.0	16439864	506	110.0
1610827941.89	110000	43.145802	0.0	8847416	70	110.0
1610827942.03	110000	43.993954	0.0	9530442	75	110.0
1610827942.18	110000	44.844748	0.0	9945160	83	110.0
1610827942.32	110000	45.709331	0.0	9471489	73	110.0
1610827942.46	110000	46.568565	0.0	9833576	79	110.0
1610827942.61	110000	47.425899	0.0	10023423	80	110.0
1610827942.73	110000	48.300298	0.0	8908280	71	110.0
1610827942.93	160000	49.105163	0.0	13909605	109	110.0
1610827943.11	160000	49.920498	0.0	13301968	104	160.0
1610827943.38	160000	50.658774	0.0	19025846	149	160.0
1610827943.65	160000	51.389586	0.0	19295426	151	160.0
1610827943.91	160000	52.129392	0.0	18261873	147	160.0
1610827944.18	160000	52.853751	0.0	19847604	156	160.0
1610827944.44	160000	53.596063	0.0	18767181	148	160.0
1610827945.05	320000	53.987611	0.0	44687216	359	160.0
1610827945.56	320000	54.480837	0.0	37222510	302	320.0
1610827946.12	320000	54.925958	0.0	37697615	334	320.0
1610827946.33	320000	55.713689	0.0	13943369	125	320.0
1610827946.83	320000	56.212824	0.0	33909675	314	320.0
1610827947.27	320000	56.778293	0.0	25608467	285	320.0
1610827947.64	320000	57.406799	0.0	21666875	241	320.0
1610827948.05	320000	57.996556	0.0	29164819	242	320.0
1610827949.15	320000	57.895055	0.0	75257111	654	320.0
1610827950.25	320000	57.794521	0.0	71035332	696	320.0
1610827950.62	320000	58.435144	0.0	27276036	206	320.0
1610827950.96	320000	59.090088	0.0	23233775	208	320.0
1610827951.28	320000	59.772983	0.0	21096285	188	320.0
1610827952.2	320000	59.892807	0.0	28685524	261	320.0
1610827954.39	320000	58.665063	0.0	43551422	1952	320.0
1610827956.09	160000	57.969171	0.0	37521367	1487	0.0
1610827956.53	160000	58.526762	0.0	22241104	303	160.0
1610827965.93	160000	50.129216	0.0	15813346	9301	160.0
1610827966.12	110000	50.933889	0.0	12064050	120	60.0
1610827966.27	80000	51.792565	0.0	8446369	84	50.0
1610827966.36	60000	52.696942	0.0	5426584	54	40.0
1610827966.57	80000	53.501044	0.0	12247427	123	60.0
1610827966.73	60000	54.330113	0.0	9739432	98	40.0
1610827973.87	60000	48.190626	0.0	8845382	7078	60.0
1610827974.3	80000	48.766463	0.0	12704190	343	60.0
1610827974.6	60000	49.466879	0.0	8914856	241	40.0
1610827975.3	80000	49.768102	0.0	12501375	623	60.0
1610827975.88	60000	50.189283	0.0	10030748	511	40.0
1610827976.04	80000	51.023715	0.0	8587729	105	60.0
1610827976.18	80000	51.888262	0.0	7067075	85	80.0
1610827976.43	80000	52.64125	0.0	13578682	166	80.0
1610827976.68	80000	53.392465	0.0	13658286	167	80.0
1610827976.92	80000	54.15655	0.0	13106871	156	80.0
1610827977.16	110000	54.91246	0.0	13308895	153	80.0
1610827977.45	110000	55.619797	0.0	16649620	191	110.0
1610827977.68	110000	56.391065	0.0	13175624	151	110.0
1610827978.0	110000	57.090009	0.0	16608135	203	110.0
1610827978.31	110000	57.769185	0.0	17077492	206	110.0
1610827978.49	110000	58.586829	0.0	9645423	117	110.0
1610827978.8	160000	59.276958	0.0	16841176	204	110.0
1610827979.19	160000	59.889676	0.0	16743604	286	160.0
1610827980.61	160000	59.670836	0.0	17975224	307	160.0
1610828004.03	160000	37.153218	0.0	22329548	23291	160.0
1610828004.2	110000	37.98507	0.0	11200919	98	60.0
1610828004.35	80000	38.837448	0.0	9782551	85	50.0
1610828004.49	60000	39.698393	0.0	9016602	78	40.0
1610828004.64	80000	40.55631	0.0	9254020	79	60.0
1610828004.72	60000	41.469095	0.0	5103310	45	40.0
1610828004.82	60000	42.372753	0.0	6244074	55	60.0
1610828004.9	60000	43.293054	0.0	4926138	43	60.0
1610828005.02	60000	44.175232	0.0	7379602	68	60.0
1610828005.22	80000	44.979115	0.0	10840351	127	60.0
1610828005.39	80000	45.80828	0.0	8732970	102	80.0
1610828005.53	80000	46.670992	0.0	7562882	89	80.0
1610828005.6	80000	47.602371	0.0	3563377	42	80.0
1610828005.68	80000	48.524862	0.0	4074589	48	80.0
1610828005.77	110000	49.463205	0.0	4674535	54	80.0
1610828005.9	110000	50.333685	0.0	6705784	82	110.0
1610828006.02	110000	51.251104	0.0	6312703	69	110.0
1610828006.06	110000	52.205973	0.0	2410559	22	110.0
1610828006.1	110000	53.16945	0.0	1922862	16	110.0
1610828006.13	110000	54.144699	0.0	1128453	10	110.0
1610828006.14	110000	55.128397	0.0	517365	4	110.0
1610828006.16	80000	56.108386	0.0	577001	5	50.0
1610828006.54	60000	1.000999	0.023	336477	1	-7.359999999999999
1610828006.83	80000	2.001999	0.0	14912671	135	60.0
1610828007.18	60000	2.710483	0.0	20421673	178	40.0
1610828007.36	60000	3.533387	0.0	13063186	97	60.0
1610828007.49	60000	4.405903	0.0	8954217	66	60.0
1610828007.59	60000	5.304515	0.0	7325507	53	60.0
1610828007.68	80000	6.211622	0.0	6232523	46	60.0
1610828007.77	80000	7.130158	0.0	5425476	40	80.0
1610828031.52	80000	1.307928	16.753	29583867	23534	-5280.96
1610828043.13	60000	1.312758	10.616	9877442	84	-3357.12
1610828043.39	80000	2.061303	0.0	15275967	162	60.0
1610828043.66	60000	2.784424	0.0	15230785	178	40.0
1610828043.97	80000	3.476548	0.0	17710542	202	60.0
1610828044.08	60000	4.371209	0.0	5612759	64	40.0
1610828044.2	60000	5.246794	0.0	6789212	78	60.0
1610828044.29	60000	6.160101	0.0	7016601	40	60.0
1610828044.33	60000	7.126814	0.0	1942216	11	60.0
1610828044.41	80000	8.039694	0.0	6731501	39	60.0
1610828044.47	80000	8.980108	0.0	4543558	26	80.0
1610828044.71	80000	9.7437	0.0	20277060	116	80.0
1610828044.89	80000	10.566093	0.0	14877694	85	80.0
1610828045.04	80000	11.41919	0.0	11453319	66	80.0
1610828045.25	110000	12.212075	0.0	17002609	99	80.0
1610828045.48	110000	12.975601	0.0	19316039	119	110.0
1610828045.65	110000	13.809596	0.0	13919609	86	110.0
1610828045.79	110000	14.672651	0.0	11073078	69	110.0
1610828046.36	110000	15.101724	0.0	44076779	271	110.0
