1607461126.62	40000	1.000999	0.015	334476	3	-2.3999999999999986
1607461126.92	160000	2.001108	0.0	14912671	125	40.0
1607461127.32	160000	2.690102	0.0	24265636	189	160.0
1607461127.66	160000	3.359552	0.0	22711544	180	160.0
1607461127.92	160000	4.088761	0.0	19639705	139	160.0
1607461128.2	160000	4.81105	0.0	20946809	149	160.0
1607461128.36	160000	5.654484	0.0	11895609	85	160.0
1607461128.47	160000	6.549635	0.0	7597636	50	160.0
1607461129.34	160000	6.894871	0.0	56067905	380	160.0
1607461129.92	160000	7.348469	0.0	45444680	303	160.0
1607461130.58	160000	7.70874	0.0	54798068	336	160.0
1607461131.53	160000	7.813289	0.0	69464107	469	160.0
1607461132.17	160000	8.177787	0.0	50637608	354	160.0
1607461132.42	160000	8.926062	0.0	19559369	138	160.0
1607461132.72	160000	9.636997	0.0	22224402	156	160.0
1607461133.02	160000	10.341507	0.0	22578365	157	160.0
1607461133.13	160000	11.222234	0.0	8346702	49	160.0
1607461133.34	160000	12.014641	0.0	15775481	110	160.0
1607461133.46	160000	12.892149	0.0	9163235	64	160.0
1607461133.97	160000	13.383794	0.0	41307095	279	160.0
1607461134.32	160000	14.041169	0.0	28763893	163	160.0
1607461134.56	160000	14.800151	0.0	21266416	120	160.0
1607461134.84	160000	15.514784	0.0	23702229	133	160.0
1607461135.24	160000	16.115355	0.0	27580394	242	160.0
1607461135.56	160000	16.801995	0.0	20329780	178	160.0
1607461135.8	160000	17.562273	0.0	16109183	140	160.0
1607461136.51	160000	17.860894	0.0	58830800	349	160.0
1607461137.31	160000	18.056754	0.0	66935122	433	160.0
1607461137.51	160000	18.857166	0.0	15251076	105	160.0
1607461137.73	160000	19.638606	0.0	16574034	115	160.0
1607461137.91	160000	20.453942	0.0	13009028	105	160.0
1607461138.1	160000	21.273634	0.0	12791674	103	160.0
1607461138.26	160000	22.108416	0.0	11137898	81	160.0
1607461138.42	160000	22.946457	0.0	11485310	92	160.0
1607461138.6	160000	23.772504	0.0	12428518	99	160.0
1607461138.74	160000	24.629002	0.0	9963766	79	160.0
1607461138.93	160000	25.441947	0.0	12189364	113	160.0
1607461139.09	160000	26.316102	0.0	10142396	95	160.0
1607461139.25	160000	27.180526	0.0	10185488	96	160.0
1607461139.47	160000	27.962564	0.0	14061455	132	160.0
1607461139.78	160000	28.653135	0.0	20074099	189	160.0
1607461140.53	160000	28.90998	0.0	46115254	481	160.0
1607461141.15	160000	29.290172	0.0	40906522	375	160.0
1607461141.27	160000	30.167464	0.0	7891151	63	160.0
1607461141.56	160000	30.881306	0.0	21012466	167	160.0
1607461141.88	160000	31.559791	0.0	23519424	190	160.0
1607461142.24	160000	32.207004	0.0	18715420	245	160.0
1607461142.56	160000	32.883475	0.0	17000816	222	160.0
1607461142.85	160000	33.608064	0.0	14448126	188	160.0
1607461143.09	160000	34.354201	0.0	6958676	199	160.0
1607461143.41	160000	35.036129	0.0	9088791	263	160.0
1607461143.66	160000	35.786839	0.0	7211881	206	160.0
1607461143.78	160000	36.673477	0.0	3063586	87	160.0
1607461143.89	160000	37.557023	0.0	2782179	93	160.0
1607461144.28	160000	38.166947	0.0	9958410	334	160.0
1607461144.77	160000	38.691276	0.0	12158708	408	160.0
1607461145.26	110000	39.189926	0.0	8148750	434	60.0
1607461145.95	110000	39.507247	0.0	10662977	618	110.0
1607461146.62	80000	39.834354	0.0	6118130	623	50.0
1607461146.99	60000	40.469419	0.0	3533955	330	40.0
1607461147.39	60000	41.066007	0.0	4257694	373	60.0
1607461148.1	60000	41.361492	0.0	5050780	669	60.0
1607461148.79	40000	41.665761	0.0	3269601	663	20.0
1607461149.33	60000	42.134203	0.0	4123549	498	40.0
1607461149.85	60000	42.607081	0.0	4164335	495	60.0
1607461150.33	60000	43.129232	0.0	4586890	444	60.0
1607461151.47	60000	42.992841	0.0	7674948	1087	60.0
1607461152.62	80000	42.842998	0.0	12476436	1072	60.0
1607461153.59	80000	42.87876	0.0	10883852	898	80.0
1607461155.08	110000	42.386553	0.0	19021488	1373	80.0
1607461156.12	160000	42.350278	0.0	26155848	882	110.0
1607461156.52	160000	42.949163	0.0	17849379	294	160.0
1607461156.92	160000	43.552391	0.0	16546531	296	160.0
1607461157.26	160000	44.209801	0.0	17718949	237	160.0
1607461157.59	160000	44.87723	0.0	17337137	233	160.0
1607461157.98	160000	45.496046	0.0	20008245	267	160.0
1607461159.02	160000	45.456409	0.0	58430914	721	160.0
1607461159.31	160000	46.162898	0.0	16292703	184	160.0
1607461159.75	160000	46.728794	0.0	25587422	291	160.0
1607461160.15	160000	47.330869	0.0	23982306	262	160.0
1607461160.37	160000	48.108594	0.0	13347845	142	160.0
1607461160.6	160000	48.87531	0.0	14337991	153	160.0
1607461160.84	160000	49.637326	0.0	14584990	156	160.0
1607461161.06	160000	50.422931	0.0	13962401	135	160.0
1607461161.28	160000	51.204001	0.0	14393788	138	160.0
1607461161.5	160000	51.982007	0.0	14649457	140	160.0
1607461161.7	160000	52.778634	0.0	13409715	127	160.0
1607461161.92	160000	53.56609	0.0	13909605	133	160.0
1607461162.12	160000	54.365881	0.0	13301968	125	160.0
1607461162.41	160000	55.072239	0.0	19025846	179	160.0
1607461162.71	160000	55.779779	0.0	19295426	181	160.0
1607461162.99	160000	56.499966	0.0	18261873	172	160.0
1607461163.31	160000	57.18059	0.0	19847604	200	160.0
1607461163.61	160000	57.880969	0.0	18767181	189	160.0
1607461163.97	160000	58.529142	0.0	22420858	226	160.0
1607461164.28	160000	59.213283	0.0	19324333	190	160.0
1607461164.6	160000	59.897484	0.0	20392234	201	160.0
1607461165.72	160000	59.801917	0.0	7671072	76	160.0
1607461167.05	160000	59.552911	0.0	17781906	215	160.0
1607461168.04	160000	59.457769	0.0	12839336	918	160.0
1607461168.8	160000	59.804887	0.0	10779770	189	160.0
1607461170.06	160000	59.555895	0.0	14606687	177	160.0
1607461170.64	160000	59.857628	0.0	41866951	335	160.0
1607461172.18	160000	59.55789	0.0	37238410	300	160.0
1607461172.92	160000	59.738808	0.0	14347759	157	160.0
1607461174.1	160000	59.559869	0.0	11399187	106	160.0
1607461174.78	160000	59.810898	0.0	10358641	116	160.0
1607461176.02	160000	59.561892	0.0	14315696	158	160.0
1607461176.83	160000	59.812891	0.0	23283631	173	160.0
1607461177.82	160000	59.813992	0.0	37521367	262	160.0
1607461179.1	160000	59.564889	0.0	22241104	153	160.0
1607461179.85	160000	59.815792	0.0	15813346	154	160.0
1607461181.11	160000	59.566912	0.0	17116450	161	160.0
1607461181.96	160000	59.567903	0.0	18867054	241	160.0
1607461183.04	80000	59.469892	0.0	7511410	1027	0.0
1607461183.65	60000	59.865485	0.0	9064385	545	40.0
1607461184.87	20000	59.820931	0.0	3226650	188	-20.0
1607461190.85	20000	54.66274	0.0	2705936	5948	20.0
1607461191.93	40000	54.581512	0.0	6062060	1037	20.0
1607461192.97	60000	54.545719	0.0	8914856	977	40.0
1607461194.05	40000	54.46423	0.0	6118487	1037	20.0
1607461194.91	40000	54.609275	0.0	6683536	811	40.0
1607461196.19	60000	54.326148	0.0	6285842	1239	40.0
1607461196.62	60000	54.903072	0.0	5207162	381	60.0
1607461196.86	20000	55.66249	0.0	2926720	213	-20.0
1607461197.1	20000	56.41782	0.0	2991202	218	20.0
1607461197.87	20000	56.658266	0.0	3002106	734	20.0
1607461198.35	20000	57.177519	0.0	2015412	461	20.0
1607461199.01	20000	57.519593	0.0	2894863	633	20.0
1607461200.36	60000	57.16762	0.0	6923540	1305	20.0
1607461201.49	80000	57.039299	0.0	12195097	1052	60.0
1607461202.56	80000	56.971103	0.0	12613176	995	80.0
1607461203.02	60000	57.510407	0.0	4915398	423	40.0
1607461203.53	40000	57.995435	0.0	3851594	483	20.0
1607461204.1	40000	58.435235	0.0	3709626	531	40.0
1607461205.1	60000	58.427465	0.0	6170363	966	40.0
1607461205.89	60000	58.646944	0.0	7991868	729	60.0
1607461206.12	20000	59.416541	0.0	2298557	205	-20.0
1607461206.59	20000	59.944448	0.0	2831497	448	20.0
1607461208.15	20000	59.593931	0.0	3200905	532	20.0
1607461208.77	20000	59.765367	0.0	2180586	599	20.0
1607461209.71	20000	59.845958	0.0	1500505	415	20.0
1607461210.61	40000	59.930399	0.0	4039495	868	20.0
1607461212.12	40000	59.597798	0.0	3205850	477	40.0
1607461212.64	20000	59.903244	0.0	2364826	495	0.0
1607461213.72	20000	59.849873	0.0	2517454	556	20.0
1607461215.06	20000	59.482225	0.0	1883143	1318	20.0
1607461216.27	20000	59.270393	0.0	1726706	1193	20.0
1607461216.67	20000	59.871217	0.0	707364	382	20.0
1607461218.13	20000	59.60386	0.0	796460	434	20.0
1607461218.87	20000	59.854917	0.0	596962	228	20.0
1607461219.72	20000	59.855687	0.0	947625	339	20.0
1607461221.08	20000	59.606767	0.0	832859	341	20.0
1607461222.17	20000	59.607809	0.0	151562	74	20.0
1607461222.7	20000	59.858917	0.0	90390	13	20.0
1607461223.72	20000	59.85991	0.0	50278	9	20.0
1607461224.73	20000	59.860816	0.0	26471	1	20.0
1607461226.27	20000	59.795677	0.0	56059	19	20.0
1607461227.16	40000	1.000999	0.389	334476	376	-62.24
1607461230.66	20000	1.418938	2.638	11007815	3406	-422.08
1607461236.29	40000	1.297801	4.484	17616813	5496	-697.44
1607461237.57	20000	1.435099	0.45	3191121	1244	-72.0
1607461238.99	20000	1.320122	0.314	1661718	1411	-30.240000000000002
1607461239.66	20000	1.651088	0.0	1315024	652	20.0
1607461239.9	20000	2.418801	0.0	698359	219	20.0
1607461240.14	20000	3.177079	0.0	730082	229	20.0
1607461242.08	20000	2.240336	0.0	4047415	1908	20.0
1607461243.0	20000	2.322511	0.0	2863079	895	20.0
1607461244.05	20000	2.267961	0.0	4167844	1023	20.0
1607461246.12	20000	1.390733	0.188	5571764	2031	-10.079999999999998
1607461250.83	20000	1.329379	3.651	4925652	4675	-564.16
1607461251.66	20000	1.506431	0.0	2030157	803	20.0
1607461252.76	20000	1.482044	0.075	2240782	1080	8.0
1607461253.8	20000	1.43784	0.0	2211169	1020	20.0
1607461254.12	20000	2.121812	0.0	382046	304	20.0
1607461255.19	20000	2.052871	0.0	1113969	1054	20.0
1607461255.87	20000	2.372832	0.0	820127	666	20.0
1607461265.21	20000	1.311536	7.276	6357933	9295	-1144.16
1607461266.5	160000	1.280561	0.264	28763893	1087	-22.24000000000001
1607461267.15	160000	1.632638	0.0	21266416	528	160.0
1607461267.81	160000	1.970266	0.0	23702229	515	160.0
1607461268.46	160000	2.329838	0.0	27580394	480	160.0
1607461268.85	160000	2.932616	0.0	20329780	277	160.0
1607461269.17	160000	3.613352	0.0	16109183	204	160.0
1607461270.82	160000	2.97125	0.0	58830800	1076	160.0
