1607405169.96	40000	1.000999	0.018	334476	6	-2.8800000000000026
1607405170.52	160000	1.840436	0.0	14912671	295	40.0
1607405171.3	160000	2.077079	0.0	24265636	500	160.0
1607405172.01	160000	2.396921	0.0	22711544	496	160.0
1607405172.64	160000	2.799023	0.0	19639705	432	160.0
1607405173.23	160000	3.233324	0.0	20946809	392	160.0
1607405173.59	160000	3.902885	0.0	11895609	214	160.0
1607405173.84	160000	4.648842	0.0	7597636	137	160.0
1607405174.79	80000	4.756305	0.0	29583867	656	0.0
1607405175.31	80000	5.236229	0.0	15816325	340	80.0
1607405176.12	110000	5.426956	0.0	26873304	579	80.0
1607405177.08	110000	5.467717	0.0	33588177	707	110.0
1607405177.69	110000	5.854609	0.0	25684661	402	110.0
1607405178.17	160000	6.375927	0.0	19559369	295	110.0
1607405178.71	160000	6.833187	0.0	22224402	330	160.0
1607405179.41	160000	7.13585	0.0	22578365	487	160.0
1607405179.73	160000	7.826443	0.0	8346702	189	160.0
1607405180.13	160000	8.423189	0.0	15775481	242	160.0
1607405180.38	160000	9.168268	0.0	9163235	132	160.0
1607405181.47	160000	9.094524	0.0	41307095	726	160.0
1607405182.25	160000	9.307944	0.0	28763893	549	160.0
1607405182.78	160000	9.778518	0.0	21266416	324	160.0
1607405183.37	160000	10.188805	0.0	23702229	389	160.0
1607405184.04	160000	10.512529	0.0	27580394	447	160.0
1607405184.52	160000	11.041889	0.0	20329780	277	160.0
1607405184.9	160000	11.660358	0.0	16109183	219	160.0
1607405186.2	160000	11.364631	0.0	58830800	774	160.0
1607405187.64	160000	10.922638	0.0	66935122	1010	160.0
1607405188.02	160000	11.543608	0.0	15251076	226	160.0
1607405188.48	160000	12.077841	0.0	16574034	302	160.0
1607405188.86	160000	12.702324	0.0	13009028	237	160.0
1607405189.35	160000	13.217524	0.0	12791674	345	160.0
1607405189.79	160000	13.775806	0.0	11137898	304	160.0
1607405190.12	160000	14.450858	0.0	11485310	190	160.0
1607405190.44	160000	15.126952	0.0	12428518	185	160.0
1607405190.72	160000	15.85236	0.0	9963766	148	160.0
1607405191.05	160000	16.524347	0.0	12189364	193	160.0
1607405191.35	160000	17.221816	0.0	10142396	178	160.0
1607405191.66	160000	17.91557	0.0	10185488	178	160.0
1607405192.07	160000	18.507661	0.0	14061455	247	160.0
1607405192.61	160000	18.965985	0.0	20074099	359	160.0
1607405194.13	160000	18.44158	0.0	46115254	1204	160.0
1607405197.12	160000	16.460189	0.0	40906522	2675	160.0
1607405197.91	160000	16.668562	0.0	7891151	669	160.0
1607405198.61	160000	16.970879	0.0	21012466	512	160.0
1607405199.34	160000	17.24222	0.0	23519424	523	160.0
1607405199.89	160000	17.689841	0.0	18715420	380	160.0
1607405200.46	160000	18.12302	0.0	17000816	397	160.0
1607405200.95	160000	18.632578	0.0	14448126	338	160.0
1607405201.24	160000	19.338603	0.0	6958676	180	160.0
1607405201.6	160000	19.984489	0.0	9088791	234	160.0
1607405201.91	160000	20.677163	0.0	7211881	185	160.0
1607405202.06	160000	21.528564	0.0	3063586	60	160.0
1607405202.2	160000	22.385361	0.0	2782179	53	160.0
1607405202.52	160000	23.064508	0.0	9958410	195	160.0
1607405202.9	160000	23.692498	0.0	12158708	238	160.0
1607405203.3	160000	24.286515	0.0	12300216	268	160.0
1607405203.82	160000	24.780403	0.0	15815684	348	160.0
1607405204.27	160000	25.319676	0.0	13526256	310	160.0
1607405204.69	160000	25.902662	0.0	11995130	281	160.0
1607405205.13	160000	26.464387	0.0	13394791	297	160.0
1607405205.54	160000	27.053213	0.0	14135828	265	160.0
1607405205.98	160000	27.617375	0.0	15366126	288	160.0
1607405206.46	160000	28.137245	0.0	14248439	325	160.0
1607405206.92	160000	28.677643	0.0	13843717	314	160.0
1607405207.47	160000	29.133002	0.0	14665119	392	160.0
1607405208.2	160000	29.397777	0.0	21079187	552	160.0
1607405209.03	160000	29.56862	0.0	25480074	621	160.0
1607405209.78	160000	29.825888	0.0	23021754	539	160.0
1607405210.67	160000	29.928785	0.0	27527834	675	160.0
1607405211.59	160000	30.020421	0.0	26155848	680	160.0
1607405212.2	160000	30.400726	0.0	17849379	438	160.0
1607405212.65	160000	30.957386	0.0	16546531	276	160.0
1607405213.12	160000	31.487477	0.0	17718949	294	160.0
1607405214.31	160000	31.299027	0.0	17337137	1023	160.0
1607405215.56	160000	31.04884	0.0	20008245	1056	160.0
1607405217.46	160000	30.147066	0.0	58430914	1515	160.0
1607405217.94	160000	30.667932	0.0	16292703	314	160.0
1607405218.52	160000	31.08834	0.0	25587422	360	160.0
1607405219.05	160000	31.564207	0.0	23982306	320	160.0
1607405219.43	160000	32.182512	0.0	13347845	201	160.0
1607405219.8	160000	32.811671	0.0	14337991	217	160.0
1607405220.17	160000	33.445823	0.0	14584990	218	160.0
1607405220.51	160000	34.112288	0.0	13962401	183	160.0
1607405220.84	160000	34.776312	0.0	14393788	188	160.0
1607405221.19	160000	35.429437	0.0	14649457	199	160.0
1607405221.53	160000	36.090444	0.0	13409715	198	160.0
1607405221.89	160000	36.734133	0.0	13909605	209	160.0
1607405222.26	160000	37.362831	0.0	13301968	233	160.0
1607405222.96	160000	37.663144	0.0	19025846	520	160.0
1607405223.52	160000	38.103897	0.0	19295426	386	160.0
1607405224.03	160000	38.59453	0.0	18261873	341	160.0
1607405224.55	160000	39.073627	0.0	19847604	325	160.0
1607405225.03	160000	39.597344	0.0	18767181	306	160.0
1607405225.6	160000	40.028791	0.0	22420858	374	160.0
1607405226.12	160000	40.513457	0.0	19324333	330	160.0
1607405226.63	160000	40.994835	0.0	20392234	335	160.0
1607405226.88	160000	41.754585	0.0	7671072	126	160.0
1607405227.32	160000	42.311803	0.0	17781906	272	160.0
1607405227.63	160000	43.00039	0.0	12839336	171	160.0
1607405227.91	160000	43.727383	0.0	10779770	142	160.0
1607405228.25	160000	44.383979	0.0	14606687	195	160.0
1607405229.17	160000	44.46846	0.0	41866951	599	160.0
1607405230.01	160000	44.627552	0.0	37238410	549	160.0
1607405230.37	160000	45.27051	0.0	14347759	209	160.0
1607405230.67	160000	45.970248	0.0	11399187	166	160.0
1607405230.95	160000	46.690775	0.0	10358641	150	160.0
1607405231.3	160000	47.336699	0.0	14315696	209	160.0
1607405231.86	160000	47.779779	0.0	23283631	357	160.0
1607405232.7	160000	47.944234	0.0	37521367	544	160.0
1607405233.2	160000	48.439757	0.0	22241104	309	160.0
1607405233.59	160000	49.051673	0.0	15813346	224	160.0
1607405234.01	160000	49.642466	0.0	17116450	241	160.0
1607405234.45	160000	50.196253	0.0	18867054	256	160.0
1607405234.85	160000	50.797579	0.0	17393609	230	160.0
1607405235.38	160000	51.264969	0.0	24759401	327	160.0
1607405235.93	160000	51.719794	0.0	25782433	338	160.0
1607405236.51	160000	52.139651	0.0	25885372	347	160.0
1607405237.08	160000	52.571358	0.0	26242011	351	160.0
1607405237.71	160000	52.944369	0.0	23865378	406	160.0
1607405238.39	160000	53.261061	0.0	25470681	465	160.0
1607405239.54	160000	53.119143	0.0	27258768	900	160.0
1607405240.08	160000	53.57847	0.0	17853711	370	160.0
1607405240.55	160000	54.11107	0.0	14829893	303	160.0
1607405241.33	160000	54.329193	0.0	27779697	552	160.0
1607405243.82	160000	52.837204	0.0	27714923	2268	160.0
1607405246.07	160000	51.589692	0.0	25946474	2030	160.0
1607405247.75	160000	50.913689	0.0	19596259	1498	160.0
1607405249.68	160000	49.977802	0.0	23774167	1732	160.0
1607405251.28	160000	49.381241	0.0	19373656	1406	160.0
1607405253.26	160000	48.406479	0.0	23977420	1770	160.0
1607405255.21	160000	47.45559	0.0	24493733	1748	160.0
1607405256.38	160000	47.285683	0.0	14528511	1021	160.0
1607405257.7	160000	46.965392	0.0	16841176	1155	160.0
1607405259.1	160000	46.567012	0.0	16743604	1234	160.0
1607405260.49	160000	46.177299	0.0	17975224	1219	160.0
1607405262.21	160000	45.460029	0.0	22329548	1524	160.0
1607405263.52	160000	45.162217	0.0	16001583	1136	160.0
1607405265.14	160000	44.536969	0.0	18238584	1443	160.0
1607405266.99	160000	43.684158	0.0	21308824	1654	160.0
1607405268.39	160000	43.283206	0.0	17749058	1230	160.0
1607405269.61	160000	43.061749	0.0	14127787	1076	160.0
1607405271.17	160000	42.506533	0.0	17525699	1388	160.0
1607405272.32	160000	42.358932	0.0	14240042	1001	160.0
1607405273.78	160000	41.897737	0.0	20324139	1277	160.0
1607405275.76	160000	40.923193	0.0	21993033	1788	160.0
1607405277.14	160000	40.544314	0.0	18863108	1199	160.0
1607405277.79	160000	40.89315	0.0	15964734	490	160.0
1607405278.11	160000	41.575903	0.0	8284939	200	160.0
1607405278.46	160000	42.222882	0.0	9004706	218	160.0
1607405278.73	160000	42.95814	0.0	6955279	152	160.0
1607405279.09	160000	43.591719	0.0	10701639	234	160.0
1607405279.43	160000	44.259919	0.0	9459459	206	160.0
1607405279.61	160000	45.080365	0.0	3212828	85	160.0
1607405279.75	160000	45.934001	0.0	2509989	67	160.0
1607405279.87	160000	46.814654	0.0	2004927	53	160.0
1607405279.94	160000	47.749725	0.0	591360	14	160.0
1607405280.05	160000	49.073834	0.0	2394426	64	160.0
1607405280.41	40000	1.000999	0.079	336477	9	-12.64
1607405280.95	20000	1.871808	0.0	11007815	330	0.0
1607405281.35	20000	2.476111	0.0	8849724	266	20.0
1607405281.83	60000	2.994714	0.0	13063186	318	20.0
1607405282.52	160000	3.329123	0.0	19639705	455	60.0
1607405283.16	160000	3.722407	0.0	20946809	438	160.0
1607405283.54	160000	4.336696	0.0	11895609	249	160.0
1607405283.82	160000	5.063524	0.0	7597636	160	160.0
1607405284.77	80000	5.137534	0.0	29583867	627	0.0
1607405285.33	80000	5.601839	0.0	15816325	391	80.0
1607405286.08	80000	5.853497	0.0	15275967	596	80.0
1607405287.06	80000	5.871823	0.0	20600381	792	80.0
1607405287.78	80000	6.155295	0.0	17710542	540	80.0
1607405288.08	80000	6.855132	0.0	7412644	174	80.0
1607405288.78	160000	7.154315	0.0	22224402	495	80.0
1607405289.43	160000	7.509787	0.0	22578365	438	160.0
1607405289.71	160000	8.221039	0.0	8346702	167	160.0
1607405290.2	160000	8.736717	0.0	15775481	323	160.0
1607405290.51	160000	9.429353	0.0	9163235	185	160.0
1607405291.83	160000	9.105354	0.0	41307095	961	160.0
1607405292.78	160000	9.155029	0.0	28763893	716	160.0
1607405293.46	160000	9.483688	0.0	21266416	471	160.0
1607405294.09	160000	9.851512	0.0	23702229	435	160.0
1607405294.82	160000	10.127242	0.0	27580394	492	160.0
1607405295.35	160000	10.589192	0.0	20329780	335	160.0
1607405295.79	160000	11.151875	0.0	16109183	275	160.0
1607405297.39	160000	10.560395	0.0	58830800	1068	160.0
1607405299.07	160000	9.873962	0.0	66935122	1261	160.0
1607405299.42	160000	10.528242	0.0	15251076	190	160.0
1607405299.82	160000	11.129577	0.0	16574034	236	160.0
1607405300.16	160000	11.786482	0.0	13009028	202	160.0
