1607468742.96	40000	1.000999	0.013	334476	2	-2.0799999999999983
1607468743.25	160000	1.993359	0.0	14912671	125	40.0
1607468743.66	160000	2.710553	0.0	24265636	182	160.0
1607468743.97	160000	3.393495	0.0	22711544	173	160.0
1607468744.24	160000	4.132297	0.0	19639705	144	160.0
1607468744.51	160000	4.857308	0.0	20946809	151	160.0
1607468744.67	160000	5.698882	0.0	11895609	85	160.0
1607468744.77	160000	6.597702	0.0	7597636	55	160.0
1607468745.65	160000	6.856819	0.0	56067905	394	160.0
1607468746.22	160000	7.314839	0.0	45444680	295	160.0
1607468746.84	160000	7.72134	0.0	54798068	301	160.0
1607468747.7	160000	7.926901	0.0	69464107	384	160.0
1607468748.28	160000	8.467953	0.0	50637608	289	160.0
1607468748.51	160000	9.238853	0.0	19559369	102	160.0
1607468748.76	160000	9.986406	0.0	22224402	121	160.0
1607468749.02	160000	10.729202	0.0	22578365	124	160.0
1607468749.12	160000	11.629885	0.0	8346702	46	160.0
1607468749.29	160000	12.46258	0.0	15775481	75	160.0
1607468749.39	160000	13.35942	0.0	9163235	45	160.0
1607468749.82	160000	13.931907	0.0	41307095	196	160.0
1607468750.14	160000	14.616212	0.0	28763893	136	160.0
1607468750.36	160000	15.391176	0.0	21266416	101	160.0
1607468750.63	160000	16.129364	0.0	23702229	112	160.0
1607468750.91	160000	16.842904	0.0	27580394	130	160.0
1607468751.15	160000	17.612013	0.0	20329780	99	160.0
1607468751.32	160000	18.43717	0.0	16109183	79	160.0
1607468751.97	160000	18.792992	0.0	58830800	290	160.0
1607468752.67	160000	19.086058	0.0	66935122	338	160.0
1607468752.85	160000	19.910383	0.0	15251076	74	160.0
1607468753.04	160000	20.720582	0.0	16574034	82	160.0
1607468753.18	160000	21.582034	0.0	13009028	62	160.0
1607468753.32	160000	22.448879	0.0	12791674	59	160.0
1607468753.45	160000	23.320177	0.0	11137898	60	160.0
1607468753.57	160000	24.196686	0.0	11485310	52	160.0
1607468753.7	160000	25.066148	0.0	12428518	58	160.0
1607468753.81	160000	25.959265	0.0	9963766	47	160.0
1607468753.94	160000	26.829298	0.0	12189364	58	160.0
1607468754.06	160000	27.719438	0.0	10142396	47	160.0
1607468754.17	160000	28.600533	0.0	10185488	47	160.0
1607468754.32	160000	29.448695	0.0	14061455	67	160.0
1607468754.54	160000	30.232536	0.0	20074099	94	160.0
1607468755.02	160000	30.753354	0.0	46115254	216	160.0
1607468755.47	160000	31.352258	0.0	40906522	193	160.0
1607468755.56	160000	32.262302	0.0	7891151	37	160.0
1607468755.79	160000	33.065082	0.0	21012466	101	160.0
1607468756.03	160000	33.845802	0.0	23519424	111	160.0
1607468756.24	160000	34.641333	0.0	18715420	88	160.0
1607468756.42	160000	35.456487	0.0	17000816	77	160.0
1607468756.58	160000	36.30296	0.0	14448126	66	160.0
1607468756.66	160000	37.224689	0.0	6958676	31	160.0
1607468756.76	160000	38.125815	0.0	9088791	42	160.0
1607468756.84	160000	39.046256	0.0	7211881	33	160.0
1607468756.88	160000	40.00362	0.0	3063586	16	160.0
1607468756.92	160000	40.966789	0.0	2782179	13	160.0
1607468757.03	160000	41.856378	0.0	9958410	44	160.0
1607468757.16	160000	42.731084	0.0	12158708	55	160.0
1607468757.29	160000	43.602379	0.0	12300216	57	160.0
1607468757.45	160000	44.439949	0.0	15815684	72	160.0
1607468757.59	160000	45.298107	0.0	13526256	63	160.0
1607468757.72	160000	46.174476	0.0	11995130	54	160.0
1607468757.86	160000	47.037019	0.0	13394791	61	160.0
1607468758.01	160000	47.890296	0.0	14135828	63	160.0
1607468758.17	160000	48.727687	0.0	15366126	74	160.0
1607468758.32	160000	49.581981	0.0	14248439	65	160.0
1607468758.46	160000	50.439764	0.0	13843717	63	160.0
1607468758.62	160000	51.278494	0.0	14665119	67	160.0
1607468758.84	160000	52.061102	0.0	21079187	96	160.0
1607468759.1	160000	52.797816	0.0	25480074	116	160.0
1607468759.36	160000	53.546395	0.0	23021754	111	160.0
1607468759.64	160000	54.258392	0.0	27527834	134	160.0
1607468759.93	160000	54.972038	0.0	26155848	127	160.0
1607468760.13	160000	55.778672	0.0	17849379	87	160.0
1607468760.32	160000	56.585392	0.0	16546531	96	160.0
1607468760.54	160000	57.375121	0.0	17718949	102	160.0
1607468760.74	160000	58.166379	0.0	17337137	98	160.0
1607468760.97	160000	58.935582	0.0	20008245	117	160.0
1607468761.63	160000	59.27767	0.0	58430914	327	160.0
1607468762.33	160000	59.757957	0.0	16292703	89	160.0
1607468763.11	160000	59.831231	0.0	25587422	142	160.0
1607468764.4	160000	59.582213	0.0	23982306	148	160.0
1607468765.11	160000	59.833205	0.0	13347845	124	160.0
1607468766.48	160000	59.58421	0.0	14337991	281	160.0
1607468767.17	160000	59.835234	0.0	14584990	100	160.0
1607468768.37	160000	59.586205	0.0	13962401	120	160.0
1607468769.17	160000	59.837219	0.0	14393788	214	160.0
1607468770.27	110000	59.653925	0.0	10023423	1023	60.0
1607468771.24	110000	59.839209	0.0	8908280	413	110.0
1607468771.93	110000	59.994359	0.0	9004051	631	110.0
1607468773.5	110000	59.591242	0.0	8764764	512	110.0
1607468774.72	160000	59.202023	0.0	19025846	1105	110.0
1607468775.44	160000	59.486837	0.0	19295426	602	160.0
1607468776.41	160000	59.59419	0.0	18261873	364	160.0
1607468777.14	160000	59.788382	0.0	19847604	611	160.0
1607468778.41	160000	59.518513	0.0	18767181	1154	160.0
1607468779.27	160000	59.660628	0.0	22420858	732	160.0
1607468780.26	160000	59.848205	0.0	19324333	384	160.0
1607468781.34	160000	59.599262	0.0	20392234	456	160.0
1607468782.14	160000	59.850219	0.0	7671072	246	160.0
1607468783.16	160000	59.851201	0.0	17781906	419	160.0
1607468784.52	160000	59.602176	0.0	12839336	275	160.0
1607468785.31	160000	59.853239	0.0	10779770	227	160.0
1607468786.12	160000	59.854198	0.0	14606687	222	160.0
1607468787.16	160000	59.774919	0.0	41866951	817	160.0
1607468788.33	110000	59.603389	0.0	26354219	1016	60.0
1607468789.43	160000	59.513088	0.0	14347759	1005	110.0
1607468790.32	160000	59.786041	0.0	11399187	328	160.0
1607468791.57	160000	59.609222	0.0	10358641	184	160.0
1607468791.96	160000	59.981435	0.0	14315696	293	160.0
1607468793.55	160000	59.611224	0.0	23283631	458	160.0
1607468794.61	160000	59.32945	0.0	37521367	839	160.0
1607468795.1	160000	59.842694	0.0	22241104	361	160.0
1607468796.46	160000	59.614213	0.0	15813346	262	160.0
1607468797.42	160000	59.615201	0.0	17116450	362	160.0
1607468798.33	160000	59.616199	0.0	18867054	298	160.0
1607468799.18	160000	59.867217	0.0	17393609	248	160.0
1607468800.18	160000	59.868205	0.0	24759401	355	160.0
1607468801.18	160000	59.86931	0.0	25782433	358	160.0
1607468802.18	160000	59.870281	0.0	25885372	332	160.0
1607468803.29	160000	59.849016	0.0	26242011	464	160.0
1607468804.3	160000	59.87221	0.0	23865378	354	160.0
1607468805.29	160000	59.873241	0.0	25470681	355	160.0
1607468806.35	160000	59.624179	0.0	27258768	384	160.0
1607468807.17	160000	59.87511	0.0	17853711	217	160.0
1607468808.43	160000	59.626221	0.0	14829893	176	160.0
1607468809.39	160000	59.627221	0.0	27779697	296	160.0
1607468810.38	160000	59.628201	0.0	27714923	334	160.0
1607468811.33	160000	59.80697	0.0	25946474	288	160.0
1607468812.17	160000	59.880205	0.0	19596259	227	160.0
1607468813.22	160000	59.881238	0.0	23774167	412	160.0
1607468814.25	160000	59.882201	0.0	19373656	409	160.0
1607468815.49	80000	59.633179	0.0	12195097	155	0.0
1607468818.11	20000	57.851149	0.0	3492243	2593	-40.0
1607468818.51	20000	58.452489	0.0	1307592	381	20.0
1607468818.86	20000	59.106626	0.0	1881404	324	20.0
1607468819.19	20000	59.776437	0.0	1806471	311	20.0
1607468821.31	40000	58.660552	0.0	3979395	2080	20.0
1607468822.12	80000	58.848816	0.0	10869298	745	40.0
1607468822.84	80000	59.127362	0.0	8336931	671	80.0
1607468823.87	80000	59.106379	0.0	9782551	960	80.0
1607468824.87	80000	59.103839	0.0	11598573	936	80.0
1607468825.81	110000	59.160498	0.0	12480173	871	80.0
1607468826.62	110000	59.354174	0.0	9581283	746	110.0
1607468827.25	80000	59.721853	0.0	8494032	576	50.0
1607468828.31	80000	59.896236	0.0	6723557	513	80.0
1607468829.45	110000	59.53	0.0	13845974	1049	80.0
1607468830.69	110000	59.291622	0.0	15054391	1156	110.0
1607468831.67	110000	59.30842	0.0	12467336	912	110.0
1607468832.69	160000	59.294796	0.0	15964734	916	110.0
1607468833.34	160000	59.65121	0.0	8284939	98	160.0
1607468834.51	160000	59.652104	0.0	9004706	105	160.0
1607468835.13	160000	59.903226	0.0	6955279	72	160.0
1607468836.3	160000	59.904218	0.0	10701639	96	160.0
1607468837.44	160000	59.655289	0.0	9459459	84	160.0
1607468838.49	160000	59.656218	0.0	3212828	23	160.0
1607468839.54	160000	59.65721	0.0	2509989	23	160.0
1607468840.09	160000	59.9082	0.0	2004927	25	160.0
1607468841.11	160000	59.909191	0.0	591360	9	160.0
1607468842.67	160000	59.843965	0.0	2394426	27	160.0
1607468843.01	40000	1.000999	0.035	337339	2	-5.600000000000001
1607468843.35	160000	2.001999	0.0	14912671	171	40.0
1607468843.85	160000	2.548428	0.0	24265636	276	160.0
1607468844.23	160000	3.164417	0.0	22711544	242	160.0
1607468844.57	160000	3.833667	0.0	19639705	208	160.0
1607468844.88	160000	4.53942	0.0	20946809	185	160.0
1607468845.06	160000	5.363754	0.0	11895609	102	160.0
1607468845.19	160000	6.244195	0.0	7597636	65	160.0
1607468846.15	160000	6.33351	0.0	56067905	492	160.0
1607468846.85	160000	6.663279	0.0	45444680	440	160.0
1607468847.84	160000	6.728659	0.0	54798068	675	160.0
1607468849.01	160000	6.552013	0.0	69464107	696	160.0
1607468849.76	160000	6.805637	0.0	50637608	476	160.0
1607468850.05	160000	7.518349	0.0	19559369	173	160.0
1607468850.38	160000	8.191895	0.0	22224402	196	160.0
1607468850.72	160000	8.850079	0.0	22578365	200	160.0
1607468850.84	160000	9.731682	0.0	8346702	63	160.0
1607468851.06	160000	10.515702	0.0	15775481	121	160.0
1607468851.18	160000	11.391683	0.0	9163235	70	160.0
1607468851.74	160000	11.83948	0.0	41307095	315	160.0
1607468852.18	160000	12.396705	0.0	28763893	259	160.0
1607468852.5	160000	13.077092	0.0	21266416	193	160.0
1607468852.88	160000	13.696206	0.0	23702229	226	160.0
1607468853.32	160000	14.259278	0.0	27580394	282	160.0
1607468853.66	160000	14.915907	0.0	20329780	208	160.0
1607468853.92	160000	15.657382	0.0	16109183	159	160.0
1607468854.86	160000	15.723525	0.0	58830800	583	160.0
