1607407159.63	40000	1.000999	0.673	334476	659	-107.68
1607407168.91	20000	1.31393	8.23	11007815	9107	-1316.8
1607407169.49	160000	1.738992	0.0	24265636	261	20.0
1607407169.94	160000	2.3134	0.0	22711544	239	160.0
1607407170.31	160000	2.97145	0.0	19639705	181	160.0
1607407170.7	160000	3.600821	0.0	20946809	191	160.0
1607407170.96	160000	4.367222	0.0	11895609	107	160.0
1607407171.15	160000	5.180879	0.0	7597636	67	160.0
1607407172.19	160000	5.191383	0.0	56067905	498	160.0
1607407172.98	160000	5.437771	0.0	45444680	463	160.0
1607407173.98	160000	5.438067	0.0	54798068	639	160.0
1607407175.12	160000	5.291319	0.0	69464107	635	160.0
1607407175.93	160000	5.483603	0.0	50637608	458	160.0
1607407176.32	160000	6.096898	0.0	19559369	205	160.0
1607407176.75	160000	6.66565	0.0	22224402	233	160.0
1607407177.22	160000	7.20377	0.0	22578365	268	160.0
1607407177.45	160000	7.975416	0.0	8346702	96	160.0
1607407177.8	160000	8.619742	0.0	15775481	193	160.0
1607407178.05	160000	9.3767	0.0	9163235	115	160.0
1607407178.85	160000	9.571798	0.0	41307095	514	160.0
1607407179.42	160000	10.009554	0.0	28763893	317	160.0
1607407179.85	160000	10.581469	0.0	21266416	237	160.0
1607407180.36	160000	11.094466	0.0	23702229	291	160.0
1607407180.93	160000	11.559528	0.0	27580394	339	160.0
1607407181.37	160000	12.11732	0.0	20329780	242	160.0
1607407181.74	160000	12.761846	0.0	16109183	192	160.0
1607407182.7	160000	12.78523	0.0	58830800	564	160.0
1607407183.68	160000	12.815828	0.0	66935122	543	160.0
1607407183.97	160000	13.521845	0.0	15251076	119	160.0
1607407184.24	160000	14.251064	0.0	16574034	106	160.0
1607407184.47	160000	15.025398	0.0	13009028	83	160.0
1607407184.69	160000	15.80589	0.0	12791674	81	160.0
1607407184.89	160000	16.605802	0.0	11137898	71	160.0
1607407185.09	160000	17.405151	0.0	11485310	68	160.0
1607407185.3	160000	18.192312	0.0	12428518	74	160.0
1607407185.49	160000	19.003971	0.0	9963766	60	160.0
1607407185.7	160000	19.795258	0.0	12189364	72	160.0
1607407185.89	160000	20.607538	0.0	10142396	60	160.0
1607407186.11	160000	21.394053	0.0	10185488	84	160.0
1607407186.37	160000	22.12728	0.0	14061455	118	160.0
1607407186.73	160000	22.776697	0.0	20074099	170	160.0
1607407187.52	160000	22.988574	0.0	46115254	460	160.0
1607407188.28	160000	23.225112	0.0	40906522	446	160.0
1607407188.49	160000	24.010988	0.0	7891151	96	160.0
1607407188.93	160000	24.580759	0.0	21012466	234	160.0
1607407189.41	160000	25.104228	0.0	23519424	275	160.0
1607407189.8	160000	25.703998	0.0	18715420	218	160.0
1607407190.18	160000	26.327856	0.0	17000816	208	160.0
1607407190.52	160000	26.992193	0.0	14448126	182	160.0
1607407190.72	160000	27.790335	0.0	6958676	87	160.0
1607407190.96	160000	28.552025	0.0	9088791	115	160.0
1607407191.15	160000	29.360727	0.0	7211881	77	160.0
1607407191.29	160000	30.224912	0.0	3063586	39	160.0
1607407191.42	160000	31.097575	0.0	2782179	29	160.0
1607407191.65	160000	31.862903	0.0	9958410	107	160.0
1607407191.92	160000	32.592995	0.0	12158708	131	160.0
1607407192.19	160000	33.330407	0.0	12300216	121	160.0
1607407192.51	160000	34.012732	0.0	15815684	157	160.0
1607407192.78	160000	34.73542	0.0	13526256	135	160.0
1607407193.04	160000	35.478514	0.0	11995130	119	160.0
1607407193.34	160000	36.17971	0.0	13394791	149	160.0
1607407193.65	160000	36.874804	0.0	14135828	160	160.0
1607407193.98	160000	37.546257	0.0	15366126	173	160.0
1607407194.42	160000	38.109371	0.0	14248439	289	160.0
1607407194.85	160000	38.680226	0.0	13843717	281	160.0
1607407195.33	160000	39.1959	0.0	14665119	325	160.0
1607407196.01	160000	39.518722	0.0	21079187	481	160.0
1607407196.51	160000	40.015103	0.0	25480074	292	160.0
1607407196.98	160000	40.549543	0.0	23021754	266	160.0
1607407197.62	160000	40.913235	0.0	27527834	417	160.0
1607407198.26	160000	41.273216	0.0	26155848	413	160.0
1607407198.76	160000	41.775191	0.0	17849379	327	160.0
1607407199.23	160000	42.303223	0.0	16546531	298	160.0
1607407199.73	160000	42.808004	0.0	17718949	322	160.0
1607407200.62	160000	42.91925	0.0	17337137	718	160.0
1607407202.19	160000	42.348718	0.0	20008245	1390	160.0
1607407203.59	160000	41.949847	0.0	58430914	1015	160.0
1607407204.02	160000	42.521829	0.0	16292703	259	160.0
1607407205.27	160000	42.27283	0.0	25587422	1039	160.0
1607407205.76	160000	42.788641	0.0	23982306	282	160.0
1607407206.06	160000	43.481153	0.0	13347845	152	160.0
1607407206.37	160000	44.175126	0.0	14337991	160	160.0
1607407206.68	160000	44.863259	0.0	14584990	165	160.0
1607407206.98	160000	45.562388	0.0	13962401	155	160.0
1607407207.3	160000	46.246049	0.0	14393788	169	160.0
1607407207.62	160000	46.930371	0.0	14649457	168	160.0
1607407207.92	160000	47.632778	0.0	13409715	153	160.0
1607407208.22	160000	48.328746	0.0	13909605	154	160.0
1607407208.51	160000	49.042754	0.0	13301968	141	160.0
1607407208.89	160000	49.661563	0.0	19025846	200	160.0
1607407210.13	160000	49.426827	0.0	19295426	1053	160.0
1607407211.64	160000	48.912338	0.0	18261873	1340	160.0
1607407212.63	160000	48.926632	0.0	19847604	793	160.0
1607407213.42	160000	49.132222	0.0	18767181	617	160.0
1607407214.35	160000	49.203431	0.0	22420858	733	160.0
1607407214.79	160000	49.767469	0.0	19324333	253	160.0
1607407215.24	160000	50.320394	0.0	20392234	263	160.0
1607407215.44	160000	51.12206	0.0	7671072	80	160.0
1607407215.8	160000	51.762306	0.0	17781906	187	160.0
1607407216.08	160000	52.483023	0.0	12839336	136	160.0
1607407216.35	160000	53.216508	0.0	10779770	134	160.0
1607407216.68	160000	53.881036	0.0	14606687	182	160.0
1607407217.53	160000	54.037379	0.0	41866951	534	160.0
1607407218.32	160000	54.243375	0.0	37238410	499	160.0
1607407218.64	160000	54.930371	0.0	14347759	160	160.0
1607407218.9	160000	55.669406	0.0	11399187	128	160.0
1607407219.14	160000	56.423287	0.0	10358641	115	160.0
1607407219.44	160000	57.134283	0.0	14315696	141	160.0
1607407219.86	160000	57.709237	0.0	23283631	225	160.0
1607407220.53	160000	58.03894	0.0	37521367	385	160.0
1607407220.98	160000	58.596671	0.0	22241104	248	160.0
1607407221.32	160000	59.249352	0.0	15813346	183	160.0
1607407221.7	160000	59.877037	0.0	17116450	208	160.0
1607407223.1	160000	59.617399	0.0	18867054	231	160.0
1607407232.48	160000	51.094408	0.0	17393609	9203	160.0
1607407234.54	160000	50.035892	0.0	24759401	1849	160.0
1607407236.32	160000	49.262101	0.0	25782433	1550	160.0
1607407237.86	160000	48.718423	0.0	25885372	1309	160.0
1607407240.48	160000	47.095322	0.0	26242011	2409	160.0
1607407242.09	160000	46.488672	0.0	23865378	1391	160.0
1607407246.14	160000	43.445098	0.0	25470681	3816	160.0
1607407250.44	160000	40.137732	0.0	27258768	4068	160.0
1607407252.84	160000	38.746527	0.0	17853711	2217	160.0
1607407254.43	160000	38.153005	0.0	14829893	1446	160.0
1607407256.83	160000	36.759178	0.0	27779697	2163	160.0
1607407259.04	160000	35.550572	0.0	27714923	1987	160.0
1607407260.69	160000	34.901243	0.0	25946474	1431	160.0
1607407261.29	160000	35.300297	0.0	19596259	421	160.0
1607407261.86	160000	35.728377	0.0	23774167	367	160.0
1607407262.34	160000	36.252249	0.0	19373656	292	160.0
1607407262.86	160000	36.735252	0.0	23977420	309	160.0
1607407263.39	160000	37.210711	0.0	24493733	317	160.0
1607407263.7	160000	37.895692	0.0	14528511	156	160.0
1607407264.05	160000	38.547297	0.0	16841176	184	160.0
1607407264.4	160000	39.197997	0.0	16743604	184	160.0
1607407264.75	160000	39.849895	0.0	17975224	177	160.0
1607407265.16	160000	40.434679	0.0	22329548	219	160.0
1607407265.48	160000	41.116061	0.0	16001583	158	160.0
1607407265.81	160000	41.787548	0.0	18238584	159	160.0
1607407266.19	160000	42.413197	0.0	21308824	179	160.0
1607407266.51	160000	43.094649	0.0	17749058	149	160.0
1607407266.76	160000	43.845474	0.0	14127787	101	160.0
1607407267.05	160000	44.552657	0.0	17525699	127	160.0
1607407267.3	160000	45.302815	0.0	14240042	103	160.0
1607407267.63	160000	45.979085	0.0	20324139	140	160.0
1607407267.97	160000	46.639318	0.0	21993033	148	160.0
1607407268.27	160000	47.33384	0.0	18863108	127	160.0
1607407268.54	160000	48.067322	0.0	15964734	103	160.0
1607407268.71	160000	48.900409	0.0	8284939	50	160.0
1607407268.88	160000	49.72657	0.0	9004706	53	160.0
1607407269.04	160000	50.57567	0.0	6955279	41	160.0
1607407269.23	160000	51.383728	0.0	10701639	63	160.0
1607407269.41	160000	52.204126	0.0	9459459	50	160.0
1607407269.52	160000	53.094509	0.0	3212828	17	160.0
1607407269.62	160000	53.997263	0.0	2509989	13	160.0
1607407269.69	160000	54.921515	0.0	2004927	10	160.0
1607407269.75	160000	55.868815	0.0	591360	3	160.0
1607407269.81	160000	57.246256	0.0	2394426	12	160.0
1607407270.13	40000	1.000999	0.026	336477	2	-4.159999999999997
1607407270.53	160000	2.001999	0.0	14912671	78	40.0
1607407270.99	160000	2.66579	0.0	24265636	143	160.0
1607407271.33	160000	3.323331	0.0	22711544	135	160.0
1607407271.63	160000	4.026298	0.0	19639705	109	160.0
1607407271.93	160000	4.721812	0.0	20946809	105	160.0
1607407272.14	160000	5.529198	0.0	11895609	63	160.0
1607407272.3	160000	6.394618	0.0	7597636	42	160.0
1607407273.21	160000	6.561399	0.0	56067905	330	160.0
1607407273.79	160000	7.010656	0.0	45444680	265	160.0
1607407274.44	160000	7.416533	0.0	54798068	288	160.0
1607407275.36	160000	7.56711	0.0	69464107	375	160.0
1607407276.05	160000	7.884922	0.0	50637608	328	160.0
1607407276.37	160000	8.562558	0.0	19559369	131	160.0
1607407276.74	160000	9.191382	0.0	22224402	170	160.0
1607407277.12	160000	9.810363	0.0	22578365	181	160.0
1607407277.31	160000	10.625416	0.0	8346702	67	160.0
1607407277.59	160000	11.343043	0.0	15775481	124	160.0
1607407277.79	160000	12.15495	0.0	9163235	66	160.0
1607407278.37	160000	12.563858	0.0	41307095	298	160.0
1607407278.87	160000	13.072774	0.0	28763893	246	160.0
1607407279.25	160000	13.69211	0.0	21266416	192	160.0
1607407279.68	160000	14.257567	0.0	23702229	217	160.0
1607407280.19	160000	14.747483	0.0	27580394	285	160.0
1607407280.61	160000	15.334765	0.0	20329780	210	160.0
1607407280.88	160000	16.06207	0.0	16109183	104	160.0
1607407281.68	160000	16.266613	0.0	58830800	385	160.0
1607407282.74	160000	16.245945	0.0	66935122	596	160.0
1607407283.1	160000	16.910062	0.0	15251076	191	160.0
1607407283.47	160000	17.532689	0.0	16574034	209	160.0
