1607468561.8	40000	1.000999	0.014	334476	2	-2.240000000000002
1607468562.06	160000	2.001999	0.0	14912671	86	40.0
1607468562.41	160000	2.791492	0.0	24265636	124	160.0
1607468562.67	160000	3.533892	0.0	22711544	118	160.0
1607468562.89	160000	4.308354	0.0	19639705	101	160.0
1607468563.14	160000	5.062596	0.0	20946809	114	160.0
1607468563.28	160000	5.922898	0.0	11895609	64	160.0
1607468563.37	160000	6.834112	0.0	7597636	40	160.0
1607468564.15	160000	7.127677	0.0	56067905	300	160.0
1607468564.65	160000	7.67688	0.0	45444680	246	160.0
1607468565.24	160000	8.104936	0.0	54798068	291	160.0
1607468566.08	160000	8.315251	0.0	69464107	351	160.0
1607468566.59	160000	8.841189	0.0	50637608	230	160.0
1607468566.8	160000	9.634213	0.0	19559369	90	160.0
1607468567.03	160000	10.405351	0.0	22224402	101	160.0
1607468567.26	160000	11.171813	0.0	22578365	104	160.0
1607468567.36	160000	12.076287	0.0	8346702	42	160.0
1607468567.52	160000	12.912046	0.0	15775481	72	160.0
1607468567.62	160000	13.812224	0.0	9163235	42	160.0
1607468568.04	160000	14.393956	0.0	41307095	188	160.0
1607468568.36	160000	15.077907	0.0	28763893	140	160.0
1607468568.58	160000	15.856221	0.0	21266416	103	160.0
1607468568.84	160000	16.595774	0.0	23702229	114	160.0
1607468569.12	160000	17.316647	0.0	27580394	128	160.0
1607468569.35	160000	18.093881	0.0	20329780	94	160.0
1607468569.52	160000	18.923272	0.0	16109183	74	160.0
1607468570.12	160000	19.327859	0.0	58830800	267	160.0
1607468570.79	160000	19.657786	0.0	66935122	306	160.0
1607468570.95	160000	20.491846	0.0	15251076	71	160.0
1607468571.13	160000	21.311632	0.0	16574034	78	160.0
1607468571.27	160000	22.173748	0.0	13009028	63	160.0
1607468571.41	160000	23.036986	0.0	12791674	61	160.0
1607468571.54	160000	23.908026	0.0	11137898	49	160.0
1607468571.67	160000	24.783795	0.0	11485310	54	160.0
1607468571.8	160000	25.652512	0.0	12428518	59	160.0
1607468571.91	160000	26.542864	0.0	9963766	48	160.0
1607468572.04	160000	27.416605	0.0	12189364	55	160.0
1607468572.16	160000	28.298479	0.0	10142396	48	160.0
1607468572.27	160000	29.187973	0.0	10185488	46	160.0
1607468572.41	160000	30.042504	0.0	14061455	64	160.0
1607468572.63	160000	30.831378	0.0	20074099	93	160.0
1607468573.1	160000	31.356643	0.0	46115254	206	160.0
1607468573.55	160000	31.911183	0.0	40906522	197	160.0
1607468573.64	160000	32.820224	0.0	7891151	39	160.0
1607468573.87	160000	33.591819	0.0	21012466	106	160.0
1607468574.12	160000	34.397355	0.0	23519424	111	160.0
1607468574.33	160000	35.215968	0.0	18715420	87	160.0
1607468574.51	160000	36.036908	0.0	17000816	78	160.0
1607468574.67	160000	36.880155	0.0	14448126	68	160.0
1607468574.75	160000	37.800574	0.0	6958676	33	160.0
1607468574.85	160000	38.702528	0.0	9088791	42	160.0
1607468574.93	160000	39.620704	0.0	7211881	32	160.0
1607468574.97	160000	40.580064	0.0	3063586	13	160.0
1607468575.01	160000	41.544245	0.0	2782179	12	160.0
1607468575.11	160000	42.439203	0.0	9958410	44	160.0
1607468575.24	160000	43.313773	0.0	12158708	54	160.0
1607468575.38	160000	44.176458	0.0	12300216	51	160.0
1607468575.54	160000	45.013112	0.0	15815684	70	160.0
1607468575.68	160000	45.875635	0.0	13526256	60	160.0
1607468575.81	160000	46.751055	0.0	11995130	53	160.0
1607468575.95	160000	47.609915	0.0	13394791	65	160.0
1607468576.1	160000	48.462322	0.0	14135828	64	160.0
1607468576.25	160000	49.308422	0.0	15366126	70	160.0
1607468576.4	160000	50.162421	0.0	14248439	66	160.0
1607468576.55	160000	51.019004	0.0	13843717	63	160.0
1607468576.7	160000	51.863058	0.0	14665119	68	160.0
1607468576.92	160000	52.643311	0.0	21079187	96	160.0
1607468577.18	160000	53.38797	0.0	25480074	116	160.0
1607468577.42	160000	54.149963	0.0	23021754	105	160.0
1607468577.7	160000	54.873217	0.0	27527834	125	160.0
1607468577.98	160000	55.594056	0.0	26155848	119	160.0
1607468578.18	160000	56.39389	0.0	17849379	91	160.0
1607468578.36	160000	57.20745	0.0	16546531	84	160.0
1607468578.56	160000	58.01169	0.0	17718949	91	160.0
1607468578.75	160000	58.824454	0.0	17337137	88	160.0
1607468578.97	160000	59.608027	0.0	20008245	103	160.0
1607468579.6	160000	59.972689	0.0	58430914	316	160.0
1607468580.79	160000	59.794299	0.0	16292703	88	160.0
1607468582.08	160000	59.545273	0.0	25587422	144	160.0
1607468582.86	160000	59.796294	0.0	23982306	140	160.0
1607468584.02	160000	59.797292	0.0	13347845	79	160.0
1607468585.24	160000	59.548269	0.0	14337991	137	160.0
1607468585.95	160000	59.79931	0.0	14584990	123	160.0
1607468587.16	160000	59.550287	0.0	13962401	119	160.0
1607468587.87	160000	59.801308	0.0	14393788	126	160.0
1607468589.08	160000	59.55227	0.0	14649457	129	160.0
1607468589.9	110000	59.683725	0.0	8908280	751	60.0
1607468590.82	160000	59.770418	0.0	13909605	827	110.0
1607468592.27	110000	59.555255	0.0	8764764	393	60.0
1607468593.27	20000	59.312926	0.0	2247334	976	-70.0
1607468593.98	20000	59.606614	0.0	3156442	673	20.0
1607468595.39	60000	59.203523	0.0	6443358	1356	20.0
1607468596.39	110000	59.199172	0.0	13245175	924	60.0
1607468597.21	160000	59.379379	0.0	18767181	712	110.0
1607468597.96	160000	59.790748	0.0	22420858	122	160.0
1607468599.2	160000	59.562231	0.0	19324333	105	160.0
1607468599.93	160000	59.813333	0.0	20392234	116	160.0
1607468601.03	160000	59.814329	0.0	7671072	43	160.0
1607468602.22	160000	59.565344	0.0	17781906	91	160.0
1607468602.87	160000	59.81637	0.0	12839336	68	160.0
1607468603.99	160000	59.81733	0.0	10779770	57	160.0
1607468605.15	160000	59.56822	0.0	14606687	74	160.0
1607468605.67	160000	59.934085	0.0	41866951	270	160.0
1607468607.13	160000	59.570236	0.0	37238410	240	160.0
1607468607.83	160000	59.821336	0.0	14347759	116	160.0
1607468608.91	80000	59.822334	0.0	4651140	37	0.0
1607468610.07	60000	59.57331	0.0	2811660	130	40.0
1607468610.81	110000	59.798243	0.0	9409059	675	60.0
1607468612.03	110000	59.581743	0.0	16742448	1119	110.0
1607468613.55	160000	59.060378	0.0	37521367	1314	110.0
1607468613.87	160000	59.73796	0.0	22241104	189	160.0
1607468615.1	160000	59.57827	0.0	15813346	135	160.0
1607468615.85	160000	59.829345	0.0	17116450	150	160.0
1607468617.14	160000	59.580274	0.0	18867054	170	160.0
1607468617.99	110000	59.831387	0.0	10969714	277	60.0
1607468619.66	40000	58.959071	0.0	5889797	1621	-30.0
1607468620.75	80000	58.86304	0.0	13038195	1018	40.0
1607468621.78	80000	58.834364	0.0	12229430	957	80.0
1607468623.47	160000	58.143004	0.0	26242011	1537	80.0
1607468623.86	160000	58.758189	0.0	23865378	248	160.0
1607468624.29	160000	59.33124	0.0	25470681	264	160.0
1607468624.69	160000	59.927034	0.0	27258768	250	160.0
1607468625.96	160000	59.839336	0.0	17853711	163	160.0
1607468627.21	160000	59.590161	0.0	14829893	160	160.0
1607468627.66	160000	59.96346	0.0	27779697	290	160.0
1607468629.12	160000	59.592264	0.0	27714923	290	160.0
1607468629.98	160000	59.843336	0.0	25946474	204	160.0
1607468631.25	160000	59.594271	0.0	19596259	153	160.0
1607468632.1	160000	59.595273	0.0	23774167	215	160.0
1607468632.9	160000	59.846342	0.0	19373656	179	160.0
1607468633.81	160000	59.847334	0.0	23977420	264	160.0
1607468635.21	160000	59.59825	0.0	24493733	266	160.0
1607468635.94	160000	59.84933	0.0	14528511	139	160.0
1607468637.18	160000	59.600241	0.0	16841176	146	160.0
1607468637.96	160000	59.851334	0.0	16743604	178	160.0
1607468639.25	160000	59.602239	0.0	17975224	180	160.0
1607468639.68	160000	59.951172	0.0	22329548	307	160.0
1607468641.0	160000	59.854341	0.0	16001583	223	160.0
1607468641.84	160000	59.855337	0.0	18238584	231	160.0
1607468643.25	160000	59.606286	0.0	21308824	273	160.0
1607468644.06	160000	59.607253	0.0	17749058	209	160.0
1607468644.8	160000	59.858317	0.0	14127787	158	160.0
1607468646.1	160000	59.609235	0.0	17525699	188	160.0
1607468646.85	160000	59.860338	0.0	14240042	169	160.0
1607468647.87	160000	59.861319	0.0	20324139	402	160.0
1607468648.86	160000	59.780587	0.0	21993033	872	160.0
1607468650.1	160000	59.613256	0.0	18863108	623	160.0
1607468651.06	160000	59.614263	0.0	15964734	359	160.0
1607468652.28	160000	59.615245	0.0	8284939	165	160.0
1607468652.96	160000	59.866341	0.0	9004706	118	160.0
1607468654.09	160000	59.617293	0.0	6955279	88	160.0
1607468654.81	160000	59.868347	0.0	10701639	155	160.0
1607468655.88	40000	59.869334	0.0	1669374	40	-80.0
1607468656.93	80000	59.870343	0.0	1491121	522	40.0
1607468658.06	80000	59.621236	0.0	1146202	106	80.0
1607468659.25	160000	59.622271	0.0	2004927	171	80.0
1607468659.82	160000	59.873345	0.0	591360	47	160.0
1607468661.36	160000	59.808099	0.0	2394426	20	160.0
1607468661.76	40000	1.000999	0.035	337339	8	-5.600000000000001
1607468662.13	160000	1.984673	0.0	14912671	199	40.0
1607468662.69	160000	2.422134	0.0	24265636	334	160.0
1607468663.38	160000	2.741161	0.0	22711544	545	160.0
1607468663.77	160000	3.409055	0.0	19639705	260	160.0
1607468664.14	160000	4.043622	0.0	20946809	242	160.0
1607468664.36	160000	4.870133	0.0	11895609	138	160.0
1607468664.5	160000	5.731644	0.0	7597636	88	160.0
1607468665.57	160000	5.744591	0.0	56067905	581	160.0
1607468667.34	160000	5.027756	0.0	45444680	1518	160.0
1607468668.19	160000	5.180646	0.0	54798068	534	160.0
1607468669.3	160000	5.072916	0.0	69464107	641	160.0
1607468670.0	160000	5.372922	0.0	50637608	421	160.0
1607468670.26	160000	6.110486	0.0	19559369	149	160.0
1607468670.56	160000	6.814328	0.0	22224402	163	160.0
1607468670.93	160000	7.445826	0.0	22578365	234	160.0
1607468671.07	160000	8.305131	0.0	8346702	87	160.0
1607468671.33	160000	9.043781	0.0	15775481	164	160.0
1607468671.49	160000	9.889887	0.0	9163235	94	160.0
1607468672.02	160000	10.36457	0.0	41307095	296	160.0
1607468672.4	160000	10.981717	0.0	28763893	205	160.0
1607468672.75	160000	11.639605	0.0	21266416	220	160.0
1607468673.28	160000	12.097528	0.0	23702229	377	160.0
1607468673.8	160000	12.583495	0.0	27580394	357	160.0
1607468674.16	160000	13.256181	0.0	20329780	205	160.0
1607468674.42	160000	14.000061	0.0	16109183	162	160.0
1607468675.63	160000	13.815418	0.0	58830800	867	160.0
