1610797290.93	60000	1.000999	0.035	336477	23	-11.200000000000003
1610797292.12	40000	1.440744	0.257	14648397	1008	-62.239999999999995
1610797294.18	320000	1.326439	0.924	24265636	1867	-255.68
1610797295.87	320000	1.415809	0.756	22711544	1556	78.08000000000001
1610797297.36	320000	1.311311	0.357	19639705	1369	205.76
1610797299.05	320000	1.310896	0.669	20946809	1577	105.91999999999999
1610797300.07	320000	1.48146	0.19	11895609	955	259.2
1610797300.64	320000	1.911396	0.0	7597636	516	320.0
1610797301.54	40000	2.017807	0.0	9295618	832	-240.0
1610797302.1	40000	2.452174	0.0	5971357	524	40.0
1610797302.81	40000	2.752007	0.0	7669174	647	40.0
1610797303.65	40000	2.908619	0.0	10578989	775	40.0
1610797304.58	40000	2.975576	0.0	9449433	869	40.0
1610797304.96	40000	3.604534	0.0	3829326	339	40.0
1610797305.35	40000	4.208	0.0	4447520	360	40.0
1610797305.76	40000	4.802324	0.0	4548277	368	40.0
1610797306.77	320000	4.795504	0.0	13212243	921	40.0
1610797309.03	320000	3.539404	0.0	29387773	2029	320.0
1610797311.44	320000	2.125285	0.0	17336677	2293	320.0
1610797312.95	40000	1.615551	0.0	11199212	1437	-240.0
1610797313.83	40000	1.742634	0.0	8376884	814	40.0
1610797314.96	40000	1.613386	0.0	6254528	1081	40.0
1610797315.59	40000	1.977376	0.0	7313446	581	40.0
1610797316.26	40000	2.315544	0.0	8054223	606	40.0
1610797316.71	40000	2.864972	0.0	5596063	406	40.0
1610797317.05	40000	3.525637	0.0	4316804	300	40.0
1610797318.47	40000	3.110074	0.0	18604040	1300	40.0
1610797320.24	40000	2.338715	0.0	20723782	1631	40.0
1610797320.52	40000	3.05241	0.0	3622285	253	40.0
1610797320.83	40000	3.750028	0.0	3854472	269	40.0
1610797321.13	40000	4.443087	0.0	3217701	276	40.0
1610797321.46	40000	5.123237	0.0	3212580	290	40.0
1610797321.74	40000	5.841313	0.0	2781171	251	40.0
1610797322.0	40000	6.578706	0.0	2867806	232	40.0
1610797322.25	40000	7.335778	0.0	3105896	215	40.0
1610797324.16	320000	6.423346	0.0	23618590	1770	40.0
1610797326.56	320000	5.0223	0.0	27475995	2239	320.0
1610797328.93	320000	3.65378	0.0	26460007	2209	320.0
1610797331.07	320000	2.51372	0.0	26763657	1985	320.0
1610797333.92	320000	1.437028	0.771	33826873	2679	73.28
1610797334.46	40000	1.89932	0.0	5061692	494	-240.0
1610797335.73	40000	1.632112	0.0	13308063	1185	40.0
1610797336.68	40000	1.683014	0.0	11857920	874	40.0
1610797338.14	320000	1.443116	0.221	16577177	1361	-30.72
1610797338.84	40000	1.738146	0.0	6334422	652	-240.0
1610797339.34	40000	2.244437	0.0	5516229	456	40.0
1610797339.67	40000	2.917264	0.0	3897146	295	40.0
1610797339.96	40000	3.623344	0.0	3491407	264	40.0
1610797340.21	40000	4.376416	0.0	3184630	217	40.0
1610797341.46	320000	4.129709	0.0	15673611	1156	40.0
1610797343.46	320000	3.126142	0.0	20850595	1868	320.0
1610797344.83	320000	2.758555	0.0	16458609	1256	320.0
1610797345.51	320000	3.082433	0.0	8700077	613	320.0
1610797346.14	320000	3.450477	0.0	8292135	576	320.0
1610797348.13	320000	2.467525	0.0	22212109	1849	320.0
1610797350.21	320000	1.449448	0.067	27931458	1915	298.56
1610797352.61	320000	1.280107	1.223	28076035	2251	-71.36000000000001
1610797355.3	320000	1.216286	1.627	34615012	2496	-200.64
1610797357.92	320000	1.389576	1.792	31574841	2459	-253.44000000000005
1610797360.46	320000	1.432669	1.585	28857310	2391	-187.2
1610797362.93	320000	1.268942	1.3	30799251	2304	-96.0
1610797365.49	320000	1.32181	1.614	29900862	2410	-196.48000000000002
1610797368.26	320000	1.382818	1.828	32431711	2604	-264.96000000000004
1610797370.82	320000	1.26641	1.445	32680833	2398	-142.39999999999998
1610797373.06	320000	1.344443	1.296	30468229	2087	-94.72000000000003
1610797375.75	320000	1.391619	1.733	31594806	2523	-234.55999999999995
1610797379.39	320000	1.37596	2.617	43158259	3373	-517.44
1610797384.05	320000	1.4249	3.743	53696400	4305	-877.76
1610797388.21	320000	1.346414	3.01	49804325	3916	-643.2
1610797394.74	320000	1.419467	5.555	56230532	6232	-1457.6
1610797397.29	320000	1.365796	1.469	54033728	2282	-150.07999999999998
1610797398.51	320000	1.266467	0.1	40265492	976	288.0
1610797399.44	320000	1.3379	0.0	37527577	687	320.0
1610797400.3	320000	1.482275	0.0	38354537	616	320.0
1610797401.4	320000	1.382724	0.0	33905183	883	320.0
1610797402.87	320000	1.357927	0.445	37964644	1258	177.6
1610797405.05	320000	0.870067	0.693	91609209	1378	98.24000000000001
1610797405.7	320000	1.357867	0.047	30861098	437	304.96
1610797406.93	320000	1.427899	0.245	53161890	973	241.6
1610797408.82	320000	1.448202	0.908	49661559	1622	29.439999999999998
1610797409.49	320000	1.779942	0.0	27673254	502	320.0
1610797410.07	320000	2.203125	0.0	29061600	411	320.0
1610797410.7	320000	2.577542	0.0	29596558	453	320.0
1610797411.49	320000	2.783048	0.0	29264466	616	320.0
1610797412.32	320000	2.960488	0.0	29949400	645	320.0
1610797414.27	320000	2.004826	0.0	30225692	1756	320.0
1610797415.87	320000	1.469466	0.062	27528494	1432	300.16
1610797417.07	320000	1.444826	0.175	28959567	1047	264.0
1610797417.9	320000	1.614596	0.0	27200869	655	320.0
1610797418.81	320000	1.704865	0.0	37091406	698	320.0
1610797419.66	320000	1.862718	0.0	32442772	652	320.0
1610797421.16	320000	1.428242	0.072	38733768	1289	296.96
1610797426.89	320000	1.446781	4.742	43207501	5498	-1197.44
1610797430.52	320000	1.421421	2.608	39867273	3407	-514.56
1610797432.28	320000	1.276152	0.606	44687216	1525	126.08000000000001
1610797433.44	320000	1.284771	0.113	37222510	918	283.84000000000003
1610797434.44	320000	1.37911	0.086	37697615	767	292.48
1610797434.8	320000	2.019432	0.0	13943369	268	320.0
1610797435.65	320000	2.161854	0.0	33909675	629	320.0
1610797438.34	320000	1.487722	1.014	25608467	2557	-4.480000000000018
1610797452.28	320000	1.259313	12.706	21666875	13805	-3745.92
