1607406073.66	40000	1.000999	0.014	334476	2	-2.240000000000002
1607406074.03	160000	1.940193	0.0	14912671	106	40.0
1607406074.48	160000	2.60235	0.0	24265636	173	160.0
1607406074.81	160000	3.273767	0.0	22711544	128	160.0
1607406075.11	160000	3.975969	0.0	19639705	110	160.0
1607406075.41	160000	4.669809	0.0	20946809	117	160.0
1607406075.63	160000	5.548973	0.0	11895609	71	160.0
1607406075.79	160000	6.417655	0.0	7597636	44	160.0
1607406076.68	160000	6.554874	0.0	56067905	353	160.0
1607406077.27	160000	6.988485	0.0	45444680	288	160.0
1607406077.98	160000	7.306197	0.0	54798068	352	160.0
1607406078.96	160000	7.397256	0.0	69464107	453	160.0
1607406079.63	160000	7.745869	0.0	50637608	316	160.0
1607406079.92	160000	8.441326	0.0	19559369	115	160.0
1607406080.24	160000	9.120585	0.0	22224402	129	160.0
1607406080.56	160000	9.800575	0.0	22578365	133	160.0
1607406080.74	160000	10.626181	0.0	8346702	56	160.0
1607406081.01	160000	11.358122	0.0	15775481	109	160.0
1607406081.19	160000	12.171364	0.0	9163235	62	160.0
1607406081.76	160000	12.608587	0.0	41307095	281	160.0
1607406082.18	160000	13.187054	0.0	28763893	178	160.0
1607406082.5	160000	13.867366	0.0	21266416	132	160.0
1607406082.88	160000	14.489688	0.0	23702229	162	160.0
1607406083.3	160000	15.074032	0.0	27580394	190	160.0
1607406083.64	160000	15.733547	0.0	20329780	139	160.0
1607406083.91	160000	16.46573	0.0	16109183	104	160.0
1607406084.7	160000	16.677817	0.0	58830800	388	160.0
1607406085.57	160000	16.801811	0.0	66935122	437	160.0
1607406085.83	160000	17.547544	0.0	15251076	100	160.0
1607406086.11	160000	18.291192	0.0	16574034	106	160.0
1607406086.34	160000	19.087611	0.0	13009028	85	160.0
1607406086.57	160000	19.861209	0.0	12791674	84	160.0
1607406086.77	160000	20.664048	0.0	11137898	63	160.0
1607406086.97	160000	21.461375	0.0	11485310	65	160.0
1607406087.18	160000	22.25304	0.0	12428518	71	160.0
1607406087.37	160000	23.065218	0.0	9963766	52	160.0
1607406087.58	160000	23.861513	0.0	12189364	69	160.0
1607406087.78	160000	24.663152	0.0	10142396	73	160.0
1607406087.98	160000	25.462186	0.0	10185488	74	160.0
1607406088.23	160000	26.214305	0.0	14061455	101	160.0
1607406088.55	160000	26.891222	0.0	20074099	144	160.0
1607406089.23	160000	27.214958	0.0	46115254	350	160.0
1607406089.84	160000	27.600822	0.0	40906522	311	160.0
1607406090.02	160000	28.421081	0.0	7891151	64	160.0
1607406090.38	160000	29.065824	0.0	21012466	170	160.0
1607406090.77	160000	29.679382	0.0	23519424	192	160.0
1607406091.09	160000	30.360847	0.0	18715420	148	160.0
1607406091.38	160000	31.064401	0.0	17000816	134	160.0
1607406091.65	160000	31.798228	0.0	14448126	114	160.0
1607406091.82	160000	32.626497	0.0	6958676	61	160.0
1607406092.03	160000	33.425196	0.0	9088791	80	160.0
1607406092.21	160000	34.243087	0.0	7211881	58	160.0
1607406092.33	160000	35.123542	0.0	3063586	27	160.0
1607406092.45	160000	36.008838	0.0	2782179	25	160.0
1607406092.66	160000	36.798804	0.0	9958410	87	160.0
1607406092.95	160000	37.510477	0.0	12158708	154	160.0
1607406093.24	160000	38.214086	0.0	12300216	156	160.0
1607406093.61	160000	38.850541	0.0	15815684	202	160.0
1607406093.96	160000	39.504347	0.0	13526256	201	160.0
1607406094.27	160000	40.189674	0.0	11995130	177	160.0
1607406094.61	160000	40.850082	0.0	13394791	198	160.0
1607406094.97	160000	41.492965	0.0	14135828	210	160.0
1607406095.36	160000	42.106946	0.0	15366126	232	160.0
1607406095.73	160000	42.739843	0.0	14248439	210	160.0
1607406096.07	160000	43.392987	0.0	13843717	201	160.0
1607406096.44	160000	44.025511	0.0	14665119	208	160.0
1607406096.97	160000	44.494129	0.0	21079187	344	160.0
1607406097.65	160000	44.814678	0.0	25480074	461	160.0
1607406098.27	160000	45.200217	0.0	23021754	408	160.0
1607406099.27	160000	45.206652	0.0	27527834	768	160.0
1607406101.29	160000	44.179999	0.0	26155848	1787	160.0
1607406103.54	160000	42.931081	0.0	17849379	2075	160.0
1607406104.84	160000	42.637432	0.0	16546531	1126	160.0
1607406105.19	160000	43.28647	0.0	17718949	175	160.0
1607406105.53	160000	43.947053	0.0	17337137	172	160.0
1607406105.91	160000	44.56983	0.0	20008245	193	160.0
1607406106.85	160000	44.631462	0.0	58430914	540	160.0
1607406107.17	160000	45.310193	0.0	16292703	155	160.0
1607406107.62	160000	45.856962	0.0	25587422	244	160.0
1607406108.05	160000	46.430797	0.0	23982306	227	160.0
1607406108.31	160000	47.168056	0.0	13347845	120	160.0
1607406108.59	160000	47.895821	0.0	14337991	128	160.0
1607406108.86	160000	48.626528	0.0	14584990	123	160.0
1607406109.13	160000	49.370031	0.0	13962401	110	160.0
1607406109.39	160000	50.09943	0.0	14393788	114	160.0
1607406109.65	160000	50.837883	0.0	14649457	116	160.0
1607406109.9	160000	51.589551	0.0	13409715	106	160.0
1607406110.15	160000	52.336733	0.0	13909605	111	160.0
1607406110.4	160000	53.089754	0.0	13301968	105	160.0
1607406110.74	160000	53.752133	0.0	19025846	157	160.0
1607406111.07	160000	54.422767	0.0	19295426	155	160.0
1607406111.39	160000	55.106558	0.0	18261873	147	160.0
1607406111.73	160000	55.764996	0.0	19847604	161	160.0
1607406112.06	160000	56.43707	0.0	18767181	159	160.0
1607406112.44	160000	57.056761	0.0	22420858	190	160.0
1607406112.79	160000	57.709479	0.0	19324333	164	160.0
1607406113.14	160000	58.360403	0.0	20392234	169	160.0
1607406113.32	160000	59.17975	0.0	7671072	63	160.0
1607406113.64	160000	59.864874	0.0	17781906	147	160.0
1607406114.89	160000	59.81277	0.0	12839336	110	160.0
1607406116.11	160000	59.563802	0.0	10779770	94	160.0
1607406116.89	160000	59.814758	0.0	14606687	127	160.0
1607406117.57	160000	59.935831	0.0	41866951	361	160.0
1607406119.15	160000	59.566781	0.0	37238410	289	160.0
1607406119.89	160000	59.817781	0.0	14347759	95	160.0
1607406121.12	160000	59.568774	0.0	11399187	95	160.0
1607406121.86	160000	59.819771	0.0	10358641	101	160.0
1607406123.11	160000	59.570766	0.0	14315696	100	160.0
1607406123.99	160000	59.571873	0.0	23283631	185	160.0
1607406126.85	160000	57.658135	0.0	37521367	2586	160.0
1607406127.3	160000	58.209083	0.0	22241104	258	160.0
1607406127.64	160000	58.874058	0.0	15813346	177	160.0
1607406127.99	160000	59.533492	0.0	17116450	178	160.0
1607406128.83	160000	59.826805	0.0	18867054	162	160.0
1607406129.69	160000	59.827871	0.0	17393609	193	160.0
1607406131.11	160000	59.578774	0.0	24759401	217	160.0
1607406131.53	160000	59.991673	0.0	25782433	210	160.0
1607406132.96	160000	59.580778	0.0	25885372	210	160.0
1607406133.91	160000	59.831772	0.0	26242011	231	160.0
1607406134.84	160000	59.832775	0.0	23865378	207	160.0
1607406135.76	160000	59.833783	0.0	25470681	216	160.0
1607406136.74	160000	59.834776	0.0	27258768	239	160.0
1607406138.09	160000	59.585854	0.0	17853711	182	160.0
1607406138.88	160000	59.809601	0.0	14829893	132	160.0
1607406139.81	160000	59.760578	0.0	27779697	194	160.0
1607406140.74	160000	59.838778	0.0	27714923	204	160.0
1607406142.15	160000	59.589786	0.0	25946474	186	160.0
1607406142.93	160000	59.840801	0.0	19596259	107	160.0
1607406143.8	160000	59.841783	0.0	23774167	160	160.0
1607406145.11	160000	59.592777	0.0	19373656	136	160.0
1607406145.98	160000	59.593861	0.0	23977420	166	160.0
1607406146.85	160000	59.844861	0.0	24493733	159	160.0
1607406148.1	160000	59.5958	0.0	14528511	93	160.0
1607406148.88	160000	59.846705	0.0	16841176	99	160.0
1607406150.15	160000	59.59783	0.0	16743604	99	160.0
1607406151.01	160000	59.59877	0.0	17975224	182	160.0
1607406151.86	160000	59.849819	0.0	22329548	158	160.0
1607406153.16	160000	59.600777	0.0	16001583	132	160.0
1607406153.95	160000	59.601783	0.0	18238584	114	160.0
1607406154.81	160000	59.852815	0.0	21308824	173	160.0
1607406156.19	160000	59.353785	0.0	17749058	209	160.0
1607406157.56	160000	58.984397	0.0	14127787	1224	160.0
1607406158.37	160000	59.176464	0.0	17525699	638	160.0
1607406158.78	160000	59.765186	0.0	14240042	266	160.0
1607406159.79	160000	59.857777	0.0	20324139	331	160.0
1607406160.76	160000	59.858793	0.0	21993033	276	160.0
1607406162.15	160000	59.609786	0.0	18863108	201	160.0
1607406162.96	160000	59.610718	0.0	15964734	154	160.0
1607406164.15	160000	59.61179	0.0	8284939	70	160.0
1607406164.87	160000	59.862769	0.0	9004706	99	160.0
1607406166.06	160000	59.613779	0.0	6955279	75	160.0
1607406167.38	160000	59.175786	0.0	10701639	1178	160.0
1607406167.69	160000	59.860132	0.0	9459459	192	160.0
1607406168.85	160000	59.866785	0.0	3212828	65	160.0
1607406169.98	160000	59.617786	0.0	2509989	37	160.0
1607406171.08	160000	59.618782	0.0	2004927	28	160.0
1607406172.13	160000	59.619793	0.0	591360	6	160.0
1607406173.21	160000	59.804622	0.0	2394426	30	160.0
1607406173.56	40000	1.000999	0.03	336477	4	-4.799999999999997
1607406173.98	160000	1.978257	0.0	14912671	178	40.0
1607406174.55	160000	2.405382	0.0	24265636	274	160.0
1607406175.01	160000	2.947628	0.0	22711544	255	160.0
1607406175.38	160000	3.574873	0.0	19639705	189	160.0
1607406175.78	160000	4.251856	0.0	20946809	183	160.0
1607406176.02	160000	5.00637	0.0	11895609	108	160.0
1607406176.2	160000	5.870314	0.0	7597636	65	160.0
1607406177.15	160000	5.972427	0.0	56067905	381	160.0
1607406177.88	160000	6.274066	0.0	45444680	401	160.0
1607406178.72	160000	6.473589	0.0	54798068	470	160.0
1607406179.8	160000	6.391771	0.0	69464107	546	160.0
1607406180.48	160000	6.708599	0.0	50637608	353	160.0
1607406180.81	160000	7.384404	0.0	19559369	144	160.0
1607406181.17	160000	8.028866	0.0	22224402	163	160.0
1607406181.49	160000	8.707525	0.0	22578365	129	160.0
1607406181.66	160000	9.537384	0.0	8346702	51	160.0
1607406181.92	160000	10.2817	0.0	15775481	91	160.0
1607406182.1	160000	11.102858	0.0	9163235	53	160.0
1607406182.63	160000	11.574	0.0	41307095	233	160.0
1607406183.03	160000	12.167387	0.0	28763893	161	160.0
1607406183.35	160000	12.851507	0.0	21266416	127	160.0
1607406183.73	160000	13.476955	0.0	23702229	160	160.0
1607406184.14	160000	14.062081	0.0	27580394	186	160.0
1607406184.53	160000	14.67457	0.0	20329780	189	160.0
1607406184.85	160000	15.360382	0.0	16109183	150	160.0
1607406185.76	160000	15.448746	0.0	58830800	495	160.0
1607406186.69	160000	15.549929	0.0	66935122	495	160.0
1607406186.95	160000	16.283598	0.0	15251076	111	160.0
1607406187.24	160000	16.998743	0.0	16574034	122	160.0
1607406187.48	160000	17.757335	0.0	13009028	103	160.0
