1607470011.75	40000	1.000999	0.188	334476	176	-30.08
1607470016.37	20000	1.326602	3.589	11007815	4528	-574.24
1607470018.44	80000	1.344625	1.059	22644885	1895	-149.44
1607470018.92	160000	1.88218	0.0	22711544	340	80.0
1607470019.33	160000	2.475564	0.0	19639705	293	160.0
1607470019.75	160000	3.081039	0.0	20946809	303	160.0
1607470019.99	160000	3.866057	0.0	11895609	171	160.0
1607470020.15	160000	4.708227	0.0	7597636	109	160.0
1607470021.51	160000	4.404341	0.0	56067905	836	160.0
1607470022.19	160000	4.728063	0.0	45444680	422	160.0
1607470023.06	160000	4.858278	0.0	54798068	564	160.0
1607470024.44	160000	4.489531	0.0	69464107	899	160.0
1607470025.4	160000	4.52448	0.0	50637608	670	160.0
1607470025.77	160000	5.152315	0.0	19559369	245	160.0
1607470026.19	160000	5.739148	0.0	22224402	284	160.0
1607470026.62	160000	6.302803	0.0	22578365	291	160.0
1607470026.78	160000	7.142769	0.0	8346702	109	160.0
1607470027.08	160000	7.840582	0.0	15775481	205	160.0
1607470027.28	160000	8.649221	0.0	9163235	119	160.0
1607470027.98	160000	8.943895	0.0	41307095	472	160.0
1607470028.49	160000	9.437788	0.0	28763893	323	160.0
1607470028.83	160000	10.127649	0.0	21266416	217	160.0
1607470029.22	160000	10.762925	0.0	23702229	241	160.0
1607470029.67	160000	11.31604	0.0	27580394	288	160.0
1607470030.02	160000	11.967446	0.0	20329780	216	160.0
1607470030.29	160000	12.697306	0.0	16109183	172	160.0
1607470031.19	160000	12.795689	0.0	58830800	555	160.0
1607470032.31	160000	12.682939	0.0	66935122	741	160.0
1607470032.36	20000	13.635797	0.0	1849732	21	-120.0
1607470033.58	20000	13.408933	0.0	1942795	1206	20.0
1607470034.33	80000	13.669476	0.0	6381056	692	20.0
1607470035.1	110000	13.899072	0.0	8740660	711	80.0
1607470035.7	110000	14.296513	0.0	7610374	554	110.0
1607470036.27	110000	14.723559	0.0	7822163	523	110.0
1607470036.76	80000	15.239933	0.0	6190601	429	50.0
1607470037.16	80000	15.838858	0.0	5198830	365	80.0
1607470037.75	80000	16.254659	0.0	6516530	542	80.0
1607470038.26	80000	16.743928	0.0	4960781	475	80.0
1607470038.76	80000	17.249009	0.0	4876023	461	80.0
1607470039.47	80000	17.532868	0.0	7013013	661	80.0
1607470040.54	110000	17.466719	0.0	13956444	981	80.0
1607470043.2	110000	15.805102	0.0	33926116	2465	110.0
1607470045.39	110000	14.615485	0.0	29928879	2015	110.0
1607470045.74	80000	15.262404	0.0	4146191	321	50.0
1607470046.73	80000	15.276852	0.0	11601071	918	80.0
1607470047.75	80000	15.256856	0.0	11589115	953	80.0
1607470048.65	80000	15.35728	0.0	8720528	846	80.0
1607470049.44	80000	15.582299	0.0	7852064	723	80.0
1607470049.96	80000	16.047396	0.0	6922163	479	80.0
1607470050.23	80000	16.783596	0.0	3458958	236	80.0
1607470050.58	80000	17.434835	0.0	4351089	316	80.0
1607470050.91	80000	18.101319	0.0	3468038	307	80.0
1607470051.04	80000	18.976467	0.0	1235756	108	80.0
1607470051.15	80000	19.868607	0.0	1010776	87	80.0
1607470051.58	80000	20.439199	0.0	4682485	395	80.0
1607470052.2	110000	20.822958	0.0	7961846	564	80.0
1607470052.66	80000	21.358752	0.0	5815666	421	50.0
1607470053.29	80000	21.729855	0.0	7667415	581	80.0
1607470053.81	80000	22.212755	0.0	6118130	474	80.0
1607470054.24	80000	22.782395	0.0	5098216	393	80.0
1607470054.75	80000	23.274739	0.0	5982646	464	80.0
1607470055.34	80000	23.688377	0.0	6905077	544	80.0
1607470056.26	110000	23.765933	0.0	10221665	858	80.0
1607470056.95	110000	24.077602	0.0	8760683	636	110.0
1607470057.59	110000	24.442834	0.0	8711578	584	110.0
1607470058.31	110000	24.718489	0.0	9417807	667	110.0
1607470059.4	110000	24.633709	0.0	14377779	1004	110.0
1607470060.73	110000	24.304302	0.0	17340552	1225	110.0
1607470061.99	110000	24.04655	0.0	15365006	1172	110.0
1607470063.52	110000	23.514237	0.0	19021488	1420	110.0
1607470064.64	80000	23.399415	0.0	12943936	1037	50.0
1607470065.37	80000	23.667933	0.0	8355811	678	80.0
1607470066.02	80000	24.012632	0.0	7699623	607	80.0
1607470066.76	80000	24.277826	0.0	8697196	680	80.0
1607470067.75	110000	24.293479	0.0	11809774	913	80.0
1607470068.78	110000	24.258673	0.0	13817529	958	110.0
1607470071.77	80000	22.266914	0.0	34025057	2787	50.0
1607470072.49	80000	22.55031	0.0	8652970	663	80.0
1607470073.75	60000	22.29341	0.0	9827222	1188	40.0
1607470074.98	80000	22.067022	0.0	11975956	1155	60.0
1607470075.56	60000	22.484526	0.0	4644666	545	40.0
1607470076.26	80000	22.787454	0.0	6681274	649	60.0
1607470076.96	80000	23.086757	0.0	7178853	654	80.0
1607470077.59	80000	23.45677	0.0	6803527	584	80.0
1607470078.3	80000	23.757639	0.0	7120614	656	80.0
1607470078.96	80000	24.092069	0.0	7243569	610	80.0
1607470079.49	80000	24.565747	0.0	6378767	484	80.0
1607470080.32	110000	24.733644	0.0	9004051	774	80.0
1607470081.25	160000	24.806541	0.0	13301968	845	110.0
1607470082.24	160000	24.809594	0.0	19025846	884	160.0
1607470083.09	160000	24.961155	0.0	19295426	742	160.0
1607470083.82	160000	25.232557	0.0	18261873	622	160.0
1607470084.45	160000	25.611244	0.0	19847604	502	160.0
1607470085.02	160000	26.039483	0.0	18767181	464	160.0
1607470085.69	160000	26.367011	0.0	22420858	546	160.0
1607470086.32	160000	26.744401	0.0	19324333	495	160.0
1607470086.94	160000	27.125459	0.0	20392234	505	160.0
1607470087.16	160000	27.900875	0.0	7671072	175	160.0
1607470087.67	160000	28.390849	0.0	17781906	407	160.0
1607470088.04	160000	29.024706	0.0	12839336	289	160.0
1607470088.35	160000	29.718329	0.0	10779770	243	160.0
1607470088.76	160000	30.305213	0.0	14606687	330	160.0
1607470090.5	160000	29.57147	0.0	41866951	1489	160.0
1607470092.42	160000	28.652187	0.0	37238410	1699	160.0
1607470092.84	160000	29.224266	0.0	14347759	341	160.0
1607470093.17	160000	29.904525	0.0	11399187	253	160.0
1607470093.47	160000	30.605556	0.0	10358641	230	160.0
1607470093.84	160000	31.230742	0.0	14315696	293	160.0
1607470094.3	160000	31.777043	0.0	23283631	318	160.0
1607470095.03	160000	32.047821	0.0	37521367	509	160.0
1607470095.44	160000	32.633279	0.0	22241104	293	160.0
1607470095.75	160000	33.329914	0.0	15813346	208	160.0
1607470096.11	160000	33.968862	0.0	17116450	261	160.0
1607470096.5	160000	34.573138	0.0	18867054	289	160.0
1607470096.88	160000	35.19822	0.0	17393609	274	160.0
1607470097.5	160000	35.582035	0.0	24759401	477	160.0
1607470098.13	160000	35.948333	0.0	25782433	492	160.0
1607470098.77	160000	36.311293	0.0	25885372	478	160.0
1607470099.44	160000	36.644461	0.0	26242011	521	160.0
1607470100.05	160000	37.029288	0.0	23865378	458	160.0
1607470100.66	160000	37.421966	0.0	25470681	465	160.0
1607470101.33	160000	37.756802	0.0	27258768	492	160.0
1607470101.76	160000	38.329383	0.0	17853711	320	160.0
1607470102.13	160000	38.955436	0.0	14829893	293	160.0
1607470102.84	160000	39.248898	0.0	27779697	550	160.0
1607470103.49	160000	39.599753	0.0	27714923	499	160.0
1607470104.12	160000	39.968867	0.0	25946474	479	160.0
1607470104.6	160000	40.48753	0.0	19596259	368	160.0
1607470105.15	160000	40.93972	0.0	23774167	414	160.0
1607470105.58	160000	41.50966	0.0	19373656	318	160.0
1607470106.12	160000	41.973737	0.0	23977420	397	160.0
1607470106.68	160000	42.419083	0.0	24493733	418	160.0
1607470107.0	160000	43.095796	0.0	14528511	240	160.0
1607470107.37	160000	43.724112	0.0	16841176	272	160.0
1607470107.74	160000	44.354677	0.0	16743604	271	160.0
1607470108.17	160000	44.925433	0.0	17975224	323	160.0
1607470108.71	160000	45.38617	0.0	22329548	413	160.0
1607470109.08	160000	46.024299	0.0	16001583	268	160.0
1607470109.48	160000	46.626871	0.0	18238584	291	160.0
1607470109.94	160000	47.160736	0.0	21308824	340	160.0
1607470110.3	160000	47.803982	0.0	17749058	251	160.0
1607470110.58	160000	48.521785	0.0	14127787	200	160.0
1607470110.94	160000	49.166995	0.0	17525699	250	160.0
1607470111.25	160000	49.862674	0.0	14240042	216	160.0
1607470111.68	160000	50.431643	0.0	20324139	307	160.0
1607470112.14	160000	50.971552	0.0	21993033	335	160.0
1607470112.54	160000	51.566441	0.0	18863108	290	160.0
1607470112.89	160000	52.224766	0.0	15964734	245	160.0
1607470113.05	160000	53.065416	0.0	8284939	109	160.0
1607470113.22	160000	53.891156	0.0	9004706	117	160.0
1607470113.37	160000	54.747128	0.0	6955279	89	160.0
1607470113.57	160000	55.542546	0.0	10701639	140	160.0
1607470113.76	160000	56.358332	0.0	9459459	124	160.0
1607470113.83	160000	57.286863	0.0	3212828	42	160.0
1607470113.89	160000	58.227249	0.0	2509989	34	160.0
1607470113.94	160000	59.178003	0.0	2004927	28	160.0
1607470114.47	160000	59.90357	0.0	591360	8	160.0
1607470116.03	160000	59.588343	0.0	2394426	35	160.0
1607470116.4	40000	1.000999	0.028	337339	5	-4.480000000000004
1607470116.78	160000	1.99141	0.0	14912671	214	40.0
1607470117.3	160000	2.463566	0.0	24265636	300	160.0
1607470117.72	160000	3.05114	0.0	22711544	270	160.0
1607470118.09	160000	3.684472	0.0	19639705	246	160.0
1607470118.5	160000	4.343906	0.0	20946809	266	160.0
1607470118.72	160000	5.118754	0.0	11895609	150	160.0
1607470118.86	160000	5.978739	0.0	7597636	96	160.0
1607470119.97	160000	5.980027	0.0	56067905	622	160.0
1607470121.39	80000	5.620283	0.0	15816325	1321	0.0
1607470123.42	160000	4.595337	0.0	54798068	1710	80.0
1607470124.7	160000	4.313047	0.0	69464107	805	160.0
1607470125.52	160000	4.495417	0.0	50637608	534	160.0
1607470125.84	160000	5.179261	0.0	19559369	199	160.0
1607470126.24	160000	5.782904	0.0	22224402	266	160.0
1607470126.66	160000	6.364071	0.0	22578365	291	160.0
1607470126.82	160000	7.204173	0.0	8346702	108	160.0
1607470127.16	160000	7.865462	0.0	15775481	242	160.0
1607470127.28	80000	8.746811	0.0	4543558	80	0.0
1607470127.76	80000	9.268408	0.0	20277060	358	80.0
1607470128.25	80000	9.777377	0.0	14877694	404	80.0
1607470128.43	20000	10.593052	0.0	3419258	149	-40.0
1607470128.64	20000	11.389744	0.0	3944328	171	20.0
1607470128.87	20000	12.193859	0.0	4284196	188	20.0
1607470129.9	20000	12.163234	0.0	3022025	1004	20.0
1607470133.08	20000	9.982942	0.0	2248581	3157	20.0
