1607410235.67	40000	1.000999	0.039	334476	21	-6.240000000000002
1607410236.99	160000	1.237953	0.153	14912671	1082	15.52000000000001
1607410239.35	160000	1.345027	1.439	24265636	2102	-70.24000000000001
1607410241.43	160000	1.427298	1.156	22711544	1882	-24.960000000000008
1607410242.93	160000	1.296509	0.346	19639705	1323	104.64
1607410244.59	160000	1.296694	0.627	20946809	1471	59.68000000000001
1607410245.63	160000	1.425246	0.177	11895609	907	131.68
1607410246.3	160000	1.752443	0.0	7597636	556	160.0
1607410247.82	60000	1.353009	0.115	17832465	1341	-58.4
1607410248.81	60000	1.469856	0.105	9877442	868	43.2
1607410249.77	60000	1.514303	0.0	10988410	820	60.0
1607410251.2	60000	1.326132	0.248	15230785	1282	20.32
1607410252.94	80000	1.326735	0.734	17710542	1569	-57.44
1607410253.85	110000	1.414242	0.0	10838546	766	80.0
1607410254.92	110000	1.352145	0.0	12783186	925	110.0
1607410255.97	110000	1.292946	0.0	13101938	918	110.0
1607410256.49	110000	1.775145	0.0	5268213	415	110.0
1607410257.63	110000	1.640073	0.0	9838179	1007	110.0
1607410258.17	110000	2.095358	0.0	6126794	429	110.0
1607410259.91	80000	1.362227	0.0	20277060	1544	50.0
1607410261.24	80000	1.318661	0.284	14877694	1183	34.56
1607410262.31	80000	1.354388	0.11	11453319	944	62.4
1607410263.4	80000	1.465874	0.199	13274781	953	48.16
1607410265.12	80000	1.415941	0.658	14862949	1570	-25.28
1607410267.2	80000	1.32453	0.999	10513690	1959	-79.84
1607410267.63	20000	1.898658	0.0	2248581	333	-40.0
1607410269.19	20000	1.35695	0.022	9946363	1442	16.48
1607410270.59	20000	1.328229	0.367	11684632	1259	-38.72
1607410270.82	20000	2.100885	0.0	1849732	137	20.0
1607410271.47	80000	2.448838	0.0	7801969	534	20.0
1607410272.54	160000	2.384132	0.0	13009028	921	80.0
1607410273.27	160000	2.653067	0.0	12791674	590	160.0
1607410273.88	160000	3.047843	0.0	11137898	473	160.0
1607410274.49	160000	3.435938	0.0	11485310	475	160.0
1607410275.02	160000	3.908917	0.0	12428518	388	160.0
1607410275.42	160000	4.522017	0.0	9963766	262	160.0
1607410275.85	160000	5.084209	0.0	12189364	291	160.0
1607410276.14	160000	5.792631	0.0	10142396	154	160.0
1607410276.43	160000	6.503522	0.0	10185488	158	160.0
1607410276.79	160000	7.139301	0.0	14061455	219	160.0
1607410277.21	110000	7.727567	0.0	13956444	258	60.0
1607410278.14	110000	7.790113	0.0	33926116	627	110.0
1607410279.21	160000	7.725337	0.0	40906522	721	110.0
1607410279.45	160000	8.481348	0.0	7891151	119	160.0
1607410279.94	160000	9.000265	0.0	21012466	296	160.0
1607410280.44	160000	9.494213	0.0	23519424	298	160.0
1607410280.86	160000	10.082057	0.0	18715420	237	160.0
1607410281.29	160000	10.651693	0.0	17000816	258	160.0
1607410281.66	160000	11.277606	0.0	14448126	219	160.0
1607410281.87	160000	12.07388	0.0	6958676	91	160.0
1607410282.11	160000	12.836969	0.0	9088791	109	160.0
1607410282.31	160000	13.636471	0.0	7211881	86	160.0
1607410282.44	160000	14.507638	0.0	3063586	36	160.0
1607410282.56	160000	15.383932	0.0	2782179	33	160.0
1607410282.81	160000	16.138788	0.0	9958410	118	160.0
1607410283.11	160000	16.83436	0.0	12158708	166	160.0
1607410283.42	160000	17.526753	0.0	12300216	168	160.0
1607410283.81	160000	18.143797	0.0	15815684	213	160.0
1607410284.11	160000	18.846553	0.0	13526256	150	160.0
1607410284.38	160000	19.575177	0.0	11995130	133	160.0
1607410284.67	160000	20.28438	0.0	13394791	148	160.0
1607410284.98	160000	20.978688	0.0	14135828	156	160.0
1607410285.3	160000	21.651402	0.0	15366126	168	160.0
1607410285.61	160000	22.346846	0.0	14248439	157	160.0
1607410285.91	160000	23.043135	0.0	13843717	155	160.0
1607410286.25	160000	23.711758	0.0	14665119	177	160.0
1607410286.69	160000	24.267949	0.0	21079187	254	160.0
1607410287.18	160000	24.786432	0.0	25480074	263	160.0
1607410287.62	160000	25.336645	0.0	23021754	232	160.0
1607410288.18	160000	25.784209	0.0	27527834	314	160.0
1607410288.73	160000	26.230186	0.0	26155848	326	160.0
1607410289.18	160000	26.789002	0.0	17849379	266	160.0
1607410289.59	160000	27.379337	0.0	16546531	244	160.0
1607410290.02	160000	27.950653	0.0	17718949	259	160.0
1607410290.44	160000	28.523421	0.0	17337137	243	160.0
1607410290.92	160000	29.052503	0.0	20008245	288	160.0
1607410292.21	160000	28.760433	0.0	58430914	764	160.0
1607410292.62	160000	29.345906	0.0	16292703	238	160.0
1607410293.16	160000	29.811	0.0	25587422	326	160.0
1607410293.64	160000	30.334558	0.0	23982306	278	160.0
1607410293.94	160000	31.033258	0.0	13347845	158	160.0
1607410294.29	160000	31.682114	0.0	14337991	202	160.0
1607410294.65	160000	32.329939	0.0	14584990	206	160.0
1607410294.98	160000	32.991564	0.0	13962401	193	160.0
1607410295.32	160000	33.65741	0.0	14393788	190	160.0
1607410295.66	160000	34.315608	0.0	14649457	193	160.0
1607410295.98	160000	35.000062	0.0	13409715	173	160.0
1607410296.3	160000	35.680228	0.0	13909605	173	160.0
1607410296.61	160000	36.370229	0.0	13301968	165	160.0
1607410297.04	160000	36.940128	0.0	19025846	248	160.0
1607410297.52	160000	37.459103	0.0	19295426	295	160.0
1607410297.98	160000	38.008398	0.0	18261873	280	160.0
1607410298.41	160000	38.5782	0.0	19847604	246	160.0
1607410298.81	160000	39.173359	0.0	18767181	231	160.0
1607410299.3	160000	39.689403	0.0	22420858	288	160.0
1607410299.73	160000	40.258017	0.0	19324333	248	160.0
1607410300.18	160000	40.811626	0.0	20392234	259	160.0
1607410300.4	160000	41.594018	0.0	7671072	97	160.0
1607410300.79	160000	42.199349	0.0	17781906	225	160.0
1607410301.11	160000	42.885478	0.0	12839336	172	160.0
1607410301.39	160000	43.598736	0.0	10779770	152	160.0
1607410301.74	160000	44.25287	0.0	14606687	197	160.0
1607410302.6	160000	44.396882	0.0	41866951	543	160.0
1607410303.39	160000	44.60696	0.0	37238410	500	160.0
1607410303.75	160000	45.243822	0.0	14347759	205	160.0
1607410304.03	160000	45.97139	0.0	11399187	139	160.0
1607410304.26	160000	46.736134	0.0	10358641	105	160.0
1607410304.55	160000	47.445157	0.0	14315696	146	160.0
1607410304.99	160000	48.015416	0.0	23283631	236	160.0
1607410305.7	160000	48.302923	0.0	37521367	432	160.0
1607410306.16	160000	48.842198	0.0	22241104	263	160.0
1607410306.52	160000	49.480667	0.0	15813346	194	160.0
1607410306.9	160000	50.105931	0.0	17116450	209	160.0
1607410307.26	160000	50.742107	0.0	18867054	187	160.0
1607410307.6	160000	51.408486	0.0	17393609	167	160.0
1607410308.05	160000	51.962469	0.0	24759401	238	160.0
1607410308.53	160000	52.483028	0.0	25782433	266	160.0
1607410309.03	160000	52.977419	0.0	25885372	273	160.0
1607410309.55	160000	53.466287	0.0	26242011	299	160.0
1607410310.04	160000	53.976466	0.0	23865378	272	160.0
1607410310.53	160000	54.484508	0.0	25470681	276	160.0
1607410311.06	160000	54.952112	0.0	27258768	297	160.0
1607410311.38	160000	55.637829	0.0	17853711	142	160.0
1607410311.65	160000	56.366348	0.0	14829893	119	160.0
1607410312.1	160000	56.916003	0.0	27779697	225	160.0
1607410312.59	160000	57.429171	0.0	27714923	258	160.0
1607410313.05	160000	57.967601	0.0	25946474	242	160.0
1607410313.5	160000	58.515208	0.0	19596259	270	160.0
1607410314.03	160000	58.993812	0.0	23774167	321	160.0
1607410314.47	160000	59.551994	0.0	19373656	262	160.0
1607410315.51	160000	59.571425	0.0	23977420	324	160.0
1607410316.1	160000	59.925554	0.0	24493733	381	160.0
1607410317.43	160000	59.823491	0.0	14528511	179	160.0
1607410318.3	160000	59.82449	0.0	16841176	200	160.0
1607410319.22	160000	59.825486	0.0	16743604	256	160.0
1607410320.61	160000	59.576465	0.0	17975224	220	160.0
1607410321.05	160000	59.977103	0.0	22329548	244	160.0
1607410322.43	160000	59.828525	0.0	16001583	209	160.0
1607410323.26	160000	59.829469	0.0	18238584	158	160.0
1607410324.25	160000	59.830536	0.0	21308824	294	160.0
1607410325.67	160000	59.581494	0.0	17749058	243	160.0
1607410326.48	160000	59.582532	0.0	14127787	169	160.0
1607410327.38	160000	59.833449	0.0	17525699	221	160.0
1607410328.7	160000	59.334453	0.0	14240042	175	160.0
1607410329.15	160000	59.88482	0.0	20324139	264	160.0
1607410330.58	160000	59.586537	0.0	21993033	231	160.0
1607410331.46	160000	59.587468	0.0	18863108	193	160.0
1607410332.29	160000	59.838565	0.0	15964734	173	160.0
1607410333.49	160000	59.589544	0.0	8284939	83	160.0
1607410334.2	160000	59.840441	0.0	9004706	84	160.0
1607410335.41	160000	59.841454	0.0	6955279	96	160.0
1607410336.69	160000	59.592451	0.0	10701639	136	160.0
1607410337.42	160000	59.843467	0.0	9459459	103	160.0
1607410338.55	160000	59.594465	0.0	3212828	39	160.0
1607410339.66	160000	59.595462	0.0	2509989	22	160.0
1607410340.25	160000	59.846469	0.0	2004927	25	160.0
1607410341.31	160000	59.847453	0.0	591360	7	160.0
1607410342.89	160000	59.782241	0.0	2394426	26	160.0
1607410343.22	40000	1.000999	0.028	336477	4	-4.480000000000004
1607410343.56	20000	2.001999	0.0	11007815	142	0.0
1607410343.8	20000	2.79867	0.0	8849724	114	20.0
1607410344.36	160000	3.239286	0.0	22711544	296	20.0
1607410344.85	160000	3.754766	0.0	19639705	301	160.0
1607410345.35	160000	4.280774	0.0	20946809	301	160.0
1607410345.63	160000	5.004972	0.0	11895609	139	160.0
1607410345.83	160000	5.821308	0.0	7597636	85	160.0
1607410346.99	110000	5.69036	0.0	48103258	594	60.0
1607410347.36	80000	6.31802	0.0	15816325	197	50.0
1607410347.92	110000	6.837886	0.0	26873304	317	80.0
1607410348.55	110000	7.2075	0.0	33588177	372	110.0
1607410349.43	160000	7.33328	0.0	50637608	520	110.0
1607410349.86	160000	7.89724	0.0	19559369	253	160.0
1607410350.35	160000	8.412897	0.0	22224402	292	160.0
1607410350.89	160000	8.87256	0.0	22578365	333	160.0
1607410351.13	160000	9.628503	0.0	8346702	123	160.0
1607410351.49	160000	10.274863	0.0	15775481	193	160.0
1607410351.74	160000	11.02283	0.0	9163235	117	160.0
1607410352.52	160000	11.245375	0.0	41307095	486	160.0
1607410353.05	160000	11.717349	0.0	28763893	297	160.0
1607410353.5	160000	12.267095	0.0	21266416	264	160.0
1607410354.04	160000	12.734	0.0	23702229	327	160.0
1607410354.57	160000	13.197441	0.0	27580394	318	160.0
1607410354.98	160000	13.79352	0.0	20329780	218	160.0
1607410355.31	160000	14.458454	0.0	16109183	173	160.0
1607410356.59	160000	14.185826	0.0	58830800	796	160.0
1607410357.8	160000	13.969763	0.0	66935122	781	160.0
1607410358.15	160000	14.625775	0.0	15251076	186	160.0
