1610857192.7	60000	1.000999	0.151	336477	109	-48.32
1610857193.28	40000	1.843639	0.0	14648397	378	20.0
1610857193.9	110000	2.258527	0.0	24132566	311	40.0
1610857194.35	160000	2.801354	0.0	22711544	260	110.0
1610857194.74	320000	3.447443	0.0	19639705	192	160.0
1610857195.09	320000	4.092828	0.0	20946809	206	320.0
1610857195.33	320000	4.889692	0.0	11895609	127	320.0
1610857195.49	320000	5.726274	0.0	7597636	85	320.0
1610857196.62	320000	5.649654	0.0	56067905	635	320.0
1610857197.53	320000	5.821207	0.0	46062054	593	320.0
1610857198.87	320000	5.482341	0.0	60496562	909	320.0
1610857200.61	320000	4.741292	0.0	90475604	984	320.0
1610857202.19	320000	4.16358	0.0	94557637	988	320.0
1610857203.02	320000	4.357503	0.0	48403531	502	320.0
1610857204.08	320000	4.268109	0.0	63326685	670	320.0
1610857205.21	320000	4.381901	0.0	66782145	655	320.0
1610857205.49	320000	5.138307	0.0	13212243	164	320.0
1610857206.05	320000	5.690588	0.0	29387773	361	320.0
1610857206.39	320000	6.474615	0.0	17336677	200	320.0
1610857208.57	320000	5.402937	0.0	126296507	1207	320.0
1610857210.3	320000	4.705824	0.0	96707447	1103	320.0
1610857211.53	320000	4.476635	0.0	72904162	745	320.0
1610857212.8	320000	4.228015	0.0	66993756	793	320.0
1610857214.54	320000	4.030226	0.0	92389329	1146	320.0
1610857215.73	320000	3.933884	0.0	70549633	726	320.0
1610857216.72	320000	3.984745	0.0	50094571	663	320.0
1610857218.8	320000	3.148234	0.0	124391138	1344	320.0
1610857221.47	320000	1.679637	0.0	139539685	1622	320.0
1610857222.77	320000	1.865389	0.0	44512381	960	320.0
1610857223.72	320000	2.43615	0.0	46257154	639	320.0
1610857224.42	320000	2.947441	0.0	34846600	474	320.0
1610857225.09	320000	3.372216	0.0	33828007	438	320.0
1610857225.78	320000	3.839056	0.0	30396599	484	320.0
1610857226.93	320000	3.841026	0.0	30979822	925	320.0
1610857246.59	320000	20.21497	0.0	10340109	445	320.0
1610857246.6	160000	20.203582	0.0	10340109	445	0.0
1610857247.89	160000	19.919266	0.0	26155848	1109	160.0
1610857248.89	160000	19.91686	0.0	17849379	872	160.0
1610857250.4	160000	19.40605	0.0	16546531	1385	160.0
1610857250.41	110000	19.398026	0.0	16546531	1385	60.0
1610857251.17	110000	19.638548	0.0	12021075	662	110.0
1610857251.84	110000	19.966219	0.0	11809774	576	110.0
1610857252.58	110000	20.225759	0.0	13817529	632	110.0
1610857254.73	110000	19.086637	0.0	44222240	1875	110.0
1610857255.3	110000	19.516688	0.0	11574285	474	110.0
1610857255.3	160000	19.508128	0.0	11574285	474	110.0
1610857284.73	160000	7.102735	0.0	4959415	235	160.0
1610857284.74	110000	7.091777	0.0	4959415	235	60.0
1610857285.45	110000	7.384635	0.0	13365138	604	110.0
1610857286.14	110000	7.689537	0.0	13994870	589	110.0
1610857286.15	160000	7.680606	0.0	13994870	589	110.0
1610857286.54	160000	8.294597	0.0	7671072	311	160.0
1610857287.87	160000	7.964293	0.0	17781906	1199	160.0
1610857288.9	160000	7.932075	0.0	12839336	927	160.0
1610857288.91	110000	7.923646	0.0	12839336	927	60.0
1610857289.27	110000	8.569894	0.0	7401667	276	110.0
1610857289.72	110000	9.120385	0.0	9761239	363	110.0
1610857291.04	110000	8.798169	0.0	30352856	1123	110.0
1610857291.05	160000	8.789119	0.0	30352856	1123	110.0
1610857292.64	160000	8.195545	0.0	37238410	1365	160.0
1610857293.3	160000	8.540302	0.0	14347759	543	160.0
1610857293.81	160000	9.029391	0.0	11399187	415	160.0
1610857294.28	160000	9.56481	0.0	10358641	371	160.0
1610857294.91	160000	9.934114	0.0	14315696	519	160.0
1610857295.91	160000	9.932224	0.0	23283631	839	160.0
1610857297.45	160000	9.39731	0.0	37521367	1300	160.0
1610857298.36	160000	9.487087	0.0	22241104	761	160.0
1610857298.99	160000	9.852164	0.0	15813346	515	160.0
1610857299.67	160000	10.174382	0.0	17116450	549	160.0
1610857300.4	160000	10.449772	0.0	18867054	583	160.0
1610857301.04	160000	10.810035	0.0	17393609	510	160.0
1610857301.91	160000	10.945592	0.0	24759401	692	160.0
1610857302.75	160000	11.099623	0.0	25782433	670	160.0
1610857303.55	160000	11.300938	0.0	25885372	623	160.0
1610857304.32	160000	11.53013	0.0	26242011	589	160.0
1610857304.99	160000	11.862543	0.0	23865378	506	160.0
1610857305.68	160000	12.173715	0.0	25470681	512	160.0
1610857305.69	320000	12.164169	0.0	25470681	512	160.0
1610857307.04	320000	11.816818	0.0	56222410	1012	320.0
1610857307.87	320000	11.986543	0.0	37045146	602	320.0
1610857308.54	320000	12.319095	0.0	31316241	461	320.0
1610857309.64	320000	12.223205	0.0	54539886	740	320.0
1610857310.65	320000	12.210251	0.0	54290338	682	320.0
1610857311.54	320000	12.320341	0.0	50306079	584	320.0
1610857312.23	320000	12.628413	0.0	39311524	444	320.0
1610857313.05	320000	12.810652	0.0	45141551	534	320.0
1610857313.72	320000	13.140753	0.0	38678341	424	320.0
1610857314.78	320000	13.087318	0.0	48869677	754	320.0
1610857325.89	320000	15.969077	0.0	14240042	391	320.0
1610857326.6	160000	16.256654	0.0	20324139	556	0.0
1610857327.36	160000	16.498666	0.0	21993033	594	160.0
1610857328.01	160000	16.84822	0.0	18863108	508	160.0
1610857328.56	160000	17.299817	0.0	15964734	422	160.0
1610857328.86	160000	17.996049	0.0	8284939	223	160.0
1610857329.18	160000	18.682241	0.0	9004706	230	160.0
1610857329.42	160000	19.4351	0.0	6955279	173	160.0
1610857329.81	160000	20.054252	0.0	10701639	283	160.0
1610857330.14	160000	20.716851	0.0	9459459	249	160.0
1610857330.28	160000	21.578643	0.0	3212828	84	160.0
1610857330.4	160000	22.468771	0.0	2509989	59	160.0
1610857330.48	160000	23.385255	0.0	2004927	34	160.0
1610857330.49	320000	23.376822	0.0	2004927	34	160.0
1610857330.53	320000	24.333588	0.0	640071	4	320.0
1610857330.67	320000	25.198763	0.0	3111318	83	320.0
1610857330.67	160000	25.191154	0.0	3111318	83	0.0
1610857330.72	160000	25.583463	0.0	364838	2	160.0
1610857330.72	320000	25.576751	0.0	364838	2	160.0
