1610812403.38	60000	1.000999	0.038	336477	26	-12.159999999999997
1610812405.01	320000	1.477732	0.741	14912671	1429	-177.12
1610812407.0	320000	1.32646	0.806	24265636	1722	62.079999999999984
1610812408.98	320000	1.413293	1.054	22711544	1785	-17.279999999999973
1610812409.53	320000	1.897028	0.0	19639705	343	320.0
1610812410.08	320000	2.346026	0.0	20946809	353	320.0
1610812410.4	320000	3.049937	0.0	11895609	174	320.0
1610812410.63	320000	3.840088	0.0	7597636	110	320.0
1610812411.96	320000	3.509002	0.0	56067905	781	320.0
1610812412.87	320000	3.615519	0.0	46062054	578	320.0
1610812414.09	320000	3.382159	0.0	60496562	744	320.0
1610812416.03	320000	2.451485	0.0	90475604	1083	320.0
1610812418.13	320000	1.523632	0.0	94557637	1430	320.0
1610812418.92	320000	1.94436	0.0	48403531	389	320.0
1610812419.85	320000	2.20003	0.0	63326685	466	320.0
1610812420.79	320000	2.297077	0.0	66782145	474	320.0
1610812421.05	320000	3.035943	0.0	13212243	107	320.0
1610812421.6	320000	3.489801	0.0	29387773	296	320.0
1610812421.97	320000	4.12774	0.0	17336677	174	320.0
1610812424.15	320000	3.00686	0.0	126296507	1199	320.0
1610812425.73	320000	2.431722	0.0	96707447	959	320.0
1610812426.98	320000	2.457386	0.0	72904162	721	320.0
1610812428.39	320000	2.468395	0.0	66993756	903	320.0
1610812430.17	320000	1.682422	0.0	92389329	1156	320.0
1610812431.29	320000	1.610702	0.0	70549633	597	320.0
1610812441.06	320000	1.310976	8.18	50094571	9432	-2297.6
1610812443.28	60000	1.263088	1.171	27018238	1986	-574.72
1610812444.99	40000	1.4352	0.882	20723782	1528	-262.24
1610812446.38	160000	1.29486	0.25	15251076	1233	-40.0
1610812447.71	160000	1.30373	0.335	16574034	1162	52.8
1610812448.79	160000	1.406629	0.172	13009028	931	104.96000000000001
1610812452.26	160000	1.312191	2.386	12791674	3332	-603.52
1610812452.54	160000	2.037251	0.0	11137898	136	160.0
1610812452.82	160000	2.754603	0.0	11485310	139	160.0
1610812453.12	160000	3.454441	0.0	12428518	150	160.0
1610812453.38	160000	4.193767	0.0	9963766	127	160.0
1610812453.96	320000	4.617495	0.0	27475995	350	160.0
1610812454.51	320000	5.072428	0.0	26460007	327	320.0
1610812455.06	320000	5.518064	0.0	26763657	327	320.0
1610812455.89	320000	5.686588	0.0	33826873	565	320.0
1610812458.48	320000	4.10371	0.0	41214174	2274	320.0
1610812460.73	320000	2.852148	0.0	83204731	1696	320.0
1610812463.41	320000	1.444724	0.198	75539257	2137	256.64
1610812463.98	320000	1.882904	0.0	16577177	386	320.0
1610812465.15	320000	1.704624	0.0	39814357	881	320.0
1610812466.27	320000	1.594405	0.0	50277186	743	320.0
1610812467.33	320000	1.527379	0.0	43375920	749	320.0
1610812468.58	320000	1.459166	0.097	39748690	931	288.96
1610812469.48	320000	1.555271	0.0	32725949	640	320.0
1610812469.99	320000	2.043965	0.0	15673611	351	320.0
1610812470.66	320000	2.380603	0.0	20850595	468	320.0
1610812471.2	320000	2.835719	0.0	16458609	371	320.0
1610812471.54	320000	3.5033	0.0	8700077	206	320.0
1610812471.87	320000	4.17196	0.0	8292135	196	320.0
1610812472.6	320000	4.439083	0.0	22212109	530	320.0
1610812473.52	320000	4.524807	0.0	27931458	682	320.0
1610812474.46	320000	4.584748	0.0	28076035	715	320.0
1610812475.51	320000	4.533063	0.0	34615012	786	320.0
1610812476.71	320000	4.332738	0.0	31574841	934	320.0
1610812477.71	320000	4.334326	0.0	28857310	748	320.0
1610812478.65	320000	4.402225	0.0	30799251	665	320.0
1610812479.66	320000	4.38573	0.0	29900862	781	320.0
1610812480.85	320000	4.196779	0.0	32431711	939	320.0
1610812481.98	320000	4.074875	0.0	32680833	846	320.0
1610812483.07	320000	3.979624	0.0	30468229	854	320.0
1610812484.16	320000	3.894361	0.0	31594806	836	320.0
1610812485.63	320000	3.427032	0.0	43158259	1153	320.0
1610812487.63	320000	2.423522	0.0	53696400	1633	320.0
1610812489.37	320000	1.785118	0.0	49804325	1378	320.0
1610812491.21	320000	1.298825	0.206	56230532	1459	254.07999999999998
1610812493.14	320000	1.37184	0.961	54033728	1601	12.480000000000018
1610812495.74	320000	1.30295	1.559	40265492	2313	-178.88
1610812496.69	320000	1.346487	0.0	37527577	665	320.0
1610812497.44	320000	1.603361	0.0	38354537	462	320.0
1610812498.09	320000	1.954068	0.0	33905183	373	320.0
1610812498.8	320000	2.243997	0.0	37964644	410	320.0
1610812500.34	320000	1.7031	0.0	91609209	923	320.0
1610812500.88	320000	2.161857	0.0	30861098	287	320.0
1610812501.75	320000	2.56515	0.0	53161890	490	320.0
1610812502.51	320000	2.851591	0.0	49661559	413	320.0
1610812502.96	320000	3.398431	0.0	27673254	223	320.0
1610812503.45	320000	3.91399	0.0	29061600	234	320.0
1610812503.95	320000	4.415196	0.0	29596558	268	320.0
1610812504.46	320000	4.907318	0.0	29264466	263	320.0
1610812504.98	320000	5.380053	0.0	29949400	284	320.0
1610812505.53	320000	5.844474	0.0	30225692	287	320.0
1610812505.96	320000	6.408228	0.0	27528494	200	320.0
1610812506.4	320000	6.968815	0.0	28959567	210	320.0
1610812506.82	320000	7.548853	0.0	27200869	183	320.0
1610812507.36	320000	8.007081	0.0	37091406	251	320.0
1610812507.81	320000	8.563094	0.0	32442772	199	320.0
1610812508.32	320000	9.053255	0.0	38733768	234	320.0
1610812508.93	320000	9.446334	0.0	43207501	251	320.0
1610812509.45	320000	9.923441	0.0	39867273	231	320.0
1610812510.02	320000	10.35079	0.0	44687216	248	320.0
1610812510.52	320000	10.853801	0.0	37222510	208	320.0
1610812511.04	320000	11.337672	0.0	37697615	236	320.0
1610812511.28	320000	12.099939	0.0	13943369	87	320.0
1610812511.76	320000	12.615325	0.0	33909675	227	320.0
1610812512.19	320000	13.186565	0.0	25608467	191	320.0
1610812512.55	320000	13.829561	0.0	21666875	156	320.0
1610812513.04	320000	14.346777	0.0	29164819	244	320.0
1610812514.22	320000	14.162462	0.0	75257111	636	320.0
1610812515.38	320000	14.007105	0.0	71035332	648	320.0
1610812515.83	320000	14.551705	0.0	27276036	222	320.0
1610812516.22	320000	15.170006	0.0	23233775	180	320.0
1610812516.59	320000	15.801503	0.0	21096285	164	320.0
1610812516.99	320000	16.393931	0.0	28685524	172	320.0
1610812517.58	320000	16.807626	0.0	43551422	257	320.0
1610812518.55	320000	16.841652	0.0	65057331	499	320.0
1610812519.41	320000	16.978367	0.0	41329817	537	320.0
1610812520.07	320000	17.403801	0.0	30837965	402	320.0
1610812520.87	320000	17.705518	0.0	33542198	525	320.0
1610812527.35	320000	12.272591	0.0	43188629	6155	320.0
1610812529.4	320000	11.433326	0.0	38404993	1758	320.0
1610812530.44	320000	11.39795	0.0	50554338	656	320.0
1610812531.45	320000	11.394017	0.0	52531967	628	320.0
1610812532.48	320000	11.36265	0.0	54618297	634	320.0
1610812533.47	320000	11.377167	0.0	54267260	573	320.0
1610812534.33	320000	11.509781	0.0	46984925	503	320.0
1610812535.35	320000	11.615253	0.0	52441959	604	320.0
1610812536.69	320000	11.540872	0.0	56222410	909	320.0
1610812537.29	320000	11.939256	0.0	37045146	322	320.0
1610812537.82	320000	12.413947	0.0	31316241	272	320.0
1610812538.7	320000	12.534091	0.0	54539886	487	320.0
1610812539.58	320000	12.650636	0.0	54290338	496	320.0
1610812540.31	320000	12.923332	0.0	50306079	353	320.0
1610812540.9	320000	13.34042	0.0	39311524	279	320.0
1610812541.59	320000	13.64362	0.0	45141551	363	320.0
1610812542.21	320000	14.150982	0.0	38678341	300	320.0
1610812542.93	320000	14.423436	0.0	48869677	377	320.0
1610812543.61	320000	14.839187	0.0	48742469	335	320.0
1610812544.1	320000	15.434477	0.0	31052651	233	320.0
1610812544.65	320000	16.01001	0.0	35159774	265	320.0
1610812545.16	320000	16.575965	0.0	34685385	225	320.0
1610812545.67	320000	17.17025	0.0	36845249	237	320.0
1610812546.3	320000	17.624116	0.0	44043502	312	320.0
1610812546.74	320000	18.343747	0.0	28911363	200	320.0
1610812547.23	320000	19.003757	0.0	31997411	234	320.0
1610812547.83	320000	19.481026	0.0	37860562	273	320.0
1610812548.38	320000	19.975655	0.0	34218681	276	320.0
1610812548.88	320000	20.478368	0.0	30315897	244	320.0
1610812549.54	320000	20.868617	0.0	38074030	333	320.0
1610812550.06	320000	21.345393	0.0	31856580	265	320.0
1610812550.69	320000	21.718828	0.0	40986530	324	320.0
1610812551.4	320000	22.009131	0.0	43161948	379	320.0
1610812552.05	320000	22.538353	0.0	39216469	348	320.0
1610812552.62	320000	23.122332	0.0	32708889	302	320.0
1610812553.55	320000	23.412711	0.0	16257756	760	320.0
1610812554.88	320000	23.302523	0.0	16440860	1147	320.0
1610812555.12	320000	24.059723	0.0	12523766	91	320.0
1610812555.49	320000	24.693036	0.0	22159647	163	320.0
1610812555.8	320000	25.381496	0.0	17516376	128	320.0
1610812555.95	320000	26.232849	0.0	5119060	36	320.0
1610812556.08	320000	27.105457	0.0	3788776	27	320.0
1610812556.18	320000	28.007217	0.0	3041389	21	320.0
1610812556.24	320000	28.949702	0.0	640071	4	320.0
1610812556.32	320000	29.874827	0.0	3111318	23	320.0
1610812556.77	60000	1.000999	0.165	377897	3	-52.8
1610812557.12	320000	2.001999	0.0	14912671	98	60.0
1610812557.56	320000	2.643212	0.0	24265636	163	320.0
1610812557.93	320000	3.281286	0.0	22711544	150	320.0
1610812558.25	320000	3.963904	0.0	19639705	126	320.0
1610812558.57	320000	4.638687	0.0	20946809	134	320.0
1610812558.79	320000	5.451147	0.0	11895609	78	320.0
1610812558.97	320000	6.332037	0.0	7597636	49	320.0
1610812559.97	320000	6.43714	0.0	56067905	358	320.0
1610812560.73	320000	6.720487	0.0	46062054	420	320.0
1610812561.63	320000	6.881302	0.0	60496562	460	320.0
1610812563.27	320000	6.269289	0.0	90475604	843	320.0
1610812571.4	320000	1.139806	1.882	94557637	7584	-282.24
1610812574.61	320000	1.422994	2.329	48403531	2884	-425.28
1610812576.2	320000	1.184929	0.368	63326685	1193	202.24
1610812577.81	320000	1.371992	0.793	66782145	1187	66.24000000000001
1610812578.18	320000	2.007957	0.0	13212243	210	320.0
1610812578.91	320000	2.278262	0.0	29387773	467	320.0
1610812579.36	320000	2.821879	0.0	17336677	277	320.0
1610812584.67	320000	0.939231	2.417	126296507	4314	-453.44000000000005
1610812586.58	320000	1.432972	1.207	96707447	1358	-66.24000000000001
1610812588.08	320000	1.228656	0.159	72904162	979	269.12
1610812589.34	320000	1.259148	0.181	66993756	793	262.08
1610812590.81	320000	1.404963	0.651	92389329	944	111.68
1610812592.18	320000	1.252326	0.125	70549633	867	280.0
1610812592.99	320000	1.452054	0.0	50094571	437	320.0
