1610811831.94	60000	1.000999	0.043	336477	31	-13.759999999999998
1610811833.34	80000	1.461986	0.485	14912671	1282	-95.19999999999999
1610811834.93	60000	1.353112	0.445	20421673	1425	-102.4
1610811835.93	60000	1.423879	0.033	13063186	920	49.44
1610811836.74	60000	1.635799	0.0	8954217	754	60.0
1610811837.41	60000	1.983654	0.0	7325507	618	60.0
1610811837.78	60000	2.615251	0.0	4014386	335	60.0
1610811838.27	80000	3.124731	0.0	5425476	446	60.0
1610811840.82	80000	1.580744	0.0	29583867	2292	80.0
1610811842.24	80000	1.318699	0.157	15816325	1325	29.759999999999998
1610811843.77	80000	1.476418	0.687	15275967	1451	-139.84
1610811845.46	80000	1.392777	0.605	20600381	1578	-113.6
1610811846.88	80000	1.270244	0.296	17710542	1316	-14.719999999999999
1610811847.52	80000	1.630717	0.0	7412644	588	80.0
1610811848.23	80000	1.915655	0.0	9055732	655	80.0
1610811848.95	80000	2.195766	0.0	9337721	658	80.0
1610811849.21	80000	2.941035	0.0	3201928	228	80.0
1610811849.74	80000	3.41501	0.0	6731501	480	80.0
1610811850.14	80000	4.017947	0.0	4543558	360	80.0
1610811851.75	80000	3.406842	0.0	20277060	1490	80.0
1610811853.0	80000	3.153552	0.0	14877694	1164	80.0
1610811854.06	80000	3.102653	0.0	11453319	976	80.0
1610811855.11	80000	3.05128	0.0	13274781	969	80.0
1610811856.37	80000	2.784317	0.0	14862949	1177	80.0
1610811858.22	80000	1.936547	0.0	10513690	1783	80.0
1610811859.55	60000	1.60665	0.0	6391364	1281	40.0
1610811864.81	80000	1.330457	3.98	34554431	5078	-1213.6
1610811867.02	60000	1.311485	1.187	29587565	2054	-339.84
1610811867.42	60000	1.915558	0.0	5395812	357	60.0
1610811867.84	60000	2.487645	0.0	5799553	385	60.0
1610811868.15	80000	3.19178	0.0	6381056	247	60.0
1610811868.44	80000	3.893499	0.0	6393963	247	80.0
1610811868.7	80000	4.635109	0.0	5578363	216	80.0
1610811868.93	80000	5.401174	0.0	5739662	192	80.0
1610811869.15	80000	6.188574	0.0	6190601	170	80.0
1610811869.33	80000	7.006574	0.0	5198830	143	80.0
1610811869.56	80000	7.783223	0.0	6516530	179	80.0
1610811869.8	110000	8.542126	0.0	6833121	188	80.0
1610811870.02	110000	9.325198	0.0	6808950	172	110.0
1610811870.32	110000	10.021548	0.0	9608563	242	110.0
1610811870.76	110000	10.585142	0.0	13956444	351	110.0
1610811871.65	110000	10.697347	0.0	33926116	684	110.0
1610811872.43	110000	10.910727	0.0	29928879	613	110.0
1610811872.66	160000	11.685328	0.0	7891151	164	110.0
1610811873.26	160000	12.085132	0.0	21012466	471	160.0
1610811873.95	160000	12.402593	0.0	23519424	540	160.0
1610811874.38	160000	12.968298	0.0	18715420	316	160.0
1610811874.77	160000	13.578277	0.0	17000816	285	160.0
1610811875.08	160000	14.273348	0.0	14448126	220	160.0
1610811875.23	160000	15.125832	0.0	6958676	101	160.0
1610811875.42	160000	15.936832	0.0	9088791	132	160.0
1610811875.57	160000	16.781468	0.0	7211881	104	160.0
1610811875.64	160000	17.710515	0.0	3063586	45	160.0
1610811875.82	320000	18.532493	0.0	8292135	120	160.0
1610811876.38	320000	18.982219	0.0	22212109	394	320.0
1610811877.17	320000	19.191636	0.0	27931458	458	320.0
1610811877.69	320000	19.668417	0.0	28076035	359	320.0
1610811878.36	320000	20.001033	0.0	34615012	453	320.0
1610811878.97	320000	20.391539	0.0	31574841	421	320.0
1610811879.51	320000	20.848936	0.0	28857310	372	320.0
1610811880.1	320000	21.266822	0.0	30799251	395	320.0
1610811880.61	320000	21.7545	0.0	29900862	333	320.0
1610811881.16	320000	22.206831	0.0	32431711	360	320.0
1610811881.72	320000	22.650468	0.0	32680833	360	320.0
1610811882.24	320000	23.128376	0.0	30468229	331	320.0
1610811882.77	320000	23.600287	0.0	31594806	339	320.0
1610811883.62	320000	23.752459	0.0	43158259	543	320.0
1610811884.64	320000	23.730017	0.0	53696400	640	320.0
1610811885.42	320000	23.949723	0.0	49804325	489	320.0
1610811886.23	320000	24.1421	0.0	56230532	490	320.0
1610811887.2	320000	24.177299	0.0	54033728	645	320.0
1610811887.79	320000	24.586593	0.0	40265492	358	320.0
1610811888.37	320000	25.010633	0.0	37527577	340	320.0
1610811888.96	320000	25.412118	0.0	38354537	353	320.0
1610811889.63	320000	25.744006	0.0	33905183	461	320.0
1610811890.4	320000	25.976043	0.0	37964644	523	320.0
1610811892.51	320000	24.867287	0.0	91609209	1255	320.0
1610811893.1	320000	25.282448	0.0	30861098	379	320.0
1610811894.09	320000	25.287205	0.0	53161890	702	320.0
1610811895.06	320000	25.322032	0.0	49661559	666	320.0
1610811895.63	320000	25.754573	0.0	27673254	409	320.0
1610811896.23	320000	26.150817	0.0	29061600	421	320.0
1610811896.79	320000	26.592744	0.0	29596558	384	320.0
1610811897.33	320000	27.054339	0.0	29264466	354	320.0
1610811897.84	320000	27.544568	0.0	29949400	327	320.0
1610811898.43	320000	27.964813	0.0	30225692	379	320.0
1610811898.97	320000	28.416579	0.0	27528494	379	320.0
1610811899.53	320000	28.855936	0.0	28959567	390	320.0
1610811900.08	320000	29.3088	0.0	27200869	366	320.0
1610811900.77	320000	29.623421	0.0	37091406	473	320.0
1610811901.36	320000	30.032661	0.0	32442772	411	320.0
1610811902.08	320000	30.315311	0.0	38733768	488	320.0
1610811902.79	320000	30.601905	0.0	43207501	470	320.0
1610811903.46	320000	30.93544	0.0	39867273	417	320.0
1610811904.16	320000	31.237204	0.0	44687216	441	320.0
1610811904.8	320000	31.593652	0.0	37222510	405	320.0
1610811905.41	320000	31.986488	0.0	37697615	398	320.0
1610811905.64	320000	32.763608	0.0	13943369	141	320.0
1610811906.2	320000	33.205449	0.0	33909675	345	320.0
1610811906.55	320000	33.846879	0.0	25608467	204	320.0
1610811906.85	320000	34.548155	0.0	21666875	172	320.0
1610811907.26	320000	35.139363	0.0	29164819	243	320.0
1610811908.48	320000	35.138504	0.0	75257111	784	320.0
1610811909.73	320000	35.049088	0.0	71035332	842	320.0
1610811910.17	320000	35.684185	0.0	27276036	273	320.0
1610811910.52	320000	36.373224	0.0	23233775	206	320.0
1610811910.84	320000	37.079844	0.0	21096285	188	320.0
1610811911.26	320000	37.667304	0.0	28685524	253	320.0
1610811911.9	320000	38.077284	0.0	43551422	365	320.0
1610811912.91	320000	38.078546	0.0	65057331	644	320.0
1610811913.59	320000	38.39478	0.0	41329817	437	320.0
1610811914.09	320000	38.892332	0.0	30837965	324	320.0
1610811914.57	320000	39.419542	0.0	33542198	281	320.0
1610811915.18	320000	39.807741	0.0	43188629	357	320.0
1610811915.72	320000	40.271646	0.0	38404993	321	320.0
1610811916.46	320000	40.536832	0.0	50554338	426	320.0
1610811917.27	320000	40.848062	0.0	52531967	495	320.0
1610811918.09	320000	41.133298	0.0	54618297	515	320.0
1610811918.85	320000	41.373419	0.0	54267260	465	320.0
1610811919.5	320000	41.726261	0.0	46984925	386	320.0
1610811920.19	320000	42.044795	0.0	52441959	392	320.0
1610811920.97	320000	42.257594	0.0	56222410	473	320.0
1610811921.52	320000	42.712456	0.0	37045146	341	320.0
1610811922.03	320000	43.206157	0.0	31316241	320	320.0
1610811922.86	320000	43.373054	0.0	54539886	523	320.0
1610811923.68	320000	43.558155	0.0	54290338	499	320.0
1610811924.4	320000	43.838399	0.0	50306079	438	320.0
1610811925.14	320000	44.100597	0.0	39311524	506	320.0
1610811925.86	320000	44.379186	0.0	45141551	468	320.0
1610811926.51	320000	44.728718	0.0	38678341	406	320.0
1610811927.38	320000	44.865432	0.0	48869677	573	320.0
1610811928.18	320000	45.063703	0.0	48742469	511	320.0
1610811928.69	320000	45.553468	0.0	31052651	324	320.0
1610811929.28	320000	45.962602	0.0	35159774	370	320.0
1610811929.88	320000	46.361633	0.0	34685385	399	320.0
1610811930.52	320000	46.727449	0.0	36845249	422	320.0
1610811931.26	320000	46.988529	0.0	44043502	484	320.0
1610811931.76	320000	47.491766	0.0	28911363	327	320.0
1610811932.3	320000	47.949208	0.0	31997411	361	320.0
1610811932.95	320000	48.301526	0.0	37860562	410	320.0
1610811933.49	320000	48.75629	0.0	34218681	352	320.0
1610811933.94	320000	49.310801	0.0	30315897	266	320.0
1610811934.5	320000	49.748996	0.0	38074030	328	320.0
1610811934.95	320000	50.300521	0.0	31856580	264	320.0
1610811935.54	320000	50.772284	0.0	40986530	334	320.0
1610811936.11	320000	51.226044	0.0	43161948	324	320.0
1610811936.64	320000	51.802259	0.0	39216469	300	320.0
1610811937.13	320000	52.313888	0.0	32708889	255	320.0
1610811937.36	320000	53.080832	0.0	16257756	128	320.0
1610811937.59	320000	53.851074	0.0	16440860	124	320.0
1610811937.77	320000	54.676138	0.0	12523766	95	320.0
1610811938.07	320000	55.372061	0.0	22159647	168	320.0
1610811938.32	320000	56.122744	0.0	17516376	134	320.0
1610811938.41	320000	57.034654	0.0	5119060	45	320.0
1610811938.48	320000	57.969565	0.0	3788776	33	320.0
1610811938.53	320000	58.917775	0.0	3041389	27	320.0
1610811938.55	320000	59.89847	0.0	640071	6	320.0
1610811940.1	160000	59.527063	0.0	2029416	19	0.0
1610811940.5	60000	1.000999	0.047	337243	3	-15.04
1610811940.82	80000	2.001999	0.0	14912671	157	60.0
1610811941.23	60000	2.709332	0.0	20421673	215	40.0
1610811941.44	60000	3.503462	0.0	13063186	122	60.0
1610811941.57	60000	4.370815	0.0	8954217	77	60.0
1610811941.68	60000	5.259867	0.0	7325507	64	60.0
1610811941.78	80000	6.161788	0.0	6232523	54	60.0
1610811941.87	80000	7.075135	0.0	5425476	48	80.0
1610811942.37	80000	7.580713	0.0	29583867	257	80.0
1610811942.59	80000	8.432145	0.0	15816325	110	80.0
1610811942.79	80000	9.231452	0.0	15275967	106	80.0
1610811943.24	110000	9.841964	0.0	33588177	234	80.0
1610811943.58	110000	10.503808	0.0	25684661	184	110.0
1610811943.75	110000	11.36139	0.0	10838546	77	110.0
1610811943.92	110000	12.191514	0.0	12783186	92	110.0
1610811944.08	110000	13.025731	0.0	13101938	93	110.0
1610811944.17	110000	13.979423	0.0	5268213	38	110.0
1610811944.39	160000	14.765264	0.0	15775481	113	110.0
1610811944.51	160000	15.648405	0.0	9163235	62	160.0
1610811945.09	160000	16.070896	0.0	41307095	280	160.0
1610811945.45	160000	16.722756	0.0	28763893	195	160.0
1610811945.85	160000	17.328048	0.0	21266416	257	160.0
1610811946.28	160000	17.899992	0.0	23702229	281	160.0
1610811946.77	160000	18.413713	0.0	27580394	324	160.0
1610811948.25	320000	17.929221	0.0	70549633	910	160.0
1610811949.15	320000	18.032716	0.0	50094571	607	320.0
