1607410777.63	40000	1.000999	0.048	334476	25	-7.68
1607410778.97	160000	1.414732	0.412	14912671	1115	-25.92
1607410780.94	160000	1.339008	0.86	24265636	1705	22.400000000000006
1607410782.97	160000	1.432342	1.108	22711544	1847	-17.28
1607410784.89	160000	1.303049	0.759	19639705	1736	38.56
1607410786.65	160000	1.285423	0.727	20946809	1582	43.68000000000001
1607410787.76	160000	1.272973	0.099	11895609	979	144.16
1607410788.46	160000	1.579414	0.0	7597636	577	160.0
1607410790.06	60000	1.374252	0.394	17832465	1430	-103.03999999999999
1607410791.1	60000	1.332053	0.0	9877442	915	60.0
1607410791.86	40000	1.571198	0.0	7669174	634	20.0
1607410792.4	20000	2.03168	0.0	5571764	423	0.0
1607410792.86	20000	2.581427	0.0	4925652	347	20.0
1607410793.36	60000	3.081841	0.0	5612759	390	20.0
1607410793.97	60000	3.472577	0.0	6789212	498	60.0
1607410794.66	60000	3.784543	0.0	7016601	577	60.0
1607410795.51	60000	3.925672	0.0	1942216	765	60.0
1607410797.1	60000	3.337948	0.0	4718233	1487	60.0
1607410798.31	60000	3.136827	0.0	3263003	1105	60.0
1607410801.19	40000	1.254581	0.0	11199212	2745	20.0
1607410802.9	40000	1.280288	0.739	8376884	1599	-78.24
1607410804.22	60000	1.269976	0.305	9003718	1199	-8.799999999999997
1607410805.57	80000	1.301111	0.377	13274781	1204	-0.3200000000000003
1607410806.89	110000	1.454916	0.476	19316039	1147	3.8400000000000034
1607410807.92	160000	1.426202	0.0	20329780	832	110.0
1607410808.56	160000	1.786216	0.0	16109183	479	160.0
1607410810.74	160000	1.160994	0.55	58830800	1593	72.0
1607410812.44	160000	1.485334	1.021	66935122	1315	-3.3600000000000136
1607410812.85	160000	2.07357	0.0	15251076	256	160.0
1607410813.28	160000	2.645091	0.0	16574034	261	160.0
1607410813.62	160000	3.299956	0.0	13009028	204	160.0
1607410814.01	160000	3.918576	0.0	12791674	239	160.0
1607410814.35	160000	4.580215	0.0	11137898	208	160.0
1607410814.69	160000	5.232854	0.0	11485310	214	160.0
1607410815.05	160000	5.876239	0.0	12428518	220	160.0
1607410815.36	160000	6.573674	0.0	9963766	176	160.0
1607410815.71	160000	7.218803	0.0	12189364	216	160.0
1607410815.95	160000	7.982033	0.0	10142396	111	160.0
1607410816.19	160000	8.746242	0.0	10185488	104	160.0
1607410816.48	160000	9.449659	0.0	14061455	150	160.0
1607410816.88	160000	10.05933	0.0	20074099	213	160.0
1607410817.69	160000	10.247576	0.0	46115254	485	160.0
1607410818.45	160000	10.484281	0.0	40906522	457	160.0
1607410818.66	160000	11.279936	0.0	7891151	89	160.0
1607410819.03	160000	11.909564	0.0	21012466	188	160.0
1607410819.43	160000	12.504089	0.0	23519424	211	160.0
1607410819.77	160000	13.16525	0.0	18715420	168	160.0
1607410820.08	160000	13.857518	0.0	17000816	140	160.0
1607410820.36	160000	14.586719	0.0	14448126	121	160.0
1607410820.52	160000	15.418803	0.0	6958676	57	160.0
1607410820.72	160000	16.224247	0.0	9088791	75	160.0
1607410820.89	160000	17.05497	0.0	7211881	59	160.0
1607410821.0	160000	17.940716	0.0	3063586	25	160.0
1607410821.12	160000	18.830756	0.0	2782179	23	160.0
1607410821.32	160000	19.626759	0.0	9958410	81	160.0
1607410821.56	160000	20.39356	0.0	12158708	99	160.0
1607410821.8	160000	21.153387	0.0	12300216	102	160.0
1607410822.12	160000	21.832744	0.0	15815684	160	160.0
1607410822.4	160000	22.553307	0.0	13526256	137	160.0
1607410822.65	160000	23.298638	0.0	11995130	121	160.0
1607410822.94	160000	24.013494	0.0	13394791	144	160.0
1607410823.24	160000	24.71567	0.0	14135828	153	160.0
1607410823.56	160000	25.400068	0.0	15366126	166	160.0
1607410823.83	160000	26.1263	0.0	14248439	130	160.0
1607410824.06	160000	26.904125	0.0	13843717	81	160.0
1607410824.3	160000	27.658286	0.0	14665119	82	160.0
1607410824.61	160000	28.351202	0.0	21079187	123	160.0
1607410825.04	160000	28.921397	0.0	25480074	224	160.0
1607410825.48	160000	29.479417	0.0	23021754	243	160.0
1607410826.0	160000	29.965471	0.0	27527834	297	160.0
1607410826.52	160000	30.447087	0.0	26155848	287	160.0
1607410826.89	160000	31.077421	0.0	17849379	198	160.0
1607410827.25	160000	31.714444	0.0	16546531	198	160.0
1607410827.63	160000	32.333532	0.0	17718949	203	160.0
1607410827.99	160000	32.9799	0.0	17337137	185	160.0
1607410828.38	160000	33.59176	0.0	20008245	206	160.0
1607410829.37	160000	33.596675	0.0	58430914	612	160.0
1607410829.71	160000	34.258923	0.0	16292703	172	160.0
1607410830.18	160000	34.796707	0.0	25587422	256	160.0
1607410830.62	160000	35.355145	0.0	23982306	239	160.0
1607410830.89	160000	36.082944	0.0	13347845	129	160.0
1607410831.17	160000	36.80221	0.0	14337991	134	160.0
1607410831.46	160000	37.519434	0.0	14584990	136	160.0
1607410831.73	160000	38.243146	0.0	13962401	129	160.0
1607410832.01	160000	38.964301	0.0	14393788	135	160.0
1607410832.3	160000	39.680635	0.0	14649457	137	160.0
1607410832.56	160000	40.415744	0.0	13409715	125	160.0
1607410832.84	160000	41.143181	0.0	13909605	130	160.0
1607410833.11	160000	41.879147	0.0	13301968	122	160.0
1607410833.47	160000	42.51536	0.0	19025846	172	160.0
1607410833.82	160000	43.163262	0.0	19295426	176	160.0
1607410834.17	160000	43.814888	0.0	18261873	175	160.0
1607410834.54	160000	44.442719	0.0	19847604	186	160.0
1607410834.89	160000	45.092861	0.0	18767181	179	160.0
1607410835.3	160000	45.688839	0.0	22420858	214	160.0
1607410835.66	160000	46.323315	0.0	19324333	184	160.0
1607410836.03	160000	46.957498	0.0	20392234	185	160.0
1607410836.21	160000	47.77739	0.0	7671072	67	160.0
1607410836.54	160000	48.453528	0.0	17781906	157	160.0
1607410836.79	160000	49.199851	0.0	12839336	113	160.0
1607410837.02	160000	49.968932	0.0	10779770	102	160.0
1607410837.31	160000	50.683862	0.0	14606687	138	160.0
1607410838.02	160000	50.97765	0.0	41866951	397	160.0
1607410838.65	160000	51.342819	0.0	37238410	356	160.0
1607410838.94	160000	52.058661	0.0	14347759	141	160.0
1607410839.19	160000	52.808275	0.0	11399187	119	160.0
1607410839.43	160000	53.572882	0.0	10358641	108	160.0
1607410839.72	160000	54.279946	0.0	14315696	149	160.0
1607410840.16	160000	54.83782	0.0	23283631	244	160.0
1607410840.84	160000	55.161128	0.0	37521367	393	160.0
1607410841.27	160000	55.735067	0.0	22241104	237	160.0
1607410841.6	160000	56.40652	0.0	15813346	169	160.0
1607410841.96	160000	57.052703	0.0	17116450	190	160.0
1607410842.34	160000	57.668923	0.0	18867054	204	160.0
1607410842.7	160000	58.312234	0.0	17393609	189	160.0
1607410843.31	160000	58.702006	0.0	24759401	407	160.0
1607410844.0	160000	59.009061	0.0	25782433	481	160.0
1607410844.58	160000	59.431538	0.0	25885372	350	160.0
1607410845.14	160000	59.876265	0.0	26242011	339	160.0
1607410846.64	160000	59.598782	0.0	23865378	282	160.0
1607410847.11	160000	59.906087	0.0	25470681	262	160.0
1607410848.64	160000	59.600754	0.0	27258768	292	160.0
1607410849.5	160000	59.601715	0.0	17853711	187	160.0
1607410850.33	160000	59.852722	0.0	14829893	181	160.0
1607410851.41	160000	59.853791	0.0	27779697	356	160.0
1607410852.44	160000	59.604746	0.0	27714923	307	160.0
1607410853.44	160000	59.605737	0.0	25946474	277	160.0
1607410854.36	160000	59.830022	0.0	19596259	238	160.0
1607410855.38	160000	59.857746	0.0	23774167	316	160.0
1607410856.34	160000	59.858726	0.0	19373656	287	160.0
1607410857.35	160000	59.859748	0.0	23977420	309	160.0
1607410858.17	80000	59.86073	0.0	12613176	175	0.0
1607410859.37	80000	59.861799	0.0	6800911	84	80.0
1607410860.58	80000	59.612747	0.0	8020179	95	80.0
1607410862.51	80000	58.513921	0.0	7882490	1819	80.0
1607410864.51	160000	57.516833	0.0	17975224	1824	80.0
1607410865.69	160000	57.337502	0.0	22329548	990	160.0
1607410866.25	160000	57.785092	0.0	16001583	393	160.0
1607410866.81	160000	58.225662	0.0	18238584	383	160.0
1607410867.38	160000	58.654175	0.0	21308824	383	160.0
1607410867.85	160000	59.181908	0.0	17749058	302	160.0
1607410868.24	160000	59.793584	0.0	14127787	238	160.0
1607410869.21	160000	59.871694	0.0	17525699	295	160.0
1607410870.58	160000	59.622718	0.0	14240042	222	160.0
1607410871.52	160000	59.623725	0.0	20324139	256	160.0
1607410872.49	160000	59.624715	0.0	21993033	275	160.0
1607410873.44	160000	59.625695	0.0	18863108	274	160.0
1607410874.26	160000	59.876739	0.0	15964734	163	160.0
1607410875.47	160000	59.627685	0.0	8284939	89	160.0
1607410876.19	160000	59.878686	0.0	9004706	97	160.0
1607410877.37	160000	59.879593	0.0	6955279	68	160.0
1607410878.6	160000	59.630715	0.0	10701639	101	160.0
1607410879.34	160000	59.88168	0.0	9459459	111	160.0
1607410880.46	160000	59.632694	0.0	3212828	30	160.0
1607410881.57	160000	59.633713	0.0	2509989	24	160.0
1607410882.66	160000	59.634732	0.0	2004927	20	160.0
1607410883.21	160000	59.885723	0.0	591360	5	160.0
1607410884.78	160000	59.820488	0.0	2394426	19	160.0
1607410885.16	40000	1.000999	0.04	336477	3	-6.399999999999999
1607410885.54	160000	1.980944	0.0	14912671	146	40.0
1607410886.07	160000	2.452302	0.0	24265636	236	160.0
1607410886.47	160000	3.064157	0.0	22711544	178	160.0
1607410886.8	160000	3.716733	0.0	19639705	153	160.0
1607410887.17	160000	4.477264	0.0	20946809	164	160.0
1607410887.41	160000	5.242923	0.0	11895609	92	160.0
1607410887.58	160000	6.073545	0.0	7597636	59	160.0
1607410888.56	160000	6.144748	0.0	56067905	434	160.0
1607410889.35	160000	6.41895	0.0	45444680	479	160.0
1607410890.25	160000	6.582674	0.0	54798068	536	160.0
1607410891.55	160000	6.285051	0.0	69464107	762	160.0
1607410892.34	160000	6.499075	0.0	50637608	450	160.0
1607410892.76	160000	7.08313	0.0	19559369	236	160.0
1607410893.22	160000	7.624	0.0	22224402	268	160.0
1607410893.66	160000	8.18233	0.0	22578365	247	160.0
1607410893.87	160000	8.971685	0.0	8346702	92	160.0
1607410894.21	160000	9.637057	0.0	15775481	173	160.0
1607410894.44	160000	10.407709	0.0	9163235	96	160.0
1607410895.19	160000	10.65724	0.0	41307095	455	160.0
1607410895.77	160000	11.08091	0.0	28763893	330	160.0
1607410896.2	160000	11.64597	0.0	21266416	248	160.0
1607410896.73	160000	12.120329	0.0	23702229	306	160.0
1607410897.31	160000	12.544387	0.0	27580394	356	160.0
1607410897.75	160000	13.158163	0.0	20329780	233	160.0
1607410898.1	160000	13.839439	0.0	16109183	185	160.0
1607410899.32	160000	13.614105	0.0	58830800	822	160.0
1607410900.44	160000	13.500022	0.0	66935122	684	160.0
1607410900.77	160000	14.168069	0.0	15251076	164	160.0
1607410901.11	160000	14.825278	0.0	16574034	178	160.0
