1610769545.93	60000	1.000999	0.033	336477	23	-10.560000000000002
1610769547.21	320000	1.27577	0.172	14912671	1073	4.9599999999999795
1610769549.22	320000	1.346969	1.05	24265636	1745	-16.0
1610769551.17	320000	1.409749	1.012	22711544	1767	-3.839999999999975
1610769552.45	320000	1.311414	0.147	19639705	1094	272.96
1610769553.62	320000	1.302375	0.137	20946809	985	276.15999999999997
1610769554.28	320000	1.637347	0.0	11895609	514	320.0
1610769554.72	320000	2.195297	0.0	7597636	325	320.0
1610769557.45	320000	1.41103	0.943	56067905	2267	18.24000000000001
1610769559.03	320000	1.385945	0.547	46062054	1291	144.96
1610769560.04	110000	1.434055	0.058	26873304	783	-118.56
1610769561.04	110000	1.436148	0.0	33588177	740	110.0
1610769561.69	110000	1.787232	0.0	25684661	425	110.0
1610769563.3	320000	1.426524	0.25	48403531	1291	30.0
1610769564.58	320000	1.17868	0.033	63326685	797	309.44
1610769566.64	320000	1.280428	1.162	66782145	1676	-51.839999999999975
1610769566.95	320000	1.9701	0.0	13212243	164	320.0
1610769567.59	320000	2.333744	0.0	29387773	410	320.0
1610769567.99	320000	2.934251	0.0	17336677	237	320.0
1610769570.73	320000	1.2011	0.0	126296507	1569	320.0
1610769572.59	320000	1.262213	0.713	96707447	1329	91.84
1610769574.05	320000	1.379981	0.543	72904162	1003	146.24
1610769575.4	320000	1.120101	0.062	66993756	846	300.16
1610769577.17	320000	1.155169	0.811	92389329	1252	60.48000000000002
1610769578.55	320000	1.260575	0.4	70549633	947	192.0
1610769579.55	320000	1.300651	0.056	50094571	645	302.08
1610769581.44	320000	1.117034	0.7	124391138	1211	96.0
1610769596.01	320000	1.298907	13.474	139539685	13696	-3991.6800000000003
1610769598.84	320000	1.324922	1.491	44512381	2498	-157.12
1610769611.42	320000	1.363173	11.512	46257154	12282	-3363.84
1610769612.56	160000	1.335364	0.031	13009028	984	-9.919999999999987
1610769613.96	160000	1.449577	0.495	12791674	1266	1.5999999999999943
1610769615.03	160000	1.445375	0.073	11137898	948	136.64
1610769616.03	160000	1.451264	0.0	11485310	859	160.0
1610769617.32	160000	1.270346	0.11	12428518	1159	124.8
1610769618.39	160000	1.380741	0.183	9963766	950	101.44
1610769619.73	160000	1.293702	0.242	12189364	1189	82.56
1610769621.33	160000	1.307025	0.616	10142396	1478	-37.120000000000005
1610769622.48	160000	1.404335	0.251	10185488	1027	79.68
1610769623.15	110000	1.732614	0.0	9608563	539	60.0
1610769624.52	80000	1.39227	0.024	10250816	1223	42.31999999999999
1610769625.21	40000	1.705132	0.0	13308063	535	0.0
1610769625.68	40000	2.233346	0.0	11857920	323	40.0
1610769626.02	160000	2.896197	0.0	7891151	215	40.0
1610769626.63	160000	3.292428	0.0	21012466	411	160.0
1610769627.25	160000	3.666105	0.0	23519424	422	160.0
1610769628.19	320000	3.722695	0.0	43375920	650	160.0
1610769629.0	320000	3.915693	0.0	39748690	522	320.0
1610769629.67	320000	4.245317	0.0	32725949	427	320.0
1610769630.04	320000	4.878923	0.0	15673611	209	320.0
1610769630.5	320000	5.422355	0.0	20850595	268	320.0
1610769630.88	320000	6.040202	0.0	16458609	211	320.0
1610769631.12	320000	6.807669	0.0	8700077	111	320.0
1610769631.35	320000	7.577785	0.0	8292135	109	320.0
1610769631.85	320000	8.087967	0.0	22212109	297	320.0
1610769632.52	320000	8.433715	0.0	27931458	438	320.0
1610769638.37	320000	3.585207	0.0	28076035	5620	320.0
1610769639.39	320000	3.566757	0.0	34615012	760	320.0
1610769640.2	320000	3.753307	0.0	31574841	564	320.0
1610769640.88	320000	4.073273	0.0	28857310	449	320.0
1610769641.59	320000	4.362972	0.0	30799251	443	320.0
1610769642.19	320000	4.77115	0.0	29900862	350	320.0
1610769642.77	320000	5.191227	0.0	32431711	318	320.0
1610769643.33	320000	5.625685	0.0	32680833	315	320.0
1610769643.78	320000	6.180785	0.0	30468229	210	320.0
1610769644.26	320000	6.703138	0.0	31594806	218	320.0
1610769644.82	320000	7.143327	0.0	43158259	263	320.0
1610769645.5	320000	7.466397	0.0	53696400	328	320.0
1610769646.23	320000	7.732758	0.0	49804325	362	320.0
1610769646.96	320000	8.002166	0.0	56230532	346	320.0
1610769647.68	320000	8.289431	0.0	54033728	337	320.0
1610769648.22	320000	8.749881	0.0	40265492	251	320.0
1610769648.78	320000	9.188544	0.0	37527577	280	320.0
1610769649.36	320000	9.613479	0.0	38354537	290	320.0
1610769649.85	320000	10.115659	0.0	33905183	238	320.0
1610769650.41	320000	10.565515	0.0	37964644	267	320.0
1610769651.64	320000	10.333984	0.0	91609209	677	320.0
1610769652.12	320000	10.881809	0.0	30861098	241	320.0
1610769652.86	320000	11.288956	0.0	53161890	359	320.0
1610769653.5	320000	11.727844	0.0	49661559	298	320.0
1610769653.91	320000	12.403858	0.0	27673254	179	320.0
1610769654.33	320000	12.978786	0.0	29061600	186	320.0
1610769654.79	320000	13.744032	0.0	29596558	223	320.0
1610769655.25	320000	14.286312	0.0	29264466	223	320.0
1610769655.78	320000	14.759147	0.0	29949400	291	320.0
1610769656.33	320000	15.233963	0.0	30225692	309	320.0
1610769656.78	320000	15.808519	0.0	27528494	222	320.0
1610769657.27	320000	16.3169	0.0	28959567	234	320.0
1610769657.77	320000	16.824957	0.0	27200869	263	320.0
1610769658.42	320000	17.176734	0.0	37091406	374	320.0
1610769658.87	320000	17.726016	0.0	32442772	200	320.0
1610769659.38	320000	18.215647	0.0	38733768	237	320.0
1610769660.04	320000	18.557213	0.0	43207501	343	320.0
1610769660.64	320000	18.952763	0.0	39867273	316	320.0
1610769661.31	320000	19.282682	0.0	44687216	359	320.0
1610769661.99	320000	19.749405	0.0	37222510	394	320.0
1610769662.67	320000	20.173806	0.0	37697615	393	320.0
1610769662.94	320000	20.902032	0.0	13943369	116	320.0
1610769663.49	320000	21.359261	0.0	33909675	284	320.0
1610769663.96	320000	21.887651	0.0	25608467	261	320.0
1610769664.38	320000	22.470883	0.0	21666875	219	320.0
1610769665.09	320000	22.754641	0.0	29164819	485	320.0
1610769672.49	320000	16.364027	0.0	75257111	6908	320.0
1610769673.62	320000	16.233661	0.0	71035332	686	320.0
1610769674.1	320000	16.753032	0.0	27276036	260	320.0
1610769674.52	320000	17.335597	0.0	23233775	220	320.0
1610769674.88	320000	17.972897	0.0	21096285	171	320.0
1610769675.34	320000	18.515202	0.0	28685524	232	320.0
1610769676.14	320000	18.715361	0.0	43551422	481	320.0
1610769677.14	320000	18.71633	0.0	65057331	548	320.0
1610769677.76	320000	19.097901	0.0	41329817	324	320.0
1610769678.24	320000	19.619335	0.0	30837965	234	320.0
1610769678.79	320000	20.072612	0.0	33542198	294	320.0
1610769679.67	320000	20.192751	0.0	43188629	578	320.0
1610769680.36	320000	20.573078	0.0	38404993	399	320.0
1610769681.11	320000	20.938661	0.0	50554338	397	320.0
1610769681.87	320000	21.181014	0.0	52531967	381	320.0
1610769682.61	320000	21.439873	0.0	54618297	381	320.0
1610769683.4	320000	21.658135	0.0	54267260	416	320.0
1610769684.02	320000	22.034772	0.0	46984925	293	320.0
1610769684.69	320000	22.369982	0.0	52441959	302	320.0
1610769685.49	320000	22.570436	0.0	56222410	430	320.0
1610769686.02	320000	23.036145	0.0	37045146	250	320.0
1610769686.48	320000	23.57671	0.0	31316241	216	320.0
1610769687.27	320000	23.792238	0.0	54539886	414	320.0
1610769688.05	320000	24.071543	0.0	54290338	386	320.0
1610769688.73	320000	24.60094	0.0	50306079	322	320.0
1610769689.29	320000	25.04038	0.0	39311524	258	320.0
1610769689.94	320000	25.388726	0.0	45141551	300	320.0
1610769690.5	320000	25.906718	0.0	38678341	260	320.0
1610769691.14	320000	26.266017	0.0	48869677	306	320.0
1610769691.8	320000	26.604476	0.0	48742469	291	320.0
1610769692.4	320000	27.00045	0.0	31052651	364	320.0
1610769693.02	320000	27.383447	0.0	35159774	351	320.0
1610769693.6	320000	27.801684	0.0	34685385	318	320.0
1610769694.16	320000	28.245607	0.0	36845249	260	320.0
1610769694.78	320000	28.626679	0.0	44043502	312	320.0
1610769695.22	320000	29.183293	0.0	28911363	207	320.0
1610769695.71	320000	29.769528	0.0	31997411	231	320.0
1610769696.36	320000	30.216776	0.0	37860562	346	320.0
1610769696.94	320000	30.720048	0.0	34218681	307	320.0
1610769697.45	320000	31.208467	0.0	30315897	269	320.0
1610769698.05	320000	31.615017	0.0	38074030	320	320.0
1610769698.56	320000	32.101557	0.0	31856580	267	320.0
1610769699.23	320000	32.440775	0.0	40986530	366	320.0
1610769699.94	320000	32.729581	0.0	43161948	399	320.0
1610769700.65	320000	33.018487	0.0	39216469	425	320.0
1610769701.23	320000	33.437549	0.0	32708889	326	320.0
1610769701.56	320000	34.107202	0.0	16257756	161	320.0
1610769701.86	320000	34.810509	0.0	16440860	128	320.0
1610769702.09	320000	35.581235	0.0	12523766	88	320.0
1610769702.46	320000	36.221416	0.0	22159647	159	320.0
1610769702.76	320000	37.020715	0.0	17516376	123	320.0
1610769702.9	320000	37.884018	0.0	5119060	27	320.0
1610769703.01	320000	38.767674	0.0	3788776	20	320.0
1610769703.1	320000	39.678227	0.0	3041389	17	320.0
1610769703.16	320000	40.624604	0.0	640071	3	320.0
1610769703.23	320000	41.556398	0.0	3111318	16	320.0
1610769703.66	60000	1.000999	0.054	377897	1	-17.28
1610769704.02	320000	1.94519	0.0	14912671	109	60.0
1610769704.47	320000	2.494386	0.0	24265636	174	320.0
1610769704.83	320000	3.132769	0.0	22711544	169	320.0
1610769705.2	320000	3.766073	0.0	19639705	179	320.0
1610769705.6	320000	4.435421	0.0	20946809	192	320.0
1610769705.86	320000	5.1786	0.0	11895609	120	320.0
1610769706.05	320000	5.991492	0.0	7597636	78	320.0
1610769707.22	320000	5.920895	0.0	56067905	580	320.0
1610769711.01	320000	3.183148	0.0	46062054	3454	320.0
1610769715.77	320000	1.291701	1.874	60496562	4395	-279.67999999999995
1610769718.93	110000	1.387518	2.279	33588177	2916	-829.28
1610769721.05	110000	1.416015	1.147	25684661	1922	-257.04
1610769722.05	110000	1.419212	0.0	10838546	865	110.0
1610769723.14	110000	1.328494	0.0	12783186	940	110.0
1610769724.23	110000	1.316618	0.081	13101938	958	84.08
1610769724.72	110000	1.824818	0.0	5268213	388	110.0
1610769725.57	110000	1.975767	0.0	9838179	720	110.0
1610769726.16	110000	2.396563	0.0	6126794	467	110.0
1610769728.3	110000	1.401371	0.149	26576979	1936	62.32
1610769729.93	110000	1.300876	0.526	19285617	1458	-58.31999999999999
1610769731.12	110000	1.327578	0.22	14817542	1041	39.599999999999994
1610769732.55	110000	1.298717	0.401	17002609	1268	-18.319999999999993
1610769733.81	80000	1.450736	0.414	14862949	1113	-82.47999999999999
1610769734.69	80000	1.572545	0.0	10513690	744	80.0
1610769735.33	60000	1.945368	0.0	6391364	512	40.0
