1607472004.48	40000	1.000999	0.015	334476	4	-2.3999999999999986
1607472004.84	160000	1.937963	0.0	14912671	182	40.0
1607472005.34	160000	2.523657	0.0	24265636	296	160.0
1607472006.0	160000	2.86854	0.0	22711544	515	160.0
1607472006.47	160000	3.419861	0.0	19639705	343	160.0
1607472006.84	160000	4.055	0.0	20946809	236	160.0
1607472007.05	160000	4.89419	0.0	11895609	134	160.0
1607472007.19	160000	5.748782	0.0	7597636	84	160.0
1607472008.3	160000	5.687385	0.0	56067905	613	160.0
1607472009.01	160000	6.002956	0.0	45444680	456	160.0
1607472009.85	160000	6.195521	0.0	54798068	530	160.0
1607472011.01	160000	6.043497	0.0	69464107	671	160.0
1607472011.8	160000	6.258227	0.0	50637608	485	160.0
1607472012.12	160000	6.92928	0.0	19559369	209	160.0
1607472012.49	160000	7.56395	0.0	22224402	237	160.0
1607472012.81	160000	8.239108	0.0	22578365	197	160.0
1607472012.94	160000	9.114725	0.0	8346702	71	160.0
1607472013.17	160000	9.880239	0.0	15775481	135	160.0
1607472013.31	160000	10.741272	0.0	9163235	79	160.0
1607472013.96	160000	11.097158	0.0	41307095	418	160.0
1607472014.49	160000	11.564292	0.0	28763893	353	160.0
1607472014.81	160000	12.245211	0.0	21266416	195	160.0
1607472015.18	160000	12.879737	0.0	23702229	202	160.0
1607472015.59	160000	13.473404	0.0	27580394	243	160.0
1607472015.88	160000	14.18571	0.0	20329780	151	160.0
1607472016.1	160000	14.966544	0.0	16109183	121	160.0
1607472016.88	160000	15.208203	0.0	58830800	441	160.0
1607472017.72	160000	15.397013	0.0	66935122	465	160.0
1607472018.01	160000	16.107729	0.0	15251076	197	160.0
1607472018.33	160000	16.792568	0.0	16574034	213	160.0
1607472018.59	160000	17.536076	0.0	13009028	168	160.0
1607472018.78	160000	18.337997	0.0	12791674	119	160.0
1607472018.96	160000	19.167582	0.0	11137898	103	160.0
1607472019.14	160000	19.989975	0.0	11485310	105	160.0
1607472019.32	160000	20.801765	0.0	12428518	116	160.0
1607472019.48	160000	21.645428	0.0	9963766	93	160.0
1607472019.68	160000	22.452565	0.0	12189364	122	160.0
1607472019.85	160000	23.278605	0.0	10142396	115	160.0
1607472020.03	160000	24.097624	0.0	10185488	114	160.0
1607472020.27	160000	24.859242	0.0	14061455	158	160.0
1607472020.62	160000	25.516236	0.0	20074099	227	160.0
1607472021.54	160000	25.596277	0.0	46115254	662	160.0
1607472022.25	160000	25.884653	0.0	40906522	471	160.0
1607472022.39	160000	26.741874	0.0	7891151	90	160.0
1607472022.75	160000	27.387495	0.0	21012466	232	160.0
1607472023.12	160000	28.021739	0.0	23519424	235	160.0
1607472023.41	160000	28.727461	0.0	18715420	184	160.0
1607472023.68	160000	29.456178	0.0	17000816	167	160.0
1607472023.97	160000	30.173031	0.0	14448126	194	160.0
1607472024.11	160000	31.031635	0.0	6958676	93	160.0
1607472024.29	160000	31.853251	0.0	9088791	122	160.0
1607472024.43	160000	32.708842	0.0	7211881	97	160.0
1607472024.5	160000	33.643073	0.0	3063586	41	160.0
1607472024.57	160000	34.583226	0.0	2782179	37	160.0
1607472024.75	160000	35.391953	0.0	9958410	122	160.0
1607472024.98	160000	36.163225	0.0	12158708	152	160.0
1607472025.21	160000	36.933352	0.0	12300216	153	160.0
1607472025.5	160000	37.644114	0.0	15815684	198	160.0
1607472025.73	160000	38.418662	0.0	13526256	147	160.0
1607472025.92	160000	39.238719	0.0	11995130	111	160.0
1607472026.13	160000	40.026235	0.0	13394791	123	160.0
1607472026.34	160000	40.813388	0.0	14135828	131	160.0
1607472026.57	160000	41.585423	0.0	15366126	142	160.0
1607472026.81	160000	42.357787	0.0	14248439	146	160.0
1607472027.04	160000	43.118227	0.0	13843717	147	160.0
1607472027.28	160000	43.872775	0.0	14665119	155	160.0
1607472027.63	160000	44.528408	0.0	21079187	222	160.0
1607472028.07	160000	45.097021	0.0	25480074	290	160.0
1607472028.47	160000	45.688133	0.0	23021754	263	160.0
1607472029.01	160000	46.173092	0.0	27527834	361	160.0
1607472029.54	160000	46.621962	0.0	26155848	372	160.0
1607472030.0	160000	47.158685	0.0	17849379	354	160.0
1607472030.46	160000	47.700919	0.0	16546531	360	160.0
1607472030.84	160000	48.327312	0.0	17718949	260	160.0
1607472031.11	160000	49.054379	0.0	17337137	156	160.0
1607472031.42	160000	49.750318	0.0	20008245	179	160.0
1607472032.22	160000	49.950625	0.0	58430914	461	160.0
1607472032.45	160000	50.718715	0.0	16292703	116	160.0
1607472032.78	160000	51.38789	0.0	25587422	183	160.0
1607472033.13	160000	52.041476	0.0	23982306	203	160.0
1607472033.32	160000	52.849667	0.0	13347845	113	160.0
1607472033.53	160000	53.645862	0.0	14337991	121	160.0
1607472033.75	160000	54.425454	0.0	14584990	137	160.0
1607472034.14	160000	55.031864	0.0	13962401	304	160.0
1607472034.54	160000	55.640866	0.0	14393788	313	160.0
1607472034.73	60000	56.451477	0.0	5390156	145	-40.0
1607472035.09	60000	57.085737	0.0	4721651	321	60.0
1607472035.44	60000	57.737142	0.0	4637025	314	60.0
1607472036.8	80000	57.38108	0.0	6270064	1307	60.0
1607472037.76	160000	57.426866	0.0	19025846	841	80.0
1607472038.02	160000	58.164867	0.0	19295426	144	160.0
1607472038.27	160000	58.917631	0.0	18261873	135	160.0
1607472038.54	160000	59.65658	0.0	19847604	146	160.0
1607472039.79	160000	59.541601	0.0	18767181	140	160.0
1607472040.68	160000	59.542622	0.0	22420858	258	160.0
1607472041.52	160000	59.793699	0.0	19324333	230	160.0
1607472042.86	160000	59.544686	0.0	20392234	217	160.0
1607472043.51	160000	59.795656	0.0	7671072	102	160.0
1607472044.84	160000	59.546747	0.0	17781906	227	160.0
1607472045.56	160000	59.79768	0.0	12839336	144	160.0
1607472046.67	80000	59.548786	0.0	5347529	59	0.0
1607472047.33	80000	59.867873	0.0	6979884	610	80.0
1607472049.02	80000	59.174172	0.0	22955881	1567	80.0
1607472050.22	160000	58.978611	0.0	37238410	985	80.0
1607472050.61	160000	59.595012	0.0	14347759	296	160.0
1607472051.87	160000	59.553787	0.0	11399187	192	160.0
1607472052.54	160000	59.804729	0.0	10358641	107	160.0
1607472053.77	160000	59.555657	0.0	14315696	144	160.0
1607472054.62	160000	59.790384	0.0	23283631	221	160.0
1607472055.69	160000	59.557739	0.0	37521367	346	160.0
1607472056.67	160000	59.558745	0.0	22241104	349	160.0
1607472057.57	80000	59.809663	0.0	8326048	344	0.0
1607472058.94	160000	59.264222	0.0	17116450	1268	80.0
1607472059.36	160000	59.848309	0.0	18867054	306	160.0
1607472060.75	160000	59.562835	0.0	17393609	282	160.0
1607472061.21	160000	59.994648	0.0	24759401	309	160.0
1607472062.68	160000	59.564737	0.0	25782433	324	160.0
1607472063.62	160000	59.815761	0.0	25885372	276	160.0
1607472064.68	20000	59.566671	0.0	2998622	30	-120.0
1607472079.22	20000	45.995466	0.0	2928342	14503	20.0
1607472080.25	160000	45.959453	0.0	25470681	889	20.0
1607472081.44	110000	45.771536	0.0	18638649	1063	60.0
1607472082.94	160000	45.272726	0.0	17853711	1391	110.0
1607472083.61	160000	45.60131	0.0	14829893	585	160.0
1607472084.3	80000	45.915601	0.0	13578682	605	0.0
1607472085.96	80000	45.257751	0.0	13658286	1573	80.0
1607472093.77	20000	38.445778	0.0	3002106	7777	-40.0
1607472094.28	160000	38.948541	0.0	19596259	382	20.0
1607472094.86	160000	39.355745	0.0	23774167	452	160.0
1607472095.2	80000	40.023776	0.0	9408461	273	0.0
1607472096.21	80000	40.010405	0.0	12195097	943	80.0
1607472097.56	160000	39.665028	0.0	24493733	1207	80.0
1607472098.05	160000	40.178257	0.0	14528511	407	160.0
1607472098.61	160000	40.611021	0.0	16841176	467	160.0
1607472099.18	160000	41.048671	0.0	16743604	455	160.0
1607472099.76	160000	41.47191	0.0	17975224	470	160.0
1607472100.48	160000	41.74971	0.0	22329548	595	160.0
1607472101.01	160000	42.215791	0.0	16001583	436	160.0
1607472101.61	160000	42.623086	0.0	18238584	478	160.0
1607472102.28	160000	42.950224	0.0	21308824	555	160.0
1607472102.85	160000	43.380053	0.0	17749058	459	160.0
1607472103.31	160000	43.925171	0.0	14127787	375	160.0
1607472103.89	160000	44.342134	0.0	17525699	483	160.0
1607472104.33	160000	44.901444	0.0	14240042	362	160.0
1607472104.94	160000	45.300272	0.0	20324139	483	160.0
1607472105.59	160000	45.649502	0.0	21993033	523	160.0
1607472106.15	160000	46.090239	0.0	18863108	449	160.0
1607472106.62	160000	46.618752	0.0	15964734	372	160.0
1607472106.86	160000	47.375117	0.0	8284939	193	160.0
1607472107.13	160000	48.10873	0.0	9004706	210	160.0
1607472107.33	160000	48.916786	0.0	6955279	139	160.0
1607472107.62	160000	49.627887	0.0	10701639	223	160.0
1607472107.87	160000	50.372283	0.0	9459459	198	160.0
1607472107.97	160000	51.277367	0.0	3212828	67	160.0
1607472108.04	160000	52.201046	0.0	2509989	51	160.0
1607472108.11	160000	53.139663	0.0	2004927	42	160.0
1607472108.13	160000	54.114577	0.0	591360	10	160.0
1607472108.2	160000	55.482893	0.0	2394426	43	160.0
1607472108.52	40000	1.000999	0.026	337339	6	-4.159999999999997
1607472108.97	160000	1.947363	0.0	14912671	271	40.0
1607472109.58	160000	2.332141	0.0	24265636	389	160.0
1607472110.08	160000	2.837121	0.0	22711544	346	160.0
1607472110.46	160000	3.485884	0.0	19639705	253	160.0
1607472110.84	160000	4.138684	0.0	20946809	265	160.0
1607472111.08	160000	4.932506	0.0	11895609	150	160.0
1607472111.22	160000	5.793132	0.0	7597636	91	160.0
1607472112.36	160000	5.733446	0.0	56067905	640	160.0
1607472113.07	160000	6.048777	0.0	45444680	454	160.0
1607472114.23	160000	5.922725	0.0	54798068	837	160.0
1607472115.37	160000	5.789209	0.0	69464107	666	160.0
1607472116.03	160000	6.124743	0.0	50637608	379	160.0
1607472116.31	160000	6.844249	0.0	19559369	164	160.0
1607472116.7	160000	7.456859	0.0	22224402	258	160.0
1607472117.1	160000	8.058411	0.0	22578365	262	160.0
1607472117.25	160000	8.906161	0.0	8346702	84	160.0
1607472117.51	160000	9.643377	0.0	15775481	163	160.0
1607472117.67	160000	10.489069	0.0	9163235	95	160.0
1607472118.34	160000	10.822887	0.0	41307095	425	160.0
1607472118.76	160000	11.395524	0.0	28763893	252	160.0
1607472119.07	160000	12.088205	0.0	21266416	186	160.0
1607472119.44	160000	12.72194	0.0	23702229	214	160.0
1607472119.86	160000	13.307495	0.0	27580394	256	160.0
1607472120.19	160000	13.97012	0.0	20329780	192	160.0
1607472120.48	160000	14.686765	0.0	16109183	186	160.0
1607472121.51	160000	14.686161	0.0	58830800	679	160.0
1607472122.61	160000	14.586849	0.0	66935122	743	160.0
