1610825794.99	60000	1.000999	0.017	336477	4	-5.439999999999998
1610825795.43	320000	1.919811	0.0	14912671	195	60.0
1610825796.23	320000	2.14323	0.0	24265636	497	320.0
1610825797.56	320000	1.892797	0.0	22711544	1114	320.0
1610825799.37	320000	1.298177	0.17	19639705	1625	265.6
1610825800.87	320000	1.287013	0.465	20946809	1318	171.2
1610825801.41	320000	1.750556	0.0	11895609	384	320.0
1610825801.7	320000	2.467245	0.0	7597636	160	320.0
1610825803.24	320000	1.924401	0.0	56067905	972	320.0
1610825804.21	320000	1.949601	0.0	46062054	634	320.0
1610825805.55	320000	1.615122	0.0	60496562	793	320.0
1610825807.59	320000	1.247982	0.454	90475604	1244	174.72
1610825809.46	320000	1.472681	1.093	94557637	1318	-29.75999999999999
1610825810.3	320000	1.766924	0.0	48403531	449	320.0
1610825811.31	320000	1.94009	0.0	63326685	544	320.0
1610825812.34	320000	1.910093	0.0	66782145	554	320.0
1610825812.6	320000	2.656505	0.0	13212243	108	320.0
1610825813.05	320000	3.208653	0.0	29387773	214	320.0
1610825813.34	320000	3.913675	0.0	17336677	125	320.0
1610825815.23	320000	3.141512	0.0	126296507	882	320.0
1610825816.67	320000	2.701242	0.0	96707447	839	320.0
1610825818.0	320000	2.611708	0.0	72904162	813	320.0
1610825819.13	320000	2.833572	0.0	66993756	645	320.0
1610825820.69	320000	2.354442	0.0	92389329	911	320.0
1610825821.74	320000	2.305734	0.0	70549633	558	320.0
1610825822.46	320000	2.643129	0.0	50094571	355	320.0
1610825824.24	320000	2.12377	0.0	124391138	932	320.0
1610825826.88	320000	1.050796	0.249	139539685	1610	240.32
1610825827.57	320000	1.648174	0.0	44512381	305	320.0
1610825828.3	320000	2.221315	0.0	46257154	364	320.0
1610825828.87	320000	2.786451	0.0	34846600	292	320.0
1610825829.47	320000	3.267309	0.0	33828007	343	320.0
1610825830.03	320000	3.850116	0.0	30396599	297	320.0
1610825830.56	320000	4.389913	0.0	30979822	288	320.0
1610825831.33	320000	4.716001	0.0	33204608	511	320.0
1610825832.26	320000	4.785161	0.0	23618590	722	320.0
1610825834.62	320000	3.433777	0.0	27475995	2122	320.0
1610825836.1	320000	2.951173	0.0	26460007	1268	320.0
1610825836.61	320000	3.437928	0.0	26763657	289	320.0
1610825837.15	320000	3.897009	0.0	33826873	277	320.0
1610825837.78	320000	4.272094	0.0	41214174	326	320.0
1610825839.19	320000	3.867858	0.0	83204731	816	320.0
1610825841.02	320000	3.03609	0.0	75539257	1341	320.0
1610825841.73	320000	3.328407	0.0	16577177	537	320.0
1610825843.74	320000	2.403886	0.0	39814357	1716	320.0
1610825845.62	320000	1.532658	0.0	50277186	1522	320.0
1610825846.36	320000	1.794475	0.0	43375920	418	320.0
1610825847.02	320000	2.246946	0.0	39748690	342	320.0
1610825847.57	320000	2.694651	0.0	32725949	295	320.0
1610825847.87	320000	3.396203	0.0	15673611	141	320.0
1610825848.27	320000	4.024753	0.0	20850595	190	320.0
1610825848.59	320000	4.726525	0.0	16458609	155	320.0
1610825848.8	320000	5.519715	0.0	8700077	81	320.0
1610825848.99	320000	6.329484	0.0	8292135	65	320.0
1610825849.37	320000	6.956195	0.0	22212109	177	320.0
1610825849.83	320000	7.500999	0.0	27931458	223	320.0
1610825850.28	320000	8.04495	0.0	28076035	222	320.0
1610825850.82	320000	8.513559	0.0	34615012	277	320.0
1610825851.3	320000	9.028563	0.0	31574841	229	320.0
1610825851.74	320000	9.589953	0.0	28857310	210	320.0
1610825852.28	320000	10.043298	0.0	30799251	285	320.0
1610825852.82	320000	10.513698	0.0	29900862	294	320.0
1610825853.32	320000	11.01297	0.0	32431711	244	320.0
1610825853.81	320000	11.516953	0.0	32680833	248	320.0
1610825854.27	320000	12.063813	0.0	30468229	219	320.0
1610825854.76	320000	12.57707	0.0	31594806	228	320.0
1610825855.36	320000	12.975234	0.0	43158259	297	320.0
1610825856.08	320000	13.256344	0.0	53696400	365	320.0
1610825856.82	320000	13.519652	0.0	49804325	358	320.0
1610825857.65	320000	13.690223	0.0	56230532	458	320.0
1610825858.52	320000	13.822118	0.0	54033728	510	320.0
1610825859.21	320000	14.124825	0.0	40265492	390	320.0
1610825859.8	320000	14.537632	0.0	37527577	307	320.0
1610825860.37	320000	14.966282	0.0	38354537	294	320.0
1610825860.89	320000	15.454779	0.0	33905183	253	320.0
1610825861.43	320000	15.91096	0.0	37964644	250	320.0
1610825862.58	320000	15.759474	0.0	91609209	602	320.0
1610825863.03	320000	16.312027	0.0	30861098	205	320.0
1610825863.77	320000	16.576555	0.0	53161890	365	320.0
1610825864.45	320000	16.892018	0.0	49661559	345	320.0
1610825864.87	320000	17.476156	0.0	27673254	193	320.0
1610825865.61	320000	17.743739	0.0	29061600	491	320.0
1610825867.42	320000	16.925784	0.0	29596558	1559	320.0
1610825868.34	320000	17.068024	0.0	29264466	662	320.0
1610825868.86	320000	17.606655	0.0	29949400	264	320.0
1610825869.32	320000	18.212635	0.0	30225692	218	320.0
1610825869.74	320000	18.852085	0.0	27528494	189	320.0
1610825870.23	320000	19.403578	0.0	28959567	217	320.0
1610825870.73	320000	20.044562	0.0	27200869	258	320.0
1610825871.35	320000	20.452863	0.0	37091406	333	320.0
1610825871.87	320000	20.979705	0.0	32442772	276	320.0
1610825872.53	320000	21.354478	0.0	38733768	369	320.0
1610825873.25	320000	21.652994	0.0	43207501	417	320.0
1610825873.94	320000	21.964529	0.0	39867273	397	320.0
1610825874.68	320000	22.231518	0.0	44687216	412	320.0
1610825875.31	320000	22.603733	0.0	37222510	350	320.0
1610825875.96	320000	22.947523	0.0	37697615	381	320.0
1610825876.26	320000	23.655604	0.0	13943369	140	320.0
1610825876.86	320000	24.049627	0.0	33909675	350	320.0
1610825877.36	320000	24.550305	0.0	25608467	275	320.0
1610825877.8	320000	25.116881	0.0	21666875	238	320.0
1610825878.36	320000	25.680451	0.0	29164819	317	320.0
1610825879.69	320000	25.418657	0.0	75257111	847	320.0
1610825881.05	320000	25.062168	0.0	71035332	897	320.0
1610825881.77	320000	25.342086	0.0	27276036	494	320.0
1610825882.36	320000	25.758051	0.0	23233775	389	320.0
1610825882.87	320000	26.244447	0.0	21096285	325	320.0
1610825883.43	320000	26.690464	0.0	28685524	289	320.0
1610825884.11	320000	27.007648	0.0	43551422	379	320.0
1610825884.97	320000	27.148752	0.0	65057331	394	320.0
1610825885.5	320000	27.618929	0.0	41329817	239	320.0
1610825885.93	320000	28.19055	0.0	30837965	180	320.0
1610825886.56	320000	28.559825	0.0	33542198	371	320.0
1610825887.39	320000	28.726973	0.0	43188629	528	320.0
1610825888.0	320000	29.124993	0.0	38404993	309	320.0
1610825888.79	320000	29.3388	0.0	50554338	445	320.0
1610825889.6	320000	29.527911	0.0	52531967	390	320.0
1610825890.3	320000	29.821209	0.0	54618297	329	320.0
1610825891.16	320000	29.966132	0.0	54267260	468	320.0
1610825891.97	320000	30.159465	0.0	46984925	468	320.0
1610825893.27	320000	29.866081	0.0	52441959	940	320.0
1610825896.28	320000	27.849164	0.0	56222410	2609	320.0
1610825898.48	320000	26.80399	0.0	37045146	1891	320.0
1610825898.99	320000	27.288558	0.0	31316241	265	320.0
1610825899.73	320000	27.54948	0.0	54539886	361	320.0
1610825900.48	320000	27.799607	0.0	54290338	336	320.0
1610825901.16	320000	28.128711	0.0	50306079	307	320.0
1610825901.77	320000	28.520792	0.0	39311524	310	320.0
1610825902.47	320000	28.821014	0.0	45141551	356	320.0
1610825903.04	320000	29.24552	0.0	38678341	300	320.0
1610825903.69	320000	29.599033	0.0	48869677	323	320.0
1610825904.38	320000	29.946911	0.0	48742469	311	320.0
1610825904.79	320000	30.743206	0.0	31052651	164	320.0
1610825905.24	320000	31.295685	0.0	35159774	180	320.0
1610825905.73	320000	31.810261	0.0	34685385	211	320.0
1610825906.26	320000	32.281988	0.0	36845249	221	320.0
1610825906.81	320000	32.844299	0.0	44043502	226	320.0
1610825907.19	320000	33.462253	0.0	28911363	148	320.0
1610825907.81	320000	33.848492	0.0	31997411	344	320.0
1610825908.47	320000	34.183061	0.0	37860562	364	320.0
1610825908.92	320000	34.730986	0.0	34218681	186	320.0
1610825909.32	320000	35.333609	0.0	30315897	163	320.0
1610825909.81	320000	35.848656	0.0	38074030	190	320.0
1610825910.22	320000	36.442659	0.0	31856580	160	320.0
1610825910.73	320000	36.929103	0.0	40986530	213	320.0
1610825911.27	320000	37.390387	0.0	43161948	221	320.0
1610825911.79	320000	37.949778	0.0	39216469	214	320.0
1610825912.23	320000	38.560858	0.0	32708889	178	320.0
1610825912.54	320000	39.302868	0.0	16257756	139	320.0
1610825912.85	320000	39.997616	0.0	16440860	137	320.0
1610825913.09	320000	40.753034	0.0	12523766	104	320.0
1610825913.5	320000	41.341739	0.0	22159647	209	320.0
1610825913.86	320000	41.982506	0.0	17516376	182	320.0
1610825914.02	320000	42.825482	0.0	5119060	53	320.0
1610825914.15	320000	43.694498	0.0	3788776	39	320.0
1610825914.26	320000	44.589817	0.0	3041389	32	320.0
1610825914.32	320000	45.533273	0.0	640071	5	320.0
1610825914.4	320000	46.453363	0.0	3111318	27	320.0
1610825914.78	60000	1.000999	0.094	377897	2	-30.08
1610825915.13	320000	2.001999	0.0	14912671	119	60.0
1610825915.61	320000	2.592384	0.0	24265636	196	320.0
1610825916.02	320000	3.187233	0.0	22711544	184	320.0
1610825916.37	320000	3.840418	0.0	19639705	159	320.0
1610825916.88	320000	4.363781	0.0	20946809	320	320.0
1610825917.21	320000	5.034221	0.0	11895609	191	320.0
1610825917.87	320000	5.407711	0.0	7597636	552	320.0
1610825920.4	320000	3.981109	0.0	56067905	1899	320.0
1610825921.8	320000	3.575461	0.0	46062054	1069	320.0
1610825926.74	320000	1.280248	1.652	60496562	4569	-208.64
1610825930.53	110000	1.378758	2.947	33588177	3544	-1043.04
1610825931.5	110000	1.464192	0.053	25684661	747	93.03999999999999
1610825932.26	160000	1.706868	0.0	19559369	564	110.0
1610825932.76	160000	2.20414	0.0	22224402	308	160.0
1610825933.3	160000	2.677399	0.0	22578365	305	160.0
1610825933.6	320000	3.37362	0.0	13212243	152	160.0
1610825934.19	320000	3.777495	0.0	29387773	341	320.0
1610825934.57	320000	4.403606	0.0	17336677	203	320.0
1610825937.36	320000	2.615245	0.0	126296507	1428	320.0
1610825939.05	320000	1.923571	0.0	96707447	1064	320.0
1610825940.38	320000	2.061942	0.0	72904162	825	320.0
1610825941.49	320000	2.108856	0.0	66993756	662	320.0
1610825942.96	320000	1.705364	0.0	92389329	844	320.0
1610825944.78	320000	1.330074	0.183	70549633	1300	261.44
1610825945.6	320000	1.510342	0.0	50094571	450	320.0
1610825947.45	320000	1.004384	0.08	124391138	1119	294.4
