1610766297.19	60000	1.000999	0.015	336477	3	-4.799999999999997
1610766297.48	80000	2.001999	0.0	14912671	121	60.0
1610766297.82	60000	2.752874	0.0	20421673	168	40.0
1610766298.0	60000	3.568779	0.0	13063186	108	60.0
1610766298.14	60000	4.426445	0.0	8954217	74	60.0
1610766298.25	60000	5.317931	0.0	7325507	61	60.0
1610766298.35	80000	6.21846	0.0	6232523	52	60.0
1610766298.44	80000	7.132773	0.0	5425476	45	80.0
1610766298.92	80000	7.653038	0.0	29583867	253	80.0
1610766299.21	80000	8.439634	0.0	15816325	169	80.0
1610766299.46	80000	9.189861	0.0	15275967	165	80.0
1610766300.02	110000	9.733824	0.0	33588177	360	80.0
1610766300.37	110000	10.39712	0.0	25684661	194	110.0
1610766300.53	110000	11.243471	0.0	10838546	82	110.0
1610766300.7	110000	12.074754	0.0	12783186	96	110.0
1610766300.89	110000	12.912222	0.0	13101938	102	110.0
1610766300.97	110000	13.828168	0.0	5268213	46	110.0
1610766301.22	160000	14.579806	0.0	15775481	148	110.0
1610766301.36	160000	15.439662	0.0	9163235	87	160.0
1610766302.05	160000	15.7713	0.0	41307095	387	160.0
1610766302.42	160000	16.407364	0.0	28763893	209	160.0
1610766302.7	160000	17.120113	0.0	21266416	155	160.0
1610766303.01	160000	17.815171	0.0	23702229	170	160.0
1610766303.37	160000	18.453953	0.0	27580394	215	160.0
1610766304.47	320000	18.357885	0.0	70549633	585	160.0
1610766307.34	320000	16.486137	0.0	50094571	2595	320.0
1610766308.57	160000	16.260479	0.0	58830800	901	0.0
1610766309.93	160000	15.900362	0.0	66935122	994	160.0
1610766310.27	160000	16.567466	0.0	15251076	242	160.0
1610766310.63	160000	17.201038	0.0	16574034	265	160.0
1610766310.92	160000	17.917665	0.0	13009028	208	160.0
1610766311.18	160000	18.65115	0.0	12791674	194	160.0
1610766311.42	160000	19.416972	0.0	11137898	166	160.0
1610766311.66	160000	20.177549	0.0	11485310	171	160.0
1610766311.92	160000	20.922911	0.0	12428518	185	160.0
1610766312.12	160000	21.717288	0.0	9963766	144	160.0
1610766312.36	160000	22.476761	0.0	12189364	172	160.0
1610766312.9	320000	22.941417	0.0	26460007	373	160.0
1610766313.36	320000	23.483859	0.0	26763657	316	320.0
1610766313.93	320000	23.91453	0.0	33826873	376	320.0
1610766314.64	320000	24.201717	0.0	41214174	479	320.0
1610766316.29	320000	23.555144	0.0	83204731	1076	320.0
1610766317.28	320000	23.562258	0.0	75539257	567	320.0
1610766317.53	320000	24.319195	0.0	16577177	126	320.0
1610766318.04	320000	24.810068	0.0	39814357	297	320.0
1610766318.88	320000	24.969078	0.0	50277186	551	320.0
1610766319.58	320000	25.274668	0.0	43375920	420	320.0
1610766320.15	320000	25.703917	0.0	39748690	366	320.0
1610766320.62	320000	26.228226	0.0	32725949	289	320.0
1610766320.85	320000	27.002397	0.0	15673611	138	320.0
1610766321.16	320000	27.693875	0.0	20850595	184	320.0
1610766321.39	320000	28.468242	0.0	16458609	124	320.0
1610766321.52	320000	29.335562	0.0	8700077	65	320.0
1610766321.64	320000	30.218612	0.0	8292135	63	320.0
1610766321.93	320000	30.925554	0.0	22212109	167	320.0
1610766322.32	320000	31.596982	0.0	27931458	233	320.0
1610766322.75	320000	32.171143	0.0	28076035	257	320.0
1610766323.27	320000	32.647567	0.0	34615012	316	320.0
1610766323.74	320000	33.177471	0.0	31574841	284	320.0
1610766324.18	320000	33.757355	0.0	28857310	260	320.0
1610766324.69	320000	34.235017	0.0	30799251	323	320.0
1610766325.18	320000	34.741328	0.0	29900862	320	320.0
1610766325.67	320000	35.261358	0.0	32431711	273	320.0
1610766326.12	320000	35.811832	0.0	32680833	274	320.0
1610766326.6	320000	36.331848	0.0	30468229	289	320.0
1610766327.09	320000	36.843068	0.0	31594806	299	320.0
1610766327.77	320000	37.164399	0.0	43158259	414	320.0
1610766328.61	320000	37.327581	0.0	53696400	544	320.0
1610766329.44	320000	37.501926	0.0	49804325	533	320.0
1610766330.35	320000	37.585022	0.0	56230532	595	320.0
1610766331.34	320000	37.596058	0.0	54033728	694	320.0
1610766332.09	320000	37.84137	0.0	40265492	505	320.0
1610766332.81	320000	38.127084	0.0	37527577	508	320.0
1610766333.46	320000	38.473436	0.0	38354537	437	320.0
1610766333.92	320000	39.013971	0.0	33905183	281	320.0
1610766334.44	320000	39.496511	0.0	37964644	297	320.0
1610766335.74	320000	39.201078	0.0	91609209	650	320.0
1610766336.26	320000	39.684396	0.0	30861098	314	320.0
1610766337.18	320000	39.765788	0.0	53161890	628	320.0
1610766338.07	320000	39.877735	0.0	49661559	589	320.0
1610766338.6	320000	40.347892	0.0	27673254	377	320.0
1610766339.17	320000	40.811866	0.0	29061600	402	320.0
1610766339.59	320000	41.424956	0.0	29596558	250	320.0
1610766340.02	320000	42.04903	0.0	29264466	246	320.0
1610766340.8	320000	42.356173	0.0	29949400	610	320.0
1610766343.1	320000	41.048539	0.0	30225692	2113	320.0
1610766343.48	160000	41.672564	0.0	13409715	287	0.0
1610766343.7	110000	42.457544	0.0	9004051	155	60.0
1610766343.91	110000	43.24927	0.0	8764764	150	110.0
1610766344.21	110000	44.036537	0.0	13175394	226	110.0
1610766344.55	110000	44.702427	0.0	14191823	249	110.0
1610766344.83	110000	45.414759	0.0	12316520	216	110.0
1610766345.15	110000	46.102303	0.0	13245175	231	110.0
1610766345.42	110000	46.857259	0.0	12490444	195	110.0
1610766345.74	110000	47.539443	0.0	15265366	231	110.0
1610766346.02	110000	48.25806	0.0	13365138	203	110.0
1610766346.45	160000	48.827158	0.0	20392234	300	110.0
1610766346.61	160000	49.66842	0.0	7671072	109	160.0
1610766346.98	160000	50.303834	0.0	17781906	252	160.0
1610766347.24	160000	51.041881	0.0	12839336	183	160.0
1610766347.42	160000	51.862679	0.0	10779770	114	160.0
1610766347.65	160000	52.629618	0.0	14606687	154	160.0
1610766348.32	160000	52.961184	0.0	41866951	443	160.0
1610766349.6	320000	52.691595	0.0	71035332	886	160.0
1610766350.01	320000	53.276681	0.0	27276036	267	320.0
1610766350.39	320000	53.900114	0.0	23233775	228	320.0
1610766350.72	320000	54.573139	0.0	21096285	210	320.0
1610766351.16	320000	55.126758	0.0	28685524	286	320.0
1610766354.42	320000	52.869024	0.0	43551422	2983	320.0
1610766355.99	160000	52.304968	0.0	37521367	1347	0.0
1610766356.39	110000	52.903569	0.0	16060560	296	60.0
1610766356.58	110000	53.71338	0.0	11168326	123	110.0
1610766356.79	110000	54.509175	0.0	12064050	134	110.0
1610766356.99	110000	55.304654	0.0	12122131	134	110.0
1610766357.19	110000	56.107844	0.0	10969714	121	110.0
1610766357.67	110000	56.629892	0.0	16960361	381	110.0
1610766358.3	110000	57.000904	0.0	17875878	519	110.0
1610766359.47	110000	56.833552	0.0	17343962	1059	110.0
1610766360.08	110000	57.220479	0.0	17781436	504	110.0
1610766360.61	160000	57.693382	0.0	23865378	383	110.0
1610766361.05	160000	58.255709	0.0	25470681	283	160.0
1610766361.52	160000	58.781489	0.0	27258768	315	160.0
1610766361.87	160000	59.436271	0.0	17853711	237	160.0
1610766362.66	160000	59.89324	0.0	14829893	198	160.0
1610766371.25	160000	52.489428	0.0	27779697	8441	160.0
1610766371.63	110000	53.117679	0.0	19028716	247	60.0
1610766371.86	80000	53.888322	0.0	13106871	149	50.0
1610766371.99	60000	54.760465	0.0	6892659	78	40.0
1610766372.2	80000	55.543867	0.0	12216668	140	60.0
1610766372.37	80000	56.37411	0.0	9408461	107	80.0
1610766372.56	80000	57.186271	0.0	12195097	116	80.0
1610766372.76	80000	57.987305	0.0	12613176	119	80.0
1610766372.87	80000	58.877502	0.0	6800911	65	80.0
1610766373.0	80000	59.750024	0.0	8020179	77	80.0
1610766374.18	110000	59.636425	0.0	11179031	106	80.0
1610766374.88	110000	59.916833	0.0	12016215	122	110.0
1610766376.12	110000	59.902947	0.0	15214650	150	110.0
1610766377.31	110000	59.903952	0.0	11200919	115	110.0
1610766378.51	110000	59.655042	0.0	12984407	116	110.0
1610766379.24	110000	59.905957	0.0	15340646	147	110.0
1610766380.52	160000	59.657032	0.0	17749058	168	110.0
1610766381.21	160000	59.907992	0.0	14127787	112	160.0
1610766382.46	160000	59.658989	0.0	17525699	134	160.0
1610766383.25	160000	59.909962	0.0	14240042	197	160.0
1610766384.14	160000	59.910954	0.0	20324139	270	160.0
1610766385.55	160000	59.662044	0.0	21993033	269	160.0
1610766386.3	160000	59.913025	0.0	18863108	138	160.0
1610766387.22	320000	59.913913	0.0	32708889	239	160.0
1610766388.44	320000	59.665027	0.0	16257756	122	320.0
1610766389.16	320000	59.915925	0.0	16440860	120	320.0
1610766390.33	320000	59.916931	0.0	12523766	88	320.0
1610766391.16	320000	59.917966	0.0	22159647	190	320.0
1610766392.37	320000	59.669044	0.0	17516376	103	320.0
1610766393.45	320000	59.670033	0.0	5119060	37	320.0
1610766394.51	320000	59.671028	0.0	3788776	26	320.0
1610766395.32	320000	59.921927	0.0	3041389	282	320.0
1610766396.39	160000	59.673033	0.0	591360	53	0.0
1610766397.5	110000	59.674044	0.0	931350	82	60.0
1610766397.6	80000	59.855394	0.015	226397	88	-4.799999999999997
1610766398.02	60000	1.000999	0.034	377897	4	29.119999999999997
1610766398.32	80000	2.001999	0.0	14912671	128	60.0
1610766398.67	60000	2.76446	0.0	20421673	178	40.0
1610766398.83	60000	3.603333	0.0	13063186	83	60.0
1610766398.95	60000	4.481169	0.0	8954217	59	60.0
1610766399.05	60000	5.386729	0.0	7325507	46	60.0
1610766399.13	80000	6.301732	0.0	6232523	40	60.0
1610766399.21	80000	7.229904	0.0	5425476	34	80.0
1610766399.62	80000	7.816475	0.0	29583867	186	80.0
1610766399.8	80000	8.640298	0.0	15816325	83	80.0
1610766399.98	80000	9.492268	0.0	15275967	80	80.0
1610766400.39	110000	10.131147	0.0	33588177	179	80.0
1610766400.69	110000	10.939703	0.0	25684661	133	110.0
1610766400.81	110000	11.820828	0.0	10838546	58	110.0
1610766400.95	110000	12.680405	0.0	12783186	69	110.0
1610766401.1	110000	13.535674	0.0	13101938	69	110.0
1610766401.16	110000	14.472869	0.0	5268213	29	110.0
1610766401.36	160000	15.299304	0.0	15775481	93	110.0
1610766401.47	160000	16.191249	0.0	9163235	49	160.0
1610766402.01	160000	16.681106	0.0	41307095	254	160.0
1610766402.37	160000	17.323378	0.0	28763893	190	160.0
1610766402.63	160000	18.062264	0.0	21266416	141	160.0
1610766402.9	160000	18.809309	0.0	23702229	142	160.0
1610766403.23	160000	19.48742	0.0	27580394	165	160.0
1610766404.2	320000	19.517102	0.0	70549633	428	160.0
1610766404.8	320000	19.920096	0.0	50094571	318	320.0
1610766406.43	320000	19.289695	0.0	124391138	729	320.0
