1607471823.23	40000	1.000999	0.014	334476	2	-2.240000000000002
1607471823.5	160000	2.001999	0.0	14912671	96	40.0
1607471823.86	160000	2.75968	0.0	24265636	142	160.0
1607471824.19	160000	3.427087	0.0	22711544	190	160.0
1607471824.42	160000	4.203938	0.0	19639705	110	160.0
1607471824.65	160000	4.974966	0.0	20946809	109	160.0
1607471824.79	160000	5.837578	0.0	11895609	62	160.0
1607471824.87	160000	6.753347	0.0	7597636	39	160.0
1607471825.66	160000	7.006085	0.0	56067905	291	160.0
1607471826.14	160000	7.55314	0.0	45444680	235	160.0
1607471826.72	160000	8.000881	0.0	54798068	272	160.0
1607471827.53	160000	8.247684	0.0	69464107	334	160.0
1607471828.11	160000	8.724397	0.0	50637608	274	160.0
1607471828.33	160000	9.500032	0.0	19559369	105	160.0
1607471828.58	160000	10.254791	0.0	22224402	113	160.0
1607471828.82	160000	11.012444	0.0	22578365	114	160.0
1607471828.92	160000	11.913454	0.0	8346702	47	160.0
1607471829.09	160000	12.742416	0.0	15775481	80	160.0
1607471829.19	160000	13.640849	0.0	9163235	46	160.0
1607471829.63	160000	14.208684	0.0	41307095	207	160.0
1607471829.95	160000	14.891542	0.0	28763893	142	160.0
1607471830.17	160000	15.667701	0.0	21266416	105	160.0
1607471830.44	160000	16.401099	0.0	23702229	118	160.0
1607471830.73	160000	17.112709	0.0	27580394	139	160.0
1607471830.97	160000	17.876095	0.0	20329780	102	160.0
1607471831.14	160000	18.69883	0.0	16109183	81	160.0
1607471831.83	160000	19.016893	0.0	58830800	328	160.0
1607471832.63	160000	19.223438	0.0	66935122	431	160.0
1607471832.82	160000	20.028304	0.0	15251076	93	160.0
1607471833.03	160000	20.817572	0.0	16574034	109	160.0
1607471833.19	160000	21.662058	0.0	13009028	81	160.0
1607471833.35	160000	22.495233	0.0	12791674	73	160.0
1607471833.52	160000	23.32625	0.0	11137898	103	160.0
1607471833.71	160000	24.143319	0.0	11485310	107	160.0
1607471833.9	160000	24.956406	0.0	12428518	116	160.0
1607471834.05	160000	25.802233	0.0	9963766	93	160.0
1607471834.23	160000	26.618666	0.0	12189364	113	160.0
1607471834.41	160000	27.449569	0.0	10142396	95	160.0
1607471834.6	160000	28.251497	0.0	10185488	134	160.0
1607471834.87	160000	28.983509	0.0	14061455	185	160.0
1607471835.26	160000	29.599746	0.0	20074099	264	160.0
1607471836.2	160000	29.693198	0.0	46115254	669	160.0
1607471837.06	160000	29.83015	0.0	40906522	625	160.0
1607471837.23	160000	30.660988	0.0	7891151	122	160.0
1607471837.68	160000	31.217226	0.0	21012466	322	160.0
1607471838.17	160000	31.726384	0.0	23519424	358	160.0
1607471838.56	160000	32.335104	0.0	18715420	283	160.0
1607471838.92	160000	32.979633	0.0	17000816	256	160.0
1607471839.23	160000	33.667682	0.0	14448126	216	160.0
1607471839.38	160000	34.515342	0.0	6958676	104	160.0
1607471839.54	160000	35.356845	0.0	9088791	101	160.0
1607471839.67	160000	36.230342	0.0	7211881	79	160.0
1607471839.73	160000	37.169633	0.0	3063586	34	160.0
1607471839.79	160000	38.114065	0.0	2782179	30	160.0
1607471839.96	160000	38.943928	0.0	9958410	111	160.0
1607471840.16	160000	39.739393	0.0	12158708	134	160.0
1607471840.37	160000	40.531478	0.0	12300216	136	160.0
1607471840.62	160000	41.283347	0.0	15815684	158	160.0
1607471840.83	160000	42.074055	0.0	13526256	124	160.0
1607471841.02	160000	42.884156	0.0	11995130	118	160.0
1607471841.23	160000	43.675211	0.0	13394791	133	160.0
1607471841.46	160000	44.450946	0.0	14135828	141	160.0
1607471841.69	160000	45.221804	0.0	15366126	136	160.0
1607471841.89	160000	46.016523	0.0	14248439	126	160.0
1607471842.11	160000	46.805817	0.0	13843717	130	160.0
1607471842.32	160000	47.588403	0.0	14665119	130	160.0
1607471842.63	160000	48.291501	0.0	21079187	180	160.0
1607471842.99	160000	48.924295	0.0	25480074	215	160.0
1607471843.33	160000	49.596728	0.0	23021754	194	160.0
1607471843.7	160000	50.222469	0.0	27527834	215	160.0
1607471844.05	160000	50.864709	0.0	26155848	196	160.0
1607471844.29	160000	51.626921	0.0	17849379	135	160.0
1607471844.52	160000	52.403718	0.0	16546531	126	160.0
1607471844.77	160000	53.15971	0.0	17718949	137	160.0
1607471845.01	160000	53.917199	0.0	17337137	134	160.0
1607471845.28	160000	54.646982	0.0	20008245	155	160.0
1607471846.04	160000	54.880907	0.0	58430914	437	160.0
1607471846.27	160000	55.660645	0.0	16292703	119	160.0
1607471846.61	160000	56.322102	0.0	25587422	195	160.0
1607471846.95	160000	56.978731	0.0	23982306	210	160.0
1607471847.14	160000	57.784373	0.0	13347845	116	160.0
1607471847.35	160000	58.576019	0.0	14337991	126	160.0
1607471847.61	160000	59.325348	0.0	14584990	170	160.0
1607471848.38	160000	59.758582	0.0	13962401	198	160.0
1607471849.29	160000	59.759548	0.0	14393788	331	160.0
1607471850.51	60000	59.510559	0.0	5390156	164	-40.0
1607471851.56	60000	59.371673	0.0	4721651	1014	60.0
1607471852.17	80000	59.770424	0.0	6369153	553	60.0
1607471853.22	80000	59.763482	0.0	6270064	508	80.0
1607471854.21	110000	59.726925	0.0	13175394	910	80.0
1607471855.53	160000	59.408531	0.0	19295426	1204	110.0
1607471856.44	160000	59.516556	0.0	18261873	294	160.0
1607471857.28	160000	59.767572	0.0	19847604	230	160.0
1607471858.6	160000	59.518467	0.0	18767181	203	160.0
1607471858.96	160000	59.985931	0.0	22420858	214	160.0
1607471860.26	160000	59.770575	0.0	19324333	184	160.0
1607471861.59	160000	59.521487	0.0	20392234	219	160.0
1607471862.2	160000	59.772565	0.0	7671072	54	160.0
1607471863.43	160000	59.523549	0.0	17781906	123	160.0
1607471864.59	160000	59.524497	0.0	12839336	86	160.0
1607471865.22	160000	59.775572	0.0	10779770	57	160.0
1607471866.38	160000	59.776576	0.0	14606687	77	160.0
1607471867.33	160000	59.777476	0.0	41866951	210	160.0
1607471868.25	160000	59.778443	0.0	37238410	197	160.0
1607471869.41	160000	59.779484	0.0	14347759	71	160.0
1607471870.54	160000	59.530584	0.0	11399187	59	160.0
1607471871.98	60000	58.977892	0.0	2811660	1409	-40.0
1607471872.67	110000	59.282454	0.0	9409059	633	60.0
1607471873.9	110000	59.05587	0.0	16742448	1131	110.0
1607471875.03	160000	58.929103	0.0	37521367	924	110.0
1607471875.36	160000	59.601261	0.0	22241104	190	160.0
1607471876.59	160000	59.536469	0.0	15813346	135	160.0
1607471877.29	160000	59.787507	0.0	17116450	103	160.0
1607471878.52	160000	59.538474	0.0	18867054	111	160.0
1607471879.21	160000	59.789512	0.0	17393609	90	160.0
1607471880.47	160000	59.540564	0.0	24759401	122	160.0
1607471881.12	160000	59.840201	0.0	25782433	500	160.0
1607471882.29	160000	59.792489	0.0	25885372	508	160.0
1607471883.57	160000	59.543593	0.0	26242011	125	160.0
1607471884.34	160000	59.79457	0.0	23865378	124	160.0
1607471885.63	160000	59.495199	0.0	25470681	132	160.0
1607471885.98	160000	59.987077	0.0	27258768	196	160.0
1607471887.22	160000	59.797507	0.0	17853711	130	160.0
1607471888.45	160000	59.548543	0.0	14829893	141	160.0
1607471889.34	160000	59.799573	0.0	27779697	234	160.0
1607471890.24	160000	59.800528	0.0	27714923	248	160.0
1607471891.6	160000	59.55158	0.0	25946474	210	160.0
1607471892.4	160000	59.802486	0.0	19596259	182	160.0
1607471893.31	160000	59.803534	0.0	23774167	263	160.0
1607471894.62	160000	59.554395	0.0	19373656	195	160.0
1607471895.02	160000	59.961659	0.0	23977420	257	160.0
1607471896.4	160000	59.806532	0.0	24493733	241	160.0
1607471897.67	160000	59.307499	0.0	14528511	190	160.0
1607471898.11	110000	59.867999	0.0	11281629	369	60.0
1607471899.36	110000	59.80961	0.0	11179031	674	110.0
1607471900.03	160000	59.950907	0.0	17975224	563	110.0
1607471901.56	160000	59.561541	0.0	22329548	388	160.0
1607471902.35	160000	59.812498	0.0	16001583	178	160.0
1607471903.61	160000	59.563553	0.0	18238584	154	160.0
1607471903.99	160000	59.995178	0.0	21308824	255	160.0
1607471905.33	160000	59.815467	0.0	17749058	237	160.0
1607471906.23	160000	59.816483	0.0	14127787	309	160.0
1607471907.61	160000	59.567546	0.0	17525699	281	160.0
1607471908.32	160000	59.818486	0.0	14240042	120	160.0
1607471909.65	160000	59.569583	0.0	20324139	220	160.0
1607471910.46	160000	59.570482	0.0	21993033	172	160.0
1607471911.22	160000	59.821544	0.0	18863108	147	160.0
1607471912.43	160000	59.572523	0.0	15964734	108	160.0
1607471913.56	160000	59.573574	0.0	8284939	75	160.0
1607471914.28	160000	59.824473	0.0	9004706	160	160.0
1607471915.54	160000	59.575566	0.0	6955279	211	160.0
1607471916.44	160000	59.576474	0.0	10701639	333	160.0
1607471917.6	160000	59.577555	0.0	9459459	100	160.0
1607471918.67	160000	59.57847	0.0	3212828	38	160.0
1607471919.22	160000	59.829487	0.0	2509989	31	160.0
1607471920.26	160000	59.830478	0.0	2004927	15	160.0
1607471921.31	110000	59.83147	0.0	517365	25	60.0
1607471922.88	110000	59.766299	0.0	1201371	54	110.0
1607471923.25	40000	1.000999	0.057	337339	19	-9.119999999999997
1607471924.17	160000	1.467795	0.0	14912671	768	40.0
1607471925.12	160000	1.530029	0.0	24265636	731	160.0
1607471925.66	160000	2.009452	0.0	22711544	406	160.0
1607471925.71	20000	2.957512	0.0	1661718	29	-120.0
1607471925.75	20000	3.948	0.0	1315024	23	20.0
1607471925.78	20000	4.920894	0.0	698359	11	20.0
1607471925.81	20000	5.893452	0.0	730082	13	20.0
1607471925.92	20000	6.787536	0.0	4047415	74	20.0
1607471927.92	20000	5.853714	0.0	2863079	1974	20.0
1607471930.24	20000	4.532237	0.0	4167844	2291	20.0
1607471932.41	160000	3.363468	0.0	69464107	1521	20.0
1607471933.3	160000	3.473787	0.0	50637608	615	160.0
1607471933.69	160000	4.083037	0.0	19559369	255	160.0
1607471934.14	160000	4.640744	0.0	22224402	315	160.0
1607471934.85	160000	4.923892	0.0	22578365	581	160.0
1607471935.07	160000	5.703449	0.0	8346702	165	160.0
1607471935.38	160000	6.397844	0.0	15775481	205	160.0
1607471935.56	160000	7.219718	0.0	9163235	119	160.0
1607471936.33	160000	7.4756	0.0	41307095	538	160.0
1607471936.89	160000	7.919537	0.0	28763893	375	160.0
1607471937.28	160000	8.527579	0.0	21266416	271	160.0
1607471937.74	160000	9.072697	0.0	23702229	300	160.0
1607471938.27	160000	9.536996	0.0	27580394	378	160.0
1607471938.74	160000	10.072939	0.0	20329780	330	160.0
1607471939.09	160000	10.718855	0.0	16109183	257	160.0
1607471940.12	160000	10.693992	0.0	58830800	673	160.0
