1607463851.46	40000	1.000999	0.035	334476	24	-5.600000000000001
1607463852.67	110000	1.418292	0.255	14912671	1052	-0.7999999999999972
1607463854.7	110000	1.33099	0.918	24132566	1848	-36.879999999999995
1607463856.26	110000	1.416276	0.621	21016487	1447	10.64
1607463857.56	110000	1.307816	0.166	17473873	1203	83.44
1607463858.91	110000	1.298393	0.315	17432386	1253	59.6
1607463859.43	80000	1.778453	0.0	6232523	468	50.0
1607463860.08	110000	2.133819	0.0	7044111	594	80.0
1607463864.34	110000	1.366379	2.484	48103258	3860	-287.44
1607463865.85	80000	1.350663	0.501	15816325	1418	-30.159999999999997
1607463867.95	110000	1.35339	1.101	26873304	1958	-96.16
1607463870.54	110000	1.455768	1.697	33588177	2427	-161.51999999999998
1607463872.44	40000	1.404054	0.839	9449433	1836	-164.24
1607463873.19	60000	1.647498	0.0	5612759	713	40.0
1607463873.97	60000	1.867413	0.0	6789212	735	60.0
1607463874.76	60000	2.081258	0.0	7016601	740	60.0
1607463875.15	60000	2.695238	0.0	1942216	366	60.0
1607463875.82	60000	3.026869	0.0	4718233	634	60.0
1607463876.35	110000	3.496715	0.0	6126794	486	60.0
1607463878.41	110000	2.441116	0.0	26576979	1904	110.0
1607463879.59	80000	2.263673	0.0	14877694	1087	50.0
1607463880.89	110000	1.962137	0.0	14817542	1199	80.0
1607463881.96	80000	1.896189	0.0	13274781	986	50.0
1607463883.25	80000	1.604155	0.0	14862949	1193	80.0
1607463884.38	110000	1.477656	0.0	13919609	1044	80.0
1607463885.08	80000	1.775834	0.0	8329186	637	50.0
1607463888.16	80000	1.232677	1.541	34554431	2903	-166.56
1607463891.18	80000	1.300502	2.081	37801487	2818	-252.95999999999998
1607463891.81	80000	1.671586	0.0	7180834	577	80.0
1607463892.42	80000	2.060682	0.0	7801969	561	80.0
1607463892.95	80000	2.530992	0.0	6381056	487	80.0
1607463893.53	80000	2.954959	0.0	6393963	533	80.0
1607463894.03	80000	3.453523	0.0	5578363	462	80.0
1607463894.54	80000	3.941449	0.0	5739662	474	80.0
1607463895.16	80000	4.322374	0.0	6190601	579	80.0
1607463895.72	80000	4.769441	0.0	5198830	516	80.0
1607463896.3	80000	5.188792	0.0	6516530	537	80.0
1607463896.74	80000	5.74492	0.0	4960781	410	80.0
1607463897.13	80000	6.361258	0.0	4876023	344	80.0
1607463897.67	80000	6.817977	0.0	7013013	496	80.0
1607463898.59	80000	6.898302	0.0	10250816	861	80.0
1607463900.99	80000	5.501754	0.0	26113743	2252	80.0
1607463902.96	80000	4.533281	0.0	22860019	1833	80.0
1607463903.38	80000	5.115834	0.0	4146191	387	80.0
1607463904.4	80000	5.096082	0.0	11601071	951	80.0
1607463905.73	110000	4.769542	0.0	16044226	1225	80.0
1607463906.66	110000	4.841257	0.0	12394633	853	110.0
1607463907.31	80000	5.185876	0.0	7852064	603	50.0
1607463907.92	80000	5.584023	0.0	6922163	556	80.0
1607463908.37	110000	6.134046	0.0	4738333	412	80.0
1607463908.92	110000	6.58112	0.0	6072231	511	110.0
1607463909.28	110000	7.22369	0.0	4799875	323	110.0
1607463909.42	110000	8.084996	0.0	1790651	120	110.0
1607463909.5	80000	9.000862	0.0	1010776	67	50.0
1607463909.86	80000	9.651521	0.0	4682485	315	80.0
1607463910.29	80000	10.212315	0.0	5642819	393	80.0
1607463910.74	80000	10.769148	0.0	5815666	404	80.0
1607463911.43	80000	11.07782	0.0	7667415	642	80.0
1607463912.21	110000	11.299192	0.0	8793419	721	80.0
1607463912.84	110000	11.670067	0.0	7475950	583	110.0
1607463913.53	110000	11.982981	0.0	8601429	636	110.0
1607463914.28	110000	12.234743	0.0	9576793	690	110.0
1607463915.08	110000	12.438194	0.0	10221665	727	110.0
1607463915.77	110000	12.746336	0.0	8760683	635	110.0
1607463916.41	110000	13.103212	0.0	8711578	592	110.0
1607463916.89	80000	13.621255	0.0	6487715	437	50.0
1607463917.81	80000	13.710132	0.0	10395993	851	80.0
1607463918.98	80000	13.543514	0.0	12476436	1090	80.0
1607463919.92	80000	13.59597	0.0	10883852	883	80.0
1607463921.16	80000	13.356735	0.0	13889966	1161	80.0
1607463922.26	80000	13.265332	0.0	12943936	1019	80.0
1607463923.2	110000	13.323097	0.0	11843178	869	80.0
1607463924.03	110000	13.492889	0.0	10916331	766	110.0
1607463924.81	80000	13.717108	0.0	8697196	719	50.0
1607463925.56	80000	13.97135	0.0	8539884	693	80.0
1607463926.44	80000	14.08368	0.0	10111273	824	80.0
1607463929.36	80000	12.163122	0.0	34025057	2725	80.0
1607463930.32	110000	12.203257	0.0	11574285	889	80.0
1607463931.64	110000	11.893555	0.0	17560011	1203	110.0
1607463932.83	110000	11.695186	0.0	16439864	1101	110.0
1607463933.51	110000	12.016813	0.0	8847416	623	110.0
1607463934.05	80000	12.485276	0.0	6681274	482	50.0
1607463934.6	80000	12.93408	0.0	7178853	503	80.0
1607463935.18	80000	13.356927	0.0	6803527	533	80.0
1607463935.96	80000	13.576404	0.0	7120614	733	80.0
1607463936.5	80000	14.037994	0.0	7243569	482	80.0
1607463936.97	80000	14.569221	0.0	6378767	426	80.0
1607463937.58	80000	14.959918	0.0	6369153	566	80.0
1607463938.15	80000	15.389552	0.0	6270064	528	80.0
1607463938.91	80000	15.627019	0.0	9600822	703	80.0
1607463940.13	110000	15.415494	0.0	14191823	1125	80.0
1607463940.82	80000	15.72486	0.0	8798342	633	50.0
1607463941.65	80000	15.895984	0.0	9413866	770	80.0
1607463942.39	80000	16.151448	0.0	8818409	688	80.0
1607463943.31	80000	16.233061	0.0	10884020	856	80.0
1607463944.27	80000	16.27644	0.0	9684889	895	80.0
1607463945.37	110000	16.180649	0.0	13994870	1014	80.0
1607463945.85	110000	16.69336	0.0	5391903	439	110.0
1607463946.54	80000	17.01081	0.0	8761637	626	50.0
1607463947.01	80000	17.544282	0.0	6255843	428	80.0
1607463947.54	80000	18.007248	0.0	5347529	502	80.0
1607463948.21	80000	18.338811	0.0	6979884	626	80.0
1607463951.55	80000	15.999982	0.0	22955881	3194	80.0
1607463953.56	80000	14.993185	0.0	19576633	1894	80.0
1607463954.4	110000	15.155319	0.0	9662265	775	80.0
1607463955.31	160000	15.253156	0.0	11399187	828	110.0
1607463955.97	160000	15.584972	0.0	10358641	597	160.0
1607463956.71	160000	15.84694	0.0	14315696	657	160.0
1607463957.71	160000	15.845053	0.0	23283631	857	160.0
1607463958.93	160000	15.628848	0.0	37521367	1001	160.0
1607463959.52	160000	16.043742	0.0	22241104	446	160.0
1607463959.9	160000	16.661592	0.0	15813346	289	160.0
1607463960.3	160000	17.261995	0.0	17116450	299	160.0
1607463960.72	160000	17.842315	0.0	18867054	309	160.0
1607463961.1	160000	18.460941	0.0	17393609	281	160.0
1607463961.92	160000	18.643111	0.0	24759401	667	160.0
1607463963.13	160000	18.432769	0.0	25782433	1066	160.0
1607463963.72	160000	18.843624	0.0	25885372	436	160.0
1607463964.31	160000	19.263087	0.0	26242011	436	160.0
1607463964.79	160000	19.783564	0.0	23865378	335	160.0
1607463965.28	160000	20.287542	0.0	25470681	357	160.0
1607463965.81	160000	20.763373	0.0	27258768	364	160.0
1607463966.15	160000	21.417898	0.0	17853711	239	160.0
1607463966.5	160000	22.074775	0.0	14829893	256	160.0
1607463967.13	160000	22.44152	0.0	27779697	479	160.0
1607463967.9	160000	22.679241	0.0	27714923	592	160.0
1607463969.01	160000	22.564285	0.0	25946474	971	160.0
1607463969.58	160000	23.001378	0.0	19596259	449	160.0
1607463970.14	160000	23.439887	0.0	23774167	426	160.0
1607463970.54	160000	24.036243	0.0	19373656	285	160.0
1607463971.03	160000	24.554274	0.0	23977420	338	160.0
1607463971.61	160000	24.971551	0.0	24493733	441	160.0
1607463972.0	160000	25.581987	0.0	14528511	306	160.0
1607463972.48	160000	26.105042	0.0	16841176	376	160.0
1607463972.95	160000	26.631946	0.0	16743604	361	160.0
1607463974.46	160000	26.128001	0.0	17975224	1397	160.0
1607463975.2	160000	26.388181	0.0	22329548	600	160.0
1607463976.34	160000	26.251373	0.0	16001583	1041	160.0
1607463977.22	160000	26.364429	0.0	18238584	782	160.0
1607463977.99	160000	26.602723	0.0	21308824	643	160.0
1607463978.51	160000	27.081949	0.0	17749058	418	160.0
1607463978.87	160000	27.723094	0.0	14127787	262	160.0
1607463979.3	160000	28.294871	0.0	17525699	325	160.0
1607463979.67	160000	28.925662	0.0	14240042	287	160.0
1607463980.2	160000	29.396792	0.0	20324139	409	160.0
1607463981.16	160000	29.437159	0.0	21993033	829	160.0
1607463981.79	160000	29.803449	0.0	18863108	522	160.0
1607463982.05	80000	30.548495	0.0	7562882	199	0.0
1607463982.17	80000	31.42717	0.0	3563377	94	80.0
1607463982.67	80000	31.932264	0.0	4074589	463	80.0
1607463983.09	80000	32.509365	0.0	3243768	397	80.0
1607463983.48	80000	33.117118	0.0	4688403	358	80.0
1607463983.55	20000	34.051526	0.0	832859	49	-40.0
1607463983.57	20000	35.032764	0.0	151562	8	20.0
1607463983.58	20000	36.019937	0.0	90390	4	20.0
1607463983.59	20000	37.010185	0.0	50278	2	20.0
1607463983.6	20000	38.002156	0.0	26471	2	20.0
1607463983.62	20000	39.424393	0.0	56059	2	20.0
1607463983.93	40000	1.000999	0.035	334476	16	-5.600000000000001
1607463987.41	20000	1.363342	2.52	11007815	3387	-403.2
1607463990.14	110000	1.306436	1.644	24132566	2516	-243.04000000000002
1607463991.62	160000	1.395158	0.553	22711544	1360	21.519999999999996
1607463992.44	160000	1.61174	0.0	19639705	696	160.0
1607463993.22	160000	1.88735	0.0	20946809	653	160.0
1607463993.59	160000	2.517624	0.0	11895609	294	160.0
1607463993.82	160000	3.287993	0.0	7597636	182	160.0
1607463995.48	160000	2.631277	0.0	56067905	1180	160.0
1607463995.87	80000	3.232782	0.0	15816325	296	0.0
1607463996.25	80000	3.862435	0.0	15275967	286	80.0
1607463997.26	80000	3.852648	0.0	20600381	886	80.0
1607463998.1	20000	4.006166	0.0	4925652	808	-40.0
1607463998.62	20000	4.501131	0.0	2030157	486	20.0
1607463999.26	20000	4.851156	0.0	2240782	620	20.0
1607464000.35	20000	4.765474	0.0	2211169	1064	20.0
1607464000.68	20000	5.433856	0.0	382046	318	20.0
1607464001.74	20000	5.370652	0.0	1113969	1047	20.0
1607464002.65	20000	5.464804	0.0	820127	890	20.0
1607464006.69	20000	2.427445	0.0	6357933	3988	20.0
1607464008.68	20000	1.457305	0.014	4814284	1947	17.759999999999998
1607464010.96	20000	1.315567	1.139	3419258	2252	-162.24
1607464016.31	20000	1.455187	4.494	3944328	5321	-699.04
