1610805136.65	60000	1.000999	0.013	336477	2	-4.159999999999997
1610805136.91	80000	2.001999	0.0	14912671	101	60.0
1610805137.22	60000	2.846761	0.0	20421673	121	40.0
1610805137.37	60000	3.689675	0.0	13063186	78	60.0
1610805137.49	60000	4.580644	0.0	8954217	57	60.0
1610805137.59	60000	5.484494	0.0	7325507	45	60.0
1610805137.65	60000	6.42639	0.0	4014386	24	60.0
1610805137.72	80000	7.351625	0.0	5425476	32	60.0
1610805138.17	80000	7.906524	0.0	29583867	185	80.0
1610805138.38	80000	8.702894	0.0	15816325	96	80.0
1610805138.63	80000	9.478515	0.0	15275967	163	80.0
1610805138.89	80000	10.215389	0.0	20600381	142	80.0
1610805139.25	110000	10.893965	0.0	25684661	169	80.0
1610805139.39	110000	11.744579	0.0	10838546	72	110.0
1610805139.55	110000	12.586785	0.0	12783186	82	110.0
1610805139.7	110000	13.43538	0.0	13101938	71	110.0
1610805139.78	110000	14.385363	0.0	5268213	31	110.0
1610805139.89	110000	15.271673	0.0	9838179	54	110.0
1610805140.01	160000	16.155604	0.0	9163235	51	110.0
1610805140.53	160000	16.659095	0.0	41307095	224	160.0
1610805140.87	160000	17.323912	0.0	28763893	164	160.0
1610805141.12	160000	18.074137	0.0	21266416	123	160.0
1610805141.4	160000	18.82139	0.0	23702229	136	160.0
1610805141.74	160000	19.482115	0.0	27580394	171	160.0
1610805142.0	160000	20.219855	0.0	20329780	134	160.0
1610805142.69	320000	20.532068	0.0	50094571	337	160.0
1610805144.68	320000	19.543867	0.0	124391138	812	320.0
1610805146.5	320000	18.723596	0.0	139539685	808	320.0
1610805147.2	320000	19.02339	0.0	44512381	348	320.0
1610805147.82	320000	19.406586	0.0	46257154	357	320.0
1610805148.28	320000	19.944893	0.0	34846600	261	320.0
1610805148.73	320000	20.492182	0.0	33828007	257	320.0
1610805149.11	320000	21.117026	0.0	30396599	181	320.0
1610805149.48	320000	21.752666	0.0	30979822	184	320.0
1610805149.9	320000	22.324327	0.0	33204608	228	320.0
1610805150.21	320000	23.01667	0.0	23618590	168	320.0
1610805150.57	320000	23.660111	0.0	27475995	197	320.0
1610805151.06	320000	24.171849	0.0	26460007	327	320.0
1610805151.55	320000	24.68756	0.0	26763657	331	320.0
1610805152.42	320000	24.809206	0.0	33826873	688	320.0
1610805153.7	320000	24.529692	0.0	41214174	1057	320.0
1610805155.38	320000	23.852704	0.0	83204731	1176	320.0
1610805157.29	320000	22.952164	0.0	75539257	1444	320.0
1610805157.98	320000	23.257329	0.0	16577177	579	320.0
1610805159.37	160000	22.871522	0.0	21012466	1259	0.0
1610805161.46	160000	21.782234	0.0	23519424	1954	160.0
1610805162.41	110000	21.828715	0.0	12394633	872	60.0
1610805162.9	110000	22.353318	0.0	11196580	402	110.0
1610805163.13	80000	23.114827	0.0	6922163	170	50.0
1610805163.24	80000	24.001534	0.0	3458958	85	80.0
1610805163.39	80000	24.879487	0.0	4351089	103	80.0
1610805163.51	80000	25.842052	0.0	3468038	82	80.0
1610805163.56	80000	26.793356	0.0	1235756	30	80.0
1610805163.6	80000	27.754108	0.0	1010776	24	80.0
1610805163.7	80000	28.688326	0.0	4682485	62	80.0
1610805163.86	110000	29.616034	0.0	7961846	93	80.0
1610805164.01	110000	30.524817	0.0	8148750	95	110.0
1610805164.21	110000	31.406208	0.0	10662977	126	110.0
1610805164.38	110000	32.24941	0.0	8793419	101	110.0
1610805164.52	110000	33.188187	0.0	7475950	86	110.0
1610805164.68	110000	34.129186	0.0	8601429	101	110.0
1610805164.85	110000	35.049665	0.0	9576793	102	110.0
1610805165.03	110000	35.873052	0.0	10221665	110	110.0
1610805165.27	160000	36.768732	0.0	14248439	151	110.0
1610805165.51	160000	37.66141	0.0	13843717	147	160.0
1610805165.76	160000	38.498916	0.0	14665119	163	160.0
1610805166.09	160000	39.260163	0.0	21079187	186	160.0
1610805166.49	160000	39.983099	0.0	25480074	229	160.0
1610805166.84	160000	40.693096	0.0	23021754	212	160.0
1610805167.29	160000	41.331372	0.0	27527834	277	160.0
1610805168.17	320000	41.646152	0.0	54033728	553	160.0
1610805168.84	320000	42.05695	0.0	40265492	426	320.0
1610805169.49	320000	42.545108	0.0	37527577	440	320.0
1610805170.13	320000	42.910007	0.0	38354537	413	320.0
1610805170.67	320000	43.365823	0.0	33905183	347	320.0
1610805171.22	320000	43.816392	0.0	37964644	338	320.0
1610805172.61	320000	43.429336	0.0	91609209	884	320.0
1610805173.11	320000	43.931554	0.0	30861098	315	320.0
1610805173.95	320000	44.09447	0.0	53161890	538	320.0
1610805174.65	320000	44.395888	0.0	49661559	424	320.0
1610805175.07	320000	44.976355	0.0	27673254	262	320.0
1610805175.52	320000	45.522621	0.0	29061600	280	320.0
1610805176.81	320000	45.231373	0.0	29596558	1126	320.0
1610805177.81	160000	45.233721	0.0	13962401	909	0.0
1610805178.07	160000	45.975043	0.0	14393788	174	160.0
1610805178.34	160000	46.704553	0.0	14649457	176	160.0
1610805178.59	160000	47.458957	0.0	13409715	162	160.0
1610805178.82	160000	48.23019	0.0	13909605	148	160.0
1610805178.94	110000	49.109705	0.0	8764764	63	60.0
1610805179.12	110000	49.93842	0.0	13175394	95	110.0
1610805179.31	110000	50.743905	0.0	14191823	102	110.0
1610805179.48	110000	51.577227	0.0	12316520	91	110.0
1610805179.65	110000	52.401838	0.0	13245175	95	110.0
1610805179.81	110000	53.241365	0.0	12490444	86	110.0
1610805180.1	160000	53.993101	0.0	22420858	137	110.0
1610805180.34	160000	54.755503	0.0	19324333	118	160.0
1610805180.59	160000	55.539777	0.0	20392234	124	160.0
1610805180.69	160000	56.438483	0.0	7671072	47	160.0
1610805180.91	160000	57.220944	0.0	17781906	109	160.0
1610805181.06	160000	58.06687	0.0	12839336	79	160.0
1610805181.19	160000	59.060759	0.0	10779770	64	160.0
1610805181.57	320000	59.681722	0.0	29164819	181	160.0
1610805182.42	320000	59.836546	0.0	75257111	445	320.0
1610805183.29	320000	59.966835	0.0	71035332	418	320.0
1610805184.61	320000	59.687277	0.0	27276036	164	320.0
1610805185.39	320000	59.937609	0.0	23233775	145	320.0
1610805186.67	320000	59.689406	0.0	21096285	156	320.0
1610805187.53	320000	59.914512	0.0	28685524	193	320.0
1610805188.57	320000	59.865517	0.0	43551422	296	320.0
1610805189.36	320000	59.897992	0.0	65057331	438	320.0
1610805190.39	320000	59.94333	0.0	41329817	294	320.0
1610805191.8	320000	59.694425	0.0	30837965	215	320.0
1610805192.66	320000	59.695421	0.0	33542198	188	320.0
1610805193.65	320000	59.696409	0.0	43188629	247	320.0
1610805194.57	320000	59.697441	0.0	38404993	217	320.0
1610805195.64	320000	59.698383	0.0	50554338	264	320.0
1610805196.76	320000	59.699387	0.0	52531967	337	320.0
1610805197.42	320000	59.853541	0.0	54618297	342	320.0
1610805198.57	320000	59.951395	0.0	54267260	331	320.0
1610805199.6	320000	59.702374	0.0	46984925	275	320.0
1610805200.4	320000	59.874543	0.0	52441959	505	320.0
1610805201.3	320000	59.973447	0.0	56222410	560	320.0
1610805202.33	320000	59.955443	0.0	37045146	322	320.0
1610805203.8	320000	59.706392	0.0	31316241	278	320.0
1610805204.71	320000	59.568032	0.0	54539886	552	320.0
1610805205.57	320000	59.710498	0.0	54290338	540	320.0
1610805206.35	320000	59.924315	0.0	50306079	499	320.0
1610805207.48	320000	59.960443	0.0	39311524	393	320.0
1610805208.66	320000	59.711394	0.0	45141551	424	320.0
1610805209.72	320000	59.712414	0.0	38678341	347	320.0
1610805210.45	320000	59.859055	0.0	48869677	452	320.0
1610805211.64	320000	59.893937	0.0	48742469	439	320.0
1610805212.62	320000	59.895006	0.0	31052651	302	320.0
1610805213.61	320000	59.895995	0.0	35159774	286	320.0
1610805214.59	320000	59.896964	0.0	34685385	285	320.0
1610805215.62	320000	59.905954	0.0	36845249	307	320.0
1610805216.79	320000	59.78947	0.0	44043502	408	320.0
1610805218.22	320000	59.540357	0.0	28911363	260	320.0
1610805218.7	320000	59.8421	0.0	31997411	303	320.0
1610805219.81	320000	59.792387	0.0	37860562	371	320.0
1610805220.84	320000	59.793449	0.0	34218681	343	320.0
1610805221.81	320000	59.794381	0.0	30315897	289	320.0
1610805222.91	320000	59.795469	0.0	38074030	388	320.0
1610805223.86	320000	59.79642	0.0	31856580	265	320.0
1610805224.97	320000	59.755673	0.0	40986530	365	320.0
1610805225.74	320000	59.813587	0.0	43161948	521	320.0
1610805226.99	320000	59.799441	0.0	39216469	511	320.0
1610805228.01	320000	59.544404	0.0	32708889	826	320.0
1610805228.79	320000	59.801448	0.0	16257756	176	320.0
1610805230.06	320000	59.552381	0.0	16440860	165	320.0
1610805231.01	320000	59.551465	0.0	12523766	866	320.0
1610805231.88	160000	59.68425	0.0	10701639	794	0.0
1610805233.14	110000	59.555403	0.0	6312703	201	60.0
1610805234.19	110000	59.556377	0.0	2410559	24	110.0
1610805235.23	110000	59.557358	0.0	1922862	17	110.0
1610805236.25	80000	59.308367	0.0	447883	4	50.0
1610805236.77	80000	59.809442	0.0	279272	2	80.0
1610805237.79	60000	59.810453	0.0	244268	1	40.0
1610805238.23	60000	1.000999	0.039	377897	3	-12.480000000000004
1610805238.53	80000	2.001999	0.0	14912671	125	60.0
1610805238.86	60000	2.782844	0.0	20421673	173	40.0
1610805239.05	60000	3.592246	0.0	13063186	110	60.0
1610805239.18	60000	4.463772	0.0	8954217	67	60.0
1610805239.29	60000	5.36052	0.0	7325507	56	60.0
1610805239.37	80000	6.275041	0.0	6232523	41	60.0
1610805239.47	80000	7.186493	0.0	5425476	39	80.0
1610805239.91	80000	7.741584	0.0	29583867	198	80.0
1610805240.11	80000	8.544115	0.0	15816325	106	80.0
1610805240.32	80000	9.411185	0.0	15275967	98	80.0
1610805240.79	110000	9.956505	0.0	33588177	218	80.0
1610805241.12	110000	10.663015	0.0	25684661	164	110.0
1610805241.25	110000	11.528186	0.0	10838546	70	110.0
1610805241.43	110000	12.376068	0.0	12783186	83	110.0
1610805241.59	110000	13.21171	0.0	13101938	86	110.0
1610805241.67	110000	14.138511	0.0	5268213	34	110.0
1610805241.89	160000	14.940792	0.0	15775481	103	110.0
1610805242.01	160000	15.819739	0.0	9163235	60	160.0
1610805242.61	160000	16.224355	0.0	41307095	294	160.0
1610805243.0	160000	16.859572	0.0	28763893	216	160.0
1610805243.3	160000	17.563246	0.0	21266416	165	160.0
1610805243.64	160000	18.225377	0.0	23702229	203	160.0
1610805244.03	160000	18.829707	0.0	27580394	236	160.0
1610805245.16	320000	18.701388	0.0	70549633	531	160.0
1610805245.95	320000	18.917377	0.0	50094571	483	320.0
1610805248.38	320000	17.480817	0.0	124391138	1451	320.0
