1610758833.02	60000	1.000999	0.037	336477	25	-11.840000000000003
1610758834.37	320000	1.282508	0.258	14912671	1145	-22.560000000000002
1610758836.43	320000	1.272114	1.017	24265636	1796	-5.439999999999998
1610758838.29	320000	1.427553	0.991	22711544	1683	2.8799999999999955
1610758840.0	320000	1.307688	0.555	19639705	1523	142.4
1610758841.83	320000	1.304093	0.806	20946809	1654	62.079999999999984
1610758842.88	320000	1.36055	0.099	11895609	907	288.32
1610758843.61	320000	1.628439	0.0	7597636	611	320.0
1610758845.38	60000	1.461194	0.608	17832465	1598	-394.56
1610758846.22	60000	1.628428	0.0	9877442	699	60.0
1610758847.26	60000	1.592467	0.0	10988410	898	60.0
1610758848.56	60000	1.32088	0.035	15230785	1148	48.8
1610758850.02	80000	1.324764	0.466	17710542	1291	-89.12
1610758850.71	80000	1.642122	0.0	7412644	568	80.0
1610758851.6	80000	1.74931	0.0	9055732	767	80.0
1610758852.74	110000	1.610263	0.0	13101938	993	80.0
1610758853.26	110000	2.09799	0.0	5268213	406	110.0
1610758854.25	110000	2.113589	0.0	9838179	855	110.0
1610758854.82	110000	2.539607	0.0	6126794	451	110.0
1610758857.21	110000	1.331337	0.18	26576979	2183	52.4
1610758858.4	80000	1.256457	0.118	14877694	1038	12.240000000000002
1610758859.57	80000	1.381243	0.296	11453319	1042	-14.719999999999999
1610758860.73	80000	1.428352	0.201	13274781	1017	15.680000000000007
1610758862.07	80000	1.380526	0.291	14862949	1196	-13.120000000000005
1610758863.02	80000	1.434387	0.0	10513690	812	80.0
1610758863.44	40000	2.009506	0.0	4316804	316	0.0
1610758865.18	40000	1.424132	0.153	18604040	1564	-8.96
1610758866.85	40000	1.328318	0.575	20723782	1491	-144.0
1610758868.16	160000	1.403897	0.384	15251076	1159	-82.88
1610758869.74	160000	1.288358	0.466	16574034	1420	10.879999999999995
1610758870.78	160000	1.247549	0.0	13009028	898	160.0
1610758871.89	160000	1.256773	0.116	12791674	973	122.88
1610758872.95	160000	1.374132	0.176	11137898	929	103.68
1610758874.19	160000	1.301474	0.165	11485310	1113	107.2
1610758875.28	160000	1.465931	0.252	12428518	952	79.36
1610758876.2	160000	1.5475	0.0	9963766	793	160.0
1610758877.29	160000	1.460197	0.0	12189364	946	160.0
1610758878.15	160000	1.595509	0.0	10142396	734	160.0
1610758879.1	160000	1.650042	0.0	10185488	811	160.0
1610758880.37	160000	1.473576	0.091	14061455	1121	130.88
1610758881.96	160000	1.315653	0.43	20074099	1412	22.400000000000006
1610758882.99	40000	1.496981	0.217	13308063	889	-149.44
1610758884.06	40000	1.453606	0.027	11857920	931	31.36
1610758884.7	110000	1.821688	0.0	5545322	521	40.0
1610758885.99	110000	1.526028	0.0	15180886	1146	110.0
1610758887.34	110000	1.494843	0.314	16044226	1192	9.519999999999996
1610758888.42	110000	1.420538	0.0	12394633	926	110.0
1610758889.37	110000	1.4621	0.0	11196580	825	110.0
1610758890.32	110000	1.514566	0.0	9698716	819	110.0
1610758891.6	320000	1.278318	0.04	15673611	1123	97.19999999999999
1610758893.81	320000	1.354681	1.285	20850595	2033	-91.19999999999999
1610758895.49	320000	1.390996	0.71	16458609	1518	92.80000000000001
1610758896.32	320000	1.55685	0.0	8700077	716	320.0
1610758897.05	320000	1.82619	0.0	8292135	610	320.0
1610758898.91	320000	1.353785	0.381	22212109	1668	198.07999999999998
1610758899.85	160000	1.486087	0.07	12158708	797	-22.400000000000006
1610758900.75	160000	1.586663	0.0	12300216	755	160.0
1610758901.66	160000	1.677145	0.0	15815684	746	160.0
1610758902.31	160000	2.023925	0.0	13526256	495	160.0
1610758903.41	320000	1.928457	0.0	28857310	861	160.0
1610758904.37	320000	1.967142	0.0	30799251	673	320.0
1610758905.17	320000	2.173503	0.0	29900862	558	320.0
1610758905.96	320000	2.375813	0.0	32431711	546	320.0
1610758906.65	320000	2.687374	0.0	32680833	437	320.0
1610758907.24	320000	3.105871	0.0	30468229	340	320.0
1610758907.83	320000	3.51064	0.0	31594806	353	320.0
1610758908.7	320000	3.64731	0.0	43158259	500	320.0
1610758909.59	320000	3.749879	0.0	53696400	450	320.0
1610758910.41	320000	3.939723	0.0	49804325	460	320.0
1610758911.2	320000	4.142243	0.0	56230532	439	320.0
1610758911.88	320000	4.469899	0.0	54033728	335	320.0
1610758912.44	320000	5.014899	0.0	40265492	249	320.0
1610758912.96	320000	5.530396	0.0	37527577	234	320.0
1610758913.79	320000	5.815849	0.0	38354537	531	320.0
1610758915.05	320000	5.75551	0.0	33905183	990	320.0
1610758915.65	320000	6.201075	0.0	37964644	284	320.0
1610758917.12	320000	5.83931	0.0	91609209	559	320.0
1610758917.61	320000	6.346543	0.0	30861098	233	320.0
1610758918.36	320000	6.597415	0.0	53161890	397	320.0
1610758919.09	320000	6.874149	0.0	49661559	364	320.0
1610758919.48	320000	7.479365	0.0	27673254	172	320.0
1610758919.9	320000	8.066952	0.0	29061600	174	320.0
1610758920.37	320000	8.59684	0.0	29596558	243	320.0
1610758920.84	320000	9.128371	0.0	29264466	241	320.0
1610758921.32	320000	9.641677	0.0	29949400	255	320.0
1610758921.83	320000	10.132753	0.0	30225692	256	320.0
1610758922.4	320000	10.68726	0.0	27528494	333	320.0
1610758922.98	320000	11.179645	0.0	28959567	350	320.0
1610758923.43	320000	11.737539	0.0	27200869	202	320.0
1610758923.97	320000	12.190824	0.0	37091406	276	320.0
1610758924.49	320000	12.680491	0.0	32442772	258	320.0
1610758925.1	320000	13.068538	0.0	38733768	317	320.0
1610758925.83	320000	13.34357	0.0	43207501	421	320.0
1610758926.45	320000	13.719529	0.0	39867273	320	320.0
1610758927.11	320000	14.059005	0.0	44687216	357	320.0
1610758927.67	320000	14.496655	0.0	37222510	252	320.0
1610758928.23	320000	14.942868	0.0	37697615	278	320.0
1610758928.49	320000	15.686094	0.0	13943369	108	320.0
1610758929.03	320000	16.143602	0.0	33909675	263	320.0
1610758929.84	320000	16.337632	0.0	25608467	597	320.0
1610758930.52	320000	16.657574	0.0	21666875	470	320.0
1610758931.18	320000	16.996401	0.0	29164819	429	320.0
1610758932.33	320000	16.845969	0.0	75257111	680	320.0
1610758933.38	320000	16.797273	0.0	71035332	560	320.0
1610758933.84	320000	17.344563	0.0	27276036	226	320.0
1610758934.25	320000	17.932692	0.0	23233775	195	320.0
1610758934.61	320000	18.571574	0.0	21096285	174	320.0
1610758935.09	320000	19.094028	0.0	28685524	242	320.0
1610758935.87	320000	19.313162	0.0	43551422	456	320.0
1610758937.06	320000	19.127922	0.0	65057331	786	320.0
1610758937.8	320000	19.383306	0.0	41329817	454	320.0
1610758938.43	320000	19.760553	0.0	30837965	377	320.0
1610758939.11	320000	20.085217	0.0	33542198	416	320.0
1610758939.82	320000	20.365044	0.0	43188629	397	320.0
1610758940.37	320000	20.820678	0.0	38404993	280	320.0
1610758941.11	320000	21.175023	0.0	50554338	362	320.0
1610758941.88	320000	21.48647	0.0	52531967	412	320.0
1610758942.84	320000	21.531797	0.0	54618297	582	320.0
1610758943.69	320000	21.67933	0.0	54267260	472	320.0
1610758944.46	320000	21.909674	0.0	46984925	431	320.0
1610758945.33	320000	22.043927	0.0	52441959	507	320.0
1610758946.29	320000	22.081969	0.0	56222410	575	320.0
1610758946.96	320000	22.416475	0.0	37045146	381	320.0
1610758947.52	320000	22.853364	0.0	31316241	311	320.0
1610758948.42	320000	22.992343	0.0	54539886	547	320.0
1610758949.35	320000	23.264648	0.0	54290338	546	320.0
1610758950.26	320000	23.352814	0.0	50306079	556	320.0
1610758950.91	320000	23.703834	0.0	39311524	351	320.0
1610758951.76	320000	23.852916	0.0	45141551	540	320.0
1610758952.56	320000	24.059799	0.0	38678341	480	320.0
1610758953.49	320000	24.123427	0.0	48869677	604	320.0
1610758954.41	320000	24.212078	0.0	48742469	559	320.0
1610758954.95	320000	24.672456	0.0	31052651	305	320.0
1610758955.6	320000	25.054338	0.0	35159774	339	320.0
1610758956.19	320000	25.531014	0.0	34685385	335	320.0
1610758956.87	320000	25.945299	0.0	36845249	403	320.0
1610758957.75	320000	26.061672	0.0	44043502	566	320.0
1610758958.36	320000	26.455502	0.0	28911363	382	320.0
1610758959.02	320000	26.793794	0.0	31997411	422	320.0
1610758959.76	320000	27.062992	0.0	37860562	448	320.0
1610758960.5	320000	27.320191	0.0	34218681	478	320.0
1610758961.27	320000	27.546696	0.0	30315897	534	320.0
1610758962.75	320000	27.163791	0.0	38074030	1174	320.0
1610758971.67	320000	20.171634	0.0	31856580	8582	320.0
1610758975.08	320000	18.520761	0.0	40986530	3109	320.0
1610758982.93	320000	11.673848	0.0	43161948	7531	320.0
1610758988.75	320000	6.852859	0.0	39216469	5522	320.0
1610758991.45	320000	5.154171	0.0	32708889	2412	320.0
1610758992.74	320000	4.85986	0.0	16257756	1124	320.0
1610758994.21	320000	4.420821	0.0	16440860	1298	320.0
1610758995.87	320000	4.041313	0.0	12523766	1496	320.0
1610758997.71	320000	3.19329	0.0	22159647	1652	320.0
1610758999.05	320000	2.853223	0.0	17516376	1162	320.0
1610758999.47	320000	3.436454	0.0	5119060	313	320.0
1610758999.79	320000	4.114535	0.0	3788776	227	320.0
1610759000.06	320000	4.852175	0.0	3041389	179	320.0
1610759000.15	320000	5.762432	0.0	640071	38	320.0
1610759000.38	320000	6.529789	0.0	3111318	182	320.0
1610759000.7	60000	1.000999	0.062	377897	20	-19.840000000000003
1610759001.7	320000	1.376267	0.0	14912671	785	60.0
1610759003.05	320000	1.425537	0.365	24265636	1106	203.2
1610759004.2	320000	1.399352	0.053	22711544	951	303.04
1610759005.12	320000	1.498151	0.0	19639705	741	320.0
1610759006.04	320000	1.641761	0.0	20946809	719	320.0
1610759006.55	320000	2.133681	0.0	11895609	368	320.0
1610759006.87	320000	2.809309	0.0	7597636	208	320.0
1610759008.89	320000	1.796824	0.0	56067905	1461	320.0
1610759010.08	320000	1.606517	0.0	46062054	863	320.0
1610759011.42	320000	1.40418	0.136	60496562	938	276.48
1610759013.54	320000	1.046987	0.79	90475604	1433	67.19999999999999
1610759016.07	320000	1.384903	1.768	94557637	2044	-245.76
1610759017.06	320000	1.540127	0.0	48403531	624	320.0
1610759018.31	320000	1.421148	0.0	63326685	844	320.0
1610759019.49	320000	1.282166	0.072	66782145	715	296.96
1610759019.85	320000	1.927648	0.0	13212243	205	320.0
1610759020.57	320000	2.252482	0.0	29387773	458	320.0
1610759021.0	320000	2.821229	0.0	17336677	259	320.0
1610759023.69	320000	1.140085	0.0	126296507	1618	320.0
1610759025.49	320000	1.248685	0.667	96707447	1203	106.56
1610759026.78	320000	1.309076	0.183	72904162	810	261.44
1610759028.04	320000	1.47563	0.441	66993756	889	178.88
1610759029.67	320000	1.402535	0.557	92389329	1153	141.76
1610759031.12	320000	1.424189	0.408	70549633	954	189.44
1610759032.16	320000	1.431006	0.0	50094571	691	320.0
