1610818909.09	60000	1.000999	0.308	336477	295	-98.56
1610818912.46	40000	1.282059	2.248	14648397	3174	-699.36
1610818913.9	40000	1.361435	0.492	17616813	1265	-117.44
1610818914.67	40000	1.620808	0.0	8581118	641	40.0
1610818915.13	40000	2.161495	0.0	4726840	355	40.0
1610818915.49	40000	2.827524	0.0	3421740	256	40.0
1610818915.74	40000	3.584367	0.0	1987360	148	40.0
1610818915.99	40000	4.327058	0.0	2185110	163	40.0
1610818916.8	40000	4.520415	0.0	9295618	676	40.0
1610818917.33	40000	4.988706	0.0	5971357	415	40.0
1610818918.8	80000	4.523242	0.0	15275967	1297	40.0
1610818920.58	80000	3.741808	0.0	20600381	1556	80.0
1610818922.13	80000	3.190999	0.0	17710542	1376	80.0
1610818923.21	110000	3.120184	0.0	10838546	926	80.0
1610818924.26	110000	3.068337	0.0	12783186	905	110.0
1610818925.36	110000	2.978176	0.0	13101938	945	110.0
1610818926.08	160000	3.246078	0.0	8346702	601	110.0
1610818927.62	160000	2.707788	0.0	15775481	1371	160.0
1610818928.38	160000	2.947268	0.0	9163235	627	160.0
1610818930.5	110000	1.833548	0.0	26576979	1844	60.0
1610818932.03	110000	1.303631	0.0	19285617	1344	110.0
1610818933.1	80000	1.271999	0.033	11453319	925	39.44
1610818934.28	80000	1.32658	0.242	13274781	1051	2.5600000000000023
1610818935.25	60000	1.361829	0.0	11644166	817	40.0
1610818935.93	60000	1.679794	0.0	8135330	558	60.0
1610818936.49	60000	2.126194	0.0	6391364	441	60.0
1610818938.01	40000	1.604925	0.0	18604040	1336	20.0
1610818939.67	40000	1.323239	0.38	20723782	1481	-81.6
1610818941.0	160000	1.45489	0.459	15251076	1180	-106.88
1610818942.65	160000	1.414649	0.606	16574034	1484	-33.91999999999999
1610818943.67	160000	1.391851	0.0	13009028	874	160.0
1610818944.81	160000	1.254228	0.0	12791674	998	160.0
1610818945.75	160000	1.316819	0.0	11137898	798	160.0
1610818946.67	160000	1.395033	0.0	11485310	771	160.0
1610818947.66	160000	1.436416	0.032	12428518	844	149.76
1610818948.51	160000	1.59476	0.0	9963766	712	160.0
1610818955.36	160000	1.310223	5.564	12189364	6707	-1620.48
1610818956.42	40000	1.3749	0.129	2382623	968	-121.28
1610818957.2	40000	1.597141	0.0	2243677	685	40.0
1610818958.05	40000	1.746873	0.0	3408862	751	40.0
1610818959.11	40000	1.685846	0.0	5061692	952	40.0
1610818962.1	40000	1.257502	1.557	13308063	2842	-458.24
1610818965.14	40000	1.315683	2.094	11857920	2901	-630.08
1610818965.75	40000	1.704567	0.0	2182595	517	40.0
1610818967.32	40000	1.411198	0.278	6334422	1464	-48.959999999999994
1610818968.55	40000	1.427956	0.251	5516229	1127	-40.31999999999999
1610818969.61	40000	1.441725	0.072	3897146	959	16.96
1610818970.48	40000	1.579478	0.0	3491407	758	40.0
1610818971.25	40000	1.805348	0.0	3184630	676	40.0
1610818972.4	110000	1.656185	0.0	4738333	1038	40.0
1610818973.8	110000	1.258703	0.0	6072231	1286	110.0
1610818974.81	110000	1.259668	0.014	4799875	909	105.52
1610818975.23	110000	1.853354	0.0	1790651	316	110.0
1610818975.59	110000	2.489912	0.0	1529278	267	110.0
1610818976.8	110000	2.274207	0.0	6558222	1100	110.0
1610818977.96	80000	2.115628	0.0	5642819	1044	50.0
1610818979.21	80000	1.865399	0.0	5815666	1139	80.0
1610818981.0	80000	1.288392	0.204	7667415	1666	14.719999999999999
1610818981.89	60000	1.493295	0.099	4397748	790	8.32
1610818982.51	60000	1.876793	0.0	3533955	516	60.0
1610818983.21	60000	2.17852	0.0	4257694	592	60.0
1610818984.0	60000	2.38921	0.0	5050780	676	60.0
1610818984.8	60000	2.584675	0.0	5270336	698	60.0
1610818985.45	60000	2.942429	0.0	4123549	536	60.0
1610818986.15	60000	3.236062	0.0	4164335	602	60.0
1610818987.05	60000	3.344539	0.0	4586890	786	60.0
1610818988.33	60000	3.065349	0.0	7674948	1156	60.0
1610818989.65	60000	2.746737	0.0	9132721	1189	60.0
1610818990.38	40000	3.014179	0.0	4905689	624	20.0
1610818991.28	40000	3.113317	0.0	6695853	784	40.0
1610818992.04	40000	3.353544	0.0	6133072	646	40.0
1610818992.98	80000	3.416309	0.0	8355811	809	40.0
1610818993.88	80000	3.520686	0.0	7699623	774	80.0
1610818994.57	60000	3.827126	0.0	6422673	576	40.0
1610818995.21	60000	4.191562	0.0	6358479	525	60.0
1610818995.9	60000	4.498383	0.0	7595952	573	60.0
1610818997.92	60000	3.483606	0.0	26329427	1793	60.0
1610818998.76	110000	3.64495	0.0	11574285	695	60.0
1610818999.8	110000	3.608428	0.0	17560011	857	110.0
1610819001.27	160000	3.134082	0.0	23982306	1268	110.0
1610819001.95	160000	3.451316	0.0	13347845	539	160.0
1610819002.71	160000	3.693666	0.0	14337991	611	160.0
1610819004.2	320000	3.211258	0.0	29596558	1208	160.0
1610819005.43	320000	2.977295	0.0	29264466	1001	320.0
1610819006.72	320000	2.685256	0.0	29949400	1047	320.0
1610819008.05	320000	2.357918	0.0	30225692	1074	320.0
1610819009.18	320000	2.2307	0.0	27528494	902	320.0
1610819010.28	320000	2.132724	0.0	28959567	866	320.0
1610819011.19	320000	2.225263	0.0	27200869	675	320.0
1610819012.37	320000	2.039935	0.0	37091406	860	320.0
1610819013.29	320000	2.124053	0.0	32442772	662	320.0
1610819014.29	320000	2.124007	0.0	38733768	711	320.0
1610819015.33	320000	2.08812	0.0	43207501	734	320.0
1610819016.31	320000	2.112467	0.0	39867273	687	320.0
1610819017.4	320000	2.023343	0.0	44687216	777	320.0
1610819018.3	320000	2.123089	0.0	37222510	626	320.0
1610819019.16	320000	2.364387	0.0	37697615	584	320.0
1610819019.53	320000	3.093482	0.0	13943369	212	320.0
1610819020.33	320000	3.30147	0.0	33909675	516	320.0
1610819020.92	320000	3.710443	0.0	25608467	371	320.0
1610819022.3	320000	3.32797	0.0	21666875	1173	320.0
1610819022.99	320000	3.64198	0.0	29164819	434	320.0
1610819023.3	40000	4.333523	0.0	12176825	162	-240.0
1610819023.57	40000	5.064125	0.0	10062382	129	40.0
1610819023.71	40000	5.922018	0.0	3552565	45	40.0
1610819024.21	320000	6.418604	0.0	23233775	297	40.0
1610819024.69	320000	6.941255	0.0	21096285	285	320.0
1610819025.32	320000	7.318738	0.0	28685524	385	320.0
1610819026.18	320000	7.455429	0.0	43551422	546	320.0
1610819029.02	320000	5.66485	0.0	65057331	2267	320.0
1610819029.75	320000	5.935695	0.0	41329817	412	320.0
1610819030.32	320000	6.367091	0.0	30837965	309	320.0
1610819031.1	320000	6.594429	0.0	33542198	517	320.0
1610819031.9	320000	6.791969	0.0	43188629	491	320.0
1610819032.7	320000	6.991977	0.0	38404993	501	320.0
1610819033.83	320000	6.898591	0.0	50554338	737	320.0
1610819034.98	320000	6.898321	0.0	52531967	757	320.0
1610819035.99	320000	6.93458	0.0	54618297	623	320.0
1610819037.03	320000	6.897053	0.0	54267260	663	320.0
1610819037.95	320000	6.97516	0.0	46984925	583	320.0
1610819039.01	320000	6.918479	0.0	52441959	669	320.0
1610819040.02	320000	6.914095	0.0	56222410	608	320.0
1610819040.73	320000	7.199187	0.0	37045146	434	320.0
1610819041.37	320000	7.664275	0.0	31316241	385	320.0
1610819042.57	320000	7.621408	0.0	54539886	806	320.0
1610819043.54	320000	7.762112	0.0	54290338	573	320.0
1610819044.5	320000	8.108421	0.0	50306079	582	320.0
1610819045.25	320000	8.512696	0.0	39311524	446	320.0
1610819046.11	320000	8.826473	0.0	45141551	518	320.0
1610819046.78	320000	9.151812	0.0	38678341	372	320.0
1610819047.62	320000	9.378789	0.0	48869677	467	320.0
1610819048.54	320000	9.50309	0.0	48742469	563	320.0
1610819049.1	320000	9.941352	0.0	31052651	285	320.0
1610819049.73	320000	10.303957	0.0	35159774	364	320.0
1610819050.38	320000	10.759147	0.0	34685385	378	320.0
1610819050.94	320000	11.46487	0.0	36845249	258	320.0
1610819051.61	320000	11.876751	0.0	44043502	327	320.0
1610819052.13	320000	12.460407	0.0	28911363	261	320.0
1610819052.68	320000	13.167882	0.0	31997411	314	320.0
1610819053.37	320000	13.591335	0.0	37860562	387	320.0
1610819054.0	320000	13.958832	0.0	34218681	341	320.0
1610819054.52	320000	14.436815	0.0	30315897	287	320.0
1610819055.12	320000	14.8414	0.0	38074030	302	320.0
1610819055.63	320000	15.327597	0.0	31856580	266	320.0
1610819056.28	320000	15.681552	0.0	40986530	354	320.0
1610819057.01	320000	15.951513	0.0	43161948	396	320.0
1610819057.65	320000	16.315278	0.0	39216469	326	320.0
1610819058.15	320000	16.814355	0.0	32708889	215	320.0
1610819058.43	320000	17.530349	0.0	16257756	114	320.0
1610819058.72	320000	18.251413	0.0	16440860	117	320.0
1610819058.96	320000	19.003708	0.0	12523766	90	320.0
1610819059.32	320000	19.64608	0.0	22159647	159	320.0
1610819059.76	320000	20.2109	0.0	17516376	253	320.0
1610819059.94	320000	21.031973	0.0	5119060	74	320.0
1610819060.08	320000	21.889855	0.0	3788776	55	320.0
1610819060.2	320000	22.774067	0.0	3041389	44	320.0
1610819060.26	320000	23.714163	0.0	640071	9	320.0
1610819060.36	320000	24.616318	0.0	3111318	44	320.0
1610819061.43	60000	1.000999	0.526	377897	501	-168.32
1610819064.61	40000	1.312215	2.204	14648397	2981	-685.28
1610819065.05	40000	1.871948	0.0	17616813	237	40.0
1610819065.29	40000	2.631865	0.0	8581118	116	40.0
1610819065.45	40000	3.50872	0.0	4726840	40	40.0
1610819065.58	40000	4.41817	0.0	3421740	26	40.0
1610819065.81	320000	5.180329	0.0	11895609	93	40.0
1610819065.99	320000	6.009574	0.0	7597636	61	320.0
1610819067.05	320000	6.018271	0.0	56067905	441	320.0
1610819067.74	320000	6.3469	0.0	46062054	365	320.0
1610819068.7	320000	6.391207	0.0	60496562	549	320.0
1610819070.25	320000	5.842603	0.0	90475604	750	320.0
1610819071.61	320000	5.480238	0.0	94557637	762	320.0
1610819072.28	320000	5.816675	0.0	48403531	320	320.0
1610819073.17	320000	5.924322	0.0	63326685	449	320.0
1610819074.08	320000	6.020217	0.0	66782145	443	320.0
1610819074.31	320000	6.794413	0.0	13212243	82	320.0
1610819074.77	320000	7.333304	0.0	29387773	210	320.0
1610819075.07	320000	8.028908	0.0	17336677	128	320.0
1610819077.03	320000	7.578661	0.0	126296507	807	320.0
1610819078.35	320000	7.371727	0.0	96707447	673	320.0
1610819079.42	320000	7.310446	0.0	72904162	547	320.0
1610819080.25	320000	7.590808	0.0	66993756	368	320.0
1610819081.45	320000	7.404386	0.0	92389329	632	320.0
1610819082.41	320000	7.449006	0.0	70549633	462	320.0
1610819083.19	320000	7.691149	0.0	50094571	414	320.0
