1607420545.29	40000	1.000999	0.023	334476	11	-3.6799999999999997
1607420546.02	160000	1.6375	0.0	14912671	488	40.0
1607420546.68	160000	1.976763	0.0	24265636	382	160.0
1607420547.16	160000	2.527465	0.0	22711544	265	160.0
1607420547.55	160000	3.13698	0.0	19639705	201	160.0
1607420547.96	160000	3.775243	0.0	20946809	215	160.0
1607420548.19	160000	4.54758	0.0	11895609	89	160.0
1607420548.38	160000	5.382057	0.0	7597636	56	160.0
1607420549.35	160000	5.438146	0.0	56067905	418	160.0
1607420550.03	160000	5.819071	0.0	45444680	349	160.0
1607420550.79	160000	6.055587	0.0	54798068	395	160.0
1607420551.78	160000	6.061514	0.0	69464107	444	160.0
1607420552.4	160000	6.440367	0.0	50637608	274	160.0
1607420552.69	160000	7.151444	0.0	19559369	108	160.0
1607420553.01	160000	7.836297	0.0	22224402	120	160.0
1607420553.32	160000	8.528147	0.0	22578365	114	160.0
1607420553.49	160000	9.361666	0.0	8346702	34	160.0
1607420553.73	160000	10.116969	0.0	15775481	79	160.0
1607420553.91	160000	10.943006	0.0	9163235	46	160.0
1607420554.41	160000	11.440586	0.0	41307095	211	160.0
1607420554.81	160000	12.038752	0.0	28763893	146	160.0
1607420555.11	160000	12.744172	0.0	21266416	100	160.0
1607420555.44	160000	13.412588	0.0	23702229	115	160.0
1607420555.79	160000	14.060905	0.0	27580394	129	160.0
1607420556.09	160000	14.764759	0.0	20329780	96	160.0
1607420556.33	160000	15.522926	0.0	16109183	76	160.0
1607420557.04	160000	15.81843	0.0	58830800	289	160.0
1607420557.8	160000	16.121649	0.0	66935122	298	160.0
1607420558.03	160000	16.918738	0.0	15251076	74	160.0
1607420558.29	160000	17.658195	0.0	16574034	94	160.0
1607420558.51	160000	18.440223	0.0	13009028	75	160.0
1607420558.72	160000	19.228907	0.0	12791674	73	160.0
1607420558.93	160000	20.023119	0.0	11137898	71	160.0
1607420559.12	160000	20.836311	0.0	11485310	51	160.0
1607420559.31	160000	21.641933	0.0	12428518	55	160.0
1607420559.48	160000	22.469778	0.0	9963766	45	160.0
1607420559.69	160000	23.271769	0.0	12189364	54	160.0
1607420559.86	160000	24.093983	0.0	10142396	45	160.0
1607420560.03	160000	24.921275	0.0	10185488	45	160.0
1607420560.25	160000	25.706728	0.0	14061455	64	160.0
1607420560.53	160000	26.431327	0.0	20074099	95	160.0
1607420561.07	160000	26.892594	0.0	46115254	212	160.0
1607420561.65	160000	27.309888	0.0	40906522	278	160.0
1607420561.83	160000	28.135348	0.0	7891151	51	160.0
1607420562.18	160000	28.781053	0.0	21012466	169	160.0
1607420562.58	160000	29.384303	0.0	23519424	201	160.0
1607420562.91	160000	30.050245	0.0	18715420	160	160.0
1607420563.19	160000	30.769587	0.0	17000816	113	160.0
1607420563.45	160000	31.518284	0.0	14448126	97	160.0
1607420563.61	160000	32.352653	0.0	6958676	43	160.0
1607420563.8	160000	33.168121	0.0	9088791	58	160.0
1607420563.96	160000	34.007279	0.0	7211881	48	160.0
1607420564.08	160000	34.893715	0.0	3063586	22	160.0
1607420564.19	160000	35.785178	0.0	2782179	20	160.0
1607420564.38	160000	36.590142	0.0	9958410	72	160.0
1607420564.61	160000	37.361332	0.0	12158708	93	160.0
1607420564.84	160000	38.134812	0.0	12300216	88	160.0
1607420565.19	160000	38.787449	0.0	15815684	183	160.0
1607420565.53	160000	39.449247	0.0	13526256	196	160.0
1607420565.84	160000	40.134977	0.0	11995130	171	160.0
1607420568.24	160000	38.736499	0.0	13394791	2254	160.0
1607420569.3	160000	38.676957	0.0	14135828	901	160.0
1607420569.83	160000	39.158939	0.0	15366126	365	160.0
1607420570.76	160000	39.223089	0.0	14248439	785	160.0
1607420574.14	160000	36.844311	0.0	13843717	3230	160.0
1607420576.9	160000	35.083391	0.0	14665119	2605	160.0
1607420578.36	160000	34.620728	0.0	21079187	1276	160.0
1607420579.4	160000	34.582363	0.0	25480074	830	160.0
1607420579.9	160000	35.081321	0.0	23021754	302	160.0
1607420580.41	160000	35.57851	0.0	27527834	277	160.0
1607420580.88	160000	36.105823	0.0	26155848	243	160.0
1607420581.22	160000	36.769222	0.0	17849379	166	160.0
1607420581.54	160000	37.453424	0.0	16546531	154	160.0
1607420581.88	160000	38.107585	0.0	17718949	159	160.0
1607420582.23	160000	38.765283	0.0	17337137	172	160.0
1607420582.63	160000	39.362639	0.0	20008245	223	160.0
1607420583.62	160000	39.377227	0.0	58430914	598	160.0
1607420583.94	160000	40.058662	0.0	16292703	146	160.0
1607420584.39	160000	40.608647	0.0	25587422	243	160.0
1607420584.82	160000	41.179669	0.0	23982306	229	160.0
1607420585.09	160000	41.906183	0.0	13347845	128	160.0
1607420585.39	160000	42.606276	0.0	14337991	154	160.0
1607420585.71	160000	43.298584	0.0	14584990	158	160.0
1607420586.0	160000	43.998735	0.0	13962401	151	160.0
1607420586.32	160000	44.68471	0.0	14393788	170	160.0
1607420586.64	160000	45.365303	0.0	14649457	173	160.0
1607420586.95	160000	46.057926	0.0	13409715	157	160.0
1607420587.26	160000	46.748015	0.0	13909605	161	160.0
1607420587.55	160000	47.454089	0.0	13301968	153	160.0
1607420587.95	160000	48.051969	0.0	19025846	218	160.0
1607420588.35	160000	48.654508	0.0	19295426	219	160.0
1607420588.73	160000	49.277939	0.0	18261873	207	160.0
1607420589.14	160000	49.867787	0.0	19847604	225	160.0
1607420589.51	160000	50.505476	0.0	18767181	189	160.0
1607420589.93	160000	51.085396	0.0	22420858	226	160.0
1607420591.15	160000	50.866692	0.0	19324333	1033	160.0
1607420592.36	160000	50.650219	0.0	20392234	1031	160.0
1607420592.6	160000	51.419152	0.0	7671072	114	160.0
1607420593.03	160000	51.983915	0.0	17781906	265	160.0
1607420593.35	160000	52.663973	0.0	12839336	177	160.0
1607420593.63	160000	53.384275	0.0	10779770	148	160.0
1607420593.99	160000	54.03341	0.0	14606687	201	160.0
1607420594.65	160000	54.369395	0.0	41866951	355	160.0
1607420595.22	160000	54.797505	0.0	37238410	283	160.0
1607420595.47	160000	55.549954	0.0	14347759	97	160.0
1607420595.68	160000	56.344588	0.0	11399187	73	160.0
1607420595.88	160000	57.14691	0.0	10358641	64	160.0
1607420596.12	160000	57.907174	0.0	14315696	92	160.0
1607420596.46	160000	58.570222	0.0	23283631	141	160.0
1607420596.96	160000	59.062566	0.0	37521367	226	160.0
1607420597.29	160000	59.735643	0.0	22241104	139	160.0
1607420598.57	160000	59.626357	0.0	15813346	117	160.0
1607420599.37	160000	59.877214	0.0	17116450	138	160.0
1607420600.26	160000	59.878256	0.0	18867054	210	160.0
1607420601.57	160000	59.629229	0.0	17393609	146	160.0
1607420602.51	160000	59.630245	0.0	24759401	222	160.0
1607420603.49	160000	59.631233	0.0	25782433	260	160.0
1607420604.43	160000	59.632264	0.0	25885372	218	160.0
1607420605.46	160000	59.633281	0.0	26242011	308	160.0
1607420606.43	160000	59.634229	0.0	23865378	255	160.0
1607420607.37	160000	59.877574	0.0	25470681	235	160.0
1607420608.39	160000	59.828518	0.0	27258768	283	160.0
1607420609.26	160000	59.887301	0.0	17853711	200	160.0
1607420610.57	160000	59.63828	0.0	14829893	158	160.0
1607420611.18	160000	59.864476	0.0	27779697	373	160.0
1607420612.2	160000	59.890235	0.0	27714923	297	160.0
1607420613.18	160000	59.891271	0.0	25946474	261	160.0
1607420614.57	160000	59.642268	0.0	19596259	205	160.0
1607420615.52	160000	59.643287	0.0	23774167	246	160.0
1607420616.4	160000	59.894259	0.0	19373656	196	160.0
1607420617.36	160000	59.895353	0.0	23977420	261	160.0
1607420618.34	160000	59.896238	0.0	24493733	277	160.0
1607420619.18	160000	59.897287	0.0	14528511	187	160.0
1607420620.66	160000	59.389535	0.0	16841176	1310	160.0
1607420621.2	160000	59.851416	0.0	16743604	372	160.0
1607420625.42	160000	56.636522	0.0	17975224	4035	160.0
1607420626.52	160000	56.53643	0.0	22329548	910	160.0
1607420626.81	160000	57.249913	0.0	16001583	120	160.0
1607420627.11	160000	57.944495	0.0	18238584	137	160.0
1607420627.47	160000	58.589879	0.0	21308824	159	160.0
1607420627.76	160000	59.301286	0.0	17749058	121	160.0
1607420628.5	160000	59.656358	0.0	14127787	96	160.0
1607420629.27	160000	59.907255	0.0	17525699	100	160.0
1607420630.49	160000	59.658376	0.0	14240042	74	160.0
1607420631.29	160000	59.909336	0.0	20324139	118	160.0
1607420632.61	160000	59.660283	0.0	21993033	127	160.0
1607420633.42	160000	59.661294	0.0	18863108	125	160.0
1607420634.19	160000	59.912356	0.0	15964734	111	160.0
1607420635.37	160000	59.913349	0.0	8284939	58	160.0
1607420636.53	160000	59.6643	0.0	9004706	45	160.0
1607420637.18	160000	59.915348	0.0	6955279	37	160.0
1607420638.37	160000	59.916289	0.0	10701639	55	160.0
1607420639.55	160000	59.667252	0.0	9459459	53	160.0
1607420640.17	160000	59.918242	0.0	3212828	21	160.0
1607420641.27	160000	59.919296	0.0	2509989	15	160.0
1607420642.35	160000	59.92028	0.0	2004927	12	160.0
1607420643.41	160000	59.671384	0.0	591360	3	160.0
1607420645.0	160000	59.606062	0.0	2394426	44	160.0
1607420645.39	40000	1.000999	0.05	336477	2	-8.0
1607420645.78	160000	1.94057	0.0	14912671	139	40.0
1607420646.29	160000	2.426873	0.0	24265636	224	160.0
1607420646.71	160000	3.004895	0.0	22711544	217	160.0
1607420647.09	160000	3.629463	0.0	19639705	193	160.0
1607420647.49	160000	4.29981	0.0	20946809	204	160.0
1607420647.75	160000	5.037203	0.0	11895609	124	160.0
1607420647.94	160000	5.892431	0.0	7597636	79	160.0
1607420649.02	160000	5.870909	0.0	56067905	529	160.0
1607420649.65	160000	6.266462	0.0	45444680	299	160.0
1607420650.41	160000	6.531543	0.0	54798068	396	160.0
1607420651.39	160000	6.556542	0.0	69464107	433	160.0
1607420652.02	160000	6.928272	0.0	50637608	279	160.0
1607420652.31	160000	7.634986	0.0	19559369	110	160.0
1607420652.64	160000	8.30498	0.0	22224402	138	160.0
1607420653.02	160000	8.927074	0.0	22578365	185	160.0
1607420653.22	160000	9.731499	0.0	8346702	68	160.0
1607420653.51	160000	10.44141	0.0	15775481	129	160.0
1607420653.69	160000	11.261243	0.0	9163235	54	160.0
1607420654.23	160000	11.719986	0.0	41307095	247	160.0
1607420654.65	160000	12.305038	0.0	28763893	172	160.0
1607420654.98	160000	12.970416	0.0	21266416	141	160.0
1607420655.36	160000	13.596159	0.0	23702229	158	160.0
1607420655.77	160000	14.18678	0.0	27580394	184	160.0
1607420656.11	160000	14.851841	0.0	20329780	132	160.0
1607420656.38	160000	15.580895	0.0	16109183	108	160.0
1607420657.23	160000	15.730823	0.0	58830800	428	160.0
1607420658.16	160000	15.864168	0.0	66935122	477	160.0
1607420658.43	160000	16.597189	0.0	15251076	107	160.0
1607420658.71	160000	17.316979	0.0	16574034	113	160.0
1607420658.94	160000	18.088027	0.0	13009028	89	160.0
