1610816040.57	60000	1.000999	0.015	336477	3	-4.799999999999997
1610816040.92	320000	1.942473	0.0	14912671	130	60.0
1610816041.34	320000	2.605866	0.0	24265636	211	320.0
1610816041.7	320000	3.254196	0.0	22711544	207	320.0
1610816042.0	320000	3.947353	0.0	19639705	179	320.0
1610816042.32	320000	4.628175	0.0	20946809	194	320.0
1610816042.52	320000	5.51526	0.0	11895609	123	320.0
1610816042.67	320000	6.408671	0.0	7597636	93	320.0
1610816043.87	320000	6.270177	0.0	56067905	685	320.0
1610816044.61	320000	6.56328	0.0	46062054	485	320.0
1610816045.59	320000	6.657644	0.0	60496562	519	320.0
1610816047.23	320000	6.021962	0.0	90475604	871	320.0
1610816048.72	320000	5.530706	0.0	94557637	957	320.0
1610816049.49	320000	5.759852	0.0	48403531	467	320.0
1610816050.46	320000	5.784452	0.0	63326685	596	320.0
1610816051.49	320000	5.759716	0.0	66782145	611	320.0
1610816051.72	320000	6.527022	0.0	13212243	145	320.0
1610816052.22	320000	7.026506	0.0	29387773	320	320.0
1610816052.55	320000	7.773315	0.0	17336677	190	320.0
1610816054.96	320000	6.901815	0.0	126296507	1499	320.0
1610816056.65	320000	6.212756	0.0	96707447	1115	320.0
1610816057.87	320000	6.128695	0.0	72904162	777	320.0
1610816058.95	320000	6.043842	0.0	66993756	661	320.0
1610816060.27	320000	5.725753	0.0	92389329	742	320.0
1610816061.45	320000	5.694795	0.0	70549633	740	320.0
1610816062.28	320000	6.165689	0.0	50094571	536	320.0
1610816064.38	320000	5.346653	0.0	124391138	1289	320.0
1610816066.64	320000	4.218339	0.0	139539685	1240	320.0
1610816067.42	320000	4.597569	0.0	44512381	463	320.0
1610816068.17	320000	4.850266	0.0	46257154	473	320.0
1610816068.74	320000	5.268861	0.0	34846600	364	320.0
1610816069.32	320000	5.826423	0.0	33828007	371	320.0
1610816069.84	320000	6.491286	0.0	30396599	329	320.0
1610816070.35	320000	7.103032	0.0	30979822	305	320.0
1610816070.86	320000	7.803267	0.0	33204608	319	320.0
1610816071.22	320000	8.6215	0.0	23618590	215	320.0
1610816071.64	320000	9.401925	0.0	27475995	253	320.0
1610816072.05	320000	10.231173	0.0	26460007	246	320.0
1610816072.46	320000	10.898208	0.0	26763657	249	320.0
1610816072.99	320000	11.432027	0.0	33826873	340	320.0
1610816073.67	320000	11.895149	0.0	41214174	435	320.0
1610816075.07	320000	11.68197	0.0	83204731	883	320.0
1610816076.51	320000	11.237375	0.0	75539257	1030	320.0
1610816076.85	320000	11.903426	0.0	16577177	226	320.0
1610816077.62	320000	12.129921	0.0	39814357	556	320.0
1610816078.54	320000	12.21225	0.0	50277186	642	320.0
1610816079.35	320000	12.407346	0.0	43375920	564	320.0
1610816080.05	320000	12.710013	0.0	39748690	455	320.0
1610816080.55	320000	13.204502	0.0	32725949	313	320.0
1610816080.79	320000	13.972658	0.0	15673611	140	320.0
1610816081.08	320000	14.678412	0.0	20850595	170	320.0
1610816081.32	320000	15.441725	0.0	16458609	135	320.0
1610816081.45	320000	16.311995	0.0	8700077	71	320.0
1610816081.58	320000	17.187939	0.0	8292135	67	320.0
1610816081.91	320000	17.849626	0.0	22212109	192	320.0
1610816082.35	320000	18.418673	0.0	27931458	258	320.0
1610816082.77	320000	18.99631	0.0	28076035	261	320.0
1610816085.06	320000	17.707698	0.0	34615012	2093	320.0
1610816085.92	320000	17.884967	0.0	31574841	673	320.0
1610816086.34	320000	18.466089	0.0	28857310	239	320.0
1610816086.81	320000	19.071961	0.0	30799251	255	320.0
1610816087.35	320000	19.531197	0.0	29900862	360	320.0
1610816087.91	320000	19.990155	0.0	32431711	376	320.0
1610816088.38	320000	20.524804	0.0	32680833	285	320.0
1610816088.82	320000	21.085915	0.0	30468229	264	320.0
1610816089.34	320000	21.561222	0.0	31594806	315	320.0
1610816090.03	320000	21.871724	0.0	43158259	442	320.0
1610816090.94	320000	21.992772	0.0	53696400	610	320.0
1610816091.75	320000	22.271091	0.0	49804325	475	320.0
1610816092.48	320000	22.577526	0.0	56230532	405	320.0
1610816093.24	320000	22.825664	0.0	54033728	434	320.0
1610816093.84	320000	23.21474	0.0	40265492	372	320.0
1610816094.35	320000	23.709756	0.0	37527577	297	320.0
1610816094.87	320000	24.192718	0.0	38354537	303	320.0
1610816095.36	320000	24.702971	0.0	33905183	300	320.0
1610816095.94	320000	25.126656	0.0	37964644	337	320.0
1610816097.06	320000	25.000063	0.0	91609209	640	320.0
1610816097.51	320000	25.551912	0.0	30861098	268	320.0
1610816098.3	320000	25.763242	0.0	53161890	496	320.0
1610816099.08	320000	25.984208	0.0	49661559	505	320.0
1610816099.61	320000	26.462686	0.0	27673254	364	320.0
1610816101.33	320000	25.744039	0.0	29061600	1550	320.0
1610816102.64	320000	25.428272	0.0	29596558	1139	320.0
1610816103.34	320000	25.735246	0.0	29264466	527	320.0
1610816103.98	320000	26.091332	0.0	29949400	471	320.0
1610816104.58	320000	26.49015	0.0	30225692	429	320.0
1610816105.2	320000	26.871373	0.0	27528494	452	320.0
1610816105.94	320000	27.134911	0.0	28959567	546	320.0
1610816106.54	320000	27.53475	0.0	27200869	447	320.0
1610816107.27	320000	27.811896	0.0	37091406	516	320.0
1610816107.84	320000	28.24112	0.0	32442772	389	320.0
1610816108.49	320000	28.5861	0.0	38733768	436	320.0
1610816109.32	320000	28.768034	0.0	43207501	563	320.0
1610816110.24	320000	28.841201	0.0	39867273	700	320.0
1610816111.37	320000	28.714573	0.0	44687216	872	320.0
1610816112.22	320000	28.926061	0.0	37222510	638	320.0
1610816113.13	320000	29.170727	0.0	37697615	691	320.0
1610816113.46	320000	29.848035	0.0	13943369	240	320.0
1610816114.19	320000	30.274872	0.0	33909675	540	320.0
1610816114.69	320000	30.845132	0.0	25608467	341	320.0
1610816115.15	320000	31.432195	0.0	21666875	325	320.0
1610816115.85	320000	31.73875	0.0	29164819	506	320.0
1610816117.07	320000	31.539907	0.0	75257111	772	320.0
1610816118.6	320000	31.018737	0.0	71035332	1121	320.0
1610816119.23	320000	31.385114	0.0	27276036	464	320.0
1610816119.73	320000	31.885984	0.0	23233775	362	320.0
1610816120.22	320000	32.401709	0.0	21096285	347	320.0
1610816120.91	320000	32.707845	0.0	28685524	504	320.0
1610816121.8	320000	32.875445	0.0	43551422	618	320.0
1610816123.12	320000	32.746847	0.0	65057331	901	320.0
1610816123.84	320000	33.036177	0.0	41329817	467	320.0
1610816124.38	320000	33.48944	0.0	30837965	363	320.0
1610816125.0	320000	33.875748	0.0	33542198	401	320.0
1610816125.79	320000	34.079311	0.0	43188629	546	320.0
1610816126.49	320000	34.388992	0.0	38404993	467	320.0
1610816127.39	320000	34.485599	0.0	50554338	616	320.0
1610816128.39	320000	34.482516	0.0	52531967	657	320.0
1610816129.31	320000	34.567615	0.0	54618297	608	320.0
1610816130.29	320000	34.586759	0.0	54267260	673	320.0
1610816132.59	320000	33.285576	0.0	46984925	2021	320.0
1610816133.57	320000	33.311429	0.0	52441959	678	320.0
1610816134.35	320000	33.531869	0.0	56222410	467	320.0
1610816134.81	320000	34.074971	0.0	37045146	224	320.0
1610816135.19	320000	34.694587	0.0	31316241	189	320.0
1610816135.81	320000	35.07041	0.0	54539886	312	320.0
1610816136.48	320000	35.405388	0.0	54290338	320	320.0
1610816137.07	320000	35.813585	0.0	50306079	304	320.0
1610816137.55	320000	36.340156	0.0	39311524	243	320.0
1610816138.13	320000	36.759965	0.0	45141551	279	320.0
1610816138.59	320000	37.294781	0.0	38678341	244	320.0
1610816139.18	320000	37.711837	0.0	48869677	308	320.0
1610816139.83	320000	38.059406	0.0	48742469	335	320.0
1610816140.23	320000	38.733166	0.0	31052651	208	320.0
1610816140.64	320000	39.349837	0.0	35159774	208	320.0
1610816141.05	320000	40.046843	0.0	34685385	202	320.0
1610816141.5	320000	40.599713	0.0	36845249	201	320.0
1610816141.99	320000	41.110928	0.0	44043502	241	320.0
1610816142.34	320000	41.757526	0.0	28911363	184	320.0
1610816142.74	320000	42.360117	0.0	31997411	213	320.0
1610816143.24	320000	42.877273	0.0	37860562	255	320.0
1610816143.65	320000	43.464651	0.0	34218681	210	320.0
1610816144.02	320000	44.101472	0.0	30315897	187	320.0
1610816144.49	320000	44.633165	0.0	38074030	238	320.0
1610816144.88	320000	45.239209	0.0	31856580	200	320.0
1610816145.4	320000	45.721513	0.0	40986530	277	320.0
1610816146.0	320000	46.121206	0.0	43161948	326	320.0
1610816146.5	320000	46.626664	0.0	39216469	259	320.0
1610816146.9	320000	47.223106	0.0	32708889	211	320.0
1610816147.11	320000	48.017898	0.0	16257756	104	320.0
1610816147.3	320000	48.832211	0.0	16440860	86	320.0
1610816147.45	320000	49.682929	0.0	12523766	58	320.0
1610816147.69	320000	50.459114	0.0	22159647	113	320.0
1610816147.92	320000	51.281098	0.0	17516376	90	320.0
1610816147.99	320000	52.209932	0.0	5119060	27	320.0
1610816148.04	320000	53.155983	0.0	3788776	20	320.0
1610816148.09	320000	54.111806	0.0	3041389	15	320.0
1610816148.11	320000	55.090924	0.0	640071	4	320.0
1610816148.16	320000	56.045096	0.0	3111318	21	320.0
1610816148.61	60000	1.000999	0.135	377897	3	-43.2
1610816148.9	320000	2.001999	0.0	14912671	101	60.0
1610816149.29	320000	2.774144	0.0	24265636	166	320.0
1610816149.63	320000	3.440768	0.0	22711544	196	320.0
1610816149.93	320000	4.143395	0.0	19639705	171	320.0
1610816150.26	320000	4.812343	0.0	20946809	196	320.0
1610816150.48	320000	5.589923	0.0	11895609	149	320.0
1610816150.63	320000	6.480241	0.0	7597636	95	320.0
1610816151.81	320000	6.36446	0.0	56067905	628	320.0
1610816152.51	320000	6.703448	0.0	46062054	415	320.0
1610816153.46	320000	6.823546	0.0	60496562	585	320.0
1610816154.84	320000	6.440747	0.0	90475604	620	320.0
1610816156.21	320000	6.079455	0.0	94557637	821	320.0
1610816157.08	320000	6.229442	0.0	48403531	575	320.0
1610816158.27	320000	6.020092	0.0	63326685	794	320.0
1610816162.79	320000	3.06057	0.0	66782145	4087	320.0
1610816163.69	320000	3.157916	0.0	13212243	819	320.0
1610816167.12	320000	1.283512	0.477	29387773	3258	167.36
1610816168.57	320000	1.261722	0.428	17336677	1357	183.04
1610816169.29	40000	1.541444	0.0	11199212	640	-240.0
1610816169.56	40000	2.266822	0.0	8376884	216	40.0
1610816171.5	320000	1.332896	0.0	72904162	1520	40.0
1610816172.79	320000	1.258291	0.188	66993756	876	259.84000000000003
1610816174.62	320000	1.411352	1.023	92389329	1364	-7.360000000000014
1610816176.0	320000	1.274383	0.158	70549633	964	269.44
1610816176.86	320000	1.411865	0.0	50094571	537	320.0
1610816179.04	320000	1.291701	1.052	124391138	1396	-16.639999999999986
1610816181.33	320000	0.986161	0.667	139539685	1340	106.56
1610816181.97	320000	1.628818	0.0	44512381	361	320.0
