1607408969.31	40000	1.000999	0.014	334476	3	-2.240000000000002
1607408969.71	160000	1.89499	0.0	14912671	144	40.0
1607408970.24	160000	2.454031	0.0	24265636	238	160.0
1607408970.64	160000	3.054514	0.0	22711544	175	160.0
1607408970.98	160000	3.714458	0.0	19639705	150	160.0
1607408971.34	160000	4.379645	0.0	20946809	163	160.0
1607408971.59	160000	5.138964	0.0	11895609	95	160.0
1607408971.78	160000	5.978736	0.0	7597636	61	160.0
1607408972.75	160000	6.025602	0.0	56067905	437	160.0
1607408973.4	160000	6.398374	0.0	45444680	346	160.0
1607408974.26	160000	6.598676	0.0	54798068	485	160.0
1607408975.38	160000	6.472703	0.0	69464107	589	160.0
1607408976.15	160000	6.710875	0.0	50637608	427	160.0
1607408976.51	160000	7.354176	0.0	19559369	174	160.0
1607408976.9	160000	7.960375	0.0	22224402	197	160.0
1607408977.33	160000	8.53599	0.0	22578365	212	160.0
1607408977.5	160000	9.360033	0.0	8346702	53	160.0
1607408977.78	160000	10.086384	0.0	15775481	100	160.0
1607408977.97	160000	10.897635	0.0	9163235	59	160.0
1607408979.61	160000	10.250992	0.0	41307095	1352	160.0
1607408981.95	160000	8.970596	0.0	28763893	2070	160.0
1607408983.8	160000	8.120596	0.0	21266416	1648	160.0
1607408984.91	160000	8.00828	0.0	23702229	889	160.0
1607408985.68	160000	8.240595	0.0	27580394	551	160.0
1607408986.22	160000	8.703208	0.0	20329780	328	160.0
1607408986.61	160000	9.308707	0.0	16109183	229	160.0
1607408987.87	160000	9.054735	0.0	58830800	846	160.0
1607408989.33	160000	8.595931	0.0	66935122	1025	160.0
1607408989.68	160000	9.247782	0.0	15251076	179	160.0
1607408990.04	160000	9.883401	0.0	16574034	196	160.0
1607408990.34	160000	10.586046	0.0	13009028	153	160.0
1607408990.6	160000	11.326315	0.0	12791674	117	160.0
1607408990.84	160000	12.090271	0.0	11137898	101	160.0
1607408991.08	160000	12.846263	0.0	11485310	104	160.0
1607408991.35	160000	13.583881	0.0	12428518	107	160.0
1607408991.63	160000	14.300474	0.0	9963766	153	160.0
1607408991.96	160000	14.974251	0.0	12189364	187	160.0
1607408992.25	160000	15.686486	0.0	10142396	156	160.0
1607408992.76	160000	16.177	0.0	10185488	377	160.0
1607408994.41	160000	15.523854	0.0	14061455	1501	160.0
1607408995.48	160000	15.45614	0.0	20074099	881	160.0
1607408996.64	160000	15.296059	0.0	46115254	818	160.0
1607408997.58	160000	15.355245	0.0	40906522	616	160.0
1607408997.8	160000	16.144926	0.0	7891151	75	160.0
1607408998.19	160000	16.748317	0.0	21012466	199	160.0
1607408998.63	160000	17.319994	0.0	23519424	224	160.0
1607408998.99	160000	17.956039	0.0	18715420	178	160.0
1607408999.32	160000	18.622487	0.0	17000816	162	160.0
1607408999.62	160000	19.320923	0.0	14448126	146	160.0
1607408999.82	160000	20.126189	0.0	6958676	72	160.0
1607409000.04	160000	20.907884	0.0	9088791	92	160.0
1607409000.23	160000	21.718288	0.0	7211881	73	160.0
1607409000.36	160000	22.592173	0.0	3063586	31	160.0
1607409000.47	160000	23.477465	0.0	2782179	20	160.0
1607409000.67	160000	24.27746	0.0	9958410	71	160.0
1607409000.9	160000	25.049206	0.0	12158708	87	160.0
1607409001.14	160000	25.814983	0.0	12300216	82	160.0
1607409001.42	160000	26.535194	0.0	15815684	114	160.0
1607409001.7	160000	27.25781	0.0	13526256	131	160.0
1607409001.95	160000	28.001771	0.0	11995130	111	160.0
1607409002.23	160000	28.729238	0.0	13394791	129	160.0
1607409002.51	160000	29.446561	0.0	14135828	131	160.0
1607409002.82	160000	30.140974	0.0	15366126	145	160.0
1607409003.1	160000	30.861733	0.0	14248439	129	160.0
1607409003.38	160000	31.588795	0.0	13843717	126	160.0
1607409003.74	160000	32.218022	0.0	14665119	205	160.0
1607409004.23	160000	32.733018	0.0	21079187	293	160.0
1607409005.05	160000	32.918799	0.0	25480074	605	160.0
1607409005.88	160000	33.08451	0.0	23021754	625	160.0
1607409006.76	160000	33.211544	0.0	27527834	650	160.0
1607409007.47	160000	33.497173	0.0	26155848	482	160.0
1607409007.95	160000	34.014011	0.0	17849379	307	160.0
1607409008.41	160000	34.559071	0.0	16546531	286	160.0
1607409008.86	160000	35.112327	0.0	17718949	263	160.0
1607409009.28	160000	35.68791	0.0	17337137	252	160.0
1607409009.87	160000	36.102757	0.0	20008245	389	160.0
1607409011.27	160000	35.708406	0.0	58430914	985	160.0
1607409011.76	160000	36.218994	0.0	16292703	316	160.0
1607409012.51	160000	36.466533	0.0	25587422	529	160.0
1607409014.55	160000	35.426659	0.0	23982306	1836	160.0
1607409015.11	160000	35.86813	0.0	13347845	409	160.0
1607409015.6	160000	36.37995	0.0	14337991	336	160.0
1607409015.98	160000	36.995646	0.0	14584990	219	160.0
1607409016.34	160000	37.63663	0.0	13962401	210	160.0
1607409016.68	160000	38.306756	0.0	14393788	177	160.0
1607409017.02	160000	38.964966	0.0	14649457	178	160.0
1607409017.33	160000	39.65112	0.0	13409715	163	160.0
1607409017.7	160000	40.287466	0.0	13909605	213	160.0
1607409018.06	160000	40.926333	0.0	13301968	214	160.0
1607409018.55	160000	41.435274	0.0	19025846	307	160.0
1607409019.14	160000	41.987352	0.0	19295426	267	160.0
1607409019.64	160000	42.351821	0.0	18261873	322	160.0
1607409021.24	160000	41.75327	0.0	19847604	1408	160.0
1607409021.9	160000	42.08901	0.0	18767181	480	160.0
1607409022.55	160000	42.446672	0.0	22420858	445	160.0
1607409022.98	160000	43.008228	0.0	19324333	253	160.0
1607409023.44	160000	43.556825	0.0	20392234	266	160.0
1607409023.66	160000	44.332466	0.0	7671072	103	160.0
1607409024.07	160000	44.921006	0.0	17781906	240	160.0
1607409024.39	160000	45.604056	0.0	12839336	171	160.0
1607409024.65	160000	46.351295	0.0	10779770	121	160.0
1607409024.96	160000	47.03758	0.0	14606687	161	160.0
1607409025.75	160000	47.253549	0.0	41866951	463	160.0
1607409026.44	160000	47.565516	0.0	37238410	397	160.0
1607409026.74	160000	48.266629	0.0	14347759	148	160.0
1607409027.0	160000	48.998245	0.0	11399187	122	160.0
1607409027.25	160000	49.755448	0.0	10358641	107	160.0
1607409027.55	160000	50.456096	0.0	14315696	148	160.0
1607409027.99	160000	51.019914	0.0	23283631	225	160.0
1607409028.64	160000	51.368686	0.0	37521367	363	160.0
1607409029.07	160000	51.945977	0.0	22241104	225	160.0
1607409029.4	160000	52.604551	0.0	15813346	161	160.0
1607409029.77	160000	53.240552	0.0	17116450	192	160.0
1607409030.17	160000	53.844712	0.0	18867054	217	160.0
1607409030.54	160000	54.47258	0.0	17393609	201	160.0
1607409031.01	160000	54.997422	0.0	24759401	264	160.0
1607409031.51	160000	55.506238	0.0	25782433	274	160.0
1607409032.01	160000	56.001115	0.0	25885372	265	160.0
1607409032.5	160000	56.518821	0.0	26242011	268	160.0
1607409033.0	160000	57.014052	0.0	23865378	273	160.0
1607409033.5	160000	57.512863	0.0	25470681	291	160.0
1607409034.03	160000	57.98872	0.0	27258768	276	160.0
1607409034.38	160000	58.636612	0.0	17853711	181	160.0
1607409034.68	160000	59.336995	0.0	14829893	148	160.0
1607409035.2	160000	59.823376	0.0	27779697	279	160.0
1607409036.2	160000	59.879998	0.0	27714923	260	160.0
1607409037.82	160000	59.202074	0.0	25946474	1394	160.0
1607409039.25	160000	58.779727	0.0	19596259	1237	160.0
1607409040.12	160000	58.906529	0.0	23774167	665	160.0
1607409040.72	160000	59.307332	0.0	19373656	416	160.0
1607409041.47	160000	59.55876	0.0	23977420	546	160.0
1607409042.29	160000	59.738509	0.0	24493733	611	160.0
1607409043.33	160000	59.887071	0.0	14528511	389	160.0
1607409044.43	160000	59.638019	0.0	16841176	423	160.0
1607409045.42	160000	59.639036	0.0	16743604	315	160.0
1607409046.18	160000	59.853034	0.0	17975224	584	160.0
1607409047.49	160000	59.545226	0.0	22329548	1108	160.0
1607409048.36	160000	59.674935	0.0	16001583	700	160.0
1607409049.1	160000	59.930683	0.0	18238584	566	160.0
1607409050.37	160000	59.894023	0.0	21308824	564	160.0
1607409051.11	160000	59.924015	0.0	17749058	565	160.0
1607409052.31	160000	59.896013	0.0	14127787	542	160.0
1607409053.14	160000	59.90427	0.0	17525699	650	160.0
1607409054.27	160000	59.898019	0.0	14240042	482	160.0
1607409055.43	160000	59.648997	0.0	20324139	464	160.0
1607409056.24	160000	59.805959	0.0	21993033	601	160.0
1607409057.47	160000	59.651019	0.0	18863108	539	160.0
1607409058.53	160000	59.652037	0.0	15964734	388	160.0
1607409059.37	160000	59.84142	0.0	8284939	214	160.0
1607409060.25	160000	59.90399	0.0	9004706	248	160.0
1607409061.53	160000	59.655026	0.0	6955279	158	160.0
1607409062.53	160000	59.522166	0.0	10701639	863	160.0
1607409063.4	160000	59.657024	0.0	9459459	239	160.0
1607409064.55	160000	59.658018	0.0	3212828	51	160.0
1607409065.16	160000	59.909021	0.0	2509989	24	160.0
1607409066.25	160000	59.910021	0.0	2004927	15	160.0
1607409067.31	160000	59.91103	0.0	591360	5	160.0
1607409068.88	160000	59.84579	0.0	2394426	19	160.0
1607409069.23	40000	1.000999	0.031	336477	2	-4.960000000000001
1607409069.57	160000	2.001999	0.0	14912671	104	40.0
1607409070.03	160000	2.587839	0.0	24265636	158	160.0
1607409070.38	160000	3.239832	0.0	22711544	140	160.0
1607409070.69	160000	3.927066	0.0	19639705	122	160.0
1607409071.01	160000	4.612307	0.0	20946809	108	160.0
1607409071.22	160000	5.444029	0.0	11895609	66	160.0
1607409071.39	160000	6.302204	0.0	7597636	43	160.0
1607409072.27	160000	6.471405	0.0	56067905	311	160.0
1607409072.87	160000	6.93061	0.0	45444680	262	160.0
1607409073.57	160000	7.25523	0.0	54798068	314	160.0
1607409074.5	160000	7.372774	0.0	69464107	377	160.0
1607409075.11	160000	7.769711	0.0	50637608	267	160.0
1607409075.4	160000	8.473143	0.0	19559369	96	160.0
1607409075.74	160000	9.141299	0.0	22224402	119	160.0
1607409076.07	160000	9.8037	0.0	22578365	136	160.0
1607409076.25	160000	10.627336	0.0	8346702	51	160.0
1607409076.51	160000	11.365393	0.0	15775481	95	160.0
1607409076.7	160000	12.182135	0.0	9163235	55	160.0
1607409077.31	160000	12.571293	0.0	41307095	316	160.0
1607409077.8	160000	13.088146	0.0	28763893	228	160.0
1607409078.26	160000	13.627808	0.0	21266416	257	160.0
1607409078.77	160000	14.112535	0.0	23702229	291	160.0
1607409079.25	160000	14.639868	0.0	27580394	247	160.0
1607409079.63	160000	15.256512	0.0	20329780	183	160.0
1607409079.96	160000	15.930374	0.0	16109183	156	160.0
1607409081.09	160000	15.800732	0.0	58830800	715	160.0
1607409081.99	160000	15.953577	0.0	66935122	448	160.0
1607409082.29	160000	16.658049	0.0	15251076	130	160.0
1607409082.61	160000	17.341033	0.0	16574034	146	160.0
1607409082.87	160000	18.07928	0.0	13009028	114	160.0
