1610816625.97	60000	1.000999	0.04	336477	21	-12.799999999999997
1610816627.14	40000	1.221129	0.0	14648397	1021	20.0
1610816628.67	40000	1.335999	0.622	17616813	1418	-159.04
1610816629.41	40000	1.618968	0.0	8581118	683	40.0
1610816629.81	40000	2.226439	0.0	4726840	356	40.0
1610816630.07	40000	2.984892	0.0	3421740	230	40.0
1610816630.23	40000	3.828211	0.0	1987360	133	40.0
1610816630.4	40000	4.659192	0.0	2185110	146	40.0
1610816631.26	40000	4.802209	0.0	9295618	800	40.0
1610816631.85	40000	5.207242	0.0	5971357	551	40.0
1610816632.44	40000	5.618881	0.0	7669174	538	40.0
1610816633.28	40000	5.784145	0.0	10578989	769	40.0
1610816634.41	60000	5.648097	0.0	13601559	1045	40.0
1610816634.75	40000	6.315286	0.0	3829326	298	20.0
1610816635.29	60000	6.777065	0.0	6789212	489	40.0
1610816636.05	80000	7.015101	0.0	9337721	695	60.0
1610816636.33	80000	7.733954	0.0	3201928	252	80.0
1610816637.15	110000	7.914815	0.0	9838179	752	80.0
1610816637.65	110000	8.414315	0.0	6126794	457	110.0
1610816639.97	110000	7.098601	0.0	26576979	2082	110.0
1610816641.19	80000	6.879641	0.0	14877694	1130	50.0
1610816642.09	80000	6.986158	0.0	11453319	827	80.0
1610816643.21	80000	6.866683	0.0	13274781	1036	80.0
1610816644.61	80000	6.460369	0.0	14862949	1320	80.0
1610816645.48	80000	6.598134	0.0	10513690	794	80.0
1610816646.21	80000	6.867302	0.0	8329186	677	80.0
1610816649.38	80000	4.696077	0.0	34554431	2922	80.0
1610816651.1	40000	3.974478	0.0	20723782	1589	0.0
1610816651.38	40000	4.696872	0.0	3622285	249	40.0
1610816651.68	40000	5.402736	0.0	3854472	265	40.0
1610816651.92	40000	6.158411	0.0	3217701	217	40.0
1610816652.28	60000	6.800787	0.0	4764193	317	40.0
1610816652.7	80000	7.385349	0.0	5578363	372	60.0
1610816653.15	80000	7.930459	0.0	5739662	412	80.0
1610816653.84	110000	8.245503	0.0	8433079	623	80.0
1610816654.39	110000	8.695396	0.0	6951419	505	110.0
1610816655.08	110000	9.00971	0.0	8625024	632	110.0
1610816655.92	110000	9.164155	0.0	6833121	802	110.0
1610816656.46	110000	9.631954	0.0	6808950	486	110.0
1610816657.59	160000	9.502851	0.0	14061455	1042	110.0
1610816662.3	160000	5.792563	0.0	20074099	4569	160.0
1610816673.88	60000	1.30446	6.095	20100626	11447	-1990.4
1610816675.68	40000	1.400961	0.896	11857920	1733	-266.72
1610816676.0	40000	2.082371	0.0	2182595	295	40.0
1610816676.7	40000	2.379584	0.0	6334422	652	40.0
1610816677.2	40000	2.884026	0.0	5516229	459	40.0
1610816677.49	40000	3.591949	0.0	3897146	262	40.0
1610816677.76	40000	4.326991	0.0	3491407	235	40.0
1610816677.99	40000	5.091297	0.0	3184630	209	40.0
1610816678.08	40000	6.005279	0.0	1728577	65	40.0
1610816678.24	60000	6.849983	0.0	3233321	122	40.0
1610816678.41	80000	7.673568	0.0	3468038	132	60.0
1610816678.51	110000	8.582234	0.0	1790651	67	80.0
1610816678.58	110000	9.506604	0.0	1529278	57	110.0
1610816679.03	160000	10.063701	0.0	9958410	378	110.0
1610816679.55	160000	10.537838	0.0	12158708	456	160.0
1610816680.08	160000	11.0141	0.0	12300216	448	160.0
1610816680.59	160000	11.500609	0.0	15815684	418	160.0
1610816681.03	160000	12.066082	0.0	13526256	357	160.0
1610816681.35	160000	12.744099	0.0	11995130	248	160.0
1610816681.71	160000	13.389601	0.0	13394791	277	160.0
1610816682.1	160000	13.999655	0.0	14135828	305	160.0
1610816682.76	160000	14.341665	0.0	15366126	574	160.0
1610816683.36	160000	14.734458	0.0	14248439	523	160.0
1610816683.95	160000	15.152377	0.0	13843717	505	160.0
1610816685.26	320000	14.842798	0.0	31594806	1117	160.0
1610816686.04	160000	15.06414	0.0	21079187	648	0.0
1610816688.17	320000	13.934789	0.0	53696400	1695	160.0
1610816688.68	160000	14.424865	0.0	23021754	371	0.0
1610816689.3	160000	14.812147	0.0	27527834	457	160.0
1610816689.94	160000	15.166281	0.0	26155848	486	160.0
1610816690.9	320000	15.208906	0.0	40265492	728	160.0
1610816692.04	320000	15.070393	0.0	37527577	905	320.0
1610816692.98	320000	15.131951	0.0	38354537	714	320.0
1610816693.77	320000	15.341545	0.0	33905183	588	320.0
1610816694.75	320000	15.357171	0.0	37964644	747	320.0
1610816697.32	320000	13.795602	0.0	91609209	1751	320.0
1610816697.64	160000	14.471523	0.0	16292703	209	0.0
1610816698.12	160000	14.988249	0.0	25587422	328	160.0
1610816698.88	160000	15.236612	0.0	23982306	619	160.0
1610816699.99	320000	15.121029	0.0	27673254	945	160.0
1610816700.76	320000	15.353605	0.0	29061600	601	320.0
1610816701.57	320000	15.616208	0.0	29596558	634	320.0
1610816702.46	320000	15.8583	0.0	29264466	718	320.0
1610816703.31	320000	16.007142	0.0	29949400	674	320.0
1610816703.97	320000	16.349651	0.0	30225692	454	320.0
1610816704.67	320000	16.655452	0.0	27528494	531	320.0
1610816705.44	320000	16.880817	0.0	28959567	600	320.0
1610816706.1	320000	17.225421	0.0	27200869	473	320.0
1610816706.95	320000	17.371829	0.0	37091406	648	320.0
1610816707.67	320000	17.649766	0.0	32442772	540	320.0
1610816708.54	320000	17.783321	0.0	38733768	648	320.0
1610816709.64	320000	17.682871	0.0	43207501	855	320.0
1610816710.7	320000	17.736209	0.0	39867273	786	320.0
1610816711.63	320000	17.879244	0.0	44687216	672	320.0
1610816714.28	320000	16.235256	0.0	37222510	2410	320.0
1610816715.72	320000	15.794119	0.0	37697615	1221	320.0
1610816716.18	320000	16.335235	0.0	13943369	372	320.0
1610816717.19	320000	16.321779	0.0	33909675	809	320.0
1610816718.25	320000	16.265695	0.0	25608467	909	320.0
1610816719.19	320000	16.323413	0.0	21666875	820	320.0
1610816723.28	320000	13.235651	0.0	29164819	3914	320.0
1610816727.64	160000	9.882157	0.0	41866951	4098	0.0
1610816729.62	160000	9.06805	0.0	37238410	1766	160.0
1610816730.0	110000	9.701746	0.0	9662265	303	60.0
1610816730.43	160000	10.264229	0.0	11399187	353	110.0
1610816730.81	160000	10.888243	0.0	10358641	313	160.0
1610816731.33	160000	11.369539	0.0	14315696	433	160.0
1610816732.19	160000	11.509668	0.0	23283631	732	160.0
1610816734.68	160000	10.020769	0.0	37521367	2276	160.0
1610816735.87	160000	9.831777	0.0	22241104	1062	160.0
1610816736.63	160000	10.099087	0.0	15813346	655	160.0
1610816738.06	160000	9.698316	0.0	17116450	1324	160.0
1610816739.57	160000	9.194764	0.0	18867054	1388	160.0
1610816740.27	110000	9.487418	0.0	10969714	637	60.0
1610816741.94	160000	8.825255	0.0	24759401	1517	110.0
1610816742.95	110000	8.81042	0.0	17875878	905	60.0
1610816743.77	110000	8.999455	0.0	17343962	703	110.0
1610816744.47	110000	9.293901	0.0	17781436	597	110.0
1610816745.76	160000	9.009024	0.0	23865378	1152	110.0
1610816746.65	110000	9.116621	0.0	17390834	791	60.0
1610816747.62	110000	9.149194	0.0	18638649	861	110.0
1610816748.21	110000	9.565993	0.0	12036523	510	110.0
1610816748.93	160000	9.838422	0.0	14829893	629	110.0
1610816750.0	160000	9.780613	0.0	27779697	899	160.0
1610816751.02	160000	9.75622	0.0	27714923	855	160.0
1610816752.18	160000	9.59328	0.0	25946474	1013	160.0
1610816753.23	160000	9.549117	0.0	19596259	918	160.0
1610816754.39	160000	9.395603	0.0	23774167	1017	160.0
1610816755.13	160000	9.65055	0.0	19373656	620	160.0
1610816756.23	160000	9.546886	0.0	23977420	965	160.0
1610816757.29	160000	9.488818	0.0	24493733	889	160.0
1610816757.86	160000	9.914834	0.0	14528511	492	160.0
1610816758.54	160000	10.239285	0.0	16841176	573	160.0
1610816759.11	160000	10.67006	0.0	16743604	468	160.0
1610816759.69	160000	11.094974	0.0	17975224	462	160.0
1610816760.29	160000	11.492214	0.0	22329548	452	160.0
1610816760.75	160000	12.035884	0.0	16001583	354	160.0
1610816761.3	160000	12.488867	0.0	18238584	439	160.0
1610816761.93	160000	12.860648	0.0	21308824	495	160.0
1610816762.44	160000	13.34675	0.0	17749058	401	160.0
1610816762.82	160000	13.972023	0.0	14127787	292	160.0
1610816763.28	160000	14.505785	0.0	17525699	359	160.0
1610816763.66	160000	15.132424	0.0	14240042	294	160.0
1610816764.76	320000	15.033936	0.0	40986530	861	160.0
1610816765.76	320000	15.033122	0.0	43161948	743	320.0
1610816766.65	320000	15.140597	0.0	39216469	673	320.0
1610816767.44	320000	15.357169	0.0	32708889	579	320.0
1610816767.75	320000	16.041232	0.0	16257756	217	320.0
1610816768.05	320000	16.750193	0.0	16440860	194	320.0
1610816768.28	320000	17.521391	0.0	12523766	142	320.0
1610816768.67	320000	18.125612	0.0	22159647	265	320.0
1610816769.03	320000	18.772419	0.0	17516376	245	320.0
1610816769.14	320000	19.66276	0.0	5119060	71	320.0
1610816769.22	320000	20.580173	0.0	3788776	52	320.0
1610816769.29	320000	21.51339	0.0	3041389	42	320.0
1610816769.31	320000	22.490656	0.0	640071	8	320.0
1610816769.38	320000	23.423332	0.0	3111318	43	320.0
1610816769.94	60000	1.000999	0.055	337339	4	-17.6
1610816770.32	40000	1.945705	0.0	14648397	192	20.0
1610816770.67	40000	2.584149	0.0	17616813	229	40.0
1610816770.83	40000	3.430889	0.0	8581118	100	40.0
1610816770.92	40000	4.339618	0.0	4726840	55	40.0
1610816770.99	40000	5.272884	0.0	3421740	40	40.0
1610816771.03	40000	6.229957	0.0	1987360	23	40.0
1610816771.11	60000	7.149909	0.0	3830488	44	40.0
1610816771.74	80000	7.529231	0.0	29583867	345	60.0
1610816772.25	110000	8.090028	0.0	28884539	327	80.0
1610816772.71	110000	8.72953	0.0	26873304	303	110.0
1610816773.27	110000	9.185469	0.0	33588177	371	110.0
1610816773.7	110000	9.780744	0.0	25684661	281	110.0
1610816773.98	160000	10.507235	0.0	19559369	157	110.0
1610816774.31	160000	11.179338	0.0	22224402	181	160.0
1610816774.62	160000	11.863621	0.0	22578365	182	160.0
1610816774.75	160000	12.741546	0.0	8346702	67	160.0
1610816774.97	160000	13.516309	0.0	15775481	127	160.0
1610816775.11	160000	14.383637	0.0	9163235	74	160.0
1610816775.74	160000	14.752463	0.0	41307095	333	160.0
1610816776.13	160000	15.361111	0.0	28763893	230	160.0
1610816777.44	320000	15.048426	0.0	72904162	592	160.0
1610816778.32	320000	15.17427	0.0	66993756	496	320.0
1610816779.69	320000	14.804425	0.0	92389329	682	320.0
1610816780.0	160000	15.497095	0.0	20329780	152	0.0
1610816780.65	320000	15.849675	0.0	50094571	375	160.0
1610816782.55	320000	14.948607	0.0	124391138	1038	320.0
1610816783.55	160000	14.945946	0.0	66935122	578	0.0
