1610776637.97	60000	1.000999	0.015	336477	4	-4.799999999999997
1610776638.31	40000	1.968581	0.0	14648397	178	20.0
1610776638.72	60000	2.669095	0.0	20421673	242	40.0
1610776639.04	110000	3.35074	0.0	21016487	189	60.0
1610776639.29	110000	4.101666	0.0	17473873	142	110.0
1610776639.59	160000	4.799976	0.0	20946809	170	110.0
1610776639.76	320000	5.627199	0.0	11895609	96	160.0
1610776639.89	320000	6.529029	0.0	7597636	67	320.0
1610776640.97	320000	6.504114	0.0	56067905	522	320.0
1610776641.6	320000	6.944876	0.0	46062054	354	320.0
1610776642.48	320000	7.094368	0.0	60496562	444	320.0
1610776643.87	320000	6.731336	0.0	90475604	614	320.0
1610776645.01	320000	6.599215	0.0	94557637	583	320.0
1610776645.63	320000	6.976893	0.0	48403531	338	320.0
1610776646.45	320000	7.158195	0.0	63326685	449	320.0
1610776647.34	320000	7.27907	0.0	66782145	465	320.0
1610776647.52	320000	8.091041	0.0	13212243	93	320.0
1610776647.9	320000	8.706126	0.0	29387773	205	320.0
1610776648.11	320000	9.498967	0.0	17336677	98	320.0
1610776649.75	320000	8.923874	0.0	126296507	711	320.0
1610776650.93	320000	8.988167	0.0	96707447	620	320.0
1610776651.9	320000	9.297136	0.0	72904162	505	320.0
1610776652.86	320000	9.333392	0.0	66993756	533	320.0
1610776654.27	320000	8.924763	0.0	92389329	863	320.0
1610776655.41	320000	8.855022	0.0	70549633	707	320.0
1610776656.09	320000	9.176511	0.0	50094571	399	320.0
1610776659.6	320000	7.092641	0.0	124391138	2732	320.0
1610776671.17	320000	1.048439	4.086	139539685	10722	-987.52
1610776671.38	110000	1.984136	0.0	10019282	137	-100.0
1610776671.62	110000	2.869625	0.0	10921784	147	110.0
1610776671.81	110000	3.761321	0.0	8768798	106	110.0
1610776672.0	110000	4.604256	0.0	8740660	117	110.0
1610776672.12	80000	5.545932	0.0	5578363	69	50.0
1610776672.7	320000	6.242859	0.0	30979822	385	80.0
1610776673.28	320000	6.66163	0.0	33204608	400	320.0
1610776673.69	320000	7.255012	0.0	23618590	268	320.0
1610776674.16	320000	7.784191	0.0	27475995	311	320.0
1610776674.59	320000	8.35157	0.0	26460007	283	320.0
1610776675.04	320000	8.903344	0.0	26763657	286	320.0
1610776675.55	320000	9.401021	0.0	33826873	323	320.0
1610776676.18	320000	9.771973	0.0	41214174	392	320.0
1610776677.48	320000	9.471421	0.0	83204731	783	320.0
1610776678.69	320000	9.259223	0.0	75539257	756	320.0
1610776678.96	320000	9.992256	0.0	16577177	163	320.0
1610776679.61	320000	10.347772	0.0	39814357	426	320.0
1610776680.57	320000	10.389617	0.0	50277186	674	320.0
1610776682.48	320000	9.479106	0.0	43375920	1650	320.0
1610776683.35	320000	9.602275	0.0	39748690	618	320.0
1610776683.81	320000	10.145844	0.0	32725949	264	320.0
1610776684.03	320000	10.925987	0.0	15673611	126	320.0
1610776684.17	160000	11.789693	0.0	9088791	73	0.0
1610776684.29	160000	12.675594	0.0	7211881	50	160.0
1610776684.41	320000	13.548811	0.0	8700077	69	160.0
1610776684.54	320000	14.425388	0.0	8292135	66	320.0
1610776684.85	320000	15.111459	0.0	22212109	177	320.0
1610776685.25	320000	15.718634	0.0	27931458	225	320.0
1610776685.72	320000	16.249588	0.0	28076035	296	320.0
1610776686.29	320000	16.717459	0.0	34615012	368	320.0
1610776686.81	320000	17.229374	0.0	31574841	345	320.0
1610776687.3	320000	17.746698	0.0	28857310	305	320.0
1610776687.77	320000	18.374463	0.0	30799251	280	320.0
1610776688.22	320000	18.921012	0.0	29900862	272	320.0
1610776688.76	320000	19.384232	0.0	32431711	359	320.0
1610776689.31	320000	19.838263	0.0	32680833	356	320.0
1610776689.77	320000	20.375792	0.0	30468229	284	320.0
1610776690.25	320000	20.899961	0.0	31594806	297	320.0
1610776690.82	320000	21.325526	0.0	43158259	304	320.0
1610776691.52	320000	21.719151	0.0	53696400	380	320.0
1610776692.15	320000	22.083932	0.0	49804325	343	320.0
1610776692.91	320000	22.403773	0.0	56230532	405	320.0
1610776693.68	320000	22.632076	0.0	54033728	447	320.0
1610776694.29	320000	23.017368	0.0	40265492	392	320.0
1610776694.82	320000	23.488024	0.0	37527577	311	320.0
1610776695.36	320000	23.955326	0.0	38354537	323	320.0
1610776695.98	320000	24.330707	0.0	33905183	430	320.0
1610776704.4	320000	16.914231	0.0	37964644	8198	320.0
1610776706.68	40000	15.63439	0.0	18183186	2160	-240.0
1610776707.2	40000	16.12149	0.0	4623087	470	40.0
1610776708.4	40000	15.922943	0.0	6754819	1148	40.0
1610776709.19	40000	16.125192	0.0	6222613	753	40.0
1610776709.97	40000	16.349127	0.0	3078962	749	40.0
1610776710.4	40000	16.917901	0.0	3080827	405	40.0
1610776710.69	40000	17.629544	0.0	3535232	259	40.0
1610776710.96	40000	18.360359	0.0	3285443	240	40.0
1610776711.25	40000	19.073101	0.0	3494448	254	40.0
1610776712.15	40000	19.180885	0.0	3529670	864	40.0
1610776712.86	40000	19.563118	0.0	3123898	690	40.0
1610776713.58	40000	19.988745	0.0	3029270	684	40.0
1610776714.3	40000	20.293871	0.0	3059193	684	40.0
1610776714.77	40000	20.899831	0.0	4729676	433	40.0
1610776715.35	40000	21.35054	0.0	5966743	535	40.0
1610776715.69	40000	22.013768	0.0	4031950	302	40.0
1610776716.05	40000	22.655817	0.0	4314280	324	40.0
1610776716.61	60000	23.114117	0.0	6405222	520	40.0
1610776717.82	80000	22.945192	0.0	10884020	1129	60.0
1610776719.35	80000	22.412665	0.0	9684889	1470	80.0
1610776720.09	60000	22.672487	0.0	7551736	677	40.0
1610776720.46	60000	23.304566	0.0	3037981	340	60.0
1610776721.98	60000	22.785204	0.0	6591562	1473	60.0
1610776722.95	40000	22.821824	0.0	3046638	934	20.0
1610776723.82	40000	22.955184	0.0	2648526	842	40.0
1610776724.64	40000	23.135391	0.0	3387394	791	40.0
1610776726.74	40000	22.034537	0.0	12176825	2031	40.0
1610776732.28	40000	17.493844	0.0	10062382	5472	40.0
1610776733.64	40000	17.13568	0.0	3552565	1326	40.0
1610776734.59	40000	17.181619	0.0	2139919	930	40.0
1610776735.48	40000	17.297724	0.0	1859346	864	40.0
1610776736.1	40000	17.678008	0.0	3131242	592	40.0
1610776737.85	40000	16.924626	0.0	6479978	1707	40.0
1610776743.04	40000	12.741463	0.0	11490169	5107	40.0
1610776744.82	40000	11.963423	0.0	6507505	1734	40.0
1610776745.92	40000	11.857416	0.0	4368401	1071	40.0
1610776746.94	40000	11.841121	0.0	4682869	980	40.0
1610776748.11	40000	11.676931	0.0	3815757	1132	40.0
1610776750.06	40000	10.727242	0.0	3334508	1921	40.0
1610776752.74	40000	9.042835	0.0	5889797	2636	40.0
1610776755.94	40000	6.848607	0.0	6433588	3151	40.0
1610776757.7	40000	6.085334	0.0	5638739	1724	40.0
1610776759.44	40000	5.346158	0.0	6062060	1697	40.0
1610776764.71	40000	1.39155	0.322	5850985	5232	-63.040000000000006
1610776767.34	40000	1.464757	1.697	6118487	2586	-503.03999999999996
1610776771.63	40000	1.391045	3.219	6683536	4243	-990.0799999999999
1610776777.34	40000	1.38182	4.695	4036556	5671	-1462.4
1610776777.65	40000	2.067206	0.0	3322499	286	40.0
1610776778.31	40000	2.408278	0.0	6343093	614	40.0
1610776778.84	40000	2.877903	0.0	6446252	485	40.0
1610776779.22	40000	3.505056	0.0	6361946	329	40.0
1610776779.48	40000	4.246222	0.0	4367184	227	40.0
1610776780.03	80000	4.689956	0.0	12216668	477	40.0
1610776780.58	110000	5.1476	0.0	13175624	461	80.0
1610776781.11	110000	5.615123	0.0	16608135	431	110.0
1610776781.85	160000	5.880577	0.0	24493733	587	110.0
1610776782.19	160000	6.541184	0.0	14528511	253	160.0
1610776782.58	160000	7.148728	0.0	16841176	292	160.0
1610776782.93	160000	7.803098	0.0	16743604	239	160.0
1610776783.62	320000	8.111829	0.0	36845249	479	160.0
1610776784.84	320000	7.898858	0.0	44043502	952	320.0
1610776785.47	320000	8.259026	0.0	28911363	470	320.0
1610776786.23	320000	8.512103	0.0	31997411	546	320.0
1610776787.06	320000	8.673864	0.0	37860562	614	320.0
1610776787.72	320000	9.015163	0.0	34218681	460	320.0
1610776788.29	320000	9.44723	0.0	30315897	398	320.0
1610776789.01	320000	9.725173	0.0	38074030	501	320.0
1610776789.63	320000	10.108781	0.0	31856580	427	320.0
1610776794.28	320000	6.45903	0.0	40986530	4414	320.0
1610776794.55	80000	7.193085	0.0	10840351	192	-160.0
1610776794.76	80000	7.979255	0.0	8732970	148	80.0
1610776794.92	80000	8.822646	0.0	7562882	103	80.0
1610776795.0	80000	9.744782	0.0	3563377	49	80.0
1610776795.09	80000	10.657191	0.0	4074589	56	80.0
1610776795.35	320000	11.399186	0.0	12523766	175	80.0
1610776795.79	320000	11.958315	0.0	22159647	307	320.0
1610776796.15	320000	12.598979	0.0	17516376	252	320.0
1610776796.26	320000	13.486725	0.0	5119060	74	320.0
1610776796.35	320000	14.400757	0.0	3788776	54	320.0
1610776796.42	320000	15.328499	0.0	3041389	43	320.0
1610776796.45	320000	16.304909	0.0	640071	8	320.0
1610776796.5	160000	17.251442	0.0	2029416	29	0.0
1610776796.91	60000	1.000999	0.058	337243	5	-18.560000000000002
1610776797.34	40000	1.892065	0.0	14648397	257	20.0
1610776797.91	80000	2.313063	0.0	22644885	393	40.0
1610776798.34	110000	2.889745	0.0	21016487	289	80.0
1610776798.74	160000	3.521237	0.0	19639705	269	110.0
1610776799.16	160000	4.136135	0.0	20946809	290	160.0
1610776799.42	320000	4.927971	0.0	11895609	173	160.0
1610776799.58	320000	5.769038	0.0	7597636	108	320.0
1610776800.84	320000	5.5857	0.0	56067905	730	320.0
1610776801.96	320000	5.514888	0.0	46062054	856	320.0
1610776805.24	320000	3.237065	0.0	60496562	2847	320.0
1610776806.7	160000	2.77703	0.0	69464107	1056	0.0
1610776807.72	160000	2.762899	0.0	50637608	736	160.0
1610776808.74	160000	2.738198	0.0	19559369	901	160.0
1610776809.61	160000	2.948256	0.0	22224402	732	160.0
1610776810.27	160000	3.295612	0.0	22578365	514	160.0
1610776810.49	160000	4.075997	0.0	8346702	157	160.0
1610776810.89	160000	4.675927	0.0	15775481	302	160.0
1610776811.09	160000	5.471405	0.0	9163235	146	160.0
1610776811.99	160000	5.578768	0.0	41307095	658	160.0
1610776814.24	320000	4.323024	0.0	96707447	1445	160.0
1610776815.97	320000	3.593801	0.0	72904162	1301	320.0
