1610822358.83	60000	1.000999	0.015	336477	3	-4.799999999999997
1610822359.13	320000	2.001999	0.0	14912671	135	60.0
1610822359.58	320000	2.69691	0.0	24265636	218	320.0
1610822359.95	320000	3.327597	0.0	22711544	234	320.0
1610822360.28	320000	4.006076	0.0	19639705	205	320.0
1610822360.62	320000	4.664329	0.0	20946809	219	320.0
1610822360.82	320000	5.493822	0.0	11895609	125	320.0
1610822360.95	320000	6.362158	0.0	7597636	80	320.0
1610822362.02	320000	6.346028	0.0	56067905	596	320.0
1610822362.8	320000	6.595244	0.0	46062054	524	320.0
1610822363.87	320000	6.570949	0.0	60496562	648	320.0
1610822374.95	320000	2.5608	0.0	15775481	1335	320.0
1610822375.42	80000	3.094919	0.0	4543558	420	-160.0
1610822377.43	80000	2.078257	0.0	20277060	1895	80.0
1610822378.74	80000	1.775002	0.0	14877694	1215	80.0
1610822379.64	80000	1.873649	0.0	11453319	832	80.0
1610822380.61	80000	1.900208	0.0	13274781	895	80.0
1610822381.88	80000	1.635291	0.0	14862949	1178	80.0
1610822382.64	80000	1.871825	0.0	10513690	703	80.0
1610822383.33	80000	2.189376	0.0	8329186	627	80.0
1610822385.38	80000	1.443124	0.309	34554431	1889	-18.879999999999995
1610822386.76	110000	1.241641	0.119	49215857	1070	41.92
1610822387.01	110000	1.990634	0.0	10019282	185	110.0
1610822387.02	160000	1.981455	0.0	10019282	185	110.0
1610822387.43	160000	2.568029	0.0	16574034	304	160.0
1610822387.44	320000	2.559855	0.0	16574034	304	160.0
1610822388.31	320000	2.694937	0.0	34846600	671	320.0
1610822389.19	320000	2.819091	0.0	33828007	661	320.0
1610822389.92	320000	3.087872	0.0	30396599	543	320.0
1610822390.53	320000	3.495665	0.0	30979822	439	320.0
1610822391.2	320000	3.843432	0.0	33204608	464	320.0
1610822391.66	320000	4.371826	0.0	23618590	323	320.0
1610822392.17	320000	4.864644	0.0	27475995	349	320.0
1610822392.65	320000	5.383875	0.0	26460007	306	320.0
1610822393.11	320000	5.919628	0.0	26763657	312	320.0
1610822393.72	320000	6.317149	0.0	33826873	395	320.0
1610822394.33	320000	6.704259	0.0	41214174	377	320.0
1610822395.67	320000	6.369489	0.0	83204731	726	320.0
1610822396.78	320000	6.257741	0.0	75539257	694	320.0
1610822397.05	320000	6.987519	0.0	16577177	158	320.0
1610822397.67	320000	7.373308	0.0	39814357	396	320.0
1610822398.55	320000	7.493258	0.0	50277186	588	320.0
1610822399.34	320000	7.708045	0.0	43375920	522	320.0
1610822400.02	320000	8.019477	0.0	39748690	450	320.0
1610822400.45	320000	8.589778	0.0	32725949	239	320.0
1610822400.66	320000	9.382753	0.0	15673611	115	320.0
1610822400.94	320000	10.10724	0.0	20850595	152	320.0
1610822401.23	320000	10.846767	0.0	16458609	188	320.0
1610822401.39	320000	11.689327	0.0	8700077	100	320.0
1610822401.54	320000	12.57174	0.0	8292135	96	320.0
1610822401.94	320000	13.173623	0.0	22212109	254	320.0
1610822413.59	320000	55.773631	0.0	9611993	1116	320.0
1610822413.6	160000	55.76138	0.0	9611993	1116	0.0
1610822413.6	110000	55.755005	0.0	9611993	1116	60.0
1610822413.61	60000	55.747707	0.0	9611993	1116	10.0
1610822414.92	60000	55.436313	0.0	16684805	1212	60.0
1610822415.13	60000	56.231085	0.0	9434694	144	60.0
1610822415.14	110000	56.223174	0.0	9434694	144	60.0
1610822415.14	160000	56.217704	0.0	9434694	144	110.0
1610822415.15	320000	56.212241	0.0	9434694	144	160.0
1610822415.73	320000	56.633173	0.0	30837965	414	320.0
1610822416.34	320000	57.018804	0.0	33542198	437	320.0
1610822417.14	320000	57.225687	0.0	43188629	555	320.0
1610822417.85	320000	57.511174	0.0	38404993	511	320.0
1610822435.52	320000	49.855043	0.0	27779697	10412	320.0
1610822435.53	320000	49.843211	0.0	27779697	10412	320.0
1610822436.35	320000	50.027316	0.0	54290338	518	320.0
1610822437.24	320000	50.136024	0.0	50306079	597	320.0
1610822437.94	320000	50.438539	0.0	39311524	451	320.0
1610822438.75	320000	50.631994	0.0	45141551	556	320.0
1610822439.42	320000	50.960706	0.0	38678341	454	320.0
1610822440.14	320000	51.239194	0.0	48869677	456	320.0
1610822440.82	320000	51.562596	0.0	48742469	419	320.0
1610822441.26	320000	52.123027	0.0	31052651	267	320.0
1610822441.79	320000	52.595137	0.0	35159774	326	320.0
1610822442.31	320000	53.078548	0.0	34685385	323	320.0
1610822442.78	320000	53.606266	0.0	36845249	250	320.0
1610822443.33	320000	54.055396	0.0	44043502	299	320.0
1610822443.68	320000	54.708618	0.0	28911363	184	320.0
1610822444.07	320000	55.317075	0.0	31997411	204	320.0
1610822444.57	320000	55.820032	0.0	37860562	271	320.0
1610822445.01	320000	56.376044	0.0	34218681	255	320.0
1610822445.46	320000	56.928125	0.0	30315897	257	320.0
1610822446.05	320000	57.346188	0.0	38074030	375	320.0
1610822446.49	320000	57.900337	0.0	31856580	256	320.0
1610822447.02	320000	58.374746	0.0	40986530	298	320.0
1610822447.58	320000	58.8195	0.0	43161948	291	320.0
1610822448.04	320000	59.354984	0.0	39216469	251	320.0
1610822448.43	320000	59.96944	0.0	32708889	200	320.0
1610822449.62	320000	59.918514	0.0	16257756	95	320.0
1610822450.83	320000	59.669497	0.0	16440860	102	320.0
1610822451.51	320000	59.920443	0.0	12523766	111	320.0
1610822452.98	320000	59.671436	0.0	22159647	329	320.0
1610822454.32	320000	59.078971	0.0	17516376	1236	320.0
1610822454.9	320000	59.673467	0.0	5119060	34	320.0
1610822455.97	320000	59.674429	0.0	3788776	28	320.0
1610822456.52	320000	59.925431	0.0	3041389	24	320.0
1610822457.54	320000	59.926434	0.0	640071	3	320.0
1610822458.59	320000	59.927418	0.0	3111318	22	320.0
1610822459.11	320000	59.861175	0.0	511709	3	320.0
