1607467836.99	40000	1.000999	0.034	334476	23	-5.439999999999998
1607467838.28	80000	1.288491	0.185	14912671	1126	10.399999999999999
1607467840.19	80000	1.347619	0.944	22644885	1768	-71.03999999999999
1607467841.51	160000	1.395151	0.343	22711544	1193	25.120000000000005
1607467842.19	160000	1.741423	0.0	19639705	560	160.0
1607467842.7	160000	2.259725	0.0	20946809	375	160.0
1607467843.0	160000	2.993936	0.0	11895609	213	160.0
1607467843.16	160000	3.825414	0.0	7597636	110	160.0
1607467844.52	160000	3.473005	0.0	56067905	834	160.0
1607467845.36	160000	3.629931	0.0	45444680	587	160.0
1607467846.4	160000	3.594297	0.0	54798068	725	160.0
1607467847.83	160000	3.160519	0.0	69464107	951	160.0
1607467848.92	160000	3.078469	0.0	50637608	793	160.0
1607467849.29	160000	3.706726	0.0	19559369	232	160.0
1607467849.65	160000	4.340429	0.0	22224402	228	160.0
1607467850.03	160000	4.972699	0.0	22578365	232	160.0
1607467850.16	160000	5.834115	0.0	8346702	75	160.0
1607467850.41	160000	6.587523	0.0	15775481	145	160.0
1607467850.55	160000	7.444952	0.0	9163235	84	160.0
1607467851.17	160000	7.883977	0.0	41307095	379	160.0
1607467851.6	160000	8.460454	0.0	28763893	236	160.0
1607467851.9	160000	9.158813	0.0	21266416	175	160.0
1607467852.25	160000	9.810772	0.0	23702229	195	160.0
1607467852.64	160000	10.422296	0.0	27580394	231	160.0
1607467852.94	160000	11.121661	0.0	20329780	169	160.0
1607467853.17	160000	11.893942	0.0	16109183	130	160.0
1607467853.92	160000	12.137476	0.0	58830800	425	160.0
1607467854.76	160000	12.299426	0.0	66935122	473	160.0
1607467854.96	160000	13.104935	0.0	15251076	105	160.0
1607467855.18	160000	13.890112	0.0	16574034	115	160.0
1607467855.36	160000	14.710078	0.0	13009028	103	160.0
1607467855.53	160000	15.540188	0.0	12791674	96	160.0
1607467855.67	160000	16.394634	0.0	11137898	83	160.0
1607467855.83	160000	17.240191	0.0	11485310	86	160.0
1607467855.99	160000	18.077171	0.0	12428518	93	160.0
1607467856.13	160000	18.941123	0.0	9963766	75	160.0
1607467856.32	160000	19.752896	0.0	12189364	117	160.0
1607467856.48	160000	20.594342	0.0	10142396	97	160.0
1607467856.64	160000	21.434909	0.0	10185488	98	160.0
1607467856.86	160000	22.217365	0.0	14061455	135	160.0
1607467857.17	160000	22.908246	0.0	20074099	193	160.0
1607467857.93	160000	23.143976	0.0	46115254	512	160.0
1607467858.59	160000	23.492456	0.0	40906522	415	160.0
1607467858.72	160000	24.358924	0.0	7891151	81	160.0
1607467859.05	160000	25.033366	0.0	21012466	201	160.0
1607467859.41	160000	25.671611	0.0	23519424	226	160.0
1607467859.7	160000	26.378598	0.0	18715420	180	160.0
1607467859.97	160000	27.114402	0.0	17000816	162	160.0
1607467860.19	160000	27.891573	0.0	14448126	138	160.0
1607467860.32	160000	28.777006	0.0	6958676	70	160.0
1607467860.46	160000	29.621947	0.0	9088791	89	160.0
1607467860.59	160000	30.501178	0.0	7211881	73	160.0
1607467860.64	160000	31.443443	0.0	3063586	33	160.0
1607467860.7	160000	32.391178	0.0	2782179	28	160.0
1607467860.86	160000	33.230173	0.0	9958410	101	160.0
1607467861.06	160000	34.02891	0.0	12158708	124	160.0
1607467861.25	160000	34.845396	0.0	12300216	105	160.0
1607467861.47	160000	35.626097	0.0	15815684	125	160.0
1607467861.65	160000	36.440393	0.0	13526256	106	160.0
1607467861.82	160000	37.275219	0.0	11995130	94	160.0
1607467862.0	160000	38.093277	0.0	13394791	105	160.0
1607467862.2	160000	38.898546	0.0	14135828	110	160.0
1607467862.39	160000	39.706841	0.0	15366126	106	160.0
1607467862.57	160000	40.529034	0.0	14248439	99	160.0
1607467862.74	160000	41.355546	0.0	13843717	96	160.0
1607467862.94	160000	42.16416	0.0	14665119	101	160.0
1607467863.21	160000	42.896178	0.0	21079187	147	160.0
1607467863.54	160000	43.561221	0.0	25480074	193	160.0
1607467863.86	160000	44.245775	0.0	23021754	181	160.0
1607467864.23	160000	44.877002	0.0	27527834	214	160.0
1607467864.65	160000	45.460279	0.0	26155848	244	160.0
1607467864.92	160000	46.188222	0.0	17849379	167	160.0
1607467865.18	160000	46.931656	0.0	16546531	154	160.0
1607467865.52	160000	47.584796	0.0	17718949	229	160.0
1607467865.86	160000	48.253364	0.0	17337137	222	160.0
1607467866.24	160000	48.875295	0.0	20008245	257	160.0
1607467867.19	160000	48.918073	0.0	58430914	643	160.0
1607467867.41	160000	49.701437	0.0	16292703	114	160.0
1607467867.74	160000	50.378326	0.0	25587422	179	160.0
1607467868.04	160000	51.074449	0.0	23982306	170	160.0
1607467868.21	160000	51.901684	0.0	13347845	93	160.0
1607467868.42	160000	52.701052	0.0	14337991	120	160.0
1607467868.63	160000	53.490211	0.0	14584990	127	160.0
1607467868.83	160000	54.286986	0.0	13962401	117	160.0
1607467869.04	160000	55.08524	0.0	14393788	120	160.0
1607467869.24	160000	55.87644	0.0	14649457	125	160.0
1607467869.46	160000	56.661205	0.0	13409715	136	160.0
1607467869.68	160000	57.44179	0.0	13909605	141	160.0
1607467869.89	160000	58.228736	0.0	13301968	136	160.0
1607467870.21	160000	58.91857	0.0	19025846	194	160.0
1607467870.5	160000	59.630605	0.0	19295426	179	160.0
1607467871.77	160000	59.549378	0.0	18261873	170	160.0
1607467872.25	160000	59.876518	0.0	19847604	361	160.0
1607467873.22	110000	59.913732	0.0	12490444	884	60.0
1607467874.61	80000	59.552367	0.0	10884020	827	50.0
1607467875.3	60000	59.833619	0.0	7204570	631	40.0
1607467876.47	160000	59.66294	0.0	20392234	1051	60.0
1607467877.6	160000	59.55523	0.0	7671072	79	160.0
1607467878.34	160000	59.806334	0.0	17781906	137	160.0
1607467879.54	160000	59.807348	0.0	12839336	126	160.0
1607467880.74	160000	59.558409	0.0	10779770	130	160.0
1607467881.2	160000	59.935289	0.0	14606687	376	160.0
1607467882.78	160000	59.358745	0.0	41866951	1356	160.0
1607467885.26	160000	57.874839	0.0	37238410	2251	160.0
1607467885.55	160000	58.593394	0.0	14347759	200	160.0
1607467885.77	160000	59.370685	0.0	11399187	157	160.0
1607467886.48	160000	59.814465	0.0	10358641	142	160.0
1607467887.68	160000	59.565469	0.0	14315696	123	160.0
1607467888.53	160000	59.77193	0.0	23283631	212	160.0
1607467889.61	160000	59.567385	0.0	37521367	359	160.0
1607467890.42	160000	59.818385	0.0	22241104	178	160.0
1607467891.64	160000	59.569385	0.0	15813346	126	160.0
1607467892.37	160000	59.82036	0.0	17116450	126	160.0
1607467893.67	160000	59.571321	0.0	18867054	185	160.0
1607467894.4	160000	59.822439	0.0	17393609	133	160.0
1607467895.73	160000	59.573431	0.0	24759401	178	160.0
1607467896.55	160000	59.824308	0.0	25782433	177	160.0
1607467897.4	160000	59.825363	0.0	25885372	184	160.0
1607467898.76	160000	59.576439	0.0	26242011	213	160.0
1607467899.65	160000	59.577455	0.0	23865378	247	160.0
1607467900.51	160000	59.828397	0.0	25470681	208	160.0
1607467901.39	160000	59.829454	0.0	27258768	213	160.0
1607467902.62	160000	59.580417	0.0	17853711	118	160.0
1607467903.81	160000	59.581382	0.0	14829893	99	160.0
1607467904.66	160000	59.582468	0.0	27779697	192	160.0
1607467905.54	160000	59.833458	0.0	27714923	193	160.0
1607467906.64	160000	59.584435	0.0	25946474	441	160.0
1607467907.58	80000	59.582676	0.0	9469564	876	0.0
1607467908.63	160000	59.532223	0.0	23774167	914	80.0
1607467909.43	160000	59.837407	0.0	19373656	171	160.0
1607467910.73	160000	59.58844	0.0	23977420	167	160.0
1607467911.61	160000	59.589403	0.0	24493733	234	160.0
1607467912.81	160000	59.590387	0.0	14528511	123	160.0
1607467913.58	160000	59.841439	0.0	16841176	164	160.0
1607467914.34	160000	59.842442	0.0	16743604	166	160.0
1607467915.62	160000	59.593381	0.0	17975224	171	160.0
1607467916.47	160000	59.844439	0.0	22329548	226	160.0
1607467917.74	160000	59.595385	0.0	16001583	165	160.0
1607467918.54	160000	59.846473	0.0	18238584	201	160.0
1607467919.41	160000	59.847381	0.0	21308824	237	160.0
1607467920.72	160000	59.598417	0.0	17749058	209	160.0
1607467921.49	160000	59.849393	0.0	14127787	183	160.0
1607467922.41	160000	59.850398	0.0	17525699	318	160.0
1607467923.72	160000	59.601406	0.0	14240042	227	160.0
1607467924.52	160000	59.852421	0.0	20324139	179	160.0
1607467925.78	160000	59.603416	0.0	21993033	133	160.0
1607467926.51	160000	59.854421	0.0	18863108	108	160.0
1607467927.82	160000	59.605462	0.0	15964734	219	160.0
1607467928.45	160000	59.856383	0.0	8284939	68	160.0
1607467929.58	160000	59.857406	0.0	9004706	73	160.0
1607467930.67	160000	59.608403	0.0	6955279	43	160.0
1607467931.82	160000	59.609367	0.0	10701639	91	160.0
1607467932.48	160000	59.860402	0.0	9459459	95	160.0
1607467933.54	160000	59.861365	0.0	3212828	31	160.0
1607467934.7	110000	59.61248	0.0	1922862	129	60.0
1607467935.35	160000	59.863368	0.0	2004927	133	110.0
1607467936.41	160000	59.864459	0.0	591360	38	160.0
1607467937.96	110000	59.799236	0.0	1201371	33	60.0
1607467938.37	40000	1.000999	0.045	337339	25	-7.200000000000003
1607467938.84	160000	1.862811	0.0	14912671	292	40.0
1607467939.27	160000	2.436644	0.0	24265636	199	160.0
1607467939.6	160000	3.108101	0.0	22711544	186	160.0
1607467939.84	160000	3.866287	0.0	19639705	121	160.0
1607467940.1	160000	4.610105	0.0	20946809	129	160.0
1607467940.25	160000	5.484157	0.0	11895609	75	160.0
1607467940.36	160000	6.420547	0.0	7597636	54	160.0
1607467941.2	160000	6.688961	0.0	56067905	342	160.0
1607467941.74	160000	7.177782	0.0	45444680	275	160.0
1607467942.48	160000	7.461146	0.0	54798068	432	160.0
1607467943.5	160000	7.491718	0.0	69464107	540	160.0
1607467944.14	160000	7.857799	0.0	50637608	339	160.0
1607467944.38	160000	8.611171	0.0	19559369	111	160.0
1607467944.65	160000	9.340004	0.0	22224402	141	160.0
1607467944.91	160000	10.078835	0.0	22578365	115	160.0
1607467945.01	160000	10.98588	0.0	8346702	42	160.0
1607467945.18	160000	11.809093	0.0	15775481	81	160.0
1607467945.29	160000	12.701764	0.0	9163235	47	160.0
1607467945.73	160000	13.264131	0.0	41307095	211	160.0
1607467946.09	160000	13.906768	0.0	28763893	180	160.0
1607467946.34	160000	14.657747	0.0	21266416	128	160.0
1607467946.63	160000	15.364465	0.0	23702229	143	160.0
1607467946.94	160000	16.057641	0.0	27580394	141	160.0
1607467947.19	160000	16.814069	0.0	20329780	101	160.0
1607467947.37	160000	17.630923	0.0	16109183	83	160.0
