1607470374.0	40000	1.000999	0.023	334476	11	-3.6799999999999997
1607470374.7	160000	1.707919	0.0	14912671	525	40.0
1607470376.09	160000	1.349736	0.0	24265636	1178	160.0
1607470377.65	80000	1.438622	0.622	17135714	1469	-99.52
1607470378.65	110000	1.469234	0.0	17473873	881	80.0
1607470379.46	160000	1.703791	0.0	20946809	683	110.0
1607470379.85	160000	2.31044	0.0	11895609	318	160.0
1607470380.09	160000	3.069997	0.0	7597636	192	160.0
1607470381.75	160000	2.416224	0.0	56067905	1184	160.0
1607470382.8	160000	2.366919	0.0	45444680	799	160.0
1607470384.12	160000	2.050914	0.0	54798068	1003	160.0
1607470385.74	160000	1.427457	0.0	69464107	1140	160.0
1607470386.72	160000	1.494865	0.0	50637608	676	160.0
1607470387.09	160000	2.148577	0.0	19559369	250	160.0
1607470387.54	160000	2.726541	0.0	22224402	317	160.0
1607470388.0	160000	3.272425	0.0	22578365	320	160.0
1607470388.18	160000	4.091557	0.0	8346702	122	160.0
1607470388.52	160000	4.753113	0.0	15775481	241	160.0
1607470388.71	160000	5.559143	0.0	9163235	140	160.0
1607470389.54	160000	5.736532	0.0	41307095	600	160.0
1607470390.11	160000	6.162097	0.0	28763893	390	160.0
1607470390.52	160000	6.750486	0.0	21266416	287	160.0
1607470391.0	160000	7.279424	0.0	23702229	320	160.0
1607470391.46	160000	7.817254	0.0	27580394	300	160.0
1607470391.81	160000	8.475037	0.0	20329780	211	160.0
1607470392.07	160000	9.205696	0.0	16109183	164	160.0
1607470392.99	160000	9.289595	0.0	58830800	583	160.0
1607470394.09	160000	9.191939	0.0	66935122	734	160.0
1607470394.39	160000	9.893216	0.0	15251076	209	160.0
1607470394.72	160000	10.564872	0.0	16574034	227	160.0
1607470394.97	160000	11.310157	0.0	13009028	178	160.0
1607470395.21	160000	12.076076	0.0	12791674	160	160.0
1607470395.38	160000	12.902569	0.0	11137898	109	160.0
1607470395.56	160000	13.722767	0.0	11485310	111	160.0
1607470395.76	160000	14.530818	0.0	12428518	120	160.0
1607470395.92	160000	15.373356	0.0	9963766	97	160.0
1607470396.1	160000	16.187662	0.0	12189364	118	160.0
1607470396.36	160000	16.928518	0.0	10142396	197	160.0
1607470396.62	160000	17.670125	0.0	10185488	199	160.0
1607470396.98	160000	18.31634	0.0	14061455	275	160.0
1607470397.7	160000	18.592581	0.0	20074099	611	160.0
1607470399.06	160000	18.239919	0.0	46115254	1092	160.0
1607470399.9	160000	18.39919	0.0	40906522	605	160.0
1607470400.06	160000	19.235749	0.0	7891151	113	160.0
1607470400.45	160000	19.849204	0.0	21012466	267	160.0
1607470400.87	160000	20.431534	0.0	23519424	288	160.0
1607470401.21	160000	21.089016	0.0	18715420	228	160.0
1607470401.51	160000	21.787751	0.0	17000816	198	160.0
1607470401.78	160000	22.529967	0.0	14448126	168	160.0
1607470401.91	160000	23.394055	0.0	6958676	80	160.0
1607470402.07	160000	24.231368	0.0	9088791	106	160.0
1607470402.22	160000	25.083236	0.0	7211881	101	160.0
1607470402.32	160000	25.98517	0.0	3063586	69	160.0
1607470402.41	160000	26.893797	0.0	2782179	62	160.0
1607470402.71	160000	27.601621	0.0	9958410	232	160.0
1607470403.06	160000	28.247217	0.0	12158708	283	160.0
1607470403.33	160000	28.978121	0.0	12300216	195	160.0
1607470403.63	160000	29.682375	0.0	15815684	202	160.0
1607470403.89	160000	30.431343	0.0	13526256	173	160.0
1607470404.11	160000	31.203417	0.0	11995130	150	160.0
1607470404.5	160000	31.814147	0.0	13394791	313	160.0
1607470404.96	160000	32.350348	0.0	14135828	385	160.0
1607470405.22	80000	33.095989	0.0	7258180	207	0.0
1607470405.74	80000	33.574621	0.0	5903236	483	80.0
1607470406.27	80000	34.049746	0.0	5922485	485	80.0
1607470407.32	160000	34.002077	0.0	14665119	960	80.0
1607470407.74	160000	34.580018	0.0	21079187	302	160.0
1607470408.26	160000	35.065259	0.0	25480074	364	160.0
1607470408.97	160000	35.34795	0.0	23021754	588	160.0
1607470410.26	160000	35.063261	0.0	27527834	1114	160.0
1607470410.93	160000	35.392653	0.0	26155848	520	160.0
1607470411.41	160000	35.917709	0.0	17849379	351	160.0
1607470411.82	160000	36.506173	0.0	16546531	313	160.0
1607470412.26	160000	37.065651	0.0	17718949	336	160.0
1607470412.73	160000	37.596756	0.0	17337137	366	160.0
1607470413.27	160000	38.057916	0.0	20008245	421	160.0
1607470416.46	160000	35.865978	0.0	58430914	2856	160.0
1607470416.91	160000	36.424712	0.0	16292703	340	160.0
1607470417.56	160000	36.769185	0.0	25587422	508	160.0
1607470418.14	160000	37.19374	0.0	23982306	444	160.0
1607470418.48	160000	37.859473	0.0	13347845	257	160.0
1607470418.84	160000	38.492803	0.0	14337991	283	160.0
1607470419.22	160000	39.120755	0.0	14584990	289	160.0
1607470419.53	160000	39.807998	0.0	13962401	230	160.0
1607470419.85	160000	40.484241	0.0	14393788	231	160.0
1607470420.17	160000	41.164005	0.0	14649457	237	160.0
1607470420.46	160000	41.875946	0.0	13409715	207	160.0
1607470420.75	160000	42.587182	0.0	13909605	210	160.0
1607470421.03	160000	43.310229	0.0	13301968	202	160.0
1607470421.44	160000	43.903542	0.0	19025846	290	160.0
1607470421.86	160000	44.480997	0.0	19295426	300	160.0
1607470422.25	160000	45.090942	0.0	18261873	286	160.0
1607470422.63	160000	45.711091	0.0	19847604	259	160.0
1607470422.99	160000	46.353062	0.0	18767181	244	160.0
1607470423.42	160000	46.928347	0.0	22420858	293	160.0
1607470423.81	160000	47.539851	0.0	19324333	267	160.0
1607470424.21	160000	48.144558	0.0	20392234	282	160.0
1607470424.36	160000	48.989513	0.0	7671072	101	160.0
1607470424.69	160000	49.666168	0.0	17781906	217	160.0
1607470424.92	160000	50.435208	0.0	12839336	156	160.0
1607470425.11	160000	51.241007	0.0	10779770	132	160.0
1607470425.38	160000	51.975808	0.0	14606687	183	160.0
1607470426.1	160000	52.255308	0.0	41866951	477	160.0
1607470426.74	160000	52.616927	0.0	37238410	419	160.0
1607470426.98	160000	53.378357	0.0	14347759	160	160.0
1607470427.17	160000	54.185503	0.0	11399187	128	160.0
1607470427.36	160000	55.004343	0.0	10358641	117	160.0
1607470427.59	160000	55.766516	0.0	14315696	156	160.0
1607470427.98	160000	56.382729	0.0	23283631	254	160.0
1607470428.6	160000	56.760661	0.0	37521367	405	160.0
1607470428.97	160000	57.397427	0.0	22241104	239	160.0
1607470429.23	160000	58.132226	0.0	15813346	166	160.0
1607470429.53	160000	58.834644	0.0	17116450	197	160.0
1607470429.87	160000	59.498907	0.0	18867054	228	160.0
1607470430.68	160000	59.873969	0.0	17393609	211	160.0
1607470431.7	160000	59.87496	0.0	24759401	376	160.0
1607470432.41	40000	59.958819	0.0	6433588	662	-80.0
1607470433.69	20000	59.877057	0.0	2705936	749	0.0
1607470435.98	20000	58.387264	0.0	2998622	2269	20.0
1607470437.43	80000	57.941687	0.0	12007698	1373	20.0
1607470438.65	160000	57.722858	0.0	25470681	1062	80.0
1607470439.1	160000	58.275848	0.0	27258768	297	160.0
1607470439.4	160000	58.975387	0.0	17853711	193	160.0
1607470439.62	160000	59.758652	0.0	14829893	135	160.0
1607470440.52	160000	59.884058	0.0	27779697	254	160.0
1607470441.95	160000	59.635059	0.0	27714923	272	160.0
1607470442.58	20000	59.886048	0.0	3002106	103	-120.0
1607470445.41	20000	57.970725	0.0	2015412	2809	20.0
1607470446.31	80000	58.067947	0.0	12216668	830	20.0
1607470447.59	160000	57.788046	0.0	19373656	1163	80.0
1607470447.99	160000	58.391679	0.0	23977420	263	160.0
1607470448.41	160000	58.979319	0.0	24493733	270	160.0
1607470448.67	160000	59.718036	0.0	14528511	174	160.0
1607470449.97	160000	59.642986	0.0	16841176	199	160.0
1607470450.73	160000	59.861368	0.0	16743604	159	160.0
1607470451.5	160000	59.895045	0.0	17975224	172	160.0
1607470452.84	160000	59.646075	0.0	22329548	208	160.0
1607470453.58	160000	59.897064	0.0	16001583	141	160.0
1607470454.85	160000	59.648067	0.0	18238584	163	160.0
1607470455.66	160000	59.89909	0.0	21308824	189	160.0
1607470456.9	160000	59.649994	0.0	17749058	142	160.0
1607470457.62	160000	59.901075	0.0	14127787	136	160.0
1607470458.89	160000	59.652032	0.0	17525699	173	160.0
1607470459.65	160000	59.903057	0.0	14240042	178	160.0
1607470460.93	160000	59.654062	0.0	20324139	161	160.0
1607470461.72	160000	59.905051	0.0	21993033	170	160.0
1607470462.97	160000	59.656058	0.0	18863108	144	160.0
1607470463.7	160000	59.907088	0.0	15964734	126	160.0
1607470464.81	160000	59.658024	0.0	8284939	55	160.0
1607470465.99	160000	59.659045	0.0	9004706	130	160.0
1607470466.68	160000	59.727039	0.0	6955279	640	160.0
1607470467.49	160000	59.910787	0.0	10701639	752	160.0
1607470468.65	160000	59.912006	0.0	9459459	98	160.0
1607470469.7	160000	59.91297	0.0	3212828	21	160.0
1607470470.75	160000	59.663971	0.0	2509989	18	160.0
1607470471.79	160000	59.664965	0.0	2004927	18	160.0
1607470472.81	160000	59.665999	0.0	591360	5	160.0
1607470474.37	160000	59.600776	0.0	2394426	34	160.0
1607470474.74	40000	1.000999	0.03	337339	4	-4.799999999999997
1607470475.11	160000	2.001999	0.0	14912671	204	40.0
1607470475.66	160000	2.460988	0.0	24265636	333	160.0
1607470476.44	160000	2.686604	0.0	22711544	641	160.0
1607470477.69	60000	2.542321	0.0	8954217	1192	-40.0
1607470479.0	160000	2.295922	0.0	20946809	1172	60.0
1607470479.08	40000	3.232272	0.0	1987360	52	-80.0
1607470479.16	40000	4.154317	0.0	2185110	57	40.0
1607470479.46	40000	4.87288	0.0	9295618	247	40.0
1607470479.71	40000	5.623498	0.0	5971357	209	40.0
1607470480.42	40000	5.917581	0.0	7669174	653	40.0
1607470483.68	160000	3.657085	0.0	69464107	2632	40.0
1607470484.31	160000	4.029445	0.0	50637608	352	160.0
1607470484.57	160000	4.774028	0.0	19559369	146	160.0
1607470484.89	160000	5.456984	0.0	22224402	192	160.0
1607470485.24	160000	6.107049	0.0	22578365	222	160.0
1607470485.37	160000	6.970116	0.0	8346702	76	160.0
1607470485.62	160000	7.725234	0.0	15775481	154	160.0
1607470485.86	160000	8.489561	0.0	9163235	180	160.0
1607470487.53	160000	7.852674	0.0	41307095	1436	160.0
1607470488.87	40000	7.51735	0.0	8376884	1275	-80.0
1607470490.05	60000	7.340061	0.0	9003718	1119	40.0
1607470491.51	80000	6.875273	0.0	13274781	1379	60.0
1607470493.03	80000	6.354531	0.0	14862949	1423	80.0
1607470494.31	80000	6.081011	0.0	10513690	1210	80.0
1607470495.16	80000	6.227544	0.0	8329186	802	80.0
1607470497.95	80000	4.441971	0.0	34554431	2575	80.0
