1607414394.96	40000	1.000999	0.015	334476	4	-2.3999999999999986
1607414395.38	160000	1.875315	0.0	14912671	168	40.0
1607414395.96	160000	2.394703	0.0	24265636	291	160.0
1607414396.37	160000	2.986088	0.0	22711544	197	160.0
1607414396.73	160000	3.624607	0.0	19639705	170	160.0
1607414397.13	160000	4.263493	0.0	20946809	191	160.0
1607414397.38	160000	5.01099	0.0	11895609	110	160.0
1607414397.57	160000	5.848981	0.0	7597636	70	160.0
1607414398.74	160000	5.728509	0.0	56067905	616	160.0
1607414399.56	160000	5.966716	0.0	45444680	484	160.0
1607414400.44	160000	6.084659	0.0	54798068	516	160.0
1607414401.61	160000	5.925009	0.0	69464107	627	160.0
1607414402.47	160000	6.066525	0.0	50637608	502	160.0
1607414402.85	160000	6.678721	0.0	19559369	197	160.0
1607414403.27	160000	7.258223	0.0	22224402	224	160.0
1607414403.71	160000	7.82489	0.0	22578365	230	160.0
1607414403.92	160000	8.615466	0.0	8346702	84	160.0
1607414404.25	160000	9.29167	0.0	15775481	157	160.0
1607414404.46	160000	10.071004	0.0	9163235	88	160.0
1607414405.16	160000	10.38052	0.0	41307095	395	160.0
1607414405.67	160000	10.862968	0.0	28763893	268	160.0
1607414406.07	160000	11.467578	0.0	21266416	198	160.0
1607414406.52	160000	12.023532	0.0	23702229	217	160.0
1607414407.0	160000	12.538627	0.0	27580394	256	160.0
1607414407.43	160000	13.140407	0.0	20329780	221	160.0
1607414407.78	160000	13.815759	0.0	16109183	175	160.0
1607414408.9	160000	13.694377	0.0	58830800	711	160.0
1607414410.1	160000	13.500139	0.0	66935122	760	160.0
1607414410.44	160000	14.157227	0.0	15251076	187	160.0
1607414410.82	160000	14.783487	0.0	16574034	203	160.0
1607414411.11	160000	15.491157	0.0	13009028	147	160.0
1607414411.42	160000	16.187448	0.0	12791674	143	160.0
1607414411.67	160000	16.92966	0.0	11137898	122	160.0
1607414411.94	160000	17.664781	0.0	11485310	127	160.0
1607414412.21	160000	18.393576	0.0	12428518	132	160.0
1607414412.46	160000	19.150573	0.0	9963766	106	160.0
1607414412.73	160000	19.874331	0.0	12189364	129	160.0
1607414412.97	160000	20.635489	0.0	10142396	108	160.0
1607414413.21	160000	21.402358	0.0	10185488	102	160.0
1607414413.5	160000	22.111712	0.0	14061455	141	160.0
1607414413.88	160000	22.729067	0.0	20074099	201	160.0
1607414414.56	160000	23.056674	0.0	46115254	351	160.0
1607414415.18	160000	23.43874	0.0	40906522	311	160.0
1607414415.39	160000	24.227975	0.0	7891151	81	160.0
1607414415.8	160000	24.821753	0.0	21012466	216	160.0
1607414416.25	160000	25.373562	0.0	23519424	246	160.0
1607414416.63	160000	25.989187	0.0	18715420	195	160.0
1607414416.98	160000	26.638605	0.0	17000816	180	160.0
1607414417.29	160000	27.329674	0.0	14448126	154	160.0
1607414417.48	160000	28.139842	0.0	6958676	74	160.0
1607414417.7	160000	28.918106	0.0	9088791	97	160.0
1607414417.9	160000	29.725855	0.0	7211881	77	160.0
1607414418.03	160000	30.596918	0.0	3063586	32	160.0
1607414418.15	160000	31.473523	0.0	2782179	28	160.0
1607414418.39	160000	32.239491	0.0	9958410	102	160.0
1607414418.66	160000	32.967019	0.0	12158708	125	160.0
1607414418.94	160000	33.690926	0.0	12300216	127	160.0
1607414419.27	160000	34.36304	0.0	15815684	166	160.0
1607414419.56	160000	35.071615	0.0	13526256	143	160.0
1607414419.83	160000	35.804906	0.0	11995130	126	160.0
1607414420.11	160000	36.526586	0.0	13394791	132	160.0
1607414420.38	160000	37.255128	0.0	14135828	121	160.0
1607414420.67	160000	37.965007	0.0	15366126	134	160.0
1607414420.94	160000	38.6932	0.0	14248439	123	160.0
1607414421.23	160000	39.403426	0.0	13843717	142	160.0
1607414421.55	160000	40.088258	0.0	14665119	150	160.0
1607414421.96	160000	40.677778	0.0	21079187	215	160.0
1607414422.44	160000	41.197176	0.0	25480074	266	160.0
1607414422.89	160000	41.749577	0.0	23021754	239	160.0
1607414423.41	160000	42.232481	0.0	27527834	288	160.0
1607414423.92	160000	42.719864	0.0	26155848	275	160.0
1607414424.3	160000	43.348463	0.0	17849379	195	160.0
1607414424.65	160000	43.999701	0.0	16546531	182	160.0
1607414425.03	160000	44.617773	0.0	17718949	189	160.0
1607414425.38	160000	45.271753	0.0	17337137	172	160.0
1607414425.76	160000	45.885801	0.0	20008245	193	160.0
1607414426.69	160000	45.95612	0.0	58430914	547	160.0
1607414427.01	160000	46.638367	0.0	16292703	148	160.0
1607414427.47	160000	47.18776	0.0	25587422	237	160.0
1607414427.9	160000	47.752948	0.0	23982306	223	160.0
1607414428.18	160000	48.472964	0.0	13347845	131	160.0
1607414428.48	160000	49.171536	0.0	14337991	152	160.0
1607414428.8	160000	49.85975	0.0	14584990	157	160.0
1607414429.1	160000	50.557253	0.0	13962401	147	160.0
1607414429.4	160000	51.255087	0.0	14393788	153	160.0
1607414429.71	160000	51.95176	0.0	14649457	153	160.0
1607414430.0	160000	52.663186	0.0	13409715	142	160.0
1607414430.34	160000	53.317891	0.0	13909605	195	160.0
1607414430.68	160000	53.981944	0.0	13301968	190	160.0
1607414431.13	160000	54.532222	0.0	19025846	265	160.0
1607414431.58	160000	55.085221	0.0	19295426	262	160.0
1607414432.0	160000	55.66734	0.0	18261873	243	160.0
1607414432.47	160000	56.197138	0.0	19847604	277	160.0
1607414432.91	160000	56.757649	0.0	18767181	262	160.0
1607414433.4	160000	57.262738	0.0	22420858	294	160.0
1607414433.84	160000	57.828269	0.0	19324333	247	160.0
1607414434.29	160000	58.379407	0.0	20392234	263	160.0
1607414434.51	160000	59.161722	0.0	7671072	99	160.0
1607414434.92	160000	59.755055	0.0	17781906	232	160.0
1607414436.22	160000	59.606994	0.0	12839336	147	160.0
1607414436.94	160000	59.858042	0.0	10779770	89	160.0
1607414438.22	160000	59.609084	0.0	14606687	124	160.0
1607414440.77	160000	57.899558	0.0	41866951	2236	160.0
1607414441.58	160000	58.102536	0.0	37238410	491	160.0
1607414441.85	160000	58.828952	0.0	14347759	118	160.0
1607414442.08	160000	59.597054	0.0	11399187	95	160.0
1607414442.84	160000	59.863864	0.0	10358641	125	160.0
1607414444.17	160000	59.614895	0.0	14315696	176	160.0
1607414445.11	160000	59.615861	0.0	23283631	236	160.0
1607414445.82	160000	59.859042	0.0	37521367	426	160.0
1607414447.27	160000	59.618077	0.0	22241104	252	160.0
1607414448.06	160000	59.618874	0.0	15813346	117	160.0
1607414448.89	160000	59.870024	0.0	17116450	151	160.0
1607414450.25	160000	59.62103	0.0	18867054	175	160.0
1607414451.08	160000	59.622082	0.0	17393609	155	160.0
1607414451.97	160000	59.873002	0.0	24759401	180	160.0
1607414452.87	160000	59.874056	0.0	25782433	187	160.0
1607414453.83	160000	59.875055	0.0	25885372	226	160.0
1607414455.31	160000	59.626081	0.0	26242011	259	160.0
1607414457.33	160000	58.357229	0.0	23865378	1806	160.0
1607414458.32	160000	58.372926	0.0	25470681	767	160.0
1607414459.0	160000	58.696543	0.0	27258768	436	160.0
1607414459.45	160000	59.244531	0.0	17853711	271	160.0
1607414459.82	160000	59.87685	0.0	14829893	211	160.0
1607414460.96	160000	59.741581	0.0	27779697	408	160.0
1607414462.17	160000	59.633077	0.0	27714923	483	160.0
1607414462.71	160000	59.988911	0.0	25946474	313	160.0
1607414464.13	160000	59.635035	0.0	19596259	236	160.0
1607414464.71	160000	59.99218	0.0	23774167	367	160.0
1607414466.22	160000	59.637083	0.0	19373656	318	160.0
1607414466.84	160000	59.866751	0.0	23977420	404	160.0
1607414467.96	160000	59.889044	0.0	24493733	412	160.0
1607414468.88	160000	59.890058	0.0	14528511	265	160.0
1607414469.84	160000	59.891101	0.0	16841176	290	160.0
1607414471.23	160000	59.642012	0.0	16743604	222	160.0
1607414472.1	160000	59.643051	0.0	17975224	186	160.0
1607414473.08	160000	59.644099	0.0	22329548	270	160.0
1607414474.0	160000	59.895072	0.0	16001583	255	160.0
1607414475.0	160000	59.896075	0.0	18238584	321	160.0
1607414476.04	160000	59.897031	0.0	21308824	339	160.0
1607414477.01	160000	59.898105	0.0	17749058	292	160.0
1607414477.86	160000	59.89902	0.0	14127787	200	160.0
1607414479.28	160000	59.650044	0.0	17525699	243	160.0
1607414480.11	160000	59.651008	0.0	14240042	171	160.0
1607414481.04	160000	59.902022	0.0	20324139	246	160.0
1607414482.01	160000	59.903018	0.0	21993033	277	160.0
1607414482.93	160000	59.904009	0.0	18863108	227	160.0
1607414484.3	160000	59.655095	0.0	15964734	205	160.0
1607414485.02	160000	59.864713	0.0	8284939	98	160.0
1607414486.25	160000	59.657042	0.0	9004706	106	160.0
1607414486.82	160000	59.903111	0.0	6955279	450	160.0
1607414488.05	160000	59.909095	0.0	10701639	599	160.0
1607414488.88	160000	59.910059	0.0	9459459	199	160.0
1607414490.01	160000	59.911034	0.0	3212828	29	160.0
1607414491.12	160000	59.66206	0.0	2509989	17	160.0
1607414492.2	160000	59.663051	0.0	2004927	13	160.0
1607414493.26	160000	59.664031	0.0	591360	4	160.0
1607414494.34	160000	59.848798	0.0	2394426	16	160.0
1607414494.64	40000	1.000999	0.024	336477	2	-3.8400000000000034
1607414494.99	160000	2.001999	0.0	14912671	103	40.0
1607414495.46	160000	2.598172	0.0	24265636	166	160.0
1607414495.8	160000	3.255654	0.0	22711544	134	160.0
1607414496.11	160000	3.948011	0.0	19639705	115	160.0
1607414496.43	160000	4.629403	0.0	20946809	123	160.0
1607414496.64	160000	5.44922	0.0	11895609	64	160.0
1607414496.8	160000	6.323748	0.0	7597636	38	160.0
1607414497.69	160000	6.48942	0.0	56067905	304	160.0
1607414498.32	160000	6.912047	0.0	45444680	302	160.0
1607414499.04	160000	7.217384	0.0	54798068	341	160.0
1607414500.01	160000	7.273346	0.0	69464107	426	160.0
1607414500.68	160000	7.612291	0.0	50637608	318	160.0
1607414501.01	160000	8.272517	0.0	19559369	144	160.0
1607414501.38	160000	8.905669	0.0	22224402	168	160.0
1607414501.73	160000	9.555091	0.0	22578365	152	160.0
1607414501.9	160000	10.379358	0.0	8346702	54	160.0
1607414502.18	160000	11.108762	0.0	15775481	104	160.0
1607414502.36	160000	11.921638	0.0	9163235	59	160.0
1607414502.88	160000	12.406859	0.0	41307095	224	160.0
1607414503.29	160000	13.000858	0.0	28763893	147	160.0
1607414503.59	160000	13.69401	0.0	21266416	109	160.0
1607414503.98	160000	14.311742	0.0	23702229	161	160.0
1607414504.39	160000	14.895825	0.0	27580394	189	160.0
1607414504.77	160000	15.526971	0.0	20329780	165	160.0
1607414505.08	160000	16.211095	0.0	16109183	139	160.0
1607414506.09	160000	16.203924	0.0	58830800	588	160.0
1607414507.27	160000	16.088113	0.0	66935122	699	160.0
1607414507.57	160000	16.786155	0.0	15251076	133	160.0
1607414507.9	160000	17.451967	0.0	16574034	158	160.0
1607414508.17	160000	18.181994	0.0	13009028	125	160.0
