1610794234.94	60000	1.000999	0.013	336477	1	-4.159999999999997
1610794235.16	320000	2.001999	0.0	14912671	68	60.0
1610794235.52	320000	2.806497	0.0	24265636	114	320.0
1610794235.75	320000	3.592	0.0	22711544	106	320.0
1610794235.97	320000	4.384694	0.0	19639705	91	320.0
1610794236.21	320000	5.148803	0.0	20946809	99	320.0
1610794236.33	320000	6.022199	0.0	11895609	56	320.0
1610794236.44	320000	6.916863	0.0	7597636	41	320.0
1610794237.18	320000	7.210508	0.0	56067905	262	320.0
1610794237.66	320000	7.762512	0.0	46062054	217	320.0
1610794238.38	320000	8.062451	0.0	60496562	308	320.0
1610794239.62	320000	7.937515	0.0	90475604	470	320.0
1610794240.73	320000	7.96338	0.0	94557637	546	320.0
1610794241.26	320000	8.43927	0.0	48403531	253	320.0
1610794241.94	320000	8.761368	0.0	63326685	329	320.0
1610794242.65	320000	9.045268	0.0	66782145	317	320.0
1610794242.8	320000	9.90407	0.0	13212243	66	320.0
1610794243.1	320000	10.600204	0.0	29387773	141	320.0
1610794243.29	320000	11.413803	0.0	17336677	84	320.0
1610794244.79	320000	10.912808	0.0	126296507	620	320.0
1610794245.86	320000	10.841698	0.0	96707447	471	320.0
1610794246.7	320000	11.002057	0.0	72904162	392	320.0
1610794247.48	320000	11.428744	0.0	66993756	329	320.0
1610794248.47	320000	11.686275	0.0	92389329	458	320.0
1610794249.27	320000	12.073392	0.0	70549633	359	320.0
1610794249.81	320000	12.535128	0.0	50094571	242	320.0
1610794251.17	320000	12.179408	0.0	124391138	608	320.0
1610794252.8	320000	11.665145	0.0	139539685	654	320.0
1610794253.32	320000	12.147941	0.0	44512381	227	320.0
1610794253.82	320000	12.642046	0.0	46257154	230	320.0
1610794254.23	320000	13.232835	0.0	34846600	211	320.0
1610794254.63	320000	13.840239	0.0	33828007	208	320.0
1610794254.98	320000	14.486061	0.0	30396599	182	320.0
1610794255.33	320000	15.135836	0.0	30979822	169	320.0
1610794255.73	320000	15.818849	0.0	33204608	181	320.0
1610794256.01	320000	16.627931	0.0	23618590	131	320.0
1610794256.34	320000	17.483762	0.0	27475995	151	320.0
1610794256.64	320000	18.260799	0.0	26460007	148	320.0
1610794256.95	320000	18.981138	0.0	26763657	150	320.0
1610794257.37	320000	19.850605	0.0	33826873	211	320.0
1610794257.87	320000	20.346696	0.0	41214174	260	320.0
1610794259.04	320000	20.180823	0.0	83204731	656	320.0
1610794260.52	320000	19.807535	0.0	75539257	1053	320.0
1610794260.78	320000	20.6042	0.0	16577177	140	320.0
1610794261.42	320000	20.996656	0.0	39814357	406	320.0
1610794262.23	320000	21.36916	0.0	50277186	531	320.0
1610794262.96	320000	21.642679	0.0	43375920	466	320.0
1610794263.67	320000	21.934396	0.0	39748690	460	320.0
1610794265.75	320000	21.671055	0.0	32725949	1876	320.0
1610794266.99	320000	21.831598	0.0	15673611	1135	320.0
1610794267.33	320000	22.560186	0.0	20850595	209	320.0
1610794267.6	320000	23.356321	0.0	16458609	164	320.0
1610794267.74	320000	24.216385	0.0	8700077	88	320.0
1610794267.87	320000	25.081148	0.0	8292135	84	320.0
1610794268.22	320000	25.865631	0.0	22212109	216	320.0
1610794268.65	320000	26.496202	0.0	27931458	270	320.0
1610794269.08	320000	27.088636	0.0	28076035	272	320.0
1610794269.55	320000	27.757219	0.0	34615012	270	320.0
1610794269.98	320000	28.329943	0.0	31574841	247	320.0
1610794270.33	320000	28.987047	0.0	28857310	171	320.0
1610794270.71	320000	29.600987	0.0	30799251	182	320.0
1610794271.07	320000	30.24758	0.0	29900862	176	320.0
1610794271.44	320000	30.872482	0.0	32431711	190	320.0
1610794271.85	320000	31.476044	0.0	32680833	198	320.0
1610794272.21	320000	32.11345	0.0	30468229	181	320.0
1610794272.6	320000	32.722914	0.0	31594806	188	320.0
1610794273.1	320000	33.218249	0.0	43158259	257	320.0
1610794273.77	320000	33.5558	0.0	53696400	356	320.0
1610794274.46	320000	33.858796	0.0	49804325	387	320.0
1610794275.25	320000	34.072228	0.0	56230532	469	320.0
1610794275.92	320000	34.401603	0.0	54033728	364	320.0
1610794276.42	320000	34.905993	0.0	40265492	260	320.0
1610794276.87	320000	35.453631	0.0	37527577	244	320.0
1610794277.31	320000	36.020539	0.0	38354537	220	320.0
1610794277.7	320000	36.62625	0.0	33905183	189	320.0
1610794278.14	320000	37.188836	0.0	37964644	212	320.0
1610794279.24	320000	37.087785	0.0	91609209	601	320.0
1610794279.63	320000	37.698294	0.0	30861098	203	320.0
1610794280.31	320000	38.058356	0.0	53161890	346	320.0
1610794280.9	320000	38.554598	0.0	49661559	286	320.0
1610794281.22	320000	39.226519	0.0	27673254	155	320.0
1610794281.58	320000	39.907932	0.0	29061600	174	320.0
1610794281.93	320000	40.561341	0.0	29596558	165	320.0
1610794282.32	320000	41.215878	0.0	29264466	219	320.0
1610794282.72	320000	41.815958	0.0	29949400	234	320.0
1610794283.13	320000	42.404101	0.0	30225692	238	320.0
1610794283.54	320000	43.004332	0.0	27528494	235	320.0
1610794283.98	320000	43.555468	0.0	28959567	243	320.0
1610794284.36	320000	44.17387	0.0	27200869	222	320.0
1610794284.87	320000	44.663666	0.0	37091406	301	320.0
1610794285.3	320000	45.23665	0.0	32442772	237	320.0
1610794285.82	320000	45.845383	0.0	38733768	266	320.0
1610794286.48	320000	46.180461	0.0	43207501	419	320.0
1610794287.24	320000	46.454805	0.0	39867273	527	320.0
1610794297.9	320000	59.907322	0.0	12229430	152	320.0
1610794297.91	320000	59.806809	0.0	12229430	152	320.0
1610794300.54	320000	58.172844	0.0	54267260	2309	320.0
1610794301.3	320000	58.418011	0.0	46984925	477	320.0
1610794302.14	320000	58.583948	0.0	52441959	536	320.0
1610794303.13	320000	58.588127	0.0	56222410	647	320.0
1610794303.83	320000	58.888491	0.0	37045146	468	320.0
1610794304.41	320000	59.316647	0.0	31316241	395	320.0
1610794305.47	320000	59.258364	0.0	54539886	692	320.0
1610794306.47	320000	59.257645	0.0	54290338	684	320.0
1610794307.34	320000	59.510944	0.0	50306079	580	320.0
1610794308.02	320000	59.918815	0.0	39311524	439	320.0
1610794309.33	320000	59.890294	0.0	45141551	527	320.0
1610794310.5	320000	59.646778	0.0	38678341	944	320.0
1610794311.67	320000	59.529213	0.0	48869677	878	320.0
1610794312.61	320000	59.594086	0.0	48742469	643	320.0
1610794313.21	320000	59.993473	0.0	31052651	416	320.0
1610794314.83	320000	59.552067	0.0	35159774	422	320.0
1610794316.36	320000	58.9143	0.0	34685385	1321	320.0
1610794327.78	320000	59.880532	0.0	8732970	617	320.0
1610794328.51	80000	59.976242	0.0	7562882	674	-160.0
1610794329.85	80000	59.690522	0.0	3563377	313	80.0
1610794330.97	80000	59.691555	0.0	4074589	87	80.0
1610794331.58	110000	59.942569	0.0	4674535	67	80.0
1610794332.82	160000	59.69363	0.0	10701639	160	110.0
1610794333.55	160000	59.944525	0.0	9459459	172	160.0
1610794333.56	320000	59.930621	0.0	9459459	172	160.0
1610794334.7	320000	59.945586	0.0	5119060	98	320.0
1610794335.79	320000	59.946465	0.0	3788776	61	320.0
1610794336.87	320000	59.697578	0.0	3041389	48	320.0
1610794337.91	320000	59.698528	0.0	640071	23	320.0
1610794337.92	160000	59.574927	0.0	640071	23	0.0
1610794338.99	160000	59.699455	0.0	2029416	36	160.0
1610794338.99	320000	59.502534	0.0	2029416	36	160.0
1610794339.02	320000	59.912893	0.0	511709	7	320.0
