1610831737.19	60000	1.000999	0.023	336477	6	-7.359999999999999
1610831737.46	320000	2.001999	0.0	14912671	96	60.0
1610831737.93	320000	2.739906	0.0	24265636	195	320.0
1610831738.23	320000	3.508301	0.0	22711544	132	320.0
1610831738.5	320000	4.242973	0.0	19639705	117	320.0
1610831738.76	320000	4.995766	0.0	20946809	117	320.0
1610831738.91	320000	5.847515	0.0	11895609	65	320.0
1610831739.02	320000	6.738634	0.0	7597636	55	320.0
1610831739.83	320000	6.980441	0.0	56067905	303	320.0
1610831740.54	320000	7.406792	0.0	46062054	431	320.0
1610831741.41	320000	7.767784	0.0	60496562	378	320.0
1610831742.82	320000	7.580816	0.0	90475604	528	320.0
1610831744.07	320000	7.311765	0.0	94557637	650	320.0
1610831744.67	320000	7.715178	0.0	48403531	304	320.0
1610831745.4	320000	7.988546	0.0	63326685	323	320.0
1610831746.21	320000	8.173672	0.0	66782145	380	320.0
1610831746.5	320000	8.904699	0.0	13212243	159	320.0
1610831747.0	320000	9.398789	0.0	29387773	296	320.0
1610831747.32	320000	10.077917	0.0	17336677	145	320.0
1610831749.08	320000	9.445653	0.0	126296507	740	320.0
1610831750.26	320000	9.544482	0.0	96707447	535	320.0
1610831751.22	320000	9.995772	0.0	72904162	485	320.0
1610831752.13	320000	10.341248	0.0	66993756	423	320.0
1610831753.3	320000	10.441446	0.0	92389329	539	320.0
1610831754.2	320000	10.54901	0.0	70549633	408	320.0
1610831754.85	320000	10.960339	0.0	50094571	308	320.0
1610831756.36	320000	10.761059	0.0	124391138	689	320.0
1610831758.22	320000	9.903182	0.0	139539685	757	320.0
1610831758.8	320000	10.320609	0.0	44512381	245	320.0
1610831759.46	320000	10.81487	0.0	46257154	363	320.0
1610831760.05	320000	11.504468	0.0	34846600	345	320.0
1610831760.55	320000	12.194437	0.0	33828007	249	320.0
1610831761.03	320000	12.885179	0.0	30396599	260	320.0
1610831761.53	320000	13.575848	0.0	30979822	268	320.0
1610831762.08	320000	14.198513	0.0	33204608	344	320.0
1610831762.47	320000	14.810111	0.0	23618590	232	320.0
1610831762.96	320000	15.407682	0.0	27475995	289	320.0
1610831763.46	320000	15.977162	0.0	26460007	296	320.0
1610831763.96	320000	16.568226	0.0	26763657	304	320.0
1610831764.49	320000	17.105827	0.0	33826873	299	320.0
1610831765.1	320000	17.584145	0.0	41214174	348	320.0
1610831766.36	320000	17.591465	0.0	83204731	726	320.0
1610831767.63	320000	17.318774	0.0	75539257	818	320.0
1610831767.91	320000	18.060369	0.0	16577177	151	320.0
1610831782.07	320000	59.862477	0.0	4811858	71	320.0
1610831782.08	320000	59.672081	0.0	4811858	71	320.0
1610831783.39	320000	59.613395	0.0	13943369	208	320.0
1610831784.03	320000	59.723696	0.0	33909675	435	320.0
1610831784.96	320000	59.865852	0.0	25608467	214	320.0
1610831786.32	320000	59.671804	0.0	21666875	221	320.0
1610831787.4	320000	59.864747	0.0	29164819	391	320.0
1610831798.74	320000	58.442242	0.0	15813346	1732	320.0
1610831798.75	320000	58.427274	0.0	15813346	1732	320.0
1610831809.65	320000	59.7643	0.0	7067075	73	320.0
1610831809.66	320000	59.535036	0.0	7067075	73	320.0
1610831810.68	320000	59.518454	0.0	54539886	705	320.0
1610831811.74	320000	59.470002	0.0	54290338	667	320.0
1610831812.67	320000	59.522974	0.0	50306079	646	320.0
1610831813.37	320000	59.835078	0.0	39311524	467	320.0
1610831814.33	320000	59.873974	0.0	45141551	641	320.0
1610831815.52	320000	59.770299	0.0	38678341	435	320.0
1610831816.37	320000	59.840265	0.0	48869677	565	320.0
1610831817.41	320000	59.795084	0.0	48742469	696	320.0
1610831818.7	320000	59.523278	0.0	31052651	575	320.0
1610831819.47	320000	59.732751	0.0	35159774	573	320.0
1610831820.65	320000	59.77534	0.0	34685385	475	320.0
1610831821.43	320000	59.778811	0.0	36845249	528	320.0
1610831822.33	320000	59.877683	0.0	44043502	606	320.0
1610831823.45	320000	59.778325	0.0	28911363	413	320.0
1610831824.68	320000	59.779296	0.0	31997411	496	320.0
1610831825.43	320000	59.783634	0.0	37860562	505	320.0
1610831826.7	320000	59.529392	0.0	34218681	573	320.0
1610831828.12	320000	59.089578	0.0	30315897	1244	320.0
1610831829.42	320000	58.792453	0.0	38074030	1074	320.0
1610831830.34	320000	58.875822	0.0	31856580	711	320.0
1610831831.29	320000	58.925705	0.0	40986530	700	320.0
1610831832.37	320000	58.857559	0.0	43161948	782	320.0
1610831833.2	320000	59.01636	0.0	39216469	597	320.0
1610831833.99	320000	59.229845	0.0	32708889	566	320.0
1610831834.55	320000	59.676237	0.0	16257756	405	320.0
