1610853742.53	60000	1.000999	0.154	336477	114	-49.28
1610853743.39	60000	1.580481	0.0	14898753	584	60.0
1610853744.06	40000	1.917453	0.0	17616813	433	20.0
1610853744.36	40000	2.616337	0.0	8581118	149	40.0
1610853744.67	60000	3.332664	0.0	8954217	156	40.0
1610853744.94	60000	4.061308	0.0	7325507	127	60.0
1610853745.34	320000	4.688349	0.0	11895609	195	60.0
1610853745.62	320000	5.413302	0.0	7597636	125	320.0
1610853747.19	320000	4.87418	0.0	56067905	944	320.0
1610853748.32	320000	4.754748	0.0	46062054	761	320.0
1610853750.51	320000	3.564253	0.0	60496562	1665	320.0
1610853753.36	320000	1.71849	0.0	90475604	2025	320.0
1610853755.88	320000	1.385165	1.085	94557637	1978	-27.19999999999999
1610853757.29	320000	1.226286	0.045	48403531	1001	305.6
1610853758.97	320000	1.33021	0.746	63326685	1276	81.28
1610853760.77	320000	1.326565	0.788	66782145	1341	67.84
1610853761.24	320000	1.845235	0.0	13212243	290	320.0
1610853762.09	320000	1.996141	0.0	29387773	579	320.0
1610853762.65	320000	2.438024	0.0	17336677	358	320.0
1610853765.96	320000	1.136183	1.006	126296507	2437	-1.920000000000016
1610853768.44	320000	1.302861	1.403	96707447	1895	-128.95999999999998
1610853770.25	320000	1.368031	0.765	72904162	1346	75.19999999999999
1610853771.84	320000	1.3673	0.609	66993756	1135	125.12
1610853773.84	320000	1.348325	1.043	92389329	1427	-13.759999999999991
1610853775.47	320000	1.438734	0.669	70549633	1179	105.91999999999999
1610853778.29	320000	1.417729	1.729	50094571	2480	-233.27999999999997
1610853779.05	40000	1.651052	0.0	18604040	530	-240.0
1610853779.83	40000	1.876869	0.0	20723782	558	40.0
1610853780.49	160000	2.215968	0.0	15251076	437	40.0
1610853781.25	160000	2.454985	0.0	16574034	558	160.0
1610853782.33	160000	2.381265	0.0	13009028	897	160.0
1610853783.0	160000	2.708511	0.0	12791674	498	160.0
1610853783.57	160000	3.144445	0.0	11137898	401	160.0
1610853784.11	160000	3.599304	0.0	11485310	381	160.0
1610853784.68	160000	4.034816	0.0	12428518	394	160.0
1610853785.14	160000	4.567823	0.0	9963766	311	160.0
1610853786.28	320000	4.433907	0.0	27475995	878	160.0
1610853787.38	320000	4.33235	0.0	26460007	860	320.0
1610853788.48	320000	4.234193	0.0	26763657	855	320.0
1610853789.84	320000	3.875116	0.0	33826873	1065	320.0
1610853792.5	320000	2.216971	0.0	41214174	2332	320.0
1610853793.34	60000	2.377945	0.0	20100626	617	-200.0
1610853794.28	80000	2.443096	0.0	22860019	671	60.0
1610853794.66	160000	3.065155	0.0	7891151	226	80.0
1610853795.49	160000	3.23049	0.0	21012466	599	160.0
1610853796.4	160000	3.330051	0.0	23519424	672	160.0
1610853798.26	320000	2.463415	0.0	43375920	1516	160.0
1610853799.6	320000	2.12565	0.0	39748690	1035	320.0
1610853800.71	320000	2.043986	0.0	32725949	808	320.0
1610853801.27	320000	2.485141	0.0	15673611	370	320.0
1610853801.94	320000	2.812281	0.0	20850595	451	320.0
1610853802.48	320000	3.274263	0.0	16458609	346	320.0
1610853802.82	320000	3.949486	0.0	8700077	175	320.0
1610853803.13	320000	4.62449	0.0	8292135	166	320.0
1610853803.87	320000	4.88341	0.0	22212109	523	320.0
1610853804.77	320000	4.989565	0.0	27931458	647	320.0
1610853805.56	320000	5.198034	0.0	28076035	535	320.0
1610853806.41	320000	5.349306	0.0	34615012	561	320.0
1610853807.61	320000	5.155933	0.0	31574841	924	320.0
1610853808.46	320000	5.305308	0.0	28857310	593	320.0
1610853809.18	320000	5.586107	0.0	30799251	455	320.0
1610853809.97	320000	5.796985	0.0	29900862	525	320.0
1610853810.96	320000	5.803718	0.0	32431711	692	320.0
1610853812.07	320000	5.698752	0.0	32680833	831	320.0
1610853812.96	320000	5.810183	0.0	30468229	619	320.0
1610853813.76	320000	6.012048	0.0	31594806	519	320.0
1610853814.86	320000	5.908013	0.0	43158259	769	320.0
1610853816.4	320000	5.36942	0.0	53696400	1160	320.0
1610853818.04	320000	4.729331	0.0	49804325	1267	320.0
1610853819.41	320000	4.35778	0.0	56230532	978	320.0
1610853820.59	320000	4.221676	0.0	54033728	721	320.0
1610853821.5	320000	4.40431	0.0	40265492	599	320.0
1610853822.54	320000	4.585342	0.0	37527577	738	320.0
1610853823.56	320000	4.737868	0.0	38354537	693	320.0
1610853824.46	320000	4.872099	0.0	33905183	609	320.0
1610853826.78	320000	3.60548	0.0	37964644	2003	320.0
1610853828.51	110000	2.871229	0.0	44222240	1340	-100.0
1610853829.02	110000	3.367489	0.0	11574285	340	110.0
1610853829.7	110000	3.686043	0.0	17560011	479	110.0
1610853830.62	160000	3.776757	0.0	23982306	669	110.0
1610853831.16	160000	4.224904	0.0	13347845	370	160.0
1610853832.25	320000	4.139559	0.0	29061600	801	160.0
1610853833.32	320000	4.070349	0.0	29596558	808	320.0
1610853834.39	320000	4.00399	0.0	29264466	805	320.0
1610853835.47	320000	3.917341	0.0	29949400	828	320.0
1610853836.58	320000	3.810537	0.0	30225692	827	320.0
1610853837.57	320000	3.824906	0.0	27528494	736	320.0
1610853838.59	320000	3.801614	0.0	28959567	756	320.0
1610853839.54	320000	3.8543	0.0	27200869	704	320.0
1610853840.79	320000	3.606528	0.0	37091406	932	320.0
1610853841.87	320000	3.52454	0.0	32442772	806	320.0
1610853843.13	320000	3.26987	0.0	38733768	934	320.0
1610853844.51	320000	2.892105	0.0	43207501	1021	320.0
1610853845.72	320000	2.683057	0.0	39867273	896	320.0
1610853847.0	320000	2.400324	0.0	44687216	920	320.0
1610853883.43	320000	1.355852	34.339	37222510	36139	-10668.48
1610853883.69	40000	2.10101	0.0	4811858	116	-240.0
1610853883.84	40000	2.945608	0.0	2054604	38	40.0
1610853884.07	40000	3.720919	0.0	4462862	94	40.0
1610853884.25	40000	4.537594	0.0	3046638	62	40.0
1610853884.43	40000	5.361516	0.0	2648526	57	40.0
1610853885.29	320000	5.498844	0.0	29164819	600	40.0
1610853889.35	320000	2.447058	0.0	75257111	3479	320.0
1610853902.09	320000	1.377543	10.433	71035332	12272	-3018.56
1610853902.55	40000	1.920201	0.0	3552565	324	-240.0
1610853902.86	40000	2.607945	0.0	2139919	194	40.0
1610853903.11	40000	3.35473	0.0	1859346	136	40.0
1610853903.45	40000	4.018158	0.0	3131242	214	40.0
1610853904.04	40000	4.433472	0.0	6479978	446	40.0
1610853905.0	40000	4.474333	0.0	11490169	793	40.0
1610853906.34	110000	4.1338	0.0	16060560	1144	40.0
1610853907.37	110000	4.100357	0.0	11168326	873	110.0
1610853908.57	110000	3.90985	0.0	12064050	1017	110.0
1610853909.75	110000	3.730497	0.0	12122131	1011	110.0
1610853910.86	110000	3.617526	0.0	10969714	947	110.0
1610853912.19	110000	3.286117	0.0	16960361	1134	110.0
1610853913.1	110000	3.383854	0.0	17875878	701	110.0
1610853913.93	110000	3.549644	0.0	17343962	635	110.0
1610853914.75	110000	3.73361	0.0	17781436	612	110.0
1610853915.48	110000	4.00377	0.0	16547208	533	110.0
1610853916.52	160000	3.967932	0.0	25470681	774	110.0
1610853917.54	160000	3.944539	0.0	27258768	771	160.0
1610853918.21	160000	4.275093	0.0	17853711	467	160.0
1610853919.22	320000	4.264073	0.0	31316241	729	160.0
1610853920.81	320000	3.674348	0.0	54539886	1154	320.0
1610853922.16	320000	3.327135	0.0	54290338	945	320.0
