1610785822.84	60000	1.000999	0.467	336477	450	-149.44
1610785824.29	40000	1.215563	0.251	14648397	1309	-60.31999999999999
1610785825.68	40000	1.346443	0.49	17616813	1277	-116.80000000000001
1610785826.33	40000	1.715517	0.0	8581118	602	40.0
1610785826.7	40000	2.362403	0.0	4726840	331	40.0
1610785826.97	40000	3.096635	0.0	3421740	235	40.0
1610785827.13	40000	3.953821	0.0	1987360	131	40.0
1610785827.31	40000	4.781065	0.0	2185110	148	40.0
1610785828.03	40000	5.05467	0.0	9295618	667	40.0
1610785828.65	40000	5.437852	0.0	5971357	573	40.0
1610785829.34	40000	5.760143	0.0	7669174	628	40.0
1610785830.54	60000	5.550909	0.0	15230785	1102	40.0
1610785831.25	40000	5.844889	0.0	9449433	641	20.0
1610785831.67	60000	6.425976	0.0	5612759	375	40.0
1610785832.11	60000	6.987967	0.0	6789212	390	60.0
1610785832.64	80000	7.454919	0.0	9337721	467	60.0
1610785832.83	80000	8.26638	0.0	3201928	160	80.0
1610785833.13	110000	8.969215	0.0	9838179	230	80.0
1610785833.3	110000	9.796079	0.0	6126794	129	110.0
1610785834.54	160000	9.556928	0.0	41307095	819	110.0
1610785835.2	160000	9.901431	0.0	28763893	485	160.0
1610785835.69	160000	10.41683	0.0	21266416	340	160.0
1610785836.18	160000	10.924779	0.0	23702229	357	160.0
1610785836.73	160000	11.375964	0.0	27580394	385	160.0
1610785837.15	160000	11.956025	0.0	20329780	292	160.0
1610785837.49	160000	12.620288	0.0	16109183	238	160.0
1610785838.81	160000	12.29928	0.0	58830800	860	160.0
1610785840.17	160000	11.939828	0.0	66935122	995	160.0
1610785840.46	160000	12.652193	0.0	15251076	186	160.0
1610785840.77	160000	13.344258	0.0	16574034	206	160.0
1610785841.0	160000	14.105887	0.0	13009028	161	160.0
1610785841.24	160000	14.873386	0.0	12791674	153	160.0
1610785841.44	160000	15.6698	0.0	11137898	134	160.0
1610785842.0	320000	16.109445	0.0	30979822	371	160.0
1610785842.55	320000	16.563642	0.0	33204608	364	320.0
1610785842.95	320000	17.161779	0.0	23618590	259	320.0
1610785843.4	320000	17.714266	0.0	27475995	280	320.0
1610785843.85	320000	18.264041	0.0	26460007	270	320.0
1610785844.36	320000	18.760551	0.0	26763657	345	320.0
1610785845.05	320000	19.073813	0.0	33826873	486	320.0
1610785848.29	320000	16.847104	0.0	41214174	2974	320.0
1610785850.06	320000	16.062917	0.0	83204731	1177	320.0
1610785851.22	320000	15.915677	0.0	75539257	698	320.0
1610785851.5	320000	16.623628	0.0	16577177	160	320.0
1610785852.11	320000	17.013765	0.0	39814357	386	320.0
1610785852.92	320000	17.201479	0.0	50277186	521	320.0
1610785853.56	320000	17.565662	0.0	43375920	373	320.0
1610785854.13	320000	17.997319	0.0	39748690	330	320.0
1610785854.67	320000	18.453903	0.0	32725949	350	320.0
1610785854.94	320000	19.195692	0.0	15673611	168	320.0
1610785855.29	320000	19.837373	0.0	20850595	219	320.0
1610785855.57	320000	20.565957	0.0	16458609	172	320.0
1610785855.72	320000	21.419821	0.0	8700077	91	320.0
1610785855.86	320000	22.275083	0.0	8292135	84	320.0
1610785856.3	320000	22.836368	0.0	22212109	304	320.0
1610785857.05	320000	23.087416	0.0	27931458	590	320.0
1610785861.25	320000	19.890089	0.0	28076035	4002	320.0
1610785862.16	320000	19.979826	0.0	34615012	715	320.0
1610785862.76	320000	20.382222	0.0	31574841	391	320.0
1610785863.3	320000	20.841912	0.0	28857310	356	320.0
1610785863.88	320000	21.261908	0.0	30799251	382	320.0
1610785864.39	320000	21.755904	0.0	29900862	330	320.0
1610785864.91	320000	22.232556	0.0	32431711	301	320.0
1610785865.49	320000	22.696943	0.0	32680833	383	320.0
1610785866.12	320000	23.103288	0.0	30468229	425	320.0
1610785866.7	320000	23.595985	0.0	31594806	398	320.0
1610785867.51	320000	23.812226	0.0	43158259	532	320.0
1610785868.55	320000	23.782084	0.0	53696400	701	320.0
1610785870.97	320000	22.471174	0.0	49804325	2115	320.0
1610785874.82	320000	19.645261	0.0	56230532	3506	320.0
1610785876.03	320000	19.434479	0.0	54033728	889	320.0
1610785877.03	320000	19.443193	0.0	40265492	735	320.0
1610785877.79	320000	19.67595	0.0	37527577	553	320.0
1610785879.44	320000	19.037461	0.0	38354537	1411	320.0
1610785880.97	320000	18.504053	0.0	33905183	1347	320.0
1610785881.82	320000	18.64904	0.0	37964644	617	320.0
1610785883.79	320000	17.681733	0.0	91609209	1288	320.0
1610785884.28	320000	18.195601	0.0	30861098	290	320.0
1610785885.04	320000	18.439995	0.0	53161890	458	320.0
1610785885.79	320000	18.683032	0.0	49661559	447	320.0
1610785886.22	320000	19.254415	0.0	27673254	253	320.0
1610785886.61	320000	19.870622	0.0	29061600	215	320.0
1610785887.01	320000	20.474786	0.0	29596558	219	320.0
1610785887.39	320000	21.094489	0.0	29264466	216	320.0
1610785887.77	320000	21.713119	0.0	29949400	203	320.0
1610785888.15	320000	22.328782	0.0	30225692	197	320.0
1610785888.5	320000	22.982486	0.0	27528494	181	320.0
1610785888.87	320000	23.618541	0.0	28959567	190	320.0
1610785889.22	320000	24.264646	0.0	27200869	178	320.0
1610785889.7	320000	24.790322	0.0	37091406	254	320.0
1610785890.11	320000	25.378605	0.0	32442772	223	320.0
1610785890.64	320000	25.853771	0.0	38733768	296	320.0
1610785891.24	320000	26.273712	0.0	43207501	359	320.0
1610785891.88	320000	26.705297	0.0	39867273	374	320.0
1610785892.57	320000	27.25702	0.0	44687216	429	320.0
1610785893.21	320000	27.686022	0.0	37222510	371	320.0
1610785893.92	320000	28.089589	0.0	37697615	505	320.0
1610785894.21	320000	28.869821	0.0	13943369	193	320.0
1610785900.69	320000	23.412689	0.0	33909675	6258	320.0
1610785901.33	320000	23.881918	0.0	25608467	459	320.0
1610785901.77	320000	24.458973	0.0	21666875	319	320.0
1610785902.39	320000	24.935415	0.0	29164819	430	320.0
1610785904.65	320000	23.673461	0.0	75257111	1844	320.0
1610785908.54	320000	20.783474	0.0	71035332	3450	320.0
1610785912.6	320000	17.728956	0.0	27276036	3894	320.0
1610785914.33	320000	17.007333	0.0	23233775	1579	320.0
1610785921.52	320000	10.965693	0.0	21096285	7059	320.0
1610785922.08	160000	11.401812	0.0	14315696	466	0.0
1610785922.8	160000	11.699153	0.0	23283631	588	160.0
1610785923.76	160000	11.742887	0.0	37521367	710	160.0
1610785924.34	160000	12.168386	0.0	22241104	442	160.0
1610785924.7	160000	12.809372	0.0	15813346	263	160.0
1610785925.06	160000	13.447471	0.0	17116450	253	160.0
1610785925.47	160000	14.038134	0.0	18867054	280	160.0
1610785925.79	160000	14.723203	0.0	17393609	209	160.0
1610785926.23	160000	15.279836	0.0	24759401	303	160.0
1610785927.29	320000	15.354724	0.0	52531967	715	160.0
1610785928.41	320000	15.332232	0.0	54618297	794	320.0
1610785929.96	320000	14.869135	0.0	54267260	1225	320.0
1610785930.58	160000	15.249715	0.0	23865378	468	0.0
1610785933.85	320000	12.987114	0.0	52441959	2928	160.0
1610785934.29	160000	13.546602	0.0	27258768	270	0.0
1610785934.57	160000	14.2618	0.0	17853711	171	160.0
1610785934.81	160000	15.027784	0.0	14829893	138	160.0
1610785935.63	320000	15.21149	0.0	54539886	508	160.0
1610785936.46	320000	15.379874	0.0	54290338	494	320.0
1610785937.19	320000	15.65158	0.0	50306079	431	320.0
1610785937.75	320000	16.094987	0.0	39311524	328	320.0
1610785938.39	320000	16.448916	0.0	45141551	394	320.0
1610785938.97	320000	16.877495	0.0	38678341	327	320.0
1610785939.66	320000	17.182644	0.0	48869677	404	320.0
1610785940.42	320000	17.424275	0.0	48742469	469	320.0
1610785940.89	320000	17.952123	0.0	31052651	297	320.0
1610785941.46	320000	18.386105	0.0	35159774	335	320.0
1610785942.04	320000	18.83938	0.0	34685385	344	320.0
1610785942.63	320000	19.32965	0.0	36845249	373	320.0
1610785943.39	320000	19.77937	0.0	44043502	498	320.0
1610785943.87	320000	20.412537	0.0	28911363	306	320.0
1610785944.4	320000	20.984833	0.0	31997411	313	320.0
1610785944.97	320000	21.467038	0.0	37860562	358	320.0
1610785945.5	320000	22.010528	0.0	34218681	314	320.0
1610785946.0	320000	22.518485	0.0	30315897	309	320.0
1610785946.63	320000	22.924815	0.0	38074030	403	320.0
1610785947.18	320000	23.398212	0.0	31856580	354	320.0
1610785947.86	320000	23.721706	0.0	40986530	444	320.0
1610785948.45	320000	24.128836	0.0	43161948	350	320.0
1610785948.96	320000	24.62662	0.0	39216469	283	320.0
1610785949.37	320000	25.212539	0.0	32708889	209	320.0
1610785949.58	320000	26.007487	0.0	16257756	104	320.0
1610785949.81	320000	26.777157	0.0	16440860	133	320.0
1610785950.0	320000	27.590431	0.0	12523766	112	320.0
1610785950.32	320000	28.264177	0.0	22159647	193	320.0
1610785950.59	320000	29.006981	0.0	17516376	152	320.0
1610785950.77	320000	29.973595	0.0	5119060	129	320.0
1610785950.9	320000	30.861332	0.0	3788776	98	320.0
1610785951.01	320000	31.759755	0.0	3041389	78	320.0
1610785951.04	320000	32.729251	0.0	640071	16	320.0
1610785951.15	320000	33.623629	0.0	3111318	80	320.0
1610785951.62	60000	1.000999	0.07	337339	7	-22.4
1610785957.82	40000	1.483849	5.263	14648397	6059	-1664.16
1610785958.19	40000	2.109753	0.0	17616813	259	40.0
1610785958.38	40000	2.92784	0.0	8581118	125	40.0
1610785958.48	40000	3.822679	0.0	4726840	70	40.0
1610785958.56	40000	4.743504	0.0	3421740	50	40.0
1610785958.61	40000	5.692607	0.0	1987360	29	40.0
1610785958.67	40000	6.638949	0.0	2185110	33	40.0
1610785959.33	80000	7.046003	0.0	29583867	365	40.0
1610785959.63	80000	7.792461	0.0	15816325	196	80.0
1610785960.12	110000	8.323104	0.0	26873304	308	80.0
1610785960.7	110000	8.773284	0.0	33588177	382	110.0
1610785961.16	110000	9.32295	0.0	25684661	303	110.0
1610785961.52	160000	9.959241	0.0	19559369	228	110.0
1610785961.95	160000	10.531937	0.0	22224402	287	160.0
1610785962.42	160000	11.062817	0.0	22578365	335	160.0
1610785962.59	160000	11.887621	0.0	8346702	124	160.0
1610785962.88	160000	12.595848	0.0	15775481	195	160.0
1610785963.04	160000	13.441451	0.0	9163235	98	160.0
1610785963.77	160000	13.713612	0.0	41307095	442	160.0
1610785964.27	160000	14.214572	0.0	28763893	334	160.0
1610785964.65	160000	14.833431	0.0	21266416	246	160.0
1610785965.05	160000	15.439305	0.0	23702229	259	160.0
1610785966.93	320000	14.559853	0.0	92389329	923	160.0
1610785967.24	160000	15.243582	0.0	20329780	154	0.0
1610785967.91	320000	15.579619	0.0	50094571	369	160.0
1610785969.61	320000	14.88583	0.0	124391138	776	320.0
1610785970.43	160000	15.057481	0.0	66935122	412	0.0
