1610778350.69	60000	1.000999	0.014	336477	2	-4.480000000000004
1610778350.94	80000	2.001999	0.0	14912671	96	60.0
1610778351.26	60000	2.823197	0.0	20421673	129	40.0
1610778351.44	60000	3.655444	0.0	13063186	81	60.0
1610778351.55	60000	4.539474	0.0	8954217	56	60.0
1610778351.66	60000	5.438887	0.0	7325507	47	60.0
1610778351.71	60000	6.381748	0.0	4014386	26	60.0
1610778351.79	80000	7.306598	0.0	5425476	34	60.0
1610778352.23	80000	7.866135	0.0	29583867	187	80.0
1610778352.44	80000	8.660538	0.0	15816325	100	80.0
1610778352.63	80000	9.502374	0.0	15275967	96	80.0
1610778352.88	80000	10.254208	0.0	20600381	121	80.0
1610778353.2	110000	10.96464	0.0	25684661	150	80.0
1610778353.34	110000	11.827901	0.0	10838546	64	110.0
1610778353.49	110000	12.676911	0.0	12783186	76	110.0
1610778353.65	110000	13.520341	0.0	13101938	79	110.0
1610778353.71	110000	14.453452	0.0	5268213	31	110.0
1610778353.84	110000	15.355314	0.0	9838179	60	110.0
1610778353.96	160000	16.234117	0.0	9163235	55	110.0
1610778354.52	160000	16.703848	0.0	41307095	248	160.0
1610778354.87	160000	17.357543	0.0	28763893	174	160.0
1610778355.14	160000	18.088822	0.0	21266416	129	160.0
1610778355.42	160000	18.829029	0.0	23702229	148	160.0
1610778355.76	160000	19.486592	0.0	27580394	182	160.0
1610778356.02	160000	20.225288	0.0	20329780	134	160.0
1610778356.7	320000	20.548659	0.0	50094571	330	160.0
1610778358.65	320000	19.608241	0.0	124391138	798	320.0
1610778360.49	320000	18.765524	0.0	139539685	808	320.0
1610778361.11	320000	19.156773	0.0	44512381	307	320.0
1610778361.67	320000	19.580847	0.0	46257154	308	320.0
1610778362.09	320000	20.168995	0.0	34846600	220	320.0
1610778362.49	320000	20.76465	0.0	33828007	215	320.0
1610778362.83	320000	21.42813	0.0	30396599	164	320.0
1610778363.19	320000	22.073195	0.0	30979822	166	320.0
1610778363.57	320000	22.693419	0.0	33204608	179	320.0
1610778363.88	320000	23.380074	0.0	23618590	163	320.0
1610778364.23	320000	24.027391	0.0	27475995	190	320.0
1610778364.58	320000	24.685901	0.0	26460007	184	320.0
1610778364.97	320000	25.295528	0.0	26763657	239	320.0
1610778365.48	320000	25.78869	0.0	33826873	303	320.0
1610778366.04	320000	26.223262	0.0	41214174	338	320.0
1610778367.27	320000	26.000782	0.0	83204731	671	320.0
1610778368.42	320000	25.852224	0.0	75539257	717	320.0
1610778368.77	320000	26.500336	0.0	16577177	241	320.0
1610778369.58	320000	26.686241	0.0	39814357	598	320.0
1610778371.76	320000	25.515818	0.0	50277186	1873	320.0
1610778372.24	160000	26.027801	0.0	18715420	364	0.0
1610778372.72	160000	26.557889	0.0	17000816	362	160.0
1610778373.17	160000	27.101147	0.0	14448126	371	160.0
1610778373.4	160000	27.877535	0.0	6958676	177	160.0
1610778373.79	160000	28.483773	0.0	9088791	323	160.0
1610778374.14	160000	29.137755	0.0	7211881	296	160.0
1610778374.29	160000	29.985116	0.0	3063586	126	160.0
1610778374.43	160000	30.845267	0.0	2782179	114	160.0
1610778374.88	160000	31.396863	0.0	9958410	388	160.0
1610778375.43	160000	31.852427	0.0	12158708	471	160.0
1610778376.02	160000	32.257269	0.0	12300216	522	160.0
1610778377.08	160000	32.208131	0.0	15815684	948	160.0
1610778378.0	110000	32.508083	0.0	8793419	847	60.0
1610778378.76	110000	33.118425	0.0	7475950	702	110.0
1610778379.4	80000	33.693156	0.0	5982646	587	50.0
1610778380.11	80000	34.236386	0.0	6905077	658	80.0
1610778380.96	80000	34.564939	0.0	7258180	804	80.0
1610778381.56	60000	35.036398	0.0	4123549	563	40.0
1610778381.91	60000	35.89695	0.0	4164335	316	60.0
1610778382.3	60000	36.511392	0.0	4586890	348	60.0
1610778382.9	60000	36.991081	0.0	7674948	543	60.0
1610778383.58	60000	37.434826	0.0	9132721	615	60.0
1610778384.2	60000	37.813859	0.0	7880072	567	60.0
1610778384.72	60000	38.29552	0.0	10340109	453	60.0
1610778384.96	60000	39.059569	0.0	9558538	174	60.0
1610778385.11	60000	39.905904	0.0	6050499	110	60.0
1610778385.31	80000	40.709837	0.0	7699623	140	60.0
1610778385.53	80000	41.494044	0.0	8697196	158	80.0
1610778385.73	80000	42.289619	0.0	8539884	148	80.0
1610778385.98	80000	43.045536	0.0	10111273	174	80.0
1610778386.75	80000	43.272239	0.0	34025057	583	80.0
1610778387.02	110000	44.009989	0.0	11574285	190	80.0
1610778387.41	110000	44.61396	0.0	17560011	285	110.0
1610778387.78	110000	45.247498	0.0	16439864	263	110.0
1610778387.98	110000	46.048487	0.0	8847416	138	110.0
1610778388.19	110000	46.835742	0.0	9530442	145	110.0
1610778388.41	110000	47.618917	0.0	9945160	154	110.0
1610778388.71	160000	48.320431	0.0	13962401	217	110.0
1610778389.01	160000	49.018268	0.0	14393788	221	160.0
1610778389.33	160000	49.705158	0.0	14649457	225	160.0
1610778389.61	160000	50.422402	0.0	13409715	205	160.0
1610778389.87	160000	51.163108	0.0	13909605	176	160.0
1610778390.12	160000	51.915358	0.0	13301968	170	160.0
1610778390.48	160000	52.555822	0.0	19025846	239	160.0
1610778391.06	320000	52.972767	0.0	32442772	390	160.0
1610778391.72	320000	53.314229	0.0	38733768	447	320.0
1610778392.42	320000	53.620991	0.0	43207501	436	320.0
1610778393.05	320000	53.990362	0.0	39867273	400	320.0
1610778393.76	320000	54.28887	0.0	44687216	441	320.0
1610778394.31	320000	54.765656	0.0	37222510	336	320.0
1610778394.89	320000	55.228792	0.0	37697615	351	320.0
1610778395.14	320000	56.024813	0.0	13943369	157	320.0
1610778395.73	320000	56.518005	0.0	33909675	381	320.0
1610778396.11	320000	57.130375	0.0	25608467	224	320.0
1610778396.43	320000	57.815656	0.0	21666875	191	320.0
1610778396.85	320000	58.393421	0.0	29164819	256	320.0
1610778397.94	320000	58.306723	0.0	75257111	666	320.0
1610778398.98	320000	58.259466	0.0	71035332	653	320.0
1610778399.42	320000	58.824763	0.0	27276036	272	320.0
1610778399.79	320000	59.4534	0.0	23233775	231	320.0
1610778400.63	320000	59.857838	0.0	21096285	203	320.0
1610778401.53	320000	59.858872	0.0	28685524	231	320.0
1610778402.59	320000	59.662936	0.0	43551422	814	320.0
1610778406.07	320000	57.177314	0.0	65057331	3082	320.0
1610778406.49	160000	57.76432	0.0	22241104	281	0.0
1610778406.78	160000	58.47247	0.0	15813346	199	160.0
1610778407.14	160000	59.121555	0.0	17116450	242	160.0
1610778407.51	160000	59.742316	0.0	18867054	266	160.0
1610778408.86	160000	59.615915	0.0	17393609	240	160.0
1610778409.36	160000	59.900597	0.0	24759401	341	160.0
1610778410.86	160000	59.617852	0.0	25782433	353	160.0
1610778411.38	160000	59.876181	0.0	25885372	376	160.0
1610778412.42	160000	59.869819	0.0	26242011	381	160.0
1610778413.44	160000	59.870835	0.0	23865378	377	160.0
1610778414.43	160000	59.871922	0.0	25470681	338	160.0
1610778415.48	320000	59.784694	0.0	56222410	728	160.0
1610778416.58	320000	59.873915	0.0	37045146	391	320.0
1610778417.57	320000	59.8748	0.0	31316241	305	320.0
1610778418.5	320000	59.77035	0.0	54539886	596	320.0
1610778419.33	320000	59.935109	0.0	54290338	526	320.0
1610778420.53	320000	59.877821	0.0	50306079	408	320.0
1610778421.56	320000	59.878822	0.0	39311524	298	320.0
1610778422.63	320000	59.879829	0.0	45141551	301	320.0
1610778423.58	320000	59.880911	0.0	38678341	232	320.0
1610778424.65	320000	59.631859	0.0	48869677	294	320.0
1610778425.73	320000	59.632763	0.0	48742469	294	320.0
1610778426.6	320000	59.883818	0.0	31052651	194	320.0
1610778427.53	320000	59.884813	0.0	35159774	219	320.0
1610778428.44	320000	59.885844	0.0	34685385	219	320.0
1610778429.4	320000	59.886806	0.0	36845249	231	320.0
1610778430.51	320000	59.88781	0.0	44043502	368	320.0
1610778431.48	320000	59.888803	0.0	28911363	300	320.0
1610778433.92	320000	58.35595	0.0	31997411	2260	320.0
1610778435.38	160000	57.901033	0.0	21308824	1328	0.0
1610778435.85	110000	58.436146	0.0	12480173	382	60.0
1610778436.06	110000	59.22435	0.0	9581283	151	110.0
1610778436.3	110000	59.982523	0.0	11843441	169	110.0
1610778437.49	110000	59.894799	0.0	9470053	131	110.0
1610778438.47	110000	59.895872	0.0	13845974	391	110.0
1610778439.81	110000	59.646847	0.0	15054391	257	110.0
1610778440.6	110000	59.89787	0.0	12467336	208	110.0
1610778441.85	110000	59.648797	0.0	10680491	182	110.0
1610778442.48	110000	59.899862	0.0	5208724	90	110.0
1610778443.62	110000	59.900811	0.0	5906076	87	110.0
1610778444.79	160000	59.651892	0.0	6955279	124	110.0
1610778445.49	160000	59.902917	0.0	10701639	134	160.0
1610778446.68	160000	59.653848	0.0	9459459	125	160.0
1610778447.76	160000	59.622651	0.0	3212828	46	160.0
1610778448.82	160000	59.788254	0.0	2509989	36	160.0
1610778449.88	160000	59.789261	0.0	2004927	28	160.0
1610778450.9	160000	59.790256	0.0	591360	8	160.0
1610778451.94	110000	59.541319	0.0	931350	14	60.0
1610778452.31	60000	1.000999	0.033	377897	5	-10.560000000000002
1610778452.69	80000	2.001999	0.0	14912671	180	60.0
1610778453.11	60000	2.687656	0.0	20421673	248	40.0
1610778453.37	60000	3.422358	0.0	13063186	184	60.0
1610778453.57	60000	4.229111	0.0	8954217	126	60.0
1610778453.72	60000	5.074551	0.0	7325507	102	60.0
1610778453.86	80000	5.937017	0.0	6232523	87	60.0
1610778453.98	80000	6.821413	0.0	5425476	76	80.0
1610778454.7	80000	7.223965	0.0	29583867	465	80.0
1610778455.07	80000	7.906735	0.0	15816325	250	80.0
1610778455.41	80000	8.561155	0.0	15275967	255	80.0
1610778456.25	110000	8.775306	0.0	33588177	560	80.0
1610778456.74	110000	9.287098	0.0	25684661	328	110.0
1610778456.94	110000	10.085221	0.0	10838546	139	110.0
1610778457.19	110000	10.859548	0.0	12783186	167	110.0
1610778457.44	110000	11.610918	0.0	13101938	174	110.0
1610778457.54	110000	12.506179	0.0	5268213	71	110.0
1610778457.86	160000	13.191626	0.0	15775481	211	110.0
1610778458.05	160000	14.008781	0.0	9163235	123	160.0
1610778458.92	160000	14.128722	0.0	41307095	573	160.0
1610778459.54	160000	14.512038	0.0	28763893	449	160.0
1610778460.02	160000	15.034055	0.0	21266416	339	160.0
1610778460.57	160000	15.482973	0.0	23702229	416	160.0
1610778461.22	160000	15.835885	0.0	27580394	484	160.0
1610778462.97	320000	15.088776	0.0	70549633	1132	160.0
1610778464.06	320000	14.995949	0.0	50094571	776	320.0
1610778466.95	320000	13.115573	0.0	124391138	1853	320.0
