1610802840.87	60000	1.000999	0.016	336477	3	-5.119999999999997
1610802841.27	320000	1.920005	0.0	14912671	152	60.0
1610802841.77	320000	2.513669	0.0	24265636	226	320.0
1610802842.19	320000	3.097599	0.0	22711544	208	320.0
1610802842.56	320000	3.728744	0.0	19639705	181	320.0
1610802842.95	320000	4.371881	0.0	20946809	184	320.0
1610802843.2	320000	5.125165	0.0	11895609	103	320.0
1610802843.4	320000	5.970996	0.0	7597636	66	320.0
1610802844.63	320000	5.801007	0.0	56067905	644	320.0
1610802845.36	320000	6.091028	0.0	46062054	394	320.0
1610802846.4	320000	6.089322	0.0	60496562	517	320.0
1610802848.05	320000	5.443163	0.0	90475604	793	320.0
1610802849.47	320000	5.015095	0.0	94557637	832	320.0
1610802850.23	320000	5.257749	0.0	48403531	375	320.0
1610802851.2	320000	5.290034	0.0	63326685	516	320.0
1610802852.32	320000	5.172023	0.0	66782145	602	320.0
1610802852.59	320000	5.899735	0.0	13212243	115	320.0
1610802853.14	320000	6.525682	0.0	29387773	284	320.0
1610802853.49	320000	7.191845	0.0	17336677	170	320.0
1610802855.74	320000	6.479558	0.0	126296507	1186	320.0
1610802857.45	320000	5.73157	0.0	96707447	1030	320.0
1610802858.73	320000	5.521018	0.0	72904162	764	320.0
1610802860.03	320000	5.218471	0.0	66993756	808	320.0
1610802862.52	320000	4.160809	0.0	92389329	1845	320.0
1610802866.83	320000	1.265184	0.072	70549633	3763	296.96
1610802866.99	40000	2.097991	0.0	4316804	58	-240.0
1610802867.42	40000	2.831057	0.0	18604040	243	40.0
1610802867.89	40000	3.362684	0.0	20723782	270	40.0
1610802868.26	160000	3.991908	0.0	15251076	202	40.0
1610802868.66	160000	4.596071	0.0	16574034	220	160.0
1610802869.32	320000	4.941183	0.0	34846600	380	160.0
1610802869.94	320000	5.322517	0.0	33828007	347	320.0
1610802870.62	320000	5.641555	0.0	30396599	425	320.0
1610802871.27	320000	5.993521	0.0	30979822	373	320.0
1610802871.9	320000	6.359585	0.0	33204608	368	320.0
1610802872.37	320000	6.891169	0.0	23618590	260	320.0
1610802872.91	320000	7.353702	0.0	27475995	302	320.0
1610802873.5	320000	7.788086	0.0	26460007	346	320.0
1610802874.08	320000	8.21561	0.0	26763657	340	320.0
1610802874.75	320000	8.542805	0.0	33826873	400	320.0
1610802875.46	320000	8.831842	0.0	41214174	398	320.0
1610802876.77	320000	8.52994	0.0	83204731	778	320.0
1610802877.88	320000	8.418281	0.0	75539257	586	320.0
1610802878.23	320000	9.071043	0.0	16577177	170	320.0
1610802878.93	320000	9.375001	0.0	39814357	407	320.0
1610802879.8	320000	9.495179	0.0	50277186	518	320.0
1610802880.49	320000	9.80945	0.0	43375920	370	320.0
1610802881.13	320000	10.170943	0.0	39748690	341	320.0
1610802881.66	320000	10.640573	0.0	32725949	277	320.0
1610802881.97	320000	11.346038	0.0	15673611	133	320.0
1610802882.42	320000	11.88897	0.0	20850595	249	320.0
1610802882.79	320000	12.519201	0.0	16458609	197	320.0
1610802883.54	320000	12.769744	0.0	8700077	618	320.0
1610802884.29	320000	13.053376	0.0	8292135	615	320.0
1610802885.16	320000	13.181783	0.0	22212109	667	320.0
1610802885.44	160000	13.957889	0.0	12158708	116	0.0
1610802885.71	160000	14.724268	0.0	12300216	117	160.0
1610802886.03	160000	15.401322	0.0	15815684	151	160.0
1610802886.59	320000	15.844496	0.0	31574841	305	160.0
1610802887.12	320000	16.312798	0.0	28857310	283	320.0
1610802887.7	320000	16.730698	0.0	30799251	332	320.0
1610802888.28	320000	17.153554	0.0	29900862	318	320.0
1610802888.88	320000	17.557797	0.0	32431711	343	320.0
1610802889.42	320000	18.017526	0.0	32680833	289	320.0
1610802889.94	320000	18.566987	0.0	30468229	268	320.0
1610802890.5	320000	19.067227	0.0	31594806	279	320.0
1610802891.18	320000	19.383482	0.0	43158259	371	320.0
1610802891.95	320000	19.615227	0.0	53696400	402	320.0
1610802892.85	320000	19.717891	0.0	49804325	551	320.0
1610802893.84	320000	19.724811	0.0	56230532	618	320.0
1610802894.75	320000	19.820101	0.0	54033728	514	320.0
1610802895.37	320000	20.194689	0.0	40265492	334	320.0
1610802895.94	320000	20.631258	0.0	37527577	288	320.0
1610802896.5	320000	21.06863	0.0	38354537	277	320.0
1610802897.01	320000	21.558441	0.0	33905183	245	320.0
1610802897.6	320000	21.978212	0.0	37964644	294	320.0
1610802899.01	320000	21.56701	0.0	91609209	826	320.0
1610802899.57	320000	22.008213	0.0	30861098	299	320.0
1610802901.07	320000	21.505965	0.0	53161890	1124	320.0
1610802906.72	320000	16.852285	0.0	49661559	5309	320.0
1610802907.05	160000	17.523948	0.0	13347845	172	0.0
1610802907.66	160000	17.920564	0.0	14337991	446	160.0
1610802908.82	160000	17.760871	0.0	14584990	1001	160.0
1610802911.42	160000	16.286395	0.0	13962401	2450	160.0
1610802912.6	60000	16.373466	0.0	5304043	1062	-40.0
1610802913.51	80000	16.489796	0.0	7243569	782	60.0
1610802914.1	80000	16.898292	0.0	6378767	471	80.0
1610802914.83	80000	17.201429	0.0	6369153	597	80.0
1610802915.34	80000	17.693591	0.0	6270064	386	80.0
1610802916.13	110000	17.903485	0.0	13175394	632	80.0
1610802916.58	110000	18.462196	0.0	14191823	280	110.0
1610802917.6	320000	18.434431	0.0	38733768	734	110.0
1610802918.75	320000	18.285496	0.0	43207501	842	320.0
1610802920.65	320000	17.522823	0.0	39867273	1590	320.0
1610802922.0	320000	17.284695	0.0	44687216	1031	320.0
1610802922.92	320000	17.370067	0.0	37222510	624	320.0
1610802923.82	320000	17.468276	0.0	37697615	621	320.0
1610802924.2	320000	18.086241	0.0	13943369	230	320.0
1610802925.03	320000	18.25543	0.0	33909675	578	320.0
1610802925.68	320000	18.609099	0.0	25608467	411	320.0
1610802926.23	320000	19.058767	0.0	21666875	349	320.0
1610802926.93	320000	19.359606	0.0	29164819	460	320.0
1610802928.61	320000	18.680057	0.0	75257111	1146	320.0
1610802930.26	320000	18.036717	0.0	71035332	1143	320.0
1610802930.92	320000	18.377264	0.0	27276036	430	320.0
1610802932.55	320000	17.747813	0.0	23233775	1427	320.0
1610802933.28	320000	18.017273	0.0	21096285	519	320.0
1610802934.24	320000	18.060193	0.0	28685524	721	320.0
1610802936.89	320000	16.410748	0.0	43551422	2333	320.0
1610802938.71	320000	15.623628	0.0	65057331	1367	320.0
1610802939.61	320000	15.776701	0.0	41329817	558	320.0
1610802940.19	320000	16.199109	0.0	30837965	337	320.0
1610802940.89	320000	16.496312	0.0	33542198	438	320.0
1610802941.74	320000	16.648257	0.0	43188629	534	320.0
1610802942.47	320000	16.916963	0.0	38404993	452	320.0
1610802943.43	320000	16.965061	0.0	50554338	582	320.0
1610802944.48	320000	16.910035	0.0	52531967	688	320.0
1610802945.38	320000	17.013779	0.0	54618297	481	320.0
1610802946.3	320000	17.16012	0.0	54267260	509	320.0
1610802947.17	320000	17.493697	0.0	46984925	508	320.0
1610802951.22	320000	14.443029	0.0	52441959	3664	320.0
1610802956.68	160000	10.074118	0.0	27258768	5227	0.0
1610802956.87	40000	10.885006	0.0	4036556	82	-80.0
1610802957.04	40000	11.720323	0.0	3322499	67	40.0
1610802957.28	40000	12.479451	0.0	6343093	129	40.0
1610802957.48	40000	13.282821	0.0	6446252	85	40.0
1610802957.68	40000	14.07753	0.0	6361946	84	40.0
1610802958.51	320000	14.250495	0.0	39311524	527	40.0
1610802959.62	320000	14.144504	0.0	45141551	781	320.0
1610802964.85	320000	10.565333	0.0	38678341	4901	320.0
1610802966.07	80000	10.574553	0.0	12195097	1074	-160.0
1610802966.96	60000	10.692719	0.0	9627205	738	40.0
1610802967.42	60000	11.234932	0.0	4915398	350	60.0
1610802968.0	60000	11.647132	0.0	5898498	473	60.0
1610802968.41	40000	12.24579	0.0	3709626	297	20.0
1610802968.99	60000	12.659323	0.0	6170363	468	40.0
1610802970.63	80000	12.025775	0.0	10869298	1494	60.0
1610802972.32	160000	11.337881	0.0	16001583	1518	80.0
1610802975.16	160000	9.528593	0.0	18238584	2657	160.0
1610802977.42	160000	8.263565	0.0	21308824	2057	160.0
1610802979.28	160000	7.405521	0.0	17749058	1679	160.0
1610802981.42	160000	6.267119	0.0	14127787	1985	160.0
1610802984.54	160000	4.144752	0.0	17525699	2945	160.0
1610802988.7	160000	1.282179	0.301	14240042	4012	63.68000000000001
1610802989.29	40000	1.69209	0.0	4848722	481	-80.0
1610802989.84	40000	2.146751	0.0	5225224	435	40.0
1610802990.24	40000	2.741835	0.0	4026891	303	40.0
1610802990.76	60000	3.232061	0.0	5529168	397	40.0
1610802991.1	80000	3.887665	0.0	3563377	241	60.0
1610802992.16	320000	3.82544	0.0	16440860	885	80.0
1610802992.77	320000	4.221637	0.0	12523766	458	320.0
1610802993.51	320000	4.482781	0.0	22159647	540	320.0
1610802993.96	320000	5.034498	0.0	17516376	267	320.0
1610802994.14	320000	5.850022	0.0	5119060	79	320.0
1610802994.29	320000	6.703234	0.0	3788776	57	320.0
1610802994.41	320000	7.581309	0.0	3041389	46	320.0
1610802994.48	320000	8.519255	0.0	640071	9	320.0
1610802994.58	320000	9.419523	0.0	3111318	48	320.0
1610802995.01	60000	1.000999	0.042	377897	1	-13.439999999999998
1610802995.52	320000	1.8842	0.0	14912671	259	60.0
1610802996.08	320000	2.323874	0.0	24265636	286	320.0
1610802996.57	320000	2.839919	0.0	22711544	268	320.0
1610802997.05	320000	3.427511	0.0	19639705	283	320.0
1610802997.56	320000	3.958766	0.0	20946809	301	320.0
1610802997.83	320000	4.701711	0.0	11895609	129	320.0
1610802998.03	320000	5.501818	0.0	7597636	82	320.0
1610803000.76	320000	3.874365	0.0	56067905	2133	320.0
1610803005.37	320000	1.273838	1.015	46062054	4297	-4.800000000000011
1610803005.8	40000	1.841134	0.0	7669174	304	-240.0
1610803006.12	40000	2.524117	0.0	10578989	174	40.0
1610803006.41	40000	3.237251	0.0	9449433	155	40.0
1610803006.62	60000	4.028985	0.0	5612759	93	40.0
1610803006.82	60000	4.832348	0.0	6789212	77	60.0
1610803008.15	320000	4.503387	0.0	66782145	760	60.0
1610803008.47	320000	5.17917	0.0	13212243	153	320.0
1610803009.03	320000	5.618385	0.0	29387773	325	320.0
1610803009.4	320000	6.257726	0.0	17336677	186	320.0
1610803011.93	320000	4.732243	0.0	126296507	1333	320.0
1610803013.53	320000	4.124544	0.0	96707447	964	320.0
1610803014.71	320000	3.951871	0.0	72904162	640	320.0
1610803015.76	320000	3.900114	0.0	66993756	620	320.0
1610803017.05	320000	4.126411	0.0	92389329	678	320.0
1610803018.06	320000	4.248745	0.0	70549633	482	320.0
1610803018.78	320000	4.572524	0.0	50094571	347	320.0
1610803020.62	320000	3.797181	0.0	124391138	1033	320.0
