1607417108.75	40000	1.000999	0.013	334476	2	-2.0799999999999983
1607417109.08	160000	2.001999	0.0	14912671	91	40.0
1607417109.49	160000	2.71098	0.0	24265636	147	160.0
1607417109.84	160000	3.364277	0.0	22711544	140	160.0
1607417110.15	160000	4.05597	0.0	19639705	124	160.0
1607417110.48	160000	4.726725	0.0	20946809	137	160.0
1607417110.71	160000	5.52705	0.0	11895609	87	160.0
1607417110.89	160000	6.34964	0.0	7597636	59	160.0
1607417111.43	80000	6.863041	0.0	29583867	229	0.0
1607417111.72	80000	7.576773	0.0	15816325	117	80.0
1607417112.11	110000	8.203106	0.0	26873304	169	80.0
1607417112.59	110000	8.757857	0.0	33588177	211	110.0
1607417113.43	160000	8.965563	0.0	50637608	353	110.0
1607417113.76	160000	9.657191	0.0	19559369	138	160.0
1607417114.11	160000	10.305295	0.0	22224402	160	160.0
1607417114.48	160000	10.944546	0.0	22578365	164	160.0
1607417114.66	160000	11.760137	0.0	8346702	52	160.0
1607417114.93	160000	12.494589	0.0	15775481	104	160.0
1607417115.11	160000	13.310818	0.0	9163235	61	160.0
1607417115.67	160000	13.751504	0.0	41307095	270	160.0
1607417116.08	160000	14.338663	0.0	28763893	181	160.0
1607417116.42	160000	15.017705	0.0	21266416	133	160.0
1607417116.76	160000	15.660204	0.0	23702229	147	160.0
1607417117.15	160000	16.282538	0.0	27580394	162	160.0
1607417117.46	160000	16.966037	0.0	20329780	120	160.0
1607417117.91	160000	17.51824	0.0	16109183	286	160.0
1607417165.24	60000	1.377006	30.197	27018238	47103	-4871.52
1607417165.83	20000	1.793874	0.0	11684632	443	-20.0
1607417165.99	20000	2.634427	0.0	1849732	63	20.0
1607417166.14	20000	3.478691	0.0	1942795	68	20.0
1607417166.29	20000	4.332868	0.0	1704756	59	20.0
1607417166.44	20000	5.187884	0.0	1697111	60	20.0
1607417166.95	160000	5.674956	0.0	11137898	374	20.0
1607417167.16	160000	6.466259	0.0	11485310	73	160.0
1607417167.38	160000	7.249971	0.0	12428518	78	160.0
1607417167.57	160000	8.060838	0.0	9963766	63	160.0
1607417167.79	160000	8.842685	0.0	12189364	77	160.0
1607417167.98	160000	9.654304	0.0	10142396	62	160.0
1607417168.16	160000	10.465234	0.0	10185488	63	160.0
1607417168.4	160000	11.230469	0.0	14061455	88	160.0
1607417168.71	160000	11.921304	0.0	20074099	122	160.0
1607417169.19	110000	12.448715	0.0	33926116	217	60.0
1607417169.74	160000	12.890473	0.0	40906522	263	110.0
1607417169.91	160000	13.720214	0.0	7891151	55	160.0
1607417170.23	160000	14.408865	0.0	21012466	122	160.0
1607417170.57	160000	15.078243	0.0	23519424	135	160.0
1607417170.86	160000	15.779436	0.0	18715420	107	160.0
1607417171.12	160000	16.516277	0.0	17000816	98	160.0
1607417171.36	160000	17.283702	0.0	14448126	84	160.0
1607417171.51	160000	18.128633	0.0	6958676	40	160.0
1607417171.69	160000	18.954258	0.0	9088791	52	160.0
1607417171.84	160000	19.801663	0.0	7211881	42	160.0
1607417171.96	160000	20.687663	0.0	3063586	25	160.0
1607417172.07	160000	21.577293	0.0	2782179	22	160.0
1607417172.28	160000	22.363516	0.0	9958410	80	160.0
1607417172.51	160000	23.132801	0.0	12158708	95	160.0
1607417172.75	160000	23.895317	0.0	12300216	96	160.0
1607417173.04	160000	24.611277	0.0	15815684	124	160.0
1607417173.29	160000	25.356271	0.0	13526256	103	160.0
1607417173.52	160000	26.128296	0.0	11995130	94	160.0
1607417173.77	160000	26.878699	0.0	13394791	105	160.0
1607417174.03	160000	27.625263	0.0	14135828	106	160.0
1607417174.28	160000	28.372459	0.0	15366126	101	160.0
1607417174.53	160000	29.125796	0.0	14248439	84	160.0
1607417174.76	160000	29.891758	0.0	13843717	91	160.0
1607417175.01	160000	30.648053	0.0	14665119	97	160.0
1607417175.33	160000	31.328064	0.0	21079187	121	160.0
1607417175.69	160000	31.972428	0.0	25480074	146	160.0
1607417176.02	160000	32.641732	0.0	23021754	132	160.0
1607417176.39	160000	33.266286	0.0	27527834	158	160.0
1607417176.76	160000	33.90306	0.0	26155848	150	160.0
1607417177.03	160000	34.630347	0.0	17849379	103	160.0
1607417177.3	160000	35.36223	0.0	16546531	89	160.0
1607417177.57	160000	36.097697	0.0	17718949	97	160.0
1607417177.83	160000	36.83606	0.0	17337137	94	160.0
1607417178.12	160000	37.542795	0.0	20008245	107	160.0
1607417178.87	160000	37.793884	0.0	58430914	291	160.0
1607417179.13	160000	38.536811	0.0	16292703	82	160.0
1607417179.48	160000	39.191834	0.0	25587422	134	160.0
1607417179.8	160000	39.872856	0.0	23982306	120	160.0
1607417180.01	160000	40.662386	0.0	13347845	67	160.0
1607417180.25	160000	41.427887	0.0	14337991	75	160.0
1607417180.47	160000	42.20347	0.0	14584990	76	160.0
1607417180.7	160000	42.978664	0.0	13962401	77	160.0
1607417180.92	160000	43.758701	0.0	14393788	73	160.0
1607417181.16	160000	44.517085	0.0	14649457	93	160.0
1607417181.39	160000	45.290132	0.0	13409715	85	160.0
1607417181.62	160000	46.055343	0.0	13909605	88	160.0
1607417181.85	160000	46.826997	0.0	13301968	83	160.0
1607417182.15	160000	47.52929	0.0	19025846	113	160.0
1607417182.44	160000	48.241172	0.0	19295426	111	160.0
1607417182.72	160000	48.965438	0.0	18261873	105	160.0
1607417183.02	160000	49.668556	0.0	19847604	115	160.0
1607417183.32	160000	50.366351	0.0	18767181	118	160.0
1607417183.66	160000	51.029529	0.0	22420858	140	160.0
1607417183.97	160000	51.721439	0.0	19324333	121	160.0
1607417184.28	160000	52.406881	0.0	20392234	127	160.0
1607417184.45	160000	53.237838	0.0	7671072	50	160.0
1607417184.73	160000	53.957317	0.0	17781906	110	160.0
1607417184.96	160000	54.733319	0.0	12839336	79	160.0
1607417185.16	160000	55.535544	0.0	10779770	66	160.0
1607417185.39	160000	56.302847	0.0	14606687	83	160.0
1607417185.95	160000	56.746026	0.0	41866951	238	160.0
1607417186.48	160000	57.219113	0.0	37238410	237	160.0
1607417186.71	160000	57.982003	0.0	14347759	91	160.0
1607417186.92	160000	58.776006	0.0	11399187	72	160.0
1607417187.13	160000	59.56738	0.0	10358641	75	160.0
1607417187.89	160000	59.905351	0.0	14315696	107	160.0
1607417189.49	160000	59.210332	0.0	23283631	1403	160.0
1607417190.58	160000	59.118987	0.0	37521367	806	160.0
1607417191.02	160000	59.68052	0.0	22241104	249	160.0
1607417191.8	160000	59.909462	0.0	15813346	112	160.0
1607417193.09	160000	59.660401	0.0	17116450	121	160.0
1607417193.87	160000	59.911359	0.0	18867054	100	160.0
1607417195.15	160000	59.662355	0.0	17393609	93	160.0
1607417196.02	160000	59.893574	0.0	24759401	159	160.0
1607417196.88	160000	59.914457	0.0	25782433	150	160.0
1607417198.25	160000	59.665463	0.0	25885372	152	160.0
1607417199.12	160000	59.666343	0.0	26242011	143	160.0
1607417199.98	160000	59.917434	0.0	23865378	144	160.0
1607417200.83	160000	59.918335	0.0	25470681	142	160.0
1607417202.22	160000	59.669362	0.0	27258768	151	160.0
1607417203.0	160000	59.900457	0.0	17853711	109	160.0
1607417204.24	160000	59.671412	0.0	14829893	83	160.0
1607417205.13	160000	59.67245	0.0	27779697	153	160.0
1607417206.04	160000	59.92336	0.0	27714923	181	160.0
1607417206.9	160000	59.924339	0.0	25946474	134	160.0
1607417208.18	160000	59.67534	0.0	19596259	101	160.0
1607417209.0	160000	59.9264	0.0	23774167	117	160.0
1607417210.28	160000	59.677399	0.0	19373656	95	160.0
1607417211.13	160000	59.678465	0.0	23977420	147	160.0
1607417212.01	160000	59.929421	0.0	24493733	170	160.0
1607417213.27	160000	59.680455	0.0	14528511	110	160.0
1607417214.07	160000	59.681344	0.0	16841176	130	160.0
1607417214.83	160000	59.932413	0.0	16743604	98	160.0
1607417216.1	160000	59.683447	0.0	17975224	97	160.0
1607417216.9	160000	59.934428	0.0	22329548	107	160.0
1607417218.14	160000	59.685459	0.0	16001583	76	160.0
1607417218.91	160000	59.936356	0.0	18238584	89	160.0
1607417220.2	160000	59.687452	0.0	21308824	101	160.0
1607417220.97	160000	59.938348	0.0	17749058	90	160.0
1607417222.19	160000	59.689443	0.0	14127787	71	160.0
1607417222.94	160000	59.940439	0.0	17525699	86	160.0
1607417224.16	160000	59.691394	0.0	14240042	69	160.0
1607417224.94	160000	59.942429	0.0	20324139	100	160.0
1607417226.24	160000	59.693467	0.0	21993033	106	160.0
1607417227.02	160000	59.944453	0.0	18863108	94	160.0
1607417228.26	160000	59.695466	0.0	15964734	80	160.0
1607417228.92	160000	59.946441	0.0	8284939	46	160.0
1607417230.1	160000	59.697359	0.0	9004706	48	160.0
1607417231.25	160000	59.698356	0.0	6955279	35	160.0
1607417231.95	160000	59.949447	0.0	10701639	73	160.0
1607417233.15	160000	59.700437	0.0	9459459	65	160.0
1607417234.26	160000	59.701394	0.0	3212828	18	160.0
1607417234.86	160000	59.952443	0.0	2509989	21	160.0
1607417235.94	160000	59.953452	0.0	2004927	16	160.0
1607417237.0	160000	59.954446	0.0	591360	4	160.0
1607417238.57	160000	59.639205	0.0	2394426	17	160.0
1607417238.91	40000	1.000999	0.04	336477	2	-6.399999999999999
1607417239.17	20000	2.001999	0.0	11007815	71	0.0
1607417239.36	20000	2.886361	0.0	8849724	59	20.0
1607417239.64	60000	3.604243	0.0	13063186	116	20.0
1607417240.05	160000	4.199553	0.0	19639705	174	60.0
1607417240.43	160000	4.817588	0.0	20946809	187	160.0
1607417240.75	160000	5.52372	0.0	11895609	175	160.0
1607417240.98	160000	6.294609	0.0	7597636	110	160.0
1607417241.44	60000	6.856377	0.0	17832465	272	-40.0
1607417241.78	80000	7.522685	0.0	15816325	163	60.0
1607417242.1	80000	8.203037	0.0	15275967	157	80.0
1607417242.51	80000	8.828071	0.0	20600381	207	80.0
1607417243.01	110000	9.333197	0.0	25684661	244	80.0
1607417243.4	160000	9.97177	0.0	19559369	186	110.0
1607417243.84	160000	10.532669	0.0	22224402	243	160.0
1607417244.28	160000	11.095197	0.0	22578365	240	160.0
1607417244.46	160000	11.909612	0.0	8346702	66	160.0
1607417244.75	160000	12.621243	0.0	15775481	122	160.0
1607417244.95	160000	13.426042	0.0	9163235	73	160.0
1607417245.67	160000	13.706953	0.0	41307095	328	160.0
1607417246.1	160000	14.278809	0.0	28763893	201	160.0
1607417246.44	160000	14.93493	0.0	21266416	148	160.0
1607417246.77	160000	15.608526	0.0	23702229	131	160.0
1607417247.14	160000	16.240261	0.0	27580394	154	160.0
1607417247.45	160000	16.932661	0.0	20329780	113	160.0
1607417247.71	160000	17.67025	0.0	16109183	98	160.0
1607417248.61	160000	17.772367	0.0	58830800	360	160.0
1607417252.19	160000	15.190471	0.0	66935122	3136	160.0
1607417252.48	80000	15.908189	0.0	7180834	151	0.0
