1610770885.01	60000	1.000999	0.014	336477	2	-4.480000000000004
1610770885.31	320000	1.988348	0.0	14912671	69	60.0
1610770885.73	320000	2.669551	0.0	24265636	117	320.0
1610770886.05	320000	3.346784	0.0	22711544	107	320.0
1610770886.33	320000	4.065559	0.0	19639705	91	320.0
1610770886.63	320000	4.772828	0.0	20946809	97	320.0
1610770886.82	320000	5.577343	0.0	11895609	58	320.0
1610770886.98	320000	6.447431	0.0	7597636	39	320.0
1610770887.81	320000	6.64869	0.0	56067905	288	320.0
1610770888.37	320000	7.113158	0.0	46062054	242	320.0
1610770889.17	320000	7.340653	0.0	60496562	316	320.0
1610770890.55	320000	7.008318	0.0	90475604	518	320.0
1610770891.65	320000	6.912905	0.0	94557637	469	320.0
1610770892.23	320000	7.337669	0.0	48403531	248	320.0
1610770893.02	320000	7.548293	0.0	63326685	334	320.0
1610770893.84	320000	7.726214	0.0	66782145	346	320.0
1610770894.06	320000	8.505742	0.0	13212243	68	320.0
1610770894.45	320000	9.117951	0.0	29387773	156	320.0
1610770894.72	320000	9.849024	0.0	17336677	93	320.0
1610770896.34	320000	9.23241	0.0	126296507	585	320.0
1610770897.57	320000	9.184836	0.0	96707447	559	320.0
1610770898.48	320000	9.555334	0.0	72904162	385	320.0
1610770899.35	320000	9.810234	0.0	66993756	339	320.0
1610770900.46	320000	9.699337	0.0	92389329	499	320.0
1610770901.29	320000	9.912362	0.0	70549633	319	320.0
1610770901.91	320000	10.330763	0.0	50094571	258	320.0
1610770903.57	320000	9.667179	0.0	124391138	875	320.0
1610770906.05	320000	8.669948	0.0	139539685	1429	320.0
1610770907.91	320000	8.152688	0.0	44512381	1473	320.0
1610770910.77	320000	6.465347	0.0	46257154	2510	320.0
1610770913.18	320000	5.21871	0.0	34846600	2126	320.0
1610770915.91	320000	4.443259	0.0	33828007	2458	320.0
1610770918.87	320000	3.165659	0.0	30396599	2725	320.0
1610770921.68	320000	1.370128	0.0	30979822	2560	320.0
1610770923.23	320000	1.371385	0.546	33204608	1317	145.28
1610770923.87	320000	1.739279	0.0	23618590	419	320.0
1610770924.57	320000	2.032446	0.0	27475995	472	320.0
1610770925.23	320000	2.378819	0.0	26460007	441	320.0
1610770925.85	320000	2.749799	0.0	26763657	397	320.0
1610770926.58	320000	3.02452	0.0	33826873	461	320.0
1610770927.47	320000	3.138901	0.0	41214174	582	320.0
1610770929.51	320000	2.099032	0.0	83204731	1479	320.0
1610770930.99	320000	1.693883	0.0	75539257	992	320.0
1610770931.35	320000	2.332042	0.0	16577177	183	320.0
1610770932.1	320000	2.677608	0.0	39814357	441	320.0
1610770932.98	320000	2.848936	0.0	50277186	533	320.0
1610770933.76	320000	3.056877	0.0	43375920	475	320.0
1610770935.85	320000	2.088807	0.0	39748690	1766	320.0
1610770937.44	320000	1.51856	0.0	32725949	1332	320.0
1610770937.76	320000	2.198977	0.0	15673611	163	320.0
1610770938.17	320000	2.795272	0.0	20850595	217	320.0
1610770938.5	320000	3.464751	0.0	16458609	160	320.0
1610770938.71	320000	4.258775	0.0	8700077	85	320.0
1610770938.91	320000	5.059327	0.0	8292135	80	320.0
1610770939.31	320000	5.661873	0.0	22212109	199	320.0
1610770939.76	320000	6.203967	0.0	27931458	227	320.0
1610770940.22	320000	6.746108	0.0	28076035	226	320.0
1610770940.84	320000	7.133345	0.0	34615012	357	320.0
1610770941.43	320000	7.536568	0.0	31574841	350	320.0
1610770942.02	320000	7.951085	0.0	28857310	358	320.0
1610770942.69	320000	8.287885	0.0	30799251	400	320.0
1610770943.32	320000	8.654992	0.0	29900862	388	320.0
1610770943.97	320000	9.009795	0.0	32431711	381	320.0
1610770944.61	320000	9.365772	0.0	32680833	388	320.0
1610770945.21	320000	9.765952	0.0	30468229	357	320.0
1610770946.04	320000	9.937608	0.0	31594806	550	320.0
1610770947.13	320000	9.847146	0.0	43158259	780	320.0
1610770948.45	320000	9.533625	0.0	53696400	937	320.0
1610770949.36	320000	9.625388	0.0	49804325	532	320.0
1610770950.43	320000	9.556764	0.0	56230532	689	320.0
1610770951.35	320000	9.636452	0.0	54033728	559	320.0
1610770952.12	320000	9.867155	0.0	40265492	464	320.0
1610770952.75	320000	10.237671	0.0	37527577	355	320.0
1610770953.4	320000	10.583871	0.0	38354537	364	320.0
1610770954.06	320000	10.932849	0.0	33905183	386	320.0
1610770954.82	320000	11.163927	0.0	37964644	457	320.0
1610770956.51	320000	10.481618	0.0	91609209	1099	320.0
1610770957.15	320000	10.91499	0.0	30861098	373	320.0
1610770958.09	320000	11.090974	0.0	53161890	566	320.0
1610770959.29	320000	11.068268	0.0	49661559	844	320.0
1610770960.78	320000	10.628972	0.0	27673254	1259	320.0
1610770963.13	320000	9.322699	0.0	29061600	2121	320.0
1610770968.32	320000	5.362566	0.0	29596558	4939	320.0
1610770969.43	320000	5.255226	0.0	29264466	868	320.0
1610770970.58	320000	5.103511	0.0	29949400	912	320.0
1610770971.2	320000	5.48448	0.0	30225692	387	320.0
1610770971.71	320000	5.976634	0.0	27528494	278	320.0
1610770972.25	320000	6.436397	0.0	28959567	285	320.0
1610770972.77	320000	6.92119	0.0	27200869	288	320.0
1610770973.44	320000	7.247967	0.0	37091406	395	320.0
1610770974.05	320000	7.643238	0.0	32442772	352	320.0
1610770974.69	320000	7.995072	0.0	38733768	357	320.0
1610770975.35	320000	8.337092	0.0	43207501	329	320.0
1610770975.96	320000	8.729999	0.0	39867273	308	320.0
1610770976.63	320000	9.060211	0.0	44687216	350	320.0
1610770977.26	320000	9.430564	0.0	37222510	347	320.0
1610770977.84	320000	9.850643	0.0	37697615	302	320.0
1610770978.11	320000	10.590788	0.0	13943369	112	320.0
1610770978.63	320000	11.069624	0.0	33909675	252	320.0
1610770979.03	320000	11.665377	0.0	25608467	187	320.0
1610770979.38	320000	12.322199	0.0	21666875	154	320.0
1610770979.84	320000	12.860167	0.0	29164819	210	320.0
1610770980.9	320000	12.804996	0.0	75257111	544	320.0
1610770981.94	320000	12.760389	0.0	71035332	573	320.0
1610770982.43	320000	13.270509	0.0	27276036	261	320.0
1610770982.83	320000	13.871453	0.0	23233775	195	320.0
1610770983.21	320000	14.498205	0.0	21096285	177	320.0
1610770983.67	320000	15.033461	0.0	28685524	218	320.0
1610770984.26	320000	15.444637	0.0	43551422	268	320.0
1610770985.24	320000	15.556561	0.0	65057331	481	320.0
1610770985.84	320000	16.0474	0.0	41329817	295	320.0
1610770986.31	320000	16.580065	0.0	30837965	217	320.0
1610770986.81	320000	17.085085	0.0	33542198	234	320.0
1610770987.42	320000	17.473036	0.0	43188629	301	320.0
1610770987.96	320000	17.939875	0.0	38404993	244	320.0
1610770988.63	320000	18.265751	0.0	50554338	321	320.0
1610770989.58	320000	18.314386	0.0	52531967	537	320.0
1610770990.36	320000	18.539215	0.0	54618297	393	320.0
1610770991.09	320000	18.814617	0.0	54267260	353	320.0
1610770991.74	320000	19.163595	0.0	46984925	301	320.0
1610770992.43	320000	19.470797	0.0	52441959	343	320.0
1610770993.21	320000	19.932077	0.0	56222410	379	320.0
1610770993.79	320000	20.383847	0.0	37045146	276	320.0
1610770994.33	320000	20.844869	0.0	31316241	279	320.0
1610770995.18	320000	21.031796	0.0	54539886	462	320.0
1610770996.05	320000	21.161304	0.0	54290338	461	320.0
1610770997.09	320000	21.121316	0.0	50306079	694	320.0
1610770997.93	320000	21.280411	0.0	39311524	549	320.0
1610770998.65	320000	21.564192	0.0	45141551	366	320.0
1610770999.14	320000	22.07012	0.0	38678341	205	320.0
1610770999.75	320000	22.469056	0.0	48869677	260	320.0
1610771000.41	320000	22.901406	0.0	48742469	262	320.0
1610771000.91	320000	23.479384	0.0	31052651	244	320.0
1610771001.46	320000	24.005718	0.0	35159774	274	320.0
1610771001.93	320000	24.589221	0.0	34685385	209	320.0
1610771002.45	320000	25.075891	0.0	36845249	221	320.0
1610771003.07	320000	25.454047	0.0	44043502	313	320.0
1610771003.51	320000	26.01662	0.0	28911363	203	320.0
1610771004.0	320000	26.529854	0.0	31997411	238	320.0
1610771004.6	320000	26.926275	0.0	37860562	283	320.0
1610771005.08	320000	27.450215	0.0	34218681	210	320.0
1610771005.51	320000	28.018294	0.0	30315897	186	320.0
1610771006.08	320000	28.450781	0.0	38074030	266	320.0
1610771006.56	320000	28.970332	0.0	31856580	222	320.0
1610771007.14	320000	29.39617	0.0	40986530	249	320.0
1610771007.72	320000	29.90288	0.0	43161948	264	320.0
1610771008.27	320000	30.384866	0.0	39216469	249	320.0
1610771008.76	320000	30.99778	0.0	32708889	211	320.0
1610771009.06	320000	31.737732	0.0	16257756	130	320.0
1610771009.36	320000	32.475596	0.0	16440860	130	320.0
1610771009.61	320000	33.276735	0.0	12523766	98	320.0
1610771009.99	320000	33.944459	0.0	22159647	171	320.0
1610771010.32	320000	34.641442	0.0	17516376	141	320.0
1610771010.46	320000	35.549111	0.0	5119060	40	320.0
1610771010.59	320000	36.451561	0.0	3788776	31	320.0
1610771010.69	320000	37.372415	0.0	3041389	24	320.0
1610771010.74	320000	38.317743	0.0	640071	4	320.0
1610771010.82	320000	39.242473	0.0	3111318	25	320.0
1610771011.38	60000	1.000999	0.182	377897	3	-58.24
1610771011.73	320000	2.001999	0.0	14912671	118	60.0
1610771012.21	320000	2.634765	0.0	24265636	197	320.0
1610771012.6	320000	3.251809	0.0	22711544	184	320.0
1610771012.94	320000	3.9121	0.0	19639705	157	320.0
1610771013.29	320000	4.560565	0.0	20946809	167	320.0
1610771013.54	320000	5.385895	0.0	11895609	102	320.0
1610771013.71	320000	6.212583	0.0	7597636	57	320.0
1610771014.75	320000	6.245775	0.0	56067905	423	320.0
1610771015.55	320000	6.475461	0.0	46062054	466	320.0
1610771016.43	320000	6.672591	0.0	60496562	444	320.0
1610771017.89	320000	6.222769	0.0	90475604	635	320.0
1610771019.18	320000	5.926891	0.0	94557637	701	320.0
1610771019.89	320000	6.223436	0.0	48403531	356	320.0
1610771020.77	320000	6.336708	0.0	63326685	449	320.0
1610771021.84	320000	6.273904	0.0	66782145	596	320.0
1610771022.1	320000	7.014619	0.0	13212243	112	320.0
1610771022.6	320000	7.511018	0.0	29387773	251	320.0
1610771023.0	320000	8.114925	0.0	17336677	209	320.0
1610771025.66	320000	7.075382	0.0	126296507	1544	320.0
1610771029.41	320000	4.37844	0.0	96707447	3109	320.0
1610771030.8	320000	3.987227	0.0	72904162	870	320.0
1610771034.3	320000	2.070984	0.0	66993756	3022	320.0
1610771038.46	320000	1.351097	2.382	92389329	3620	-442.24
1610771044.07	160000	1.441609	4.616	20329780	5416	-1477.12
1610771044.48	40000	2.035643	0.0	4316804	297	-80.0
1610771046.04	40000	1.471094	0.0	18604040	1382	40.0
