1610765529.5	60000	1.000999	0.014	336477	3	-4.480000000000004
1610765529.87	320000	1.93305	0.0	14912671	113	60.0
1610765530.33	320000	2.575451	0.0	24265636	181	320.0
1610765530.76	320000	3.153402	0.0	22711544	213	320.0
1610765531.12	320000	3.790663	0.0	19639705	183	320.0
1610765531.49	320000	4.528396	0.0	20946809	166	320.0
1610765531.72	320000	5.32382	0.0	11895609	85	320.0
1610765531.89	320000	6.152674	0.0	7597636	56	320.0
1610765532.85	320000	6.271085	0.0	56067905	419	320.0
1610765533.62	320000	6.529822	0.0	46062054	457	320.0
1610765536.92	320000	4.280612	0.0	60496562	2845	320.0
1610765539.09	320000	3.12229	0.0	90475604	1345	320.0
1610765541.19	320000	2.017986	0.0	94557637	1487	320.0
1610765542.23	320000	2.168449	0.0	48403531	685	320.0
1610765543.4	320000	2.375728	0.0	63326685	712	320.0
1610765544.65	320000	2.150161	0.0	66782145	784	320.0
1610765544.99	320000	2.815583	0.0	13212243	184	320.0
1610765545.56	320000	3.239363	0.0	29387773	348	320.0
1610765545.87	320000	3.936221	0.0	17336677	129	320.0
1610765547.77	320000	3.112296	0.0	126296507	937	320.0
1610765549.34	320000	2.542251	0.0	96707447	970	320.0
1610765550.49	320000	2.629873	0.0	72904162	643	320.0
1610765551.5	320000	2.951362	0.0	66993756	499	320.0
1610765552.93	320000	2.600302	0.0	92389329	842	320.0
1610765554.08	320000	2.442366	0.0	70549633	673	320.0
1610765554.9	320000	2.700407	0.0	50094571	462	320.0
1610765556.79	320000	2.059783	0.0	124391138	1120	320.0
1610765559.23	320000	1.155409	0.121	139539685	1430	281.28
1610765560.15	320000	1.638552	0.0	44512381	548	320.0
1610765561.07	320000	1.961869	0.0	46257154	585	320.0
1610765561.78	320000	2.446476	0.0	34846600	448	320.0
1610765562.5	320000	2.948742	0.0	33828007	460	320.0
1610765562.99	320000	3.522864	0.0	30396599	255	320.0
1610765563.48	320000	4.037023	0.0	30979822	256	320.0
1610765563.97	320000	4.713601	0.0	33204608	235	320.0
1610765564.34	320000	5.343514	0.0	23618590	164	320.0
1610765564.82	320000	5.860359	0.0	27475995	258	320.0
1610765565.32	320000	6.363847	0.0	26460007	270	320.0
1610765565.84	320000	6.840492	0.0	26763657	303	320.0
1610765566.51	320000	7.178159	0.0	33826873	401	320.0
1610765567.29	320000	7.396032	0.0	41214174	489	320.0
1610765568.98	320000	6.706668	0.0	83204731	1128	320.0
1610765570.68	320000	6.010641	0.0	75539257	1219	320.0
1610765572.38	320000	5.310622	0.0	16577177	1522	320.0
1610765573.4	320000	5.286587	0.0	39814357	740	320.0
1610765574.62	320000	5.072804	0.0	50277186	880	320.0
1610765575.59	320000	5.174116	0.0	43375920	657	320.0
1610765576.48	320000	5.331286	0.0	39748690	565	320.0
1610765577.08	320000	5.73045	0.0	32725949	347	320.0
1610765577.41	320000	6.407507	0.0	15673611	165	320.0
1610765577.86	320000	6.953746	0.0	20850595	250	320.0
1610765578.24	320000	7.577308	0.0	16458609	205	320.0
1610765578.47	320000	8.342097	0.0	8700077	108	320.0
1610765578.68	320000	9.139194	0.0	8292135	82	320.0
1610765579.09	320000	9.72527	0.0	22212109	217	320.0
1610765579.62	320000	10.252251	0.0	27931458	273	320.0
1610765580.13	320000	10.765594	0.0	28076035	280	320.0
1610765580.75	320000	11.172844	0.0	34615012	348	320.0
1610765583.46	320000	9.517836	0.0	31574841	2465	320.0
1610765585.05	320000	8.930422	0.0	28857310	1353	320.0
1610765585.86	320000	9.135593	0.0	30799251	543	320.0
1610765586.42	320000	9.565898	0.0	29900862	330	320.0
1610765587.43	320000	9.555033	0.0	32431711	761	320.0
1610765589.2	320000	8.782795	0.0	32680833	1515	320.0
1610765590.0	320000	8.990388	0.0	30468229	547	320.0
1610765590.6	320000	9.386332	0.0	31594806	347	320.0
1610765591.48	320000	9.505226	0.0	43158259	573	320.0
1610765607.72	320000	1.372962	7.106	53696400	15895	-1953.92
1610765608.05	110000	2.043279	0.0	15365006	145	-100.0
1610765608.41	110000	2.681563	0.0	19021488	179	110.0
1610765608.89	160000	3.251424	0.0	26155848	247	110.0
1610765609.24	160000	3.984323	0.0	17849379	169	160.0
1610765609.56	160000	4.66075	0.0	16546531	157	160.0
1610765610.17	320000	5.053807	0.0	38354537	314	160.0
1610765610.69	320000	5.530009	0.0	33905183	262	320.0
1610765611.36	320000	5.861278	0.0	37964644	394	320.0
1610765613.11	320000	5.1176	0.0	91609209	1167	320.0
1610765613.73	320000	5.496495	0.0	30861098	377	320.0
1610765614.64	320000	5.583179	0.0	53161890	510	320.0
1610765615.36	320000	5.867288	0.0	49661559	370	320.0
1610765615.79	320000	6.439446	0.0	27673254	199	320.0
1610765616.26	320000	6.97452	0.0	29061600	222	320.0
1610765616.72	320000	7.513887	0.0	29596558	220	320.0
1610765617.22	320000	8.015095	0.0	29264466	259	320.0
1610765617.72	320000	8.631433	0.0	29949400	265	320.0
1610765618.17	320000	9.337061	0.0	30225692	212	320.0
1610765618.58	320000	9.924466	0.0	27528494	188	320.0
1610765619.05	320000	10.457352	0.0	28959567	224	320.0
1610765619.54	320000	10.968315	0.0	27200869	264	320.0
1610765620.11	320000	11.394536	0.0	37091406	294	320.0
1610765620.55	320000	11.954243	0.0	32442772	191	320.0
1610765621.06	320000	12.45394	0.0	38733768	224	320.0
1610765621.59	320000	12.9203	0.0	43207501	226	320.0
1610765622.08	320000	13.427392	0.0	39867273	216	320.0
1610765622.65	320000	13.861518	0.0	44687216	265	320.0
1610765623.23	320000	14.286516	0.0	37222510	299	320.0
1610765623.88	320000	14.635475	0.0	37697615	372	320.0
1610765625.31	320000	14.202133	0.0	13943369	1280	320.0
1610765628.11	320000	12.40857	0.0	33909675	2531	320.0
1610765628.51	320000	13.011984	0.0	25608467	178	320.0
1610765628.84	320000	13.682218	0.0	21666875	136	320.0
1610765629.23	320000	14.287241	0.0	29164819	159	320.0
1610765630.11	320000	14.406577	0.0	75257111	398	320.0
1610765630.95	320000	14.572814	0.0	71035332	381	320.0
1610765631.37	320000	15.157904	0.0	27276036	183	320.0
1610765631.73	320000	15.796763	0.0	23233775	153	320.0
1610765632.07	320000	16.459436	0.0	21096285	139	320.0
1610765632.47	320000	17.054056	0.0	28685524	172	320.0
1610765633.04	320000	17.48378	0.0	43551422	260	320.0
1610765633.93	320000	17.600598	0.0	65057331	414	320.0
1610765634.5	320000	18.032362	0.0	41329817	247	320.0
1610765634.93	320000	18.599601	0.0	30837965	183	320.0
1610765635.41	320000	19.118663	0.0	33542198	215	320.0
1610765636.0	320000	19.596078	0.0	43188629	275	320.0
1610765636.53	320000	20.162337	0.0	38404993	255	320.0
1610765637.2	320000	20.529551	0.0	50554338	331	320.0
1610765637.87	320000	20.865298	0.0	52531967	268	320.0
1610765638.55	320000	21.185648	0.0	54618297	288	320.0
1610765639.2	320000	21.552568	0.0	54267260	288	320.0
1610765639.81	320000	21.94848	0.0	46984925	263	320.0
1610765640.43	320000	22.323702	0.0	52441959	269	320.0
1610765641.08	320000	22.673398	0.0	56222410	283	320.0
1610765641.57	320000	23.189127	0.0	37045146	191	320.0
1610765641.98	320000	23.778384	0.0	31316241	159	320.0
1610765642.64	320000	24.116911	0.0	54539886	288	320.0
1610765643.32	320000	24.444008	0.0	54290338	291	320.0
1610765643.98	320000	24.919057	0.0	50306079	298	320.0
1610765648.54	320000	21.464568	0.0	39311524	4257	320.0
1610765652.35	320000	18.797567	0.0	45141551	3477	320.0
1610765656.72	320000	15.432543	0.0	38678341	4076	320.0
1610765661.34	320000	12.228087	0.0	48869677	4291	320.0
1610765663.46	320000	11.566361	0.0	48742469	1751	320.0
1610765664.56	320000	11.634724	0.0	31052651	847	320.0
1610765665.54	320000	11.694115	0.0	35159774	698	320.0
1610765666.52	320000	11.714482	0.0	34685385	712	320.0
1610765667.59	320000	11.788257	0.0	36845249	771	320.0
1610765668.8	320000	11.917047	0.0	44043502	901	320.0
1610765669.64	320000	12.212492	0.0	28911363	596	320.0
1610765670.54	320000	12.463379	0.0	31997411	640	320.0
1610765671.64	320000	12.402681	0.0	37860562	796	320.0
1610765672.69	320000	12.348674	0.0	34218681	800	320.0
1610765673.53	320000	12.514024	0.0	30315897	585	320.0
1610765674.46	320000	12.583673	0.0	38074030	637	320.0
1610765675.22	320000	12.823257	0.0	31856580	514	320.0
1610765676.17	320000	12.878823	0.0	40986530	652	320.0
1610765677.07	320000	12.971296	0.0	43161948	597	320.0
1610765677.93	320000	13.120071	0.0	39216469	558	320.0
1610765678.68	320000	13.37053	0.0	32708889	491	320.0
1610765679.11	320000	13.940878	0.0	16257756	257	320.0
1610765679.57	320000	14.483214	0.0	16440860	276	320.0
1610765679.92	320000	15.133406	0.0	12523766	210	320.0
1610765680.52	320000	15.532527	0.0	22159647	405	320.0
1610765681.04	320000	16.007543	0.0	17516376	348	320.0
1610765681.25	320000	16.804198	0.0	5119060	94	320.0
1610765681.41	320000	17.648795	0.0	3788776	52	320.0
1610765681.53	320000	18.526758	0.0	3041389	44	320.0
1610765681.59	320000	19.46579	0.0	640071	9	320.0
1610765681.69	320000	20.367414	0.0	3111318	45	320.0
1610765682.08	60000	1.000999	0.087	377897	5	-27.840000000000003
1610765682.55	320000	1.861133	0.0	14912671	218	60.0
1610765683.16	320000	2.249331	0.0	24265636	353	320.0
1610765683.68	320000	2.729115	0.0	22711544	319	320.0
1610765684.15	320000	3.331533	0.0	19639705	275	320.0
1610765684.63	320000	3.882966	0.0	20946809	278	320.0
1610765684.94	320000	4.578114	0.0	11895609	158	320.0
1610765685.18	320000	5.362277	0.0	7597636	102	320.0
1610765686.64	320000	4.977447	0.0	56067905	871	320.0
1610765687.64	320000	4.989678	0.0	46062054	659	320.0
1610765688.81	320000	4.821108	0.0	60496562	765	320.0
1610765690.54	320000	4.101224	0.0	90475604	982	320.0
1610765692.05	320000	3.583025	0.0	94557637	933	320.0
1610765692.99	320000	3.648558	0.0	48403531	598	320.0
1610765694.12	320000	3.591365	0.0	63326685	689	320.0
1610765695.39	320000	3.71229	0.0	66782145	816	320.0
1610765695.7	320000	4.409522	0.0	13212243	155	320.0
1610765696.29	320000	4.953348	0.0	29387773	336	320.0
1610765697.53	320000	4.713242	0.0	17336677	1070	320.0
1610765708.94	320000	0.874822	6.533	126296507	10426	-1770.56
1610765711.56	160000	1.428846	1.967	28763893	2370	-629.44
1610765713.29	160000	1.361739	0.632	21266416	1548	-42.24000000000001
1610765714.66	110000	1.495087	0.506	17002609	1215	-101.91999999999999
1610765715.85	80000	1.311214	0.0	14862949	1015	50.0
1610765716.77	80000	1.391243	0.0	10513690	784	80.0
1610765717.25	40000	1.914191	0.0	4316804	371	0.0
1610765718.86	40000	1.301514	0.0	18604040	1441	40.0
