1610848002.62	60000	1.000999	0.156	336477	115	-49.92
1610848004.09	80000	1.312099	0.405	14912671	1280	-69.6
1610848005.86	60000	1.347033	0.781	20421673	1560	-209.92
1610848007.05	60000	1.427029	0.24	13063186	1082	-16.799999999999997
1610848007.78	60000	1.719383	0.0	8954217	646	60.0
1610848008.29	60000	2.210477	0.0	7325507	432	60.0
1610848008.51	60000	3.00309	0.0	4014386	167	60.0
1610848008.74	60000	3.779453	0.0	3830488	164	60.0
1610848009.63	60000	3.891998	0.0	17832465	752	60.0
1610848010.42	80000	4.105134	0.0	15816325	659	60.0
1610848011.17	80000	4.353412	0.0	15275967	633	80.0
1610848012.18	80000	4.342868	0.0	20600381	861	80.0
1610848013.04	80000	4.485758	0.0	17710542	717	80.0
1610848013.4	80000	5.122288	0.0	7412644	282	80.0
1610848014.04	110000	5.485622	0.0	12783186	498	80.0
1610848014.65	110000	5.879016	0.0	13101938	499	110.0
1610848014.91	110000	6.618361	0.0	5268213	195	110.0
1610848017.35	110000	5.181172	0.0	9838179	2344	110.0
1610848017.64	80000	5.892308	0.0	4543558	222	50.0
1610848018.52	60000	6.010155	0.0	15945082	746	40.0
1610848019.3	80000	6.232474	0.0	14877694	656	60.0
1610848019.87	80000	6.65882	0.0	11453319	473	80.0
1610848020.52	80000	7.009605	0.0	13274781	537	80.0
1610848021.24	80000	7.295924	0.0	14862949	595	80.0
1610848021.73	80000	7.801608	0.0	10513690	397	80.0
1610848022.12	80000	8.414702	0.0	8329186	307	80.0
1610848023.73	80000	7.810719	0.0	34554431	1306	80.0
1610848026.01	110000	6.528519	0.0	49215857	1868	80.0
1610848026.5	110000	7.037408	0.0	10019282	390	110.0
1610848026.99	110000	7.548843	0.0	10921784	392	110.0
1610848027.39	110000	8.148389	0.0	8768798	315	110.0
1610848027.79	110000	8.75185	0.0	8740660	312	110.0
1610848028.14	110000	9.399039	0.0	7610374	274	110.0
1610848028.83	160000	9.710521	0.0	11485310	548	110.0
1610848036.45	160000	3.092288	0.0	12428518	7509	160.0
1610848037.14	110000	3.40159	0.0	6951419	585	60.0
1610848037.51	80000	4.036472	0.0	6516530	289	50.0
1610848037.71	60000	4.83787	0.0	3697571	136	40.0
1610848037.96	80000	5.589331	0.0	4876023	181	60.0
1610848038.3	80000	6.254169	0.0	7013013	260	80.0
1610848039.45	80000	6.096635	0.0	10250816	1063	80.0
1610848041.6	80000	4.949135	0.0	26113743	1968	80.0
1610848042.63	80000	4.926587	0.0	22860019	847	80.0
1610848042.84	80000	5.715153	0.0	4146191	143	80.0
1610848043.37	80000	6.189484	0.0	11601071	421	80.0
1610848043.88	80000	6.673275	0.0	11589115	414	80.0
1610848044.28	80000	7.280064	0.0	8720528	306	80.0
1610848044.63	80000	7.923655	0.0	7852064	276	80.0
1610848044.96	80000	8.601309	0.0	6922163	246	80.0
1610848045.13	80000	9.426665	0.0	3458958	116	80.0
1610848045.41	110000	10.149955	0.0	6072231	203	80.0
1610848045.64	110000	10.918773	0.0	4799875	167	110.0
1610848045.75	110000	11.810887	0.0	1790651	58	110.0
1610848045.84	110000	12.725343	0.0	1529278	39	110.0
1610848046.14	110000	13.425756	0.0	6558222	226	110.0
1610848046.5	110000	14.066194	0.0	7961846	279	110.0
1610848047.05	160000	14.522164	0.0	12300216	439	110.0
1610848048.75	160000	13.818972	0.0	15815684	1581	160.0
1610848049.62	110000	13.950266	0.0	8793419	781	60.0
1610848050.12	80000	14.445294	0.0	5098216	436	50.0
1610848050.69	80000	14.878577	0.0	5982646	496	80.0
1610848051.32	80000	15.256294	0.0	6905077	546	80.0
1610848051.94	80000	15.629784	0.0	7258180	548	80.0
1610848052.43	80000	16.145875	0.0	5903236	412	80.0
1610848052.91	80000	16.663912	0.0	5922485	412	80.0
1610848053.43	80000	17.148867	0.0	6487715	438	80.0
1610848054.2	80000	17.380125	0.0	10395993	681	80.0
1610848055.07	80000	17.506678	0.0	12476436	771	80.0
1610848055.8	80000	17.774237	0.0	10883852	635	80.0
1610848056.71	80000	17.874212	0.0	13889966	792	80.0
1610848057.53	80000	18.055439	0.0	12943936	713	80.0
1610848058.05	80000	18.53134	0.0	8355811	440	80.0
1610848058.52	80000	19.063848	0.0	7699623	388	80.0
1610848059.04	80000	19.54098	0.0	8697196	439	80.0
1610848059.72	110000	19.86146	0.0	11809774	577	80.0
1610848060.5	110000	20.091474	0.0	13817529	648	110.0
1610848062.81	110000	18.775892	0.0	44222240	2009	110.0
1610848063.41	110000	19.177169	0.0	11574285	498	110.0
1610848064.21	110000	19.375613	0.0	17560011	665	110.0
1610848072.21	110000	12.376387	0.0	16439864	7866	110.0
1610848072.43	80000	13.157168	0.0	6280571	143	50.0
1610848072.61	60000	13.985281	0.0	4851731	106	40.0
1610848072.85	80000	14.741877	0.0	7178853	164	60.0
1610848073.04	60000	15.558377	0.0	5028861	111	40.0
1610848073.22	60000	16.371934	0.0	5304043	117	60.0
1610848073.41	60000	17.186472	0.0	5390156	120	60.0
1610848073.59	60000	18.006387	0.0	4721651	115	60.0
1610848073.79	60000	18.809134	0.0	4637025	132	60.0
1610848074.04	80000	19.559872	0.0	6270064	173	60.0
1610848074.39	80000	20.206645	0.0	9600822	263	80.0
1610848074.84	80000	20.761665	0.0	10839240	348	80.0
1610848075.23	80000	21.374824	0.0	8798342	298	80.0
1610848086.23	80000	11.371433	0.0	9413866	10908	80.0
1610848087.32	60000	11.281806	0.0	6405222	986	40.0
1610848087.9	80000	11.707733	0.0	10884020	473	60.0
1610848088.15	60000	12.45146	0.0	7204570	174	40.0
1610848088.43	80000	13.180326	0.0	10113016	179	60.0
1610848088.52	60000	14.085453	0.0	3037981	38	40.0
1610848088.68	60000	14.925812	0.0	6591562	87	60.0
1610848088.8	60000	15.809812	0.0	4617597	52	60.0
1610848088.9	60000	16.707371	0.0	3982768	42	60.0
1610848089.03	60000	17.587364	0.0	5173499	54	60.0
1610848089.44	80000	18.176637	0.0	22955881	242	60.0
1610848089.79	80000	18.825451	0.0	19576633	202	80.0
1610848089.94	80000	19.67538	0.0	6968696	69	80.0
1610848090.05	80000	20.565681	0.0	4651140	45	80.0
1610848090.15	80000	21.467699	0.0	3942750	39	80.0
1610848090.33	110000	22.284258	0.0	9409059	93	80.0
1610848090.64	110000	22.982275	0.0	16742448	167	110.0
1610848093.34	110000	21.277937	0.0	27817780	2516	110.0
1610848094.33	80000	21.286699	0.0	12161730	887	50.0
1610848095.17	80000	21.454264	0.0	8326048	749	80.0
1610848098.32	80000	19.304961	0.0	8972855	3055	80.0
1610848099.35	60000	19.27308	0.0	6132241	957	40.0
1610848100.45	80000	19.179166	0.0	7511410	1014	60.0
1610848101.6	60000	19.021712	0.0	9064385	1072	40.0
1610848102.7	60000	18.9245	0.0	9739432	1008	60.0
1610848103.61	60000	19.015632	0.0	8845382	824	60.0
1610848104.82	80000	18.813791	0.0	12704190	1093	60.0
1610848105.86	80000	18.772588	0.0	12007698	940	80.0
1610848106.63	60000	19.000037	0.0	9267595	682	40.0
1610848107.41	60000	19.221287	0.0	10030748	686	60.0
1610848107.9	60000	19.735105	0.0	6285842	414	60.0
1610848108.3	60000	20.337616	0.0	5207162	331	60.0
1610848109.03	60000	20.607607	0.0	9939880	631	60.0
1610848109.97	80000	20.670986	0.0	13658286	826	60.0
1610848110.82	80000	20.822124	0.0	13106871	744	80.0
1610848111.4	80000	21.234871	0.0	9469564	498	80.0
1610848112.08	80000	21.558298	0.0	12216668	577	80.0
1610848112.56	80000	22.080292	0.0	9408461	391	80.0
1610848113.13	80000	22.508418	0.0	12195097	469	80.0
1610848113.85	110000	22.790081	0.0	17077492	579	80.0
1610848114.23	110000	23.416345	0.0	9645423	286	110.0
1610848114.66	110000	23.985817	0.0	11281629	329	110.0
1610848115.06	110000	24.586349	0.0	11179031	303	110.0
1610848115.47	110000	25.177302	0.0	12016215	304	110.0
1610848115.94	110000	25.703314	0.0	15214650	360	110.0
1610848116.29	110000	26.359778	0.0	11200919	248	110.0
1610848116.82	160000	26.834809	0.0	18238584	374	110.0
1610848117.37	160000	27.28323	0.0	21308824	401	160.0
1610848117.82	160000	27.831132	0.0	17749058	318	160.0
1610848118.16	160000	28.491729	0.0	14127787	229	160.0
1610848118.57	160000	29.082054	0.0	17525699	280	160.0
1610848118.9	160000	29.754687	0.0	14240042	218	160.0
1610848119.33	160000	30.322093	0.0	20324139	288	160.0
1610848119.79	160000	30.86166	0.0	21993033	304	160.0
1610848120.19	160000	31.470018	0.0	18863108	248	160.0
1610848120.85	320000	31.810644	0.0	32708889	401	160.0
1610848121.17	320000	32.493785	0.0	16257756	189	320.0
1610848121.48	320000	33.176096	0.0	16440860	183	320.0
1610848121.73	320000	33.934828	0.0	12523766	139	320.0
1610848122.18	320000	34.48511	0.0	22159647	292	320.0
1610848122.56	320000	35.106893	0.0	17516376	239	320.0
1610848122.7	320000	35.96229	0.0	5119060	70	320.0
1610848122.82	320000	36.848815	0.0	3788776	51	320.0
1610848123.2	320000	37.467554	0.0	3041389	324	320.0
1610848123.72	160000	37.943228	0.0	591360	476	0.0
1610848124.21	110000	38.461393	0.0	931350	434	60.0
1610848124.63	60000	1.000999	0.054	377897	9	-17.28
1610848129.84	80000	1.279065	4.194	14912671	5001	-1282.08
1610848132.77	60000	1.447989	2.072	20421673	2775	-623.04
1610848134.66	80000	1.422006	0.916	17135714	1775	-233.12
1610848135.93	80000	1.249918	0.042	13114792	1153	66.56
1610848136.95	80000	1.368733	0.0	11497228	929	80.0
1610848137.32	60000	2.005135	0.0	4014386	301	40.0
1610848137.65	60000	2.671445	0.0	3830488	275	60.0
1610848139.05	60000	2.274929	0.0	17832465	1259	60.0
1610848139.8	60000	2.524654	0.0	9877442	656	60.0
1610848140.59	60000	2.742151	0.0	10988410	686	60.0
1610848141.5	60000	2.826373	0.0	15230785	799	60.0
1610848142.42	80000	2.91491	0.0	17710542	770	60.0
1610848142.78	80000	3.556651	0.0	7412644	279	80.0
1610848143.17	80000	4.162377	0.0	9055732	308	80.0
1610848143.56	80000	4.771594	0.0	9337721	303	80.0
1610848143.71	80000	5.628887	0.0	3201928	86	80.0
1610848144.12	110000	6.216676	0.0	9838179	282	80.0
1610848144.36	110000	6.97641	0.0	6126794	169	110.0
1610848145.31	110000	7.023764	0.0	26576979	696	110.0
1610848145.93	110000	7.412947	0.0	19285617	465	110.0
1610848146.36	110000	7.980715	0.0	14817542	316	110.0
1610848146.83	110000	8.505641	0.0	17002609	339	110.0
1610848147.56	160000	8.780688	0.0	27580394	501	110.0
1610848148.05	160000	9.289718	0.0	20329780	338	160.0
