1610781410.32	60000	1.000999	0.019	336477	7	-6.079999999999998
1610781410.9	320000	1.787921	0.0	14912671	340	60.0
1610781412.01	320000	1.69797	0.0	24265636	819	320.0
1610781412.86	320000	1.907197	0.0	22711544	641	320.0
1610781413.68	320000	2.108854	0.0	19639705	637	320.0
1610781414.44	320000	2.383856	0.0	20946809	567	320.0
1610781414.81	320000	3.034136	0.0	11895609	226	320.0
1610781415.07	320000	3.799152	0.0	7597636	145	320.0
1610781416.6	320000	3.275691	0.0	56067905	968	320.0
1610781417.58	320000	3.297519	0.0	46062054	656	320.0
1610781418.77	320000	3.102713	0.0	60496562	692	320.0
1610781420.58	320000	2.295471	0.0	90475604	953	320.0
1610781422.19	320000	1.767229	0.0	94557637	966	320.0
1610781423.06	320000	2.11385	0.0	48403531	508	320.0
1610781424.08	320000	2.320351	0.0	63326685	571	320.0
1610781425.21	320000	2.303977	0.0	66782145	647	320.0
1610781425.5	320000	3.007675	0.0	13212243	140	320.0
1610781426.05	320000	3.459764	0.0	29387773	309	320.0
1610781426.41	320000	4.101505	0.0	17336677	178	320.0
1610781428.66	320000	2.92521	0.0	126296507	1302	320.0
1610781430.39	320000	2.196029	0.0	96707447	1104	320.0
1610781431.65	320000	2.298763	0.0	72904162	740	320.0
1610781432.79	320000	2.427138	0.0	66993756	623	320.0
1610781434.2	320000	2.06187	0.0	92389329	809	320.0
1610781435.36	320000	1.958802	0.0	70549633	638	320.0
1610781436.13	320000	2.386857	0.0	50094571	403	320.0
1610781438.2	320000	1.409222	0.0	124391138	1310	320.0
1610781452.52	320000	1.037595	12.661	139539685	13362	-3731.52
1610781452.9	40000	1.90649	0.0	3622285	262	-240.0
1610781453.27	40000	2.628127	0.0	3854472	272	40.0
1610781453.69	40000	3.331411	0.0	3217701	321	40.0
1610781454.11	40000	3.99987	0.0	3212580	326	40.0
1610781454.45	40000	4.65428	0.0	2781171	251	40.0
1610781454.99	80000	5.116483	0.0	5739662	417	40.0
1610781456.04	160000	5.067724	0.0	12428518	882	80.0
1610781456.87	160000	5.242063	0.0	9963766	699	160.0
1610781457.9	160000	5.211232	0.0	12189364	894	160.0
1610781458.82	160000	5.296511	0.0	10142396	780	160.0
1610781459.7	160000	5.418413	0.0	10185488	748	160.0
1610781460.88	160000	5.234837	0.0	14061455	1035	160.0
1610781462.12	110000	4.998518	0.0	13956444	1080	60.0
1610781465.11	110000	3.00767	0.0	33926116	2721	110.0
1610781468.01	110000	1.240192	0.069	29928879	2665	87.92
1610781468.57	110000	1.682874	0.0	5545322	450	110.0
1610781469.97	110000	1.318208	0.037	15180886	1249	98.16
1610781471.84	110000	1.368054	0.91	16044226	1701	-181.2
1610781473.1	110000	1.279307	0.179	12394633	1127	52.72
1610781474.94	110000	1.45954	1.013	11196580	1710	-214.16000000000003
1610781475.94	110000	1.459812	0.0	9698716	872	110.0
1610781476.52	110000	1.881279	0.0	4738333	476	110.0
1610781477.32	160000	2.083085	0.0	9088791	663	110.0
1610781477.96	160000	2.442373	0.0	7211881	527	160.0
1610781478.28	160000	3.125478	0.0	3063586	224	160.0
1610781478.58	160000	3.827633	0.0	2782179	206	160.0
1610781479.48	160000	3.92405	0.0	9958410	777	160.0
1610781481.64	160000	2.763344	0.0	12158708	2011	160.0
1610781482.42	110000	2.985077	0.0	8148750	654	60.0
1610781483.27	80000	3.134611	0.0	7667415	729	50.0
1610781483.86	80000	3.544564	0.0	6118130	482	80.0
1610781484.33	80000	4.074719	0.0	5098216	359	80.0
1610781484.9	80000	4.510879	0.0	5982646	455	80.0
1610781486.3	160000	4.112311	0.0	14135828	1248	80.0
1610781487.54	160000	3.871095	0.0	15366126	1093	160.0
1610781489.07	160000	3.345521	0.0	14248439	1371	160.0
1610781490.22	160000	3.19559	0.0	13843717	1003	160.0
1610781491.16	160000	3.256863	0.0	14665119	786	160.0
1610781492.28	160000	3.138092	0.0	21079187	927	160.0
1610781493.26	160000	3.155813	0.0	25480074	767	160.0
1610781493.8	110000	3.613281	0.0	15365006	384	60.0
1610781494.64	160000	3.779088	0.0	27527834	609	110.0
1610781495.33	160000	4.088496	0.0	26155848	464	160.0
1610781496.33	320000	4.091551	0.0	40265492	692	160.0
1610781497.16	320000	4.261442	0.0	37527577	552	320.0
1610781497.97	320000	4.451835	0.0	38354537	518	320.0
1610781498.68	320000	4.743521	0.0	33905183	449	320.0
1610781499.6	320000	4.82263	0.0	37964644	625	320.0
1610781501.51	320000	3.9145	0.0	91609209	1355	320.0
1610781502.15	320000	4.272931	0.0	30861098	388	320.0
1610781503.08	320000	4.345773	0.0	53161890	570	320.0
1610781503.82	320000	4.610488	0.0	49661559	389	320.0
1610781504.27	320000	5.161755	0.0	27673254	225	320.0
1610781504.76	320000	5.819581	0.0	29061600	239	320.0
1610781505.22	320000	6.428113	0.0	29596558	212	320.0
1610781505.67	320000	7.012792	0.0	29264466	211	320.0
1610781506.09	320000	7.596108	0.0	29949400	168	320.0
1610781506.5	320000	8.188347	0.0	30225692	170	320.0
1610781506.89	320000	8.79697	0.0	27528494	152	320.0
1610781507.3	320000	9.387872	0.0	28959567	153	320.0
1610781507.69	320000	10.01437	0.0	27200869	144	320.0
1610781508.21	320000	10.476316	0.0	37091406	240	320.0
1610781508.68	320000	11.00786	0.0	32442772	211	320.0
1610781509.4	320000	11.291272	0.0	38733768	434	320.0
1610781510.19	320000	11.505106	0.0	43207501	474	320.0
1610781510.92	320000	11.775936	0.0	39867273	426	320.0
1610781511.69	320000	12.013615	0.0	44687216	437	320.0
1610781512.22	320000	12.473092	0.0	37222510	249	320.0
1610781512.75	320000	12.943867	0.0	37697615	253	320.0
1610781513.04	320000	13.657808	0.0	13943369	137	320.0
1610781513.64	320000	14.056266	0.0	33909675	333	320.0
1610781514.15	320000	14.549031	0.0	25608467	289	320.0
1610781514.59	320000	15.11	0.0	21666875	246	320.0
1610781515.15	320000	15.548123	0.0	29164819	335	320.0
1610781516.52	320000	15.177718	0.0	75257111	868	320.0
1610781519.27	320000	13.430911	0.0	71035332	2281	320.0
1610781526.26	320000	7.573452	0.0	27276036	6771	320.0
1610781526.54	40000	8.295387	0.0	2139919	183	-240.0
1610781526.79	40000	9.048618	0.0	1859346	159	40.0
1610781527.12	40000	9.724055	0.0	3131242	233	40.0
1610781527.71	40000	10.130246	0.0	6479978	483	40.0
1610781528.21	40000	10.637965	0.0	11490169	353	40.0
1610781528.51	40000	11.339242	0.0	6507505	190	40.0
1610781528.81	60000	12.038887	0.0	6370300	187	40.0
1610781529.3	110000	12.549765	0.0	12064050	349	60.0
1610781530.68	320000	12.227812	0.0	43188629	1054	110.0
1610781531.9	320000	12.203687	0.0	38404993	934	320.0
1610781533.34	320000	11.763821	0.0	50554338	1037	320.0
1610781534.68	320000	11.42275	0.0	52531967	985	320.0
1610781535.97	320000	11.138097	0.0	54618297	914	320.0
1610781537.16	320000	10.941712	0.0	54267260	793	320.0
1610781538.18	320000	10.926927	0.0	46984925	683	320.0
1610781539.29	320000	10.819461	0.0	52441959	741	320.0
1610781540.35	320000	10.764091	0.0	56222410	660	320.0
1610781541.21	320000	10.923377	0.0	37045146	550	320.0
1610781541.73	320000	11.402332	0.0	31316241	283	320.0
1610781542.64	320000	11.491204	0.0	54539886	513	320.0
1610781543.55	320000	11.587761	0.0	54290338	543	320.0
1610781544.4	320000	11.736381	0.0	50306079	497	320.0
1610781545.06	320000	12.172638	0.0	39311524	375	320.0
1610781545.89	320000	12.344954	0.0	45141551	501	320.0
1610781546.56	320000	12.794941	0.0	38678341	378	320.0
1610781547.39	320000	13.095295	0.0	48869677	486	320.0
1610781548.25	320000	13.346931	0.0	48742469	505	320.0
1610781548.81	320000	13.961102	0.0	31052651	315	320.0
1610781549.38	320000	14.574242	0.0	35159774	305	320.0
1610781549.94	320000	15.174838	0.0	34685385	279	320.0
1610781550.54	320000	15.575633	0.0	36845249	305	320.0
1610781551.23	320000	15.97389	0.0	44043502	358	320.0
1610781551.64	320000	16.562417	0.0	28911363	169	320.0
1610781552.09	320000	17.109856	0.0	31997411	180	320.0
1610781552.58	320000	17.653115	0.0	37860562	182	320.0
1610781553.01	320000	18.220369	0.0	34218681	163	320.0
1610781553.43	320000	18.806454	0.0	30315897	157	320.0
1610781553.9	320000	19.330082	0.0	38074030	197	320.0
1610781554.37	320000	19.946749	0.0	31856580	195	320.0
1610781554.92	320000	20.567196	0.0	40986530	256	320.0
1610781555.56	320000	21.018098	0.0	43161948	336	320.0
1610781556.16	320000	21.56305	0.0	39216469	303	320.0
1610781556.88	320000	22.0603	0.0	32708889	468	320.0
1610781566.35	320000	13.752616	0.0	16257756	9305	320.0
1610781566.57	40000	14.532153	0.0	1792688	127	-240.0
1610781566.76	40000	15.343434	0.0	1471940	105	40.0
1610781567.0	40000	16.110327	0.0	2079411	148	40.0
1610781567.2	40000	16.906467	0.0	1669374	117	40.0
1610781567.3	40000	17.804196	0.0	352526	23	40.0
1610781567.67	320000	18.443834	0.0	3788776	268	40.0
1610781567.95	320000	19.162864	0.0	3041389	211	320.0
1610781568.04	320000	20.066803	0.0	640071	43	320.0
1610781568.34	320000	20.77131	0.0	3111318	242	320.0
1610781568.72	60000	1.000999	0.067	377897	28	-21.439999999999998
1610781570.3	320000	1.478848	0.652	14912671	1379	-148.64
1610781571.23	320000	1.554386	0.0	24265636	654	320.0
1610781571.77	320000	2.042172	0.0	22711544	331	320.0
1610781572.24	320000	2.603017	0.0	19639705	288	320.0
1610781572.75	320000	3.117144	0.0	20946809	314	320.0
1610781573.07	320000	3.850405	0.0	11895609	180	320.0
1610781573.31	320000	4.615883	0.0	7597636	119	320.0
1610781574.8	320000	4.178504	0.0	56067905	888	320.0
1610781575.87	320000	4.106303	0.0	46062054	740	320.0
1610781577.17	320000	3.805584	0.0	60496562	898	320.0
1610781580.35	320000	1.62996	0.0	90475604	2410	320.0
1610781581.84	320000	1.314464	0.0	94557637	870	320.0
1610781582.67	320000	1.71456	0.0	48403531	493	320.0
1610781583.72	320000	1.840768	0.0	63326685	612	320.0
1610781584.76	320000	1.809809	0.0	66782145	581	320.0
1610781585.02	320000	2.541521	0.0	13212243	117	320.0
1610781585.5	320000	3.062382	0.0	29387773	229	320.0
1610781585.8	320000	3.795074	0.0	17336677	124	320.0
1610781587.9	320000	2.728386	0.0	126296507	978	320.0
1610781589.4	320000	2.228957	0.0	96707447	837	320.0
