1607415299.82	40000	1.000999	0.056	334476	28	-8.96
1607415301.25	160000	1.18112	0.25	14912671	1199	0.0
1607415302.88	160000	1.342777	0.759	24265636	1364	38.56
1607415303.55	160000	1.688218	0.0	22711544	464	160.0
1607415303.88	80000	2.383568	0.0	13114792	167	0.0
1607415304.17	80000	3.100966	0.0	11497228	147	80.0
1607415304.37	80000	3.930819	0.0	6232523	82	80.0
1607415304.54	80000	4.754118	0.0	5425476	70	80.0
1607415304.93	60000	5.371864	0.0	17832465	199	40.0
1607415305.17	60000	6.155287	0.0	9877442	110	60.0
1607415305.42	60000	6.925656	0.0	10988410	122	60.0
1607415305.74	60000	7.604104	0.0	15230785	169	60.0
1607415306.84	160000	7.513595	0.0	50637608	575	60.0
1607415307.28	160000	8.067287	0.0	19559369	258	160.0
1607415307.77	160000	8.584011	0.0	22224402	295	160.0
1607415308.24	160000	9.107417	0.0	22578365	269	160.0
1607415308.46	160000	9.890321	0.0	8346702	99	160.0
1607415308.81	160000	10.540425	0.0	15775481	192	160.0
1607415309.06	160000	11.296521	0.0	9163235	116	160.0
1607415309.89	160000	11.476943	0.0	41307095	524	160.0
1607415310.52	160000	11.840678	0.0	28763893	393	160.0
1607415311.0	160000	12.36417	0.0	21266416	290	160.0
1607415311.53	160000	12.830693	0.0	23702229	323	160.0
1607415312.1	160000	13.269196	0.0	27580394	339	160.0
1607415312.53	160000	13.830051	0.0	20329780	242	160.0
1607415312.88	160000	14.480075	0.0	16109183	190	160.0
1607415314.04	160000	14.322932	0.0	58830800	686	160.0
1607415314.94	160000	14.424404	0.0	66935122	468	160.0
1607415315.25	160000	15.11359	0.0	15251076	160	160.0
1607415315.59	160000	15.779306	0.0	16574034	173	160.0
1607415315.87	160000	16.501386	0.0	13009028	134	160.0
1607415316.14	160000	17.229351	0.0	12791674	133	160.0
1607415316.39	160000	17.982368	0.0	11137898	115	160.0
1607415316.64	160000	18.729567	0.0	11485310	118	160.0
1607415316.94	160000	19.43554	0.0	12428518	160	160.0
1607415317.19	160000	20.182402	0.0	9963766	128	160.0
1607415317.49	160000	20.880438	0.0	12189364	157	160.0
1607415317.75	160000	21.624315	0.0	10142396	131	160.0
1607415318.07	160000	22.300722	0.0	10185488	199	160.0
1607415318.5	160000	22.880794	0.0	14061455	274	160.0
1607415319.18	160000	23.19572	0.0	20074099	504	160.0
1607415321.08	160000	22.295663	0.0	46115254	1575	160.0
1607415321.9	160000	22.484123	0.0	40906522	507	160.0
1607415322.11	160000	23.272326	0.0	7891151	94	160.0
1607415322.55	160000	23.836196	0.0	21012466	248	160.0
1607415323.01	160000	24.367781	0.0	23519424	269	160.0
1607415323.4	160000	24.984473	0.0	18715420	208	160.0
1607415323.75	160000	25.63086	0.0	17000816	189	160.0
1607415324.06	160000	26.323885	0.0	14448126	157	160.0
1607415324.26	160000	27.125503	0.0	6958676	78	160.0
1607415324.48	160000	27.902175	0.0	9088791	99	160.0
1607415324.68	160000	28.710562	0.0	7211881	79	160.0
1607415324.82	160000	29.56976	0.0	3063586	48	160.0
1607415324.96	160000	30.430147	0.0	2782179	51	160.0
1607415325.27	160000	31.121328	0.0	9958410	184	160.0
1607415325.63	160000	31.761519	0.0	12158708	224	160.0
1607415326.01	160000	32.381578	0.0	12300216	229	160.0
1607415326.47	160000	32.922434	0.0	15815684	299	160.0
1607415327.31	160000	33.083023	0.0	13526256	694	160.0
1607415328.51	160000	32.887862	0.0	11995130	1044	160.0
1607415329.01	160000	33.391217	0.0	13394791	351	160.0
1607415329.34	160000	34.053608	0.0	14135828	189	160.0
1607415329.7	160000	34.695001	0.0	15366126	204	160.0
1607415329.97	160000	35.426738	0.0	14248439	123	160.0
1607415330.24	160000	36.164438	0.0	13843717	114	160.0
1607415330.51	160000	36.891694	0.0	14665119	118	160.0
1607415330.87	160000	37.530511	0.0	21079187	169	160.0
1607415331.31	160000	38.089877	0.0	25480074	234	160.0
1607415331.73	160000	38.675146	0.0	23021754	212	160.0
1607415332.23	160000	39.179451	0.0	27527834	276	160.0
1607415332.72	160000	39.690939	0.0	26155848	263	160.0
1607415333.08	160000	40.331106	0.0	17849379	194	160.0
1607415333.43	160000	40.982386	0.0	16546531	180	160.0
1607415333.79	160000	41.61563	0.0	17718949	195	160.0
1607415334.18	160000	42.234291	0.0	17337137	214	160.0
1607415334.61	160000	42.806706	0.0	20008245	243	160.0
1607415335.62	160000	42.788861	0.0	58430914	634	160.0
1607415335.97	160000	43.440386	0.0	16292703	182	160.0
1607415336.54	160000	43.874284	0.0	25587422	356	160.0
1607415337.6	160000	43.811497	0.0	23982306	863	160.0
1607415338.87	160000	43.544484	0.0	13347845	1123	160.0
1607415339.17	160000	44.244145	0.0	14337991	150	160.0
1607415339.48	160000	44.94346	0.0	14584990	152	160.0
1607415339.77	160000	45.654591	0.0	13962401	145	160.0
1607415340.02	160000	46.396731	0.0	14393788	109	160.0
1607415340.29	160000	47.138166	0.0	14649457	105	160.0
1607415340.52	160000	47.898816	0.0	13409715	96	160.0
1607415340.77	160000	48.655636	0.0	13909605	99	160.0
1607415341.0	160000	49.421795	0.0	13301968	93	160.0
1607415341.32	160000	50.110026	0.0	19025846	134	160.0
1607415341.63	160000	50.799857	0.0	19295426	135	160.0
1607415341.93	160000	51.499017	0.0	18261873	129	160.0
1607415342.28	160000	52.152503	0.0	19847604	150	160.0
1607415342.6	160000	52.826921	0.0	18767181	142	160.0
1607415342.97	160000	53.464269	0.0	22420858	169	160.0
1607415343.37	160000	54.0622	0.0	19324333	203	160.0
1607415343.77	160000	54.663469	0.0	20392234	212	160.0
1607415343.97	160000	55.467485	0.0	7671072	80	160.0
1607415344.33	160000	56.101301	0.0	17781906	189	160.0
1607415344.61	160000	56.829507	0.0	12839336	131	160.0
1607415344.85	160000	57.588073	0.0	10779770	110	160.0
1607415345.12	160000	58.320099	0.0	14606687	121	160.0
1607415345.77	160000	58.665304	0.0	41866951	346	160.0
1607415346.37	160000	59.06675	0.0	37238410	302	160.0
1607415346.64	160000	59.80323	0.0	14347759	115	160.0
1607415347.86	160000	59.617662	0.0	11399187	92	160.0
1607415348.6	160000	59.868668	0.0	10358641	106	160.0
1607415349.9	160000	59.619683	0.0	14315696	145	160.0
1607415350.8	160000	59.870639	0.0	23283631	201	160.0
1607415351.93	160000	59.621695	0.0	37521367	346	160.0
1607415352.89	160000	59.622582	0.0	22241104	258	160.0
1607415354.3	160000	59.151611	0.0	15813346	1245	160.0
1607415355.21	160000	59.241068	0.0	17116450	752	160.0
1607415355.73	160000	59.721238	0.0	18867054	346	160.0
1607415356.66	160000	59.876668	0.0	17393609	271	160.0
1607415357.69	160000	59.877684	0.0	24759401	326	160.0
1607415358.73	160000	59.878704	0.0	25782433	327	160.0
1607415359.75	160000	59.879659	0.0	25885372	299	160.0
1607415360.82	160000	59.630683	0.0	26242011	355	160.0
1607415361.83	160000	59.631694	0.0	23865378	289	160.0
1607415362.81	160000	59.882656	0.0	25470681	270	160.0
1607415363.84	160000	59.633666	0.0	27258768	298	160.0
1607415364.7	160000	59.884642	0.0	17853711	189	160.0
1607415366.0	160000	59.635683	0.0	14829893	147	160.0
1607415366.59	160000	59.871679	0.0	27779697	363	160.0
1607415367.67	160000	59.887604	0.0	27714923	362	160.0
1607415368.76	160000	59.888592	0.0	25946474	362	160.0
1607415369.69	160000	59.889604	0.0	19596259	239	160.0
1607415370.69	160000	59.890653	0.0	23774167	293	160.0
1607415371.62	160000	59.891625	0.0	19373656	245	160.0
1607415372.64	160000	59.892668	0.0	23977420	322	160.0
1607415373.64	160000	59.893687	0.0	24493733	299	160.0
1607415374.99	160000	59.644682	0.0	14528511	199	160.0
1607415375.83	160000	59.645686	0.0	16841176	168	160.0
1607415376.66	160000	59.896683	0.0	16743604	166	160.0
1607415377.98	160000	59.647665	0.0	17975224	150	160.0
1607415378.86	160000	59.648694	0.0	22329548	192	160.0
1607415379.65	160000	59.899689	0.0	16001583	131	160.0
1607415380.98	160000	59.65066	0.0	18238584	151	160.0
1607415381.87	160000	59.651683	0.0	21308824	197	160.0
1607415382.7	160000	59.902608	0.0	17749058	161	160.0
1607415383.6	160000	59.903681	0.0	14127787	261	160.0
1607415384.93	160000	59.654687	0.0	17525699	645	160.0
1607415385.74	160000	59.905615	0.0	14240042	168	160.0
1607415387.04	160000	59.656645	0.0	20324139	120	160.0
1607415387.88	160000	59.657681	0.0	21993033	149	160.0
1607415388.69	160000	59.908665	0.0	18863108	127	160.0
1607415389.98	160000	59.659681	0.0	15964734	124	160.0
1607415390.66	160000	59.910632	0.0	8284939	57	160.0
1607415391.83	160000	59.661678	0.0	9004706	49	160.0
1607415392.98	160000	59.662686	0.0	6955279	40	160.0
1607415393.67	160000	59.913626	0.0	10701639	56	160.0
1607415394.85	160000	59.664644	0.0	9459459	48	160.0
1607415395.96	160000	59.665615	0.0	3212828	19	160.0
1607415397.06	160000	59.666626	0.0	2509989	14	160.0
1607415397.64	160000	59.917653	0.0	2004927	12	160.0
1607415398.69	160000	59.918621	0.0	591360	3	160.0
1607415400.27	160000	59.853433	0.0	2394426	28	160.0
1607415400.67	40000	1.000999	0.039	336477	3	-6.240000000000002
1607415400.97	20000	2.001999	0.0	11007815	111	0.0
1607415401.2	20000	2.819563	0.0	8849724	90	20.0
1607415401.32	20000	3.697207	0.0	3191121	27	20.0
1607415401.52	60000	4.493698	0.0	8954217	73	20.0
1607415401.96	160000	5.063607	0.0	20946809	173	60.0
1607415402.2	160000	5.823998	0.0	11895609	98	160.0
1607415402.36	160000	6.661196	0.0	7597636	49	160.0
1607415403.31	160000	6.775166	0.0	56067905	364	160.0
1607415403.73	110000	7.350892	0.0	28884539	183	60.0
1607415404.13	110000	7.964202	0.0	26873304	170	110.0
1607415404.75	110000	8.338483	0.0	33588177	366	110.0
1607415405.74	160000	8.361558	0.0	50637608	639	110.0
1607415406.2	160000	8.908587	0.0	19559369	267	160.0
1607415407.48	160000	8.623013	0.0	22224402	1093	160.0
1607415408.74	110000	8.366506	0.0	13101938	1112	60.0
1607415409.25	110000	8.860089	0.0	5268213	400	110.0
1607415410.21	110000	8.902863	0.0	9838179	829	110.0
1607415410.97	110000	9.139308	0.0	6126794	652	110.0
1607415412.1	40000	9.012885	0.0	11199212	987	-30.0
1607415412.93	40000	9.178323	0.0	8376884	710	40.0
1607415414.45	110000	8.661695	0.0	14817542	1363	40.0
1607415415.98	110000	8.130055	0.0	17002609	1365	110.0
1607415417.51	110000	7.604337	0.0	19316039	1353	110.0
1607415418.66	110000	7.451853	0.0	13919609	998	110.0
1607415419.57	110000	7.541901	0.0	11073078	774	110.0
1607415423.44	110000	4.680377	0.0	44076779	3551	110.0
1607415424.8	110000	4.321674	0.0	49215857	1024	110.0
1607415425.22	160000	4.902528	0.0	15251076	259	110.0
1607415425.66	160000	5.463863	0.0	16574034	274	160.0
