1607471098.63	40000	1.000999	0.014	334476	3	-2.240000000000002
1607471099.08	160000	1.844316	0.0	14912671	295	40.0
1607471099.79	160000	2.225562	0.0	24265636	510	160.0
1607471101.43	60000	1.661643	0.0	13063186	1548	-40.0
1607471101.99	160000	2.130392	0.0	19639705	430	60.0
1607471102.35	160000	2.80066	0.0	20946809	232	160.0
1607471102.55	160000	3.596333	0.0	11895609	132	160.0
1607471102.69	160000	4.464057	0.0	7597636	83	160.0
1607471103.51	160000	4.664279	0.0	56067905	353	160.0
1607471104.08	160000	5.096034	0.0	45444680	321	160.0
1607471104.86	160000	5.322726	0.0	54798068	458	160.0
1607471105.84	160000	5.336962	0.0	69464107	519	160.0
1607471106.45	160000	5.728736	0.0	50637608	336	160.0
1607471106.7	160000	6.477166	0.0	19559369	122	160.0
1607471106.99	160000	7.188629	0.0	22224402	152	160.0
1607471107.28	160000	7.899925	0.0	22578365	150	160.0
1607471107.42	160000	8.766167	0.0	8346702	80	160.0
1607471107.63	160000	9.559055	0.0	15775481	112	160.0
1607471107.76	160000	10.430358	0.0	9163235	63	160.0
1607471108.28	160000	10.910791	0.0	41307095	276	160.0
1607471108.66	160000	11.532198	0.0	28763893	194	160.0
1607471108.92	160000	12.27048	0.0	21266416	140	160.0
1607471109.23	160000	12.962011	0.0	23702229	159	160.0
1607471109.57	160000	13.617262	0.0	27580394	185	160.0
1607471109.85	160000	14.341698	0.0	20329780	135	160.0
1607471110.1	160000	15.095049	0.0	16109183	143	160.0
1607471110.98	160000	15.240463	0.0	58830800	530	160.0
1607471111.77	160000	15.507744	0.0	66935122	406	160.0
1607471111.95	160000	16.329396	0.0	15251076	86	160.0
1607471112.14	160000	17.135831	0.0	16574034	94	160.0
1607471112.3	160000	17.981372	0.0	13009028	74	160.0
1607471112.45	160000	18.8343	0.0	12791674	76	160.0
1607471112.58	160000	19.700129	0.0	11137898	69	160.0
1607471112.72	160000	20.567452	0.0	11485310	65	160.0
1607471112.86	160000	21.420539	0.0	12428518	75	160.0
1607471113.0	160000	22.291713	0.0	9963766	64	160.0
1607471113.15	160000	23.140814	0.0	12189364	77	160.0
1607471113.27	160000	24.01415	0.0	10142396	65	160.0
1607471113.4	160000	24.890497	0.0	10185488	64	160.0
1607471113.57	160000	25.722113	0.0	14061455	88	160.0
1607471113.81	160000	26.478857	0.0	20074099	126	160.0
1607471114.47	160000	26.82597	0.0	46115254	384	160.0
1607471115.05	160000	27.240593	0.0	40906522	341	160.0
1607471115.18	160000	28.113044	0.0	7891151	72	160.0
1607471115.49	160000	28.802163	0.0	21012466	194	160.0
1607471115.84	160000	29.453094	0.0	23519424	217	160.0
1607471116.13	160000	30.165765	0.0	18715420	167	160.0
1607471116.39	160000	30.910823	0.0	17000816	155	160.0
1607471116.6	160000	31.694818	0.0	14448126	130	160.0
1607471116.72	160000	32.584945	0.0	6958676	64	160.0
1607471116.85	160000	33.449482	0.0	9088791	72	160.0
1607471116.95	160000	34.351329	0.0	7211881	49	160.0
1607471117.0	160000	35.303887	0.0	3063586	21	160.0
1607471117.04	160000	36.261792	0.0	2782179	19	160.0
1607471117.17	160000	37.135498	0.0	9958410	68	160.0
1607471117.32	160000	37.983923	0.0	12158708	82	160.0
1607471117.48	160000	38.830161	0.0	12300216	83	160.0
1607471117.68	160000	39.630982	0.0	15815684	107	160.0
1607471117.85	160000	40.462985	0.0	13526256	92	160.0
1607471117.99	160000	41.323013	0.0	11995130	71	160.0
1607471118.14	160000	42.168641	0.0	13394791	80	160.0
1607471118.31	160000	43.002481	0.0	14135828	84	160.0
1607471118.49	160000	43.822758	0.0	15366126	92	160.0
1607471118.66	160000	44.657027	0.0	14248439	85	160.0
1607471118.82	160000	45.494073	0.0	13843717	82	160.0
1607471119.04	160000	46.273151	0.0	14665119	133	160.0
1607471119.36	160000	46.961095	0.0	21079187	190	160.0
1607471119.74	160000	47.587423	0.0	25480074	230	160.0
1607471120.02	160000	48.301338	0.0	23021754	144	160.0
1607471120.33	160000	48.999199	0.0	27527834	148	160.0
1607471120.63	160000	49.690301	0.0	26155848	141	160.0
1607471120.83	160000	50.487563	0.0	17849379	97	160.0
1607471121.07	160000	51.254948	0.0	16546531	135	160.0
1607471121.32	160000	52.00291	0.0	17718949	144	160.0
1607471121.57	160000	52.759457	0.0	17337137	141	160.0
1607471121.85	160000	53.476106	0.0	20008245	161	160.0
1607471124.1	80000	52.224621	0.0	34025057	2049	0.0
1607471124.34	160000	52.984696	0.0	16292703	142	80.0
1607471124.72	160000	53.605317	0.0	25587422	223	160.0
1607471125.05	160000	54.281575	0.0	23982306	185	160.0
1607471125.22	160000	55.111464	0.0	13347845	89	160.0
1607471125.4	160000	55.930254	0.0	14337991	94	160.0
1607471125.58	160000	56.747879	0.0	14584990	96	160.0
1607471125.76	160000	57.570917	0.0	13962401	93	160.0
1607471125.94	160000	58.39141	0.0	14393788	92	160.0
1607471126.12	160000	59.215159	0.0	14649457	88	160.0
1607471126.78	160000	59.603417	0.0	13409715	81	160.0
1607471127.95	160000	59.604416	0.0	13909605	83	160.0
1607471128.61	160000	59.855416	0.0	13301968	83	160.0
1607471129.85	160000	59.606517	0.0	19025846	116	160.0
1607471130.73	160000	59.857438	0.0	19295426	275	160.0
1607471131.74	110000	59.608446	0.0	12316520	428	60.0
1607471133.01	160000	59.332837	0.0	19847604	1153	110.0
1607471133.76	160000	59.61042	0.0	18767181	137	160.0
1607471134.55	160000	59.86143	0.0	22420858	161	160.0
1607471135.8	160000	59.612511	0.0	19324333	136	160.0
1607471136.55	160000	59.863517	0.0	20392234	130	160.0
1607471137.65	160000	59.864441	0.0	7671072	47	160.0
1607471138.86	160000	59.615457	0.0	17781906	110	160.0
1607471139.52	160000	59.866437	0.0	12839336	79	160.0
1607471140.64	160000	59.867402	0.0	10779770	59	160.0
1607471141.78	110000	59.618418	0.0	9761239	69	60.0
1607471143.72	80000	58.637694	0.0	22955881	1799	50.0
1607471144.31	160000	59.039565	0.0	37238410	396	80.0
1607471144.47	160000	59.880579	0.0	14347759	76	160.0
1607471145.61	160000	59.872536	0.0	11399187	61	160.0
1607471146.74	160000	59.623387	0.0	10358641	68	160.0
1607471147.9	160000	59.624448	0.0	14315696	80	160.0
1607471148.69	160000	59.875403	0.0	23283631	146	160.0
1607471149.62	160000	59.8764	0.0	37521367	225	160.0
1607471150.92	160000	59.627528	0.0	22241104	165	160.0
1607471151.63	160000	59.878427	0.0	15813346	106	160.0
1607471152.85	160000	59.629403	0.0	17116450	115	160.0
1607471153.61	160000	59.880434	0.0	18867054	138	160.0
1607471154.83	160000	59.631465	0.0	17393609	117	160.0
1607471155.64	160000	59.882437	0.0	24759401	169	160.0
1607471156.95	160000	59.633531	0.0	25782433	161	160.0
1607471157.75	160000	59.634459	0.0	25885372	161	160.0
1607471158.57	160000	59.885403	0.0	26242011	156	160.0
1607471159.85	160000	59.636515	0.0	23865378	139	160.0
1607471160.68	160000	59.887421	0.0	25470681	169	160.0
1607471161.51	160000	59.888482	0.0	27258768	177	160.0
1607471162.73	160000	59.889403	0.0	17853711	117	160.0
1607471163.89	160000	59.640428	0.0	14829893	77	160.0
1607471164.73	160000	59.891416	0.0	27779697	173	160.0
1607471165.56	160000	59.892409	0.0	27714923	175	160.0
1607471166.89	160000	59.643488	0.0	25946474	179	160.0
1607471167.64	160000	59.894448	0.0	19596259	122	160.0
1607471168.91	160000	59.645434	0.0	23774167	128	160.0
1607471169.64	160000	59.896449	0.0	19373656	101	160.0
1607471170.9	160000	59.647399	0.0	23977420	120	160.0
1607471171.68	160000	59.898435	0.0	24493733	131	160.0
1607471172.85	160000	59.649437	0.0	14528511	87	160.0
1607471173.55	160000	59.900494	0.0	16841176	101	160.0
1607471174.75	160000	59.651414	0.0	16743604	100	160.0
1607471175.96	160000	59.652489	0.0	17975224	100	160.0
1607471176.57	60000	59.903455	0.0	7991868	57	-40.0
1607471177.42	60000	59.966887	0.0	6409879	803	60.0
1607471178.8	160000	59.655504	0.0	18238584	774	60.0
1607471179.57	160000	59.906426	0.0	21308824	146	160.0
1607471180.78	160000	59.657472	0.0	17749058	95	160.0
1607471181.94	160000	59.658453	0.0	14127787	77	160.0
1607471182.64	160000	59.909498	0.0	17525699	98	160.0
1607471183.79	160000	59.66046	0.0	14240042	68	160.0
1607471184.52	160000	59.911507	0.0	20324139	109	160.0
1607471185.77	160000	59.66252	0.0	21993033	121	160.0
1607471186.5	160000	59.9135	0.0	18863108	112	160.0
1607471187.68	160000	59.914521	0.0	15964734	83	160.0
1607471188.78	160000	59.665493	0.0	8284939	45	160.0
1607471189.88	160000	59.666409	0.0	9004706	48	160.0
1607471190.97	160000	59.667408	0.0	6955279	36	160.0
1607471191.59	160000	59.918287	0.0	10701639	56	160.0
1607471192.7	160000	59.919399	0.0	9459459	48	160.0
1607471193.75	160000	59.670408	0.0	3212828	20	160.0
1607471194.8	160000	59.6715	0.0	2509989	20	160.0
1607471195.83	160000	59.672393	0.0	2004927	12	160.0
1607471196.85	160000	59.673519	0.0	591360	5	160.0
1607471198.39	160000	59.608168	0.0	2394426	15	160.0
1607471198.79	40000	1.000999	0.026	337339	4	-4.159999999999997
1607471199.11	160000	2.001999	0.0	14912671	158	40.0
1607471199.57	160000	2.580964	0.0	24265636	234	160.0
1607471199.9	160000	3.249083	0.0	22711544	189	160.0
1607471200.18	160000	3.971311	0.0	19639705	163	160.0
1607471200.54	160000	4.615415	0.0	20946809	235	160.0
1607471200.78	160000	5.435767	0.0	11895609	166	160.0
1607471200.94	160000	6.279769	0.0	7597636	106	160.0
1607471202.71	160000	5.619195	0.0	56067905	1277	160.0
1607471204.11	160000	5.264722	0.0	45444680	1150	160.0
1607471205.2	110000	5.175769	0.0	26873304	919	60.0
1607471206.14	20000	5.236489	0.0	5571764	893	-70.0
1607471207.63	20000	4.751727	0.0	4925652	1448	20.0
1607471208.75	110000	4.632792	0.0	10838546	1043	20.0
1607471209.35	80000	5.032744	0.0	9055732	532	50.0
1607471210.31	80000	5.077686	0.0	9337721	896	80.0
1607471210.65	80000	5.736871	0.0	3201928	312	80.0
1607471211.64	110000	5.74768	0.0	9838179	925	80.0
1607471212.19	110000	6.193805	0.0	6126794	511	110.0
1607471214.29	110000	5.097718	0.0	26576979	1931	110.0
1607471215.35	160000	5.039968	0.0	28763893	894	110.0
1607471216.35	160000	5.037362	0.0	21266416	878	160.0
1607471217.21	160000	5.181427	0.0	23702229	713	160.0
1607471217.86	160000	5.530957	0.0	27580394	490	160.0
1607471218.28	160000	6.117155	0.0	20329780	301	160.0
1607471218.62	160000	6.771895	0.0	16109183	234	160.0
1607471219.91	160000	6.484657	0.0	58830800	888	160.0
