1610812797.21	60000	1.000999	0.051	336477	28	-16.32
1610812798.57	40000	1.388198	0.395	14648397	1244	-106.4
1610812800.53	60000	1.44693	0.982	20421673	1802	-274.24
1610812801.85	80000	1.432281	0.264	17135714	1226	-24.480000000000004
1610812802.87	80000	1.436968	0.0	13114792	940	80.0
1610812803.97	80000	1.378931	0.0	11497228	1028	80.0
1610812804.13	80000	2.222592	0.0	6232523	112	80.0
1610812804.26	80000	3.090442	0.0	5425476	94	80.0
1610812805.03	80000	3.327756	0.0	29583867	517	80.0
1610812805.63	110000	3.728257	0.0	28884539	423	80.0
1610812806.17	110000	4.183175	0.0	26873304	390	110.0
1610812808.39	320000	2.967596	0.0	90475604	1201	110.0
1610812810.11	320000	2.249804	0.0	94557637	1143	320.0
1610812811.0	320000	2.489247	0.0	48403531	572	320.0
1610812812.58	320000	2.227267	0.0	63326685	1191	320.0
1610812813.65	320000	2.248794	0.0	66782145	671	320.0
1610812813.83	320000	3.063181	0.0	13212243	106	320.0
1610812814.23	320000	3.666186	0.0	29387773	233	320.0
1610812814.46	320000	4.434401	0.0	17336677	127	320.0
1610812816.32	320000	3.709227	0.0	126296507	917	320.0
1610812817.83	320000	3.195073	0.0	96707447	971	320.0
1610812818.93	320000	3.099056	0.0	72904162	657	320.0
1610812820.05	320000	3.350213	0.0	66993756	674	320.0
1610812821.45	320000	3.195539	0.0	92389329	812	320.0
1610812822.64	320000	3.041343	0.0	70549633	743	320.0
1610812823.6	320000	3.087543	0.0	50094571	676	320.0
1610812825.87	320000	2.114535	0.0	124391138	1517	320.0
1610812840.52	320000	1.14502	12.47	139539685	13704	-3670.4
1610812841.19	80000	1.818653	0.0	7180834	607	-160.0
1610812841.78	80000	2.449825	0.0	7801969	534	80.0
1610812842.27	80000	3.005147	0.0	6381056	437	80.0
1610812842.78	80000	3.499919	0.0	6393963	459	80.0
1610812843.22	80000	4.058171	0.0	5578363	402	80.0
1610812843.67	80000	4.609885	0.0	5739662	409	80.0
1610812847.26	110000	2.020889	0.0	8433079	3530	80.0
1610812847.33	40000	2.956622	0.0	2659767	36	-30.0
1610812847.4	40000	3.884467	0.0	3460653	44	40.0
1610812847.45	40000	4.831925	0.0	2382623	30	40.0
1610812847.5	40000	5.783484	0.0	2243677	27	40.0
1610812847.57	40000	6.713405	0.0	3408862	42	40.0
1610812847.94	160000	7.345976	0.0	20074099	244	40.0
1610812848.78	160000	7.508656	0.0	46115254	581	160.0
1610812850.14	320000	7.151435	0.0	75539257	943	160.0
1610812850.47	320000	7.818225	0.0	16577177	235	320.0
1610812851.37	320000	7.917146	0.0	39814357	670	320.0
1610812854.16	320000	6.137304	0.0	50277186	2486	320.0
1610812854.66	160000	6.639054	0.0	18715420	379	0.0
1610812855.08	160000	7.211602	0.0	17000816	323	160.0
1610812855.44	160000	7.854938	0.0	14448126	268	160.0
1610812855.62	160000	8.676105	0.0	6958676	127	160.0
1610812855.84	160000	9.457436	0.0	9088791	159	160.0
1610812856.24	320000	10.056537	0.0	16458609	291	160.0
1610812856.74	320000	10.56012	0.0	8700077	437	320.0
1610812856.95	160000	11.346732	0.0	2782179	185	0.0
1610812857.45	160000	11.848015	0.0	9958410	440	160.0
1610812857.76	160000	12.539735	0.0	12158708	235	160.0
1610812858.09	160000	13.21439	0.0	12300216	236	160.0
1610812858.52	160000	13.787569	0.0	15815684	323	160.0
1610812858.92	160000	14.389855	0.0	13526256	315	160.0
1610812859.27	160000	15.035455	0.0	11995130	280	160.0
1610812860.13	320000	15.174879	0.0	30799251	677	160.0
1610812860.82	320000	15.490018	0.0	29900862	503	320.0
1610812861.49	320000	15.820467	0.0	32431711	480	320.0
1610812862.24	320000	16.067819	0.0	32680833	569	320.0
1610812863.12	320000	16.195878	0.0	30468229	704	320.0
1610812863.94	320000	16.371013	0.0	31594806	654	320.0
1610812865.08	320000	16.23828	0.0	43158259	901	320.0
1610812866.57	320000	15.74787	0.0	53696400	1208	320.0
1610812868.02	320000	15.293239	0.0	49804325	1187	320.0
1610812869.74	320000	14.581468	0.0	56230532	1417	320.0
1610812871.42	320000	13.89436	0.0	54033728	1380	320.0
1610812872.8	320000	13.523624	0.0	40265492	1141	320.0
1610812873.25	160000	14.069241	0.0	16546531	346	0.0
1610812873.77	160000	14.551535	0.0	17718949	411	160.0
1610812874.31	160000	15.012554	0.0	17337137	436	160.0
1610812875.0	160000	15.326541	0.0	20008245	564	160.0
1610812876.95	160000	14.370607	0.0	58430914	1639	160.0
1610812877.45	160000	14.877857	0.0	16292703	392	160.0
1610812878.37	160000	14.960085	0.0	25587422	772	160.0
1610812879.13	160000	15.197986	0.0	23982306	626	160.0
1610812879.55	160000	15.774745	0.0	13347845	344	160.0
1610812880.03	160000	16.307094	0.0	14337991	382	160.0
1610812880.51	160000	16.821664	0.0	14584990	389	160.0
1610812880.99	160000	17.342217	0.0	13962401	397	160.0
1610812881.48	160000	17.916718	0.0	14393788	409	160.0
1610812882.04	160000	18.422665	0.0	14649457	464	160.0
1610812882.55	160000	19.056732	0.0	13409715	423	160.0
1610812883.08	160000	19.528405	0.0	13909605	448	160.0
1610812883.58	160000	20.067503	0.0	13301968	419	160.0
1610812884.17	160000	20.592772	0.0	19025846	466	160.0
1610812884.76	160000	21.065899	0.0	19295426	462	160.0
1610812885.29	160000	21.540678	0.0	18261873	419	160.0
1610812885.98	160000	21.87373	0.0	19847604	573	160.0
1610812886.72	160000	22.133305	0.0	18767181	623	160.0
1610812887.6	160000	22.25513	0.0	22420858	750	160.0
1610812888.19	160000	22.664663	0.0	19324333	467	160.0
1610812889.27	160000	22.58407	0.0	20392234	964	160.0
1610812889.9	160000	22.957181	0.0	7671072	576	160.0
1610812890.79	160000	23.070318	0.0	17781906	780	160.0
1610812891.11	160000	23.747842	0.0	12839336	243	160.0
1610812891.38	160000	24.479056	0.0	10779770	204	160.0
1610812891.69	160000	25.167325	0.0	14606687	226	160.0
1610812892.45	160000	25.415457	0.0	41866951	504	160.0
1610812893.06	160000	25.799668	0.0	37238410	415	160.0
1610812893.52	320000	26.342899	0.0	27276036	302	160.0
1610812893.9	320000	26.966602	0.0	23233775	247	320.0
1610812894.26	320000	27.606755	0.0	21096285	230	320.0
1610812894.74	320000	28.132026	0.0	28685524	301	320.0
1610812895.39	320000	28.47461	0.0	43551422	413	320.0
1610812896.34	320000	28.525936	0.0	65057331	600	320.0
1610812896.95	320000	28.915129	0.0	41329817	360	320.0
1610812897.38	320000	29.486974	0.0	30837965	253	320.0
1610812897.85	320000	30.020199	0.0	33542198	279	320.0
1610812898.45	320000	30.426287	0.0	43188629	348	320.0
1610812899.01	320000	30.86503	0.0	38404993	332	320.0
1610812899.75	320000	31.127186	0.0	50554338	456	320.0
1610812900.52	320000	31.352507	0.0	52531967	496	320.0
1610812901.26	320000	31.621074	0.0	54618297	409	320.0
1610812901.94	320000	31.938676	0.0	54267260	389	320.0
1610812902.51	320000	32.368516	0.0	46984925	314	320.0
1610812903.15	320000	32.73345	0.0	52441959	325	320.0
1610812903.8	320000	33.083301	0.0	56222410	341	320.0
1610812904.23	320000	33.655256	0.0	37045146	211	320.0
1610812904.6	320000	34.283309	0.0	31316241	178	320.0
1610812905.2	320000	34.68675	0.0	54539886	301	320.0
1610812905.8	320000	35.082179	0.0	54290338	309	320.0
1610812906.43	320000	35.452632	0.0	50306079	318	320.0
1610812906.91	320000	35.978265	0.0	39311524	260	320.0
1610812907.49	320000	36.402474	0.0	45141551	327	320.0
1610812908.02	320000	36.873095	0.0	38678341	304	320.0
1610812908.71	320000	37.176341	0.0	48869677	409	320.0
1610812909.4	320000	37.489824	0.0	48742469	420	320.0
1610812909.86	320000	38.030275	0.0	31052651	271	320.0
1610812910.41	320000	38.488562	0.0	35159774	329	320.0
1610812910.92	320000	38.972476	0.0	34685385	309	320.0
1610812911.43	320000	39.465181	0.0	36845249	285	320.0
1610812911.99	320000	39.910342	0.0	44043502	311	320.0
1610812912.32	320000	40.576703	0.0	28911363	171	320.0
1610812912.72	320000	41.176914	0.0	31997411	182	320.0
1610812913.23	320000	41.672101	0.0	37860562	292	320.0
1610812913.69	320000	42.21351	0.0	34218681	262	320.0
1610812914.26	320000	42.637653	0.0	30315897	393	320.0
1610812914.98	320000	42.926423	0.0	38074030	494	320.0
1610812915.58	320000	43.319499	0.0	31856580	417	320.0
1610812921.06	320000	38.842413	0.0	40986530	5217	320.0
1610812921.74	60000	39.163913	0.0	8011132	619	-200.0
1610812922.06	60000	39.843777	0.0	6322575	275	60.0
1610812922.34	60000	40.566033	0.0	5529168	239	60.0
1610812922.48	60000	41.429508	0.0	2585313	111	60.0
1610812922.63	60000	42.27472	0.0	3010411	130	60.0
1610812922.98	110000	42.930001	0.0	4674535	307	60.0
1610812923.84	160000	43.101468	0.0	10701639	777	110.0
1610812924.06	110000	43.934875	0.0	6312703	168	60.0
1610812924.15	110000	44.863284	0.0	2410559	64	110.0
1610812924.22	110000	45.79085	0.0	1922862	50	110.0
1610812924.27	110000	46.744666	0.0	1128453	30	110.0
1610812924.3	110000	47.717364	0.0	517365	13	110.0
1610812924.33	80000	48.683927	0.0	577001	15	50.0
1610812924.74	60000	1.000999	0.063	336477	6	-20.159999999999997
1610812925.22	40000	2.001999	0.0	14648397	169	20.0
1610812925.65	60000	2.738741	0.0	20421673	241	40.0
1610812926.03	110000	3.353827	0.0	21016487	250	60.0
1610812926.4	160000	3.989235	0.0	19639705	231	110.0
1610812926.77	160000	4.615883	0.0	20946809	253	160.0
1610812927.0	320000	5.420954	0.0	11895609	138	160.0
1610812927.14	320000	6.278813	0.0	7597636	88	320.0
1610812928.31	320000	6.178462	0.0	56067905	643	320.0
1610812929.06	320000	6.457243	0.0	46062054	485	320.0
1610812930.16	320000	6.425456	0.0	60496562	653	320.0
1610812932.09	320000	5.496742	0.0	90475604	1153	320.0
1610812933.45	320000	5.136737	0.0	94557637	818	320.0
1610812934.16	320000	5.427884	0.0	48403531	433	320.0
1610812935.11	320000	5.481209	0.0	63326685	573	320.0
1610812936.01	320000	5.583067	0.0	66782145	474	320.0
1610812936.19	320000	6.396506	0.0	13212243	106	320.0
1610812936.6	320000	6.986901	0.0	29387773	237	320.0
1610812936.89	320000	7.789543	0.0	17336677	139	320.0
1610812938.78	320000	7.349033	0.0	126296507	965	320.0
1610812940.04	320000	7.238039	0.0	96707447	727	320.0
1610812940.96	320000	7.31391	0.0	72904162	474	320.0
1610812941.89	320000	7.475852	0.0	66993756	482	320.0
1610812943.09	320000	7.31876	0.0	92389329	668	320.0
1610812944.09	320000	7.319786	0.0	70549633	567	320.0
1610812944.8	320000	7.617644	0.0	50094571	438	320.0
1610812946.54	320000	7.26666	0.0	124391138	984	320.0
1610812948.88	320000	6.266604	0.0	139539685	1286	320.0
