1607468924.17	40000	1.000999	0.014	334476	2	-2.240000000000002
1607468924.47	160000	1.989224	0.0	14912671	131	40.0
1607468924.88	160000	2.683903	0.0	24265636	198	160.0
1607468925.22	160000	3.345697	0.0	22711544	187	160.0
1607468925.5	160000	4.061125	0.0	19639705	163	160.0
1607468925.8	160000	4.769644	0.0	20946809	173	160.0
1607468925.96	160000	5.602266	0.0	11895609	98	160.0
1607468926.09	160000	6.512081	0.0	7597636	64	160.0
1607468927.01	160000	6.728161	0.0	56067905	442	160.0
1607468927.63	160000	7.129029	0.0	45444680	374	160.0
1607468928.42	160000	7.371986	0.0	54798068	486	160.0
1607468929.57	160000	7.286527	0.0	69464107	671	160.0
1607468930.28	160000	7.574224	0.0	50637608	434	160.0
1607468930.52	160000	8.331319	0.0	19559369	124	160.0
1607468930.79	160000	9.065978	0.0	22224402	136	160.0
1607468931.05	160000	9.79964	0.0	22578365	142	160.0
1607468931.16	160000	10.699504	0.0	8346702	51	160.0
1607468931.35	160000	11.502669	0.0	15775481	95	160.0
1607468931.48	160000	12.379296	0.0	9163235	66	160.0
1607468932.01	160000	12.853069	0.0	41307095	298	160.0
1607468932.4	160000	13.460365	0.0	28763893	206	160.0
1607468932.69	160000	14.172311	0.0	21266416	163	160.0
1607468933.03	160000	14.833037	0.0	23702229	182	160.0
1607468933.41	160000	15.455924	0.0	27580394	210	160.0
1607468933.75	160000	16.113799	0.0	20329780	207	160.0
1607468934.03	160000	16.833523	0.0	16109183	172	160.0
1607468935.07	160000	16.794183	0.0	58830800	696	160.0
1607468936.2	160000	16.670917	0.0	66935122	753	160.0
1607468936.47	160000	17.400336	0.0	15251076	181	160.0
1607468936.79	160000	18.134792	0.0	16574034	213	160.0
1607468937.04	160000	18.888271	0.0	13009028	169	160.0
1607468937.29	160000	19.644812	0.0	12791674	166	160.0
1607468937.47	160000	20.463671	0.0	11137898	109	160.0
1607468937.65	160000	21.281907	0.0	11485310	113	160.0
1607468937.85	160000	22.08616	0.0	12428518	122	160.0
1607468938.01	160000	22.927382	0.0	9963766	98	160.0
1607468938.2	160000	23.738417	0.0	12189364	120	160.0
1607468938.36	160000	24.578095	0.0	10142396	100	160.0
1607468938.53	160000	25.408987	0.0	10185488	96	160.0
1607468938.75	160000	26.192213	0.0	14061455	131	160.0
1607468939.06	160000	26.882543	0.0	20074099	189	160.0
1607468939.76	160000	27.182576	0.0	46115254	445	160.0
1607468940.4	160000	27.536295	0.0	40906522	405	160.0
1607468940.55	160000	28.398355	0.0	7891151	85	160.0
1607468940.89	160000	29.053571	0.0	21012466	222	160.0
1607468941.28	160000	29.671913	0.0	23519424	248	160.0
1607468941.61	160000	30.334243	0.0	18715420	219	160.0
1607468941.92	160000	31.02573	0.0	17000816	206	160.0
1607468942.18	160000	31.764558	0.0	14448126	175	160.0
1607468942.32	160000	32.631086	0.0	6958676	84	160.0
1607468942.44	160000	33.509307	0.0	9088791	54	160.0
1607468942.54	160000	34.410948	0.0	7211881	46	160.0
1607468942.59	160000	35.364644	0.0	3063586	19	160.0
1607468942.63	160000	36.321828	0.0	2782179	18	160.0
1607468942.76	160000	37.197388	0.0	9958410	64	160.0
1607468942.9	160000	38.049894	0.0	12158708	78	160.0
1607468943.06	160000	38.8978	0.0	12300216	79	160.0
1607468943.26	160000	39.70587	0.0	15815684	101	160.0
1607468943.45	160000	40.507623	0.0	13526256	111	160.0
1607468943.66	160000	41.293814	0.0	11995130	143	160.0
1607468943.91	160000	42.048333	0.0	13394791	166	160.0
1607468944.17	160000	42.795017	0.0	14135828	167	160.0
1607468944.44	160000	43.519795	0.0	15366126	189	160.0
1607468944.72	160000	44.238212	0.0	14248439	199	160.0
1607468945.0	160000	44.964163	0.0	13843717	193	160.0
1607468945.29	160000	45.66926	0.0	14665119	204	160.0
1607468945.65	160000	46.312799	0.0	21079187	235	160.0
1607468946.08	160000	46.888304	0.0	25480074	275	160.0
1607468946.47	160000	47.497832	0.0	23021754	251	160.0
1607468946.83	160000	48.141776	0.0	27527834	201	160.0
1607468947.19	160000	48.786909	0.0	26155848	190	160.0
1607468947.42	160000	49.548447	0.0	17849379	130	160.0
1607468947.66	160000	50.311066	0.0	16546531	140	160.0
1607468947.92	160000	51.05353	0.0	17718949	149	160.0
1607468948.17	160000	51.805429	0.0	17337137	146	160.0
1607468948.45	160000	52.520074	0.0	20008245	168	160.0
1607468949.61	160000	52.364257	0.0	58430914	828	160.0
1607468949.94	160000	53.037048	0.0	16292703	227	160.0
1607468950.44	160000	53.53974	0.0	25587422	357	160.0
1607468951.02	160000	53.954022	0.0	23982306	448	160.0
1607468951.36	160000	54.622431	0.0	13347845	249	160.0
1607468951.78	160000	55.200305	0.0	14337991	337	160.0
1607468952.21	160000	55.76859	0.0	14584990	343	160.0
1607468952.63	160000	56.356754	0.0	13962401	328	160.0
1607468953.05	160000	56.937685	0.0	14393788	339	160.0
1607468953.48	160000	57.511369	0.0	14649457	339	160.0
1607468953.76	160000	58.225094	0.0	13409715	205	160.0
1607468954.05	160000	58.931065	0.0	13909605	213	160.0
1607468954.33	160000	59.654421	0.0	13301968	203	160.0
1607468955.61	160000	59.549196	0.0	19025846	158	160.0
1607468956.07	160000	59.921082	0.0	19295426	341	160.0
1607468957.5	160000	59.551218	0.0	18261873	323	160.0
1607468958.62	160000	59.366581	0.0	19847604	1005	160.0
1607468959.03	160000	59.966912	0.0	18767181	291	160.0
1607468960.5	160000	59.554175	0.0	22420858	349	160.0
1607468961.33	160000	59.805077	0.0	19324333	209	160.0
1607468962.19	160000	59.806202	0.0	20392234	242	160.0
1607468963.25	40000	59.807207	0.0	2054604	26	-80.0
1607468964.49	60000	59.503488	0.0	6591562	1195	40.0
1607468965.18	110000	59.815553	0.0	8739355	629	60.0
1607468966.06	160000	59.938018	0.0	10779770	809	110.0
1607468967.69	160000	59.561229	0.0	14606687	537	160.0
1607468968.47	160000	59.526177	0.0	41866951	568	160.0
1607468969.14	160000	59.865187	0.0	37238410	457	160.0
1607468970.41	160000	59.814213	0.0	14347759	186	160.0
1607468971.62	160000	59.56529	0.0	11399187	135	160.0
1607468972.32	160000	59.816312	0.0	10358641	138	160.0
1607468973.6	160000	59.567308	0.0	14315696	191	160.0
1607468974.01	160000	59.997625	0.0	23283631	281	160.0
1607468975.69	160000	59.569311	0.0	37521367	456	160.0
1607468976.07	160000	59.934491	0.0	22241104	262	160.0
1607468977.36	160000	59.821275	0.0	15813346	186	160.0
1607468978.17	110000	59.997888	0.0	12064050	243	60.0
1607468979.26	20000	59.823285	0.0	1730311	60	-70.0
1607468994.12	20000	45.894058	0.0	1455812	14837	20.0
1607468995.56	110000	45.451797	0.0	16960361	1338	20.0
1607468996.08	40000	45.937613	0.0	6433588	468	-30.0
1607468996.53	40000	46.482225	0.0	5638739	417	40.0
1607469004.71	20000	39.307615	0.0	2998622	8139	0.0
1607469005.9	160000	39.115555	0.0	23865378	1051	20.0
1607469007.05	160000	38.973936	0.0	25470681	999	160.0
1607469007.93	160000	39.089317	0.0	27258768	718	160.0
1607469008.25	160000	39.769783	0.0	17853711	212	160.0
1607469008.43	110000	40.590343	0.0	9918331	117	60.0
1607469008.78	110000	41.24162	0.0	19006737	225	110.0
1607469010.29	110000	40.735007	0.0	19028716	1394	110.0
1607469011.92	160000	40.10483	0.0	25946474	1484	110.0
1607469012.21	160000	40.81343	0.0	19596259	175	160.0
1607469012.56	160000	41.467954	0.0	23774167	212	160.0
1607469012.85	160000	42.182488	0.0	19373656	172	160.0
1607469013.17	160000	42.858414	0.0	23977420	186	160.0
1607469013.5	160000	43.534044	0.0	24493733	189	160.0
1607469013.69	160000	44.340877	0.0	14528511	112	160.0
1607469013.93	160000	45.10496	0.0	16841176	137	160.0
1607469014.17	160000	45.866171	0.0	16743604	139	160.0
1607469014.42	160000	46.61372	0.0	17975224	149	160.0
1607469014.75	160000	47.288775	0.0	22329548	185	160.0
1607469014.97	160000	48.069617	0.0	16001583	121	160.0
1607469015.21	160000	48.826608	0.0	18238584	139	160.0
1607469015.5	160000	49.535929	0.0	21308824	162	160.0
1607469015.74	160000	50.30025	0.0	17749058	136	160.0
1607469015.93	160000	51.114047	0.0	14127787	108	160.0
1607469016.16	160000	51.877892	0.0	17525699	135	160.0
1607469016.35	160000	52.689514	0.0	14240042	109	160.0
1607469016.63	160000	53.413405	0.0	20324139	156	160.0
1607469016.93	160000	54.113945	0.0	21993033	171	160.0
1607469017.2	160000	54.847116	0.0	18863108	150	160.0
1607469017.43	160000	55.619611	0.0	15964734	133	160.0
1607469017.55	160000	56.500695	0.0	8284939	66	160.0
1607469017.67	160000	57.374511	0.0	9004706	72	160.0
1607469017.78	160000	58.272895	0.0	6955279	56	160.0
1607469018.0	160000	59.046679	0.0	10701639	162	160.0
1607469018.2	160000	59.846331	0.0	9459459	143	160.0
1607469019.28	160000	59.863243	0.0	3212828	49	160.0
1607469020.33	160000	59.86424	0.0	2509989	23	160.0
1607469021.37	160000	59.865232	0.0	2004927	16	160.0
1607469022.39	160000	59.866227	0.0	591360	4	160.0
1607469023.94	160000	59.550976	0.0	2394426	23	160.0
1607469024.31	40000	1.000999	0.019	337339	3	-3.039999999999999
1607469024.6	160000	2.001999	0.0	14912671	133	40.0
1607469025.05	160000	2.635491	0.0	24265636	218	160.0
1607469025.42	160000	3.265469	0.0	22711544	228	160.0
1607469025.73	160000	3.954277	0.0	19639705	197	160.0
1607469026.1	160000	4.592503	0.0	20946809	239	160.0
1607469026.32	160000	5.435994	0.0	11895609	145	160.0
1607469026.46	160000	6.297038	0.0	7597636	92	160.0
1607469027.63	160000	6.202372	0.0	56067905	679	160.0
1607469028.33	160000	6.535518	0.0	45444680	452	160.0
1607469029.13	160000	6.791453	0.0	54798068	482	160.0
1607469030.15	160000	6.762696	0.0	69464107	537	160.0
1607469030.76	160000	7.168055	0.0	50637608	305	160.0
1607469031.0	160000	7.915222	0.0	19559369	125	160.0
1607469031.29	160000	8.628401	0.0	22224402	158	160.0
1607469031.58	160000	9.336889	0.0	22578365	161	160.0
1607469031.7	160000	10.225071	0.0	8346702	59	160.0
1607469031.91	160000	11.016325	0.0	15775481	112	160.0
1607469032.06	160000	11.86331	0.0	9163235	94	160.0
1607469032.72	160000	12.206549	0.0	41307095	427	160.0
1607469033.24	160000	12.689571	0.0	28763893	329	160.0
1607469033.62	160000	13.304579	0.0	21266416	261	160.0
1607469034.39	160000	13.542702	0.0	23702229	600	160.0
1607469035.44	160000	13.488928	0.0	27580394	892	160.0
1607469036.25	160000	13.681353	0.0	20329780	670	160.0
1607469036.94	160000	14.015676	0.0	16109183	589	160.0
1607469038.03	160000	13.960177	0.0	58830800	735	160.0
