1610850873.12	60000	1.000999	0.149	336477	110	-47.68
1610850873.8	40000	1.702943	0.0	14648397	467	20.0
1610850876.25	320000	1.333481	1.051	24265636	2188	-296.32
1610850877.52	320000	1.430376	0.351	22711544	1118	207.68
1610850878.6	320000	1.379665	0.0	19639705	936	320.0
1610850879.74	320000	1.288787	0.0	20946809	987	320.0
1610850880.38	320000	1.658138	0.0	11895609	529	320.0
1610850880.78	320000	2.25024	0.0	7597636	331	320.0
1610850881.27	40000	2.768995	0.0	9295618	392	-240.0
1610850881.59	40000	3.444099	0.0	5971357	251	40.0
1610850881.98	40000	4.056566	0.0	7669174	308	40.0
1610850882.52	40000	4.520723	0.0	10578989	442	40.0
1610850882.99	40000	5.045555	0.0	9449433	389	40.0
1610850885.37	320000	3.671864	0.0	48403531	1923	40.0
1610850885.61	40000	4.434883	0.0	4447520	167	-240.0
1610850885.86	40000	5.182987	0.0	4548277	166	40.0
1610850886.44	320000	5.603522	0.0	13212243	472	40.0
1610850887.68	320000	5.360305	0.0	29387773	1044	320.0
1610850888.43	320000	5.614987	0.0	17336677	603	320.0
1610850888.92	40000	6.12984	0.0	11199212	384	-240.0
1610850889.29	40000	6.759318	0.0	8376884	278	40.0
1610850889.56	40000	7.484879	0.0	6254528	199	40.0
1610850892.17	320000	5.878309	0.0	66993756	2099	40.0
1610850892.52	40000	6.532408	0.0	8054223	250	-240.0
1610850894.64	320000	5.415625	0.0	70549633	1684	40.0
1610850895.94	320000	5.109197	0.0	50094571	997	320.0
1610850897.63	40000	4.427363	0.0	18604040	1539	-240.0
1610850898.64	40000	4.414857	0.0	20723782	859	40.0
1610850900.52	320000	3.539637	0.0	44512381	1594	40.0
1610850902.39	320000	2.664908	0.0	46257154	1580	320.0
1610850903.81	320000	2.430595	0.0	34846600	1175	320.0
1610850905.39	320000	2.053438	0.0	33828007	1349	320.0
1610850907.37	320000	1.27418	0.16	30396599	1797	268.8
1610850908.66	320000	1.374455	0.395	30979822	1109	193.6
1610850909.98	320000	1.308909	0.25	33204608	1123	240.0
1610850910.93	320000	1.358868	0.0	23618590	776	320.0
1610850912.01	320000	1.332815	0.059	27475995	880	301.12
1610850913.04	320000	1.360784	0.058	26460007	848	301.44
1610850914.1	320000	1.37856	0.074	26763657	858	296.32
1610850915.5	320000	1.231406	0.25	33826873	1202	240.0
1610850918.38	320000	1.278049	1.925	41214174	2644	-296.0
1610850918.92	40000	1.740086	0.0	13308063	422	-240.0
1610850919.38	40000	2.282435	0.0	11857920	359	40.0
1610850920.02	320000	2.63531	0.0	16577177	498	40.0
1610850921.44	320000	2.220059	0.0	39814357	1164	320.0
1610850923.14	320000	1.518075	0.0	50277186	1381	320.0
1610850924.52	320000	1.320456	0.258	43375920	1076	237.44
1610850925.68	320000	1.260604	0.104	39748690	894	286.72
1610850926.6	320000	1.461566	0.095	32725949	680	289.6
1610850927.04	320000	2.025227	0.0	15673611	309	320.0
1610850927.56	320000	2.499205	0.0	20850595	372	320.0
1610850927.98	320000	3.086943	0.0	16458609	281	320.0
1610850928.21	320000	3.854648	0.0	8700077	142	320.0
1610850928.43	320000	4.635248	0.0	8292135	136	320.0
1610850928.96	320000	5.110118	0.0	22212109	359	320.0
1610850929.58	320000	5.492901	0.0	27931458	421	320.0
1610850930.16	320000	5.910195	0.0	28076035	400	320.0
1610850930.85	320000	6.217335	0.0	34615012	474	320.0
1610850931.49	320000	6.58152	0.0	31574841	424	320.0
1610850932.02	320000	7.049011	0.0	28857310	347	320.0
1610850932.59	320000	7.487366	0.0	30799251	356	320.0
1610850933.12	320000	7.957491	0.0	29900862	332	320.0
1610850933.68	320000	8.397855	0.0	32431711	352	320.0
1610850934.22	320000	8.853177	0.0	32680833	328	320.0
1610850934.72	320000	9.355922	0.0	30468229	297	320.0
1610850935.22	320000	9.853506	0.0	31594806	297	320.0
1610850935.9	320000	10.176435	0.0	43158259	400	320.0
1610850936.74	320000	10.337853	0.0	53696400	498	320.0
1610850937.53	320000	10.549539	0.0	49804325	453	320.0
1610850938.4	320000	10.689811	0.0	56230532	509	320.0
1610850939.22	320000	10.862625	0.0	54033728	488	320.0
1610850939.87	320000	11.219309	0.0	40265492	375	320.0
1610850940.48	320000	11.605583	0.0	37527577	346	320.0
1610850941.1	320000	11.988916	0.0	38354537	346	320.0
1610850941.65	320000	12.440751	0.0	33905183	291	320.0
1610850942.23	320000	12.854927	0.0	37964644	323	320.0
1610850943.89	320000	12.198783	0.0	91609209	811	320.0
1610850944.43	320000	12.657408	0.0	30861098	308	320.0
1610850945.22	320000	12.868005	0.0	53161890	453	320.0
1610850945.99	320000	13.136889	0.0	49661559	436	320.0
1610850946.42	320000	13.758704	0.0	27673254	243	320.0
1610850946.88	320000	14.367505	0.0	29061600	250	320.0
1610850947.33	320000	14.975415	0.0	29596558	253	320.0
1610850947.78	320000	15.628469	0.0	29264466	252	320.0
1610850948.25	320000	16.193848	0.0	29949400	256	320.0
1610850948.73	320000	16.789566	0.0	30225692	252	320.0
1610850949.15	320000	17.427337	0.0	27528494	225	320.0
1610850949.61	320000	17.99338	0.0	28959567	261	320.0
1610850950.06	320000	18.548752	0.0	27200869	240	320.0
1610850952.78	320000	16.879325	0.0	37091406	2471	320.0
1610850953.28	320000	17.37351	0.0	32442772	289	320.0
1610850953.86	320000	17.798021	0.0	38733768	324	320.0
1610850954.5	320000	18.157143	0.0	43207501	379	320.0
1610850955.12	320000	18.538761	0.0	39867273	344	320.0
1610850955.81	320000	18.88268	0.0	44687216	393	320.0
1610850956.39	320000	19.484251	0.0	37222510	322	320.0
1610850956.94	320000	19.979313	0.0	37697615	315	320.0
1610850957.19	320000	20.736235	0.0	13943369	130	320.0
1610850957.94	320000	20.983238	0.0	33909675	482	320.0
1610850958.34	320000	21.584433	0.0	25608467	222	320.0
1610850958.68	320000	22.247094	0.0	21666875	180	320.0
1610850959.12	320000	22.805595	0.0	29164819	246	320.0
1610850960.21	320000	22.71743	0.0	75257111	649	320.0
1610850961.26	320000	22.670954	0.0	71035332	598	320.0
1610850961.7	320000	23.234998	0.0	27276036	239	320.0
1610850962.06	320000	23.875724	0.0	23233775	186	320.0
1610850962.38	320000	24.548497	0.0	21096285	176	320.0
1610850962.8	320000	25.129203	0.0	28685524	229	320.0
1610850963.46	320000	25.477826	0.0	43551422	357	320.0
1610850964.4	320000	25.539915	0.0	65057331	552	320.0
1610850965.01	320000	25.930677	0.0	41329817	349	320.0
1610850965.48	320000	26.461454	0.0	30837965	269	320.0
1610850965.97	320000	26.965279	0.0	33542198	279	320.0
1610850966.61	320000	27.329001	0.0	43188629	371	320.0
1610850967.19	320000	27.754695	0.0	38404993	331	320.0
1610850967.99	320000	27.95748	0.0	50554338	470	320.0
1610850968.75	320000	28.188761	0.0	52531967	462	320.0
1610850969.56	320000	28.386898	0.0	54618297	472	320.0
1610850970.4	320000	28.548051	0.0	54267260	508	320.0
1610850971.11	320000	28.831929	0.0	46984925	422	320.0
1610850971.92	320000	29.02719	0.0	52441959	473	320.0
1610850972.84	320000	29.109393	0.0	56222410	557	320.0
1610850973.47	320000	29.479558	0.0	37045146	396	320.0
1610850974.01	320000	29.941029	0.0	31316241	307	320.0
1610850975.02	320000	30.101303	0.0	54539886	675	320.0
1610850976.78	320000	29.352581	0.0	54290338	1402	320.0
1610850978.35	320000	28.779595	0.0	50306079	1227	320.0
1610850983.2	320000	25.163692	0.0	39311524	4586	320.0
1610850988.43	320000	20.93762	0.0	45141551	4920	320.0
1610850991.67	320000	18.814672	0.0	38678341	2965	320.0
1610850994.96	320000	16.520221	0.0	48869677	2979	320.0
1610850997.23	320000	15.317258	0.0	48742469	1929	320.0
1610850998.37	320000	15.397314	0.0	31052651	902	320.0
1610850999.48	320000	15.408944	0.0	35159774	845	320.0
1610851001.29	320000	15.084564	0.0	34685385	1466	320.0
1610851003.29	320000	14.213259	0.0	36845249	1758	320.0
1610851004.88	320000	13.664557	0.0	44043502	1315	320.0
1610851005.92	320000	13.772545	0.0	28911363	837	320.0
1610851007.03	320000	13.96164	0.0	31997411	889	320.0
1610851008.33	320000	13.992965	0.0	37860562	1049	320.0
1610851009.53	320000	13.895458	0.0	34218681	967	320.0
1610851010.59	320000	13.829958	0.0	30315897	856	320.0
1610851014.16	320000	11.264288	0.0	38074030	3304	320.0
1610851016.83	320000	9.595263	0.0	31856580	2459	320.0
1610851020.11	320000	7.313403	0.0	40986530	3022	320.0
1610851023.67	320000	4.755469	0.0	43161948	3287	320.0
1610851026.63	320000	2.794531	0.0	39216469	2710	320.0
1610851029.81	320000	1.448363	0.571	32708889	2961	137.28
1610851031.12	320000	1.301196	0.137	16257756	1188	276.15999999999997
1610851032.53	320000	1.461285	0.57	16440860	1295	137.6
1610851033.51	320000	1.481697	0.0	12523766	876	320.0
1610851035.28	320000	1.282792	0.568	22159647	1621	138.24
1610851036.89	320000	1.337676	0.646	17516376	1479	113.28
1610851037.34	320000	1.886584	0.0	5119060	384	320.0
1610851037.69	320000	2.540162	0.0	3788776	284	320.0
1610851037.99	320000	3.236931	0.0	3041389	245	320.0
1610851038.09	320000	4.142543	0.0	640071	49	320.0
1610851038.4	320000	4.835372	0.0	3111318	250	320.0
1610851039.07	60000	1.000999	0.083	377897	43	-26.560000000000002
1610851040.34	320000	1.267486	0.251	14912671	1054	-20.319999999999993
1610851042.54	320000	1.339258	1.242	24265636	1976	-77.44
1610851044.37	320000	1.418041	0.938	22711544	1681	19.839999999999975
1610851046.07	320000	1.312075	0.569	19639705	1563	137.92
1610851047.84	320000	1.297307	0.729	20946809	1631	86.72
1610851048.9	320000	1.273682	0.031	11895609	960	310.08
1610851049.62	320000	1.555529	0.0	7597636	640	320.0
1610851050.38	40000	1.799535	0.0	9295618	631	-240.0
1610851050.86	40000	2.318901	0.0	5971357	411	40.0
1610851051.53	40000	2.647041	0.0	7669174	587	40.0
1610851052.39	40000	2.785955	0.0	10578989	760	40.0
