1610798252.76	60000	1.000999	0.015	336477	2	-4.799999999999997
1610798253.04	320000	2.001999	0.0	14912671	126	60.0
1610798253.48	320000	2.71672	0.0	24265636	205	320.0
1610798253.81	320000	3.396557	0.0	22711544	188	320.0
1610798254.09	320000	4.12095	0.0	19639705	151	320.0
1610798254.37	320000	4.842643	0.0	20946809	154	320.0
1610798254.54	320000	5.679425	0.0	11895609	90	320.0
1610798254.64	320000	6.582402	0.0	7597636	55	320.0
1610798255.52	320000	6.757276	0.0	56067905	403	320.0
1610798256.12	320000	7.182319	0.0	46062054	331	320.0
1610798256.92	320000	7.414413	0.0	60496562	384	320.0
1610798258.21	320000	7.174495	0.0	90475604	574	320.0
1610798259.3	320000	7.085536	0.0	94557637	561	320.0
1610798259.86	320000	7.520544	0.0	48403531	273	320.0
1610798260.56	320000	7.826449	0.0	63326685	320	320.0
1610798261.29	320000	8.099539	0.0	66782145	334	320.0
1610798261.45	320000	8.94209	0.0	13212243	76	320.0
1610798261.79	320000	9.597206	0.0	29387773	169	320.0
1610798262.01	320000	10.384643	0.0	17336677	101	320.0
1610798263.52	320000	9.875131	0.0	126296507	625	320.0
1610798264.62	320000	9.875505	0.0	96707447	534	320.0
1610798265.42	320000	10.211378	0.0	72904162	364	320.0
1610798266.19	320000	10.65078	0.0	66993756	339	320.0
1610798267.19	320000	10.870383	0.0	92389329	463	320.0
1610798268.0	320000	11.06285	0.0	70549633	364	320.0
1610798268.54	320000	11.524094	0.0	50094571	237	320.0
1610798269.84	320000	11.363546	0.0	124391138	596	320.0
1610798271.45	320000	10.750028	0.0	139539685	676	320.0
1610798271.95	320000	11.249347	0.0	44512381	210	320.0
1610798272.45	320000	11.751929	0.0	46257154	231	320.0
1610798272.84	320000	12.357493	0.0	34846600	174	320.0
1610798273.23	320000	12.971661	0.0	33828007	196	320.0
1610798273.56	320000	13.786208	0.0	30396599	142	320.0
1610798273.9	320000	14.599733	0.0	30979822	146	320.0
1610798274.26	320000	15.275949	0.0	33204608	155	320.0
1610798274.52	320000	16.190566	0.0	23618590	109	320.0
1610798274.82	320000	16.894919	0.0	27475995	127	320.0
1610798275.11	320000	17.732325	0.0	26460007	124	320.0
1610798275.4	320000	18.43963	0.0	26763657	128	320.0
1610798275.77	320000	19.07797	0.0	33826873	159	320.0
1610798276.22	320000	19.667073	0.0	41214174	195	320.0
1610798277.15	320000	19.734308	0.0	83204731	420	320.0
1610798278.06	320000	19.884854	0.0	75539257	443	320.0
1610798278.3	320000	20.645946	0.0	16577177	128	320.0
1610798278.84	320000	21.343303	0.0	39814357	308	320.0
1610798279.49	320000	21.748249	0.0	50277186	355	320.0
1610798280.03	320000	22.209441	0.0	43375920	285	320.0
1610798280.51	320000	22.740873	0.0	39748690	224	320.0
1610798280.89	320000	23.355766	0.0	32725949	180	320.0
1610798281.07	320000	24.175921	0.0	15673611	88	320.0
1610798281.35	320000	24.922328	0.0	20850595	137	320.0
1610798281.57	320000	25.801911	0.0	16458609	107	320.0
1610798281.69	320000	26.731703	0.0	8700077	56	320.0
1610798281.81	320000	27.704934	0.0	8292135	53	320.0
1610798282.09	320000	28.438341	0.0	22212109	142	320.0
1610798282.47	320000	29.279005	0.0	27931458	214	320.0
1610798282.86	320000	30.046125	0.0	28076035	217	320.0
1610798283.33	320000	30.727688	0.0	34615012	256	320.0
1610798283.73	320000	31.492033	0.0	31574841	201	320.0
1610798284.1	320000	32.272296	0.0	28857310	188	320.0
1610798284.52	320000	32.976977	0.0	30799251	209	320.0
1610798284.9	320000	33.686074	0.0	29900862	203	320.0
1610798285.33	320000	34.325998	0.0	32431711	243	320.0
1610798285.83	320000	35.004805	0.0	32680833	305	320.0
1610798286.28	320000	35.561622	0.0	30468229	270	320.0
1610798286.67	320000	36.233463	0.0	31594806	194	320.0
1610798287.2	320000	36.857019	0.0	43158259	265	320.0
1610798287.98	320000	37.084574	0.0	53696400	479	320.0
1610798290.12	320000	35.94494	0.0	49804325	1819	320.0
1610798301.35	320000	59.924323	0.0	14917504	180	320.0
1610798301.36	320000	59.849307	0.0	14917504	180	320.0
1610798302.33	320000	59.925211	0.0	27276036	299	320.0
1610798303.8	320000	59.610852	0.0	23233775	337	320.0
1610798304.65	320000	59.83799	0.0	21096285	222	320.0
1610798305.6	320000	59.838861	0.0	28685524	276	320.0
1610798306.74	320000	59.589864	0.0	43551422	401	320.0
1610798307.64	320000	59.66694	0.0	65057331	505	320.0
1610798308.68	320000	59.841756	0.0	41329817	301	320.0
1610798309.56	320000	59.842753	0.0	30837965	205	320.0
1610798310.94	320000	59.593644	0.0	33542198	191	320.0
1610798311.46	320000	59.858209	0.0	43188629	285	320.0
1610798312.93	320000	59.595834	0.0	38404993	266	320.0
1610798313.65	320000	59.668219	0.0	50554338	443	320.0
1610798314.57	320000	59.746333	0.0	52531967	590	320.0
1610798316.26	320000	59.062102	0.0	54618297	1382	320.0
1610798326.86	320000	59.774243	0.0	23774167	253	320.0
1610798326.87	320000	59.735146	0.0	23774167	253	320.0
1610798327.95	320000	59.775362	0.0	38678341	353	320.0
1610798328.79	320000	59.828124	0.0	48869677	552	320.0
1610798329.72	320000	59.896135	0.0	48742469	635	320.0
1610798331.21	320000	59.528356	0.0	31052651	316	320.0
1610798331.76	320000	59.857851	0.0	35159774	326	320.0
1610798333.26	320000	59.530091	0.0	34685385	310	320.0
1610798333.84	320000	59.772835	0.0	36845249	344	320.0
1610798335.02	320000	59.782297	0.0	44043502	433	320.0
1610798335.94	320000	59.783328	0.0	28911363	260	320.0
1610798336.99	320000	59.784276	0.0	31997411	349	320.0
1610798338.1	320000	59.53532	0.0	37860562	384	320.0
1610798338.65	320000	59.973308	0.0	34218681	366	320.0
1610798340.13	320000	59.537351	0.0	30315897	308	320.0
1610798340.7	320000	59.921723	0.0	38074030	367	320.0
1610798342.16	320000	59.539297	0.0	31856580	272	320.0
1610798342.87	320000	59.752159	0.0	40986530	491	320.0
1610798344.12	320000	59.541268	0.0	43161948	508	320.0
1610798344.79	320000	59.843452	0.0	39216469	428	320.0
1610798345.88	320000	59.793269	0.0	32708889	399	320.0
1610798347.19	320000	59.544108	0.0	16257756	202	320.0
1610798347.98	320000	59.795306	0.0	16440860	188	320.0
1610798348.9	320000	59.731296	0.0	12523766	845	320.0
