1610778542.01	60000	1.000999	0.013	336477	2	-4.159999999999997
1610778542.32	320000	1.971381	0.0	14912671	98	60.0
1610778542.72	320000	2.674627	0.0	24265636	160	320.0
1610778543.02	320000	3.373448	0.0	22711544	148	320.0
1610778543.27	320000	4.121013	0.0	19639705	129	320.0
1610778543.55	320000	4.847497	0.0	20946809	137	320.0
1610778543.7	320000	5.693779	0.0	11895609	79	320.0
1610778543.8	320000	6.596162	0.0	7597636	50	320.0
1610778544.64	320000	6.93608	0.0	56067905	330	320.0
1610778545.17	320000	7.407385	0.0	46062054	266	320.0
1610778545.93	320000	7.741946	0.0	60496562	334	320.0
1610778547.2	320000	7.551555	0.0	90475604	558	320.0
1610778548.38	320000	7.39241	0.0	94557637	632	320.0
1610778548.97	320000	7.793211	0.0	48403531	307	320.0
1610778549.68	320000	8.075272	0.0	63326685	340	320.0
1610778550.51	320000	8.254379	0.0	66782145	427	320.0
1610778550.69	320000	9.07565	0.0	13212243	91	320.0
1610778551.09	320000	9.676801	0.0	29387773	228	320.0
1610778551.36	320000	10.401657	0.0	17336677	166	320.0
1610778553.36	320000	9.404648	0.0	126296507	1073	320.0
1610778554.82	320000	9.164896	0.0	96707447	845	320.0
1610778557.27	320000	8.064239	0.0	72904162	2024	320.0
1610778559.14	320000	7.249798	0.0	66993756	1404	320.0
1610778563.04	320000	4.611764	0.0	92389329	3326	320.0
1610778569.94	320000	1.436765	2.276	70549633	6544	-408.32000000000005
1610778571.83	320000	1.389373	0.805	50094571	1659	62.39999999999998
1610778572.29	40000	1.929584	0.0	18604040	324	-240.0
1610778572.78	40000	2.442569	0.0	20723782	355	40.0
1610778573.77	320000	2.455624	0.0	44512381	738	40.0
1610778574.76	320000	2.467838	0.0	46257154	728	320.0
1610778575.51	320000	2.809625	0.0	34846600	537	320.0
1610778576.23	320000	3.243893	0.0	33828007	508	320.0
1610778576.79	320000	3.840739	0.0	30396599	382	320.0
1610778577.36	320000	4.279216	0.0	30979822	373	320.0
1610778577.93	320000	4.827141	0.0	33204608	383	320.0
1610778578.31	320000	5.44457	0.0	23618590	244	320.0
1610778578.75	320000	6.00753	0.0	27475995	277	320.0
1610778579.17	320000	6.58822	0.0	26460007	267	320.0
1610778579.59	320000	7.168694	0.0	26763657	267	320.0
1610778580.12	320000	7.638342	0.0	33826873	338	320.0
1610778580.74	320000	8.018667	0.0	41214174	376	320.0
1610778582.12	320000	7.641571	0.0	83204731	876	320.0
1610778583.26	320000	7.508376	0.0	75539257	665	320.0
1610778583.5	320000	8.260375	0.0	16577177	147	320.0
1610778584.08	320000	8.693751	0.0	39814357	349	320.0
1610778584.84	320000	8.936466	0.0	50277186	447	320.0
1610778585.51	320000	9.26299	0.0	43375920	413	320.0
1610778586.14	320000	9.628228	0.0	39748690	392	320.0
1610778586.66	320000	10.111736	0.0	32725949	316	320.0
1610778586.91	320000	10.866059	0.0	15673611	151	320.0
1610778587.22	320000	11.551077	0.0	20850595	187	320.0
1610778587.45	320000	12.319953	0.0	16458609	129	320.0
1610778587.58	320000	13.190997	0.0	8700077	69	320.0
1610778587.71	320000	14.067512	0.0	8292135	66	320.0
1610778588.01	320000	14.761282	0.0	22212109	175	320.0
1610778588.87	320000	14.942828	0.0	27931458	672	320.0
1610778590.6	320000	14.303811	0.0	28076035	1562	320.0
1610778592.12	320000	13.781638	0.0	34615012	1329	320.0
1610778592.71	320000	14.197758	0.0	31574841	400	320.0
1610778593.27	320000	14.635172	0.0	28857310	364	320.0
1610778593.88	320000	15.026405	0.0	30799251	435	320.0
1610778594.45	320000	15.531379	0.0	29900862	395	320.0
1610778595.08	320000	15.940877	0.0	32431711	420	320.0
1610778595.73	320000	16.290558	0.0	32680833	441	320.0
1610778596.33	320000	16.696885	0.0	30468229	410	320.0
1610778596.94	320000	17.081903	0.0	31594806	416	320.0
1610778597.79	320000	17.226849	0.0	43158259	607	320.0
1610778598.95	320000	17.070308	0.0	53696400	836	320.0
1610778599.95	320000	17.07272	0.0	49804325	715	320.0
1610778600.93	320000	17.088553	0.0	56230532	639	320.0
1610778601.81	320000	17.216404	0.0	54033728	587	320.0
1610778602.49	320000	17.530395	0.0	40265492	424	320.0
1610778603.08	320000	17.940571	0.0	37527577	369	320.0
1610778603.67	320000	18.353398	0.0	38354537	362	320.0
1610778604.22	320000	18.803357	0.0	33905183	319	320.0
1610778604.88	320000	19.145228	0.0	37964644	447	320.0
1610778606.26	320000	18.772816	0.0	91609209	826	320.0
1610778606.68	320000	19.348414	0.0	30861098	237	320.0
1610778607.39	320000	19.63734	0.0	53161890	407	320.0
1610778608.01	320000	20.02039	0.0	49661559	342	320.0
1610778608.36	320000	20.676277	0.0	27673254	185	320.0
1610778608.7	320000	21.331857	0.0	29061600	171	320.0
1610778609.04	320000	21.99243	0.0	29596558	176	320.0
1610778609.39	320000	22.645496	0.0	29264466	172	320.0
1610778609.76	320000	23.288851	0.0	29949400	179	320.0
1610778610.13	320000	23.90738	0.0	30225692	180	320.0
1610778610.45	320000	24.59075	0.0	27528494	162	320.0
1610778610.8	320000	25.242926	0.0	28959567	170	320.0
1610778611.12	320000	25.923465	0.0	27200869	160	320.0
1610778611.59	320000	26.454385	0.0	37091406	226	320.0
1610778611.97	320000	27.071116	0.0	32442772	201	320.0
1610778612.44	320000	27.608288	0.0	38733768	239	320.0
1610778612.97	320000	28.080089	0.0	43207501	266	320.0
1610778613.44	320000	28.609999	0.0	39867273	245	320.0
1610778613.96	320000	29.088769	0.0	44687216	278	320.0
1610778614.42	320000	29.6273	0.0	37222510	235	320.0
1610778614.88	320000	30.19716	0.0	37697615	234	320.0
1610778615.06	320000	31.019932	0.0	13943369	86	320.0
1610778615.49	320000	31.637157	0.0	33909675	232	320.0
1610778615.87	320000	32.345398	0.0	25608467	212	320.0
1610778616.17	320000	33.099349	0.0	21666875	179	320.0
1610778616.65	320000	33.689134	0.0	29164819	294	320.0
1610778619.36	320000	32.196781	0.0	75257111	2245	320.0
1610778622.96	320000	29.593642	0.0	71035332	3134	320.0
1610778623.58	320000	29.970462	0.0	27276036	462	320.0
1610778624.38	320000	30.175647	0.0	23233775	652	320.0
1610778624.88	320000	30.783313	0.0	21096285	358	320.0
1610778625.54	320000	31.250525	0.0	28685524	479	320.0
1610778626.48	320000	31.308751	0.0	43551422	679	320.0
1610778628.01	320000	30.779147	0.0	65057331	1115	320.0
1610778628.89	320000	30.89999	0.0	41329817	647	320.0
1610778629.52	320000	31.272829	0.0	30837965	456	320.0
1610778630.3	320000	31.493372	0.0	33542198	571	320.0
1610778631.07	320000	31.724595	0.0	43188629	521	320.0
1610778631.79	320000	32.005129	0.0	38404993	486	320.0
1610778632.75	320000	32.041746	0.0	50554338	666	320.0
1610778633.73	320000	32.067877	0.0	52531967	682	320.0
1610778634.83	320000	31.971003	0.0	54618297	748	320.0
1610778635.85	320000	31.944235	0.0	54267260	723	320.0
1610778636.8	320000	31.998567	0.0	46984925	649	320.0
1610778637.85	320000	31.946038	0.0	52441959	744	320.0
1610778639.0	320000	31.796721	0.0	56222410	803	320.0
1610778639.68	320000	32.117266	0.0	37045146	464	320.0
1610778640.31	320000	32.489706	0.0	31316241	441	320.0
1610778641.49	320000	32.311104	0.0	54539886	859	320.0
1610778642.69	320000	32.112204	0.0	54290338	900	320.0
1610778643.64	320000	32.245153	0.0	50306079	644	320.0
1610778644.4	320000	32.582579	0.0	39311524	527	320.0
1610778645.29	320000	32.693182	0.0	45141551	634	320.0
1610778646.11	320000	32.867917	0.0	38678341	604	320.0
1610778647.22	320000	32.756426	0.0	48869677	831	320.0
1610778648.29	320000	32.690778	0.0	48742469	797	320.0
1610778648.98	320000	33.007555	0.0	31052651	507	320.0
1610778649.76	320000	33.225206	0.0	35159774	570	320.0
1610778650.48	320000	33.501403	0.0	34685385	533	320.0
1610778651.3	320000	33.943868	0.0	36845249	602	320.0
1610778652.18	320000	34.074505	0.0	44043502	619	320.0
1610778652.75	320000	34.493987	0.0	28911363	408	320.0
1610778653.44	320000	34.867319	0.0	31997411	494	320.0
1610778654.51	320000	34.800374	0.0	37860562	833	320.0
1610778655.24	320000	35.068659	0.0	34218681	527	320.0
1610778655.87	320000	35.438782	0.0	30315897	453	320.0
1610778656.68	320000	35.633968	0.0	38074030	559	320.0
1610778657.29	320000	36.02408	0.0	31856580	427	320.0
1610778658.12	320000	36.19262	0.0	40986530	588	320.0
1610778659.07	320000	36.390047	0.0	43161948	665	320.0
1610778659.93	320000	36.575768	0.0	39216469	601	320.0
1610778660.57	320000	36.935952	0.0	32708889	452	320.0
1610778660.96	320000	37.545607	0.0	16257756	284	320.0
1610778661.35	320000	38.153767	0.0	16440860	282	320.0
1610778661.63	320000	38.87238	0.0	12523766	205	320.0
1610778662.11	320000	39.400352	0.0	22159647	334	320.0
1610778662.49	320000	40.018705	0.0	17516376	265	320.0
1610778662.65	320000	40.858943	0.0	5119060	120	320.0
1610778662.77	320000	41.735295	0.0	3788776	91	320.0
1610778662.88	320000	42.633234	0.0	3041389	74	320.0
1610778662.91	320000	43.601145	0.0	640071	14	320.0
1610778663.01	320000	44.498803	0.0	3111318	75	320.0
1610778663.45	60000	1.000999	0.143	377897	9	-45.76
1610778663.95	320000	2.001999	0.0	14912671	340	60.0
1610778664.71	320000	2.24943	0.0	24265636	548	320.0
1610778665.13	320000	2.831045	0.0	22711544	280	320.0
1610778665.51	320000	3.487609	0.0	19639705	241	320.0
1610778665.96	320000	4.074182	0.0	20946809	326	320.0
1610778666.22	320000	4.855332	0.0	11895609	186	320.0
1610778666.4	320000	5.683097	0.0	7597636	119	320.0
1610778667.67	320000	5.459802	0.0	56067905	716	320.0
1610778668.51	320000	5.67104	0.0	46062054	571	320.0
1610778669.7	320000	5.478706	0.0	60496562	847	320.0
1610778671.57	320000	4.616489	0.0	90475604	1104	320.0
1610778673.59	320000	3.597808	0.0	94557637	1452	320.0
1610778675.93	320000	2.421178	0.0	48403531	2060	320.0
1610778677.33	320000	2.326359	0.0	63326685	1009	320.0
1610778678.92	320000	1.811014	0.0	66782145	1186	320.0
1610778679.21	320000	2.525067	0.0	13212243	204	320.0
1610778679.86	320000	2.873776	0.0	29387773	460	320.0
1610778680.27	320000	3.48084	0.0	17336677	294	320.0
1610778683.53	320000	1.316939	0.0	126296507	2263	320.0
1610778685.41	320000	1.329081	0.673	96707447	1334	104.63999999999999
1610778686.98	320000	1.245598	0.209	72904162	1112	253.12
1610778688.45	320000	1.45042	0.669	66993756	1157	105.91999999999999
1610778702.39	320000	1.334424	12.871	92389329	13476	-3798.7200000000003
1610778704.35	320000	1.273252	0.92	70549633	1571	25.600000000000023
1610778705.3	320000	1.412037	0.044	50094571	674	305.92
1610778707.6	320000	1.156738	1.044	124391138	1643	-14.079999999999984
1610778710.1	320000	1.484036	1.615	139539685	1834	-196.79999999999995
