1607414576.39	40000	1.000999	0.046	334476	6	-7.359999999999999
1607414576.77	160000	1.912523	0.0	14912671	129	40.0
1607414576.98	20000	2.765695	0.0	8849724	77	-120.0
1607414577.1	20000	3.659637	0.0	3191121	27	20.0
1607414577.5	160000	4.268292	0.0	19639705	182	20.0
1607414577.89	160000	4.874637	0.0	20946809	194	160.0
1607414578.15	160000	5.619871	0.0	11895609	115	160.0
1607414578.36	160000	6.434227	0.0	7597636	88	160.0
1607414579.05	80000	6.764821	0.0	29583867	363	0.0
1607414579.39	80000	7.425809	0.0	15816325	165	80.0
1607414579.71	80000	8.113164	0.0	15275967	162	80.0
1607414580.32	110000	8.50466	0.0	33588177	353	80.0
1607414581.22	160000	8.621551	0.0	50637608	438	110.0
1607414581.6	160000	9.242219	0.0	19559369	189	160.0
1607414582.01	160000	9.836373	0.0	22224402	214	160.0
1607414582.45	160000	10.410372	0.0	22578365	223	160.0
1607414582.66	160000	11.188417	0.0	8346702	85	160.0
1607414582.98	160000	11.862958	0.0	15775481	156	160.0
1607414583.2	160000	12.646531	0.0	9163235	93	160.0
1607414583.91	160000	12.94132	0.0	41307095	418	160.0
1607414584.43	160000	13.4203	0.0	28763893	287	160.0
1607414584.84	160000	14.012172	0.0	21266416	204	160.0
1607414585.27	160000	14.576844	0.0	23702229	228	160.0
1607414585.76	160000	15.08969	0.0	27580394	263	160.0
1607414586.14	160000	15.71331	0.0	20329780	190	160.0
1607414586.45	160000	16.402904	0.0	16109183	147	160.0
1607414587.46	160000	16.391105	0.0	58830800	532	160.0
1607414588.64	160000	16.219484	0.0	66935122	738	160.0
1607414588.98	160000	16.878388	0.0	15251076	186	160.0
1607414589.35	160000	17.510736	0.0	16574034	199	160.0
1607414589.64	160000	18.219139	0.0	13009028	148	160.0
1607414589.93	160000	18.933159	0.0	12791674	145	160.0
1607414590.21	160000	19.656921	0.0	11137898	126	160.0
1607414590.48	160000	20.379278	0.0	11485310	141	160.0
1607414590.78	160000	21.085981	0.0	12428518	151	160.0
1607414591.03	160000	21.834192	0.0	9963766	122	160.0
1607414591.31	160000	22.551249	0.0	12189364	147	160.0
1607414591.55	160000	23.313053	0.0	10142396	112	160.0
1607414591.79	160000	24.072795	0.0	10185488	112	160.0
1607414592.1	160000	24.770122	0.0	14061455	154	160.0
1607414592.5	160000	25.369661	0.0	20074099	215	160.0
1607414593.32	160000	25.555536	0.0	46115254	491	160.0
1607414594.03	160000	25.838209	0.0	40906522	411	160.0
1607414594.23	160000	26.640709	0.0	7891151	80	160.0
1607414594.58	160000	27.292859	0.0	21012466	160	160.0
1607414594.96	160000	27.913656	0.0	23519424	179	160.0
1607414595.28	160000	28.596198	0.0	18715420	142	160.0
1607414595.62	160000	29.259485	0.0	17000816	175	160.0
1607414595.93	160000	29.9498	0.0	14448126	146	160.0
1607414596.11	160000	30.766859	0.0	6958676	72	160.0
1607414596.33	160000	31.550766	0.0	9088791	94	160.0
1607414596.52	160000	32.359297	0.0	7211881	76	160.0
1607414596.65	160000	33.234491	0.0	3063586	33	160.0
1607414596.77	160000	34.115294	0.0	2782179	29	160.0
1607414597.01	160000	34.878535	0.0	9958410	101	160.0
1607414597.27	160000	35.612911	0.0	12158708	129	160.0
1607414597.55	160000	36.338364	0.0	12300216	133	160.0
1607414597.88	160000	37.012746	0.0	15815684	169	160.0
1607414598.17	160000	37.716223	0.0	13526256	144	160.0
1607414598.44	160000	38.452968	0.0	11995130	125	160.0
1607414598.72	160000	39.172434	0.0	13394791	138	160.0
1607414599.01	160000	39.876854	0.0	14135828	146	160.0
1607414599.32	160000	40.567516	0.0	15366126	158	160.0
1607414599.62	160000	41.270465	0.0	14248439	150	160.0
1607414599.91	160000	41.980227	0.0	13843717	146	160.0
1607414600.22	160000	42.671918	0.0	14665119	155	160.0
1607414600.59	160000	43.303773	0.0	21079187	181	160.0
1607414601.02	160000	43.875222	0.0	25480074	219	160.0
1607414601.43	160000	44.475156	0.0	23021754	198	160.0
1607414601.93	160000	44.969548	0.0	27527834	279	160.0
1607414602.43	160000	45.473679	0.0	26155848	268	160.0
1607414602.78	160000	46.115979	0.0	17849379	185	160.0
1607414603.13	160000	46.773337	0.0	16546531	171	160.0
1607414603.5	160000	47.407424	0.0	17718949	185	160.0
1607414603.85	160000	48.053876	0.0	17337137	183	160.0
1607414604.25	160000	48.654335	0.0	20008245	210	160.0
1607414605.28	160000	48.621995	0.0	58430914	641	160.0
1607414605.61	160000	49.293758	0.0	16292703	161	160.0
1607414606.08	160000	49.832131	0.0	25587422	253	160.0
1607414606.51	160000	50.39861	0.0	23982306	232	160.0
1607414606.78	160000	51.126892	0.0	13347845	115	160.0
1607414607.06	160000	51.845964	0.0	14337991	129	160.0
1607414607.35	160000	52.563687	0.0	14584990	133	160.0
1607414607.63	160000	53.288142	0.0	13962401	129	160.0
1607414607.91	160000	54.003598	0.0	14393788	133	160.0
1607414608.2	160000	54.719401	0.0	14649457	137	160.0
1607414608.47	160000	55.445121	0.0	13409715	132	160.0
1607414608.76	160000	56.151492	0.0	13909605	147	160.0
1607414609.05	160000	56.866159	0.0	13301968	140	160.0
1607414609.44	160000	57.479828	0.0	19025846	201	160.0
1607414609.83	160000	58.095443	0.0	19295426	204	160.0
1607414610.2	160000	58.71893	0.0	18261873	190	160.0
1607414610.64	160000	59.279258	0.0	19847604	254	160.0
1607414611.08	160000	59.842688	0.0	18767181	262	160.0
1607414612.08	160000	59.926817	0.0	22420858	306	160.0
1607414613.04	160000	59.927818	0.0	19324333	260	160.0
1607414614.01	160000	59.928825	0.0	20392234	281	160.0
1607414615.22	160000	59.929818	0.0	7671072	97	160.0
1607414616.08	160000	59.930814	0.0	17781906	193	160.0
1607414617.35	160000	59.681827	0.0	12839336	123	160.0
1607414618.09	160000	59.932815	0.0	10779770	101	160.0
1607414619.38	160000	59.683803	0.0	14606687	135	160.0
1607414621.38	160000	58.555807	0.0	41866951	1672	160.0
1607414621.97	160000	58.957942	0.0	37238410	309	160.0
1607414622.24	160000	59.692461	0.0	14347759	119	160.0
1607414623.47	160000	59.687735	0.0	11399187	95	160.0
1607414624.2	160000	59.938739	0.0	10358641	92	160.0
1607414625.48	160000	59.689837	0.0	14315696	125	160.0
1607414625.94	160000	59.995413	0.0	23283631	266	160.0
1607414627.16	160000	59.94184	0.0	37521367	425	160.0
1607414628.07	160000	59.942822	0.0	22241104	209	160.0
1607414629.35	160000	59.693844	0.0	15813346	114	160.0
1607414630.16	160000	59.944826	0.0	17116450	143	160.0
1607414631.48	160000	59.69581	0.0	18867054	149	160.0
1607414632.27	160000	59.696798	0.0	17393609	124	160.0
1607414633.16	160000	59.947827	0.0	24759401	183	160.0
1607414634.1	160000	59.948836	0.0	25782433	226	160.0
1607414635.08	160000	59.949792	0.0	25885372	255	160.0
1607414636.14	160000	59.950803	0.0	26242011	344	160.0
1607414637.83	160000	59.119573	0.0	23865378	1473	160.0
1607414638.73	160000	59.216265	0.0	25470681	693	160.0
1607414639.4	160000	59.54881	0.0	27258768	431	160.0
1607414640.35	160000	59.704798	0.0	17853711	258	160.0
1607414641.25	160000	59.941796	0.0	14829893	244	160.0
1607414641.96	160000	59.998345	0.0	27779697	484	160.0
1607414643.14	160000	59.957819	0.0	27714923	455	160.0
1607414644.17	160000	59.958762	0.0	25946474	311	160.0
1607414645.07	160000	59.959812	0.0	19596259	221	160.0
1607414646.17	160000	59.960665	0.0	23774167	390	160.0
1607414647.25	160000	59.711718	0.0	19373656	393	160.0
1607414648.37	160000	59.71271	0.0	23977420	413	160.0
1607414649.01	160000	59.952727	0.0	24493733	430	160.0
1607414650.41	160000	59.714845	0.0	14528511	249	160.0
1607414651.34	160000	59.715834	0.0	16841176	262	160.0
1607414652.26	160000	59.716844	0.0	16743604	246	160.0
1607414653.11	160000	59.967823	0.0	17975224	183	160.0
1607414654.14	160000	59.968883	0.0	22329548	334	160.0
1607414655.1	160000	59.969191	0.0	16001583	292	160.0
1607414656.06	160000	59.970797	0.0	18238584	283	160.0
1607414657.13	160000	59.971718	0.0	21308824	371	160.0
1607414658.05	160000	59.972846	0.0	17749058	252	160.0
1607414659.4	160000	59.723825	0.0	14127787	195	160.0
1607414660.27	160000	59.724726	0.0	17525699	200	160.0
1607414661.09	160000	59.975781	0.0	14240042	170	160.0
1607414662.03	160000	59.976816	0.0	20324139	257	160.0
1607414663.49	160000	59.727776	0.0	21993033	261	160.0
1607414664.4	160000	59.728686	0.0	18863108	225	160.0
1607414665.24	160000	59.979716	0.0	15964734	177	160.0
1607414666.46	160000	59.730734	0.0	8284939	98	160.0
1607414667.14	160000	59.842163	0.0	9004706	543	160.0
1607414668.25	160000	59.982839	0.0	6955279	496	160.0
1607414669.1	160000	59.983813	0.0	10701639	226	160.0
1607414670.31	160000	59.734842	0.0	9459459	83	160.0
1607414671.43	160000	59.735842	0.0	3212828	21	160.0
1607414672.03	160000	59.986826	0.0	2509989	15	160.0
1607414673.11	160000	59.987835	0.0	2004927	12	160.0
1607414674.16	160000	59.988834	0.0	591360	3	160.0
1607414675.73	160000	59.923589	0.0	2394426	16	160.0
1607414676.07	40000	1.000999	0.032	336477	4	-5.119999999999997
1607414676.33	20000	2.001999	0.0	11007815	65	0.0
1607414676.52	20000	2.921166	0.0	8849724	52	20.0
1607414676.64	20000	3.802014	0.0	3191121	16	20.0
1607414676.74	20000	4.704692	0.0	1661718	10	20.0
1607414677.1	160000	5.33946	0.0	20946809	113	20.0
1607414677.31	160000	6.135572	0.0	11895609	64	160.0
1607414677.46	160000	6.981024	0.0	7597636	41	160.0
1607414678.39	160000	7.117235	0.0	56067905	326	160.0
1607414678.83	110000	7.713626	0.0	28884539	191	60.0
1607414679.21	110000	8.331045	0.0	26873304	164	110.0
1607414679.67	110000	8.872667	0.0	33588177	205	110.0
1607414680.35	160000	9.196275	0.0	50637608	317	110.0
1607414680.65	160000	9.889402	0.0	19559369	123	160.0
1607414681.0	160000	10.540646	0.0	22224402	159	160.0
1607414681.38	160000	11.170791	0.0	22578365	170	160.0
1607414681.57	160000	11.978954	0.0	8346702	60	160.0
1607414681.85	160000	12.69607	0.0	15775481	120	160.0
1607414682.04	160000	13.512816	0.0	9163235	59	160.0
1607414682.6	160000	13.953574	0.0	41307095	266	160.0
1607414682.99	160000	14.556575	0.0	28763893	171	160.0
1607414683.29	160000	15.265576	0.0	21266416	109	160.0
1607414683.61	160000	15.944213	0.0	23702229	121	160.0
1607414683.97	160000	16.582637	0.0	27580394	150	160.0
1607414684.3	160000	17.258213	0.0	20329780	138	160.0
1607414684.58	160000	17.977345	0.0	16109183	110	160.0
1607414685.53	160000	18.026973	0.0	58830800	471	160.0
1607414686.73	160000	17.83124	0.0	66935122	757	160.0
1607414687.02	160000	18.537519	0.0	15251076	136	160.0
1607414687.33	160000	19.22867	0.0	16574034	145	160.0
1607414687.59	160000	19.969392	0.0	13009028	114	160.0
1607414687.84	160000	20.717347	0.0	12791674	111	160.0
