1607419821.53	40000	1.000999	0.034	334476	22	-5.439999999999998
1607419822.87	160000	1.253129	0.205	14912671	1091	7.200000000000003
1607419825.05	160000	1.337535	1.239	24265636	1921	-38.24000000000001
1607419826.98	160000	1.405622	0.99	22711544	1731	1.5999999999999943
1607419828.66	160000	1.300485	0.549	19639705	1500	72.16
1607419830.47	160000	1.300306	0.786	20946809	1625	34.239999999999995
1607419831.45	160000	1.322909	0.0	11895609	834	160.0
1607419832.09	160000	1.678191	0.0	7597636	524	160.0
1607419833.72	60000	1.319163	0.269	17832465	1451	-83.03999999999999
1607419834.55	60000	1.492892	0.0	9877442	691	60.0
1607419835.76	80000	1.36154	0.072	15275967	1046	48.480000000000004
1607419837.33	80000	1.434027	0.644	20600381	1389	-23.040000000000006
1607419838.74	80000	1.329836	0.306	17710542	1245	31.04
1607419839.64	110000	1.431446	0.0	10838546	757	80.0
1607419840.74	110000	1.360498	0.03	12783186	958	105.2
1607419841.82	110000	1.419173	0.141	13101938	946	87.44
1607419842.37	110000	1.874437	0.0	5268213	439	110.0
1607419843.23	110000	2.013714	0.0	9838179	729	110.0
1607419843.83	110000	2.415626	0.0	6126794	490	110.0
1607419846.14	110000	1.313829	0.209	26576979	2112	76.56
1607419847.52	80000	1.273428	0.339	14877694	1229	-4.240000000000002
1607419848.52	80000	1.3627	0.089	11453319	869	65.76
1607419849.59	80000	1.452323	0.151	13274781	925	55.84
1607419851.46	80000	1.355032	0.773	14862949	1719	-43.68000000000001
1607419852.19	60000	1.625417	0.0	8135330	601	40.0
1607419852.75	60000	2.062854	0.0	6391364	450	60.0
1607419854.96	60000	1.381229	0.529	27018238	2007	-24.64
1607419857.58	160000	1.379157	1.616	66935122	2004	-198.56
1607419858.06	160000	1.903282	0.0	15251076	316	160.0
1607419858.57	160000	2.390944	0.0	16574034	340	160.0
1607419858.92	160000	3.047408	0.0	13009028	199	160.0
1607419859.25	160000	3.712489	0.0	12791674	194	160.0
1607419859.56	160000	4.409681	0.0	11137898	169	160.0
1607419859.85	160000	5.118219	0.0	11485310	155	160.0
1607419860.16	160000	5.811398	0.0	12428518	163	160.0
1607419860.42	160000	6.549168	0.0	9963766	134	160.0
1607419860.71	160000	7.264109	0.0	12189364	147	160.0
1607419860.94	160000	8.029523	0.0	10142396	110	160.0
1607419861.18	160000	8.793809	0.0	10185488	111	160.0
1607419861.5	160000	9.471678	0.0	14061455	162	160.0
1607419861.92	160000	10.059626	0.0	20074099	233	160.0
1607419862.77	160000	10.206239	0.0	46115254	533	160.0
1607419863.78	160000	10.199528	0.0	40906522	693	160.0
1607419863.99	160000	10.991358	0.0	7891151	88	160.0
1607419864.41	160000	11.566903	0.0	21012466	236	160.0
1607419864.89	160000	12.091797	0.0	23519424	273	160.0
1607419865.28	160000	12.698806	0.0	18715420	216	160.0
1607419865.65	160000	13.335707	0.0	17000816	197	160.0
1607419865.96	160000	14.020827	0.0	14448126	160	160.0
1607419866.15	160000	14.830345	0.0	6958676	77	160.0
1607419866.38	160000	15.609032	0.0	9088791	101	160.0
1607419866.57	160000	16.418205	0.0	7211881	80	160.0
1607419866.69	160000	17.294472	0.0	3063586	31	160.0
1607419866.81	160000	18.174831	0.0	2782179	29	160.0
1607419867.04	160000	18.950067	0.0	9958410	99	160.0
1607419867.3	160000	19.690493	0.0	12158708	121	160.0
1607419867.56	160000	20.429699	0.0	12300216	121	160.0
1607419867.9	160000	21.091712	0.0	15815684	168	160.0
1607419868.19	160000	21.805916	0.0	13526256	144	160.0
1607419868.45	160000	22.543949	0.0	11995130	127	160.0
1607419868.73	160000	23.260637	0.0	13394791	141	160.0
1607419869.03	160000	23.966818	0.0	14135828	145	160.0
1607419869.34	160000	24.653549	0.0	15366126	158	160.0
1607419869.64	160000	25.362277	0.0	14248439	146	160.0
1607419869.93	160000	26.064785	0.0	13843717	144	160.0
1607419870.24	160000	26.756802	0.0	14665119	150	160.0
1607419870.65	160000	27.348217	0.0	21079187	220	160.0
1607419871.14	160000	27.864454	0.0	25480074	276	160.0
1607419871.58	160000	28.42164	0.0	23021754	240	160.0
1607419872.1	160000	28.908657	0.0	27527834	277	160.0
1607419872.59	160000	29.41524	0.0	26155848	263	160.0
1607419872.96	160000	30.046767	0.0	17849379	186	160.0
1607419873.31	160000	30.701623	0.0	16546531	173	160.0
1607419873.67	160000	31.340039	0.0	17718949	185	160.0
1607419874.01	160000	32.002922	0.0	17337137	171	160.0
1607419874.39	160000	32.623489	0.0	20008245	193	160.0
1607419875.81	160000	32.201369	0.0	58430914	1042	160.0
1607419876.12	110000	32.887254	0.0	11574285	165	60.0
1607419876.28	20000	33.733693	0.0	3633991	51	-70.0
1607419876.43	20000	34.588598	0.0	3324070	47	20.0
1607419876.54	20000	35.477481	0.0	1560020	22	20.0
1607419876.65	20000	36.36973	0.0	1429188	20	20.0
1607419876.81	40000	37.204743	0.0	3535232	59	20.0
1607419876.96	40000	38.053135	0.0	3285443	55	40.0
1607419877.16	60000	38.854136	0.0	5304043	89	40.0
1607419877.36	60000	39.657197	0.0	5390156	91	60.0
1607419877.55	60000	40.473276	0.0	4721651	80	60.0
1607419877.74	60000	41.285498	0.0	4637025	86	60.0
1607419877.94	60000	42.081347	0.0	4630741	99	60.0
1607419878.22	60000	42.808683	0.0	7197388	154	60.0
1607419878.52	60000	43.503151	0.0	8482578	181	60.0
1607419879.11	60000	43.912863	0.0	6443358	479	60.0
1607419880.99	60000	43.039579	0.0	6864434	1760	60.0
1607419881.91	160000	43.114885	0.0	18767181	747	60.0
1607419882.4	160000	43.632661	0.0	22420858	286	160.0
1607419882.83	160000	44.202454	0.0	19324333	256	160.0
1607419883.44	160000	44.591053	0.0	20392234	426	160.0
1607419883.72	160000	45.316482	0.0	7671072	160	160.0
1607419890.87	80000	39.162576	0.0	8761637	7020	0.0
1607419891.9	160000	39.130295	0.0	12839336	888	80.0
1607419892.3	160000	39.738677	0.0	10779770	261	160.0
1607419892.81	160000	40.23149	0.0	14606687	354	160.0
1607419893.68	160000	40.3535	0.0	41866951	580	160.0
1607419894.37	160000	40.66588	0.0	37238410	414	160.0
1607419894.68	160000	41.359682	0.0	14347759	159	160.0
1607419894.95	160000	42.094915	0.0	11399187	131	160.0
1607419895.2	160000	42.841857	0.0	10358641	120	160.0
1607419895.52	160000	43.526236	0.0	14315696	167	160.0
1607419895.99	160000	44.051581	0.0	23283631	270	160.0
1607419896.71	160000	44.329211	0.0	37521367	435	160.0
1607419897.22	160000	44.827023	0.0	22241104	310	160.0
1607419897.62	160000	45.429836	0.0	15813346	222	160.0
1607419898.28	160000	45.770366	0.0	17116450	494	160.0
1607419898.99	160000	46.059819	0.0	18867054	531	160.0
1607419899.36	160000	46.696387	0.0	17393609	192	160.0
1607419899.85	160000	47.20487	0.0	24759401	271	160.0
1607419900.39	160000	47.664857	0.0	25782433	326	160.0
1607419900.94	160000	48.108013	0.0	25885372	327	160.0
1607419901.51	160000	48.5457	0.0	26242011	343	160.0
1607419902.03	160000	49.024726	0.0	23865378	301	160.0
1607419902.51	160000	49.546725	0.0	25470681	262	160.0
1607419903.03	160000	50.024903	0.0	27258768	285	160.0
1607419903.4	160000	50.660521	0.0	17853711	192	160.0
1607419903.71	160000	51.351111	0.0	14829893	160	160.0
1607419904.24	160000	51.822242	0.0	27779697	298	160.0
1607419904.76	160000	52.295353	0.0	27714923	297	160.0
1607419905.28	160000	52.783514	0.0	25946474	290	160.0
1607419905.68	160000	53.380315	0.0	19596259	218	160.0
1607419906.19	160000	53.872058	0.0	23774167	298	160.0
1607419906.63	160000	54.435631	0.0	19373656	254	160.0
1607419918.8	160000	43.262357	0.0	23977420	11970	160.0
1607419919.2	160000	43.870929	0.0	24493733	180	160.0
1607419919.46	160000	44.610233	0.0	14528511	108	160.0
1607419919.75	160000	45.321507	0.0	16841176	125	160.0
1607419920.04	160000	46.028452	0.0	16743604	127	160.0
1607419920.34	160000	46.734262	0.0	17975224	119	160.0
1607419920.68	160000	47.390424	0.0	22329548	148	160.0
1607419920.95	160000	48.124901	0.0	16001583	106	160.0
1607419921.31	160000	48.763684	0.0	18238584	186	160.0
1607419921.72	160000	49.356093	0.0	21308824	216	160.0
1607419933.28	160000	38.796621	0.0	17749058	11379	160.0
1607419934.45	160000	38.629586	0.0	14127787	1018	160.0
1607419935.93	160000	38.149828	0.0	17525699	1309	160.0
1607419937.35	160000	37.7256	0.0	14240042	1273	160.0
1607419939.11	160000	36.966956	0.0	20324139	1571	160.0
1607419940.85	160000	36.225552	0.0	21993033	1548	160.0
1607419942.35	160000	35.731935	0.0	18863108	1313	160.0
1607419943.73	160000	35.35112	0.0	15964734	1215	160.0
1607419944.52	160000	35.563615	0.0	8284939	670	160.0
1607419945.39	160000	35.698433	0.0	9004706	742	160.0
1607419946.08	160000	36.002669	0.0	6955279	580	160.0
1607419947.0	160000	36.08709	0.0	10701639	782	160.0
1607419947.82	160000	36.265949	0.0	9459459	692	160.0
1607419948.15	160000	36.94011	0.0	3212828	230	160.0
1607419948.4	160000	37.684991	0.0	2509989	167	160.0
1607419948.61	160000	38.482863	0.0	2004927	133	160.0
1607419948.7	160000	39.393211	0.0	591360	38	160.0
1607419948.91	160000	40.618871	0.0	2394426	159	160.0
1607419949.24	40000	1.000999	0.052	336477	22	-8.32
1607419950.47	160000	1.336604	0.251	14912671	1021	-0.1599999999999966
1607419952.47	160000	1.439688	1.074	24265636	1736	-11.840000000000003
1607419953.35	160000	1.602301	0.0	22711544	674	160.0
1607419953.69	160000	2.291582	0.0	19639705	139	160.0
1607419954.05	160000	2.962447	0.0	20946809	152	160.0
1607419954.29	160000	3.719024	0.0	11895609	97	160.0
1607419954.47	160000	4.540345	0.0	7597636	62	160.0
1607419955.49	160000	4.592556	0.0	56067905	461	160.0
1607419956.47	160000	4.620625	0.0	45444680	663	160.0
1607419957.47	160000	4.615854	0.0	54798068	640	160.0
1607419958.81	160000	4.276096	0.0	69464107	826	160.0
1607419959.58	160000	4.50799	0.0	50637608	421	160.0
1607419959.92	160000	5.173905	0.0	19559369	142	160.0
1607419960.29	160000	5.807228	0.0	22224402	168	160.0
1607419960.65	160000	6.44461	0.0	22578365	166	160.0
1607419960.85	160000	7.247788	0.0	8346702	61	160.0
1607419961.13	160000	7.967239	0.0	15775481	114	160.0
1607419961.33	160000	8.762207	0.0	9163235	78	160.0
1607419961.98	160000	9.113563	0.0	41307095	350	160.0
1607419962.51	160000	9.589406	0.0	28763893	276	160.0
1607419962.93	160000	10.199916	0.0	21266416	225	160.0
1607419963.39	160000	10.767285	0.0	23702229	241	160.0
1607419963.87	160000	11.286126	0.0	27580394	250	160.0
1607419964.27	160000	11.894498	0.0	20329780	190	160.0
1607419964.55	160000	12.612687	0.0	16109183	118	160.0
1607419965.38	160000	12.783064	0.0	58830800	433	160.0
1607419966.28	160000	12.876179	0.0	66935122	479	160.0
1607419966.53	160000	13.631153	0.0	15251076	87	160.0
