1607463307.9	40000	1.000999	0.037	334476	25	-5.920000000000002
1607463309.19	110000	1.479388	0.408	14912671	1144	-25.28
1607463311.12	110000	1.333315	0.76	24132566	1752	-11.599999999999994
1607463312.65	110000	1.406279	0.582	21016487	1416	16.879999999999995
1607463314.09	110000	1.313702	0.324	17473873	1339	58.16
1607463315.39	110000	1.293641	0.253	17432386	1190	69.52000000000001
1607463316.09	110000	1.585524	0.0	9099663	650	110.0
1607463316.59	80000	2.086279	0.0	5425476	452	50.0
1607463319.12	80000	1.314411	0.751	29583867	2331	-40.16
1607463320.53	80000	1.317719	0.417	15816325	1325	13.280000000000001
1607463322.66	110000	1.486045	1.287	26873304	1979	-125.91999999999999
1607463324.3	80000	1.237741	0.399	20600381	1532	-13.840000000000003
1607463326.41	110000	1.379742	1.249	25684661	1965	-119.84
1607463327.06	80000	1.727957	0.0	7412644	594	50.0
1607463327.93	80000	1.867748	0.0	9055732	804	80.0
1607463328.75	80000	2.044968	0.0	9337721	768	80.0
1607463329.03	80000	2.761382	0.0	3201928	258	80.0
1607463329.82	110000	2.972481	0.0	9838179	727	80.0
1607463330.2	80000	3.598842	0.0	4543558	338	50.0
1607463331.88	80000	2.913842	0.0	20277060	1568	80.0
1607463333.18	80000	2.614483	0.0	14877694	1218	80.0
1607463334.22	80000	2.582835	0.0	11453319	963	80.0
1607463335.59	110000	2.211782	0.0	17002609	1269	80.0
1607463337.15	110000	1.648248	0.0	19316039	1448	110.0
1607463337.96	80000	1.840664	0.0	10513690	732	50.0
1607463338.71	80000	2.096337	0.0	8329186	693	80.0
1607463341.2	80000	1.437969	0.828	34554431	2313	-52.47999999999999
1607463344.39	160000	1.120495	1.872	66935122	2643	-219.51999999999998
1607463344.82	160000	1.685182	0.0	15251076	337	160.0
1607463345.27	160000	2.239646	0.0	16574034	340	160.0
1607463345.57	160000	2.942162	0.0	13009028	221	160.0
1607463345.86	160000	3.649962	0.0	12791674	218	160.0
1607463346.12	160000	4.38857	0.0	11137898	178	160.0
1607463346.34	160000	5.172548	0.0	11485310	145	160.0
1607463346.57	160000	5.942767	0.0	12428518	156	160.0
1607463346.76	160000	6.753435	0.0	9963766	127	160.0
1607463346.99	160000	7.527382	0.0	12189364	154	160.0
1607463347.18	160000	8.338516	0.0	10142396	125	160.0
1607463347.36	160000	9.160578	0.0	10185488	116	160.0
1607463347.6	160000	9.916655	0.0	14061455	161	160.0
1607463347.95	160000	10.567966	0.0	20074099	230	160.0
1607463348.68	160000	10.84225	0.0	46115254	469	160.0
1607463349.32	160000	11.204502	0.0	40906522	397	160.0
1607463349.42	160000	12.099016	0.0	7891151	53	160.0
1607463349.69	160000	12.829147	0.0	21012466	146	160.0
1607463349.99	160000	13.535696	0.0	23519424	161	160.0
1607463350.23	160000	14.296313	0.0	18715420	129	160.0
1607463350.45	160000	15.080892	0.0	17000816	115	160.0
1607463350.63	160000	15.895555	0.0	14448126	98	160.0
1607463350.73	160000	16.802902	0.0	6958676	46	160.0
1607463350.84	160000	17.686652	0.0	9088791	62	160.0
1607463350.94	160000	18.593007	0.0	7211881	49	160.0
1607463350.99	160000	19.546583	0.0	3063586	19	160.0
1607463351.03	160000	20.498453	0.0	2782179	14	160.0
1607463351.16	160000	21.369864	0.0	9958410	67	160.0
1607463351.31	160000	22.223502	0.0	12158708	76	160.0
1607463351.46	160000	23.073144	0.0	12300216	78	160.0
1607463351.66	160000	23.881178	0.0	15815684	99	160.0
1607463351.82	160000	24.719081	0.0	13526256	85	160.0
1607463351.97	160000	25.570769	0.0	11995130	75	160.0
1607463352.13	160000	26.409757	0.0	13394791	84	160.0
1607463352.3	160000	27.244928	0.0	14135828	79	160.0
1607463352.47	160000	28.073705	0.0	15366126	86	160.0
1607463352.63	160000	28.912815	0.0	14248439	80	160.0
1607463352.79	160000	29.757815	0.0	13843717	77	160.0
1607463352.96	160000	30.588368	0.0	14665119	83	160.0
1607463353.2	160000	31.350639	0.0	21079187	118	160.0
1607463353.48	160000	32.063092	0.0	25480074	147	160.0
1607463353.75	160000	32.794346	0.0	23021754	133	160.0
1607463354.07	160000	33.482877	0.0	27527834	157	160.0
1607463354.39	160000	34.157481	0.0	26155848	160	160.0
1607463354.61	160000	34.934718	0.0	17849379	116	160.0
1607463354.82	160000	35.730134	0.0	16546531	108	160.0
1607463355.05	160000	36.504286	0.0	17718949	115	160.0
1607463355.26	160000	37.291054	0.0	17337137	111	160.0
1607463355.5	160000	38.059453	0.0	20008245	114	160.0
1607463356.14	160000	38.414001	0.0	58430914	331	160.0
1607463356.4	160000	39.157545	0.0	16292703	149	160.0
1607463356.79	160000	39.770743	0.0	25587422	240	160.0
1607463357.16	160000	40.3999	0.0	23982306	233	160.0
1607463357.34	160000	41.22004	0.0	13347845	97	160.0
1607463357.53	160000	42.032146	0.0	14337991	105	160.0
1607463357.72	160000	42.8409	0.0	14584990	107	160.0
1607463357.91	160000	43.657462	0.0	13962401	102	160.0
1607463358.09	160000	44.470316	0.0	14393788	106	160.0
1607463358.28	160000	45.288388	0.0	14649457	97	160.0
1607463358.43	160000	46.133139	0.0	13409715	78	160.0
1607463358.59	160000	46.976015	0.0	13909605	76	160.0
1607463358.74	160000	47.825271	0.0	13301968	73	160.0
1607463358.97	160000	48.601955	0.0	19025846	105	160.0
1607463359.19	160000	49.383426	0.0	19295426	106	160.0
1607463359.41	160000	50.16465	0.0	18261873	107	160.0
1607463359.65	160000	50.923119	0.0	19847604	116	160.0
1607463359.87	160000	51.703457	0.0	18767181	110	160.0
1607463360.13	160000	52.440919	0.0	22420858	132	160.0
1607463360.46	160000	53.114981	0.0	19324333	190	160.0
1607463360.8	160000	53.772203	0.0	20392234	226	160.0
1607463360.94	160000	54.639894	0.0	7671072	85	160.0
1607463361.24	160000	55.341413	0.0	17781906	197	160.0
1607463361.42	160000	56.161861	0.0	12839336	103	160.0
1607463361.57	160000	57.011033	0.0	10779770	87	160.0
1607463361.77	160000	57.810827	0.0	14606687	117	160.0
1607463362.36	160000	58.223783	0.0	41866951	340	160.0
1607463362.85	160000	58.732962	0.0	37238410	264	160.0
1607463363.04	160000	59.542675	0.0	14347759	101	160.0
1607463363.69	160000	59.968594	0.0	11399187	80	160.0
1607463364.82	160000	59.969608	0.0	10358641	63	160.0
1607463366.0	160000	59.720637	0.0	14315696	97	160.0
1607463366.8	160000	59.971731	0.0	23283631	169	160.0
1607463367.71	160000	59.972681	0.0	37521367	191	160.0
1607463368.97	160000	59.723677	0.0	22241104	119	160.0
1607463369.68	160000	59.974694	0.0	15813346	107	160.0
1607463370.95	160000	59.725683	0.0	17116450	173	160.0
1607463371.7	60000	59.976602	0.0	6132241	200	-40.0
1607463372.62	60000	59.974196	0.0	5426584	884	60.0
1607463374.01	160000	59.7286	0.0	24759401	751	60.0
1607463374.86	160000	59.931728	0.0	25782433	201	160.0
1607463375.69	160000	59.980594	0.0	25885372	188	160.0
1607463377.07	160000	59.731647	0.0	26242011	218	160.0
1607463377.86	160000	59.982701	0.0	23865378	146	160.0
1607463378.67	160000	59.983683	0.0	25470681	163	160.0
1607463380.03	160000	59.734602	0.0	27258768	198	160.0
1607463380.74	160000	59.985678	0.0	17853711	106	160.0
1607463381.92	160000	59.736652	0.0	14829893	88	160.0
1607463382.74	160000	59.987591	0.0	27779697	174	160.0
1607463383.64	160000	59.988581	0.0	27714923	237	160.0
1607463385.01	160000	59.739641	0.0	25946474	220	160.0
1607463385.82	160000	59.990626	0.0	19596259	194	160.0
1607463386.76	160000	59.991648	0.0	23774167	297	160.0
1607463388.09	160000	59.742627	0.0	19373656	209	160.0
1607463388.96	160000	59.743689	0.0	23977420	234	160.0
1607463389.88	160000	59.744648	0.0	24493733	276	160.0
1607463391.1	160000	59.745677	0.0	14528511	135	160.0
1607463391.88	160000	59.746492	0.0	16841176	181	160.0
1607463392.66	160000	59.997612	0.0	16743604	173	160.0
1607463394.01	160000	59.748654	0.0	17975224	249	160.0
1607463394.9	160000	59.749596	0.0	22329548	255	160.0
1607463396.19	160000	59.500593	0.0	16001583	192	160.0
1607463396.75	160000	59.866242	0.0	18238584	454	160.0
1607463397.86	160000	59.756637	0.0	21308824	978	160.0
1607463398.96	20000	59.753649	0.0	2180586	72	-120.0
1607463400.04	20000	59.754735	0.0	1500505	563	20.0
1607463401.34	20000	59.505644	0.0	1939246	277	20.0
1607463401.67	20000	59.950363	0.0	1599193	308	20.0
1607463402.99	20000	59.757683	0.0	2364826	293	20.0
1607463404.77	20000	58.852851	0.0	2517454	1759	20.0
1607463405.85	80000	58.774697	0.0	8732970	1021	20.0
1607463405.97	20000	59.656131	0.0	1726706	96	-40.0
1607463407.03	20000	59.761671	0.0	707364	39	20.0
1607463408.15	20000	59.512672	0.0	796460	103	20.0
1607463409.36	20000	59.271744	0.0	596962	1195	20.0
1607463411.73	20000	57.901931	0.0	947625	2354	20.0
1607463412.07	80000	58.563035	0.0	4246384	305	20.0
1607463412.2	80000	59.437127	0.0	1491121	106	80.0
1607463413.3	80000	59.517612	0.0	1146202	81	80.0
1607463413.91	110000	59.768694	0.0	1128453	95	80.0
1607463414.96	110000	59.769683	0.0	517365	35	110.0
1607463416.57	110000	59.704466	0.0	1201371	86	110.0
1607463416.89	40000	1.000999	0.045	337243	23	-7.200000000000003
1607463418.13	110000	1.37729	0.251	14912671	1097	-0.1599999999999966
1607463419.98	80000	1.43615	0.881	22644885	1694	-90.96000000000001
1607463421.67	80000	1.40612	0.7	17135714	1592	-32.0
1607463422.94	80000	1.251845	0.074	13114792	1200	68.16
1607463424.05	160000	1.494379	0.32	20946809	998	28.799999999999997
1607463424.57	160000	1.969207	0.0	11895609	454	160.0
1607463424.82	160000	2.720066	0.0	7597636	200	160.0
1607463426.71	110000	1.832073	0.0	48103258	1414	60.0
1607463428.5	110000	1.293694	0.251	28884539	1638	69.84
1607463431.49	160000	1.32083	2.014	54798068	2713	-212.24
1607463433.59	80000	1.335901	1.118	20600381	1995	-178.88
1607463436.5	160000	1.364183	1.933	50637608	2637	-229.27999999999997
1607463437.78	80000	1.387069	0.304	7412644	1233	-48.64
1607463438.08	40000	2.098975	0.0	4447520	248	0.0
1607463438.37	40000	2.797808	0.0	4548277	254	40.0
1607463438.45	40000	3.721273	0.0	1103419	61	40.0
1607463438.62	40000	4.54739	0.0	2715414	152	40.0
1607463438.83	40000	5.340334	0.0	1997555	187	40.0
1607463439.55	20000	5.620052	0.0	6357933	672	0.0
1607463441.01	20000	5.16544	0.0	4814284	1416	20.0
1607463442.09	60000	5.08764	0.0	9003718	1019	20.0
1607463442.7	40000	5.474421	0.0	7313446	560	20.0
1607463444.09	40000	5.09291	0.0	8054223	1329	40.0
1607463444.45	20000	5.725584	0.0	3022025	340	0.0
1607463444.93	20000	6.25477	0.0	2248581	449	20.0
