1610845514.69	60000	1.000999	0.153	336477	112	-48.96
1610845516.0	40000	1.303193	0.249	14648397	1122	-59.68000000000001
1610845517.59	40000	1.337895	0.585	17616813	1441	-147.2
1610845519.05	320000	1.255943	0.357	22711544	1243	-74.24000000000001
1610845520.0	320000	1.400348	0.0	19639705	807	320.0
1610845521.02	320000	1.497188	0.054	20946809	845	302.72
1610845521.57	320000	1.939496	0.0	11895609	452	320.0
1610845521.94	320000	2.572574	0.0	7597636	282	320.0
1610845524.55	320000	1.17681	0.21	56067905	2113	252.8
1610845526.48	320000	1.283269	1.04	46062054	1680	-12.800000000000011
1610845526.85	40000	1.915637	0.0	7669174	279	-240.0
1610845527.3	40000	2.460942	0.0	10578989	358	40.0
1610845527.7	40000	3.063036	0.0	9449433	309	40.0
1610845529.6	320000	2.167876	0.0	48403531	1585	40.0
1610845531.99	320000	1.303984	0.531	63326685	1989	150.08
1610845534.29	320000	1.359484	1.355	66782145	1959	-113.60000000000002
1610845534.78	320000	1.874906	0.0	13212243	372	320.0
1610845535.73	320000	1.921537	0.0	29387773	750	320.0
1610845536.28	320000	2.377157	0.0	17336677	412	320.0
1610845536.65	40000	3.010364	0.0	11199212	260	-240.0
1610845536.93	40000	3.73222	0.0	8376884	189	40.0
1610845539.43	320000	2.229625	0.0	72904162	1926	40.0
1610845540.97	320000	1.696513	0.0	66993756	1100	320.0
1610845542.88	320000	1.400933	0.667	92389329	1260	106.56
1610845544.43	320000	1.467941	0.532	70549633	1127	149.76
1610845547.01	320000	1.436332	1.492	50094571	2274	-157.44
1610845548.0	40000	1.443883	0.0	18604040	841	-240.0
1610845548.84	40000	1.602657	0.0	20723782	685	40.0
1610845550.85	320000	1.432115	0.834	44512381	1736	-226.88
1610845552.57	320000	1.431042	0.617	46257154	1457	122.56
1610845553.92	320000	1.309916	0.095	34846600	1099	289.6
1610845556.21	320000	1.481698	1.383	33828007	2087	-122.56
1610845558.11	320000	1.36635	0.789	30396599	1728	67.52000000000001
1610845559.84	320000	1.406326	0.764	30979822	1537	75.52000000000001
1610845561.59	320000	1.421556	0.77	33204608	1566	73.6
1610845562.8	320000	1.442843	0.231	23618590	1058	246.07999999999998
1610845564.14	320000	1.424856	0.321	27475995	1158	217.28
1610845565.38	320000	1.496748	0.308	26460007	1071	221.44
1610845566.6	320000	1.274558	0.0	26763657	1041	320.0
1610845568.07	320000	1.240282	0.436	33826873	1256	180.48
1610845569.77	320000	1.486522	0.936	41214174	1459	20.480000000000018
1610845570.35	40000	1.901081	0.0	13308063	471	-240.0
1610845570.85	40000	2.401913	0.0	11857920	391	40.0
1610845571.54	320000	2.717313	0.0	16577177	551	40.0
1610845579.93	320000	1.408407	6.085	39814357	8177	-1627.2
1610845580.64	40000	1.706307	0.0	5516229	628	-240.0
1610845581.12	40000	2.226451	0.0	3897146	411	40.0
1610845581.53	40000	2.810408	0.0	3491407	355	40.0
1610845581.9	40000	3.44141	0.0	3184630	305	40.0
1610845586.29	320000	1.275615	1.214	15673611	4269	-348.48
1610845589.45	320000	1.49075	2.374	20850595	3023	-439.67999999999995
1610845591.31	320000	1.366194	0.734	16458609	1747	85.12
1610845592.19	320000	1.483197	0.0	8700077	794	320.0
1610845592.99	320000	1.685198	0.0	8292135	712	320.0
1610845594.86	320000	1.35335	0.536	22212109	1727	148.48
1610845596.92	320000	1.390535	1.094	27931458	1888	-30.079999999999984
1610845598.78	320000	1.485189	0.955	28076035	1674	14.399999999999977
1610845600.47	320000	1.441444	0.647	34615012	1497	112.96000000000001
1610845601.69	320000	1.286441	0.069	31574841	1019	297.92
1610845602.66	320000	1.397196	0.073	28857310	758	296.64
1610845603.57	320000	1.48936	0.0	30799251	697	320.0
1610845604.36	320000	1.698046	0.0	29900862	592	320.0
1610845605.16	320000	1.8963	0.0	32431711	572	320.0
1610845605.92	320000	2.134096	0.0	32680833	543	320.0
1610845608.22	320000	1.482149	0.639	30468229	2115	115.52000000000001
1610845609.59	320000	1.359479	0.25	31594806	1178	240.0
1610845611.38	320000	1.379885	0.812	43158259	1561	60.160000000000025
1610845613.63	320000	1.389619	1.304	53696400	1938	-97.27999999999997
1610845615.59	320000	1.406245	0.906	49804325	1703	30.079999999999984
1610845619.98	320000	1.403655	3.385	56230532	4106	-763.2
1610845627.91	320000	1.380875	6.844	54033728	7644	-1870.08
1610845632.81	320000	1.227806	3.742	40265492	4660	-877.44
1610845636.63	320000	1.307028	2.885	37527577	3605	-603.2
1610845638.92	320000	1.468423	1.448	38354537	2042	-143.36
1610845640.17	320000	1.357991	0.135	33905183	1036	276.8
1610845641.45	320000	1.304011	0.226	37964644	1063	247.68
1610845644.33	320000	1.260737	1.834	91609209	2410	-266.88
1610845645.21	320000	1.502894	0.0	30861098	664	320.0
1610845646.47	320000	1.254798	0.0	53161890	912	320.0
1610845647.57	320000	1.283964	0.129	49661559	776	278.72
1610845648.19	320000	1.655433	0.0	27673254	434	320.0
1610845648.78	320000	2.064301	0.0	29061600	390	320.0
1610845649.37	320000	2.482792	0.0	29596558	379	320.0
1610845649.93	320000	2.929846	0.0	29264466	357	320.0
1610845650.62	320000	3.229219	0.0	29949400	502	320.0
1610845652.72	320000	2.129866	0.0	30225692	1882	320.0
1610845654.52	320000	1.431147	0.093	27528494	1609	290.24
1610845655.68	320000	1.329557	0.062	28959567	974	300.16
1610845656.77	320000	1.317499	0.074	27200869	891	296.32
1610845658.18	320000	1.471122	0.56	37091406	1188	140.8
1610845659.43	320000	1.28605	0.069	32442772	1038	297.92
1610845661.14	320000	1.31405	0.741	38733768	1486	82.88
1610845664.2	320000	1.343124	2.089	43207501	2832	-348.48
1610845667.61	320000	1.433422	2.49	39867273	3155	-476.79999999999995
1610845674.24	320000	1.424837	5.622	44687216	6381	-1479.04
1610845677.49	320000	1.346494	2.152	37222510	3024	-368.64
1610845680.16	320000	1.499587	1.815	37697615	2458	-260.79999999999995
1610845680.96	320000	1.693991	0.0	13943369	693	320.0
1610845682.42	320000	1.316703	0.081	33909675	1204	294.08
1610845682.94	320000	1.800709	0.0	25608467	329	320.0
1610845683.37	320000	2.366361	0.0	21666875	274	320.0
1610845683.96	320000	2.784262	0.0	29164819	386	320.0
1610845685.37	320000	2.371922	0.0	75257111	945	320.0
1610845686.67	320000	2.102429	0.0	71035332	848	320.0
1610845687.16	320000	2.846625	0.0	27276036	286	320.0
1610845687.58	320000	3.414719	0.0	23233775	254	320.0
1610845687.99	320000	4.011636	0.0	21096285	235	320.0
1610845688.5	320000	4.497028	0.0	28685524	324	320.0
1610845689.32	320000	4.682169	0.0	43551422	508	320.0
1610845690.35	320000	4.651941	0.0	65057331	655	320.0
1610845691.02	320000	4.978966	0.0	41329817	407	320.0
1610845691.54	320000	5.463012	0.0	30837965	316	320.0
1610845692.12	320000	5.887369	0.0	33542198	358	320.0
1610845692.82	320000	6.183555	0.0	43188629	435	320.0
1610845693.45	320000	6.553279	0.0	38404993	380	320.0
1610845694.31	320000	6.801932	0.0	50554338	500	320.0
