1610810306.6	60000	1.000999	0.036	336477	22	-11.519999999999996
1610810307.43	110000	1.578599	0.0	14912671	681	60.0
1610810308.12	160000	1.896235	0.0	24265636	457	110.0
1610810308.62	160000	2.419629	0.0	22711544	361	160.0
1610810309.04	320000	2.995365	0.0	19639705	308	160.0
1610810309.49	320000	3.650203	0.0	20946809	318	320.0
1610810309.75	320000	4.419038	0.0	11895609	175	320.0
1610810309.91	320000	5.261223	0.0	7597636	110	320.0
1610810311.2	320000	5.024644	0.0	56067905	832	320.0
1610810312.05	320000	5.199675	0.0	46062054	608	320.0
1610810313.18	320000	5.070178	0.0	60496562	719	320.0
1610810314.87	320000	4.381747	0.0	90475604	914	320.0
1610810316.39	320000	3.866274	0.0	94557637	991	320.0
1610810317.31	320000	3.945858	0.0	48403531	643	320.0
1610810318.31	320000	3.941588	0.0	63326685	622	320.0
1610810319.55	320000	4.010221	0.0	66782145	822	320.0
1610810319.77	320000	4.83912	0.0	13212243	133	320.0
1610810320.24	320000	5.427944	0.0	29387773	294	320.0
1610810320.54	320000	6.234362	0.0	17336677	198	320.0
1610810322.81	320000	5.002864	0.0	126296507	1351	320.0
1610810324.28	320000	4.589087	0.0	96707447	914	320.0
1610810325.25	320000	4.62111	0.0	72904162	513	320.0
1610810326.15	320000	4.733578	0.0	66993756	475	320.0
1610810327.58	320000	4.577063	0.0	92389329	833	320.0
1610810328.64	320000	4.80597	0.0	70549633	613	320.0
1610810329.78	320000	4.71421	0.0	50094571	865	320.0
1610810332.11	320000	3.579431	0.0	124391138	1566	320.0
1610810336.66	320000	0.983425	0.143	139539685	3495	274.24
1610810337.55	320000	1.434832	0.0	44512381	551	320.0
1610810338.34	320000	1.93799	0.0	46257154	528	320.0
1610810338.86	320000	2.550731	0.0	34846600	320	320.0
1610810339.38	320000	3.124816	0.0	33828007	310	320.0
1610810339.93	320000	3.723878	0.0	30396599	364	320.0
1610810340.5	320000	4.182255	0.0	30979822	371	320.0
1610810341.04	320000	4.831274	0.0	33204608	353	320.0
1610810341.44	320000	5.434679	0.0	23618590	252	320.0
1610810341.97	320000	5.900344	0.0	27475995	373	320.0
1610810342.5	320000	6.378527	0.0	26460007	359	320.0
1610810344.23	320000	5.649105	0.0	26763657	1571	320.0
1610810355.01	320000	59.968105	0.0	19576633	199	320.0
1610810355.02	320000	59.919637	0.0	19576633	199	320.0
1610810356.44	320000	59.719113	0.0	27276036	257	320.0
1610810357.31	320000	59.720102	0.0	23233775	241	320.0
1610810358.13	320000	59.971101	0.0	21096285	191	320.0
1610810358.99	320000	59.972007	0.0	28685524	195	320.0
1610810360.15	320000	59.972946	0.0	43551422	426	320.0
1610810371.31	320000	59.734151	0.0	5850985	84	320.0
1610810371.32	320000	59.637767	0.0	5850985	84	320.0
1610810372.17	320000	59.7868	0.0	52441959	566	320.0
1610810373.12	320000	59.847917	0.0	56222410	636	320.0
1610810374.41	320000	59.737012	0.0	37045146	573	320.0
1610810375.14	320000	59.825114	0.0	31316241	534	320.0
1610810377.34	320000	58.622575	0.0	54539886	1914	320.0
1610810391.39	320000	59.754113	0.0	6235334	94	320.0
1610810391.39	320000	59.580766	0.0	6235334	94	320.0
1610810392.07	320000	59.907173	0.0	34218681	489	320.0
1610810393.66	320000	59.506089	0.0	30315897	418	320.0
1610810394.21	320000	59.765912	0.0	38074030	349	320.0
1610810395.68	320000	59.508113	0.0	31856580	286	320.0
1610810406.5	320000	59.519129	0.0	1146202	10	320.0
1610810406.5	320000	59.486591	0.0	1146202	10	320.0
1610810407.56	320000	59.520099	0.0	3041389	27	320.0
1610810408.58	320000	59.521179	0.0	640071	8	320.0
1610810409.64	320000	59.522109	0.0	3111318	30	320.0
1610810409.68	320000	59.744471	0.0	511709	25	320.0
1610810409.69	160000	59.735992	0.0	511709	25	0.0
