1610764001.18	60000	1.000999	0.033	336477	21	-10.560000000000002
1610764002.39	320000	1.191389	0.0	14912671	996	60.0
1610764004.35	320000	1.348977	1.088	24265636	1693	-28.160000000000025
1610764006.39	320000	1.418353	1.129	22711544	1855	-41.27999999999997
1610764007.91	320000	1.314167	0.393	19639705	1357	194.24
1610764009.72	320000	1.308255	0.776	20946809	1624	71.68
1610764010.8	320000	1.334984	0.102	11895609	937	287.36
1610764011.51	320000	1.624997	0.0	7597636	593	320.0
1610764012.33	40000	1.803405	0.0	9295618	695	-240.0
1610764012.85	40000	2.281095	0.0	5971357	415	40.0
1610764013.85	60000	2.2871	0.0	10988410	856	40.0
1610764015.85	80000	1.441337	0.152	20600381	1815	11.36
1610764017.46	80000	1.345223	0.516	17710542	1452	-85.12
1610764018.22	80000	1.587894	0.0	7412644	638	80.0
1610764019.45	110000	1.357791	0.0	12783186	1084	80.0
1610764020.55	110000	1.363933	0.102	13101938	964	77.36
1610764021.06	110000	1.85263	0.0	5268213	406	110.0
1610764022.01	110000	1.900128	0.0	9838179	822	110.0
1610764022.66	110000	2.255981	0.0	6126794	538	110.0
1610764024.66	80000	1.469309	0.219	20277060	1830	-20.08
1610764025.91	80000	1.438861	0.212	14877694	1102	12.159999999999997
1610764027.01	80000	1.396246	0.065	11453319	970	59.2
1610764028.35	80000	1.461954	0.404	13274781	1207	-49.28
1610764029.02	40000	1.792413	0.0	8054223	551	0.0
1610764030.53	40000	1.367229	0.088	5596063	1402	11.84
1610764031.27	40000	1.633772	0.0	4316804	633	40.0
1610764033.26	40000	1.457179	0.82	18604040	1837	-222.39999999999998
1610764034.83	40000	1.278121	0.383	20723782	1387	-82.56
1610764035.15	40000	1.958134	0.0	3622285	225	40.0
1610764035.44	40000	2.663594	0.0	3854472	199	40.0
1610764035.88	80000	3.223828	0.0	6381056	329	40.0
1610764036.61	160000	3.497933	0.0	12791674	578	80.0
1610764037.22	160000	3.88939	0.0	11137898	474	160.0
1610764037.71	160000	4.410477	0.0	11485310	346	160.0
1610764038.22	160000	4.890542	0.0	12428518	374	160.0
1610764038.93	320000	5.181394	0.0	23618590	502	160.0
1610764039.8	320000	5.312066	0.0	27475995	649	320.0
1610764040.68	320000	5.439047	0.0	26460007	655	320.0
1610764041.99	320000	5.121355	0.0	26763657	1103	320.0
1610764043.04	320000	5.072569	0.0	33826873	752	320.0
1610764044.02	320000	5.098556	0.0	41214174	630	320.0
1610764046.06	320000	4.062456	0.0	83204731	1226	320.0
1610764049.22	320000	1.939172	0.0	75539257	2667	320.0
1610764050.16	320000	2.041041	0.0	16577177	760	320.0
1610764055.83	320000	1.325905	3.932	39814357	5411	-938.24
1610764056.23	40000	1.925525	0.0	5516229	289	-240.0
1610764056.47	40000	2.696534	0.0	3897146	132	40.0
1610764056.68	40000	3.478921	0.0	3491407	115	40.0
1610764056.88	40000	4.279861	0.0	3184630	107	40.0
1610764057.15	110000	5.013585	0.0	4738333	160	40.0
1610764057.97	320000	5.1892	0.0	20850595	632	110.0
1610764058.66	320000	5.499678	0.0	16458609	524	320.0
1610764059.08	320000	6.087808	0.0	8700077	291	320.0
1610764059.46	320000	6.710113	0.0	8292135	261	320.0
1610764060.31	320000	6.852594	0.0	22212109	663	320.0
1610764061.62	320000	6.551909	0.0	27931458	1073	320.0
1610764063.09	320000	6.081382	0.0	28076035	1251	320.0
1610764064.98	320000	5.190572	0.0	34615012	1610	320.0
1610764066.46	320000	4.714513	0.0	31574841	1235	320.0
1610764067.64	320000	4.535319	0.0	28857310	922	320.0
1610764069.25	320000	3.922119	0.0	30799251	1377	320.0
1610764070.6	320000	3.576713	0.0	29900862	1094	320.0
1610764071.99	320000	3.189473	0.0	32431711	1142	320.0
1610764074.27	320000	1.904706	0.0	32680833	2013	320.0
1610764076.24	320000	1.277891	0.337	30468229	1752	212.16
1610764078.06	160000	1.337218	0.86	14665119	1678	-275.2
1610764078.46	40000	1.943586	0.0	4894685	287	-80.0
1610764078.87	40000	2.532632	0.0	5759046	303	40.0
1610764079.23	40000	3.168438	0.0	4905689	259	40.0
1610764080.59	40000	2.813771	0.0	6695853	1239	40.0
1610764081.06	40000	3.342366	0.0	6133072	363	40.0
1610764081.51	60000	3.897382	0.0	6050499	334	40.0
1610764081.74	40000	4.661116	0.0	3478014	139	20.0
1610764082.01	40000	5.399564	0.0	4098626	164	40.0
1610764082.28	40000	6.126026	0.0	4165439	168	40.0
1610764083.19	160000	6.219297	0.0	20008245	727	40.0
1610764085.16	160000	5.250746	0.0	58430914	1566	160.0
1610764085.99	320000	5.421123	0.0	30861098	567	160.0
1610764088.13	320000	4.285827	0.0	53161890	1798	320.0
1610764089.66	320000	3.749606	0.0	49661559	1184	320.0
1610764090.34	320000	4.073091	0.0	27673254	456	320.0
1610764091.02	320000	4.392546	0.0	29061600	450	320.0
1610764091.75	320000	4.670185	0.0	29596558	485	320.0
1610764092.65	320000	4.764545	0.0	29264466	676	320.0
1610764093.4	320000	5.019602	0.0	29949400	512	320.0
1610764094.02	320000	5.395729	0.0	30225692	385	320.0
1610764094.59	320000	5.827798	0.0	27528494	350	320.0
1610764095.24	320000	6.189228	0.0	28959567	412	320.0
1610764095.83	320000	6.591696	0.0	27200869	367	320.0
1610764096.61	320000	6.816313	0.0	37091406	470	320.0
1610764097.23	320000	7.196191	0.0	32442772	370	320.0
1610764097.99	320000	7.431251	0.0	38733768	475	320.0
1610764099.56	320000	6.866853	0.0	43207501	1262	320.0
1610764100.74	320000	6.691854	0.0	39867273	891	320.0
1610764101.64	320000	6.78882	0.0	44687216	601	320.0
1610764102.39	320000	7.037889	0.0	37222510	475	320.0
1610764103.19	320000	7.236922	0.0	37697615	537	320.0
1610764103.54	320000	7.888021	0.0	13943369	203	320.0
1610764105.31	320000	7.125231	0.0	33909675	1507	320.0
1610764105.98	320000	7.452181	0.0	25608467	459	320.0
1610764106.49	320000	7.946057	0.0	21666875	301	320.0
1610764107.04	320000	8.3934	0.0	29164819	315	320.0
1610764108.34	320000	8.175238	0.0	75257111	802	320.0
1610764109.59	320000	8.009784	0.0	71035332	800	320.0
1610764110.11	320000	8.498571	0.0	27276036	272	320.0
1610764110.54	320000	9.071192	0.0	23233775	232	320.0
1610764111.47	320000	9.141256	0.0	21096285	740	320.0
1610764114.03	320000	7.580193	0.0	28685524	2307	320.0
1610764114.51	160000	8.097105	0.0	23283631	262	0.0
1610764115.03	110000	8.579011	0.0	27817780	297	60.0
1610764115.36	110000	9.281288	0.0	16060560	170	110.0
1610764115.61	110000	10.068952	0.0	11168326	117	110.0
1610764116.15	160000	10.740813	0.0	17116450	363	110.0
1610764118.41	320000	9.480383	0.0	43188629	1960	160.0
1610764119.65	320000	9.239159	0.0	38404993	960	320.0
1610764122.24	320000	7.656971	0.0	50554338	2216	320.0
1610764124.19	160000	6.705757	0.0	25782433	1736	0.0
1610764128.08	110000	3.817933	0.0	17343962	3704	60.0
1610764128.77	40000	4.130065	0.0	6062060	571	-30.0
1610764129.15	40000	4.741661	0.0	5850985	282	40.0
1610764129.56	40000	5.338421	0.0	6118487	295	40.0
1610764130.08	40000	5.818042	0.0	6683536	409	40.0
1610764130.45	40000	6.451568	0.0	4036556	271	40.0
1610764132.09	110000	5.810391	0.0	9918331	1513	40.0
1610764135.87	80000	3.034795	0.0	13578682	3623	50.0
1610764138.88	40000	1.388815	0.369	6446252	2909	-118.08
1610764139.49	40000	1.785322	0.0	6361946	497	40.0
1610764139.9	40000	2.374545	0.0	4367184	314	40.0
1610764140.37	40000	2.899962	0.0	6033322	360	40.0
1610764140.74	40000	3.532168	0.0	4507990	268	40.0
1610764141.2	40000	4.079082	0.0	6371885	348	40.0
1610764141.67	40000	4.611418	0.0	6582726	359	40.0
1610764142.1	110000	5.177088	0.0	9645423	308	40.0
1610764142.76	160000	5.521934	0.0	16841176	486	110.0
1610764143.35	160000	5.92745	0.0	16743604	431	160.0
1610764143.99	160000	6.288231	0.0	17975224	466	160.0
1610764145.31	320000	5.971498	0.0	44043502	1019	160.0
1610764146.13	320000	6.152225	0.0	28911363	600	320.0
1610764147.51	320000	5.771296	0.0	31997411	1122	320.0
1610764149.07	320000	5.212323	0.0	37860562	1294	320.0
1610764150.57	320000	4.71649	0.0	34218681	1215	320.0
1610764157.18	320000	1.265254	2.164	30315897	6396	-372.48
1610764157.58	40000	1.864015	0.0	4039495	300	-240.0
1610764157.92	40000	2.529425	0.0	3205850	243	40.0
1610764158.15	40000	3.296262	0.0	4848722	132	40.0
1610764158.39	40000	4.054446	0.0	5225224	140	40.0
1610764158.6	40000	4.848311	0.0	4026891	108	40.0
1610764159.77	320000	4.684292	0.0	32708889	909	40.0
1610764160.32	320000	5.132004	0.0	16257756	389	320.0
1610764160.86	320000	5.59111	0.0	16440860	379	320.0
1610764161.27	320000	6.179937	0.0	12523766	272	320.0
1610764161.95	320000	6.505074	0.0	22159647	482	320.0
1610764162.55	320000	6.905311	0.0	17516376	434	320.0
1610764162.78	320000	7.67615	0.0	5119060	127	320.0
1610764162.96	320000	8.498664	0.0	3788776	94	320.0
1610764163.09	320000	9.370935	0.0	3041389	57	320.0
1610764163.16	320000	10.302234	0.0	640071	8	320.0
1610764163.27	320000	11.192328	0.0	3111318	58	320.0
1610764163.61	60000	1.000999	0.085	377897	6	-27.200000000000003
1610764164.14	320000	1.796016	0.0	14912671	297	60.0
1610764165.12	320000	1.821312	0.0	24265636	716	320.0
1610764165.77	320000	2.237779	0.0	22711544	458	320.0
1610764166.29	320000	2.825589	0.0	19639705	338	320.0
1610764166.82	320000	3.326802	0.0	20946809	334	320.0
1610764167.23	320000	3.945446	0.0	11895609	262	320.0
1610764167.55	320000	4.629093	0.0	7597636	198	320.0
1610764169.07	320000	4.165829	0.0	56067905	915	320.0
1610764169.96	320000	4.277071	0.0	46062054	544	320.0
1610764171.03	320000	4.21102	0.0	60496562	669	320.0
1610764172.84	320000	3.397125	0.0	90475604	1078	320.0
1610764174.59	320000	2.653038	0.0	94557637	1159	320.0
1610764175.55	320000	2.766193	0.0	48403531	596	320.0
1610764176.54	320000	3.024694	0.0	63326685	559	320.0
1610764177.38	320000	3.396581	0.0	66782145	378	320.0
1610764177.63	320000	4.149243	0.0	13212243	105	320.0
1610764178.11	320000	4.776301	0.0	29387773	232	320.0
1610764178.38	320000	5.509996	0.0	17336677	97	320.0
1610764180.28	320000	4.659466	0.0	126296507	794	320.0
