1610760941.52	60000	1.000999	0.053	336477	40	-16.96
1610760942.57	80000	1.471328	0.147	14912671	927	12.96
1610760943.25	60000	1.78796	0.0	20421673	517	40.0
1610760943.56	60000	2.51364	0.0	13063186	214	60.0
1610760943.76	60000	3.310102	0.0	8954217	146	60.0
1610760943.93	60000	4.145461	0.0	7325507	119	60.0
1610760944.07	80000	5.003445	0.0	6232523	103	60.0
1610760944.19	80000	5.912659	0.0	5425476	88	80.0
1610760946.55	80000	4.618857	0.0	29583867	2123	80.0
1610760947.0	80000	5.163658	0.0	15816325	355	80.0
1610760947.42	80000	5.744639	0.0	15275967	331	80.0
1610760947.94	80000	6.227483	0.0	20600381	399	80.0
1610760948.39	80000	6.782919	0.0	17710542	338	80.0
1610760948.55	80000	7.624995	0.0	7412644	111	80.0
1610760948.82	110000	8.348333	0.0	12783186	191	80.0
1610760949.1	110000	9.076244	0.0	13101938	197	110.0
1610760949.21	110000	9.960313	0.0	5268213	79	110.0
1610760949.42	110000	10.758278	0.0	9838179	143	110.0
1610760949.55	110000	11.63209	0.0	6126794	87	110.0
1610760950.08	110000	12.093535	0.0	26576979	379	110.0
1610760950.67	160000	12.509502	0.0	28763893	406	110.0
1610760951.09	160000	13.092225	0.0	21266416	288	160.0
1610760951.55	160000	13.637012	0.0	23702229	318	160.0
1610760952.07	160000	14.112858	0.0	27580394	358	160.0
1610760952.45	160000	14.728338	0.0	20329780	264	160.0
1610760952.78	160000	15.410675	0.0	16109183	206	160.0
1610760954.07	160000	15.11286	0.0	58830800	756	160.0
1610760957.42	320000	12.764403	0.0	139539685	1993	160.0
1610760958.29	320000	12.899705	0.0	44512381	584	320.0
1610760959.08	320000	13.105233	0.0	46257154	553	320.0
1610760959.68	320000	13.503964	0.0	34846600	411	320.0
1610760960.27	320000	13.924984	0.0	33828007	402	320.0
1610760960.77	320000	14.424967	0.0	30396599	326	320.0
1610760961.26	320000	14.928039	0.0	30979822	321	320.0
1610760961.76	320000	15.429339	0.0	33204608	309	320.0
1610760962.12	320000	16.0787	0.0	23618590	211	320.0
1610760962.52	320000	16.675141	0.0	27475995	246	320.0
1610760962.86	320000	17.339224	0.0	26460007	185	320.0
1610760963.19	320000	18.004232	0.0	26763657	186	320.0
1610760963.61	320000	18.591226	0.0	33826873	229	320.0
1610760964.08	320000	19.11727	0.0	41214174	257	320.0
1610760965.1	320000	19.100562	0.0	83204731	509	320.0
1610760965.96	320000	19.239459	0.0	75539257	437	320.0
1610760966.16	320000	20.039238	0.0	16577177	96	320.0
1610760966.61	320000	20.591916	0.0	39814357	235	320.0
1610760967.25	320000	20.949041	0.0	50277186	379	320.0
1610760967.8	320000	21.400948	0.0	43375920	318	320.0
1610760968.34	320000	21.865018	0.0	39748690	282	320.0
1610760968.75	320000	22.459313	0.0	32725949	223	320.0
1610760968.95	320000	23.260083	0.0	15673611	105	320.0
1610760969.22	320000	24.001217	0.0	20850595	143	320.0
1610760969.43	320000	24.905542	0.0	16458609	109	320.0
1610760969.53	320000	25.806002	0.0	8700077	47	320.0
1610760969.63	320000	26.792274	0.0	8292135	45	320.0
1610760969.87	320000	27.793274	0.0	22212109	122	320.0
1610760970.19	320000	28.48597	0.0	27931458	151	320.0
1610760970.51	320000	29.305747	0.0	28076035	149	320.0
1610760970.87	320000	30.07454	0.0	34615012	181	320.0
1610760971.22	320000	30.833866	0.0	31574841	167	320.0
1610760971.54	320000	31.541725	0.0	28857310	149	320.0
1610760971.92	320000	32.236631	0.0	30799251	184	320.0
1610760972.27	320000	32.941476	0.0	29900862	178	320.0
1610760972.65	320000	33.684928	0.0	32431711	199	320.0
1610760973.06	320000	34.307886	0.0	32680833	212	320.0
1610760973.44	320000	34.978913	0.0	30468229	196	320.0
1610760973.84	320000	35.586482	0.0	31594806	197	320.0
1610760974.36	320000	36.070184	0.0	43158259	267	320.0
1610760974.98	320000	36.449576	0.0	53696400	324	320.0
1610760975.6	320000	36.825718	0.0	49804325	292	320.0
1610760976.64	320000	36.783813	0.0	56230532	749	320.0
1610760979.26	320000	35.171912	0.0	54033728	2319	320.0
1610760979.61	160000	35.820778	0.0	17849379	231	0.0
1610760979.87	160000	36.56427	0.0	16546531	153	160.0
1610760980.14	160000	37.293859	0.0	17718949	163	160.0
1610760980.4	160000	38.02807	0.0	17337137	159	160.0
1610760980.71	160000	38.727893	0.0	20008245	178	160.0
1610760981.54	160000	38.8969	0.0	58430914	500	160.0
1610760981.75	160000	39.683816	0.0	16292703	112	160.0
1610760982.08	160000	40.358529	0.0	25587422	176	160.0
1610760982.39	160000	41.043319	0.0	23982306	169	160.0
1610760982.62	160000	41.816841	0.0	13347845	145	160.0
1610760984.13	160000	41.313288	0.0	14337991	1418	160.0
1610760984.62	110000	41.854192	0.0	9945160	422	60.0
1610760984.73	80000	42.741579	0.0	6803527	63	50.0
1610760984.86	80000	43.654703	0.0	7120614	66	80.0
1610760984.98	80000	44.52702	0.0	7243569	67	80.0
1610760985.09	80000	45.421	0.0	6378767	60	80.0
1610760985.2	80000	46.316562	0.0	6369153	59	80.0
1610760985.3	80000	47.211917	0.0	6270064	58	80.0
1610760985.46	80000	48.083578	0.0	9600822	92	80.0
1610760985.61	80000	48.947889	0.0	10839240	86	80.0
1610760985.78	110000	49.783536	0.0	12316520	89	80.0
1610760985.95	110000	50.610946	0.0	13245175	95	110.0
1610760986.12	110000	51.446631	0.0	12490444	88	110.0
1610760986.33	110000	52.258649	0.0	15265366	108	110.0
1610760986.5	110000	53.086744	0.0	13365138	96	110.0
1610760986.66	110000	53.935094	0.0	13994870	72	110.0
1610760986.75	160000	54.842771	0.0	7671072	39	110.0
1610760986.94	160000	55.651335	0.0	17781906	90	160.0
1610760987.09	160000	56.503117	0.0	12839336	71	160.0
1610760987.21	160000	57.382995	0.0	10779770	55	160.0
1610760987.37	160000	58.226932	0.0	14606687	74	160.0
1610760987.87	160000	58.731045	0.0	41866951	267	160.0
1610760988.42	160000	59.182905	0.0	37238410	340	160.0
1610760990.07	320000	58.605432	0.0	27276036	1496	160.0
1610760990.53	160000	59.141622	0.0	11399187	396	0.0
1610760991.18	160000	59.639525	0.0	10358641	85	160.0
1610760991.87	160000	59.890517	0.0	14315696	104	160.0
1610760993.16	160000	59.641372	0.0	23283631	154	160.0
1610760994.0	110000	59.892498	0.0	27817780	182	60.0
1610760995.2	110000	59.64351	0.0	16060560	107	110.0
1610760995.85	110000	59.894479	0.0	11168326	77	110.0
1610760997.01	110000	59.895463	0.0	12064050	79	110.0
1610760998.16	110000	59.646465	0.0	12122131	77	110.0
1610760998.82	110000	59.897464	0.0	10969714	90	110.0
1610761000.11	160000	59.648463	0.0	24759401	153	110.0
1610761002.34	160000	58.375113	0.0	25782433	2075	160.0
1610761003.06	110000	58.653197	0.0	17343962	611	60.0
1610761003.44	80000	59.277255	0.0	12704190	298	50.0
1610761003.81	80000	59.907195	0.0	12007698	301	80.0
1610761005.23	80000	59.65352	0.0	12501375	347	80.0
1610761006.06	80000	59.889788	0.0	13457876	251	80.0
1610761006.97	80000	59.905509	0.0	8587729	341	80.0
1610761008.0	110000	59.906527	0.0	9918331	468	80.0
1610761009.02	110000	59.907428	0.0	19006737	407	110.0
1610761009.79	110000	59.933254	0.0	19028716	654	110.0
1610761011.25	110000	59.645604	0.0	18031107	852	110.0
1610761012.31	110000	59.862206	0.0	13308895	473	110.0
1610761013.25	110000	59.857971	0.0	16649620	834	110.0
1610761014.29	160000	59.875876	0.0	19373656	914	110.0
1610761015.63	110000	59.745224	0.0	16608135	724	60.0
1610761017.26	110000	58.908792	0.0	17077492	1523	110.0
1610761018.28	110000	58.884308	0.0	9645423	962	110.0
1610761018.86	80000	59.308105	0.0	8020179	523	50.0
1610761019.31	80000	59.855364	0.0	7882490	394	80.0
1610761020.79	80000	59.500247	0.0	8469705	422	80.0
1610761021.83	80000	59.343381	0.0	10869298	963	80.0
1610761022.67	80000	59.496215	0.0	8336931	791	80.0
1610761023.41	80000	59.762078	0.0	9782551	672	80.0
1610761024.64	80000	59.754258	0.0	11598573	664	80.0
1610761025.66	80000	59.744973	0.0	9254020	451	80.0
1610761026.53	80000	59.756222	0.0	6922363	325	80.0
1610761027.52	80000	59.757249	0.0	8494032	441	80.0
1610761028.46	80000	59.75822	0.0	6723557	388	80.0
1610761029.53	80000	59.75923	0.0	9962942	511	80.0
1610761030.55	80000	59.760233	0.0	10840351	458	80.0
1610761031.47	80000	59.76124	0.0	8732970	359	80.0
1610761032.65	110000	59.751867	0.0	10680491	604	80.0
1610761033.49	110000	59.763132	0.0	5208724	298	110.0
1610761034.8	110000	59.51412	0.0	5906076	269	110.0
1610761035.68	110000	59.515249	0.0	4674535	342	110.0
1610761036.2	110000	59.985508	0.0	6705784	473	110.0
1610761037.68	110000	59.517225	0.0	6312703	439	110.0
1610761038.74	80000	59.518131	0.0	1491121	31	50.0
1610761039.79	80000	59.519132	0.0	1146202	27	80.0
1610761040.82	80000	59.520185	0.0	447883	10	80.0
1610761041.84	80000	59.521211	0.0	279272	4	80.0
1610761042.86	60000	59.522185	0.0	244268	3	40.0
1610761043.21	60000	1.000999	0.056	377897	5	-17.92
1610761043.62	80000	1.933721	0.0	14912671	235	60.0
1610761044.09	60000	2.469116	0.0	20421673	315	40.0
1610761044.36	60000	3.20242	0.0	13063186	191	60.0
1610761044.54	60000	4.015104	0.0	8954217	130	60.0
1610761044.7	60000	4.855309	0.0	7325507	111	60.0
1610761044.84	80000	5.719815	0.0	6232523	91	60.0
1610761044.95	80000	6.613401	0.0	5425476	72	80.0
1610761045.56	80000	7.066735	0.0	29583867	379	80.0
1610761045.86	80000	7.811739	0.0	15816325	203	80.0
1610761046.17	80000	8.502394	0.0	15275967	227	80.0
1610761046.93	110000	8.793212	0.0	33588177	509	80.0
1610761047.36	110000	9.367655	0.0	25684661	282	110.0
1610761047.54	110000	10.183377	0.0	10838546	119	110.0
1610761047.77	110000	10.977887	0.0	12783186	144	110.0
1610761047.99	110000	11.76172	0.0	13101938	141	110.0
1610761048.08	110000	12.675328	0.0	5268213	51	110.0
1610761048.33	160000	13.418302	0.0	15775481	153	110.0
1610761048.48	160000	14.274087	0.0	9163235	89	160.0
1610761049.18	160000	14.572593	0.0	41307095	401	160.0
1610761049.61	160000	15.141872	0.0	28763893	254	160.0
1610761049.92	160000	15.831797	0.0	21266416	188	160.0
1610761050.23	160000	16.526451	0.0	23702229	169	160.0
1610761050.58	160000	17.175658	0.0	27580394	191	160.0
1610761051.65	320000	17.110477	0.0	70549633	500	160.0
1610761052.27	320000	17.491625	0.0	50094571	334	320.0
1610761053.92	320000	16.838611	0.0	124391138	736	320.0
