1610848194.15	60000	1.000999	0.155	336477	116	-49.6
1610848195.05	40000	1.464758	0.0	14648397	673	20.0
1610848195.74	320000	1.780349	0.0	24265636	386	40.0
1610848196.21	320000	2.449088	0.0	22711544	291	320.0
1610848196.56	320000	3.09922	0.0	19639705	203	320.0
1610848196.94	320000	3.774647	0.0	20946809	217	320.0
1610848197.17	320000	4.539473	0.0	11895609	125	320.0
1610848197.33	320000	5.390253	0.0	7597636	80	320.0
1610848198.42	320000	5.35126	0.0	56067905	584	320.0
1610848199.21	320000	5.624201	0.0	46062054	491	320.0
1610848200.3	320000	5.535291	0.0	60496562	655	320.0
1610848202.41	320000	4.429624	0.0	90475604	1327	320.0
1610848208.77	320000	1.189287	2.095	94557637	5839	-350.4
1610848211.45	320000	1.397471	1.678	48403531	2407	-216.96000000000004
1610848214.6	320000	1.338482	2.091	63326685	2788	-349.12
1610848228.75	320000	1.418508	13.258	66782145	13773	-3922.5600000000004
1610848230.06	320000	1.371473	0.314	13212243	1207	219.51999999999998
1610848232.53	320000	1.436043	1.535	29387773	2292	-171.2
1610848233.83	320000	1.463767	0.327	17336677	1179	215.36
1610848235.42	40000	1.299317	0.422	11199212	1495	-375.03999999999996
1610848236.14	40000	1.574679	0.0	8376884	631	40.0
1610848236.67	40000	2.049824	0.0	6254528	452	40.0
1610848237.26	40000	2.454771	0.0	7313446	517	40.0
1610848237.87	40000	2.847011	0.0	8054223	526	40.0
1610848238.31	40000	3.419057	0.0	5596063	359	40.0
1610848238.64	40000	4.077665	0.0	4316804	275	40.0
1610848239.99	40000	3.728159	0.0	18604040	1208	40.0
1610848241.41	40000	3.313333	0.0	20723782	1267	40.0
1610848241.67	40000	4.052515	0.0	3622285	195	40.0
1610848241.95	40000	4.77206	0.0	3854472	219	40.0
1610848244.1	320000	3.62782	0.0	34846600	1901	40.0
1610848246.02	320000	2.704955	0.0	33828007	1703	320.0
1610848247.64	320000	2.1146	0.0	30396599	1405	320.0
1610848249.21	320000	1.548068	0.0	30979822	1350	320.0
1610848250.71	320000	1.303179	0.251	33204608	1294	239.68
1610848258.99	320000	1.334754	7.318	23618590	8123	-2021.7600000000002
1610848259.81	320000	1.521518	0.0	27475995	612	320.0
1610848260.71	320000	1.621783	0.0	26460007	706	320.0
1610848261.73	320000	1.601743	0.0	26763657	833	320.0
1610848272.48	320000	1.40593	9.555	33826873	10523	-2737.6
1610848274.38	320000	1.459779	0.954	41214174	1669	14.720000000000027
1610848274.99	40000	1.843006	0.0	13308063	505	-240.0
1610848275.52	40000	2.315736	0.0	11857920	422	40.0
1610848276.24	320000	2.594277	0.0	16577177	586	40.0
1610848278.06	320000	1.783443	0.0	39814357	1559	320.0
1610848288.77	320000	1.418069	9.344	50277186	10440	-2670.08
1610848293.69	320000	1.252106	3.749	43375920	4663	-879.6800000000001
1610848294.05	40000	1.885269	0.0	3491407	301	-240.0
1610848294.36	40000	2.577019	0.0	3184630	248	40.0
1610848295.61	320000	2.332522	0.0	15673611	1126	40.0
1610848296.84	320000	2.101168	0.0	20850595	1074	320.0
1610848297.64	320000	2.303808	0.0	16458609	666	320.0
1610848298.03	320000	2.909877	0.0	8700077	305	320.0
1610848298.39	320000	3.549822	0.0	8292135	275	320.0
1610848299.22	320000	3.721954	0.0	22212109	666	320.0
1610848300.13	320000	3.815782	0.0	27931458	719	320.0
1610848300.93	320000	4.014176	0.0	28076035	618	320.0
1610848301.83	320000	4.111798	0.0	34615012	668	320.0
1610848302.59	320000	4.352799	0.0	31574841	556	320.0
1610848303.24	320000	4.708339	0.0	28857310	444	320.0
1610848303.9	320000	5.05562	0.0	30799251	428	320.0
1610848304.51	320000	5.444148	0.0	29900862	405	320.0
1610848305.11	320000	5.839461	0.0	32431711	391	320.0
1610848305.7	320000	6.249045	0.0	32680833	367	320.0
1610848306.24	320000	6.715402	0.0	30468229	323	320.0
1610848306.78	320000	7.179256	0.0	31594806	318	320.0
1610848307.49	320000	7.470059	0.0	43158259	412	320.0
1610848308.36	320000	7.598065	0.0	53696400	541	320.0
1610848309.36	320000	7.594817	0.0	49804325	684	320.0
1610848317.81	320000	1.394871	0.996	56230532	8143	1.2799999999999727
1610848322.85	320000	1.339963	3.958	54033728	4728	-946.56
1610848325.74	320000	1.299091	1.849	40265492	2665	-271.67999999999995
1610848328.01	320000	1.359131	1.333	37527577	2048	-106.56
1610848329.69	320000	1.483078	0.807	38354537	1469	61.75999999999999
1610848330.93	320000	1.29323	0.041	33905183	1001	306.88
1610848332.08	320000	1.251378	0.098	37964644	919	288.64
1610848334.25	320000	1.350398	1.272	91609209	1689	-87.04000000000002
1610848334.99	320000	1.715723	0.0	30861098	495	320.0
1610848336.03	320000	1.718736	0.0	53161890	728	320.0
1610848338.33	320000	1.351437	0.934	49661559	2023	21.120000000000005
1610848340.26	320000	1.28736	0.866	27673254	1766	42.879999999999995
1610848341.56	320000	1.404955	0.416	29061600	1129	186.88
1610848342.85	320000	1.321817	0.202	29596558	1102	255.36
1610848344.13	320000	1.275272	0.234	29264466	1094	245.12
1610848345.4	320000	1.2548	0.25	29949400	1093	240.0
1610848346.67	320000	1.241902	0.251	30225692	1066	239.68
1610848347.78	320000	1.263531	0.128	27528494	937	279.04
1610848348.91	320000	1.382798	0.25	28959567	958	240.0
1610848349.98	320000	1.382947	0.073	27200869	871	296.64
1610848351.35	320000	1.468997	0.45	37091406	1161	176.0
1610848352.54	320000	1.348946	0.068	32442772	984	298.24
1610848363.4	320000	1.4133	9.925	38733768	10631	-2856.0
1610848366.95	320000	1.415937	2.553	43207501	3304	-496.96000000000004
1610848370.03	320000	1.40722	2.074	39867273	2824	-343.67999999999995
1610848373.65	320000	1.294477	2.5	44687216	3356	-480.0
