1607403541.47	40000	1.000999	0.02	334476	9	-3.200000000000003
1607403542.13	160000	1.726522	0.0	14912671	424	40.0
1607403542.8	160000	2.054589	0.0	24265636	404	160.0
1607403543.34	160000	2.547978	0.0	22711544	330	160.0
1607403543.8	160000	3.125117	0.0	19639705	279	160.0
1607403544.29	160000	3.68527	0.0	20946809	297	160.0
1607403544.61	160000	4.392092	0.0	11895609	170	160.0
1607403544.84	160000	5.160023	0.0	7597636	110	160.0
1607403546.2	160000	4.881365	0.0	56067905	823	160.0
1607403547.47	160000	4.621942	0.0	45444680	949	160.0
1607403548.86	160000	4.226081	0.0	54798068	1025	160.0
1607403550.51	160000	3.57869	0.0	69464107	1109	160.0
1607403551.6	160000	3.495507	0.0	50637608	745	160.0
1607403552.05	160000	4.036791	0.0	19559369	263	160.0
1607403552.56	160000	4.531959	0.0	22224402	309	160.0
1607403553.07	160000	5.025072	0.0	22578365	307	160.0
1607403553.3	160000	5.789798	0.0	8346702	108	160.0
1607403553.71	160000	6.39961	0.0	15775481	237	160.0
1607403553.98	160000	7.173269	0.0	9163235	139	160.0
1607403554.89	160000	7.270689	0.0	41307095	608	160.0
1607403555.54	160000	7.61312	0.0	28763893	412	160.0
1607403556.04	160000	8.116376	0.0	21266416	312	160.0
1607403556.62	160000	8.545375	0.0	23702229	360	160.0
1607403557.33	160000	8.831344	0.0	27580394	487	160.0
1607403557.84	160000	9.319259	0.0	20329780	317	160.0
1607403558.26	160000	9.899541	0.0	16109183	250	160.0
1607403560.05	160000	9.107529	0.0	58830800	1389	160.0
1607403561.57	160000	8.593592	0.0	66935122	1075	160.0
1607403561.95	160000	9.216261	0.0	15251076	210	160.0
1607403562.34	160000	9.824262	0.0	16574034	231	160.0
1607403562.75	160000	10.411612	0.0	13009028	274	160.0
1607403563.18	160000	10.988796	0.0	12791674	285	160.0
1607403564.28	160000	10.888952	0.0	11137898	968	160.0
1607403564.74	160000	11.424931	0.0	11485310	331	160.0
1607403565.15	160000	12.017577	0.0	12428518	269	160.0
1607403565.49	160000	12.676046	0.0	9963766	216	160.0
1607403565.85	160000	13.317019	0.0	12189364	223	160.0
1607403566.16	160000	14.006768	0.0	10142396	185	160.0
1607403566.48	160000	14.69621	0.0	10185488	185	160.0
1607403566.93	160000	15.241578	0.0	14061455	310	160.0
1607403567.56	160000	15.618882	0.0	20074099	441	160.0
1607403568.63	160000	15.549235	0.0	46115254	742	160.0
1607403569.59	160000	15.582784	0.0	40906522	652	160.0
1607403569.83	160000	16.344935	0.0	7891151	121	160.0
1607403570.34	160000	16.835545	0.0	21012466	324	160.0
1607403570.97	160000	17.205312	0.0	23519424	432	160.0
1607403571.5	160000	17.680738	0.0	18715420	353	160.0
1607403572.41	160000	17.770597	0.0	17000816	744	160.0
1607403573.15	160000	18.03649	0.0	14448126	583	160.0
1607403573.54	160000	18.647331	0.0	6958676	281	160.0
1607403573.85	160000	19.339257	0.0	9088791	192	160.0
1607403574.11	160000	20.076343	0.0	7211881	151	160.0
1607403574.26	160000	20.921998	0.0	3063586	64	160.0
1607403574.41	160000	21.774707	0.0	2782179	58	160.0
1607403574.83	160000	22.36188	0.0	9958410	288	160.0
1607403575.33	160000	22.862576	0.0	12158708	364	160.0
1607403576.04	160000	23.152557	0.0	12300216	573	160.0
1607403576.99	160000	23.205875	0.0	15815684	791	160.0
1607403577.75	160000	23.441777	0.0	13526256	624	160.0
1607403578.45	160000	23.745067	0.0	11995130	563	160.0
1607403579.01	160000	24.183258	0.0	13394791	420	160.0
1607403579.6	160000	24.595313	0.0	14135828	441	160.0
1607403580.18	160000	25.017483	0.0	15366126	430	160.0
1607403580.71	160000	25.484566	0.0	14248439	387	160.0
1607403581.23	160000	25.97098	0.0	13843717	369	160.0
1607403581.76	160000	26.439645	0.0	14665119	377	160.0
1607403582.48	160000	26.722809	0.0	21079187	529	160.0
1607403583.34	160000	26.858946	0.0	25480074	653	160.0
1607403584.16	160000	27.041564	0.0	23021754	615	160.0
1607403585.09	160000	27.114028	0.0	27527834	712	160.0
1607403585.99	160000	27.218343	0.0	26155848	666	160.0
1607403586.63	160000	27.580054	0.0	17849379	466	160.0
1607403587.21	160000	27.999142	0.0	16546531	418	160.0
1607403587.82	160000	28.386148	0.0	17718949	439	160.0
1607403588.42	160000	28.790708	0.0	17337137	417	160.0
1607403589.07	160000	29.143609	0.0	20008245	465	160.0
1607403590.75	160000	28.461921	0.0	58430914	1296	160.0
1607403591.21	160000	28.997647	0.0	16292703	300	160.0
1607403591.97	160000	29.252207	0.0	25587422	533	160.0
1607403597.4	160000	24.809755	0.0	23982306	5232	160.0
1607403598.47	160000	24.74542	0.0	13347845	922	160.0
1607403599.73	160000	24.481808	0.0	14337991	1118	160.0
1607403606.88	160000	18.338632	0.0	14584990	6996	160.0
1607403608.06	160000	18.160117	0.0	13962401	1033	160.0
1607403609.26	160000	17.95812	0.0	14393788	1056	160.0
1607403635.11	160000	1.294889	8.185	14649457	25698	-1149.6
1607403635.85	160000	1.550049	0.0	13409715	602	160.0
1607403636.55	160000	1.850409	0.0	13909605	556	160.0
1607403637.19	160000	2.209548	0.0	13301968	501	160.0
1607403638.05	160000	2.351642	0.0	19025846	675	160.0
1607403638.84	160000	2.564531	0.0	19295426	615	160.0
1607403639.57	160000	2.836556	0.0	18261873	557	160.0
1607403640.29	160000	3.116852	0.0	19847604	533	160.0
1607403640.91	160000	3.49347	0.0	18767181	452	160.0
1607403641.62	160000	3.784661	0.0	22420858	518	160.0
1607403642.26	160000	4.152199	0.0	19324333	449	160.0
1607403642.92	160000	4.492276	0.0	20392234	478	160.0
1607403643.15	160000	5.257034	0.0	7671072	124	160.0
1607403643.61	160000	5.799584	0.0	17781906	288	160.0
1607403643.98	160000	6.439685	0.0	12839336	214	160.0
1607403644.31	160000	7.103744	0.0	10779770	203	160.0
1607403644.73	160000	7.681651	0.0	14606687	274	160.0
1607403645.88	160000	7.533451	0.0	41866951	841	160.0
1607403646.66	160000	7.755243	0.0	37238410	494	160.0
1607403647.0	160000	8.416463	0.0	14347759	191	160.0
1607403647.36	160000	9.058315	0.0	11399187	232	160.0
1607403647.7	160000	9.723722	0.0	10358641	209	160.0
1607403648.14	160000	10.276169	0.0	14315696	304	160.0
1607403648.88	160000	10.544214	0.0	23283631	540	160.0
1607403649.83	110000	10.591943	0.0	27817780	708	60.0
1607403651.76	110000	9.663321	0.0	16060560	1770	110.0
1607403655.75	110000	6.67507	0.0	11168326	3850	110.0
1607403659.41	110000	4.015882	0.0	12064050	3515	110.0
1607403662.12	80000	2.307579	0.0	8446369	2581	50.0
1607403663.84	80000	1.583043	0.0	7511410	1610	80.0
1607403665.61	60000	1.260416	0.438	9064385	1639	-30.08
1607403666.79	40000	1.449856	0.37	6433588	1062	-39.2
1607403667.92	40000	1.315938	0.0	5638739	1033	40.0
1607403669.07	40000	1.322423	0.147	6062060	1037	16.48
1607403670.28	40000	1.470754	0.365	5850985	1117	-18.4
1607403671.14	60000	1.615666	0.0	9267595	730	40.0
1607403671.94	60000	1.813831	0.0	10030748	675	60.0
1607403672.96	80000	1.794766	0.0	8587729	894	60.0
1607403673.68	80000	2.083104	0.0	7067075	600	80.0
1607403674.94	80000	1.82384	0.0	13578682	1115	80.0
1607403676.13	80000	1.634258	0.0	13658286	1045	80.0
1607403677.52	80000	1.34321	0.103	13106871	1254	63.519999999999996
1607403678.15	60000	1.7137	0.0	6892659	514	40.0
1607403678.78	40000	2.093682	0.0	6033322	508	20.0
1607403679.27	40000	2.601903	0.0	4507990	381	40.0
1607403680.22	60000	2.650521	0.0	9283858	827	40.0
1607403682.3	80000	1.564814	0.0	12613176	1943	60.0
1607403683.9	110000	1.452288	0.477	9645423	1472	3.680000000000007
1607403684.9	110000	1.446104	0.0	11281629	873	110.0
1607403685.93	110000	1.422028	0.0	11179031	891	110.0
1607403686.97	110000	1.405887	0.029	12016215	908	105.36
1607403688.48	110000	1.462571	0.561	15214650	1365	20.239999999999995
1607403689.54	110000	1.403755	0.0	11200919	927	110.0
1607403690.75	110000	1.276036	0.076	12984407	1075	97.84
1607403692.3	110000	1.353888	0.629	15340646	1410	9.36
1607403693.28	110000	1.483891	0.116	12480173	854	91.44
1607403694.16	110000	1.610749	0.0	9581283	748	110.0
1607403695.48	110000	1.352271	0.062	11843441	1195	100.08
1607403696.36	110000	1.474327	0.0	9470053	754	110.0
1607403697.7	110000	1.41685	0.278	13845974	1202	65.52000000000001
1607403699.03	110000	1.446024	0.357	15054391	1191	52.88
1607403700.51	160000	1.303981	0.339	18863108	1312	55.75999999999999
1607403701.8	160000	1.394754	0.378	15964734	1141	99.52000000000001
1607403702.54	160000	1.656678	0.0	8284939	622	160.0
1607403703.31	160000	1.884529	0.0	9004706	654	160.0
1607403703.99	160000	2.200195	0.0	6955279	573	160.0
1607403704.92	160000	2.270997	0.0	10701639	804	160.0
1607403705.85	160000	2.343019	0.0	9459459	802	160.0
1607403706.25	160000	2.948724	0.0	3212828	306	160.0
1607403706.52	160000	3.674474	0.0	2509989	192	160.0
1607403706.74	160000	4.455955	0.0	2004927	153	160.0
1607403706.84	160000	5.360959	0.0	591360	45	160.0
1607403707.07	160000	6.566334	0.0	2394426	182	160.0
1607403707.49	40000	1.000999	0.037	336477	25	-5.920000000000002
1607403708.74	160000	1.285023	0.25	14912671	1033	0.0
1607403710.72	160000	1.438199	1.109	24265636	1715	-17.439999999999998
