1610841492.8	60000	1.000999	0.153	336477	112	-48.96
1610841493.81	40000	1.363794	0.0	14648397	804	20.0
1610841494.78	320000	1.429955	0.0	24265636	675	40.0
1610841495.54	320000	1.716698	0.0	22711544	587	320.0
1610841496.16	320000	2.116522	0.0	19639705	476	320.0
1610841496.79	320000	2.52366	0.0	20946809	465	320.0
1610841497.15	320000	3.18973	0.0	11895609	255	320.0
1610841497.4	320000	3.97573	0.0	7597636	165	320.0
1610841499.18	320000	3.198413	0.0	56067905	1256	320.0
1610841500.57	320000	2.816561	0.0	46062054	1098	320.0
1610841502.25	320000	2.131582	0.0	60496562	1218	320.0
1610841505.15	320000	0.966831	0.734	90475604	2199	85.12
1610841507.39	320000	1.374128	1.65	94557637	1746	-208.0
1610841508.48	320000	1.466218	0.0	48403531	766	320.0
1610841509.72	320000	1.340109	0.0	63326685	828	320.0
1610841511.01	320000	1.253867	0.196	66782145	844	257.28
1610841511.3	320000	1.958086	0.0	13212243	177	320.0
1610841512.08	320000	2.177617	0.0	29387773	576	320.0
1610841512.61	320000	2.658291	0.0	17336677	386	320.0
1610841515.26	320000	1.007262	0.0	126296507	1685	320.0
1610841517.02	320000	1.266482	0.787	96707447	1241	68.16
1610841518.48	320000	1.249771	0.209	72904162	997	253.12
1610841524.2	320000	1.344345	4.804	66993756	5294	-1217.28
1610841527.57	320000	1.266859	2.29	92389329	2890	-412.79999999999995
1610841532.66	320000	1.347222	4.177	70549633	4695	-1016.6400000000001
1610841536.43	320000	1.380101	2.748	50094571	3500	-559.36
1610841537.71	40000	1.355728	0.251	18604040	1131	-320.32
1610841539.0	40000	1.382483	0.32	20723782	1160	-62.400000000000006
1610841541.53	320000	1.4536	1.6	44512381	2284	-472.0
1610841544.57	320000	1.434405	1.914	46257154	2788	-292.48
1610841553.83	320000	1.394799	8.116	34846600	9054	-2277.12
1610841554.87	40000	1.379728	0.0	3212580	977	-240.0
1610841555.86	40000	1.398847	0.0	2781171	925	40.0
1610841556.43	40000	1.819172	0.0	2867806	519	40.0
1610841557.08	40000	2.177072	0.0	3105896	586	40.0
1610841557.69	40000	2.570385	0.0	2659767	552	40.0
1610841558.36	40000	2.901713	0.0	3460653	611	40.0
1610841558.81	40000	3.4471	0.0	2382623	403	40.0
1610841559.15	40000	4.108156	0.0	2243677	288	40.0
1610841559.63	40000	4.630712	0.0	3408862	420	40.0
1610841560.29	40000	4.975507	0.0	5061692	588	40.0
1610841561.79	40000	4.475224	0.0	13308063	1392	40.0
1610841562.97	40000	4.297461	0.0	11857920	1075	40.0
1610841564.48	320000	3.787137	0.0	16577177	1371	40.0
1610841565.03	40000	4.237976	0.0	6334422	473	-240.0
1610841565.49	40000	4.777557	0.0	5516229	392	40.0
1610841565.83	40000	5.438227	0.0	3897146	276	40.0
1610841566.14	40000	6.132916	0.0	3491407	246	40.0
1610841566.42	40000	6.847132	0.0	3184630	219	40.0
1610841567.59	320000	6.678915	0.0	15673611	1045	40.0
1610841568.95	320000	6.324094	0.0	20850595	1208	320.0
1610841569.83	320000	6.4455	0.0	16458609	747	320.0
1610841570.25	320000	7.021102	0.0	8700077	341	320.0
1610841570.64	320000	7.631208	0.0	8292135	304	320.0
1610841571.53	320000	7.745232	0.0	22212109	728	320.0
1610841572.5	320000	7.779862	0.0	27931458	778	320.0
1610841573.36	320000	7.914466	0.0	28076035	668	320.0
1610841574.3	320000	7.974547	0.0	34615012	721	320.0
1610841575.1	320000	8.184599	0.0	31574841	586	320.0
1610841575.76	320000	8.520032	0.0	28857310	477	320.0
1610841576.47	320000	8.808667	0.0	30799251	510	320.0
1610841577.13	320000	9.150771	0.0	29900862	465	320.0
1610841577.75	320000	9.537582	0.0	32431711	407	320.0
1610841578.36	320000	9.926347	0.0	32680833	396	320.0
1610841578.92	320000	10.365629	0.0	30468229	350	320.0
1610841579.48	320000	10.811253	0.0	31594806	340	320.0
1610841580.24	320000	11.054358	0.0	43158259	478	320.0
1610841582.02	320000	10.268747	0.0	53696400	1436	320.0
1610841585.2	320000	8.092678	0.0	49804325	2880	320.0
1610841587.43	320000	6.863599	0.0	56230532	1845	320.0
1610841589.51	320000	5.783307	0.0	54033728	1747	320.0
1610841591.09	320000	5.206605	0.0	40265492	1297	320.0
1610841592.51	320000	5.035811	0.0	37527577	1167	320.0
1610841593.92	320000	4.768595	0.0	38354537	1154	320.0
1610841595.16	320000	4.560044	0.0	33905183	990	320.0
1610841596.47	320000	4.295981	0.0	37964644	1078	320.0
1610841599.5	320000	2.277382	0.0	91609209	2441	320.0
1610841600.47	320000	2.300784	0.0	30861098	758	320.0
1610841601.97	320000	2.073109	0.0	53161890	1136	320.0
1610841603.23	320000	1.809974	0.0	49661559	958	320.0
1610841603.92	320000	2.122305	0.0	27673254	495	320.0
1610841604.6	320000	2.446388	0.0	29061600	472	320.0
1610841605.25	320000	2.796207	0.0	29596558	453	320.0
1610841605.87	320000	3.175469	0.0	29264466	421	320.0
1610841606.48	320000	3.569657	0.0	29949400	406	320.0
1610841607.08	320000	3.969654	0.0	30225692	389	320.0
1610841607.61	320000	4.437577	0.0	27528494	337	320.0
1610841608.15	320000	4.90218	0.0	28959567	342	320.0
1610841608.65	320000	5.402709	0.0	27200869	311	320.0
1610841609.33	320000	5.718841	0.0	37091406	424	320.0
1610841610.06	320000	5.994713	0.0	32442772	507	320.0
1610841611.25	320000	5.8007	0.0	38733768	954	320.0
1610841630.32	320000	1.367893	13.636	43207501	18801	-4043.5200000000004
1610841643.09	320000	1.258547	11.657	39867273	12511	-3410.24
1610841648.23	320000	1.424545	4.314	44687216	4895	-1060.48
1610841650.65	320000	1.352485	1.315	37222510	2201	-100.80000000000001
1610841652.38	320000	1.418719	0.798	37697615	1523	64.63999999999999
1610841652.97	320000	1.832318	0.0	13943369	467	320.0
1610841660.4	320000	1.469027	6.062	33909675	7191	-1619.84
1610841663.39	320000	1.26601	1.794	25608467	2821	-254.08000000000004
1610841665.44	320000	1.3271	1.109	21666875	1905	-34.879999999999995
1610841667.98	320000	1.388941	1.595	29164819	2352	-190.39999999999998
