1610773956.52	60000	1.000999	0.035	336477	23	-11.200000000000003
1610773957.68	40000	1.451256	0.235	14648397	1023	-55.2
1610773959.4	80000	1.34076	0.59	22644885	1559	-148.8
1610773960.69	80000	1.413673	0.343	17135714	1201	-29.760000000000005
1610773961.92	80000	1.313862	0.103	13114792	1147	47.04
1610773963.16	80000	1.294706	0.199	11497228	1174	16.32
1610773963.73	80000	1.731474	0.0	6232523	519	80.0
1610773964.19	80000	2.265757	0.0	5425476	414	80.0
1610773966.67	80000	1.43775	0.647	29583867	2259	-127.03999999999999
1610773968.28	80000	1.394528	0.57	15816325	1526	-102.4
1610773969.56	80000	1.465964	0.346	15275967	1202	-30.72
1610773971.2	80000	1.313405	0.49	20600381	1528	-76.80000000000001
1610773972.57	80000	1.280965	0.328	17710542	1260	-24.959999999999994
1610773973.27	80000	1.57279	0.0	7412644	658	80.0
1610773974.16	80000	1.690501	0.0	9055732	826	80.0
1610773975.01	80000	1.840305	0.0	9337721	789	80.0
1610773975.3	80000	2.552229	0.0	3201928	261	80.0
1610773975.84	80000	3.016056	0.0	6731501	490	80.0
1610773976.19	80000	3.662781	0.0	4543558	321	80.0
1610773978.21	80000	2.64678	0.0	20277060	1877	80.0
1610773979.67	80000	2.189069	0.0	14877694	1369	80.0
1610773980.6	80000	2.259094	0.0	11453319	859	80.0
1610773981.64	80000	2.215175	0.0	13274781	960	80.0
1610773982.77	80000	2.087107	0.0	14862949	1034	80.0
1610773983.58	80000	2.284041	0.0	10513690	739	80.0
1610773984.34	80000	2.52312	0.0	8329186	695	80.0
1610773987.13	80000	1.390234	0.669	34554431	2623	-134.08
1610773990.01	80000	1.31067	1.792	37801487	2651	-493.44000000000005
1610773990.55	80000	1.768942	0.0	7180834	487	80.0
1610773991.21	80000	2.106742	0.0	7801969	608	80.0
1610773991.79	80000	2.524345	0.0	6381056	537	80.0
1610773992.44	80000	2.879662	0.0	6393963	600	80.0
1610773993.05	80000	3.271835	0.0	5578363	565	80.0
1610773993.65	80000	3.672119	0.0	5739662	559	80.0
1610773994.17	80000	4.152402	0.0	6190601	465	80.0
1610773994.61	80000	4.717482	0.0	5198830	395	80.0
1610773995.23	80000	5.096575	0.0	6516530	573	80.0
1610773995.69	80000	5.635315	0.0	4960781	425	80.0
1610773996.13	80000	6.20412	0.0	4876023	395	80.0
1610773996.73	80000	6.601821	0.0	7013013	546	80.0
1610773997.5	80000	6.826482	0.0	10250816	713	80.0
1610773999.97	80000	5.361837	0.0	26113743	2303	80.0
1610774001.91	80000	4.422441	0.0	22860019	1796	80.0
1610774002.32	80000	5.00768	0.0	4146191	380	80.0
1610774003.27	80000	5.062355	0.0	11601071	874	80.0
1610774004.3	80000	5.032631	0.0	11589115	941	80.0
1610774005.01	80000	5.322531	0.0	8720528	654	80.0
1610774005.6	80000	5.741692	0.0	7852064	529	80.0
1610774006.23	80000	6.104886	0.0	6922163	577	80.0
1610774006.55	80000	6.788213	0.0	3458958	288	80.0
1610774006.93	80000	7.405401	0.0	4351089	347	80.0
1610774007.24	80000	8.09917	0.0	3468038	276	80.0
1610774007.36	80000	8.984987	0.0	1235756	97	80.0
1610774007.45	80000	9.890032	0.0	1010776	80	80.0
1610774007.83	80000	10.517237	0.0	4682485	339	80.0
1610774008.25	80000	11.097763	0.0	5642819	380	80.0
1610774008.68	80000	11.664947	0.0	5815666	392	80.0
1610774009.49	110000	11.851745	0.0	10662977	742	80.0
1610774010.35	110000	11.995544	0.0	8793419	800	110.0
1610774010.83	80000	12.518786	0.0	5098216	436	50.0
1610774011.3	80000	13.047884	0.0	5982646	427	80.0
1610774011.83	80000	13.515149	0.0	6905077	482	80.0
1610774012.37	80000	13.982382	0.0	7258180	485	80.0
1610774012.82	80000	14.536388	0.0	5903236	403	80.0
1610774013.51	110000	14.839087	0.0	8711578	627	80.0
1610774014.22	110000	15.130861	0.0	9417807	643	110.0
1610774015.31	110000	15.040105	0.0	14377779	1001	110.0
1610774016.67	110000	14.686081	0.0	17340552	1254	110.0
1610774017.99	110000	14.36922	0.0	15365006	1225	110.0
1610774019.22	80000	14.141749	0.0	13889966	1138	50.0
1610774020.43	80000	13.931289	0.0	12943936	1137	80.0
1610774021.14	80000	14.224605	0.0	8355811	650	80.0
1610774021.77	80000	14.594338	0.0	7699623	581	80.0
1610774022.56	80000	14.800588	0.0	8697196	741	80.0
1610774023.48	80000	14.879169	0.0	8539884	867	80.0
1610774024.31	80000	15.055197	0.0	10111273	758	80.0
1610774027.2	80000	13.16659	0.0	34025057	2685	80.0
1610774028.02	80000	13.349968	0.0	8652970	765	80.0
1610774029.13	80000	13.234073	0.0	12877164	1036	80.0
1610774030.21	80000	13.162872	0.0	11975956	996	80.0
1610774030.68	80000	13.68746	0.0	6280571	429	80.0
1610774031.19	80000	14.180385	0.0	6681274	462	80.0
1610774031.74	80000	14.631381	0.0	7178853	500	80.0
1610774032.27	80000	15.09864	0.0	6803527	484	80.0
1610774032.83	80000	15.541379	0.0	7120614	508	80.0
1610774033.62	110000	15.751048	0.0	10023423	715	80.0
1610774034.35	110000	16.028686	0.0	8908280	666	110.0
1610774035.1	110000	16.272251	0.0	9004051	702	110.0
1610774035.66	80000	16.714536	0.0	6270064	513	50.0
1610774036.43	80000	16.94715	0.0	9600822	710	80.0
1610774037.36	80000	17.017302	0.0	10839240	866	80.0
1610774038.15	80000	17.234289	0.0	8798342	729	80.0
1610774038.93	80000	17.449221	0.0	9413866	729	80.0
1610774039.59	80000	17.795414	0.0	8818409	594	80.0
1610774040.39	80000	17.989261	0.0	10884020	742	80.0
1610774041.17	80000	18.21231	0.0	9684889	715	80.0
1610774042.05	80000	18.332896	0.0	10113016	818	80.0
1610774042.39	80000	18.991006	0.0	3986512	310	80.0
1610774043.43	80000	18.954168	0.0	8761637	980	80.0
1610774044.43	80000	18.958279	0.0	6255843	947	80.0
1610774044.97	60000	19.416266	0.0	3982768	501	40.0
1610774045.49	60000	19.897573	0.0	5173499	480	60.0
1610774047.07	60000	19.31928	0.0	17736300	1466	60.0
1610774047.69	60000	19.697424	0.0	14917504	521	60.0
1610774047.96	80000	20.432499	0.0	6968696	214	60.0
1610774048.1	80000	21.293905	0.0	4651140	101	80.0
1610774048.28	110000	22.113835	0.0	6126549	134	80.0
1610774048.55	110000	22.84804	0.0	9409059	205	110.0
1610774049.14	160000	23.256209	0.0	23283631	444	110.0
1610774050.56	320000	22.835794	0.0	65057331	897	160.0
1610774051.28	320000	23.117808	0.0	41329817	489	320.0
1610774051.85	320000	23.547373	0.0	30837965	374	320.0
1610774052.47	320000	23.931501	0.0	33542198	420	320.0
1610774053.27	320000	24.140931	0.0	43188629	537	320.0
1610774053.96	320000	24.443852	0.0	38404993	453	320.0
1610774054.99	320000	24.41611	0.0	50554338	722	320.0
1610774055.95	320000	24.453639	0.0	52531967	663	320.0
1610774057.26	320000	24.141912	0.0	54618297	1008	320.0
1610774058.3	320000	24.110266	0.0	54267260	724	320.0
1610774059.2	320000	24.206574	0.0	46984925	635	320.0
1610774069.81	320000	14.603595	0.0	52441959	10287	320.0
1610774070.18	40000	15.233243	0.0	6683536	316	-240.0
1610774070.33	40000	16.081529	0.0	4036556	120	40.0
1610774070.46	40000	16.954444	0.0	3322499	98	40.0
1610774070.69	40000	17.718701	0.0	6343093	188	40.0
1610774070.93	40000	18.483117	0.0	6446252	191	40.0
1610774071.56	160000	18.856721	0.0	25946474	473	40.0
1610774072.48	320000	18.93438	0.0	39311524	673	160.0
1610774073.48	320000	19.039773	0.0	45141551	729	320.0
1610774074.24	320000	19.323757	0.0	38678341	526	320.0
1610774076.51	320000	18.050964	0.0	48869677	1959	320.0
1610774077.18	160000	18.384293	0.0	24493733	492	0.0
1610774077.57	160000	18.997429	0.0	14528511	303	160.0
1610774078.02	160000	19.545491	0.0	16841176	351	160.0
1610774079.71	160000	18.947909	0.0	16743604	1569	160.0
1610774080.44	110000	19.218253	0.0	12016215	655	60.0
1610774082.03	110000	18.910174	0.0	15214650	1495	110.0
1610774082.51	80000	19.432461	0.0	8336931	417	50.0
1610774083.04	80000	20.109808	0.0	9782551	472	80.0
1610774084.01	80000	20.308776	0.0	11598573	886	80.0
1610774085.79	80000	19.684038	0.0	9254020	1716	80.0
1610774086.21	60000	20.257791	0.0	5103310	385	40.0
1610774086.56	60000	20.907304	0.0	6244074	308	60.0
1610774086.84	60000	21.628997	0.0	4926138	243	60.0
1610774087.23	60000	22.24119	0.0	7379602	343	60.0
1610774087.6	60000	22.874741	0.0	8011132	316	60.0
1610774088.17	110000	23.303829	0.0	12467336	493	60.0
1610774088.95	160000	23.53543	0.0	15964734	660	110.0
1610774089.29	160000	24.187269	0.0	8284939	291	160.0
1610774089.61	160000	24.863663	0.0	9004706	267	160.0
1610774089.87	160000	25.613063	0.0	6955279	206	160.0
1610774090.27	160000	26.213629	0.0	10701639	330	160.0
1610774090.64	160000	26.835975	0.0	9459459	317	160.0
1610774090.79	160000	27.690769	0.0	3212828	105	160.0
1610774090.9	160000	28.581566	0.0	2509989	83	160.0
1610774090.99	160000	29.491715	0.0	2004927	65	160.0
1610774091.03	160000	30.457606	0.0	591360	20	160.0
1610774091.08	110000	31.407993	0.0	931350	31	60.0
1610774091.47	60000	1.000999	0.05	377897	9	-16.0
1610774092.07	40000	1.810445	0.0	14648397	396	20.0
1610774092.85	80000	2.02688	0.0	22644885	566	40.0
1610774093.56	160000	2.383682	0.0	22711544	553	80.0
1610774094.16	160000	2.809579	0.0	19639705	472	160.0
1610774094.78	160000	3.221615	0.0	20946809	474	160.0
1610774095.14	320000	3.888284	0.0	11895609	270	160.0
1610774095.35	320000	4.682939	0.0	7597636	151	320.0
1610774096.97	320000	4.11424	0.0	56067905	1091	320.0
1610774097.97	320000	4.11239	0.0	46062054	723	320.0
1610774099.2	320000	3.887566	0.0	60496562	872	320.0
1610774101.15	320000	2.937373	0.0	90475604	1240	320.0
1610774102.8	320000	2.290117	0.0	94557637	1082	320.0
1610774103.69	320000	2.583316	0.0	48403531	594	320.0
1610774104.89	320000	2.669088	0.0	63326685	827	320.0
1610774106.22	320000	2.465731	0.0	66782145	897	320.0
1610774106.46	320000	3.219215	0.0	13212243	165	320.0
1610774107.02	320000	3.663492	0.0	29387773	368	320.0
1610774107.38	320000	4.307431	0.0	17336677	243	320.0
1610774110.76	320000	1.995727	0.0	126296507	2267	320.0
1610774112.68	320000	1.336132	0.0	96707447	1312	320.0
1610774114.14	320000	1.288432	0.056	72904162	950	302.08
1610774115.59	320000	1.463457	0.638	66993756	1144	115.84
1610774117.22	320000	1.295787	0.46	92389329	1159	172.8
1610774118.54	320000	1.436096	0.457	70549633	861	173.76
1610774119.46	320000	1.547778	0.0	50094571	648	320.0
1610774121.73	320000	1.380964	1.095	124391138	1630	-30.399999999999977
