1610797481.42	60000	1.000999	0.034	336477	6	-10.880000000000003
1610797481.76	320000	1.955731	0.0	14912671	106	60.0
1610797482.2	320000	2.604909	0.0	24265636	170	320.0
1610797482.56	320000	3.26342	0.0	22711544	142	320.0
1610797482.89	320000	3.940431	0.0	19639705	124	320.0
1610797483.21	320000	4.616576	0.0	20946809	133	320.0
1610797483.44	320000	5.414008	0.0	11895609	72	320.0
1610797483.61	320000	6.250538	0.0	7597636	48	320.0
1610797484.5	320000	6.405657	0.0	56067905	356	320.0
1610797485.12	320000	6.819541	0.0	46062054	274	320.0
1610797485.93	320000	7.034894	0.0	60496562	343	320.0
1610797487.18	320000	6.80941	0.0	90475604	470	320.0
1610797488.31	320000	6.680709	0.0	94557637	547	320.0
1610797488.9	320000	7.105384	0.0	48403531	239	320.0
1610797489.64	320000	7.359139	0.0	63326685	325	320.0
1610797490.51	320000	7.490592	0.0	66782145	383	320.0
1610797490.72	320000	8.281553	0.0	13212243	66	320.0
1610797491.11	320000	8.890294	0.0	29387773	149	320.0
1610797491.37	320000	9.62749	0.0	17336677	95	320.0
1610797492.96	320000	9.079227	0.0	126296507	634	320.0
1610797494.07	320000	9.203948	0.0	96707447	491	320.0
1610797494.95	320000	9.5906	0.0	72904162	350	320.0
1610797495.8	320000	9.891806	0.0	66993756	312	320.0
1610797496.87	320000	9.822833	0.0	92389329	451	320.0
1610797497.71	320000	9.985853	0.0	70549633	341	320.0
1610797498.33	320000	10.469834	0.0	50094571	237	320.0
1610797499.72	320000	10.078652	0.0	124391138	625	320.0
1610797501.43	320000	9.371042	0.0	139539685	647	320.0
1610797502.06	320000	9.818311	0.0	44512381	213	320.0
1610797502.61	320000	10.46187	0.0	46257154	222	320.0
1610797503.05	320000	11.22616	0.0	34846600	177	320.0
1610797503.48	320000	11.918531	0.0	33828007	171	320.0
1610797503.93	320000	12.53173	0.0	30396599	178	320.0
1610797504.36	320000	13.094519	0.0	30979822	182	320.0
1610797504.89	320000	13.576343	0.0	33204608	258	320.0
1610797505.28	320000	14.227794	0.0	23618590	178	320.0
1610797505.69	320000	14.81446	0.0	27475995	177	320.0
1610797506.1	320000	15.410461	0.0	26460007	167	320.0
1610797506.5	320000	16.006642	0.0	26763657	174	320.0
1610797506.96	320000	16.556137	0.0	33826873	188	320.0
1610797507.49	320000	17.237814	0.0	41214174	230	320.0
1610797508.63	320000	17.221502	0.0	83204731	535	320.0
1610797509.7	320000	17.14615	0.0	75539257	580	320.0
1610797510.01	320000	17.866216	0.0	16577177	106	320.0
1610797510.58	320000	18.493786	0.0	39814357	254	320.0
1610797511.29	320000	19.082617	0.0	50277186	341	320.0
1610797512.03	320000	19.666748	0.0	43375920	406	320.0
1610797512.68	320000	20.288914	0.0	39748690	334	320.0
1610797513.14	320000	20.968302	0.0	32725949	201	320.0
1610797513.39	320000	21.717232	0.0	15673611	97	320.0
1610797513.77	320000	22.424842	0.0	20850595	179	320.0
1610797514.09	320000	23.161668	0.0	16458609	147	320.0
1610797514.3	320000	23.991225	0.0	8700077	82	320.0
1610797514.72	320000	24.6703	0.0	8292135	307	320.0
1610797515.94	320000	24.538881	0.0	22212109	1020	320.0
1610797518.29	320000	23.189503	0.0	27931458	2120	320.0
1610797519.86	320000	22.617117	0.0	28076035	1339	320.0
1610797521.05	320000	22.429299	0.0	34615012	939	320.0
1610797521.75	320000	22.73422	0.0	31574841	449	320.0
1610797522.32	320000	23.163563	0.0	28857310	337	320.0
1610797523.02	320000	23.466725	0.0	30799251	443	320.0
1610797523.67	320000	23.82237	0.0	29900862	413	320.0
1610797524.29	320000	24.195583	0.0	32431711	368	320.0
1610797524.93	320000	24.555032	0.0	32680833	395	320.0
1610797525.55	320000	24.939062	0.0	30468229	373	320.0
1610797526.2	320000	25.283209	0.0	31594806	400	320.0
1610797527.04	320000	25.516315	0.0	43158259	529	320.0
1610797528.06	320000	25.596706	0.0	53696400	628	320.0
1610797529.05	320000	25.602892	0.0	49804325	617	320.0
1610797530.12	320000	25.538728	0.0	56230532	677	320.0
1610797531.02	320000	25.640321	0.0	54033728	536	320.0
1610797531.71	320000	26.000682	0.0	40265492	385	320.0
1610797532.33	320000	26.441144	0.0	37527577	342	320.0
1610797532.92	320000	26.86473	0.0	38354537	310	320.0
1610797533.45	320000	27.347003	0.0	33905183	261	320.0
1610797534.04	320000	27.758403	0.0	37964644	282	320.0
1610797535.24	320000	27.566695	0.0	91609209	644	320.0
1610797535.68	320000	28.128471	0.0	30861098	202	320.0
1610797536.37	320000	28.44079	0.0	53161890	321	320.0
1610797537.02	320000	28.784993	0.0	49661559	312	320.0
1610797537.43	320000	29.379247	0.0	27673254	179	320.0
1610797537.85	320000	29.955354	0.0	29061600	202	320.0
1610797538.3	320000	30.512082	0.0	29596558	205	320.0
1610797538.74	320000	31.069682	0.0	29264466	211	320.0
1610797539.21	320000	31.600307	0.0	29949400	234	320.0
1610797539.68	320000	32.132624	0.0	30225692	238	320.0
1610797540.22	320000	32.595317	0.0	27528494	306	320.0
1610797540.9	320000	32.915058	0.0	28959567	438	320.0
1610797541.81	320000	33.005606	0.0	27200869	693	320.0
1610797543.17	320000	32.64586	0.0	37091406	1081	320.0
1610797545.09	320000	31.723704	0.0	32442772	1669	320.0
1610797546.06	320000	31.761522	0.0	38733768	666	320.0
1610797546.86	320000	31.958274	0.0	43207501	486	320.0
1610797547.56	320000	32.260373	0.0	39867273	407	320.0
1610797548.33	320000	32.494777	0.0	44687216	450	320.0
1610797548.99	320000	32.835799	0.0	37222510	374	320.0
1610797549.65	320000	33.174575	0.0	37697615	382	320.0
1610797549.99	320000	33.83189	0.0	13943369	184	320.0
1610797550.69	320000	34.13406	0.0	33909675	426	320.0
1610797551.23	320000	34.594878	0.0	25608467	312	320.0
1610797551.69	320000	35.134003	0.0	21666875	265	320.0
1610797552.24	320000	35.590969	0.0	29164819	297	320.0
1610797553.46	320000	35.476571	0.0	75257111	707	320.0
1610797554.65	320000	35.451491	0.0	71035332	740	320.0
1610797555.26	320000	35.986204	0.0	27276036	364	320.0
1610797555.77	320000	36.514809	0.0	23233775	306	320.0
1610797556.18	320000	37.132156	0.0	21096285	217	320.0
1610797556.71	320000	37.602812	0.0	28685524	292	320.0
1610797557.42	320000	37.951975	0.0	43551422	397	320.0
1610797558.51	320000	37.855507	0.0	65057331	593	320.0
1610797559.15	320000	38.22489	0.0	41329817	337	320.0
1610797559.64	320000	38.735611	0.0	30837965	247	320.0
1610797560.22	320000	39.148924	0.0	33542198	328	320.0
1610797560.95	320000	39.427802	0.0	43188629	416	320.0
1610797561.57	320000	39.801713	0.0	38404993	343	320.0
1610797562.47	320000	39.908882	0.0	50554338	548	320.0
1610797563.4	320000	40.232066	0.0	52531967	539	320.0
1610797564.36	320000	40.283963	0.0	54618297	576	320.0
1610797565.33	320000	40.31005	0.0	54267260	566	320.0
1610797566.15	320000	40.491964	0.0	46984925	470	320.0
1610797567.04	320000	40.603943	0.0	52441959	513	320.0
1610797567.92	320000	40.720698	0.0	56222410	484	320.0
1610797568.67	320000	40.974595	0.0	37045146	437	320.0
1610797569.29	320000	41.353319	0.0	31316241	369	320.0
1610797570.29	320000	41.354824	0.0	54539886	606	320.0
1610797571.3	320000	41.341583	0.0	54290338	599	320.0
1610797572.28	320000	41.368551	0.0	50306079	608	320.0
1610797573.04	320000	41.60964	0.0	39311524	462	320.0
1610797573.89	320000	41.762441	0.0	45141551	500	320.0
1610797577.2	320000	39.446745	0.0	38678341	3035	320.0
1610797581.42	320000	36.285374	0.0	48869677	3859	320.0
1610797582.9	320000	35.892216	0.0	48742469	1077	320.0
1610797583.53	320000	36.266131	0.0	31052651	385	320.0
1610797584.24	320000	36.556763	0.0	35159774	444	320.0
1610797584.96	320000	36.83858	0.0	34685385	448	320.0
1610797585.71	320000	37.089727	0.0	36845249	460	320.0
1610797587.28	320000	36.519256	0.0	44043502	1267	320.0
1610797588.02	320000	36.780399	0.0	28911363	504	320.0
1610797588.79	320000	37.043526	0.0	31997411	521	320.0
1610797590.42	320000	36.62169	0.0	37860562	1286	320.0
1610797591.25	320000	36.787969	0.0	34218681	571	320.0
1610797591.93	320000	37.119184	0.0	30315897	436	320.0
1610797592.74	320000	37.306361	0.0	38074030	519	320.0
1610797593.53	320000	37.517144	0.0	31856580	546	320.0
1610797594.49	320000	37.558318	0.0	40986530	665	320.0
1610797595.4	320000	37.64237	0.0	43161948	606	320.0
1610797596.2	320000	37.924997	0.0	39216469	499	320.0
1610797596.89	320000	38.333472	0.0	32708889	418	320.0
1610797597.22	320000	39.011818	0.0	16257756	149	320.0
1610797597.54	320000	39.690136	0.0	16440860	151	320.0
1610797597.79	320000	40.457604	0.0	12523766	112	320.0
1610797598.2	320000	41.048622	0.0	22159647	216	320.0
1610797598.55	320000	41.69906	0.0	17516376	173	320.0
1610797598.71	320000	42.54776	0.0	5119060	50	320.0
1610797598.83	320000	43.422283	0.0	3788776	35	320.0
1610797598.94	320000	44.316128	0.0	3041389	33	320.0
1610797599.0	320000	45.259946	0.0	640071	6	320.0
1610797599.08	320000	46.173809	0.0	3111318	35	320.0
1610797599.48	60000	1.000999	0.057	377897	4	-18.239999999999995
1610797599.87	320000	2.001999	0.0	14912671	164	60.0
1610797600.39	320000	2.510259	0.0	24265636	242	320.0
1610797600.83	320000	3.078299	0.0	22711544	229	320.0
1610797601.24	320000	3.663765	0.0	19639705	234	320.0
1610797601.68	320000	4.294302	0.0	20946809	252	320.0
1610797601.96	320000	5.016112	0.0	11895609	142	320.0
1610797602.17	320000	5.860399	0.0	7597636	75	320.0
1610797603.34	320000	5.741525	0.0	56067905	564	320.0
1610797604.05	320000	6.064537	0.0	46062054	371	320.0
1610797604.9	320000	6.278606	0.0	60496562	429	320.0
1610797606.44	320000	5.738333	0.0	90475604	722	320.0
1610797607.87	320000	5.304613	0.0	94557637	832	320.0
1610797608.66	320000	5.519734	0.0	48403531	443	320.0
1610797609.62	320000	5.555385	0.0	63326685	542	320.0
1610797610.78	320000	5.401006	0.0	66782145	685	320.0
1610797611.09	320000	6.086748	0.0	13212243	168	320.0
1610797611.75	320000	6.592447	0.0	29387773	397	320.0
1610797612.14	320000	7.204882	0.0	17336677	217	320.0
1610797614.71	320000	6.04285	0.0	126296507	1374	320.0
1610797616.69	320000	5.185259	0.0	96707447	1322	320.0
1610797619.18	320000	3.699064	0.0	72904162	1952	320.0
1610797621.56	320000	2.889326	0.0	66993756	1911	320.0
1610797622.28	160000	3.157652	0.0	27580394	465	0.0
1610797622.79	160000	3.707114	0.0	20329780	316	160.0
1610797623.21	160000	4.292303	0.0	16109183	246	160.0
1610797624.45	160000	4.055838	0.0	58830800	834	160.0
1610797625.86	160000	3.644888	0.0	66935122	931	160.0
1610797626.83	320000	3.669689	0.0	44512381	646	160.0
