1610828680.07	60000	1.000999	0.052	336477	6	-16.64
1610828680.36	40000	2.001999	0.0	14648397	146	20.0
1610828680.65	40000	2.774677	0.0	17616813	177	40.0
1610828680.79	40000	3.670082	0.0	8581118	86	40.0
1610828680.89	40000	4.588528	0.0	4726840	49	40.0
1610828680.96	40000	5.522803	0.0	3421740	34	40.0
1610828681.0	40000	6.478377	0.0	1987360	22	40.0
1610828681.1	80000	7.380248	0.0	5425476	55	40.0
1610828681.68	80000	7.800444	0.0	29583867	301	80.0
1610828682.15	110000	8.36264	0.0	28884539	281	80.0
1610828682.58	110000	8.959864	0.0	26873304	256	110.0
1610828683.28	110000	9.263467	0.0	33588177	504	110.0
1610828685.98	110000	7.588294	0.0	25684661	2554	110.0
1610828686.13	110000	8.433533	0.0	10838546	84	110.0
1610828686.31	110000	9.254977	0.0	12783186	98	110.0
1610828686.5	110000	10.070547	0.0	13101938	101	110.0
1610828686.63	160000	10.942895	0.0	8346702	64	110.0
1610828686.85	160000	11.721408	0.0	15775481	121	160.0
1610828686.97	160000	12.599317	0.0	9163235	65	160.0
1610828687.54	160000	13.026103	0.0	41307095	293	160.0
1610828687.91	160000	13.657295	0.0	28763893	204	160.0
1610828688.2	160000	14.386391	0.0	21266416	138	160.0
1610828688.51	160000	15.068221	0.0	23702229	154	160.0
1610828689.98	320000	14.598496	0.0	92389329	569	160.0
1610828690.25	160000	15.328506	0.0	20329780	121	0.0
1610828690.81	320000	15.771981	0.0	50094571	283	160.0
1610828692.45	320000	15.126663	0.0	124391138	733	320.0
1610828694.34	320000	14.241107	0.0	139539685	940	320.0
1610828694.71	160000	15.007535	0.0	15251076	131	0.0
1610828695.39	320000	15.200208	0.0	46257154	390	160.0
1610828695.9	320000	15.677657	0.0	34846600	325	320.0
1610828696.35	320000	16.229766	0.0	33828007	262	320.0
1610828696.77	320000	16.817961	0.0	30396599	236	320.0
1610828697.19	320000	17.394362	0.0	30979822	227	320.0
1610828697.61	320000	17.975423	0.0	33204608	231	320.0
1610828697.91	320000	18.674534	0.0	23618590	164	320.0
1610828698.24	320000	19.347095	0.0	27475995	173	320.0
1610828698.56	320000	20.03322	0.0	26460007	166	320.0
1610828698.88	320000	20.714611	0.0	26763657	168	320.0
1610828699.31	320000	21.281745	0.0	33826873	244	320.0
1610828699.85	320000	21.738102	0.0	41214174	304	320.0
1610828701.0	320000	21.591662	0.0	83204731	696	320.0
1610828701.98	320000	21.612971	0.0	75539257	555	320.0
1610828702.19	320000	22.405174	0.0	16577177	109	320.0
1610828702.68	320000	22.91423	0.0	39814357	264	320.0
1610828703.4	320000	23.20009	0.0	50277186	406	320.0
1610828704.17	320000	23.51375	0.0	43375920	504	320.0
1610828704.86	320000	23.825027	0.0	39748690	462	320.0
1610828706.18	320000	23.502142	0.0	32725949	1120	320.0
1610828706.66	320000	24.024775	0.0	15673611	381	320.0
1610828707.53	320000	24.481686	0.0	20850595	744	320.0
1610828708.57	320000	24.890719	0.0	16458609	937	320.0
1610828709.84	320000	24.92355	0.0	8700077	1207	320.0
1610828711.31	320000	24.593595	0.0	8292135	1416	320.0
1610828713.17	320000	23.81243	0.0	22212109	1729	320.0
1610828715.19	320000	22.790712	0.0	27931458	1859	320.0
1610828715.69	320000	23.294814	0.0	28076035	335	320.0
1610828716.27	320000	23.711612	0.0	34615012	363	320.0
1610828716.66	320000	24.324257	0.0	31574841	209	320.0
1610828717.02	320000	24.966829	0.0	28857310	188	320.0
1610828717.39	320000	25.591619	0.0	30799251	192	320.0
1610828717.76	320000	26.229056	0.0	29900862	190	320.0
1610828718.16	320000	26.821744	0.0	32431711	202	320.0
1610828718.63	320000	27.361792	0.0	32680833	279	320.0
1610828719.06	320000	27.928557	0.0	30468229	261	320.0
1610828719.48	320000	28.507982	0.0	31594806	247	320.0
1610828720.07	320000	28.920686	0.0	43158259	337	320.0
1610828720.73	320000	29.258401	0.0	53696400	364	320.0
1610828721.37	320000	29.624022	0.0	49804325	331	320.0
1610828722.01	320000	29.988278	0.0	56230532	333	320.0
1610828722.77	320000	30.221094	0.0	54033728	472	320.0
1610828723.39	320000	30.675939	0.0	40265492	382	320.0
1610828724.0	320000	31.103542	0.0	37527577	383	320.0
1610828724.55	320000	31.607782	0.0	38354537	336	320.0
1610828725.04	320000	32.121233	0.0	33905183	290	320.0
1610828725.57	320000	32.594228	0.0	37964644	321	320.0
1610828726.89	320000	32.276775	0.0	91609209	807	320.0
1610828727.37	320000	32.795342	0.0	30861098	291	320.0
1610828728.18	320000	33.005419	0.0	53161890	519	320.0
1610828731.44	320000	30.861488	0.0	49661559	2981	320.0
1610828731.89	320000	31.408702	0.0	27673254	294	320.0
1610828732.34	320000	31.957224	0.0	29061600	277	320.0
1610828732.72	320000	32.578711	0.0	29596558	211	320.0
1610828733.09	320000	33.208419	0.0	29264466	208	320.0
1610828733.48	320000	33.824928	0.0	29949400	216	320.0
1610828733.87	320000	34.438207	0.0	30225692	221	320.0
1610828734.24	320000	35.065948	0.0	27528494	198	320.0
1610828734.74	320000	35.571885	0.0	28959567	332	320.0
1610828735.2	320000	36.106731	0.0	27200869	312	320.0
1610828735.83	320000	36.478272	0.0	37091406	431	320.0
1610828736.38	320000	36.929043	0.0	32442772	374	320.0
1610828737.04	320000	37.272675	0.0	38733768	435	320.0
1610828737.74	320000	37.567266	0.0	43207501	469	320.0
1610828738.38	320000	37.929024	0.0	39867273	422	320.0
1610828739.14	320000	38.177018	0.0	44687216	490	320.0
1610828739.81	320000	38.503772	0.0	37222510	455	320.0
1610828740.45	320000	38.868334	0.0	37697615	426	320.0
1610828740.65	320000	39.66621	0.0	13943369	120	320.0
1610828741.13	320000	40.184881	0.0	33909675	294	320.0
1610828741.53	320000	40.783104	0.0	25608467	252	320.0
1610828741.87	320000	41.443596	0.0	21666875	211	320.0
1610828742.34	320000	41.97856	0.0	29164819	289	320.0
1610828743.41	320000	41.906243	0.0	75257111	660	320.0
1610828744.72	320000	41.600124	0.0	71035332	858	320.0
1610828745.21	320000	42.115246	0.0	27276036	324	320.0
1610828745.57	320000	42.748547	0.0	23233775	231	320.0
1610828745.9	320000	43.419772	0.0	21096285	209	320.0
1610828746.35	320000	43.974477	0.0	28685524	285	320.0
1610828747.0	320000	44.322041	0.0	43551422	401	320.0
1610828748.05	320000	44.281681	0.0	65057331	683	320.0
1610828748.74	320000	44.589577	0.0	41329817	457	320.0
1610828749.27	320000	45.115548	0.0	30837965	341	320.0
1610828749.84	320000	45.610811	0.0	33542198	370	320.0
1610828750.58	320000	46.02993	0.0	43188629	482	320.0
1610828751.21	320000	46.402212	0.0	38404993	421	320.0
1610828752.04	320000	46.715313	0.0	50554338	541	320.0
1610828752.9	320000	46.898956	0.0	52531967	553	320.0
1610828753.78	320000	47.170859	0.0	54618297	565	320.0
1610828754.65	320000	47.299114	0.0	54267260	559	320.0
1610828755.43	320000	47.51473	0.0	46984925	501	320.0
1610828757.65	320000	46.300509	0.0	52441959	1915	320.0
1610828759.48	320000	45.610174	0.0	56222410	1495	320.0
1610828762.53	320000	43.674446	0.0	37045146	2810	320.0
1610828763.57	320000	43.641065	0.0	31316241	845	320.0
1610828764.7	320000	43.500225	0.0	54539886	768	320.0
1610828765.61	320000	43.603789	0.0	54290338	576	320.0
1610828766.54	320000	43.664294	0.0	50306079	632	320.0
1610828770.92	320000	40.287738	0.0	39311524	4144	320.0
1610828771.73	320000	40.477745	0.0	45141551	541	320.0
1610828772.32	320000	40.884996	0.0	38678341	342	320.0
1610828773.0	320000	41.206821	0.0	48869677	416	320.0
1610828773.68	320000	41.527704	0.0	48742469	408	320.0
1610828774.1	320000	42.107837	0.0	31052651	236	320.0
1610828774.6	320000	42.610765	0.0	35159774	269	320.0
1610828775.11	320000	43.103902	0.0	34685385	306	320.0
1610828775.68	320000	43.537798	0.0	36845249	331	320.0
1610828776.36	320000	43.859267	0.0	44043502	423	320.0
1610828776.88	320000	44.340387	0.0	28911363	350	320.0
1610828777.46	320000	44.782828	0.0	31997411	394	320.0
1610828778.19	320000	45.178765	0.0	37860562	480	320.0
1610828778.74	320000	45.651237	0.0	34218681	354	320.0
1610828779.19	320000	46.221637	0.0	30315897	257	320.0
1610828779.76	320000	46.636805	0.0	38074030	357	320.0
1610828780.3	320000	47.099627	0.0	31856580	348	320.0
1610828780.93	320000	47.468009	0.0	40986530	407	320.0
1610828781.6	320000	47.798387	0.0	43161948	416	320.0
1610828782.3	320000	48.098242	0.0	39216469	476	320.0
1610828782.98	320000	48.416758	0.0	32708889	482	320.0
1610828783.34	320000	49.059725	0.0	16257756	256	320.0
1610828783.63	320000	49.772909	0.0	16440860	175	320.0
1610828783.81	320000	50.594112	0.0	12523766	106	320.0
1610828784.14	320000	51.266553	0.0	22159647	191	320.0
1610828784.4	320000	52.006365	0.0	17516376	149	320.0
1610828784.48	320000	52.926118	0.0	5119060	42	320.0
1610828784.54	320000	53.867543	0.0	3788776	29	320.0
1610828784.59	320000	54.817837	0.0	3041389	23	320.0
1610828784.61	320000	55.792197	0.0	640071	5	320.0
1610828784.66	320000	56.743984	0.0	3111318	23	320.0
1610828785.08	60000	1.000999	0.026	336477	1	-8.32
1610828785.51	40000	2.001999	0.0	14648397	109	20.0
1610828785.8	40000	2.892876	0.0	17616813	130	40.0
1610828785.93	40000	3.808177	0.0	8581118	64	40.0
1610828786.0	40000	4.737603	0.0	4726840	35	40.0
1610828786.06	40000	5.681209	0.0	3421740	25	40.0
1610828786.09	40000	6.645566	0.0	1987360	14	40.0
1610828786.18	80000	7.559379	0.0	5425476	41	40.0
1610828787.05	110000	7.691494	0.0	48103258	344	80.0
1610828787.41	110000	8.396418	0.0	28884539	182	110.0
1610828787.73	110000	9.076509	0.0	26873304	171	110.0
1610828788.14	110000	9.718935	0.0	33588177	216	110.0
1610828788.76	160000	10.09834	0.0	50637608	326	110.0
1610828789.02	160000	10.863968	0.0	19559369	143	160.0
1610828789.31	160000	11.5796	0.0	22224402	163	160.0
1610828789.61	160000	12.2802	0.0	22578365	165	160.0
1610828789.72	160000	13.168967	0.0	8346702	59	160.0
1610828789.93	160000	13.958889	0.0	15775481	112	160.0
1610828790.05	160000	14.836106	0.0	9163235	64	160.0
1610828790.58	160000	15.323747	0.0	41307095	290	160.0
1610828792.27	320000	14.629095	0.0	96707447	794	160.0
1610828792.57	160000	15.327312	0.0	21266416	148	0.0
1610828793.49	320000	15.401371	0.0	66993756	573	160.0
1610828794.9	320000	15.001417	0.0	92389329	844	320.0
1610828795.98	320000	14.92054	0.0	70549633	631	320.0
1610828796.25	160000	15.647997	0.0	16109183	166	0.0
1610828798.49	320000	14.409239	0.0	124391138	1329	160.0
1610828800.21	160000	13.694544	0.0	66935122	1307	0.0
1610828800.53	160000	14.367279	0.0	15251076	238	160.0
1610828800.79	160000	15.107426	0.0	16574034	161	160.0
