1607422723.75	40000	1.000999	0.014	334476	2	-2.240000000000002
1607422724.13	160000	1.916473	0.0	14912671	116	40.0
1607422724.61	160000	2.532573	0.0	24265636	181	160.0
1607422724.99	160000	3.150886	0.0	22711544	171	160.0
1607422725.32	160000	3.8152	0.0	19639705	149	160.0
1607422725.68	160000	4.496731	0.0	20946809	158	160.0
1607422725.94	160000	5.236846	0.0	11895609	111	160.0
1607422726.12	160000	6.050623	0.0	7597636	72	160.0
1607422727.19	160000	6.039324	0.0	56067905	519	160.0
1607422727.89	160000	6.371332	0.0	45444680	382	160.0
1607422728.69	160000	6.620799	0.0	54798068	424	160.0
1607422730.0	160000	6.312582	0.0	69464107	777	160.0
1607422731.13	160000	6.187032	0.0	50637608	780	160.0
1607422731.68	160000	6.63801	0.0	19559369	367	160.0
1607422732.51	160000	6.810588	0.0	22224402	627	160.0
1607422733.39	160000	6.93549	0.0	22578365	678	160.0
1607422733.76	160000	7.561995	0.0	8346702	249	160.0
1607422734.4	160000	7.919006	0.0	15775481	482	160.0
1607422734.92	160000	8.404462	0.0	9163235	390	160.0
1607422737.92	160000	6.430373	0.0	41307095	2714	160.0
1607422738.63	160000	6.722215	0.0	28763893	468	160.0
1607422739.19	160000	7.160838	0.0	21266416	373	160.0
1607422739.82	160000	7.534992	0.0	23702229	409	160.0
1607422740.47	160000	7.879285	0.0	27580394	433	160.0
1607422740.99	160000	8.363679	0.0	20329780	323	160.0
1607422741.4	160000	8.952587	0.0	16109183	250	160.0
1607422742.65	160000	8.700954	0.0	58830800	850	160.0
1607422744.06	160000	8.29999	0.0	66935122	971	160.0
1607422744.46	160000	8.89349	0.0	15251076	253	160.0
1607422744.89	160000	9.463973	0.0	16574034	269	160.0
1607422745.23	160000	10.12933	0.0	13009028	197	160.0
1607422745.56	160000	10.798948	0.0	12791674	193	160.0
1607422745.86	160000	11.50397	0.0	11137898	163	160.0
1607422746.16	160000	12.206339	0.0	11485310	160	160.0
1607422746.47	160000	12.893014	0.0	12428518	174	160.0
1607422746.73	160000	13.630043	0.0	9963766	140	160.0
1607422747.05	160000	14.317848	0.0	12189364	181	160.0
1607422747.33	160000	15.04342	0.0	10142396	150	160.0
1607422747.6	160000	15.762727	0.0	10185488	149	160.0
1607422747.93	160000	16.437694	0.0	14061455	181	160.0
1607422748.35	160000	17.016862	0.0	20074099	240	160.0
1607422749.23	160000	17.144001	0.0	46115254	552	160.0
1607422750.02	160000	17.350396	0.0	40906522	487	160.0
1607422750.23	160000	18.143357	0.0	7891151	92	160.0
1607422750.67	160000	18.704012	0.0	21012466	247	160.0
1607422751.13	160000	19.245818	0.0	23519424	257	160.0
1607422751.51	160000	19.862221	0.0	18715420	203	160.0
1607422751.87	160000	20.506639	0.0	17000816	182	160.0
1607422752.2	160000	21.185478	0.0	14448126	164	160.0
1607422752.39	160000	21.990279	0.0	6958676	79	160.0
1607422752.61	160000	22.768165	0.0	9088791	103	160.0
1607422752.81	160000	23.570727	0.0	7211881	81	160.0
1607422752.94	160000	24.445745	0.0	3063586	35	160.0
1607422753.05	160000	25.327183	0.0	2782179	32	160.0
1607422753.29	160000	26.090624	0.0	9958410	114	160.0
1607422753.57	160000	26.817737	0.0	12158708	138	160.0
1607422753.85	160000	27.538532	0.0	12300216	141	160.0
1607422754.2	160000	28.182178	0.0	15815684	190	160.0
1607422754.51	160000	28.878866	0.0	13526256	162	160.0
1607422754.79	160000	29.602097	0.0	11995130	143	160.0
1607422755.07	160000	30.323728	0.0	13394791	139	160.0
1607422755.36	160000	31.033155	0.0	14135828	146	160.0
1607422755.67	160000	31.723934	0.0	15366126	155	160.0
1607422755.96	160000	32.430301	0.0	14248439	150	160.0
1607422756.26	160000	33.13754	0.0	13843717	146	160.0
1607422756.56	160000	33.831426	0.0	14665119	156	160.0
1607422756.97	160000	34.425365	0.0	21079187	220	160.0
1607422757.43	160000	34.967962	0.0	25480074	250	160.0
1607422757.86	160000	35.541184	0.0	23021754	226	160.0
1607422758.37	160000	36.031679	0.0	27527834	290	160.0
1607422758.87	160000	36.52617	0.0	26155848	281	160.0
1607422759.3	160000	37.10278	0.0	17849379	256	160.0
1607422759.7	160000	37.703467	0.0	16546531	238	160.0
1607422760.71	160000	37.692939	0.0	17718949	829	160.0
1607422761.98	160000	37.427157	0.0	17337137	1100	160.0
1607422762.59	160000	37.815513	0.0	20008245	431	160.0
1607422763.79	160000	37.617953	0.0	58430914	815	160.0
1607422764.13	160000	38.280598	0.0	16292703	171	160.0
1607422764.6	160000	38.804429	0.0	25587422	263	160.0
1607422765.07	160000	39.339709	0.0	23982306	256	160.0
1607422765.36	160000	40.049468	0.0	13347845	145	160.0
1607422765.66	160000	40.747931	0.0	14337991	154	160.0
1607422765.97	160000	41.446514	0.0	14584990	154	160.0
1607422766.26	160000	42.153771	0.0	13962401	141	160.0
1607422766.56	160000	42.849773	0.0	14393788	144	160.0
1607422766.86	160000	43.55474	0.0	14649457	147	160.0
1607422767.16	160000	44.257542	0.0	13409715	152	160.0
1607422767.47	160000	44.94868	0.0	13909605	165	160.0
1607422767.76	160000	45.653954	0.0	13301968	152	160.0
1607422768.14	160000	46.279712	0.0	19025846	195	160.0
1607422768.51	160000	46.913741	0.0	19295426	194	160.0
1607422768.86	160000	47.559188	0.0	18261873	182	160.0
1607422769.25	160000	48.177363	0.0	19847604	194	160.0
1607422769.61	160000	48.812567	0.0	18767181	183	160.0
1607422770.02	160000	49.399824	0.0	22420858	220	160.0
1607422770.39	160000	50.033899	0.0	19324333	183	160.0
1607422770.77	160000	50.66068	0.0	20392234	194	160.0
1607422770.95	160000	51.47206	0.0	7671072	73	160.0
1607422771.29	160000	52.13615	0.0	17781906	172	160.0
1607422771.56	160000	52.864196	0.0	12839336	119	160.0
1607422771.8	160000	53.631857	0.0	10779770	104	160.0
1607422772.08	160000	54.3504	0.0	14606687	136	160.0
1607422772.78	160000	54.651723	0.0	41866951	389	160.0
1607422773.41	160000	55.024939	0.0	37238410	341	160.0
1607422773.68	160000	55.748379	0.0	14347759	131	160.0
1607422773.93	160000	56.508093	0.0	11399187	110	160.0
1607422774.15	160000	57.287559	0.0	10358641	84	160.0
1607422774.41	160000	58.027145	0.0	14315696	114	160.0
1607422774.79	160000	58.644703	0.0	23283631	189	160.0
1607422775.41	160000	59.031792	0.0	37521367	329	160.0
1607422775.8	160000	59.644358	0.0	22241104	198	160.0
1607422777.1	160000	59.567549	0.0	15813346	131	160.0
1607422777.9	160000	59.568598	0.0	17116450	128	160.0
1607422778.7	160000	59.819524	0.0	18867054	128	160.0
1607422779.98	160000	59.570574	0.0	17393609	118	160.0
1607422780.84	160000	59.821575	0.0	24759401	148	160.0
1607422781.71	160000	59.822603	0.0	25782433	163	160.0
1607422783.11	160000	59.57358	0.0	25885372	171	160.0
1607422783.55	160000	59.895394	0.0	26242011	228	160.0
1607422784.97	160000	59.57545	0.0	23865378	206	160.0
1607422786.46	160000	58.991236	0.0	25470681	1273	160.0
1607422788.94	160000	57.509194	0.0	27258768	2249	160.0
1607422790.11	160000	57.345051	0.0	17853711	982	160.0
1607422790.65	160000	57.798028	0.0	14829893	395	160.0
1607422791.52	160000	57.932293	0.0	27779697	642	160.0
1607422792.34	160000	58.111081	0.0	27714923	581	160.0
1607422793.14	160000	58.313615	0.0	25946474	575	160.0
1607422794.77	160000	57.690168	0.0	19596259	1442	160.0
1607422796.15	160000	57.318586	0.0	23774167	1172	160.0
1607422796.89	160000	57.572909	0.0	19373656	555	160.0
1607422797.74	160000	57.722881	0.0	23977420	647	160.0
1607422798.57	160000	57.892323	0.0	24493733	626	160.0
1607422799.08	160000	58.3806	0.0	14528511	365	160.0
1607422799.65	160000	58.822255	0.0	16841176	395	160.0
1607422800.32	160000	59.148822	0.0	16743604	489	160.0
1607422801.56	160000	58.907535	0.0	17975224	1071	160.0
1607422802.47	160000	59.000138	0.0	22329548	713	160.0
1607422803.02	160000	59.451418	0.0	16001583	390	160.0
1607422803.62	160000	59.844044	0.0	18238584	438	160.0
1607422804.82	160000	59.845558	0.0	21308824	494	160.0
1607422805.9	160000	59.596566	0.0	17749058	404	160.0
1607422806.91	160000	59.597591	0.0	14127787	350	160.0
1607422807.51	160000	59.964842	0.0	17525699	432	160.0
1607422809.0	160000	59.59957	0.0	14240042	343	160.0
1607422809.68	160000	59.788871	0.0	20324139	505	160.0
1607422810.56	160000	59.914182	0.0	21993033	686	160.0
1607422811.97	160000	59.60254	0.0	18863108	712	160.0
1607422812.97	160000	59.506084	0.0	15964734	844	160.0
1607422813.87	160000	59.828709	0.0	8284939	278	160.0
1607422814.73	160000	59.855517	0.0	9004706	239	160.0
1607422816.04	160000	59.606528	0.0	6955279	192	160.0
1607422817.83	160000	58.648992	0.0	10701639	1662	160.0
1607422818.68	160000	58.797306	0.0	9459459	728	160.0
1607422819.03	160000	59.450774	0.0	3212828	247	160.0
1607422819.89	160000	59.610556	0.0	2509989	276	160.0
1607422820.73	160000	59.861617	0.0	2004927	266	160.0
1607422821.83	160000	59.862543	0.0	591360	54	160.0
1607422823.47	160000	59.547331	0.0	2394426	84	160.0
1607422823.87	40000	1.000999	0.028	336477	8	-4.480000000000004
1607422824.47	160000	1.738587	0.0	14912671	378	40.0
1607422825.31	160000	1.903999	0.0	24265636	547	160.0
1607422826.04	160000	2.233457	0.0	22711544	530	160.0
1607422826.68	160000	2.638719	0.0	19639705	457	160.0
1607422827.36	160000	2.986893	0.0	20946809	490	160.0
1607422827.84	160000	3.53429	0.0	11895609	341	160.0
1607422828.18	160000	4.228627	0.0	7597636	218	160.0
1607422830.0	160000	3.436802	0.0	56067905	1273	160.0
1607422831.22	160000	3.216827	0.0	45444680	903	160.0
1607422832.56	160000	2.885782	0.0	54798068	947	160.0
1607422834.48	160000	1.963601	0.0	69464107	1375	160.0
1607422835.96	160000	1.486927	0.0	50637608	1124	160.0
1607422836.53	160000	1.951903	0.0	19559369	376	160.0
1607422837.16	160000	2.316922	0.0	22224402	442	160.0
1607422837.78	160000	2.700871	0.0	22578365	401	160.0
1607422838.04	160000	3.43655	0.0	8346702	144	160.0
1607422838.51	160000	3.973237	0.0	15775481	295	160.0
1607422838.83	160000	4.64952	0.0	9163235	200	160.0
1607422840.04	160000	4.440552	0.0	41307095	916	160.0
1607422841.07	160000	4.409621	0.0	28763893	789	160.0
1607422842.69	160000	3.798466	0.0	21266416	1424	160.0
1607422843.06	60000	4.424773	0.0	10489883	235	-40.0
1607422843.47	60000	5.023495	0.0	11644166	259	60.0
1607422843.77	60000	5.715561	0.0	8135330	174	60.0
1607422844.03	60000	6.461829	0.0	6391364	141	60.0
1607422844.38	20000	7.107447	0.0	9946363	219	-20.0
1607422844.75	20000	7.738377	0.0	11684632	235	20.0
1607422844.92	40000	8.569653	0.0	3622285	73	20.0
1607422845.2	80000	9.29227	0.0	7801969	156	40.0
