1607400647.67	40000	1.000999	0.033	334476	21	-5.280000000000001
1607400648.92	160000	1.258891	0.116	14912671	997	21.439999999999998
1607400650.86	160000	1.341908	0.999	24265636	1686	0.1599999999999966
1607400652.92	160000	1.40635	1.112	22711544	1858	-17.919999999999987
1607400654.46	160000	1.310805	0.412	19639705	1361	94.08
1607400656.25	160000	1.306617	0.767	20946809	1612	37.28
1607400657.33	160000	1.325183	0.098	11895609	947	144.32
1607400658.04	160000	1.611435	0.0	7597636	593	160.0
1607400659.51	60000	1.392838	0.251	17832465	1293	-80.16
1607400660.42	60000	1.48393	0.0	9877442	777	60.0
1607400661.53	60000	1.411492	0.027	10988410	965	55.68
1607400662.98	60000	1.454715	0.501	15230785	1306	-20.159999999999997
1607400664.24	60000	1.449786	0.25	13601559	1120	20.0
1607400665.35	110000	1.45967	0.12	10838546	984	40.8
1607400666.44	110000	1.369744	0.0	12783186	949	110.0
1607400667.58	110000	1.331778	0.1	13101938	1004	94.0
1607400668.12	110000	1.788821	0.0	5268213	439	110.0
1607400669.09	110000	1.820851	0.0	9838179	841	110.0
1607400669.74	110000	2.172568	0.0	6126794	541	110.0
1607400671.74	80000	1.423297	0.25	20277060	1826	10.0
1607400672.45	40000	1.718022	0.0	8376884	578	0.0
1607400673.07	40000	2.097975	0.0	6254528	511	40.0
1607400673.85	40000	2.323066	0.0	7313446	651	40.0
1607400674.73	40000	2.435365	0.0	8054223	768	40.0
1607400675.23	40000	2.946394	0.0	5596063	383	40.0
1607400675.62	40000	3.547786	0.0	4316804	293	40.0
1607400677.8	20000	2.378763	0.0	9946363	2039	0.0
1607400679.98	40000	1.44261	0.248	20723782	2005	-19.68
1607400681.15	160000	1.443342	0.172	15251076	1026	12.47999999999999
1607400682.27	160000	1.329898	0.0	16574034	938	160.0
1607400683.03	160000	1.562842	0.0	13009028	622	160.0
1607400683.72	160000	1.876639	0.0	12791674	551	160.0
1607400684.19	160000	2.410808	0.0	11137898	336	160.0
1607400684.67	160000	2.933514	0.0	11485310	346	160.0
1607400685.07	160000	3.531077	0.0	12428518	264	160.0
1607400685.42	160000	4.19028	0.0	9963766	217	160.0
1607400685.82	160000	4.779956	0.0	12189364	262	160.0
1607400686.2	160000	5.405031	0.0	10142396	248	160.0
1607400686.58	160000	6.027451	0.0	10185488	249	160.0
1607400687.07	160000	6.532881	0.0	14061455	350	160.0
1607400687.76	160000	6.849329	0.0	20074099	503	160.0
1607400689.81	160000	5.796225	0.0	46115254	1573	160.0
1607400690.72	160000	5.886652	0.0	40906522	609	160.0
1607400690.97	160000	6.642648	0.0	7891151	121	160.0
1607400691.46	160000	7.147629	0.0	21012466	309	160.0
1607400692.02	160000	7.591145	0.0	23519424	348	160.0
1607400692.49	160000	8.126771	0.0	18715420	284	160.0
1607400693.03	160000	8.585155	0.0	17000816	377	160.0
1607400693.93	160000	8.680814	0.0	14448126	758	160.0
1607400694.38	160000	9.231299	0.0	6958676	323	160.0
1607400694.87	160000	9.746904	0.0	9088791	362	160.0
1607400695.12	160000	10.4998	0.0	7211881	137	160.0
1607400695.27	160000	11.35181	0.0	3063586	57	160.0
1607400695.41	160000	12.209778	0.0	2782179	52	160.0
1607400695.73	160000	12.895566	0.0	9958410	188	160.0
1607400696.42	160000	13.202255	0.0	12158708	558	160.0
1607400698.62	110000	12.003792	0.0	8148750	2075	60.0
1607400700.0	110000	11.624318	0.0	10662977	1250	110.0
1607400700.61	110000	12.011745	0.0	8793419	492	110.0
1607400702.34	160000	11.282563	0.0	11995130	1593	110.0
1607400703.09	160000	11.534242	0.0	13394791	600	160.0
1607400703.72	160000	11.908077	0.0	14135828	480	160.0
1607400704.34	160000	12.292365	0.0	15366126	466	160.0
1607400704.91	160000	12.721207	0.0	14248439	428	160.0
1607400705.53	160000	13.105998	0.0	13843717	466	160.0
1607400706.14	160000	13.489836	0.0	14665119	464	160.0
1607400706.96	160000	13.672479	0.0	21079187	629	160.0
1607400708.16	160000	13.472634	0.0	25480074	989	160.0
1607400709.47	160000	13.169333	0.0	23021754	1107	160.0
1607400711.09	160000	12.549289	0.0	27527834	1403	160.0
1607400712.09	160000	12.542857	0.0	26155848	795	160.0
1607400713.02	160000	12.614231	0.0	17849379	756	160.0
1607400713.73	160000	12.90975	0.0	16546531	542	160.0
1607400714.4	160000	13.237727	0.0	17718949	501	160.0
1607400715.17	160000	13.466857	0.0	17337137	603	160.0
1607400716.5	160000	13.146915	0.0	20008245	1137	160.0
1607400719.05	160000	11.594823	0.0	58430914	2089	160.0
1607400720.37	160000	11.278698	0.0	16292703	1145	160.0
1607400721.69	160000	10.95267	0.0	25587422	1121	160.0
1607400724.52	160000	9.13068	0.0	23982306	2611	160.0
1607400725.41	160000	9.236979	0.0	13347845	748	160.0
1607400727.2	160000	8.44358	0.0	14337991	1647	160.0
1607400728.16	160000	8.485494	0.0	14584990	812	160.0
1607400728.87	160000	8.783536	0.0	13962401	561	160.0
1607400729.54	160000	9.111339	0.0	14393788	523	160.0
1607400730.21	160000	9.445233	0.0	14649457	516	160.0
1607400730.8	160000	9.855862	0.0	13409715	444	160.0
1607400731.23	160000	10.420059	0.0	13909605	292	160.0
1607400731.59	160000	11.064098	0.0	13301968	219	160.0
1607400732.08	160000	11.575889	0.0	19025846	309	160.0
1607400732.64	160000	12.020964	0.0	19295426	383	160.0
1607400733.36	160000	12.297954	0.0	18261873	555	160.0
1607400734.36	160000	12.295396	0.0	19847604	818	160.0
1607400734.88	160000	12.778286	0.0	18767181	346	160.0
1607400735.63	160000	13.029073	0.0	22420858	557	160.0
1607400736.25	160000	13.411093	0.0	19324333	437	160.0
1607400736.77	160000	13.894249	0.0	20392234	333	160.0
1607400737.01	160000	14.654245	0.0	7671072	127	160.0
1607400737.45	160000	15.213362	0.0	17781906	273	160.0
1607400737.8	160000	15.876997	0.0	12839336	196	160.0
1607400738.1	160000	16.56931	0.0	10779770	165	160.0
1607400738.58	160000	17.084108	0.0	14606687	338	160.0
1607400739.71	160000	16.959184	0.0	41866951	817	160.0
1607400740.55	160000	17.124605	0.0	37238410	539	160.0
1607400740.87	160000	17.797594	0.0	14347759	182	160.0
1607400741.17	160000	18.50274	0.0	11399187	154	160.0
1607400741.45	160000	19.225635	0.0	10358641	147	160.0
1607400741.8	160000	19.877645	0.0	14315696	204	160.0
1607400742.31	160000	20.367525	0.0	23283631	316	160.0
1607400743.07	160000	20.606462	0.0	37521367	470	160.0
1607400743.52	160000	21.160455	0.0	22241104	253	160.0
1607400743.86	160000	21.819528	0.0	15813346	180	160.0
1607400744.23	160000	22.452733	0.0	17116450	202	160.0
1607400744.65	160000	23.029953	0.0	18867054	247	160.0
1607400745.05	160000	23.632546	0.0	17393609	227	160.0
1607400746.56	160000	23.121413	0.0	24759401	1307	160.0
1607400747.3	160000	23.386715	0.0	25782433	529	160.0
1607400747.87	160000	23.810362	0.0	25885372	349	160.0
1607400748.44	160000	24.245966	0.0	26242011	341	160.0
1607400748.96	160000	24.729204	0.0	23865378	305	160.0
1607400749.53	160000	25.160865	0.0	25470681	360	160.0
1607400750.17	160000	25.519608	0.0	27258768	396	160.0
1607400751.31	160000	25.37503	0.0	17853711	977	160.0
1607400751.92	160000	25.770883	0.0	14829893	456	160.0
1607400752.6	160000	26.095351	0.0	27779697	448	160.0
1607400753.19	160000	26.503813	0.0	27714923	371	160.0
1607400753.69	160000	27.007837	0.0	25946474	277	160.0
1607400754.08	160000	27.618022	0.0	19596259	208	160.0
1607400754.53	160000	28.164834	0.0	23774167	254	160.0
1607400754.92	160000	28.783682	0.0	19373656	207	160.0
1607400755.38	160000	29.317432	0.0	23977420	262	160.0
1607400755.86	160000	29.839259	0.0	24493733	277	160.0
1607400756.17	160000	30.526503	0.0	14528511	165	160.0
1607400756.51	160000	31.193482	0.0	16841176	168	160.0
1607400756.84	160000	31.857648	0.0	16743604	168	160.0
1607400757.2	160000	32.503898	0.0	17975224	179	160.0
1607400758.18	160000	32.52475	0.0	22329548	784	160.0
1607400760.38	160000	31.324229	0.0	16001583	2039	160.0
1607400760.75	160000	31.950826	0.0	18238584	205	160.0
1607400761.19	160000	32.520124	0.0	21308824	239	160.0
1607400761.54	160000	33.162629	0.0	17749058	187	160.0
1607400761.84	160000	33.868744	0.0	14127787	149	160.0
1607400762.19	160000	34.515361	0.0	17525699	186	160.0
1607400762.64	160000	35.066189	0.0	14240042	302	160.0
1607400763.26	160000	35.449519	0.0	20324139	431	160.0
1607400764.87	160000	34.845276	0.0	21993033	1412	160.0
1607400765.61	160000	35.100837	0.0	18863108	564	160.0
1607400766.14	160000	35.57422	0.0	15964734	363	160.0
1607400766.54	160000	36.174849	0.0	8284939	283	160.0
1607400766.97	160000	36.7443	0.0	9004706	308	160.0
1607400767.36	160000	37.356183	0.0	6955279	277	160.0
1607400768.08	160000	37.633897	0.0	10701639	593	160.0
1607400768.74	160000	37.977784	0.0	9459459	533	160.0
1607400769.01	160000	38.705139	0.0	3212828	180	160.0
1607400769.24	160000	39.478347	0.0	2509989	142	160.0
1607400769.43	160000	40.288668	0.0	2004927	123	160.0
1607400769.52	160000	41.20257	0.0	591360	35	160.0
1607400769.71	160000	42.443797	0.0	2394426	146	160.0
1607400770.03	40000	1.000999	0.046	336477	13	-7.359999999999999
1607400771.75	20000	1.392907	0.761	11007815	1554	-121.76
1607400774.18	20000	1.306188	1.317	8849724	2308	-190.72
1607400774.58	20000	1.942073	0.0	3191121	301	20.0
1607400774.83	20000	2.698238	0.0	1661718	156	20.0
1607400775.49	60000	3.042979	0.0	7325507	520	20.0
1607400775.78	60000	3.750178	0.0	4014386	193	60.0
1607400776.06	60000	4.465553	0.0	3830488	185	60.0
1607400776.77	40000	4.759385	0.0	9295618	575	20.0
1607400777.29	40000	5.247811	0.0	5971357	401	40.0
1607400778.24	20000	5.288965	0.0	4167844	846	0.0
1607400779.26	20000	5.269611	0.0	5571764	911	20.0
1607400781.35	20000	4.180586	0.0	4925652	1985	20.0
1607400785.36	110000	1.468826	0.292	10838546	3875	-26.72
1607400787.14	160000	1.235636	0.545	22224402	1539	22.799999999999997
1607400788.51	160000	1.304355	0.44	22578365	1187	89.6
1607400788.87	160000	1.943903	0.0	8346702	241	160.0
1607400789.49	160000	2.329997	0.0	15775481	449	160.0
1607400789.85	160000	2.965397	0.0	9163235	234	160.0
1607400791.34	160000	2.478091	0.0	41307095	1041	160.0
1607400792.14	160000	2.682377	0.0	28763893	565	160.0
1607400792.83	160000	2.995397	0.0	21266416	487	160.0
1607400793.85	160000	2.969245	0.0	23702229	824	160.0
1607400795.17	160000	2.653384	0.0	27580394	1086	160.0
1607400796.18	160000	2.641925	0.0	20329780	811	160.0
1607400796.86	160000	2.967466	0.0	16109183	498	160.0
1607400797.69	40000	3.135234	0.0	18604040	648	-80.0
1607400804.73	40000	1.276771	4.182	20723782	6858	-629.12
