1610785616.62	60000	1.000999	0.034	336477	22	-10.880000000000003
1610785617.88	320000	1.375545	0.259	14912671	1036	-22.879999999999995
1610785620.16	320000	1.298883	1.078	24265636	2007	-24.95999999999998
1610785621.92	320000	1.428263	0.859	22711544	1574	45.120000000000005
1610785623.21	320000	1.292529	0.12	19639705	1094	281.6
1610785623.95	320000	1.587487	0.0	20946809	537	320.0
1610785624.35	320000	2.186743	0.0	11895609	249	320.0
1610785624.6	320000	2.933699	0.0	7597636	137	320.0
1610785626.12	320000	2.412538	0.0	56067905	960	320.0
1610785627.14	320000	2.399914	0.0	46062054	678	320.0
1610785628.52	320000	2.017568	0.0	60496562	885	320.0
1610785630.66	320000	1.295858	0.418	90475604	1315	186.24
1610785632.38	320000	1.369444	0.793	94557637	1160	66.24000000000001
1610785633.28	320000	1.594161	0.0	48403531	534	320.0
1610785634.39	320000	1.688794	0.0	63326685	656	320.0
1610785635.81	320000	1.369468	0.135	66782145	930	276.8
1610785637.07	320000	1.427764	0.33	13212243	1138	214.4
1610785638.82	320000	1.260762	0.579	29387773	1523	134.72
1610785639.25	320000	1.838482	0.0	17336677	244	320.0
1610785640.14	160000	1.941801	0.0	41307095	586	0.0
1610785640.76	160000	2.323157	0.0	28763893	384	160.0
1610785641.15	160000	2.936496	0.0	21266416	194	160.0
1610785642.24	320000	2.854579	0.0	66993756	621	160.0
1610785643.78	320000	2.31632	0.0	92389329	939	320.0
1610785644.83	320000	2.259785	0.0	70549633	584	320.0
1610785645.76	320000	2.439247	0.0	50094571	535	320.0
1610785650.48	320000	0.974484	2.085	124391138	3896	-347.20000000000005
1610785654.39	320000	1.173205	2.817	139539685	2992	-581.44
1610785655.22	320000	1.660912	0.0	44512381	465	320.0
1610785656.04	320000	2.168168	0.0	46257154	482	320.0
1610785656.79	320000	2.542057	0.0	34846600	485	320.0
1610785657.49	320000	3.110843	0.0	33828007	430	320.0
1610785658.11	320000	3.557508	0.0	30396599	359	320.0
1610785658.72	320000	3.98237	0.0	30979822	362	320.0
1610785660.09	320000	3.740334	0.0	33204608	1122	320.0
1610785662.85	320000	1.98438	0.0	23618590	2546	320.0
1610785664.89	320000	1.370056	0.43	27475995	1845	182.4
1610785665.63	320000	1.637327	0.0	26460007	518	320.0
1610785666.26	320000	2.006743	0.0	26763657	408	320.0
1610785667.06	320000	2.201685	0.0	33826873	543	320.0
1610785668.1	320000	2.167148	0.0	41214174	729	320.0
1610785671.64	320000	1.159391	1.529	83204731	3007	-169.27999999999997
1610785673.1	320000	1.43977	0.673	75539257	1033	104.63999999999999
1610785673.53	320000	2.011882	0.0	16577177	236	320.0
1610785674.25	320000	2.289238	0.0	39814357	427	320.0
1610785675.07	320000	2.474421	0.0	50277186	466	320.0
1610785675.76	320000	2.784557	0.0	43375920	371	320.0
1610785676.44	320000	3.108013	0.0	39748690	371	320.0
1610785676.99	320000	3.558743	0.0	32725949	303	320.0
1610785677.27	320000	4.2885	0.0	15673611	116	320.0
1610785677.61	320000	5.019688	0.0	20850595	154	320.0
1610785677.91	320000	5.754127	0.0	16458609	121	320.0
1610785678.1	320000	6.588031	0.0	8700077	57	320.0
1610785678.28	320000	7.433647	0.0	8292135	54	320.0
1610785678.63	320000	8.091966	0.0	22212109	146	320.0
1610785679.05	320000	8.726754	0.0	27931458	182	320.0
1610785679.46	320000	9.315375	0.0	28076035	183	320.0
1610785679.97	320000	9.807944	0.0	34615012	226	320.0
1610785680.44	320000	10.334277	0.0	31574841	221	320.0
1610785680.87	320000	10.907919	0.0	28857310	198	320.0
1610785681.38	320000	11.398405	0.0	30799251	255	320.0
1610785681.87	320000	11.914785	0.0	29900862	241	320.0
1610785682.42	320000	12.35821	0.0	32431711	306	320.0
1610785682.99	320000	12.797642	0.0	32680833	308	320.0
1610785683.53	320000	13.256273	0.0	30468229	304	320.0
1610785684.13	320000	13.654802	0.0	31594806	350	320.0
1610785685.03	320000	13.757071	0.0	43158259	597	320.0
1610785692.85	320000	6.935867	0.0	53696400	7436	320.0
1610785693.94	320000	6.851151	0.0	49804325	695	320.0
1610785698.07	320000	3.71853	0.0	56230532	3739	320.0
1610785702.95	320000	1.461279	1.159	54033728	4570	-50.879999999999995
1610785704.34	160000	1.320524	0.3	17849379	1217	-96.0
1610785710.86	160000	1.371242	5.557	16546531	6348	-1618.24
1610785711.52	60000	1.702211	0.0	6422673	538	-40.0
1610785711.97	40000	2.251877	0.0	4165439	347	20.0
1610785712.25	40000	2.977614	0.0	5066445	165	40.0
1610785713.02	40000	3.20178	0.0	18183186	595	40.0
1610785713.32	80000	3.907838	0.0	8652970	163	40.0
1610785714.02	160000	4.208091	0.0	25587422	482	80.0
1610785715.33	320000	3.892747	0.0	49661559	972	160.0
1610785715.98	320000	4.246038	0.0	27673254	410	320.0
1610785716.57	320000	4.663437	0.0	29061600	350	320.0
1610785717.16	320000	5.073869	0.0	29596558	358	320.0
1610785717.81	320000	5.419081	0.0	29264466	423	320.0
1610785718.48	320000	5.748629	0.0	29949400	434	320.0
1610785719.19	320000	6.041102	0.0	30225692	438	320.0
1610785720.08	320000	6.152563	0.0	27528494	663	320.0
1610785720.88	320000	6.351855	0.0	28959567	568	320.0
1610785723.39	320000	4.84772	0.0	27200869	2278	320.0
1610785724.43	320000	4.806342	0.0	37091406	760	320.0
1610785725.01	320000	5.230868	0.0	32442772	318	320.0
1610785725.65	320000	5.588586	0.0	38733768	363	320.0
1610785726.37	320000	5.868183	0.0	43207501	411	320.0
1610785727.03	320000	6.213259	0.0	39867273	363	320.0
1610785727.73	320000	6.509431	0.0	44687216	374	320.0
1610785728.32	320000	6.921773	0.0	37222510	312	320.0
1610785728.93	320000	7.317593	0.0	37697615	329	320.0
1610785729.2	320000	8.041857	0.0	13943369	127	320.0
1610785729.74	320000	8.503076	0.0	33909675	278	320.0
1610785730.16	320000	9.082526	0.0	25608467	210	320.0
1610785730.57	320000	9.675986	0.0	21666875	208	320.0
1610785731.09	320000	10.159007	0.0	29164819	281	320.0
1610785732.33	320000	9.918831	0.0	75257111	722	320.0
1610785733.55	320000	9.725801	0.0	71035332	718	320.0
1610785734.09	320000	10.261568	0.0	27276036	297	320.0
1610785734.52	320000	10.922593	0.0	23233775	228	320.0
1610785734.93	320000	11.517032	0.0	21096285	206	320.0
1610785735.43	320000	12.014974	0.0	28685524	268	320.0
1610785736.16	320000	12.287638	0.0	43551422	399	320.0
1610785737.3	320000	12.145151	0.0	65057331	699	320.0
1610785738.08	320000	12.375664	0.0	41329817	459	320.0
1610785738.59	320000	12.856377	0.0	30837965	254	320.0
1610785739.13	320000	13.32294	0.0	33542198	278	320.0
1610785739.72	320000	13.731176	0.0	43188629	273	320.0
1610785740.26	320000	14.192324	0.0	38404993	246	320.0
1610785741.06	320000	14.4257	0.0	50554338	439	320.0
1610785747.03	320000	9.701535	0.0	52531967	5585	320.0
1610785749.16	320000	8.808979	0.0	54618297	1730	320.0
1610785750.23	320000	8.881438	0.0	54267260	670	320.0
1610785751.11	320000	9.063915	0.0	46984925	534	320.0
1610785752.07	320000	9.092182	0.0	52441959	617	320.0
1610785753.3	320000	8.879305	0.0	56222410	810	320.0
1610785753.98	320000	9.192258	0.0	37045146	395	320.0
1610785754.58	320000	9.591398	0.0	31316241	345	320.0
1610785755.64	320000	9.534427	0.0	54539886	631	320.0
1610785756.6	320000	9.670032	0.0	54290338	582	320.0
1610785757.4	320000	9.966325	0.0	50306079	410	320.0
1610785757.98	320000	10.589314	0.0	39311524	288	320.0
1610785758.61	320000	10.971514	0.0	45141551	317	320.0
1610785759.13	320000	11.601786	0.0	38678341	241	320.0
1610785759.78	320000	12.16036	0.0	48869677	304	320.0
1610785760.43	320000	12.583086	0.0	48742469	292	320.0
1610785760.86	320000	13.329107	0.0	31052651	189	320.0
1610785761.34	320000	13.960205	0.0	35159774	212	320.0
1610785761.88	320000	14.416954	0.0	34685385	277	320.0
1610785762.46	320000	15.002065	0.0	36845249	292	320.0
1610785763.1	320000	15.361603	0.0	44043502	297	320.0
1610785763.55	320000	15.951075	0.0	28911363	202	320.0
1610785764.02	320000	16.481555	0.0	31997411	214	320.0
1610785764.6	320000	16.907413	0.0	37860562	254	320.0
1610785765.11	320000	17.401093	0.0	34218681	238	320.0
1610785765.56	320000	17.999637	0.0	30315897	203	320.0
1610785766.08	320000	18.556186	0.0	38074030	225	320.0
1610785766.52	320000	19.318933	0.0	31856580	187	320.0
1610785767.09	320000	19.816936	0.0	40986530	281	320.0
1610785767.72	320000	20.337685	0.0	43161948	301	320.0
1610785768.32	320000	20.951004	0.0	39216469	311	320.0
1610785768.85	320000	21.424524	0.0	32708889	266	320.0
1610785769.16	320000	22.148769	0.0	16257756	134	320.0
1610785769.51	320000	22.80177	0.0	16440860	175	320.0
1610785770.27	320000	23.035314	0.0	12523766	619	320.0
1610785772.23	320000	22.08999	0.0	22159647	1750	320.0
1610785772.68	320000	22.629095	0.0	17516376	280	320.0
1610785772.85	320000	23.463671	0.0	5119060	63	320.0
1610785772.99	320000	24.325893	0.0	3788776	47	320.0
1610785773.1	320000	25.216756	0.0	3041389	38	320.0
1610785773.16	320000	26.157829	0.0	640071	7	320.0
1610785773.25	320000	27.067683	0.0	3111318	39	320.0
1610785773.7	60000	1.000999	0.076	377897	2	-24.32
1610785774.09	320000	2.001999	0.0	14912671	139	60.0
1610785774.59	320000	2.620597	0.0	24265636	218	320.0
1610785774.99	320000	3.217663	0.0	22711544	197	320.0
1610785775.35	320000	3.860853	0.0	19639705	171	320.0
1610785775.74	320000	4.495711	0.0	20946809	187	320.0
1610785775.99	320000	5.287858	0.0	11895609	104	320.0
1610785776.18	320000	6.105325	0.0	7597636	68	320.0
1610785777.31	320000	6.022403	0.0	56067905	499	320.0
1610785778.06	320000	6.309448	0.0	46062054	415	320.0
1610785779.47	320000	5.96913	0.0	60496562	982	320.0
1610785790.41	320000	1.309233	5.289	90475604	10211	-1372.48
1610785797.74	320000	1.29639	6.253	94557637	6784	-1680.96
1610785801.97	320000	1.472363	3.202	48403531	3925	-704.6400000000001
1610785803.96	160000	1.407186	0.927	22224402	1804	-296.64
1610785805.87	160000	1.351667	0.851	22578365	1719	-112.32
1610785806.69	160000	1.538047	0.0	8346702	690	160.0
1610785808.07	160000	1.454348	0.299	15775481	1230	64.32
1610785808.85	160000	1.675886	0.0	9163235	652	160.0
1610785810.57	80000	1.256956	0.295	20277060	1526	-94.4
1610785811.89	80000	1.302757	0.365	14877694	1176	-36.8
1610785812.94	80000	1.418881	0.165	11453319	923	27.200000000000003
1610785814.23	80000	1.334744	0.21	13274781	1154	12.799999999999997
1610785815.52	80000	1.280139	0.227	14862949	1133	7.359999999999999
1610785816.24	60000	1.557355	0.0	8135330	595	40.0
