1610855082.4	60000	1.000999	0.149	336477	109	-47.68
1610855083.26	60000	1.55815	0.0	14898753	576	60.0
1610855083.88	40000	1.936215	0.0	17616813	395	20.0
1610855084.15	40000	2.669388	0.0	8581118	116	40.0
1610855084.34	40000	3.513823	0.0	4726840	58	40.0
1610855084.82	320000	4.032834	0.0	20946809	206	40.0
1610855085.12	320000	4.782351	0.0	11895609	128	320.0
1610855085.33	320000	5.573531	0.0	7597636	65	320.0
1610855086.44	320000	5.487543	0.0	56067905	478	320.0
1610855087.2	320000	5.728292	0.0	46062054	414	320.0
1610855088.25	320000	5.680792	0.0	60496562	531	320.0
1610855089.91	320000	5.025699	0.0	90475604	811	320.0
1610855091.45	320000	4.485647	0.0	94557637	866	320.0
1610855092.29	320000	4.640122	0.0	48403531	471	320.0
1610855093.34	320000	4.593776	0.0	63326685	599	320.0
1610855094.57	320000	4.523308	0.0	66782145	719	320.0
1610855094.93	320000	5.20042	0.0	13212243	188	320.0
1610855095.64	320000	5.745187	0.0	29387773	435	320.0
1610855096.11	320000	6.353606	0.0	17336677	256	320.0
1610855099.08	320000	4.576269	0.0	126296507	1935	320.0
1610855100.84	320000	3.814755	0.0	96707447	1104	320.0
1610855102.1	320000	3.556781	0.0	72904162	738	320.0
1610855103.3	320000	3.564936	0.0	66993756	677	320.0
1610855104.85	320000	3.434835	0.0	92389329	909	320.0
1610855106.07	320000	3.263542	0.0	70549633	697	320.0
1610855106.99	320000	3.363016	0.0	50094571	512	320.0
1610855112.13	320000	1.178253	1.696	124391138	4450	-222.72000000000003
1610855114.27	40000	1.497346	1.242	20723782	1925	-637.44
1610855114.69	40000	2.070325	0.0	3622285	300	40.0
1610855115.13	40000	2.632092	0.0	3854472	307	40.0
1610855115.5	40000	3.261017	0.0	3217701	246	40.0
1610855115.87	40000	3.891868	0.0	3212580	245	40.0
1610855116.19	40000	4.575536	0.0	2781171	195	40.0
1610855116.63	60000	5.135906	0.0	4325721	306	40.0
1610855117.71	160000	5.05896	0.0	12428518	875	60.0
1610855118.53	160000	5.241429	0.0	9963766	659	160.0
1610855119.47	160000	5.307042	0.0	12189364	770	160.0
1610855120.23	160000	5.543477	0.0	10142396	607	160.0
1610855120.97	160000	5.801264	0.0	10185488	581	160.0
1610855121.93	160000	5.848211	0.0	14061455	773	160.0
1610855123.22	160000	5.564747	0.0	20074099	1069	160.0
1610855125.84	160000	3.935315	0.0	46115254	2270	160.0
1610855127.91	160000	2.864237	0.0	40906522	1751	160.0
1610855128.34	160000	3.4362	0.0	7891151	280	160.0
1610855129.24	160000	3.543216	0.0	21012466	677	160.0
1610855130.16	160000	3.625127	0.0	23519424	674	160.0
1610855136.5	320000	1.252135	2.973	43375920	6024	-791.36
1610855137.16	60000	1.589966	0.0	5629782	521	-200.0
1610855137.71	60000	2.043571	0.0	5045231	412	60.0
1610855138.15	80000	2.605036	0.0	3458958	274	60.0
1610855138.82	110000	2.93807	0.0	6072231	491	80.0
1610855139.31	110000	3.446268	0.0	4799875	361	110.0
1610855139.66	160000	4.095081	0.0	3063586	222	110.0
1610855140.42	320000	4.339686	0.0	8292135	604	160.0
1610855142.14	320000	3.612984	0.0	22212109	1512	320.0
1610855144.12	320000	2.63667	0.0	27931458	1719	320.0
1610855145.89	320000	1.872904	0.0	28076035	1511	320.0
1610855146.78	160000	1.982197	0.0	15815684	693	0.0
1610855147.47	160000	2.293533	0.0	13526256	505	160.0
1610855148.03	160000	2.735852	0.0	11995130	393	160.0
1610855148.61	160000	3.148604	0.0	13394791	413	160.0
1610855149.7	320000	3.060149	0.0	29900862	807	160.0
1610855150.75	320000	3.01946	0.0	32431711	765	320.0
1610855151.69	320000	3.074629	0.0	32680833	668	320.0
1610855152.52	320000	3.248604	0.0	30468229	555	320.0
1610855153.32	320000	3.446965	0.0	31594806	519	320.0
1610855154.29	320000	3.476471	0.0	43158259	640	320.0
1610855155.39	320000	3.388809	0.0	53696400	707	320.0
1610855156.44	320000	3.339457	0.0	49804325	666	320.0
1610855157.42	320000	3.35206	0.0	56230532	592	320.0
1610855160.12	320000	1.96321	0.0	54033728	2275	320.0
1610855161.35	320000	1.900753	0.0	40265492	898	320.0
1610855162.48	320000	1.799117	0.0	37527577	809	320.0
1610855163.08	160000	2.201786	0.0	17718949	388	0.0
1610855163.64	160000	2.640263	0.0	17337137	359	160.0
1610855164.27	160000	3.008878	0.0	20008245	416	160.0
1610855166.83	320000	1.451761	0.0	91609209	1941	160.0
1610855167.8	320000	1.622274	0.0	30861098	675	320.0
1610855169.3	320000	1.202535	0.0	53161890	1115	320.0
1610855170.66	320000	1.263149	0.417	49661559	1031	186.56
1610855171.5	320000	1.480351	0.057	27673254	578	301.76
1610855172.36	320000	1.615564	0.0	29061600	598	320.0
1610855173.25	320000	1.724092	0.0	29596558	626	320.0
1610855174.39	320000	1.594592	0.0	29264466	873	320.0
1610855175.68	320000	1.491414	0.19	29949400	1038	259.2
1610855176.56	320000	1.613973	0.0	30225692	591	320.0
1610855177.33	320000	1.845643	0.0	27528494	519	320.0
1610855178.13	320000	2.048308	0.0	28959567	531	320.0
1610855178.86	320000	2.312226	0.0	27200869	485	320.0
1610855180.08	320000	2.092697	0.0	37091406	895	320.0
1610855181.98	320000	1.436784	0.244	32442772	1647	241.92000000000002
1610855183.36	160000	1.431944	0.372	18261873	1184	-119.04
1610855184.02	110000	1.770215	0.0	13245175	485	60.0
1610855184.63	110000	2.16423	0.0	12490444	435	110.0
1610855185.39	110000	2.410092	0.0	15265366	543	110.0
1610855190.93	110000	1.307995	3.44	13365138	5370	-990.8
1610855191.63	40000	1.601912	0.0	4811858	575	-30.0
1610855191.97	40000	2.267453	0.0	2054604	220	40.0
1610855192.59	40000	2.649806	0.0	4462862	491	40.0
1610855193.01	40000	3.228947	0.0	3046638	303	40.0
1610855193.4	40000	3.840372	0.0	2648526	270	40.0
1610855193.85	40000	4.388628	0.0	3387394	328	40.0
1610855195.15	40000	4.093334	0.0	12176825	1127	40.0
1610855196.15	40000	4.091805	0.0	10062382	847	40.0
1610855196.85	80000	4.397296	0.0	6968696	552	40.0
1610855197.51	110000	4.730776	0.0	7008597	522	80.0
1610855198.09	110000	5.156196	0.0	6126549	439	110.0
1610855198.9	110000	5.343965	0.0	9409059	656	110.0
1610855200.21	110000	5.047902	0.0	16742448	1102	110.0
1610855203.29	110000	2.962534	0.0	27817780	2821	110.0
1610855204.63	110000	2.616288	0.0	16060560	1152	110.0
1610855205.52	110000	2.731019	0.0	11168326	716	110.0
1610855206.43	110000	2.819891	0.0	12064050	744	110.0
1610855207.33	110000	2.922669	0.0	12122131	733	110.0
1610855208.14	110000	3.11139	0.0	10969714	652	110.0
1610855211.85	110000	1.27934	0.864	16960361	3506	-166.48000000000002
1610855213.83	40000	1.392473	1.094	6433588	1841	-380.08
1610855215.27	40000	1.487082	0.541	5638739	1318	-133.12
1610855216.31	40000	1.447128	0.0	6062060	905	40.0
1610855217.25	40000	1.50736	0.0	5850985	805	40.0
1610855218.15	40000	1.608953	0.0	6118487	761	40.0
1610855219.04	40000	1.724132	0.0	6683536	742	40.0
1610855219.58	40000	2.184384	0.0	4036556	411	40.0
1610855220.03	40000	2.732632	0.0	3322499	330	40.0
1610855220.78	40000	2.989135	0.0	6343093	605	40.0
1610855221.49	40000	3.27218	0.0	6446252	576	40.0
1610855222.18	40000	3.588541	0.0	6361946	546	40.0
1610855222.67	40000	4.103229	0.0	4367184	356	40.0
1610855224.24	110000	3.525923	0.0	16649620	1380	40.0
1610855228.82	110000	1.27906	1.331	13175624	4411	-315.92
1610855230.2	40000	1.371984	0.47	6371885	1235	-180.4
1610855234.08	40000	1.342246	2.852	6582726	3744	-872.64
1610855235.27	40000	1.444666	0.29	3090648	1071	-52.8
1610855237.8	40000	1.486629	1.572	3851594	2410	-463.04
1610855239.13	40000	1.309385	0.151	3709626	1206	-8.32
1610855240.2	40000	1.460262	0.223	3979395	950	-31.36
1610855241.6	40000	1.435171	0.37	5202497	1268	-78.4
1610855243.61	40000	1.305244	0.882	4422067	1887	-242.24
1610855246.28	40000	1.439096	1.796	5339294	2533	-534.72
1610855248.61	40000	1.485127	1.381	6235334	2203	-401.92
1610855253.15	40000	1.367845	3.421	4653534	4404	-1054.72
1610855255.91	40000	1.289278	1.68	3314391	2634	-497.6
1610855261.2	40000	1.46909	4.464	4039495	5156	-1388.48
