1610848968.31	60000	1.000999	0.154	336477	113	-49.28
1610848969.11	40000	1.594657	0.0	14648397	636	20.0
1610848970.08	80000	1.626371	0.0	22644885	726	40.0
1610848970.83	110000	1.954542	0.0	21016487	554	80.0
1610848971.33	110000	2.453989	0.0	17473873	369	110.0
1610848971.96	160000	2.87019	0.0	20946809	433	110.0
1610848972.27	160000	3.563775	0.0	11895609	205	160.0
1610848972.48	160000	4.354966	0.0	7597636	131	160.0
1610848974.08	320000	3.814425	0.0	56067905	1005	160.0
1610848975.1	320000	3.792071	0.0	46062054	743	320.0
1610848976.44	320000	3.455462	0.0	60496562	898	320.0
1610848978.36	320000	2.544104	0.0	90475604	1146	320.0
1610848980.09	320000	1.917162	0.0	94557637	1117	320.0
1610848980.99	320000	2.187542	0.0	48403531	570	320.0
1610848982.12	320000	2.276345	0.0	63326685	707	320.0
1610848983.34	320000	2.174239	0.0	66782145	771	320.0
1610848983.63	320000	2.889176	0.0	13212243	179	320.0
1610848984.21	320000	3.309415	0.0	29387773	370	320.0
1610848984.57	320000	3.953619	0.0	17336677	219	320.0
1610848987.45	320000	2.145171	0.0	126296507	1900	320.0
1610848989.3	320000	1.573391	0.0	96707447	1223	320.0
1610848994.05	320000	1.254213	3.126	72904162	4321	-680.32
1610848995.74	160000	1.252373	0.678	23702229	1523	-216.96
1610848997.28	160000	1.437334	0.721	27580394	1371	-70.72
1610848998.39	160000	1.371252	0.051	20329780	956	143.68
1610848998.99	110000	1.775224	0.0	11073078	499	60.0
1610849001.16	110000	1.461783	0.85	44076779	1918	-162.0
1610849003.43	110000	1.261472	1.076	49215857	1993	-234.32
1610849004.15	160000	1.54861	0.0	15251076	586	110.0
1610849004.89	160000	1.806572	0.0	16574034	608	160.0
1610849005.46	160000	2.231743	0.0	13009028	468	160.0
1610849006.01	160000	2.679635	0.0	12791674	447	160.0
1610849006.5	160000	3.198591	0.0	11137898	385	160.0
1610849006.96	160000	3.7378	0.0	11485310	366	160.0
1610849007.45	160000	4.244258	0.0	12428518	389	160.0
1610849007.84	160000	4.861683	0.0	9963766	287	160.0
1610849008.77	160000	4.931145	0.0	12189364	827	160.0
1610849009.58	160000	5.121071	0.0	10142396	718	160.0
1610849010.12	110000	5.577549	0.0	6808950	463	60.0
1610849010.9	110000	5.800355	0.0	9608563	684	110.0
1610849011.68	110000	6.020008	0.0	13956444	669	110.0
1610849013.44	110000	5.265153	0.0	33926116	1543	110.0
1610849014.96	110000	4.74828	0.0	29928879	1321	110.0
1610849015.26	110000	5.447404	0.0	5545322	225	110.0
1610849016.29	160000	5.417264	0.0	21012466	877	110.0
1610849017.4	160000	5.307845	0.0	23519424	944	160.0
1610849018.27	160000	5.441137	0.0	18715420	722	160.0
1610849019.03	160000	5.680655	0.0	17000816	632	160.0
1610849019.67	160000	6.042779	0.0	14448126	526	160.0
1610849019.99	160000	6.720291	0.0	6958676	248	160.0
1610849020.39	160000	7.323191	0.0	9088791	311	160.0
1610849020.72	160000	7.997083	0.0	7211881	251	160.0
1610849020.86	160000	8.852802	0.0	3063586	90	160.0
1610849021.0	160000	9.712473	0.0	2782179	87	160.0
1610849021.44	160000	10.280314	0.0	9958410	336	160.0
1610849021.96	160000	10.762897	0.0	12158708	413	160.0
1610849022.47	160000	11.247478	0.0	12300216	414	160.0
1610849023.13	160000	11.591623	0.0	15815684	525	160.0
1610849023.69	160000	12.035483	0.0	13526256	442	160.0
1610849024.17	160000	12.549346	0.0	11995130	387	160.0
1610849024.7	160000	13.022042	0.0	13394791	419	160.0
1610849025.25	160000	13.471622	0.0	14135828	441	160.0
1610849025.82	160000	13.903616	0.0	15366126	450	160.0
1610849026.33	160000	14.393562	0.0	14248439	398	160.0
1610849026.81	160000	14.914313	0.0	13843717	372	160.0
1610849027.3	160000	15.4269	0.0	14665119	373	160.0
1610849027.96	160000	15.763758	0.0	21079187	507	160.0
1610849028.71	160000	16.022761	0.0	25480074	567	160.0
1610849030.0	320000	15.728773	0.0	49804325	1000	160.0
1610849031.32	320000	15.410697	0.0	56230532	992	320.0
1610849032.47	320000	15.264601	0.0	54033728	831	320.0
1610849033.3	320000	15.430615	0.0	40265492	569	320.0
1610849034.02	320000	15.712387	0.0	37527577	487	320.0
1610849034.73	320000	16.006418	0.0	38354537	465	320.0
1610849035.36	320000	16.38352	0.0	33905183	402	320.0
1610849036.13	320000	16.612001	0.0	37964644	534	320.0
1610849043.47	320000	10.265907	0.0	91609209	6809	320.0
1610849044.67	110000	10.068614	0.0	11574285	1093	-100.0
1610849045.98	110000	9.854146	0.0	17560011	1177	110.0
1610849047.59	110000	9.341643	0.0	16439864	1476	110.0
1610849048.08	80000	9.869247	0.0	6280571	419	50.0
1610849048.65	80000	10.305875	0.0	6681274	488	80.0
1610849049.27	80000	10.688685	0.0	7178853	539	80.0
1610849050.03	80000	10.92317	0.0	6803527	691	80.0
1610849050.77	80000	11.191124	0.0	7120614	656	80.0
1610849051.45	80000	11.511988	0.0	7243569	601	80.0
1610849051.97	80000	11.991849	0.0	6378767	447	80.0
1610849052.5	80000	12.458589	0.0	6369153	462	80.0
1610849053.06	80000	12.902381	0.0	6270064	474	80.0
1610849053.63	80000	13.456771	0.0	9600822	485	80.0
1610849054.36	110000	13.809607	0.0	14191823	616	80.0
1610849054.99	110000	14.18028	0.0	12316520	531	110.0
1610849055.67	110000	14.499825	0.0	13245175	575	110.0
1610849056.3	110000	14.870027	0.0	12490444	527	110.0
1610849057.44	160000	14.734776	0.0	22420858	963	110.0
1610849058.39	160000	14.780516	0.0	19324333	783	160.0
1610849058.88	160000	15.292982	0.0	20392234	342	160.0
1610849059.08	160000	16.096697	0.0	7671072	119	160.0
1610849059.48	160000	16.70051	0.0	17781906	263	160.0
1610849059.76	160000	17.419386	0.0	12839336	178	160.0
1610849060.0	160000	18.177332	0.0	10779770	149	160.0
1610849060.62	320000	18.556512	0.0	29164819	408	160.0
1610849062.07	320000	18.109033	0.0	75257111	1010	320.0
1610849063.38	320000	17.804898	0.0	71035332	868	320.0
1610849063.89	320000	18.292887	0.0	27276036	335	320.0
1610849064.34	320000	18.847174	0.0	23233775	284	320.0
1610849064.75	320000	19.434401	0.0	21096285	252	320.0
1610849065.29	320000	19.901999	0.0	28685524	347	320.0
1610849066.06	320000	20.125072	0.0	43551422	507	320.0
1610849067.35	320000	19.836339	0.0	65057331	873	320.0
1610849068.16	320000	20.03137	0.0	41329817	560	320.0
1610849068.71	320000	20.479677	0.0	30837965	349	320.0
1610849069.27	320000	20.926366	0.0	33542198	340	320.0
1610849070.07	320000	21.12813	0.0	43188629	526	320.0
1610849070.81	320000	21.385545	0.0	38404993	501	320.0
1610849072.3	320000	20.899411	0.0	50554338	1161	320.0
1610849073.73	320000	20.46684	0.0	52531967	1116	320.0
1610849075.07	320000	20.126422	0.0	54618297	984	320.0
1610849076.37	320000	19.835041	0.0	54267260	956	320.0
1610849077.48	320000	19.717782	0.0	46984925	784	320.0
1610849078.66	320000	19.538717	0.0	52441959	864	320.0
1610849079.96	320000	19.491735	0.0	56222410	927	320.0
1610849080.81	320000	19.643357	0.0	37045146	611	320.0
1610849081.54	320000	19.915669	0.0	31316241	518	320.0
1610849082.74	320000	19.714131	0.0	54539886	865	320.0
1610849083.94	320000	19.520259	0.0	54290338	874	320.0
1610849085.08	320000	19.374611	0.0	50306079	812	320.0
1610849085.96	320000	19.49513	0.0	39311524	633	320.0
1610849086.98	320000	19.594644	0.0	45141551	733	320.0
1610849087.86	320000	19.811131	0.0	38678341	628	320.0
1610849088.94	320000	19.725329	0.0	48869677	799	320.0
1610849090.01	320000	19.65652	0.0	48742469	778	320.0
1610849090.72	320000	19.950927	0.0	31052651	495	320.0
1610849091.49	320000	20.178263	0.0	35159774	534	320.0
1610849092.24	320000	20.431454	0.0	34685385	529	320.0
1610849093.01	320000	20.660198	0.0	36845249	536	320.0
1610849093.94	320000	20.841388	0.0	44043502	651	320.0
1610849094.55	320000	21.230296	0.0	28911363	418	320.0
1610849095.38	320000	21.649384	0.0	31997411	611	320.0
1610849096.19	320000	22.034409	0.0	37860562	544	320.0
1610849096.93	320000	22.401747	0.0	34218681	502	320.0
1610849097.58	320000	22.875481	0.0	30315897	443	320.0
1610849100.69	320000	21.17554	0.0	38074030	2834	320.0
1610849101.71	160000	21.198319	0.0	14240042	900	0.0
1610849102.38	110000	21.527513	0.0	13845974	557	60.0
1610849103.08	110000	21.878853	0.0	15054391	587	110.0
1610849103.66	110000	22.56934	0.0	12467336	470	110.0
1610849104.15	110000	23.077257	0.0	10680491	398	110.0
1610849104.55	160000	23.827692	0.0	8284939	309	110.0
1610849104.96	160000	24.459692	0.0	9004706	333	160.0
1610849105.3	160000	25.177712	0.0	6955279	254	160.0
1610849105.79	160000	25.898536	0.0	10701639	390	160.0
1610849106.22	160000	26.470474	0.0	9459459	340	160.0
1610849106.39	160000	27.325614	0.0	3212828	115	160.0
1610849106.54	160000	28.184219	0.0	2509989	88	160.0
1610849106.65	160000	29.092683	0.0	2004927	64	160.0
1610849106.7	160000	30.040999	0.0	591360	10	160.0
1610849106.78	110000	30.964684	0.0	931350	30	60.0
1610849107.31	60000	1.000999	0.048	377897	6	-15.36
1610849108.05	40000	1.54791	0.0	14648397	532	20.0
1610849109.18	110000	1.44994	0.0	24132566	862	40.0
1610849110.09	110000	1.630398	0.0	21016487	746	110.0
1610849110.93	160000	1.839024	0.0	19639705	661	110.0
1610849111.78	160000	2.018295	0.0	20946809	697	160.0
1610849112.26	160000	2.560465	0.0	11895609	381	160.0
1610849112.58	160000	3.244289	0.0	7597636	234	160.0
1610849114.95	160000	1.876149	0.0	56067905	1754	160.0
1610849116.62	160000	1.210751	0.0	45444680	1383	160.0
1610849118.51	160000	1.238044	0.894	54798068	1577	-126.07999999999998
1610849120.74	160000	1.483086	1.473	69464107	1779	-311.36
1610849122.15	160000	1.424136	0.389	50637608	1104	35.519999999999996
1610849122.7	160000	1.879646	0.0	19559369	393	160.0
1610849123.26	160000	2.314856	0.0	22224402	403	160.0
1610849124.84	320000	1.744058	0.0	66782145	1110	160.0
1610849125.17	320000	2.415368	0.0	13212243	212	320.0
1610849125.8	320000	2.781694	0.0	29387773	424	320.0
1610849126.18	320000	3.405865	0.0	17336677	237	320.0
1610849128.94	320000	1.650047	0.0	126296507	1576	320.0
1610849130.85	320000	1.19178	0.096	96707447	1255	289.28
1610849132.23	320000	1.165041	0.316	72904162	919	218.88
1610849133.44	320000	1.346476	0.443	66993756	866	178.24
1610849134.94	320000	1.179947	0.16	92389329	941	268.8
1610849136.11	320000	1.355861	0.193	70549633	699	258.24
1610849136.98	320000	1.538802	0.0	50094571	539	320.0
1610849139.22	320000	1.236293	0.935	124391138	1609	20.80000000000001
