1610766679.02	60000	1.000999	0.018	336477	6	-5.759999999999998
1610766679.54	320000	1.789198	0.0	14912671	274	60.0
1610766680.25	320000	2.09628	0.0	24265636	429	320.0
1610766680.87	320000	2.517455	0.0	22711544	394	320.0
1610766681.37	320000	3.10027	0.0	19639705	315	320.0
1610766681.91	320000	3.590245	0.0	20946809	342	320.0
1610766682.26	320000	4.272597	0.0	11895609	192	320.0
1610766682.5	320000	5.0301	0.0	7597636	121	320.0
1610766683.93	320000	4.712879	0.0	56067905	863	320.0
1610766684.78	320000	4.868786	0.0	46062054	506	320.0
1610766686.01	320000	4.634927	0.0	60496562	758	320.0
1610766687.81	320000	3.83235	0.0	90475604	1020	320.0
1610766689.3	320000	3.348063	0.0	94557637	874	320.0
1610766690.16	320000	3.491041	0.0	48403531	507	320.0
1610766691.19	320000	3.595059	0.0	63326685	565	320.0
1610766692.33	320000	3.726928	0.0	66782145	653	320.0
1610766692.65	320000	4.499034	0.0	13212243	167	320.0
1610766693.28	320000	4.878024	0.0	29387773	385	320.0
1610766693.7	320000	5.491987	0.0	17336677	234	320.0
1610766696.37	320000	3.965684	0.0	126296507	1724	320.0
1610766698.06	320000	3.281309	0.0	96707447	1082	320.0
1610766699.25	320000	3.08811	0.0	72904162	695	320.0
1610766700.29	320000	3.309659	0.0	66993756	563	320.0
1610766701.71	320000	3.236476	0.0	92389329	796	320.0
1610766702.89	320000	3.065999	0.0	70549633	694	320.0
1610766703.84	320000	3.198778	0.0	50094571	592	320.0
1610766706.52	320000	1.7943	0.0	124391138	1946	320.0
1610766709.25	320000	1.132671	0.762	139539685	1757	76.16
1610766711.59	320000	1.256992	1.168	44512381	1998	-53.75999999999999
1610766712.0	160000	1.877451	0.0	16574034	223	0.0
1610766712.39	160000	2.573498	0.0	13009028	230	160.0
1610766712.77	160000	3.2736	0.0	12791674	228	160.0
1610766713.42	160000	3.643564	0.0	11137898	506	160.0
1610766714.64	160000	3.423085	0.0	11485310	1071	160.0
1610766715.73	160000	3.33935	0.0	12428518	937	160.0
1610766716.58	160000	3.488344	0.0	9963766	715	160.0
1610766717.37	160000	3.705845	0.0	12189364	639	160.0
1610766717.91	160000	4.16054	0.0	10142396	400	160.0
1610766718.08	60000	4.984043	0.0	3577346	68	-40.0
1610766718.32	80000	5.75434	0.0	7013013	103	60.0
1610766718.68	110000	6.387803	0.0	13956444	205	80.0
1610766719.82	110000	6.256627	0.0	33926116	870	110.0
1610766722.74	320000	4.336611	0.0	75539257	2436	110.0
1610766724.13	320000	3.942627	0.0	16577177	1218	320.0
1610766725.09	160000	3.981449	0.0	21012466	757	0.0
1610766725.64	110000	4.436676	0.0	16044226	369	60.0
1610766726.25	160000	4.828486	0.0	18715420	417	110.0
1610766726.74	160000	5.337416	0.0	17000816	314	160.0
1610766727.17	160000	5.9164	0.0	14448126	268	160.0
1610766727.66	320000	6.42065	0.0	15673611	319	160.0
1610766728.26	320000	6.825714	0.0	20850595	403	320.0
1610766728.67	320000	7.406829	0.0	16458609	248	320.0
1610766728.93	320000	8.148641	0.0	8700077	130	320.0
1610766729.22	320000	8.867065	0.0	8292135	139	320.0
1610766729.83	320000	9.252067	0.0	22212109	415	320.0
1610766730.77	320000	9.319776	0.0	27931458	694	320.0
1610766733.74	320000	7.346739	0.0	28076035	2742	320.0
1610766735.11	160000	6.975195	0.0	15815684	1204	0.0
1610766736.2	110000	6.886618	0.0	8793419	956	60.0
1610766736.68	80000	7.413378	0.0	5098216	360	50.0
1610766737.21	80000	7.878757	0.0	5982646	424	80.0
1610766737.84	80000	8.254267	0.0	6905077	510	80.0
1610766738.49	80000	8.603298	0.0	7258180	523	80.0
1610766739.24	110000	8.851357	0.0	8760683	620	80.0
1610766740.42	160000	8.669452	0.0	13843717	1026	110.0
1610766741.94	160000	8.158495	0.0	14665119	1354	160.0
1610766743.73	160000	7.365909	0.0	21079187	1598	160.0
1610766745.76	160000	6.342131	0.0	25480074	1800	160.0
1610766748.19	160000	4.907995	0.0	23021754	2223	160.0
1610766751.35	110000	2.749908	0.0	19021488	2964	60.0
1610766752.28	60000	2.824148	0.0	9558538	790	10.0
1610766752.95	60000	3.158881	0.0	6050499	550	60.0
1610766753.63	60000	3.471294	0.0	5568885	564	60.0
1610766754.19	40000	3.914786	0.0	4098626	450	20.0
1610766757.63	40000	1.474828	0.0	4165439	3329	40.0
1610766760.48	40000	1.480784	1.857	5066445	2750	-554.24
1610766761.96	40000	1.338998	0.339	18183186	1316	-68.48
1610766762.42	40000	1.887143	0.0	4623087	345	40.0
1610766763.18	40000	2.120072	0.0	6754819	648	40.0
1610766765.83	40000	1.430815	0.954	6222613	2534	-265.28
1610766767.38	40000	1.386159	0.501	3078962	1449	-120.32
1610766768.63	40000	1.382563	0.251	3080827	1155	-40.31999999999999
1610766770.23	40000	1.390421	0.602	3535232	1494	-152.64
1610766770.65	40000	1.972683	0.0	3285443	319	40.0
1610766771.05	40000	2.566532	0.0	3494448	306	40.0
1610766771.45	40000	3.174218	0.0	3529670	294	40.0
1610766771.77	40000	3.851076	0.0	3123898	226	40.0
1610766772.09	40000	4.5351	0.0	3029270	219	40.0
1610766772.72	80000	4.902114	0.0	6270064	517	40.0
1610766773.66	80000	4.962757	0.0	9600822	804	80.0
1610766774.77	110000	4.85246	0.0	14191823	954	80.0
1610766775.59	110000	5.033827	0.0	12316520	674	110.0
1610766776.34	110000	5.290691	0.0	13245175	589	110.0
1610766776.91	110000	5.715336	0.0	12490444	431	110.0
1610766777.59	110000	6.036786	0.0	15265366	514	110.0
1610766778.88	320000	5.753134	0.0	37222510	1002	110.0
1610766779.85	320000	5.780666	0.0	37697615	691	320.0
1610766780.23	320000	6.403974	0.0	13943369	223	320.0
1610766781.03	320000	6.605526	0.0	33909675	520	320.0
1610766781.65	320000	6.988506	0.0	25608467	390	320.0
1610766782.17	320000	7.464457	0.0	21666875	332	320.0
1610766782.8	320000	7.831888	0.0	29164819	397	320.0
1610766784.22	320000	7.446516	0.0	75257111	902	320.0
1610766785.39	320000	7.277892	0.0	71035332	693	320.0
1610766785.89	320000	7.774326	0.0	27276036	278	320.0
1610766786.35	320000	8.32277	0.0	23233775	244	320.0
1610766786.76	320000	8.905452	0.0	21096285	225	320.0
1610766787.31	320000	9.363722	0.0	28685524	307	320.0
1610766788.05	320000	9.618874	0.0	43551422	436	320.0
1610766789.13	320000	9.539819	0.0	65057331	629	320.0
1610766789.8	320000	9.87456	0.0	41329817	361	320.0
1610766790.28	320000	10.430728	0.0	30837965	227	320.0
1610766790.76	320000	10.941442	0.0	33542198	228	320.0
1610766791.36	320000	11.556224	0.0	43188629	275	320.0
1610766791.91	320000	12.013459	0.0	38404993	243	320.0
1610766792.58	320000	12.33801	0.0	50554338	320	320.0
1610766793.33	320000	12.651669	0.0	52531967	355	320.0
1610766794.23	320000	12.753421	0.0	54618297	533	320.0
1610766795.08	320000	12.909498	0.0	54267260	476	320.0
1610766795.78	320000	13.201833	0.0	46984925	369	320.0
1610766796.62	320000	13.370397	0.0	52441959	461	320.0
1610766797.6	320000	13.386164	0.0	56222410	598	320.0
1610766798.26	320000	13.852667	0.0	37045146	339	320.0
1610766798.79	320000	14.385581	0.0	31316241	280	320.0
1610766799.65	320000	14.527439	0.0	54539886	470	320.0
1610766800.58	320000	14.5932	0.0	54290338	528	320.0
1610766801.44	320000	14.739605	0.0	50306079	508	320.0
1610766802.16	320000	15.018414	0.0	39311524	436	320.0
1610766803.02	320000	15.159598	0.0	45141551	512	320.0
1610766803.76	320000	15.425026	0.0	38678341	449	320.0
1610766804.77	320000	15.413826	0.0	48869677	678	320.0
1610766812.65	320000	9.510217	0.0	48742469	7496	320.0
1610766814.51	60000	8.746589	0.0	4915398	1732	-200.0
1610766815.87	40000	8.738473	0.0	3851594	1257	20.0
1610766817.62	40000	8.280326	0.0	3709626	1653	40.0
1610766818.74	40000	8.158007	0.0	3979395	1019	40.0
1610766820.04	40000	7.865991	0.0	5202497	1184	40.0
1610766820.89	40000	8.010019	0.0	4422067	749	40.0
1610766821.46	40000	8.447232	0.0	5339294	455	40.0
1610766822.08	40000	8.830057	0.0	6235334	504	40.0
1610766822.76	60000	9.147388	0.0	6981592	558	40.0
1610766823.75	110000	9.158367	0.0	9581283	853	60.0
1610766824.21	110000	9.702913	0.0	11843441	311	110.0
1610766824.74	160000	10.171488	0.0	14240042	374	110.0
1610766825.34	160000	10.572957	0.0	20324139	412	160.0
1610766826.38	320000	10.529859	0.0	43161948	705	160.0
1610766827.26	320000	10.656541	0.0	39216469	581	320.0
1610766828.12	320000	10.789966	0.0	32708889	617	320.0
1610766828.81	320000	11.108602	0.0	16257756	512	320.0
1610766829.14	320000	11.772413	0.0	16440860	162	320.0
1610766829.41	320000	12.502248	0.0	12523766	122	320.0
1610766829.84	320000	13.079334	0.0	22159647	217	320.0
1610766830.23	320000	13.687667	0.0	17516376	208	320.0
1610766830.41	320000	14.5144	0.0	5119060	62	320.0
1610766830.55	320000	15.37394	0.0	3788776	44	320.0
1610766830.66	320000	16.260242	0.0	3041389	37	320.0
1610766830.72	320000	17.19913	0.0	640071	7	320.0
1610766830.82	320000	18.102766	0.0	3111318	46	320.0
1610766831.18	60000	1.000999	0.019	377897	3	-6.079999999999998
1610766831.64	320000	1.833549	0.0	14912671	219	60.0
1610766832.15	320000	2.317906	0.0	24265636	249	320.0
1610766832.59	320000	2.885216	0.0	22711544	231	320.0
1610766832.93	320000	3.540259	0.0	19639705	162	320.0
1610766833.28	320000	4.26411	0.0	20946809	148	320.0
1610766833.5	320000	5.039999	0.0	11895609	85	320.0
1610766833.68	320000	5.911465	0.0	7597636	54	320.0
1610766834.69	320000	5.955157	0.0	56067905	391	320.0
1610766835.42	320000	6.248246	0.0	46062054	393	320.0
1610766836.38	320000	6.322482	0.0	60496562	556	320.0
1610766838.23	320000	5.479599	0.0	90475604	1066	320.0
1610766839.77	320000	4.931981	0.0	94557637	958	320.0
1610766840.57	320000	5.13323	0.0	48403531	465	320.0
1610766842.02	320000	4.691317	0.0	63326685	1002	320.0
1610766843.41	320000	4.488424	0.0	66782145	922	320.0
1610766843.67	320000	5.220261	0.0	13212243	112	320.0
1610766844.26	320000	5.754059	0.0	29387773	333	320.0
1610766844.65	320000	6.546461	0.0	17336677	205	320.0
1610766846.84	320000	5.414262	0.0	126296507	1147	320.0
1610766848.5	320000	4.824163	0.0	96707447	1019	320.0
1610766854.4	320000	1.373807	0.909	72904162	5453	29.120000000000005
1610766855.04	40000	1.732675	0.0	7313446	508	-240.0
1610766855.71	40000	2.071063	0.0	8054223	538	40.0
1610766856.23	40000	2.552498	0.0	5596063	411	40.0
1610766856.66	40000	3.11888	0.0	4316804	331	40.0
1610766858.15	40000	2.630237	0.0	18604040	1309	40.0
