1610820438.64	60000	1.000999	0.015	336477	3	-4.799999999999997
1610820439.01	320000	1.91487	0.0	14912671	134	60.0
1610820439.52	320000	2.512886	0.0	24265636	205	320.0
1610820439.88	320000	3.153113	0.0	22711544	151	320.0
1610820440.2	320000	3.836595	0.0	19639705	130	320.0
1610820440.54	320000	4.525623	0.0	20946809	140	320.0
1610820440.76	320000	5.310937	0.0	11895609	73	320.0
1610820440.92	320000	6.150727	0.0	7597636	47	320.0
1610820441.8	320000	6.342733	0.0	56067905	352	320.0
1610820442.39	320000	6.829746	0.0	46062054	268	320.0
1610820443.2	320000	7.054024	0.0	60496562	312	320.0
1610820444.43	320000	6.868402	0.0	90475604	448	320.0
1610820445.54	320000	6.763958	0.0	94557637	442	320.0
1610820446.11	320000	7.194465	0.0	48403531	222	320.0
1610820446.85	320000	7.45623	0.0	63326685	298	320.0
1610820447.66	320000	7.644386	0.0	66782145	345	320.0
1610820447.88	320000	8.420783	0.0	13212243	79	320.0
1610820448.29	320000	9.009897	0.0	29387773	177	320.0
1610820448.58	320000	9.729384	0.0	17336677	105	320.0
1610820450.18	320000	9.133008	0.0	126296507	592	320.0
1610820451.33	320000	9.159033	0.0	96707447	509	320.0
1610820452.27	320000	9.499356	0.0	72904162	424	320.0
1610820453.2	320000	9.710267	0.0	66993756	416	320.0
1610820454.34	320000	9.568475	0.0	92389329	554	320.0
1610820455.25	320000	9.720879	0.0	70549633	397	320.0
1610820455.89	320000	10.080854	0.0	50094571	278	320.0
1610820457.44	320000	9.531689	0.0	124391138	774	320.0
1610820459.33	320000	8.774933	0.0	139539685	885	320.0
1610820459.97	320000	9.323045	0.0	44512381	264	320.0
1610820460.65	320000	9.957376	0.0	46257154	334	320.0
1610820461.31	320000	10.296969	0.0	34846600	381	320.0
1610820462.74	320000	9.924456	0.0	33828007	1146	320.0
1610820464.69	320000	9.129184	0.0	30396599	1683	320.0
1610820468.0	320000	7.311375	0.0	30979822	3062	320.0
1610820471.08	320000	6.254569	0.0	33204608	2814	320.0
1610820472.13	320000	6.353009	0.0	23618590	840	320.0
1610820472.87	320000	6.824877	0.0	27475995	515	320.0
1610820473.53	320000	7.16381	0.0	26460007	442	320.0
1610820474.17	320000	7.523735	0.0	26763657	411	320.0
1610820474.93	320000	7.767364	0.0	33826873	504	320.0
1610820476.04	320000	7.652563	0.0	41214174	819	320.0
1610820477.79	320000	6.906124	0.0	83204731	1186	320.0
1610820479.33	320000	6.372761	0.0	75539257	1059	320.0
1610820479.7	320000	7.002572	0.0	16577177	200	320.0
1610820480.46	320000	7.238162	0.0	39814357	483	320.0
1610820481.36	320000	7.343544	0.0	50277186	563	320.0
1610820482.1	320000	7.599402	0.0	43375920	444	320.0
1610820482.77	320000	7.930279	0.0	39748690	369	320.0
1610820483.25	320000	8.450661	0.0	32725949	231	320.0
1610820483.52	320000	9.186744	0.0	15673611	111	320.0
1610820483.87	320000	9.881481	0.0	20850595	154	320.0
1610820484.17	320000	10.613564	0.0	16458609	134	320.0
1610820484.37	320000	11.411783	0.0	8700077	70	320.0
1610820484.56	320000	12.225569	0.0	8292135	67	320.0
1610820484.94	320000	12.883118	0.0	22212109	178	320.0
1610820485.38	320000	13.506174	0.0	27931458	187	320.0
1610820485.79	320000	14.107134	0.0	28076035	189	320.0
1610820486.27	320000	14.630067	0.0	34615012	219	320.0
1610820486.73	320000	15.18339	0.0	31574841	202	320.0
1610820487.15	320000	15.747076	0.0	28857310	191	320.0
1610820487.62	320000	16.283145	0.0	30799251	207	320.0
1610820488.05	320000	16.856307	0.0	29900862	191	320.0
1610820488.49	320000	17.418908	0.0	32431711	187	320.0
1610820488.94	320000	18.026056	0.0	32680833	191	320.0
1610820489.37	320000	18.629649	0.0	30468229	187	320.0
1610820489.85	320000	19.176195	0.0	31594806	196	320.0
1610820490.41	320000	19.614926	0.0	43158259	256	320.0
1610820491.09	320000	19.938442	0.0	53696400	316	320.0
1610820491.94	320000	20.08819	0.0	49804325	476	320.0
1610820494.25	320000	18.782274	0.0	56230532	1934	320.0
1610820495.34	320000	18.694864	0.0	54033728	735	320.0
1610820496.02	320000	19.010126	0.0	40265492	383	320.0
1610820496.63	320000	19.404243	0.0	37527577	343	320.0
1610820497.22	320000	19.8191	0.0	38354537	316	320.0
1610820497.72	320000	20.317056	0.0	33905183	251	320.0
1610820498.29	320000	20.743828	0.0	37964644	281	320.0
1610820499.53	320000	20.514143	0.0	91609209	690	320.0
1610820500.02	320000	21.019075	0.0	30861098	247	320.0
1610820500.78	320000	21.263987	0.0	53161890	384	320.0
1610820501.47	320000	21.566008	0.0	49661559	354	320.0
1610820501.9	320000	22.140447	0.0	27673254	198	320.0
1610820502.36	320000	22.68714	0.0	29061600	208	320.0
1610820502.82	320000	23.231773	0.0	29596558	210	320.0
1610820503.28	320000	23.763657	0.0	29264466	227	320.0
1610820503.75	320000	24.291097	0.0	29949400	234	320.0
1610820504.24	320000	24.810696	0.0	30225692	250	320.0
1610820504.69	320000	25.355837	0.0	27528494	231	320.0
1610820505.2	320000	25.8518	0.0	28959567	248	320.0
1610820505.67	320000	26.377282	0.0	27200869	244	320.0
1610820506.28	320000	26.771638	0.0	37091406	328	320.0
1610820506.81	320000	27.24033	0.0	32442772	281	320.0
1610820507.43	320000	27.625832	0.0	38733768	333	320.0
1610820508.11	320000	27.946669	0.0	43207501	369	320.0
1610820508.7	320000	28.349801	0.0	39867273	307	320.0
1610820509.38	320000	28.677391	0.0	44687216	348	320.0
1610820509.96	320000	29.095555	0.0	37222510	294	320.0
1610820510.61	320000	29.566219	0.0	37697615	348	320.0
1610820510.89	320000	30.329412	0.0	13943369	129	320.0
1610820511.32	320000	30.996038	0.0	33909675	163	320.0
1610820511.66	320000	31.656882	0.0	25608467	123	320.0
1610820511.96	320000	32.464308	0.0	21666875	105	320.0
1610820512.37	320000	33.06019	0.0	29164819	173	320.0
1610820513.34	320000	33.20594	0.0	75257111	453	320.0
1610820514.31	320000	33.309721	0.0	71035332	476	320.0
1610820514.75	320000	33.905981	0.0	27276036	210	320.0
1610820515.13	320000	34.524167	0.0	23233775	182	320.0
1610820515.49	320000	35.168278	0.0	21096285	168	320.0
1610820515.97	320000	35.689574	0.0	28685524	228	320.0
1610820518.49	320000	34.176292	0.0	43551422	2187	320.0
1610820519.66	320000	34.011272	0.0	65057331	702	320.0
1610820520.32	320000	34.5614	0.0	41329817	356	320.0
1610820521.04	320000	34.845472	0.0	30837965	477	320.0
1610820521.81	320000	35.075949	0.0	33542198	493	320.0
1610820522.63	320000	35.257609	0.0	43188629	499	320.0
1610820523.36	320000	35.528911	0.0	38404993	428	320.0
1610820524.37	320000	35.520341	0.0	50554338	660	320.0
1610820525.54	320000	35.352016	0.0	52531967	750	320.0
1610820526.76	320000	35.133597	0.0	54618297	845	320.0
1610820527.7	320000	35.18763	0.0	54267260	573	320.0
1610820528.56	320000	35.329022	0.0	46984925	513	320.0
1610820529.56	320000	35.333898	0.0	52441959	634	320.0
1610820530.56	320000	35.337607	0.0	56222410	609	320.0
1610820531.27	320000	35.628002	0.0	37045146	405	320.0
1610820531.83	320000	36.069921	0.0	31316241	306	320.0
1610820532.74	320000	36.154914	0.0	54539886	531	320.0
1610820533.71	320000	36.191896	0.0	54290338	563	320.0
1610820534.65	320000	36.247421	0.0	50306079	575	320.0
1610820535.41	320000	36.486808	0.0	39311524	463	320.0
1610820536.26	320000	36.641999	0.0	45141551	482	320.0
1610820536.93	320000	36.973065	0.0	38678341	377	320.0
1610820537.77	320000	37.138203	0.0	48869677	495	320.0
1610820538.65	320000	37.331302	0.0	48742469	494	320.0
1610820539.21	320000	37.870843	0.0	31052651	310	320.0
1610820540.0	320000	38.08292	0.0	35159774	507	320.0
1610820540.97	320000	38.110042	0.0	34685385	709	320.0
1610820541.8	320000	38.284098	0.0	36845249	530	320.0
1610820542.69	320000	38.393731	0.0	44043502	569	320.0
1610820543.29	320000	38.795788	0.0	28911363	364	320.0
1610820544.04	320000	39.041047	0.0	31997411	503	320.0
1610820545.28	320000	38.808341	0.0	37860562	924	320.0
1610820545.96	320000	39.159325	0.0	34218681	410	320.0
1610820546.58	320000	39.745229	0.0	30315897	389	320.0
1610820547.4	320000	39.934064	0.0	38074030	514	320.0
1610820548.05	320000	40.281332	0.0	31856580	403	320.0
1610820548.81	320000	40.523372	0.0	40986530	465	320.0
1610820549.62	320000	40.720718	0.0	43161948	483	320.0
1610820550.36	320000	40.977094	0.0	39216469	442	320.0
1610820550.99	320000	41.341425	0.0	32708889	376	320.0
1610820551.35	320000	41.991061	0.0	16257756	184	320.0
1610820551.7	320000	42.642998	0.0	16440860	180	320.0
1610820551.98	320000	43.356302	0.0	12523766	132	320.0
1610820552.42	320000	43.918371	0.0	22159647	243	320.0
1610820552.8	320000	44.543883	0.0	17516376	194	320.0
1610820552.96	320000	45.382718	0.0	5119060	56	320.0
1610820553.09	320000	46.251015	0.0	3788776	42	320.0
1610820553.2	320000	47.14728	0.0	3041389	34	320.0
1610820553.25	320000	48.114173	0.0	640071	8	320.0
1610820553.34	320000	49.032539	0.0	3111318	37	320.0
1610820553.79	60000	1.000999	0.145	377897	4	-46.4
1610820554.21	320000	2.001999	0.0	14912671	178	60.0
1610820554.79	320000	2.500617	0.0	24265636	287	320.0
1610820555.27	320000	3.015665	0.0	22711544	270	320.0
1610820555.65	320000	3.635921	0.0	19639705	196	320.0
1610820556.06	320000	4.258929	0.0	20946809	215	320.0
1610820556.32	320000	5.00319	0.0	11895609	121	320.0
1610820556.51	320000	5.833169	0.0	7597636	67	320.0
1610820557.71	320000	5.723299	0.0	56067905	559	320.0
1610820558.43	320000	6.029459	0.0	46062054	393	320.0
1610820559.46	320000	6.02199	0.0	60496562	618	320.0
1610820561.28	320000	5.203177	0.0	90475604	1065	320.0
1610820563.01	320000	4.490017	0.0	94557637	1122	320.0
1610820563.88	320000	4.609916	0.0	48403531	542	320.0
1610820564.98	320000	4.507013	0.0	63326685	669	320.0
1610820566.11	320000	4.536221	0.0	66782145	641	320.0
1610820566.38	320000	5.331636	0.0	13212243	121	320.0
1610820566.84	320000	5.95666	0.0	29387773	210	320.0
1610820567.13	320000	6.762898	0.0	17336677	122	320.0
1610820569.43	320000	5.695484	0.0	126296507	1217	320.0
1610820571.08	320000	5.087465	0.0	96707447	1022	320.0
1610820572.38	320000	4.794448	0.0	72904162	800	320.0
1610820575.28	320000	3.305498	0.0	66993756	2443	320.0
1610820582.88	320000	1.487881	4.576	92389329	7076	-1144.32
1610820584.64	160000	1.440324	0.626	20329780	1580	-200.32
1610820585.98	160000	1.318137	0.211	16109183	1180	92.48
1610820587.14	40000	1.279331	0.122	18604040	990	-119.03999999999999
1610820587.86	40000	1.554921	0.0	20723782	533	40.0
1610820588.32	160000	2.10004	0.0	15251076	295	40.0
