1610838813.5	60000	1.000999	0.151	336477	110	-48.32
1610838814.17	40000	1.71211	0.0	14648397	439	20.0
1610838814.84	320000	2.046681	0.0	24265636	361	40.0
1610838815.29	320000	2.596256	0.0	22711544	283	320.0
1610838815.63	320000	3.378733	0.0	19639705	186	320.0
1610838815.97	320000	4.03607	0.0	20946809	190	320.0
1610838816.19	320000	4.849727	0.0	11895609	110	320.0
1610838816.34	320000	5.699492	0.0	7597636	71	320.0
1610838817.42	320000	5.668601	0.0	56067905	537	320.0
1610838818.16	320000	5.972474	0.0	46062054	462	320.0
1610838819.18	320000	6.012436	0.0	60496562	569	320.0
1610838820.77	320000	5.41092	0.0	90475604	810	320.0
1610838822.2	320000	4.97942	0.0	94557637	881	320.0
1610838822.96	320000	5.226498	0.0	48403531	445	320.0
1610838823.91	320000	5.277203	0.0	63326685	563	320.0
1610838824.96	320000	5.248089	0.0	66782145	597	320.0
1610838825.19	320000	5.993687	0.0	13212243	123	320.0
1610838825.67	320000	6.586795	0.0	29387773	265	320.0
1610838825.95	320000	7.398351	0.0	17336677	145	320.0
1610838827.98	320000	6.828411	0.0	126296507	1086	320.0
1610838829.52	320000	6.290689	0.0	96707447	951	320.0
1610838830.74	320000	6.219042	0.0	72904162	724	320.0
1610838831.84	320000	6.113036	0.0	66993756	656	320.0
1610838833.65	320000	5.310191	0.0	92389329	1227	320.0
1610838846.71	320000	1.269175	7.248	70549633	12641	-1999.3600000000001
1610838851.49	320000	1.388157	3.897	50094571	4497	-927.04
1610838852.94	40000	1.340405	0.406	18604040	1315	-369.91999999999996
1610838854.23	40000	1.496342	0.449	20723782	1157	-103.68
1610838856.23	320000	1.448245	0.946	44512381	1745	-262.72
1610838858.69	320000	1.375517	1.258	46257154	2206	-82.56
1610838860.69	320000	1.390588	0.96	34846600	1789	12.800000000000011
1610838862.34	320000	1.312398	0.547	33828007	1458	144.96
1610838863.79	320000	1.359947	0.503	30396599	1280	159.04
1610838865.22	320000	1.364551	0.431	30979822	1244	182.08
1610838866.68	320000	1.297177	0.394	33204608	1267	193.92000000000002
1610838867.7	320000	1.442272	0.161	23618590	861	268.48
1610838868.86	320000	1.346449	0.059	27475995	967	301.12
1610838869.94	320000	1.413979	0.152	26460007	913	271.36
1610838871.02	320000	1.339735	0.0	26763657	890	320.0
1610838872.31	320000	1.300103	0.25	33826873	1091	240.0
1610838873.81	320000	1.32	0.523	41214174	1279	152.64
1610838874.29	40000	1.839123	0.0	13308063	369	-240.0
1610838876.63	320000	1.344888	0.836	75539257	1900	-227.51999999999998
1610838877.13	320000	1.838777	0.0	16577177	372	320.0
1610838878.17	320000	1.802198	0.0	39814357	789	320.0
1610838879.37	320000	1.603623	0.0	50277186	895	320.0
1610838880.32	320000	1.650894	0.0	43375920	679	320.0
1610838881.16	320000	1.891464	0.0	39748690	569	320.0
1610838881.82	320000	2.232967	0.0	32725949	442	320.0
1610838882.14	320000	2.941495	0.0	15673611	197	320.0
1610838882.54	320000	3.565262	0.0	20850595	247	320.0
1610838882.86	320000	4.245895	0.0	16458609	188	320.0
1610838883.05	320000	5.055648	0.0	8700077	98	320.0
1610838883.23	320000	5.881005	0.0	8292135	91	320.0
1610838883.64	320000	6.471996	0.0	22212109	248	320.0
1610838884.14	320000	6.966524	0.0	27931458	308	320.0
1610838884.64	320000	7.471779	0.0	28076035	306	320.0
1610838885.25	320000	7.858602	0.0	34615012	388	320.0
1610838885.85	320000	8.269305	0.0	31574841	382	320.0
1610838886.42	320000	8.693885	0.0	28857310	370	320.0
1610838888.33	320000	7.785757	0.0	30799251	1701	320.0
1610838893.27	320000	3.842271	0.0	29900862	4730	320.0
1610838894.79	320000	3.330942	0.0	32431711	1293	320.0
1610838896.17	320000	2.95453	0.0	32680833	1145	320.0
1610838897.41	320000	2.70834	0.0	30468229	1038	320.0
1610838898.67	320000	2.445588	0.0	31594806	1044	320.0
1610838900.37	320000	1.755556	0.0	43158259	1420	320.0
1610838902.36	320000	1.38514	0.618	53696400	1712	122.24000000000001
1610838904.13	320000	1.456947	0.77	49804325	1512	73.6
1610838906.11	320000	1.206576	0.785	56230532	1624	68.80000000000001
1610838907.9	320000	1.425433	0.929	54033728	1504	22.720000000000027
1610838909.25	320000	1.22848	0.214	40265492	1083	251.51999999999998
1610838910.44	320000	1.256592	0.219	37527577	980	249.92000000000002
1610838911.56	320000	1.476247	0.343	38354537	909	210.24
1610838912.54	320000	1.503564	0.0	33905183	730	320.0
1610838913.55	320000	1.494001	0.0	37964644	766	320.0
1610838915.66	320000	1.143557	0.764	91609209	1591	75.52000000000001
1610838916.38	320000	1.611203	0.0	30861098	497	320.0
1610838917.44	320000	1.556051	0.0	53161890	734	320.0
1610838918.4	320000	1.598611	0.0	49661559	642	320.0
1610838918.93	320000	2.061882	0.0	27673254	341	320.0
1610838919.46	320000	2.54053	0.0	29061600	318	320.0
1610838919.98	320000	3.024708	0.0	29596558	317	320.0
1610838920.48	320000	3.5164	0.0	29264466	298	320.0
1610838920.97	320000	4.02655	0.0	29949400	291	320.0
1610838921.48	320000	4.5229	0.0	30225692	282	320.0
1610838921.92	320000	5.076227	0.0	27528494	251	320.0
1610838922.39	320000	5.615911	0.0	28959567	265	320.0
1610838922.82	320000	6.187517	0.0	27200869	247	320.0
1610838923.41	320000	6.597857	0.0	37091406	333	320.0
1610838923.93	320000	7.070953	0.0	32442772	310	320.0
1610838924.54	320000	7.464277	0.0	38733768	358	320.0
1610838925.23	320000	7.781477	0.0	43207501	399	320.0
1610838925.85	320000	8.153377	0.0	39867273	372	320.0
1610838926.54	320000	8.471592	0.0	44687216	409	320.0
1610838927.15	320000	8.864991	0.0	37222510	366	320.0
1610838927.77	320000	9.24302	0.0	37697615	378	320.0
1610838928.05	320000	9.962486	0.0	13943369	169	320.0
1610838928.89	320000	10.126853	0.0	33909675	587	320.0
1610838929.32	320000	10.696907	0.0	25608467	234	320.0
1610838929.67	320000	11.346024	0.0	21666875	197	320.0
1610838930.18	320000	11.834533	0.0	29164819	313	320.0
1610838931.52	320000	11.494722	0.0	75257111	848	320.0
1610838933.2	320000	10.815758	0.0	71035332	1206	320.0
1610838933.95	320000	11.068622	0.0	27276036	562	320.0
1610838934.49	320000	11.596613	0.0	23233775	367	320.0
1610838935.0	320000	12.14997	0.0	21096285	346	320.0
1610838935.71	320000	12.489284	0.0	28685524	502	320.0
1610838937.3	320000	11.903895	0.0	43551422	1294	320.0
1610838938.82	320000	11.381146	0.0	65057331	1065	320.0
1610838939.83	320000	11.365249	0.0	41329817	736	320.0
1610838940.54	320000	11.664951	0.0	30837965	493	320.0
1610838941.37	320000	11.836724	0.0	33542198	599	320.0
1610838942.31	320000	11.930515	0.0	43188629	666	320.0
1610838944.88	320000	10.569326	0.0	38404993	2307	320.0
1610838952.39	320000	4.275017	0.0	50554338	7182	320.0
1610838956.81	320000	1.364535	0.518	52531967	4122	154.24
1610838967.19	320000	1.447121	9.402	54618297	10053	-2688.64
1610838968.36	320000	1.416853	0.0	54267260	789	320.0
1610838969.37	320000	1.511706	0.0	46984925	660	320.0
1610838970.44	320000	1.665711	0.0	52441959	727	320.0
1610838971.58	320000	1.834925	0.0	56222410	769	320.0
1610838972.33	320000	2.148836	0.0	37045146	503	320.0
1610838972.97	320000	2.547789	0.0	31316241	424	320.0
1610838974.22	320000	2.342206	0.0	54539886	899	320.0
1610838975.15	320000	2.412724	0.0	54290338	598	320.0
1610838976.01	320000	2.659879	0.0	50306079	511	320.0
1610838976.66	320000	3.228549	0.0	39311524	402	320.0
1610838977.42	320000	3.66687	0.0	45141551	462	320.0
1610838978.09	320000	4.110431	0.0	38678341	395	320.0
1610838978.86	320000	4.467725	0.0	48869677	469	320.0
1610838979.63	320000	4.7674	0.0	48742469	459	320.0
1610838980.14	320000	5.258746	0.0	31052651	289	320.0
1610838980.71	320000	5.68784	0.0	35159774	335	320.0
1610838981.29	320000	6.116184	0.0	34685385	342	320.0
1610838981.89	320000	6.513215	0.0	36845249	369	320.0
1610838982.56	320000	6.84383	0.0	44043502	392	320.0
1610838983.02	320000	7.381507	0.0	28911363	256	320.0
1610838983.53	320000	7.881678	0.0	31997411	285	320.0
1610838984.14	320000	8.268451	0.0	37860562	336	320.0
1610838984.67	320000	8.733874	0.0	34218681	317	320.0
1610838985.15	320000	9.257353	0.0	30315897	275	320.0
1610838985.76	320000	9.64803	0.0	38074030	328	320.0
1610838986.26	320000	10.154836	0.0	31856580	283	320.0
1610838986.87	320000	10.540609	0.0	40986530	356	320.0
1610838987.59	320000	10.819299	0.0	43161948	420	320.0
1610838988.25	320000	11.162633	0.0	39216469	394	320.0
1610838988.74	320000	11.675559	0.0	32708889	274	320.0
1610838989.03	320000	12.387883	0.0	16257756	147	320.0
1610838989.29	320000	13.122587	0.0	16440860	138	320.0
1610838989.51	320000	13.907643	0.0	12523766	105	320.0
1610838989.86	320000	14.554503	0.0	22159647	184	320.0
1610838990.15	320000	15.271269	0.0	17516376	144	320.0
1610838990.25	320000	16.166544	0.0	5119060	39	320.0
1610838990.34	320000	17.08268	0.0	3788776	24	320.0
1610838990.41	320000	18.011414	0.0	3041389	14	320.0
1610838990.46	320000	18.964847	0.0	640071	2	320.0
1610838990.53	320000	19.894518	0.0	3111318	16	320.0
1610838991.19	60000	1.000999	0.071	377897	28	-22.72
1610838991.61	320000	1.870789	0.0	14912671	190	60.0
1610838992.06	320000	2.425107	0.0	24265636	202	320.0
1610838992.43	320000	3.051529	0.0	22711544	206	320.0
1610838992.75	320000	3.735328	0.0	19639705	168	320.0
1610838993.12	320000	4.428206	0.0	20946809	176	320.0
