1610760755.08	60000	1.000999	0.021	336477	8	-6.719999999999999
1610760755.62	160000	1.857373	0.0	14912671	377	60.0
1610760756.3	160000	2.209453	0.0	24265636	462	160.0
1610760756.82	320000	2.693711	0.0	22711544	372	160.0
1610760768.16	320000	59.638146	0.0	3789723	64	320.0
1610760768.17	320000	59.557771	0.0	3789723	64	320.0
1610760768.92	320000	59.817162	0.0	37527577	470	320.0
1610760770.15	320000	59.640113	0.0	38354537	516	320.0
1610760770.77	320000	59.969431	0.0	33905183	438	320.0
1610760771.95	320000	59.892082	0.0	37964644	460	320.0
1610760773.87	320000	58.865005	0.0	91609209	1065	320.0
1610760774.35	320000	59.385033	0.0	30861098	286	320.0
1610760775.12	320000	59.622323	0.0	53161890	477	320.0
1610760775.75	320000	59.991291	0.0	49661559	346	320.0
1610760777.09	320000	59.64719	0.0	27673254	192	320.0
1610760777.94	320000	59.898179	0.0	29061600	173	320.0
1610760779.28	320000	59.649198	0.0	29596558	176	320.0
1610760780.16	320000	59.650264	0.0	29264466	224	320.0
1610760781.04	320000	59.901182	0.0	29949400	224	320.0
1610760781.92	320000	59.902166	0.0	30225692	207	320.0
1610760783.24	320000	59.653229	0.0	27528494	159	320.0
1610760784.06	320000	59.904169	0.0	28959567	157	320.0
1610760784.89	320000	59.905165	0.0	27200869	163	320.0
1610760786.33	320000	59.656132	0.0	37091406	237	320.0
1610760787.21	320000	59.657143	0.0	32442772	206	320.0
1610760788.16	320000	59.658175	0.0	38733768	228	320.0
1610760788.98	320000	59.773787	0.0	43207501	577	320.0
1610760801.06	320000	59.921242	0.0	14347759	77	320.0
1610760801.07	320000	59.694471	0.0	14347759	77	320.0
1610760802.61	320000	59.162772	0.0	23233775	1401	320.0
1610760803.28	320000	59.495134	0.0	21096285	546	320.0
1610760804.15	320000	59.674134	0.0	28685524	209	320.0
1610760805.19	320000	59.675144	0.0	43551422	287	320.0
1610760805.94	320000	59.830114	0.0	65057331	409	320.0
1610760806.92	320000	59.927149	0.0	41329817	258	320.0
1610760808.28	320000	59.678247	0.0	30837965	198	320.0
1610760809.18	320000	59.679189	0.0	33542198	226	320.0
1610760810.18	320000	59.680117	0.0	43188629	254	320.0
1610760811.2	320000	59.681112	0.0	38404993	301	320.0
1610760811.82	320000	59.961851	0.0	50554338	308	320.0
1610760812.94	320000	59.933177	0.0	52531967	322	320.0
1610760823.96	320000	59.944237	0.0	9469564	377	320.0
1610760823.97	160000	59.813196	0.0	9469564	377	0.0
1610760825.25	160000	59.542022	0.0	23774167	1135	160.0
1610760826.28	160000	59.510612	0.0	19373656	914	160.0
1610760827.53	160000	59.258589	0.0	23977420	1115	160.0
1610760828.9	160000	58.888229	0.0	24493733	1211	160.0
1610760830.29	110000	58.5018	0.0	9645423	1318	60.0
1610760831.16	110000	58.634296	0.0	11281629	799	110.0
1610760831.82	110000	58.979757	0.0	11179031	586	110.0
1610760832.52	110000	59.522604	0.0	12016215	636	110.0
1610760833.72	110000	59.337774	0.0	15214650	1111	110.0
1610760834.81	110000	59.251012	0.0	11200919	1017	110.0
1610760835.91	110000	59.147594	0.0	12984407	1017	110.0
1610760836.87	110000	59.185736	0.0	15340646	871	110.0
1610760837.57	110000	59.494672	0.0	12480173	619	110.0
1610760838.09	110000	59.969469	0.0	9581283	465	110.0
1610760839.22	110000	59.930936	0.0	11843441	561	110.0
1610760840.31	110000	59.932019	0.0	9470053	530	110.0
1610760841.18	110000	59.887236	0.0	13845974	778	110.0
1610760842.48	110000	59.68397	0.0	15054391	718	110.0
1610760843.54	110000	59.684968	0.0	12467336	487	110.0
1610760844.1	110000	59.974016	0.0	10680491	488	110.0
1610760844.11	160000	59.954615	0.0	10680491	488	110.0
1610760845.13	160000	59.936971	0.0	8284939	466	160.0
1610760846.2	160000	59.937964	0.0	9004706	507	160.0
1610760846.2	110000	59.863552	0.0	9004706	507	60.0
1610760847.49	110000	59.688952	0.0	4674535	241	110.0
1610760848.53	110000	59.689966	0.0	6705784	489	110.0
1610760849.51	110000	59.691022	0.0	6312703	439	110.0
1610760850.59	110000	59.691961	0.0	2410559	50	110.0
1610760850.6	160000	59.474953	0.0	2410559	50	110.0
1610760851.18	160000	59.94298	0.0	2509989	57	160.0
1610760852.25	160000	59.943971	0.0	2004927	45	160.0
1610760852.26	320000	59.815601	0.0	2004927	45	160.0
1610760853.29	320000	59.944998	0.0	640071	13	320.0
1610760854.37	320000	59.945958	0.0	3111318	57	320.0
1610760854.9	320000	59.629731	0.0	511709	8	320.0
