1610781805.17	60000	1.000999	0.04	336477	27	-12.799999999999997
1610781806.37	40000	1.393207	0.158	14648397	1089	-30.560000000000002
1610781807.45	40000	1.345529	0.0	17616813	952	40.0
1610781807.84	40000	1.981543	0.0	8581118	328	40.0
1610781808.01	40000	2.816519	0.0	4726840	125	40.0
1610781808.12	40000	3.70219	0.0	3421740	86	40.0
1610781808.19	40000	4.630948	0.0	1987360	50	40.0
1610781808.27	40000	5.554586	0.0	2185110	55	40.0
1610781808.57	40000	6.259044	0.0	9295618	234	40.0
1610781808.89	60000	6.955235	0.0	9877442	249	40.0
1610781809.33	80000	7.513114	0.0	15275967	331	60.0
1610781810.38	110000	7.465149	0.0	33588177	736	80.0
1610781810.9	80000	7.952162	0.0	17710542	401	50.0
1610781811.38	110000	8.473168	0.0	10838546	401	80.0
1610781811.93	110000	8.923154	0.0	12783186	473	110.0
1610781812.37	110000	9.479554	0.0	13101938	368	110.0
1610781812.67	160000	10.183237	0.0	8346702	234	110.0
1610781813.27	160000	10.593635	0.0	15775481	492	160.0
1610781813.64	160000	11.217516	0.0	9163235	311	160.0
1610781814.85	160000	11.008	0.0	41307095	907	160.0
1610781815.53	160000	11.33231	0.0	28763893	502	160.0
1610781816.03	160000	11.830818	0.0	21266416	368	160.0
1610781816.55	160000	12.319677	0.0	23702229	371	160.0
1610781817.13	160000	12.731279	0.0	27580394	415	160.0
1610781817.52	160000	13.351103	0.0	20329780	239	160.0
1610781817.81	160000	14.054602	0.0	16109183	190	160.0
1610781818.92	160000	13.94397	0.0	58830800	644	160.0
1610781819.99	160000	13.87931	0.0	66935122	700	160.0
1610781820.23	160000	14.631363	0.0	15251076	161	160.0
1610781820.51	160000	15.358989	0.0	16574034	175	160.0
1610781821.09	320000	15.781434	0.0	34846600	368	160.0
1610781821.61	320000	16.255313	0.0	33828007	334	320.0
1610781822.08	320000	16.787233	0.0	30396599	302	320.0
1610781822.58	320000	17.293087	0.0	30979822	323	320.0
1610781823.12	320000	17.750371	0.0	33204608	347	320.0
1610781823.48	320000	18.400372	0.0	23618590	215	320.0
1610781823.88	320000	18.995684	0.0	27475995	241	320.0
1610781824.3	320000	19.575988	0.0	26460007	249	320.0
1610781824.72	320000	20.156571	0.0	26763657	254	320.0
1610781825.26	320000	20.614033	0.0	33826873	332	320.0
1610781825.95	320000	20.929565	0.0	41214174	432	320.0
1610781827.37	320000	20.509336	0.0	83204731	855	320.0
1610781828.63	320000	20.245446	0.0	75539257	806	320.0
1610781828.94	320000	20.944591	0.0	16577177	190	320.0
1610781829.63	320000	21.254577	0.0	39814357	450	320.0
1610781830.48	320000	21.403282	0.0	50277186	546	320.0
1610781831.2	320000	21.692667	0.0	43375920	439	320.0
1610781831.79	320000	22.096019	0.0	39748690	365	320.0
1610781832.28	320000	22.602331	0.0	32725949	301	320.0
1610781832.52	320000	23.365031	0.0	15673611	143	320.0
1610781832.84	320000	24.044019	0.0	20850595	191	320.0
1610781833.1	320000	24.78545	0.0	16458609	150	320.0
1610781833.25	320000	25.649192	0.0	8700077	74	320.0
1610781833.38	320000	26.50936	0.0	8292135	65	320.0
1610781833.7	320000	27.188948	0.0	22212109	188	320.0
1610781834.1	320000	27.796863	0.0	27931458	237	320.0
1610781834.52	320000	28.372154	0.0	28076035	253	320.0
1610781835.03	320000	28.869629	0.0	34615012	312	320.0
1610781835.48	320000	29.411367	0.0	31574841	249	320.0
1610781835.89	320000	30.027224	0.0	28857310	231	320.0
1610781836.38	320000	30.545493	0.0	30799251	278	320.0
1610781836.86	320000	31.065942	0.0	29900862	309	320.0
1610781837.43	320000	31.49469	0.0	32431711	366	320.0
1610781838.01	320000	31.916726	0.0	32680833	395	320.0
1610781842.51	320000	28.413782	0.0	30468229	4309	320.0
1610781845.12	320000	26.804543	0.0	31594806	2430	320.0
1610781848.72	320000	24.28948	0.0	43158259	3320	320.0
1610781853.71	320000	20.390863	0.0	53696400	4657	320.0
1610781857.7	320000	17.404446	0.0	49804325	3688	320.0
1610781862.32	320000	13.789758	0.0	56230532	4244	320.0
1610781864.61	160000	12.499437	0.0	26155848	2129	0.0
1610781866.32	160000	11.78603	0.0	17849379	1602	160.0
1610781867.83	160000	11.282122	0.0	16546531	1399	160.0
1610781869.36	160000	10.751615	0.0	17718949	1420	160.0
1610781871.21	160000	9.902897	0.0	17337137	1739	160.0
1610781873.2	160000	8.954419	0.0	20008245	1857	160.0
1610781877.91	110000	5.609906	0.0	44222240	4446	60.0
1610781878.29	40000	6.224993	0.0	4623087	338	-30.0
1610781879.13	60000	6.39256	0.0	9827222	767	40.0
1610781880.01	60000	6.512576	0.0	9075578	823	60.0
1610781881.49	80000	6.027801	0.0	6280571	1440	60.0
1610781881.92	60000	6.597908	0.0	4851731	389	40.0
1610781882.59	80000	6.933751	0.0	7178853	610	60.0
1610781883.29	80000	7.237078	0.0	6803527	652	80.0
1610781883.85	80000	7.676294	0.0	7120614	514	80.0
1610781884.65	110000	7.876232	0.0	10023423	734	80.0
1610781885.41	110000	8.117179	0.0	8908280	703	110.0
1610781886.35	110000	8.177377	0.0	9004051	884	110.0
1610781887.0	110000	8.531216	0.0	8764764	590	110.0
1610781888.26	110000	8.266482	0.0	13175394	1190	110.0
1610781889.51	110000	8.022223	0.0	14191823	1160	110.0
1610781890.42	110000	8.114517	0.0	12316520	830	110.0
1610781891.13	110000	8.401193	0.0	13245175	636	110.0
1610781891.76	110000	8.775483	0.0	12490444	554	110.0
1610781892.48	110000	9.05343	0.0	15265366	632	110.0
1610781892.92	110000	9.616148	0.0	13365138	356	110.0
1610781893.59	160000	9.951959	0.0	20392234	531	110.0
1610781893.81	160000	10.731192	0.0	7671072	169	160.0
1610781894.31	160000	11.228957	0.0	17781906	392	160.0
1610781894.63	160000	11.906701	0.0	12839336	245	160.0
1610781894.9	160000	12.649365	0.0	10779770	191	160.0
1610781895.25	160000	13.294711	0.0	14606687	260	160.0
1610781896.2	160000	13.341005	0.0	41866951	716	160.0
1610781896.95	160000	13.590721	0.0	37238410	547	160.0
1610781897.24	160000	14.305047	0.0	14347759	195	160.0
1610781897.47	160000	15.077976	0.0	11399187	155	160.0
1610781897.88	320000	15.664374	0.0	21096285	279	160.0
1610781898.43	320000	16.122793	0.0	28685524	379	320.0
1610781899.39	320000	16.15727	0.0	43551422	717	320.0
1610781900.76	320000	15.789007	0.0	65057331	986	320.0
1610781901.62	320000	15.93312	0.0	41329817	592	320.0
1610781902.17	320000	16.382773	0.0	30837965	378	320.0
1610781902.75	320000	16.800317	0.0	33542198	371	320.0
1610781903.33	320000	17.221932	0.0	43188629	337	320.0
1610781903.86	320000	17.691382	0.0	38404993	312	320.0
1610781904.57	320000	17.984198	0.0	50554338	410	320.0
1610781905.27	320000	18.288238	0.0	52531967	379	320.0
1610781905.96	320000	18.59795	0.0	54618297	350	320.0
1610781906.61	320000	18.949037	0.0	54267260	305	320.0
1610781907.16	320000	19.405108	0.0	46984925	249	320.0
1610781907.78	320000	19.778763	0.0	52441959	284	320.0
1610781908.49	320000	20.075819	0.0	56222410	366	320.0
1610781909.14	320000	20.422574	0.0	37045146	414	320.0
1610781909.69	320000	20.876493	0.0	31316241	351	320.0
1610781910.59	320000	20.970836	0.0	54539886	586	320.0
1610781911.46	320000	21.110456	0.0	54290338	531	320.0
1610781912.13	320000	21.435174	0.0	50306079	352	320.0
1610781912.64	320000	21.927502	0.0	39311524	264	320.0
1610781913.34	320000	22.226516	0.0	45141551	444	320.0
1610781913.98	320000	22.585863	0.0	38678341	412	320.0
1610781914.81	320000	22.762198	0.0	48869677	555	320.0
1610781915.66	320000	22.946985	0.0	48742469	561	320.0
1610781916.19	320000	23.473296	0.0	31052651	358	320.0
1610781916.88	320000	23.870543	0.0	35159774	479	320.0
1610781918.2	320000	23.604262	0.0	34685385	1124	320.0
1610781926.34	320000	17.090657	0.0	36845249	7905	320.0
1610781928.66	320000	16.091881	0.0	44043502	2074	320.0
1610781929.67	320000	16.148252	0.0	28911363	833	320.0
1610781930.56	320000	16.298697	0.0	31997411	698	320.0
1610781931.82	320000	16.134628	0.0	37860562	1020	320.0
1610781932.74	320000	16.405085	0.0	34218681	710	320.0
1610781933.48	320000	16.855309	0.0	30315897	560	320.0
1610781934.42	320000	17.101388	0.0	38074030	719	320.0
1610781935.17	320000	17.512127	0.0	31856580	552	320.0
1610781936.05	320000	17.627047	0.0	40986530	656	320.0
1610781936.94	320000	17.745346	0.0	43161948	624	320.0
1610781937.74	320000	17.939223	0.0	39216469	569	320.0
1610781938.42	320000	18.259581	0.0	32708889	482	320.0
1610781938.77	320000	18.911678	0.0	16257756	240	320.0
1610781939.07	320000	19.614872	0.0	16440860	194	320.0
1610781939.29	320000	20.390708	0.0	12523766	147	320.0
1610781939.7	320000	20.990458	0.0	22159647	259	320.0
1610781940.01	320000	21.678498	0.0	17516376	198	320.0
1610781940.11	320000	22.581432	0.0	5119060	60	320.0
1610781940.18	320000	23.508695	0.0	3788776	43	320.0
1610781940.24	320000	24.447602	0.0	3041389	34	320.0
1610781940.27	320000	25.425149	0.0	640071	7	320.0
1610781940.33	320000	26.365175	0.0	3111318	35	320.0
1610781940.75	60000	1.000999	0.075	337339	4	-24.0
1610781941.04	40000	2.001999	0.0	14648397	132	20.0
1610781941.34	40000	2.795229	0.0	17616813	158	40.0
1610781941.47	40000	3.660408	0.0	8581118	78	40.0
1610781941.55	40000	4.581541	0.0	4726840	43	40.0
1610781941.61	40000	5.521487	0.0	3421740	31	40.0
1610781941.65	40000	6.483026	0.0	1987360	18	40.0
1610781941.75	80000	7.389225	0.0	5425476	49	40.0
1610781942.32	80000	7.817181	0.0	29583867	281	80.0
1610781942.8	110000	8.415517	0.0	28884539	275	80.0
1610781943.23	110000	8.988499	0.0	26873304	273	110.0
1610781943.77	110000	9.496041	0.0	33588177	341	110.0
1610781944.68	160000	9.624811	0.0	50637608	488	110.0
1610781945.02	160000	10.289952	0.0	19559369	215	160.0
1610781945.4	160000	10.911257	0.0	22224402	250	160.0
1610781945.79	160000	11.521091	0.0	22578365	253	160.0
1610781945.93	160000	12.380032	0.0	8346702	81	160.0
1610781946.18	160000	13.131853	0.0	15775481	154	160.0
1610781946.33	160000	13.984744	0.0	9163235	91	160.0
1610781946.97	160000	14.350141	0.0	41307095	404	160.0
1610781947.42	160000	14.891447	0.0	28763893	295	160.0
1610781947.77	160000	15.551744	0.0	21266416	218	160.0
1610781948.91	320000	15.412765	0.0	66993756	681	160.0
1610781950.39	320000	14.934961	0.0	92389329	749	320.0
1610781950.71	160000	15.609125	0.0	20329780	169	0.0
1610781951.32	320000	15.999647	0.0	50094571	315	160.0
1610781952.92	320000	15.399011	0.0	124391138	680	320.0
1610781954.66	320000	14.663391	0.0	139539685	720	320.0
1610781954.86	160000	15.468502	0.0	15251076	95	0.0
