1610796725.65	60000	1.000999	0.044	336477	32	-14.079999999999998
1610796726.89	40000	1.473132	0.348	14648397	1106	-91.36
1610796728.73	80000	1.263426	0.6	22644885	1668	-152.0
1610796730.0	80000	1.421861	0.379	17135714	1180	-41.28
1610796731.12	80000	1.332202	0.0	13114792	1035	80.0
1610796732.04	80000	1.450626	0.0	11497228	843	80.0
1610796732.52	80000	1.975676	0.0	6232523	430	80.0
1610796732.93	80000	2.569452	0.0	5425476	368	80.0
1610796736.79	110000	1.182625	1.478	48103258	3422	-392.96
1610796739.23	110000	1.252938	1.507	28884539	2274	-372.24
1610796740.61	80000	1.260516	0.383	15275967	1288	-72.56
1610796742.45	80000	1.394274	0.972	20600381	1726	-231.04000000000002
1610796743.91	80000	1.36737	0.44	17710542	1367	-60.80000000000001
1610796744.48	80000	1.801071	0.0	7412644	516	80.0
1610796745.15	80000	2.137255	0.0	9055732	604	80.0
1610796745.85	80000	2.433063	0.0	9337721	646	80.0
1610796746.1	80000	3.179918	0.0	3201928	227	80.0
1610796746.91	110000	3.380579	0.0	9838179	735	80.0
1610796747.42	110000	3.863412	0.0	6126794	477	110.0
1610796751.33	110000	1.314091	0.36	26576979	3773	-5.200000000000003
1610796752.96	60000	1.424907	0.731	11785554	1542	-223.92
1610796753.72	60000	1.669388	0.0	9003718	700	60.0
1610796754.55	60000	1.836402	0.0	10489883	761	60.0
1610796755.4	60000	1.981125	0.0	11644166	785	60.0
1610796756.05	60000	2.332609	0.0	8135330	595	60.0
1610796756.75	80000	2.634347	0.0	8329186	637	60.0
1610796759.69	80000	1.41212	0.72	34554431	2766	-150.4
1610796762.71	80000	1.383637	1.984	37801487	2822	-554.88
1610796763.36	80000	1.728373	0.0	7180834	605	80.0
1610796764.08	80000	2.009736	0.0	7801969	666	80.0
1610796764.69	80000	2.408607	0.0	6381056	557	80.0
1610796765.34	80000	2.753689	0.0	6393963	613	80.0
1610796765.84	80000	3.258866	0.0	5578363	454	80.0
1610796766.29	80000	3.809097	0.0	5739662	409	80.0
1610796766.77	80000	4.323415	0.0	6190601	431	80.0
1610796767.17	80000	4.931897	0.0	5198830	352	80.0
1610796767.66	80000	5.441066	0.0	6516530	448	80.0
1610796768.27	110000	5.831219	0.0	6833121	558	80.0
1610796768.84	110000	6.257828	0.0	6808950	527	110.0
1610796769.4	80000	6.702416	0.0	7013013	504	50.0
1610796770.29	80000	6.812867	0.0	10250816	825	80.0
1610796772.78	80000	5.327039	0.0	26113743	2332	80.0
1610796774.66	80000	4.451122	0.0	22860019	1739	80.0
1610796775.04	80000	5.06517	0.0	4146191	352	80.0
1610796776.18	80000	4.925193	0.0	11601071	1073	80.0
1610796777.25	80000	4.856629	0.0	11589115	998	80.0
1610796777.94	80000	5.166268	0.0	8720528	631	80.0
1610796778.53	80000	5.583798	0.0	7852064	529	80.0
1610796779.17	80000	5.941396	0.0	6922163	596	80.0
1610796779.52	80000	6.59146	0.0	3458958	320	80.0
1610796779.96	80000	7.1568	0.0	4351089	402	80.0
1610796780.31	80000	7.808574	0.0	3468038	320	80.0
1610796780.44	80000	8.677853	0.0	1235756	113	80.0
1610796780.55	80000	9.570243	0.0	1010776	91	80.0
1610796780.96	80000	10.160816	0.0	4682485	376	80.0
1610796781.43	80000	10.692055	0.0	5642819	428	80.0
1610796781.91	80000	11.207811	0.0	5815666	442	80.0
1610796782.56	80000	11.564762	0.0	7667415	588	80.0
1610796783.03	80000	12.089631	0.0	6118130	430	80.0
1610796783.42	80000	12.703575	0.0	5098216	348	80.0
1610796783.89	80000	13.229852	0.0	5982646	433	80.0
1610796784.49	80000	13.634807	0.0	6905077	549	80.0
1610796785.15	80000	13.973747	0.0	7258180	612	80.0
1610796785.71	80000	14.41809	0.0	5903236	513	80.0
1610796786.15	80000	14.980286	0.0	5922485	398	80.0
1610796786.63	80000	15.498727	0.0	6487715	437	80.0
1610796787.42	80000	15.71266	0.0	10395993	723	80.0
1610796788.49	80000	15.637077	0.0	12476436	1006	80.0
1610796789.43	80000	15.701064	0.0	10883852	870	80.0
1610796790.56	80000	15.577857	0.0	13889966	1042	80.0
1610796791.56	80000	15.576288	0.0	12943936	924	80.0
1610796792.22	80000	15.918207	0.0	8355811	602	80.0
1610796792.82	80000	16.312889	0.0	7699623	556	80.0
1610796793.46	80000	16.67275	0.0	8697196	586	80.0
1610796794.45	110000	16.690131	0.0	11809774	908	80.0
1610796795.73	110000	16.413426	0.0	13817529	1192	110.0
1610796798.71	80000	14.431112	0.0	34025057	2793	50.0
1610796799.42	80000	14.720841	0.0	8652970	654	80.0
1610796800.41	80000	14.727496	0.0	12877164	917	80.0
1610796801.41	80000	14.732065	0.0	11975956	918	80.0
1610796801.98	80000	15.166922	0.0	6280571	517	80.0
1610796802.57	80000	15.579138	0.0	6681274	542	80.0
1610796803.2	80000	15.944559	0.0	7178853	585	80.0
1610796803.8	80000	16.342345	0.0	6803527	557	80.0
1610796804.45	80000	16.693314	0.0	7120614	600	80.0
1610796805.09	80000	17.062853	0.0	7243569	583	80.0
1610796805.61	80000	17.539009	0.0	6378767	481	80.0
1610796806.16	80000	17.990712	0.0	6369153	502	80.0
1610796806.72	80000	18.432614	0.0	6270064	512	80.0
1610796807.46	80000	18.689064	0.0	9600822	684	80.0
1610796808.28	80000	18.875504	0.0	10839240	747	80.0
1610796808.93	80000	19.22611	0.0	8798342	591	80.0
1610796809.62	80000	19.539552	0.0	9413866	629	80.0
1610796810.57	110000	19.583258	0.0	12490444	877	80.0
1610796811.74	110000	19.417056	0.0	15265366	1076	110.0
1610796813.08	110000	19.079789	0.0	13365138	1253	110.0
1610796813.82	80000	19.341676	0.0	10113016	676	50.0
1610796814.19	80000	19.975121	0.0	3986512	337	80.0
1610796815.01	80000	20.15282	0.0	8761637	761	80.0
1610796815.52	80000	20.646714	0.0	6255843	458	80.0
1610796815.95	80000	21.21445	0.0	5347529	394	80.0
1610796816.56	80000	21.608026	0.0	6979884	561	80.0
1610796818.45	80000	20.713668	0.0	22955881	1752	80.0
1610796820.07	80000	20.101506	0.0	19576633	1491	80.0
1610796820.82	80000	20.345353	0.0	6968696	709	80.0
1610796821.21	80000	20.960246	0.0	4651140	350	80.0
1610796821.52	80000	21.653622	0.0	3942750	273	80.0
1610796822.03	80000	22.14112	0.0	6587403	468	80.0
1610796823.11	80000	22.060477	0.0	12556616	1007	80.0
1610796824.96	80000	21.212872	0.0	21334076	1721	80.0
1610796825.93	80000	21.24894	0.0	12161730	891	80.0
1610796827.83	80000	20.350272	0.0	8326048	1843	80.0
1610796828.75	60000	20.430541	0.0	6846629	866	40.0
1610796829.41	60000	20.766882	0.0	6132241	621	60.0
1610796829.97	60000	21.206272	0.0	5426584	520	60.0
1610796830.5	40000	21.6781	0.0	5889797	482	20.0
1610796831.08	40000	22.103236	0.0	6433588	520	40.0
1610796831.82	60000	22.360628	0.0	8845382	684	40.0
1610796832.68	80000	22.499592	0.0	12704190	777	60.0
1610796833.36	80000	22.824876	0.0	12007698	599	80.0
1610796834.2	110000	22.988988	0.0	17390834	732	80.0
1610796834.92	110000	23.267553	0.0	18638649	608	110.0
1610796835.3	110000	23.884229	0.0	12036523	311	110.0
1610796835.75	160000	24.434608	0.0	14829893	355	110.0
1610796836.49	160000	24.697908	0.0	27779697	566	160.0
1610796837.17	160000	25.015171	0.0	27714923	506	160.0
1610796838.3	320000	24.889052	0.0	50306079	816	160.0
1610796839.85	320000	24.341164	0.0	39311524	1324	320.0
1610796841.0	320000	24.196807	0.0	45141551	878	320.0
1610796841.76	320000	24.434128	0.0	38678341	549	320.0
1610796842.71	320000	24.486365	0.0	48869677	667	320.0
1610796843.72	320000	24.476161	0.0	48742469	743	320.0
1610796844.49	320000	24.710326	0.0	31052651	586	320.0
1610796845.73	320000	24.475751	0.0	35159774	1015	320.0
1610796846.77	320000	24.428609	0.0	34685385	839	320.0
1610796847.6	320000	24.600193	0.0	36845249	613	320.0
1610796848.56	320000	24.637975	0.0	44043502	693	320.0
1610796849.35	320000	24.854529	0.0	28911363	610	320.0
1610796850.26	320000	24.948562	0.0	31997411	689	320.0
1610796852.33	320000	23.880848	0.0	37860562	1829	320.0
1610796853.47	160000	23.732262	0.0	17749058	1030	0.0
1610796854.17	160000	24.039109	0.0	14127787	606	160.0
1610796854.8	160000	24.406692	0.0	17525699	528	160.0
1610796855.27	160000	24.937441	0.0	14240042	387	160.0
1610796855.78	160000	25.428862	0.0	20324139	376	160.0
1610796856.33	160000	25.883983	0.0	21993033	414	160.0
1610796856.83	160000	26.377603	0.0	18863108	379	160.0
1610796858.03	320000	26.18407	0.0	32708889	999	160.0
1610796858.6	320000	26.616434	0.0	16257756	464	320.0
1610796858.89	160000	27.320078	0.0	9004706	237	0.0
1610796859.13	160000	28.087954	0.0	6955279	183	160.0
1610796860.34	160000	27.882876	0.0	10701639	1132	160.0
1610796860.76	110000	28.456433	0.0	6312703	373	60.0
1610796860.93	110000	29.291157	0.0	2410559	142	110.0
1610796861.01	80000	30.204627	0.0	1146202	67	50.0
1610796861.05	80000	31.165351	0.0	447883	25	80.0
1610796861.08	80000	32.136171	0.0	279272	15	80.0
1610796861.11	60000	33.107318	0.0	244268	14	40.0
1610796861.93	60000	1.000999	0.519	336477	504	-166.08
1610796866.08	40000	1.301966	3.162	14648397	4020	-991.84
1610796867.44	40000	1.426665	0.461	17616813	1256	-107.52000000000001
1610796868.09	40000	1.832523	0.0	8581118	583	40.0
1610796868.34	40000	2.577315	0.0	4726840	220	40.0
1610796868.51	40000	3.431337	0.0	3421740	121	40.0
1610796868.6	40000	4.337565	0.0	1987360	70	40.0
1610796868.91	110000	5.035564	0.0	7044111	250	40.0
1610796870.86	110000	4.104874	0.0	48103258	1473	110.0
1610796872.09	160000	3.880787	0.0	45444680	951	110.0
1610796873.45	160000	3.517636	0.0	54798068	1041	160.0
