1607464213.8	40000	1.000999	0.052	334476	40	-8.32
1607464214.95	110000	1.455511	0.225	14912671	1013	4.0
1607464217.08	80000	1.340926	0.985	22644885	1976	-107.6
1607464218.73	80000	1.436921	0.717	17135714	1555	-34.72
1607464220.06	110000	1.261923	0.129	17473873	1232	59.36
1607464221.33	110000	1.253536	0.234	17432386	1173	72.56
1607464222.01	110000	1.595703	0.0	9099663	621	110.0
1607464222.56	110000	2.043604	0.0	7044111	507	110.0
1607464226.64	110000	1.334669	2.357	48103258	3643	-267.12
1607464227.92	80000	1.44185	0.397	15816325	1189	-13.520000000000003
1607464229.33	80000	1.339911	0.305	15275967	1330	31.200000000000003
1607464231.22	80000	1.388634	0.942	20600381	1790	-70.72
1607464233.2	110000	1.338591	0.93	25684661	1848	-68.80000000000001
1607464234.0	110000	1.546393	0.0	10838546	729	110.0
1607464234.77	80000	1.772006	0.0	9055732	713	50.0
1607464235.76	80000	1.786343	0.0	9337721	931	80.0
1607464236.22	110000	2.328959	0.0	5268213	418	80.0
1607464236.97	110000	2.579551	0.0	9838179	690	110.0
1607464237.36	80000	3.191871	0.0	4543558	351	50.0
1607464239.14	80000	2.407491	0.0	20277060	1660	80.0
1607464240.38	80000	2.1683	0.0	14877694	1153	80.0
1607464241.36	80000	2.191124	0.0	11453319	900	80.0
1607464242.78	110000	1.768501	0.0	17002609	1309	80.0
1607464244.34	40000	1.280384	0.064	8054223	1499	-40.24
1607464245.35	40000	1.345547	0.078	5596063	979	27.52
1607464246.02	40000	1.673048	0.0	4316804	640	40.0
1607464248.55	40000	1.42524	1.274	18604040	2425	-163.84
1607464251.38	80000	1.450812	1.857	37801487	2649	-257.12
1607464252.13	160000	1.69645	0.0	15251076	660	80.0
1607464252.92	160000	1.908571	0.0	16574034	686	160.0
1607464253.38	160000	2.457485	0.0	13009028	377	160.0
1607464253.79	160000	3.038825	0.0	12791674	338	160.0
1607464254.14	160000	3.697424	0.0	11137898	270	160.0
1607464254.39	160000	4.447223	0.0	11485310	180	160.0
1607464254.66	160000	5.180033	0.0	12428518	193	160.0
1607464254.88	160000	5.962445	0.0	9963766	155	160.0
1607464255.14	160000	6.699076	0.0	12189364	195	160.0
1607464255.39	160000	7.451853	0.0	10142396	184	160.0
1607464255.64	160000	8.202358	0.0	10185488	185	160.0
1607464255.98	160000	8.864244	0.0	14061455	255	160.0
1607464256.48	160000	9.366114	0.0	20074099	377	160.0
1607464257.55	160000	9.303616	0.0	46115254	803	160.0
1607464258.36	160000	9.484898	0.0	40906522	582	160.0
1607464258.51	160000	10.336545	0.0	7891151	100	160.0
1607464258.9	160000	10.947616	0.0	21012466	266	160.0
1607464259.36	160000	11.490815	0.0	23519424	326	160.0
1607464259.76	160000	12.084363	0.0	18715420	284	160.0
1607464260.13	160000	12.719807	0.0	17000816	258	160.0
1607464260.38	160000	13.467869	0.0	14448126	171	160.0
1607464260.51	160000	14.337794	0.0	6958676	82	160.0
1607464260.68	160000	15.176843	0.0	9088791	108	160.0
1607464260.81	160000	16.04384	0.0	7211881	86	160.0
1607464260.87	160000	16.981125	0.0	3063586	36	160.0
1607464260.93	160000	17.923522	0.0	2782179	33	160.0
1607464261.12	160000	18.736126	0.0	9958410	118	160.0
1607464261.36	160000	19.499872	0.0	12158708	167	160.0
1607464261.6	160000	20.261681	0.0	12300216	167	160.0
1607464261.91	160000	20.953738	0.0	15815684	216	160.0
1607464262.17	160000	21.690243	0.0	13526256	181	160.0
1607464262.37	160000	22.48751	0.0	11995130	133	160.0
1607464262.6	160000	23.263467	0.0	13394791	148	160.0
1607464262.84	160000	24.02773	0.0	14135828	156	160.0
1607464263.1	160000	24.77088	0.0	15366126	170	160.0
1607464263.35	160000	25.518945	0.0	14248439	157	160.0
1607464263.58	160000	26.288274	0.0	13843717	153	160.0
1607464263.82	160000	27.043687	0.0	14665119	162	160.0
1607464264.2	160000	27.66541	0.0	21079187	232	160.0
1607464264.65	160000	28.216433	0.0	25480074	308	160.0
1607464265.07	160000	28.805224	0.0	23021754	278	160.0
1607464265.5	160000	29.372622	0.0	27527834	281	160.0
1607464265.93	160000	29.953314	0.0	26155848	262	160.0
1607464266.23	160000	30.640341	0.0	17849379	183	160.0
1607464266.54	160000	31.331105	0.0	16546531	202	160.0
1607464266.87	160000	32.005478	0.0	17718949	219	160.0
1607464267.2	160000	32.685033	0.0	17337137	215	160.0
1607464267.62	160000	33.258223	0.0	20008245	295	160.0
1607464268.87	160000	33.007718	0.0	58430914	853	160.0
1607464269.22	160000	33.65986	0.0	16292703	235	160.0
1607464269.7	160000	34.184082	0.0	25587422	334	160.0
1607464270.15	160000	34.733528	0.0	23982306	315	160.0
1607464270.42	160000	35.458306	0.0	13347845	195	160.0
1607464270.72	160000	36.166011	0.0	14337991	209	160.0
1607464271.01	160000	36.869719	0.0	14584990	213	160.0
1607464271.29	160000	37.592681	0.0	13962401	192	160.0
1607464271.54	160000	38.343224	0.0	14393788	167	160.0
1607464271.79	160000	39.093115	0.0	14649457	170	160.0
1607464272.04	160000	39.84557	0.0	13409715	162	160.0
1607464272.3	160000	40.586444	0.0	13909605	177	160.0
1607464272.57	160000	41.320325	0.0	13301968	188	160.0
1607464272.96	160000	41.933754	0.0	19025846	268	160.0
1607464273.34	160000	42.552321	0.0	19295426	263	160.0
1607464273.69	160000	43.207958	0.0	18261873	241	160.0
1607464274.07	160000	43.824419	0.0	19847604	263	160.0
1607464274.42	160000	44.478989	0.0	18767181	237	160.0
1607464274.82	160000	45.076751	0.0	22420858	278	160.0
1607464275.17	160000	45.723926	0.0	19324333	239	160.0
1607464275.61	160000	46.285879	0.0	20392234	314	160.0
1607464275.78	160000	47.120513	0.0	7671072	118	160.0
1607464276.16	160000	47.742409	0.0	17781906	274	160.0
1607464276.4	160000	48.506036	0.0	12839336	159	160.0
1607464276.6	160000	49.304663	0.0	10779770	133	160.0
1607464276.86	160000	50.042833	0.0	14606687	180	160.0
1607464277.64	160000	50.268103	0.0	41866951	526	160.0
1607464278.34	160000	50.565486	0.0	37238410	479	160.0
1607464278.6	160000	51.305021	0.0	14347759	181	160.0
1607464278.81	160000	52.092853	0.0	11399187	144	160.0
1607464279.01	160000	52.899209	0.0	10358641	130	160.0
1607464279.27	160000	53.63916	0.0	14315696	181	160.0
1607464279.73	160000	54.177207	0.0	23283631	319	160.0
1607464280.45	160000	54.456685	0.0	37521367	505	160.0
1607464280.86	160000	55.047892	0.0	22241104	286	160.0
1607464281.17	160000	55.747064	0.0	15813346	204	160.0
1607464281.5	160000	56.412351	0.0	17116450	237	160.0
1607464281.87	160000	57.043026	0.0	18867054	264	160.0
1607464282.22	160000	57.699824	0.0	17393609	245	160.0
1607464282.61	160000	58.310896	0.0	24759401	252	160.0
1607464283.01	160000	58.90834	0.0	25782433	262	160.0
1607464283.44	160000	59.478477	0.0	25885372	272	160.0
1607464284.39	160000	59.648713	0.0	26242011	302	160.0
1607464285.33	160000	59.64977	0.0	23865378	292	160.0
1607464286.23	160000	59.900749	0.0	25470681	245	160.0
1607464287.18	160000	59.901766	0.0	27258768	281	160.0
1607464288.49	160000	59.652796	0.0	17853711	198	160.0
1607464289.29	160000	59.653787	0.0	14829893	161	160.0
1607464290.17	160000	59.904845	0.0	27779697	221	160.0
1607464291.08	160000	59.905718	0.0	27714923	245	160.0
1607464292.52	160000	59.656669	0.0	25946474	273	160.0
1607464293.4	160000	59.657704	0.0	19596259	265	160.0
1607464294.41	160000	59.658693	0.0	23774167	369	160.0
1607464295.26	160000	59.909706	0.0	19373656	239	160.0
1607464296.19	160000	59.91084	0.0	23977420	284	160.0
1607464297.17	160000	59.911819	0.0	24493733	346	160.0
1607464298.46	160000	59.662622	0.0	14528511	202	160.0
1607464299.24	160000	59.913731	0.0	16841176	184	160.0
1607464300.05	160000	59.914804	0.0	16743604	206	160.0
1607464301.39	160000	59.665656	0.0	17975224	235	160.0
1607464302.32	160000	59.666773	0.0	22329548	308	160.0
1607464303.14	160000	59.917718	0.0	16001583	220	160.0
1607464304.49	160000	59.668731	0.0	18238584	242	160.0
1607464305.38	160000	59.669728	0.0	21308824	269	160.0
1607464306.21	160000	59.920806	0.0	17749058	218	160.0
1607464307.47	160000	59.671775	0.0	14127787	176	160.0
1607464308.25	160000	59.922702	0.0	17525699	185	160.0
1607464309.48	160000	59.673728	0.0	14240042	148	160.0
1607464310.32	160000	59.674715	0.0	20324139	221	160.0
1607464311.18	160000	59.925747	0.0	21993033	226	160.0
1607464312.49	160000	59.67673	0.0	18863108	189	160.0
1607464313.31	160000	59.677733	0.0	15964734	221	160.0
1607464314.47	160000	59.6787	0.0	8284939	111	160.0
1607464315.14	160000	59.92969	0.0	9004706	98	160.0
1607464316.26	160000	59.930659	0.0	6955279	77	160.0
1607464317.46	160000	59.681787	0.0	10701639	128	160.0
1607464318.14	160000	59.932789	0.0	9459459	121	160.0
1607464319.21	160000	59.933714	0.0	3212828	40	160.0
1607464320.27	160000	59.93472	0.0	2509989	30	160.0
1607464321.31	160000	59.685725	0.0	2004927	22	160.0
1607464322.34	160000	59.686701	0.0	591360	6	160.0
1607464323.89	160000	59.621464	0.0	2394426	31	160.0
1607464324.24	40000	1.000999	0.027	337339	9	-4.32
1607464324.57	160000	2.001999	0.0	14912671	175	40.0
1607464325.11	160000	2.484692	0.0	24265636	314	160.0
1607464325.55	160000	3.041636	0.0	22711544	294	160.0
1607464325.9	160000	3.690613	0.0	19639705	235	160.0
1607464326.29	160000	4.376659	0.0	20946809	250	160.0
1607464326.5	160000	5.159417	0.0	11895609	142	160.0
1607464326.63	160000	6.03523	0.0	7597636	78	160.0
1607464327.69	160000	6.045606	0.0	56067905	576	160.0
1607464328.54	160000	6.249518	0.0	45444680	588	160.0
1607464329.66	160000	6.158076	0.0	54798068	809	160.0
1607464330.99	160000	5.824278	0.0	69464107	853	160.0
1607464331.81	160000	6.015276	0.0	50637608	522	160.0
1607464332.2	160000	6.618091	0.0	19559369	269	160.0
1607464332.64	160000	7.179463	0.0	22224402	306	160.0
1607464333.02	160000	7.800621	0.0	22578365	243	160.0
1607464333.16	160000	8.657922	0.0	8346702	89	160.0
1607464333.43	160000	9.389699	0.0	15775481	170	160.0
1607464333.59	160000	10.231134	0.0	9163235	100	160.0
1607464334.38	160000	10.44374	0.0	41307095	558	160.0
1607464334.91	160000	10.910026	0.0	28763893	351	160.0
1607464335.3	160000	11.530843	0.0	21266416	248	160.0
1607464335.73	160000	12.096753	0.0	23702229	274	160.0
1607464336.23	160000	12.599282	0.0	27580394	337	160.0
1607464336.61	160000	13.244859	0.0	20329780	249	160.0
1607464336.94	160000	13.970067	0.0	16109183	225	160.0
