1607412948.1	40000	1.000999	0.017	334476	5	-2.719999999999999
1607412948.57	160000	1.864022	0.0	14912671	221	40.0
1607412949.21	160000	2.270812	0.0	24265636	356	160.0
1607412949.76	160000	2.720853	0.0	22711544	338	160.0
1607412950.23	160000	3.288515	0.0	19639705	269	160.0
1607412950.72	160000	3.85154	0.0	20946809	277	160.0
1607412951.02	160000	4.550785	0.0	11895609	155	160.0
1607412951.24	160000	5.351278	0.0	7597636	91	160.0
1607412952.45	160000	5.19077	0.0	56067905	648	160.0
1607412953.23	160000	5.446829	0.0	45444680	462	160.0
1607412954.18	160000	5.493874	0.0	54798068	592	160.0
1607412955.45	160000	5.229046	0.0	69464107	730	160.0
1607412956.42	160000	5.260937	0.0	50637608	610	160.0
1607412956.8	160000	5.878606	0.0	19559369	191	160.0
1607412957.25	160000	6.426113	0.0	22224402	249	160.0
1607412957.75	160000	6.941287	0.0	22578365	279	160.0
1607412957.99	160000	7.69112	0.0	8346702	103	160.0
1607412958.32	160000	8.359592	0.0	15775481	164	160.0
1607412958.55	160000	9.133678	0.0	9163235	92	160.0
1607412959.28	160000	9.407117	0.0	41307095	421	160.0
1607412959.86	160000	9.827319	0.0	28763893	328	160.0
1607412960.28	160000	10.408173	0.0	21266416	224	160.0
1607412960.75	160000	11.004329	0.0	23702229	238	160.0
1607412961.28	160000	11.489878	0.0	27580394	299	160.0
1607412961.73	160000	12.035282	0.0	20329780	247	160.0
1607412962.1	160000	12.673987	0.0	16109183	193	160.0
1607412962.97	160000	12.797407	0.0	58830800	465	160.0
1607412963.88	160000	12.893734	0.0	66935122	471	160.0
1607412964.15	160000	13.624525	0.0	15251076	106	160.0
1607412964.45	160000	14.326881	0.0	16574034	117	160.0
1607412964.69	160000	15.086496	0.0	13009028	93	160.0
1607412964.92	160000	15.851637	0.0	12791674	90	160.0
1607412965.16	160000	16.614967	0.0	11137898	100	160.0
1607412965.42	160000	17.361291	0.0	11485310	114	160.0
1607412965.68	160000	18.098661	0.0	12428518	117	160.0
1607412965.91	160000	18.872	0.0	9963766	94	160.0
1607412966.16	160000	19.620834	0.0	12189364	109	160.0
1607412966.38	160000	20.399256	0.0	10142396	88	160.0
1607412966.61	160000	21.17279	0.0	10185488	87	160.0
1607412966.89	160000	21.895757	0.0	14061455	122	160.0
1607412967.36	160000	22.421829	0.0	20074099	277	160.0
1607412968.5	160000	22.289005	0.0	46115254	793	160.0
1607412969.45	160000	22.342003	0.0	40906522	633	160.0
1607412969.66	160000	23.131916	0.0	7891151	86	160.0
1607412970.08	160000	23.708844	0.0	21012466	229	160.0
1607412970.55	160000	24.239028	0.0	23519424	255	160.0
1607412970.93	160000	24.856912	0.0	18715420	203	160.0
1607412971.41	160000	25.378729	0.0	17000816	307	160.0
1607412971.88	160000	25.917646	0.0	14448126	301	160.0
1607412972.22	160000	26.573633	0.0	6958676	224	160.0
1607412973.05	160000	26.743063	0.0	9088791	703	160.0
1607412973.36	160000	27.435906	0.0	7211881	189	160.0
1607412973.54	160000	28.25807	0.0	3063586	80	160.0
1607412973.71	160000	29.088632	0.0	2782179	72	160.0
1607412974.11	160000	29.694106	0.0	9958410	260	160.0
1607412974.41	160000	30.388331	0.0	12158708	163	160.0
1607412974.73	160000	31.069424	0.0	12300216	156	160.0
1607412975.11	160000	31.688141	0.0	15815684	212	160.0
1607412975.43	160000	32.370684	0.0	13526256	165	160.0
1607412975.73	160000	33.075451	0.0	11995130	147	160.0
1607412976.05	160000	33.758053	0.0	13394791	163	160.0
1607412976.37	160000	34.435918	0.0	14135828	163	160.0
1607412976.7	160000	35.103893	0.0	15366126	175	160.0
1607412977.02	160000	35.788893	0.0	14248439	162	160.0
1607412977.3	160000	36.510618	0.0	13843717	127	160.0
1607412977.6	160000	37.208796	0.0	14665119	132	160.0
1607412977.99	160000	37.820018	0.0	21079187	193	160.0
1607412978.5	160000	38.313197	0.0	25480074	296	160.0
1607412978.99	160000	38.828521	0.0	23021754	273	160.0
1607412979.52	160000	39.304777	0.0	27527834	297	160.0
1607412980.03	160000	39.78503	0.0	26155848	277	160.0
1607412980.45	160000	40.365676	0.0	17849379	241	160.0
1607412980.85	160000	40.968105	0.0	16546531	224	160.0
1607412981.4	160000	41.414402	0.0	17718949	374	160.0
1607412982.57	160000	41.249982	0.0	17337137	985	160.0
1607412984.2	160000	40.62026	0.0	20008245	1437	160.0
1607412985.32	160000	40.503302	0.0	58430914	724	160.0
1607412985.66	160000	41.163562	0.0	16292703	167	160.0
1607412986.14	160000	41.686604	0.0	25587422	263	160.0
1607412986.57	160000	42.254307	0.0	23982306	222	160.0
1607412986.84	160000	42.981025	0.0	13347845	119	160.0
1607412987.13	160000	43.695466	0.0	14337991	134	160.0
1607412987.43	160000	44.399336	0.0	14584990	142	160.0
1607412987.71	160000	45.114944	0.0	13962401	135	160.0
1607412988.01	160000	45.822368	0.0	14393788	138	160.0
1607412988.29	160000	46.540037	0.0	14649457	128	160.0
1607412988.56	160000	47.280566	0.0	13409715	104	160.0
1607412988.82	160000	48.01704	0.0	13909605	108	160.0
1607412989.07	160000	48.766214	0.0	13301968	103	160.0
1607412989.44	160000	49.398655	0.0	19025846	181	160.0
1607412989.82	160000	50.016942	0.0	19295426	188	160.0
1607412990.18	160000	50.653437	0.0	18261873	181	160.0
1607412990.56	160000	51.280015	0.0	19847604	174	160.0
1607412990.91	160000	51.928799	0.0	18767181	165	160.0
1607412991.31	160000	52.529911	0.0	22420858	197	160.0
1607412991.68	160000	53.163755	0.0	19324333	179	160.0
1607412992.06	160000	53.785793	0.0	20392234	188	160.0
1607412992.25	160000	54.589695	0.0	7671072	72	160.0
1607412992.62	160000	55.219933	0.0	17781906	186	160.0
1607412992.9	160000	55.941736	0.0	12839336	130	160.0
1607412993.15	160000	56.694366	0.0	10779770	109	160.0
1607412993.45	160000	57.400049	0.0	14606687	138	160.0
1607412994.16	160000	57.686615	0.0	41866951	394	160.0
1607412994.75	160000	58.098842	0.0	37238410	281	160.0
1607412995.01	160000	58.83466	0.0	14347759	107	160.0
1607412995.24	160000	59.607599	0.0	11399187	86	160.0
1607412996.49	160000	59.612118	0.0	10358641	105	160.0
1607412997.25	160000	59.613041	0.0	14315696	100	160.0
1607412998.43	40000	59.614111	0.0	6479978	63	-80.0
1607413003.53	40000	55.327973	0.0	11490169	4950	40.0
1607413005.37	160000	54.487643	0.0	22241104	1637	40.0
1607413005.81	160000	55.047402	0.0	15813346	272	160.0
1607413006.28	160000	55.581042	0.0	17116450	294	160.0
1607413006.78	160000	56.083279	0.0	18867054	316	160.0
1607413007.24	160000	56.615551	0.0	17393609	291	160.0
1607413007.79	160000	57.078344	0.0	24759401	324	160.0
1607413008.34	160000	57.518803	0.0	25782433	335	160.0
1607413008.94	160000	57.923733	0.0	25885372	363	160.0
1607413009.52	160000	58.340544	0.0	26242011	360	160.0
1607413010.04	160000	58.834935	0.0	23865378	282	160.0
1607413010.55	160000	59.320116	0.0	25470681	288	160.0
1607413011.06	160000	59.805192	0.0	27258768	275	160.0
1607413012.43	160000	59.626264	0.0	17853711	186	160.0
1607413012.96	160000	59.910615	0.0	14829893	378	160.0
1607413014.23	160000	59.880057	0.0	27779697	532	160.0
1607413016.09	160000	58.781175	0.0	27714923	1625	160.0
1607413020.85	160000	55.02038	0.0	25946474	4523	160.0
1607413022.38	160000	54.491616	0.0	19596259	1344	160.0
1607413023.48	160000	54.389175	0.0	23774167	881	160.0
1607413024.35	160000	54.524343	0.0	19373656	681	160.0
1607413025.3	160000	54.572079	0.0	23977420	740	160.0
1607413025.98	160000	54.894627	0.0	24493733	466	160.0
1607413026.41	160000	55.46604	0.0	14528511	272	160.0
1607413026.88	160000	56.000695	0.0	16841176	295	160.0
1607413027.35	160000	56.532892	0.0	16743604	294	160.0
1607413027.82	160000	57.063681	0.0	17975224	293	160.0
1607413028.39	160000	57.491859	0.0	22329548	361	160.0
1607413028.8	160000	58.080312	0.0	16001583	241	160.0
1607413029.26	160000	58.625497	0.0	18238584	274	160.0
1607413029.77	160000	59.115103	0.0	21308824	311	160.0
1607413030.2	160000	59.684362	0.0	17749058	257	160.0
1607413031.06	160000	59.897102	0.0	14127787	202	160.0
1607413032.48	160000	59.648125	0.0	17525699	241	160.0
1607413033.27	160000	59.649071	0.0	14240042	136	160.0
1607413034.21	160000	59.900112	0.0	20324139	250	160.0
1607413035.7	160000	59.191347	0.0	21993033	1288	160.0
1607413036.69	160000	59.20309	0.0	18863108	792	160.0
1607413037.06	160000	59.837134	0.0	15964734	195	160.0
1607413038.28	160000	59.654127	0.0	8284939	101	160.0
1607413039.0	160000	59.905127	0.0	9004706	92	160.0
1607413040.17	160000	59.906125	0.0	6955279	53	160.0
1607413041.38	160000	59.657035	0.0	10701639	72	160.0
1607413042.11	160000	59.908135	0.0	9459459	88	160.0
1607413043.24	160000	59.659133	0.0	3212828	30	160.0
1607413044.37	160000	59.660109	0.0	2509989	34	160.0
1607413045.45	160000	59.661093	0.0	2004927	15	160.0
1607413046.01	160000	59.912116	0.0	591360	5	160.0
1607413047.59	160000	59.846897	0.0	2394426	25	160.0
1607413047.96	40000	1.000999	0.051	336477	16	-8.16
1607413048.78	20000	1.54825	0.0	11007815	624	0.0
1607413052.33	20000	1.313622	2.298	8849724	3430	-347.68
1607413053.93	160000	1.369536	0.625	22711544	1332	-80.0
1607413054.62	160000	1.707749	0.0	19639705	496	160.0
1607413055.04	160000	2.295653	0.0	20946809	220	160.0
1607413055.3	160000	3.049311	0.0	11895609	123	160.0
1607413055.51	160000	3.87099	0.0	7597636	78	160.0
1607413056.7	160000	3.697778	0.0	56067905	593	160.0
1607413057.47	160000	3.926952	0.0	45444680	458	160.0
1607413057.83	80000	4.566893	0.0	15275967	192	0.0
1607413058.3	80000	5.101966	0.0	20600381	272	80.0
1607413058.71	80000	5.696045	0.0	17710542	228	80.0
1607413058.9	80000	6.49997	0.0	7412644	75	80.0
1607413059.19	110000	7.21972	0.0	12783186	129	80.0
1607413059.47	110000	7.93552	0.0	13101938	133	110.0
1607413059.69	160000	8.719646	0.0	8346702	87	110.0
1607413060.04	160000	9.368967	0.0	15775481	163	160.0
1607413060.27	160000	10.140288	0.0	9163235	95	160.0
1607413061.0	110000	10.411135	0.0	26576979	500	60.0
1607413064.13	110000	8.284678	0.0	19285617	2936	110.0
1607413065.78	160000	7.636286	0.0	21266416	1452	110.0
1607413067.7	160000	6.712183	0.0	23702229	1707	160.0
1607413071.85	160000	3.563151	0.0	27580394	3919	160.0
1607413072.44	60000	3.981049	0.0	8135330	449	-40.0
1607413072.74	40000	4.673696	0.0	4316804	195	20.0
1607413073.13	20000	5.283087	0.0	9946363	254	0.0
1607413073.57	20000	5.843136	0.0	11684632	299	20.0
1607413073.77	20000	6.644305	0.0	1849732	106	20.0
1607413074.7	60000	6.723754	0.0	5799553	806	20.0
1607413077.14	110000	5.278764	0.0	8768798	2314	60.0
