1610806857.33	60000	1.000999	0.046	336477	6	-14.719999999999999
1610806858.1	320000	1.632836	0.0	14912671	539	60.0
1610806858.98	320000	1.756745	0.0	24265636	565	320.0
1610806859.66	320000	2.099653	0.0	22711544	477	320.0
1610806860.25	320000	2.556017	0.0	19639705	402	320.0
1610806860.84	320000	2.992502	0.0	20946809	387	320.0
1610806862.2	320000	2.706054	0.0	11895609	1210	320.0
1610806862.47	320000	3.441644	0.0	7597636	140	320.0
1610806862.78	40000	4.136199	0.0	9295618	171	-240.0
1610806863.0	40000	4.909961	0.0	5971357	111	40.0
1610806863.22	40000	5.698681	0.0	7669174	92	40.0
1610806863.48	40000	6.433141	0.0	10578989	125	40.0
1610806865.77	320000	5.150141	0.0	94557637	1149	40.0
1610806866.8	320000	5.120829	0.0	48403531	665	320.0
1610806867.96	320000	4.964876	0.0	63326685	703	320.0
1610806869.04	320000	4.878813	0.0	66782145	606	320.0
1610806869.34	320000	5.576149	0.0	13212243	142	320.0
1610806869.93	320000	6.00019	0.0	29387773	331	320.0
1610806870.28	320000	6.697455	0.0	17336677	174	320.0
1610806872.32	320000	5.901142	0.0	126296507	1041	320.0
1610806873.93	320000	5.378961	0.0	96707447	940	320.0
1610806875.05	320000	5.263297	0.0	72904162	598	320.0
1610806876.14	320000	5.179485	0.0	66993756	591	320.0
1610806877.47	320000	4.839674	0.0	92389329	730	320.0
1610806878.48	320000	5.283696	0.0	70549633	513	320.0
1610806879.25	320000	5.662302	0.0	50094571	410	320.0
1610806881.16	320000	4.830347	0.0	124391138	1116	320.0
1610806883.79	320000	3.523927	0.0	139539685	1529	320.0
1610806884.49	320000	3.812906	0.0	44512381	321	320.0
1610806885.5	320000	3.907745	0.0	46257154	655	320.0
1610806888.45	320000	3.014972	0.0	34846600	2676	320.0
1610806888.72	110000	3.8277	0.0	8740660	124	-100.0
1610806888.95	110000	4.606986	0.0	7610374	106	110.0
1610806889.19	110000	5.412709	0.0	7822163	104	110.0
1610806891.38	110000	4.476695	0.0	8433079	2063	110.0
1610806891.53	40000	5.319001	0.0	2659767	54	-30.0
1610806891.71	40000	6.14715	0.0	3460653	72	40.0
1610806891.86	40000	6.997006	0.0	2382623	49	40.0
1610806892.0	40000	7.856565	0.0	2243677	46	40.0
1610806892.17	40000	8.687435	0.0	3408862	70	40.0
1610806893.0	320000	8.86258	0.0	41214174	513	40.0
1610806894.56	320000	8.299429	0.0	83204731	1017	320.0
1610806897.59	320000	6.270585	0.0	75539257	2506	320.0
1610806898.48	320000	6.381039	0.0	16577177	721	320.0
1610806899.18	320000	6.683758	0.0	39814357	398	320.0
1610806900.26	320000	6.604903	0.0	50277186	704	320.0
1610806901.05	320000	6.812627	0.0	43375920	477	320.0
1610806901.78	320000	7.081959	0.0	39748690	442	320.0
1610806902.43	320000	7.507461	0.0	32725949	369	320.0
1610806902.81	320000	8.134968	0.0	15673611	206	320.0
1610806903.28	320000	8.703111	0.0	20850595	273	320.0
1610806903.66	320000	9.323262	0.0	16458609	196	320.0
1610806903.89	320000	10.113069	0.0	8700077	106	320.0
1610806904.12	320000	10.888744	0.0	8292135	97	320.0
1610806904.58	320000	11.430541	0.0	22212109	261	320.0
1610806905.12	320000	11.891266	0.0	27931458	316	320.0
1610806905.88	320000	12.123987	0.0	28076035	537	320.0
1610806912.07	320000	7.050847	0.0	34615012	5897	320.0
1610806912.59	60000	7.533146	0.0	4397748	405	-200.0
1610806912.94	60000	8.1933	0.0	3533955	241	60.0
1610806913.21	40000	8.914477	0.0	2596297	174	20.0
1610806913.51	40000	9.615523	0.0	2942589	203	40.0
1610806913.84	40000	10.288319	0.0	3269601	230	40.0
1610806915.65	160000	9.480613	0.0	14248439	1647	40.0
1610806917.46	160000	8.67214	0.0	13843717	1656	160.0
1610806919.28	160000	7.85024	0.0	14665119	1669	160.0
1610806921.85	160000	6.277547	0.0	21079187	2372	160.0
1610806922.66	80000	6.46736	0.0	12476436	659	0.0
1610806923.01	80000	7.125927	0.0	10883852	204	80.0
1610806923.55	110000	7.581255	0.0	19021488	357	80.0
1610806924.3	160000	7.837876	0.0	26155848	513	110.0
1610806924.91	160000	8.221611	0.0	17849379	435	160.0
1610806926.06	320000	8.073039	0.0	37527577	862	160.0
1610806927.12	320000	8.021811	0.0	38354537	768	320.0
1610806928.11	320000	8.030368	0.0	33905183	723	320.0
1610806929.18	320000	7.95997	0.0	37964644	769	320.0
1610806931.35	320000	6.79623	0.0	91609209	1601	320.0
1610806932.21	320000	6.927497	0.0	30861098	620	320.0
1610806933.64	320000	6.50333	0.0	53161890	1056	320.0
1610806936.24	320000	4.90281	0.0	49661559	2254	320.0
1610806937.05	320000	5.090226	0.0	27673254	579	320.0
1610806937.71	320000	5.567546	0.0	29061600	417	320.0
1610806938.38	320000	6.01366	0.0	29596558	428	320.0
1610806939.12	320000	6.272695	0.0	29264466	503	320.0
1610806939.85	320000	6.537569	0.0	29949400	484	320.0
1610806940.47	320000	6.923931	0.0	30225692	376	320.0
1610806941.05	320000	7.34115	0.0	27528494	359	320.0
1610806941.69	320000	7.709571	0.0	28959567	384	320.0
1610806942.33	320000	8.064128	0.0	27200869	417	320.0
1610806943.07	320000	8.325192	0.0	37091406	469	320.0
1610806943.69	320000	8.703015	0.0	32442772	375	320.0
1610806944.42	320000	8.982448	0.0	38733768	435	320.0
1610806945.6	320000	8.797386	0.0	43207501	877	320.0
1610806946.78	320000	8.619715	0.0	39867273	889	320.0
1610806947.62	320000	8.783773	0.0	44687216	523	320.0
1610806953.99	320000	3.409691	0.0	37222510	6084	320.0
1610806954.47	40000	3.937059	0.0	4811858	358	-240.0
1610806954.69	40000	4.710277	0.0	2054604	133	40.0
1610806954.95	40000	5.453616	0.0	4462862	147	40.0
1610806955.15	40000	6.256798	0.0	3046638	100	40.0
1610806955.33	40000	7.073978	0.0	2648526	87	40.0
1610806955.81	160000	7.61875	0.0	14606687	324	40.0
1610806957.06	320000	7.501398	0.0	75257111	768	160.0
1610806961.76	320000	3.805279	0.0	71035332	4252	320.0
1610806963.02	320000	3.538594	0.0	27276036	1046	320.0
1610806963.46	320000	4.097974	0.0	23233775	238	320.0
1610806963.89	320000	4.713742	0.0	21096285	215	320.0
1610806964.44	320000	5.169002	0.0	28685524	305	320.0
1610806965.27	320000	5.333954	0.0	43551422	508	320.0
1610806966.5	320000	5.156744	0.0	65057331	792	320.0
1610806967.33	320000	5.332872	0.0	41329817	517	320.0
1610806968.02	320000	5.637905	0.0	30837965	456	320.0
1610806969.01	320000	5.650392	0.0	33542198	726	320.0
1610806969.75	320000	5.913568	0.0	43188629	430	320.0
1610806970.42	320000	6.248484	0.0	38404993	387	320.0
1610806971.25	320000	6.547693	0.0	50554338	493	320.0
1610806972.16	320000	6.727305	0.0	52531967	507	320.0
1610806973.22	320000	6.663167	0.0	54618297	698	320.0
1610806974.35	320000	6.535375	0.0	54267260	757	320.0
1610806975.55	320000	6.336584	0.0	46984925	863	320.0
1610806977.66	320000	5.225905	0.0	52441959	1749	320.0
1610806979.16	320000	4.898723	0.0	56222410	1091	320.0
1610806979.97	320000	5.220418	0.0	37045146	501	320.0
1610806980.65	320000	5.647179	0.0	31316241	410	320.0
1610806981.71	320000	5.797514	0.0	54539886	689	320.0
1610806982.8	320000	6.034628	0.0	54290338	681	320.0
1610806986.3	320000	3.621546	0.0	50306079	3140	320.0
1610806986.61	110000	4.315556	0.0	13308895	151	-100.0
1610806986.98	110000	4.98085	0.0	16649620	189	110.0
1610806987.27	110000	5.784827	0.0	13175624	136	110.0
1610806987.74	160000	6.39043	0.0	23977420	250	110.0
1610806988.24	160000	7.046805	0.0	24493733	286	160.0
1610806988.88	320000	7.556234	0.0	31052651	375	160.0
1610806989.67	320000	7.903204	0.0	35159774	518	320.0
1610806990.36	320000	8.331616	0.0	34685385	420	320.0
1610806991.05	320000	8.643322	0.0	36845249	415	320.0
1610806991.97	320000	8.747173	0.0	44043502	436	320.0
1610806992.48	320000	9.23527	0.0	28911363	278	320.0
1610806993.05	320000	9.66826	0.0	31997411	302	320.0
1610806993.77	320000	9.949921	0.0	37860562	438	320.0
1610806994.49	320000	10.227588	0.0	34218681	428	320.0
1610806995.3	320000	10.421821	0.0	30315897	559	320.0
1610807000.97	320000	5.748136	0.0	38074030	5390	320.0
1610807001.37	40000	6.348952	0.0	3205850	297	-240.0
1610807001.93	40000	6.790707	0.0	4848722	449	40.0
1610807002.42	40000	7.307271	0.0	5225224	372	40.0
1610807002.81	40000	7.916321	0.0	4026891	286	40.0
1610807003.18	40000	8.54649	0.0	3588599	267	40.0
1610807003.56	80000	9.170877	0.0	3563377	270	40.0
1610807004.39	320000	9.333331	0.0	16440860	672	80.0
1610807004.89	320000	9.839238	0.0	12523766	352	320.0
1610807005.4	320000	10.330291	0.0	22159647	300	320.0
1610807005.82	320000	10.914073	0.0	17516376	236	320.0
1610807006.0	320000	11.734338	0.0	5119060	69	320.0
1610807006.15	320000	12.591331	0.0	3788776	53	320.0
1610807006.27	320000	13.459972	0.0	3041389	42	320.0
1610807006.33	320000	14.399159	0.0	640071	8	320.0
1610807006.43	320000	15.302773	0.0	3111318	44	320.0
1610807006.84	60000	1.000999	0.03	377897	4	-9.600000000000001
1610807007.26	320000	1.870794	0.0	14912671	171	60.0
1610807007.79	320000	2.344142	0.0	24265636	252	320.0
1610807008.24	320000	2.890643	0.0	22711544	247	320.0
1610807008.68	320000	3.498318	0.0	19639705	221	320.0
1610807009.11	320000	4.108849	0.0	20946809	236	320.0
1610807009.38	320000	4.939707	0.0	11895609	128	320.0
1610807009.59	320000	5.746827	0.0	7597636	82	320.0
1610807010.79	320000	5.613432	0.0	56067905	604	320.0
1610807011.95	320000	5.504432	0.0	46062054	816	320.0
1610807013.27	320000	5.180035	0.0	60496562	895	320.0
1610807014.85	320000	4.597488	0.0	90475604	803	320.0
1610807016.54	320000	3.915149	0.0	94557637	1079	320.0
1610807017.42	320000	4.036293	0.0	48403531	513	320.0
1610807018.4	320000	4.059279	0.0	63326685	526	320.0
1610807019.44	320000	4.202933	0.0	66782145	560	320.0
1610807019.76	320000	5.058757	0.0	13212243	172	320.0
1610807020.35	320000	5.531242	0.0	29387773	336	320.0
1610807020.7	320000	6.301063	0.0	17336677	163	320.0
1610807023.76	320000	4.578574	0.0	126296507	1957	320.0
1610807025.23	320000	4.109638	0.0	96707447	844	320.0
1610807026.4	320000	3.933542	0.0	72904162	659	320.0
1610807027.43	320000	3.907747	0.0	66993756	562	320.0
1610807028.83	320000	4.002413	0.0	92389329	787	320.0
1610807029.98	320000	3.962243	0.0	70549633	637	320.0
1610807030.78	320000	4.195952	0.0	50094571	461	320.0
1610807032.79	320000	3.447918	0.0	124391138	1196	320.0
1610807035.03	320000	2.241186	0.0	139539685	1343	320.0
