1610776054.7	60000	1.000999	0.015	336477	3	-4.799999999999997
1610776055.08	320000	1.958647	0.0	14912671	138	60.0
1610776055.59	320000	2.522032	0.0	24265636	225	320.0
1610776055.99	320000	3.133993	0.0	22711544	174	320.0
1610776056.32	320000	3.796803	0.0	19639705	152	320.0
1610776056.69	320000	4.460788	0.0	20946809	158	320.0
1610776056.91	320000	5.232798	0.0	11895609	84	320.0
1610776057.08	320000	6.067939	0.0	7597636	54	320.0
1610776058.01	320000	6.216477	0.0	56067905	398	320.0
1610776058.63	320000	6.613704	0.0	46062054	297	320.0
1610776059.49	320000	6.842779	0.0	60496562	369	320.0
1610776060.95	320000	6.38572	0.0	90475604	631	320.0
1610776062.19	320000	6.138528	0.0	94557637	664	320.0
1610776062.85	320000	6.4841	0.0	48403531	315	320.0
1610776063.66	320000	6.672604	0.0	63326685	358	320.0
1610776064.71	320000	6.627957	0.0	66782145	590	320.0
1610776064.93	320000	7.40452	0.0	13212243	78	320.0
1610776065.35	320000	7.991791	0.0	29387773	177	320.0
1610776065.62	320000	8.714315	0.0	17336677	106	320.0
1610776067.5	320000	8.17609	0.0	126296507	891	320.0
1610776069.05	320000	7.93909	0.0	96707447	909	320.0
1610776070.25	320000	7.739192	0.0	72904162	669	320.0
1610776071.51	320000	7.524064	0.0	66993756	735	320.0
1610776076.08	320000	4.268835	0.0	92389329	3947	320.0
1610776078.94	160000	2.718468	0.0	20329780	2659	0.0
1610776079.47	40000	3.195981	0.0	4316804	418	-80.0
1610776081.62	40000	2.249083	0.0	18604040	1965	40.0
1610776083.52	40000	1.351766	0.0	20723782	1706	40.0
1610776083.79	40000	2.090612	0.0	3622285	165	40.0
1610776084.05	40000	2.821768	0.0	3854472	161	40.0
1610776084.44	80000	3.437587	0.0	6381056	268	40.0
1610776084.86	160000	4.015697	0.0	12791674	279	80.0
1610776085.17	160000	4.703977	0.0	11137898	181	160.0
1610776085.9	320000	4.977355	0.0	30979822	484	160.0
1610776086.6	320000	5.285601	0.0	33204608	445	320.0
1610776087.12	320000	5.76346	0.0	23618590	291	320.0
1610776087.67	320000	6.20851	0.0	27475995	339	320.0
1610776088.19	320000	6.690835	0.0	26460007	299	320.0
1610776088.71	320000	7.173045	0.0	26763657	303	320.0
1610776089.34	320000	7.541313	0.0	33826873	362	320.0
1610776090.05	320000	7.830481	0.0	41214174	419	320.0
1610776091.41	320000	7.478424	0.0	83204731	797	320.0
1610776092.64	320000	7.248295	0.0	75539257	749	320.0
1610776092.97	320000	7.915386	0.0	16577177	163	320.0
1610776093.65	320000	8.236346	0.0	39814357	394	320.0
1610776094.54	320000	8.352605	0.0	50277186	550	320.0
1610776095.71	320000	8.177875	0.0	43375920	857	320.0
1610776097.44	320000	7.45093	0.0	39748690	1421	320.0
1610776098.07	320000	7.857598	0.0	32725949	364	320.0
1610776098.36	320000	8.570952	0.0	15673611	126	320.0
1610776098.73	320000	9.285134	0.0	20850595	160	320.0
1610776099.04	320000	9.995721	0.0	16458609	132	320.0
1610776099.23	320000	10.804154	0.0	8700077	69	320.0
1610776099.42	320000	11.614039	0.0	8292135	66	320.0
1610776099.82	320000	12.239387	0.0	22212109	177	320.0
1610776100.35	320000	12.718879	0.0	27931458	293	320.0
1610776100.88	320000	13.190479	0.0	28076035	296	320.0
1610776101.53	320000	13.533653	0.0	34615012	378	320.0
1610776102.1	320000	13.970194	0.0	31574841	307	320.0
1610776102.61	320000	14.462574	0.0	28857310	262	320.0
1610776103.19	320000	14.976922	0.0	30799251	328	320.0
1610776103.75	320000	15.414722	0.0	29900862	328	320.0
1610776104.35	320000	15.884078	0.0	32431711	305	320.0
1610776104.93	320000	16.287435	0.0	32680833	307	320.0
1610776105.39	320000	16.833972	0.0	30468229	217	320.0
1610776105.85	320000	17.370674	0.0	31594806	220	320.0
1610776106.46	320000	17.763218	0.0	43158259	301	320.0
1610776107.2	320000	18.029084	0.0	53696400	372	320.0
1610776107.9	320000	18.32606	0.0	49804325	353	320.0
1610776108.85	320000	18.375258	0.0	56230532	544	320.0
1610776109.68	320000	18.546557	0.0	54033728	453	320.0
1610776110.49	320000	18.737057	0.0	40265492	490	320.0
1610776112.89	320000	17.341458	0.0	37527577	2106	320.0
1610776122.01	320000	9.21799	0.0	38354537	8836	320.0
1610776122.88	40000	9.355338	0.0	4165439	754	-240.0
1610776123.6	40000	9.637569	0.0	5066445	612	40.0
1610776125.9	40000	8.560036	0.0	18183186	2126	40.0
1610776127.11	40000	8.480811	0.0	4623087	1106	40.0
1610776128.77	40000	7.867226	0.0	6754819	1546	40.0
1610776129.49	40000	8.150897	0.0	6222613	603	40.0
1610776130.14	80000	8.500469	0.0	6280571	529	40.0
1610776131.0	110000	8.643054	0.0	9530442	720	80.0
1610776131.99	110000	8.650594	0.0	9945160	861	110.0
1610776134.15	160000	7.492483	0.0	13962401	2009	110.0
1610776136.17	160000	6.476239	0.0	14393788	1865	160.0
1610776140.01	160000	3.636192	0.0	14649457	3683	160.0
1610776140.91	60000	3.741744	0.0	4721651	787	-40.0
1610776141.66	40000	3.982857	0.0	3029270	663	20.0
1610776143.75	40000	2.89808	0.0	3059193	1992	40.0
1610776146.62	40000	1.485112	0.459	4729676	2775	-106.88
1610776149.1	40000	1.445608	1.437	5966743	2376	-419.84
1610776150.52	40000	1.384296	0.358	4031950	1325	-74.56
1610776151.63	40000	1.49392	0.21	4314280	1006	-27.200000000000003
1610776152.87	40000	1.45542	0.21	4037231	1154	-27.200000000000003
1610776155.19	40000	1.41633	1.272	4959415	2215	-367.04
1610776157.59	40000	1.439902	1.424	4687332	2303	-415.68
1610776158.95	40000	1.364993	0.285	4811858	1263	-51.2
1610776159.57	40000	1.749427	0.0	2054604	527	40.0
1610776160.75	40000	1.562653	0.0	4462862	1085	40.0
1610776161.47	40000	1.84686	0.0	3046638	621	40.0
1610776162.05	40000	2.266256	0.0	2648526	489	40.0
1610776164.43	40000	1.404848	0.517	3387394	2285	-125.44
1610776170.27	40000	1.42298	4.853	12176825	5699	-1512.96
1610776173.21	40000	1.277349	1.796	10062382	2816	-534.72
1610776174.76	40000	1.32505	0.59	3552565	1449	-148.8
1610776177.54	40000	1.416299	1.871	2139919	2692	-558.72
1610776179.23	40000	1.288441	0.57	1859346	1612	-142.4
1610776180.57	40000	1.359655	0.407	3131242	1244	-90.24000000000001
1610776184.7	40000	1.267843	3.031	6479978	4014	-929.92
1610776194.43	40000	1.300116	8.764	11490169	9598	-2764.48
1610776194.77	40000	1.963472	0.0	6507505	225	40.0
1610776195.02	40000	2.711205	0.0	4368401	151	40.0
1610776195.28	40000	3.448705	0.0	4682869	162	40.0
1610776195.48	40000	4.25481	0.0	3815757	97	40.0
1610776195.66	40000	5.076474	0.0	3334508	82	40.0
1610776196.47	160000	5.262716	0.0	24759401	604	40.0
1610776197.14	160000	5.594488	0.0	25782433	446	160.0
1610776197.73	160000	6.01124	0.0	25885372	360	160.0
1610776198.97	320000	5.778542	0.0	54267260	855	160.0
1610776200.16	320000	5.5781	0.0	46984925	844	320.0
1610776201.44	320000	5.300839	0.0	52441959	918	320.0
1610776202.61	320000	5.136033	0.0	56222410	762	320.0
1610776203.36	320000	5.37888	0.0	37045146	486	320.0
1610776204.03	320000	5.754305	0.0	31316241	418	320.0
1610776209.02	320000	2.407292	0.0	54539886	4604	320.0
1610776209.25	40000	3.175262	0.0	6446252	110	-240.0
1610776209.46	40000	3.965471	0.0	6361946	99	40.0
1610776209.69	60000	4.74635	0.0	6892659	94	40.0
1610776210.0	80000	5.427707	0.0	12216668	168	60.0
1610776210.27	80000	6.166794	0.0	9408461	130	80.0
1610776211.34	320000	6.428957	0.0	48869677	706	80.0
1610776212.54	320000	6.24025	0.0	48742469	857	320.0
1610776213.21	320000	6.568005	0.0	31052651	426	320.0
1610776213.96	320000	6.815305	0.0	35159774	493	320.0
1610776214.71	320000	7.071434	0.0	34685385	480	320.0
1610776215.43	320000	7.344617	0.0	36845249	466	320.0
1610776216.6	320000	7.18224	0.0	44043502	825	320.0
1610776218.77	320000	6.014051	0.0	28911363	1940	320.0
1610776219.46	160000	6.316734	0.0	18238584	521	0.0
1610776219.99	160000	6.797557	0.0	21308824	324	160.0
1610776220.43	160000	7.350843	0.0	17749058	270	160.0
1610776220.81	160000	7.983086	0.0	14127787	213	160.0
1610776221.25	160000	8.539205	0.0	17525699	256	160.0
1610776221.97	320000	8.819105	0.0	31856580	466	160.0
1610776223.44	320000	8.345353	0.0	40986530	1165	320.0
1610776224.98	320000	7.810465	0.0	43161948	1196	320.0
1610776225.97	320000	7.814472	0.0	39216469	705	320.0
1610776226.74	320000	8.050871	0.0	32708889	518	320.0
1610776227.17	320000	8.625464	0.0	16257756	249	320.0
1610776227.59	320000	9.202735	0.0	16440860	254	320.0
1610776227.91	320000	9.886049	0.0	12523766	179	320.0
1610776228.42	320000	10.375735	0.0	22159647	319	320.0
1610776228.86	320000	10.939526	0.0	17516376	259	320.0
1610776229.03	320000	11.763757	0.0	5119060	76	320.0
1610776229.18	320000	12.620715	0.0	3788776	56	320.0
1610776229.29	320000	13.504359	0.0	3041389	45	320.0
1610776229.35	320000	14.444739	0.0	640071	9	320.0
1610776229.45	320000	15.346918	0.0	3111318	46	320.0
1610776229.79	60000	1.000999	0.054	377897	7	-17.28
1610776230.37	320000	1.828483	0.0	14912671	326	60.0
1610776231.71	320000	1.506171	0.0	24265636	1083	320.0
1610776234.34	320000	1.383793	1.469	22711544	2444	-150.07999999999998
