1610827339.31	60000	1.000999	0.039	336477	9	-12.480000000000004
1610827339.62	40000	1.975281	0.0	14648397	161	20.0
1610827339.92	40000	2.744045	0.0	17616813	187	40.0
1610827340.06	40000	3.629134	0.0	8581118	91	40.0
1610827340.15	40000	4.543005	0.0	4726840	47	40.0
1610827340.22	40000	5.474271	0.0	3421740	34	40.0
1610827340.26	40000	6.432831	0.0	1987360	20	40.0
1610827340.36	80000	7.32982	0.0	5425476	54	40.0
1610827340.95	80000	7.743322	0.0	29583867	296	80.0
1610827341.39	110000	8.377884	0.0	28884539	245	80.0
1610827341.74	110000	9.023839	0.0	26873304	206	110.0
1610827342.19	110000	9.605989	0.0	33588177	258	110.0
1610827343.32	160000	9.529503	0.0	50637608	700	110.0
1610827343.67	160000	10.173513	0.0	19559369	225	160.0
1610827344.06	160000	10.791331	0.0	22224402	256	160.0
1610827344.41	160000	11.44626	0.0	22578365	211	160.0
1610827344.54	160000	12.312861	0.0	8346702	74	160.0
1610827344.78	160000	13.072447	0.0	15775481	144	160.0
1610827344.92	160000	13.931165	0.0	9163235	83	160.0
1610827345.54	160000	14.311539	0.0	41307095	390	160.0
1610827345.98	160000	14.86821	0.0	28763893	281	160.0
1610827346.34	160000	15.516938	0.0	21266416	221	160.0
1610827347.55	320000	15.30055	0.0	66993756	743	160.0
1610827349.55	320000	14.307635	0.0	92389329	1259	320.0
1610827349.96	160000	14.895168	0.0	20329780	254	0.0
1610827350.27	160000	15.583668	0.0	16109183	208	160.0
1610827352.99	320000	13.874305	0.0	124391138	1820	160.0
1610827353.86	160000	14.007964	0.0	66935122	482	0.0
1610827354.06	160000	14.804631	0.0	15251076	107	160.0
1610827354.3	160000	15.564449	0.0	16574034	132	160.0
1610827354.89	320000	15.971995	0.0	34846600	388	160.0
1610827355.45	320000	16.416531	0.0	33828007	357	320.0
1610827355.93	320000	16.934216	0.0	30396599	311	320.0
1610827356.38	320000	17.482037	0.0	30979822	277	320.0
1610827356.76	320000	18.101768	0.0	33204608	190	320.0
1610827357.04	320000	18.8302	0.0	23618590	135	320.0
1610827357.36	320000	19.504886	0.0	27475995	164	320.0
1610827357.7	320000	20.172998	0.0	26460007	180	320.0
1610827358.03	320000	20.841777	0.0	26763657	180	320.0
1610827358.6	320000	21.274522	0.0	33826873	370	320.0
1610827359.48	320000	21.397079	0.0	41214174	644	320.0
1610827360.61	320000	21.259003	0.0	83204731	676	320.0
1610827362.4	320000	20.475375	0.0	75539257	1322	320.0
1610827362.63	320000	21.254874	0.0	16577177	119	320.0
1610827363.15	320000	21.78541	0.0	39814357	272	320.0
1610827363.84	320000	22.22561	0.0	50277186	390	320.0
1610827364.43	320000	22.662882	0.0	43375920	343	320.0
1610827364.97	320000	23.125946	0.0	39748690	301	320.0
1610827365.41	320000	23.683641	0.0	32725949	248	320.0
1610827365.71	320000	24.391523	0.0	15673611	200	320.0
1610827366.11	320000	24.990947	0.0	20850595	256	320.0
1610827368.68	320000	24.008228	0.0	16458609	2470	320.0
1610827369.74	320000	23.942292	0.0	8700077	1002	320.0
1610827370.31	320000	24.380674	0.0	8292135	508	320.0
1610827370.67	320000	25.044155	0.0	22212109	219	320.0
1610827371.12	320000	25.593428	0.0	27931458	278	320.0
1610827371.69	320000	26.026581	0.0	28076035	395	320.0
1610827373.48	320000	25.237238	0.0	34615012	1586	320.0
1610827375.56	320000	24.159282	0.0	31574841	1889	320.0
1610827376.07	320000	24.651079	0.0	28857310	322	320.0
1610827376.78	320000	24.94744	0.0	30799251	529	320.0
1610827378.65	320000	24.073184	0.0	29900862	1693	320.0
1610827380.4	320000	23.320966	0.0	32431711	1568	320.0
1610827380.87	320000	23.853903	0.0	32680833	265	320.0
1610827381.28	320000	24.439216	0.0	30468229	237	320.0
1610827381.74	320000	25.024549	0.0	31594806	247	320.0
1610827382.36	320000	25.481436	0.0	43158259	345	320.0
1610827383.1	320000	25.77591	0.0	53696400	424	320.0
1610827383.78	320000	26.186803	0.0	49804325	398	320.0
1610827384.58	320000	26.390261	0.0	56230532	457	320.0
1610827385.37	320000	26.592806	0.0	54033728	480	320.0
1610827386.07	320000	26.897412	0.0	40265492	448	320.0
1610827386.66	320000	27.304686	0.0	37527577	381	320.0
1610827387.21	320000	27.835623	0.0	38354537	317	320.0
1610827387.76	320000	28.293645	0.0	33905183	341	320.0
1610827388.41	320000	28.682343	0.0	37964644	443	320.0
1610827389.68	320000	28.420924	0.0	91609209	701	320.0
1610827390.12	320000	28.974257	0.0	30861098	277	320.0
1610827391.02	320000	29.078912	0.0	53161890	603	320.0
1610827393.65	320000	27.447508	0.0	49661559	2363	320.0
1610827394.78	320000	27.319726	0.0	27673254	975	320.0
1610827395.34	320000	27.762266	0.0	29061600	395	320.0
1610827403.6	320000	20.498309	0.0	29596558	8088	320.0
1610827404.8	320000	20.299312	0.0	29264466	1029	320.0
1610827405.28	320000	20.826245	0.0	29949400	301	320.0
1610827412.83	320000	14.733798	0.0	30225692	7363	320.0
1610827413.28	160000	15.286572	0.0	13409715	361	0.0
1610827414.76	320000	14.799378	0.0	28959567	1317	160.0
1610827415.01	160000	15.551883	0.0	13301968	163	0.0
1610827415.68	320000	15.887616	0.0	37091406	454	160.0
1610827416.25	320000	16.318584	0.0	32442772	372	320.0
1610827416.93	320000	16.639464	0.0	38733768	453	320.0
1610827417.7	320000	16.869826	0.0	43207501	526	320.0
1610827418.62	320000	17.199807	0.0	39867273	670	320.0
1610827424.16	320000	12.662945	0.0	44687216	5281	320.0
1610827431.12	160000	6.701865	0.0	19324333	6828	0.0
1610827431.75	80000	7.076791	0.0	10113016	557	0.0
1610827431.88	80000	7.947267	0.0	3986512	89	80.0
1610827432.21	110000	8.620825	0.0	12114555	251	80.0
1610827432.45	110000	9.383078	0.0	8739355	181	110.0
1610827432.86	160000	9.969417	0.0	10779770	346	110.0
1610827433.77	160000	10.066457	0.0	14606687	806	160.0
1610827434.29	160000	10.547687	0.0	41866951	291	160.0
1610827434.74	160000	11.091476	0.0	37238410	254	160.0
1610827434.91	160000	11.928014	0.0	14347759	82	160.0
1610827435.04	160000	12.792887	0.0	11399187	65	160.0
1610827435.18	160000	13.660231	0.0	10358641	62	160.0
1610827435.35	160000	14.491145	0.0	14315696	88	160.0
1610827435.61	160000	15.225176	0.0	23283631	134	160.0
1610827436.46	320000	15.504384	0.0	65057331	470	160.0
1610827436.99	320000	15.976339	0.0	41329817	273	320.0
1610827437.31	320000	16.653613	0.0	30837965	155	320.0
1610827437.67	320000	17.294311	0.0	33542198	169	320.0
1610827438.16	320000	17.810762	0.0	43188629	227	320.0
1610827438.58	320000	18.392838	0.0	38404993	197	320.0
1610827439.16	320000	18.80665	0.0	50554338	311	320.0
1610827439.83	320000	19.142744	0.0	52531967	357	320.0
1610827440.45	320000	19.525116	0.0	54618297	317	320.0
1610827441.11	320000	19.86354	0.0	54267260	338	320.0
1610827441.73	320000	20.246663	0.0	46984925	357	320.0
1610827442.61	320000	20.364297	0.0	52441959	563	320.0
1610827443.4	320000	20.571694	0.0	56222410	507	320.0
1610827443.97	320000	21.005219	0.0	37045146	336	320.0
1610827444.51	320000	21.464135	0.0	31316241	366	320.0
1610827445.36	320000	21.62192	0.0	54539886	536	320.0
1610827446.12	320000	21.854032	0.0	54290338	467	320.0
1610827446.79	320000	22.192505	0.0	50306079	375	320.0
1610827479.2	320000	1.44564	8.783	39311524	32187	-2490.56
1610827479.29	40000	2.358515	0.0	6033322	42	-240.0
1610827479.35	40000	3.293197	0.0	4507990	32	40.0
1610827479.44	40000	4.203164	0.0	6371885	45	40.0
1610827479.54	40000	5.111221	0.0	6582726	46	40.0
1610827479.59	40000	6.059916	0.0	3090648	21	40.0
1610827479.68	60000	6.967465	0.0	5898498	43	40.0
1610827479.79	80000	7.855294	0.0	7882490	57	60.0
1610827479.96	110000	8.693381	0.0	12016215	85	80.0
1610827480.15	110000	9.503114	0.0	15214650	101	110.0
1610827480.36	160000	10.296309	0.0	16001583	104	110.0
1610827480.6	160000	11.054197	0.0	18238584	120	160.0
1610827480.86	160000	11.791451	0.0	21308824	139	160.0
1610827481.1	160000	12.558598	0.0	17749058	131	160.0
1610827481.3	160000	13.358616	0.0	14127787	120	160.0
1610827481.55	160000	14.104676	0.0	17525699	149	160.0
1610827481.77	160000	14.894645	0.0	14240042	121	160.0
1610827482.07	160000	15.590038	0.0	20324139	176	160.0
1610827482.84	320000	15.82786	0.0	43161948	500	160.0
1610827483.33	320000	16.327434	0.0	39216469	275	320.0
1610827483.72	320000	16.945718	0.0	32708889	191	320.0
1610827483.91	320000	17.753404	0.0	16257756	94	320.0
1610827484.11	320000	18.552848	0.0	16440860	99	320.0
1610827484.27	320000	19.40049	0.0	12523766	77	320.0
1610827484.54	320000	20.131439	0.0	22159647	139	320.0
1610827484.76	320000	20.912109	0.0	17516376	108	320.0
1610827484.83	320000	21.841437	0.0	5119060	32	320.0
1610827484.88	320000	22.78734	0.0	3788776	23	320.0
1610827484.93	320000	23.741971	0.0	3041389	18	320.0
1610827484.95	320000	24.72354	0.0	640071	3	320.0
1610827485.0	320000	25.671721	0.0	3111318	24	320.0
1610827485.44	60000	1.000999	0.014	337339	2	-4.480000000000004
1610827485.71	40000	2.001999	0.0	14648397	117	20.0
1610827485.99	40000	2.734682	0.0	17616813	140	40.0
1610827486.15	40000	3.579395	0.0	8581118	96	40.0
1610827486.23	40000	4.491495	0.0	4726840	53	40.0
1610827486.3	40000	5.423982	0.0	3421740	38	40.0
1610827486.35	40000	6.380134	0.0	1987360	22	40.0
1610827486.43	60000	7.299874	0.0	3830488	43	40.0
1610827487.04	80000	7.688982	0.0	29583867	330	60.0
1610827487.46	110000	8.347545	0.0	28884539	242	80.0
1610827487.84	110000	8.974271	0.0	26873304	225	110.0
1610827488.33	110000	9.532588	0.0	33588177	301	110.0
1610827489.22	160000	9.6915	0.0	50637608	483	110.0
1610827489.58	160000	10.331206	0.0	19559369	241	160.0
1610827489.99	160000	10.929125	0.0	22224402	275	160.0
1610827490.52	160000	11.397551	0.0	22578365	401	160.0
1610827490.72	160000	12.19507	0.0	8346702	146	160.0
1610827491.09	160000	12.832114	0.0	15775481	272	160.0
1610827491.23	160000	13.685393	0.0	9163235	90	160.0
1610827491.87	160000	14.050496	0.0	41307095	409	160.0
1610827492.52	160000	14.403356	0.0	28763893	483	160.0
1610827493.11	160000	14.808853	0.0	21266416	474	160.0
1610827500.92	160000	8.008873	0.0	23702229	7645	160.0
1610827502.77	110000	7.15405	0.0	19316039	1734	60.0
1610827503.66	80000	7.267456	0.0	10513690	822	50.0
1610827504.16	80000	7.7703	0.0	8329186	443	80.0
1610827504.83	110000	8.105882	0.0	44076779	424	80.0
1610827505.49	110000	8.433632	0.0	49215857	398	110.0
1610827505.63	110000	9.304428	0.0	10019282	63	110.0
