1607416023.53	40000	1.000999	0.045	334476	1	-7.200000000000003
1607416023.88	160000	1.955259	0.0	14912671	93	40.0
1607416024.29	160000	2.641986	0.0	24265636	150	160.0
1607416024.63	160000	3.307587	0.0	22711544	132	160.0
1607416024.92	160000	4.012785	0.0	19639705	114	160.0
1607416025.23	160000	4.701891	0.0	20946809	122	160.0
1607416025.45	160000	5.520672	0.0	11895609	57	160.0
1607416025.6	160000	6.367059	0.0	7597636	38	160.0
1607416026.44	160000	6.59414	0.0	56067905	279	160.0
1607416026.97	160000	7.091624	0.0	45444680	221	160.0
1607416027.59	160000	7.503477	0.0	54798068	267	160.0
1607416028.44	160000	7.725524	0.0	69464107	327	160.0
1607416029.03	160000	8.135804	0.0	50637608	239	160.0
1607416029.31	160000	8.857151	0.0	19559369	94	160.0
1607416029.62	160000	9.547443	0.0	22224402	116	160.0
1607416029.95	160000	10.23242	0.0	22578365	118	160.0
1607416030.11	160000	11.059359	0.0	8346702	43	160.0
1607416030.36	160000	11.813905	0.0	15775481	84	160.0
1607416030.54	160000	12.635355	0.0	9163235	55	160.0
1607416031.08	160000	13.094609	0.0	41307095	249	160.0
1607416031.5	160000	13.676247	0.0	28763893	174	160.0
1607416031.79	160000	14.388061	0.0	21266416	100	160.0
1607416032.12	160000	15.05533	0.0	23702229	111	160.0
1607416032.47	160000	15.70502	0.0	27580394	129	160.0
1607416032.78	160000	16.398638	0.0	20329780	106	160.0
1607416033.02	160000	17.153531	0.0	16109183	83	160.0
1607416033.73	160000	17.444819	0.0	58830800	307	160.0
1607416034.52	160000	17.656212	0.0	66935122	364	160.0
1607416034.77	160000	18.406859	0.0	15251076	96	160.0
1607416035.04	160000	19.138348	0.0	16574034	100	160.0
1607416035.27	160000	19.917768	0.0	13009028	79	160.0
1607416035.5	160000	20.686189	0.0	12791674	81	160.0
1607416035.7	160000	21.480686	0.0	11137898	71	160.0
1607416035.92	160000	22.298081	0.0	11485310	70	160.0
1607416036.14	160000	23.106113	0.0	12428518	79	160.0
1607416036.33	160000	23.93571	0.0	9963766	63	160.0
1607416036.54	160000	24.72989	0.0	12189364	68	160.0
1607416036.72	160000	25.544127	0.0	10142396	57	160.0
1607416036.91	160000	26.360248	0.0	10185488	56	160.0
1607416037.13	160000	27.136275	0.0	14061455	78	160.0
1607416037.43	160000	27.844901	0.0	20074099	111	160.0
1607416038.01	160000	28.260286	0.0	46115254	266	160.0
1607416038.55	160000	28.727737	0.0	40906522	231	160.0
1607416038.72	160000	29.557713	0.0	7891151	48	160.0
1607416039.03	160000	30.24394	0.0	21012466	129	160.0
1607416039.38	160000	30.898833	0.0	23519424	145	160.0
1607416039.67	160000	31.604709	0.0	18715420	119	160.0
1607416039.95	160000	32.326898	0.0	17000816	107	160.0
1607416040.2	160000	33.083669	0.0	14448126	92	160.0
1607416040.36	160000	33.919549	0.0	6958676	44	160.0
1607416040.54	160000	34.741393	0.0	9088791	57	160.0
1607416040.7	160000	35.585392	0.0	7211881	46	160.0
1607416040.81	160000	36.476077	0.0	3063586	19	160.0
1607416040.91	160000	37.371018	0.0	2782179	18	160.0
1607416041.11	160000	38.184828	0.0	9958410	63	160.0
1607416041.32	160000	38.968813	0.0	12158708	72	160.0
1607416041.53	160000	39.757521	0.0	12300216	72	160.0
1607416041.78	160000	40.509498	0.0	15815684	89	160.0
1607416042.0	160000	41.286369	0.0	13526256	78	160.0
1607416042.21	160000	42.083922	0.0	11995130	69	160.0
1607416042.42	160000	42.86969	0.0	13394791	76	160.0
1607416042.67	160000	43.622836	0.0	14135828	102	160.0
1607416042.93	160000	44.361463	0.0	15366126	113	160.0
1607416043.18	160000	45.114633	0.0	14248439	102	160.0
1607416043.43	160000	45.87021	0.0	13843717	100	160.0
1607416043.75	160000	46.549828	0.0	14665119	160	160.0
1607416044.17	160000	47.127883	0.0	21079187	231	160.0
1607416045.46	160000	46.844643	0.0	25480074	1070	160.0
1607416046.48	160000	46.820441	0.0	23021754	819	160.0
1607416049.85	160000	44.447634	0.0	27527834	3142	160.0
1607416052.61	160000	42.687613	0.0	26155848	2538	160.0
1607416054.02	160000	42.28771	0.0	17849379	1227	160.0
1607416054.78	160000	42.525247	0.0	16546531	592	160.0
1607416055.29	160000	43.019011	0.0	17718949	331	160.0
1607416055.77	160000	43.543929	0.0	17337137	304	160.0
1607416056.28	160000	44.027487	0.0	20008245	335	160.0
1607416057.54	160000	43.769711	0.0	58430914	882	160.0
1607416058.05	160000	44.259275	0.0	16292703	336	160.0
1607416058.74	160000	44.565601	0.0	25587422	487	160.0
1607416059.31	160000	45.001714	0.0	23982306	360	160.0
1607416059.65	160000	45.666134	0.0	13347845	193	160.0
1607416059.99	160000	46.323464	0.0	14337991	196	160.0
1607416060.34	160000	46.975358	0.0	14584990	196	160.0
1607416060.68	160000	47.636141	0.0	13962401	196	160.0
1607416061.04	160000	48.275433	0.0	14393788	207	160.0
1607416061.4	160000	48.914473	0.0	14649457	212	160.0
1607416061.72	160000	49.603307	0.0	13409715	171	160.0
1607416062.03	160000	50.290758	0.0	13909605	167	160.0
1607416062.33	160000	50.989276	0.0	13301968	158	160.0
1607416062.74	160000	51.577149	0.0	19025846	230	160.0
1607416063.16	160000	52.166438	0.0	19295426	235	160.0
1607416063.56	160000	52.764695	0.0	18261873	222	160.0
1607416063.95	160000	53.369831	0.0	19847604	209	160.0
1607416064.33	160000	53.996132	0.0	18767181	198	160.0
1607416064.76	160000	54.566586	0.0	22420858	232	160.0
1607416065.12	160000	55.202334	0.0	19324333	179	160.0
1607416065.5	160000	55.827854	0.0	20392234	189	160.0
1607416065.67	160000	56.657859	0.0	7671072	55	160.0
1607416065.97	160000	57.362201	0.0	17781906	127	160.0
1607416066.21	160000	58.122483	0.0	12839336	89	160.0
1607416066.42	160000	58.915124	0.0	10779770	77	160.0
1607416066.67	160000	59.659213	0.0	14606687	107	160.0
1607416067.82	160000	59.612517	0.0	41866951	336	160.0
1607416068.36	160000	59.978673	0.0	37238410	249	160.0
1607416069.6	160000	59.864514	0.0	14347759	96	160.0
1607416070.82	160000	59.615457	0.0	11399187	77	160.0
1607416071.52	160000	59.866477	0.0	10358641	61	160.0
1607416072.75	160000	59.617535	0.0	14315696	87	160.0
1607416073.59	160000	59.868531	0.0	23283631	139	160.0
1607416074.75	160000	59.619528	0.0	37521367	358	160.0
1607416075.44	160000	59.900165	0.0	22241104	502	160.0
1607416076.54	160000	59.799019	0.0	15813346	942	160.0
1607416077.49	160000	59.872569	0.0	17116450	281	160.0
1607416078.87	160000	59.623563	0.0	18867054	210	160.0
1607416079.7	160000	59.874522	0.0	17393609	161	160.0
1607416080.59	160000	59.875557	0.0	24759401	185	160.0
1607416081.49	160000	59.876494	0.0	25782433	192	160.0
1607416082.92	160000	59.627492	0.0	25885372	206	160.0
1607416083.84	160000	59.628483	0.0	26242011	196	160.0
1607416084.74	160000	59.629464	0.0	23865378	169	160.0
1607416085.63	160000	59.880519	0.0	25470681	182	160.0
1607416086.59	160000	59.881457	0.0	27258768	213	160.0
1607416087.91	160000	59.632477	0.0	17853711	147	160.0
1607416088.7	160000	59.855268	0.0	14829893	133	160.0
1607416089.68	160000	59.88448	0.0	27779697	245	160.0
1607416090.64	160000	59.885526	0.0	27714923	242	160.0
1607416091.56	160000	59.886481	0.0	25946474	200	160.0
1607416092.89	160000	59.637508	0.0	19596259	151	160.0
1607416093.81	160000	59.638461	0.0	23774167	222	160.0
1607416094.59	160000	59.88945	0.0	19373656	95	160.0
1607416095.92	160000	59.640528	0.0	23977420	126	160.0
1607416096.8	160000	59.641572	0.0	24493733	167	160.0
1607416097.56	160000	59.892497	0.0	14528511	113	160.0
1607416098.85	160000	59.64355	0.0	16841176	132	160.0
1607416100.21	160000	59.154906	0.0	16743604	1190	160.0
1607416101.04	160000	59.331702	0.0	17975224	651	160.0
1607416101.53	160000	59.834408	0.0	22329548	305	160.0
1607416102.9	160000	59.64749	0.0	16001583	202	160.0
1607416103.85	160000	59.648504	0.0	18238584	283	160.0
1607416104.85	160000	59.649498	0.0	21308824	309	160.0
1607416105.71	160000	59.900444	0.0	17749058	189	160.0
1607416106.54	160000	59.901488	0.0	14127787	179	160.0
1607416107.94	160000	59.652447	0.0	17525699	229	160.0
1607416108.4	160000	59.97086	0.0	14240042	316	160.0
1607416109.49	160000	59.904505	0.0	20324139	404	160.0
1607416110.94	160000	59.655461	0.0	21993033	255	160.0
1607416111.87	160000	59.656437	0.0	18863108	241	160.0
1607416112.71	160000	59.907495	0.0	15964734	173	160.0
1607416113.92	160000	59.658456	0.0	8284939	90	160.0
1607416114.62	160000	59.909476	0.0	9004706	88	160.0
1607416115.81	160000	59.660454	0.0	6955279	67	160.0
1607416116.56	160000	59.911435	0.0	10701639	120	160.0
1607416117.79	160000	59.662503	0.0	9459459	104	160.0
1607416118.92	160000	59.663475	0.0	3212828	39	160.0
1607416119.53	160000	59.914482	0.0	2509989	26	160.0
1607416120.62	160000	59.915484	0.0	2004927	20	160.0
1607416121.68	160000	59.916491	0.0	591360	6	160.0
1607416123.25	160000	59.601258	0.0	2394426	24	160.0
1607416123.56	40000	1.000999	0.027	336477	7	-4.32
1607416124.1	160000	1.828215	0.0	14912671	306	40.0
1607416124.72	160000	2.21524	0.0	24265636	324	160.0
1607416125.21	160000	2.720794	0.0	22711544	293	160.0
1607416125.65	160000	3.31929	0.0	19639705	247	160.0
1607416126.13	160000	3.868262	0.0	20946809	276	160.0
1607416126.46	160000	4.540701	0.0	11895609	187	160.0
1607416126.7	160000	5.328502	0.0	7597636	119	160.0
1607416128.51	160000	4.597437	0.0	56067905	1240	160.0
1607416129.39	160000	4.717764	0.0	45444680	566	160.0
1607416130.48	160000	4.632369	0.0	54798068	718	160.0
1607416131.84	160000	4.266206	0.0	69464107	826	160.0
1607416132.77	160000	4.336885	0.0	50637608	574	160.0
1607416133.19	160000	4.92757	0.0	19559369	225	160.0
1607416133.64	160000	5.477721	0.0	22224402	256	160.0
1607416134.1	160000	6.01781	0.0	22578365	262	160.0
1607416134.31	160000	6.806753	0.0	8346702	91	160.0
1607416134.65	160000	7.46807	0.0	15775481	172	160.0
1607416134.87	160000	8.242869	0.0	9163235	100	160.0
1607416135.63	160000	8.485581	0.0	41307095	451	160.0
1607416136.2	160000	8.948495	0.0	28763893	317	160.0
1607416136.65	160000	9.504649	0.0	21266416	254	160.0
1607416137.15	160000	10.000992	0.0	23702229	283	160.0
1607416137.69	160000	10.457954	0.0	27580394	326	160.0
1607416138.13	160000	11.022238	0.0	20329780	240	160.0
1607416138.45	160000	11.700024	0.0	16109183	164	160.0
1607416139.45	160000	11.704633	0.0	58830800	595	160.0
1607416140.51	160000	11.645983	0.0	66935122	644	160.0
1607416140.79	160000	12.364681	0.0	15251076	130	160.0
1607416141.1	160000	13.061079	0.0	16574034	141	160.0
1607416141.38	160000	13.783055	0.0	13009028	132	160.0
