1607468018.17	40000	1.000999	0.014	334476	3	-2.240000000000002
1607468018.5	160000	1.977426	0.0	14912671	149	40.0
1607468018.94	160000	2.641185	0.0	24265636	237	160.0
1607468019.3	160000	3.276329	0.0	22711544	222	160.0
1607468019.65	160000	3.935567	0.0	19639705	218	160.0
1607468020.0	160000	4.581603	0.0	20946809	233	160.0
1607468020.22	160000	5.40219	0.0	11895609	132	160.0
1607468020.37	160000	6.249561	0.0	7597636	96	160.0
1607468021.58	160000	6.108682	0.0	56067905	729	160.0
1607468022.5	160000	6.249189	0.0	45444680	642	160.0
1607468023.5	160000	6.269559	0.0	54798068	683	160.0
1607468025.0	160000	5.773104	0.0	69464107	1006	160.0
1607468025.81	160000	5.971524	0.0	50637608	520	160.0
1607468026.08	160000	6.694897	0.0	19559369	147	160.0
1607468026.38	160000	7.390152	0.0	22224402	174	160.0
1607468026.68	160000	8.095293	0.0	22578365	157	160.0
1607468026.79	160000	8.984498	0.0	8346702	58	160.0
1607468027.0	160000	9.773751	0.0	15775481	110	160.0
1607468027.13	160000	10.649745	0.0	9163235	65	160.0
1607468027.74	160000	11.042254	0.0	41307095	359	160.0
1607468028.22	160000	11.55773	0.0	28763893	306	160.0
1607468028.58	160000	12.207556	0.0	21266416	221	160.0
1607468028.98	160000	12.802435	0.0	23702229	243	160.0
1607468029.43	160000	13.356933	0.0	27580394	284	160.0
1607468029.68	160000	14.105034	0.0	20329780	117	160.0
1607468029.87	160000	14.912811	0.0	16109183	92	160.0
1607468030.58	160000	15.238958	0.0	58830800	337	160.0
1607468031.4	160000	15.439282	0.0	66935122	455	160.0
1607468031.77	160000	16.073289	0.0	15251076	263	160.0
1607468032.16	160000	16.681883	0.0	16574034	291	160.0
1607468032.44	160000	17.40713	0.0	13009028	183	160.0
1607468032.62	160000	18.2274	0.0	12791674	104	160.0
1607468032.78	160000	19.069282	0.0	11137898	91	160.0
1607468032.94	160000	19.906489	0.0	11485310	93	160.0
1607468033.12	160000	20.732929	0.0	12428518	102	160.0
1607468033.26	160000	21.591857	0.0	9963766	81	160.0
1607468033.95	160000	21.900442	0.0	12189364	619	160.0
1607468034.45	160000	22.400923	0.0	10142396	438	160.0
1607468034.63	160000	23.228722	0.0	10185488	109	160.0
1607468034.86	160000	23.997596	0.0	14061455	151	160.0
1607468035.19	160000	24.661411	0.0	20074099	221	160.0
1607468035.83	160000	25.029928	0.0	46115254	364	160.0
1607468036.35	160000	25.510314	0.0	40906522	280	160.0
1607468036.46	160000	26.398386	0.0	7891151	62	160.0
1607468036.75	160000	27.114615	0.0	21012466	166	160.0
1607468037.07	160000	27.794523	0.0	23519424	186	160.0
1607468037.33	160000	28.535501	0.0	18715420	148	160.0
1607468037.56	160000	29.300038	0.0	17000816	127	160.0
1607468037.76	160000	30.103983	0.0	14448126	108	160.0
1607468037.86	160000	31.00619	0.0	6958676	52	160.0
1607468037.98	160000	31.883296	0.0	9088791	68	160.0
1607468038.09	160000	32.778076	0.0	7211881	52	160.0
1607468038.14	160000	33.730114	0.0	3063586	23	160.0
1607468038.18	160000	34.685573	0.0	2782179	21	160.0
1607468038.32	160000	35.550931	0.0	9958410	75	160.0
1607468038.54	160000	36.331274	0.0	12158708	138	160.0
1607468038.78	160000	37.101205	0.0	12300216	157	160.0
1607468039.07	160000	37.799098	0.0	15815684	202	160.0
1607468039.32	160000	38.549463	0.0	13526256	173	160.0
1607468039.35	20000	39.519849	0.0	887933	11	-120.0
1607468039.87	20000	40.004991	0.0	1153403	499	20.0
1607468040.4	20000	40.478214	0.0	1249023	511	20.0
1607468040.74	20000	41.142367	0.0	1423973	318	20.0
1607468040.99	20000	41.891175	0.0	1060162	236	20.0
1607468041.25	20000	42.633161	0.0	1080597	243	20.0
1607468042.43	60000	42.449983	0.0	4586890	1145	20.0
1607468043.58	160000	42.303698	0.0	21079187	1011	60.0
1607468043.98	160000	42.902526	0.0	25480074	251	160.0
1607468044.34	160000	43.54835	0.0	23021754	227	160.0
1607468044.93	160000	43.954937	0.0	27527834	438	160.0
1607468045.54	160000	44.344613	0.0	26155848	449	160.0
1607468046.76	60000	44.129221	0.0	6050499	1171	-40.0
1607468047.58	110000	44.304583	0.0	10916331	758	60.0
1607468048.6	160000	44.287681	0.0	17718949	912	110.0
1607468048.9	160000	44.992654	0.0	17337137	192	160.0
1607468049.24	160000	45.652503	0.0	20008245	222	160.0
1607468051.7	160000	44.195636	0.0	58430914	2138	160.0
1607468052.33	160000	44.564426	0.0	16292703	531	160.0
1607468053.65	160000	44.24857	0.0	25587422	1173	160.0
1607468053.97	160000	44.927548	0.0	23982306	186	160.0
1607468054.15	160000	45.746895	0.0	13347845	103	160.0
1607468054.34	160000	46.554281	0.0	14337991	110	160.0
1607468054.54	160000	47.359083	0.0	14584990	113	160.0
1607468054.73	160000	48.171655	0.0	13962401	110	160.0
1607468054.92	160000	48.976918	0.0	14393788	112	160.0
1607468055.12	160000	49.78129	0.0	14649457	114	160.0
1607468055.3	160000	50.602816	0.0	13409715	104	160.0
1607468055.49	160000	51.416009	0.0	13909605	109	160.0
1607468055.67	160000	52.236256	0.0	13301968	105	160.0
1607468055.94	160000	52.969309	0.0	19025846	151	160.0
1607468056.2	160000	53.708866	0.0	19295426	152	160.0
1607468056.45	160000	54.457993	0.0	18261873	144	160.0
1607468056.73	160000	55.180294	0.0	19847604	161	160.0
1607468056.99	160000	55.919465	0.0	18767181	153	160.0
1607468057.3	160000	56.613025	0.0	22420858	182	160.0
1607468057.58	160000	57.333075	0.0	19324333	155	160.0
1607468057.88	160000	58.033634	0.0	20392234	182	160.0
1607468058.0	160000	58.915067	0.0	7671072	68	160.0
1607468058.27	160000	59.652064	0.0	17781906	159	160.0
1607468059.47	160000	59.548615	0.0	12839336	115	160.0
1607468060.12	160000	59.799712	0.0	10779770	91	160.0
1607468061.33	160000	59.800669	0.0	14606687	121	160.0
1607468061.94	160000	59.976865	0.0	41866951	370	160.0
1607468063.45	160000	59.55262	0.0	37238410	281	160.0
1607468064.2	160000	59.803721	0.0	14347759	168	160.0
1607468065.31	80000	59.804696	0.0	4651140	63	0.0
1607468066.32	110000	59.805725	0.0	6126549	463	80.0
1607468067.29	160000	59.632524	0.0	14315696	881	110.0
1607468067.93	160000	59.994544	0.0	23283631	506	160.0
1607468069.18	160000	59.808665	0.0	37521367	511	160.0
1607468074.65	20000	55.272925	0.0	3278424	5438	-120.0
1607468075.62	80000	55.303082	0.0	8326048	915	20.0
1607468076.51	110000	55.418116	0.0	12064050	814	80.0
1607468077.74	160000	55.186444	0.0	18867054	1116	110.0
1607468078.02	160000	55.91534	0.0	17393609	172	160.0
1607468078.41	160000	56.524108	0.0	24759401	253	160.0
1607468078.47	20000	57.464401	0.0	3226650	32	-120.0
1607468078.52	20000	58.415947	0.0	2705936	27	20.0
1607468078.58	20000	59.354289	0.0	2998622	29	20.0
1607468079.28	20000	59.653679	0.0	2928342	675	20.0
1607468086.97	20000	52.969437	0.0	3059979	7652	20.0
1607468088.02	160000	52.916768	0.0	27258768	896	20.0
1607468088.35	160000	53.595072	0.0	17853711	220	160.0
1607468088.62	160000	54.319918	0.0	14829893	181	160.0
1607468089.1	160000	54.839123	0.0	27779697	321	160.0
1607468089.58	160000	55.367788	0.0	27714923	317	160.0
1607468090.04	160000	55.901703	0.0	25946474	310	160.0
1607468090.39	160000	56.553713	0.0	19596259	237	160.0
1607468090.83	160000	57.110754	0.0	23774167	298	160.0
1607468091.28	160000	57.66926	0.0	19373656	330	160.0
1607468091.37	20000	58.575295	0.0	3370605	58	-120.0
1607468091.46	20000	59.489136	0.0	3492243	60	20.0
1607468092.5	20000	59.581729	0.0	1307592	22	20.0
1607468096.07	20000	56.880928	0.0	1881404	3543	20.0
1607468096.65	160000	57.296304	0.0	16743604	487	20.0
1607468097.23	60000	57.725902	0.0	6170363	525	-40.0
1607468097.51	20000	58.440357	0.0	2538877	260	-20.0
1607468097.78	20000	59.177754	0.0	2298557	239	20.0
1607468098.13	20000	59.823974	0.0	2831497	326	20.0
1607468099.53	20000	59.588685	0.0	3200905	370	20.0
1607468121.37	20000	38.58726	0.0	2180586	21809	20.0
1607468142.18	20000	18.79676	0.0	1500505	20791	20.0
1607468143.08	110000	18.901628	0.0	11843441	817	20.0
1607468143.81	110000	19.172023	0.0	9470053	670	110.0
1607468145.13	160000	18.847915	0.0	20324139	1205	110.0
1607468145.42	160000	19.55716	0.0	21993033	160	160.0
1607468145.68	160000	20.304746	0.0	18863108	137	160.0
1607468145.89	160000	21.091877	0.0	15964734	116	160.0
1607468146.0	160000	21.978399	0.0	8284939	60	160.0
1607468146.11	160000	22.870881	0.0	9004706	51	160.0
1607468146.2	160000	23.784286	0.0	6955279	39	160.0
1607468146.33	160000	24.657919	0.0	10701639	61	160.0
1607468146.44	160000	25.546221	0.0	9459459	52	160.0
1607468146.5	160000	26.491666	0.0	3212828	15	160.0
1607468146.54	160000	27.454014	0.0	2509989	14	160.0
1607468146.57	160000	28.422691	0.0	2004927	11	160.0
1607468146.58	160000	29.406095	0.0	591360	3	160.0
1607468146.62	160000	30.80631	0.0	2394426	13	160.0
1607468146.91	40000	1.000999	0.043	337339	2	-6.880000000000003
1607468147.16	160000	2.001999	0.0	14912671	86	40.0
1607468147.6	110000	2.660267	0.0	24132566	204	60.0
1607468147.91	110000	3.350427	0.0	21016487	177	110.0
1607468148.41	110000	3.849611	0.0	17473873	380	110.0
1607468148.81	60000	4.478623	0.0	7325507	342	10.0
1607468149.03	60000	5.297879	0.0	4014386	187	60.0
1607468149.74	60000	5.636013	0.0	3830488	679	60.0
1607468152.61	110000	3.853065	0.0	48103258	2422	60.0
1607468153.19	160000	4.270951	0.0	45444680	319	110.0
1607468153.86	160000	4.607292	0.0	54798068	357	160.0
1607468154.87	160000	4.598435	0.0	69464107	535	160.0
1607468155.68	160000	4.791509	0.0	50637608	513	160.0
1607468156.02	160000	5.450532	0.0	19559369	222	160.0
1607468156.3	160000	6.171211	0.0	22224402	148	160.0
1607468156.56	160000	6.907488	0.0	22578365	130	160.0
1607468156.67	160000	7.801631	0.0	8346702	51	160.0
1607468156.86	160000	8.612791	0.0	15775481	92	160.0
1607468156.97	160000	9.499295	0.0	9163235	52	160.0
1607468157.46	160000	10.013456	0.0	41307095	249	160.0
1607468157.83	160000	10.651069	0.0	28763893	176	160.0
1607468158.09	160000	11.392383	0.0	21266416	131	160.0
1607468158.43	160000	12.046878	0.0	23702229	189	160.0
1607468158.81	160000	12.666517	0.0	27580394	220	160.0
1607468159.12	160000	13.383939	0.0	20329780	161	160.0
1607468159.4	160000	14.139539	0.0	16109183	179	160.0
1607468160.41	160000	14.16315	0.0	58830800	658	160.0
