0 66.0
1 69.0
2 87.0
3 123.0
4 125.0
5 90.0
6 87.0
7 96.0
8 106.0
9 106.0
10 105.0
11 105.0
12 99.0
13 98.0
14 102.0
15 78.0
16 81.0
17 92.0
18 98.0
19 102.0
20 96.0
21 109.0
22 98.0
23 91.0
24 104.0
25 107.0
26 113.0
27 114.0
28 116.0
29 107.0
30 120.0
31 128.0
32 130.0
33 134.0
34 126.0
35 128.0
36 122.0
37 118.0
38 106.0
39 97.0
40 94.0
41 77.0
42 82.0
43 78.0
44 62.0
45 59.0
46 82.0
47 69.0
48 65.0
49 73.0
50 79.0
51 70.0
52 70.0
53 58.0
54 59.0
55 69.0
56 49.0
57 44.0
58 71.0
59 40.0
60 45.0
61 62.0
62 80.0
63 84.0
64 78.0
65 88.0
66 81.0
67 75.0
68 61.0
69 125.0
70 97.0
71 25.0
72 111.0
73 152.0
74 151.0
75 137.0
76 173.0
77 188.0
78 178.0
79 204.0
80 171.0
81 141.0
82 145.0
83 150.0
84 151.0
85 149.0
86 118.0
87 104.0
88 114.0
89 152.0
90 139.0
91 129.0
92 120.0
93 102.0
94 71.0
95 102.0
96 39.0
97 94.0
98 63.0
99 92.0
100 83.0
101 67.0
102 61.0
103 120.0
104 119.0
105 56.0
106 55.0
107 80.0
108 119.0
109 147.0
110 125.0
111 140.0
112 146.0
113 130.0
114 191.0
115 212.0
116 204.0
117 192.0
118 176.0
119 176.0
120 139.0
121 141.0
122 151.5
123 114.5
124 113.5
125 111.5
126 100.0
127 93.0
128 82.0
129 83.0
130 90.0
131 93.5
132 89.0
133 84.5
134 63.0
135 63.0
136 76.0
137 61.5
138 57.5
139 59.0
140 63.5
141 62.0
142 56.0
143 59.5
144 64.5
145 62.5
146 58.0
147 48.0
148 41.5
149 24.5
150 12.0
151 16.5
152 12.5
153 7.5
154 5.5
155 9.0
156 16.5
157 25.0
158 26.0
159 13.0
160 10.0
161 15.0
162 16.0
163 19.5
164 20.0
165 19.5
166 19.5
167 15.5
168 15.0
169 25.0
170 28.5
171 25.5
172 28.5
173 37.5
174 36.0
175 26.0
176 26.0
177 28.5
178 30.5
179 31.5
180 31.0
181 29.0
182 38.5
183 50.5
184 50.5
185 47.5
186 39.0
187 33.5
188 38.5
189 39.0
190 28.0
191 28.0
192 35.0
193 36.5
194 37.0
195 31.0
196 34.0
197 37.5
198 31.0
199 30.0
200 31.5
201 30.0
202 30.0
203 34.0
204 39.5
205 43.0
206 42.0
207 38.5
208 34.0
209 35.5
210 39.5
211 40.0
212 41.5
213 42.0
214 35.5
215 41.0
216 47.5
217 24.0
218 19.0
219 43.0
220 49.0
221 38.5
222 33.0
223 37.0
224 37.0
225 36.0
226 38.5
227 39.0
228 23.5
229 24.5
230 26.0
231 14.5
232 31.0
233 32.5
234 17.0
235 8.0
236 7.0
237 12.0
238 13.5
239 13.0
240 10.0
241 5.0
242 6.0
243 11.0
244 13.5
245 15.5
246 17.0
247 14.5
248 12.0
249 11.5
250 9.5
251 7.0
252 4.5
253 4.0
254 4.5
255 7.5
256 10.5
257 12.0
258 7.5
259 5.5
260 13.5
261 16.5
262 18.5
263 26.5
264 32.0
265 34.5
266 35.0
267 33.0
268 34.5
269 36.5
270 38.5
271 41.0
272 40.5
273 44.0
274 46.0
275 45.0
276 42.0
277 49.5
278 45.5
279 44.0
280 48.0
281 36.0
282 37.5
283 40.0
284 35.0
285 27.5
286 29.0
287 32.0
288 30.0
289 30.5
290 32.5
291 30.0
292 27.5
293 28.0
294 21.0
295 14.5
296 20.0
297 25.0
298 22.0
299 19.5
300 17.0
301 17.5
302 16.0
303 17.0
304 19.5
305 20.0
306 23.5
307 25.0
308 21.5
309 12.0
310 7.5
311 12.5
312 13.5
313 7.0
314 5.0
315 7.5
316 7.5
317 6.5
318 6.5
319 6.0
320 6.0
321 6.0
322 6.0
323 6.5
324 5.0
325 5.5
326 6.5
327 4.0
328 5.0
329 6.0
330 5.5
331 6.0
332 5.5
333 5.5
334 6.0
335 6.5
336 7.0
337 8.0
338 9.0
339 6.5
340 8.0
341 11.5
342 9.5
343 7.0
344 8.5
345 9.5
346 7.5
347 9.0
348 9.5
349 8.0
350 7.5
351 5.5
352 4.5
353 7.5
354 9.0
355 9.0
356 10.0
357 10.5
358 8.5
359 5.5
360 5.5
361 7.5
362 8.0
363 9.0
364 10.5
365 9.0
366 10.0
367 10.5
368 10.5
369 12.5
370 13.0
371 10.5
372 12.0
373 15.0
374 13.5
375 11.5
376 13.0
377 14.5
378 12.5
379 8.5
380 10.0
381 13.0
382 11.0
383 12.0
384 12.5
385 13.5
386 15.0
387 14.0
388 11.0
389 9.5
390 11.0
391 14.0
392 15.0
393 10.5
394 6.0
395 7.0
396 7.0
397 6.5
398 8.5
399 8.5
400 7.0
401 7.0
402 5.5
403 5.0
404 6.5
405 6.5
406 8.5
407 9.0
408 8.0
409 6.5
410 6.0
411 8.0
412 9.5
413 8.5
414 9.5
415 14.5
416 16.0
417 19.0
418 21.5
419 17.0
420 15.0
421 16.5
422 22.5
423 30.0
424 36.0
425 39.5
426 33.0
427 29.5
428 31.5
429 32.0
430 24.5
431 17.0
432 31.5
433 33.0
434 16.0
435 23.5
436 34.0
437 31.5
438 38.5
439 47.0
440 38.5
441 23.0
442 23.5
443 35.5
444 40.0
445 38.5
446 24.5
447 13.5
448 20.0
449 25.5
450 24.0
451 25.5
452 33.0
453 38.0
454 27.5
455 9.5
456 15.5
457 24.5
458 28.0
459 33.0
460 28.0
461 30.5
462 34.5
463 32.0
464 29.0
465 28.5
466 29.5
467 22.0
468 17.0
469 20.5
470 21.0
471 15.5
472 16.5
473 13.0
474 10.5
475 10.0
476 13.5
477 22.5
478 20.0
479 19.5
480 23.0
481 22.0
482 15.5
483 13.5
484 16.0
485 18.0
486 17.0
487 16.0
488 11.0
489 8.5
490 14.0
491 20.0
492 15.0
493 11.0
494 15.0
495 16.0
496 11.5
498 13.0
499 19.0
500 13.0
501 12.0
502 11.0
503 12.0
504 7.0
505 13.0
506 12.0
507 10.0
508 2.0
509 24.0
510 22.0
511 24.0
512 15.0
513 20.0
514 23.0
515 19.0
516 20.0
517 25.0
518 20.0
519 14.0
520 29.0
521 29.0
522 29.0
523 21.0
524 7.0
525 7.0
526 32.0
527 16.0
528 8.0
528 8.0
529 11.0
529 5.5
530 1.5
531 5.5
532 14.0
533 13.5
534 8.5
535 11.0
536 8.0
537 4.0
538 6.0
539 7.5
540 6.5
541 6.0
542 6.5
543 7.0
544 6.5
545 6.5
546 7.0
547 7.5
548 8.0
549 7.5
550 9.5
551 10.5
552 10.5
553 11.0
554 7.5
555 8.0
556 8.0
557 7.0
558 7.5
559 6.5
560 6.0
561 6.0
562 6.5
563 6.5
564 6.0
565 5.0
566 5.0
567 5.5
568 6.0
569 7.0
570 7.5
571 7.5
572 8.0
573 8.0
574 9.0
575 8.0
576 5.5
577 6.0
578 6.0
579 5.0
580 5.0
581 5.0
582 5.5
583 8.0
584 13.0
585 16.0
586 20.5
587 22.0
588 25.5
589 37.0
590 46.5
591 45.0
592 40.0
593 40.0
594 37.0
595 36.5
596 38.0
597 40.0
598 47.5
599 52.0
600 44.5
601 40.5
602 43.0
603 44.0
604 46.0
605 46.0
606 44.0
607 44.0
608 46.0
609 41.5
610 44.0
611 43.5
612 36.0
613 27.5
614 28.5
615 34.5
616 33.5
617 38.5
618 43.5
619 48.0
620 48.5
621 44.5
622 46.5
623 50.5
624 56.5
625 56.5
626 47.0
627 45.0
628 46.5
629 48.0
630 43.5
631 51.5
632 59.0
633 56.5
634 51.0
635 55.5
636 63.0
637 60.5
638 55.5
639 52.0
640 53.5
641 51.5
642 50.5
643 48.5
644 54.0
645 55.0
646 58.0
647 67.0
648 62.0
649 42.5
650 49.0
651 62.5
652 62.0
653 71.5
654 76.0
655 67.0
656 55.5
657 71.0
658 88.0
659 69.5
660 57.0
661 56.0
662 37.0
663 29.5
664 29.0
665 27.0
666 25.5
667 22.0
668 19.5
669 20.5
670 23.5
671 22.5
672 21.0
673 16.0
674 17.0
675 19.0
676 16.0
677 16.5
678 20.0
679 20.5
680 17.0
681 20.0
682 25.5
683 19.5
684 12.5
685 6.5
686 4.0
687 6.0
688 9.5
689 11.0
690 6.5
691 7.0
692 8.0
693 8.5
694 10.5
695 13.0
696 13.0
697 10.5
698 9.5
699 8.5
700 7.0
701 10.5
702 15.0
703 17.5
704 17.0
705 13.5
706 19.5
707 22.5
708 26.0
709 37.5
710 38.5
711 31.0
712 22.0
713 13.5
714 14.0
715 17.5
716 17.0
717 17.5
718 11.5
719 10.0
720 13.0
721 11.0
722 12.5
723 13.0
724 9.0
725 8.5
726 10.0
727 10.0
728 10.5
729 12.0
730 14.5
731 15.5
732 13.5
733 6.5
734 7.5
735 11.0
736 8.5
737 7.0
738 5.0
739 7.0
740 8.5
741 4.5
742 2.5
743 4.5
744 4.5
745 3.0
746 5.0
747 7.0
748 7.5
749 7.0
750 6.0
751 6.5
752 6.5
754 7.0
755 7.0
756 5.0
757 5.0
758 5.0
759 7.0
760 3.0
761 2.0
762 4.0
763 3.0
764 3.0
765 3.0
766 2.0
767 5.0
768 3.0
769 4.0
770 4.0
771 4.0
772 4.0
773 4.0
774 2.0
775 4.0
776 4.0
777 5.0
778 4.0
779 4.0
780 4.0
781 4.0
782 4.0
783 5.0
784 5.0
785 3.0
786 5.0
787 4.0
788 6.0
789 4.0
790 3.0
791 3.0
792 2.0
793 4.0
794 2.0
795 2.0
796 3.0
797 3.0
798 4.0
799 2.0
