0 42.5
1 70.0
2 82.5
3 73.5
4 60.0
5 52.5
6 59.5
7 74.0
8 87.5
9 95.5
10 99.0
11 101.5
12 108.0
13 113.0
14 127.5
15 142.5
16 136.5
17 113.5
18 117.5
19 140.5
20 130.0
21 124.5
22 117.0
23 110.0
24 99.5
25 76.0
26 40.5
27 55.0
28 76.5
29 60.0
30 54.5
31 51.0
32 60.5
33 39.0
34 33.0
35 65.5
36 79.0
37 87.0
38 82.0
39 63.5
40 65.5
41 57.5
42 48.5
43 55.0
44 50.0
45 36.5
46 36.0
47 40.5
48 29.0
50 6.0
51 29.0
52 57.0
53 47.0
54 64.0
55 51.0
56 52.0
57 63.0
58 70.0
59 58.0
60 64.0
61 41.0
62 63.0
63 41.0
64 31.0
65 37.0
66 50.0
67 58.0
68 64.0
69 39.0
70 44.0
71 54.0
72 44.0
73 61.0
74 23.0
75 56.0
76 24.0
77 45.0
78 45.0
79 78.0
80 47.0
81 48.0
82 19.0
83 20.0
84 30.0
85 17.0
86 29.0
87 50.0
88 22.0
89 40.0
90 40.0
91 44.0
92 52.0
93 50.0
94 72.0
95 102.0
96 85.0
97 68.0
98 56.0
99 46.0
100 30.0
101 46.0
102 85.0
103 76.0
104 72.0
105 77.0
106 74.0
107 82.0
108 60.0
109 96.0
110 94.0
111 77.0
112 58.0
113 68.0
114 81.0
115 63.0
116 31.0
117 56.0
118 51.0
119 45.0
120 28.0
121 44.0
122 48.0
123 47.0
124 47.0
125 41.0
126 49.0
127 41.0
128 22.0
129 16.0
130 19.0
131 20.0
132 19.0
133 17.0
134 11.0
135 12.0
136 17.0
137 11.0
138 13.0
139 12.0
140 0.0
141 2.0
142 2.0
143 1.0
144 0.0
145 7.0
146 0.0
147 1.0
148 4.0
149 5.0
150 2.0
151 0.0
152 2.0
153 2.0
154 5.0
155 6.0
156 3.0
157 3.0
158 2.0
159 4.0
160 4.0
161 7.0
162 6.0
163 6.0
164 9.0
165 8.0
166 6.0
167 3.0
168 0.0
169 0.0
170 1.0
171 2.0
172 1.0
173 4.0
174 9.0
175 12.0
176 8.0
177 1.0
178 1.0
179 3.0
180 8.0
181 5.0
182 8.0
183 4.0
184 6.0
185 6.0
186 8.0
187 20.0
188 36.0
189 38.0
190 52.0
191 46.0
192 30.0
193 50.0
194 38.0
195 36.0
196 24.0
197 39.0
198 37.0
199 25.0
200 41.0
201 33.0
202 39.0
203 34.0
204 28.0
205 32.0
206 33.0
207 28.0
208 36.0
209 30.0
210 46.0
211 30.0
212 30.0
213 34.0
214 38.0
215 40.0
216 35.0
217 24.0
218 41.0
219 48.0
220 16.0
221 25.0
222 47.0
223 25.0
224 34.0
225 25.0
226 33.0
227 28.0
228 27.0
229 26.0
230 15.0
231 28.0
232 23.0
233 33.0
234 30.0
235 24.0
236 24.0
237 24.0
238 32.0
239 27.0
240 29.0
241 17.0
242 18.0
243 34.0
244 27.0
245 29.0
246 26.0
247 27.0
248 27.0
249 21.0
250 35.0
251 33.0
252 29.0
253 33.0
254 36.0
255 32.0
256 36.0
257 36.0
258 38.0
259 38.0
260 42.0
261 38.0
262 53.0
263 45.0
264 47.0
265 49.0
266 42.0
267 35.0
268 49.0
269 34.0
270 43.0
271 51.0
272 29.0
273 41.0
274 42.0
275 32.0
276 38.0
277 35.0
278 22.0
279 34.0
280 37.0
281 39.0
282 29.0
283 15.0
284 34.0
285 27.0
286 29.0
287 23.0
288 25.0
289 25.0
290 9.0
291 37.0
292 31.0
293 13.0
294 28.0
295 32.0
296 30.0
297 23.0
298 19.0
299 17.0
300 6.0
301 6.0
302 12.0
303 7.0
304 12.0
305 6.0
306 9.0
307 2.0
308 1.0
309 1.0
310 2.0
311 11.0
312 5.0
313 2.0
314 2.0
315 4.0
316 2.0
317 1.0
318 2.0
319 4.0
320 2.0
321 1.0
322 2.0
323 1.0
324 4.0
325 3.0
326 3.0
327 3.0
328 3.0
329 5.0
330 4.0
331 5.0
332 9.0
333 7.0
334 7.0
335 10.0
336 7.0
337 4.0
338 5.0
339 6.0
340 4.0
341 2.0
342 4.0
343 8.0
344 4.0
345 7.0
346 8.0
347 7.0
348 6.0
349 7.0
350 8.0
351 6.0
352 7.0
353 6.0
354 8.0
355 8.0
356 8.0
357 10.0
358 8.0
359 8.0
360 8.0
361 9.0
362 8.0
363 12.0
364 6.0
365 8.0
366 11.0
367 11.0
368 9.0
369 9.0
370 11.0
371 8.0
372 11.0
373 13.0
374 15.0
375 8.0
376 15.0
377 15.0
378 7.0
379 13.0
380 12.0
381 15.0
382 12.0
383 9.0
384 17.0
385 13.0
386 14.0
387 8.0
388 13.0
389 21.0
390 20.0
391 27.0
392 9.0
393 13.0
394 9.0
395 12.0
396 10.0
397 13.0
398 4.0
399 12.0
400 8.0
401 11.0
402 30.0
403 30.0
404 45.0
405 40.0
406 23.0
407 26.0
408 20.0
409 17.0
410 23.0
411 9.0
412 17.0
413 16.0
414 8.0
415 15.0
416 13.0
417 17.0
418 8.0
419 5.0
420 9.0
421 8.0
422 9.0
423 8.0
424 7.0
425 7.0
426 6.0
427 4.0
428 8.0
429 8.0
430 6.0
431 7.0
432 9.0
433 14.0
434 7.0
435 8.0
436 8.0
437 18.0
438 20.0
439 13.0
440 5.0
441 10.0
442 5.0
443 14.0
444 13.0
445 10.0
446 11.0
447 14.0
448 12.0
449 13.0
450 11.0
451 8.0
452 5.0
453 9.0
454 12.0
455 10.0
456 9.0
457 9.0
458 11.0
459 10.0
460 9.0
461 12.0
462 9.0
463 8.0
464 5.0
465 3.0
466 7.0
467 1.0
468 3.0
469 5.0
470 0.0
471 1.0
472 3.0
473 4.0
474 3.0
475 2.0
476 3.0
477 1.0
478 2.0
479 2.0
480 4.0
481 8.0
482 5.0
483 7.0
484 3.0
485 10.0
486 4.0
487 2.0
488 2.0
489 2.0
490 4.0
491 4.0
492 1.0
493 3.0
494 2.0
495 3.0
496 2.0
497 2.0
498 2.0
499 1.0
500 1.0
501 0.0
502 0.0
503 1.0
504 2.0
505 2.0
506 2.0
507 2.0
508 4.0
509 1.0
510 1.0
511 2.0
512 5.0
513 3.0
514 3.0
515 1.0
516 0.0
517 2.0
518 1.0
519 1.0
520 2.0
521 1.0
522 2.0
523 3.0
524 2.5
525 2.5
526 1.0
527 0.0
528 0.0
529 0.0
530 2.0
531 3.5
532 3.0
533 3.0
534 3.5
535 4.0
536 5.5
537 6.5
538 6.0
539 7.5
540 5.0
541 6.0
542 9.0
543 6.5
544 6.5
545 7.0
546 4.5
547 3.0
548 22.0
549 47.5
550 61.0
551 71.0
552 69.0
553 51.5
554 49.0
555 58.0
556 59.0
557 56.0
558 35.5
559 34.0
560 37.0
561 28.0
562 24.0
563 23.5
564 30.5
565 30.0
566 29.5
567 28.0
568 27.5
569 30.5
570 25.5
571 16.0
572 7.0
573 0.5
574 10.0
575 22.5
576 31.0
577 37.0
578 31.5
579 33.5
580 39.0
581 34.0
582 29.5
583 24.5
584 25.0
585 29.5
586 30.5
587 28.5
588 16.0
589 11.5
590 12.0
591 9.5
592 26.5
593 25.0
594 18.5
595 20.0
596 14.5
597 17.5
598 21.0
599 20.0
600 18.5
601 18.0
602 14.5
603 19.0
604 23.0
605 24.5
606 36.5
607 46.5
608 46.5
609 47.0
610 52.0
611 52.5
612 54.0
613 53.5
614 54.0
615 63.5
616 62.0
617 35.5
618 28.5
619 39.0
620 30.5
621 16.0
622 15.5
623 50.5
624 59.0
625 41.0
626 39.0
627 40.5
628 44.5
629 48.0
630 50.5
631 53.5
632 51.0
633 42.5
634 29.5
635 16.0
636 17.5
637 16.5
638 40.5
639 83.0
640 89.5
641 81.0
642 68.5
643 49.5
644 43.0
645 44.0
646 40.0
647 28.0
648 30.5
649 22.5
650 2.5
651 3.0
652 13.0
653 40.5
654 29.0
655 1.5
656 1.5
657 0.0
658 0.0
659 0.0
660 0.0
661 0.0
662 0.0
663 0.0
664 0.0
665 0.0
666 0.0
667 6.5
668 19.5
669 39.5
670 54.0
671 56.5
672 60.0
673 60.5
674 55.0
675 57.0
676 59.0
677 53.0
678 58.5
679 66.0
680 47.0
681 26.0
682 45.5
683 72.0
684 84.0
685 82.0
686 75.0
687 92.0
688 104.5
689 113.0
690 114.5
691 104.0
692 108.0
693 124.0
694 125.0
695 111.0
696 118.5
697 118.0
698 104.5
699 81.0
700 54.0
701 47.5
702 63.5
703 70.5
704 52.0
705 23.0
706 2.0
707 2.5
708 28.5
709 55.0
710 38.0
711 23.0
712 30.0
713 33.0
714 37.5
715 39.0
716 50.5
717 72.5
718 70.5
719 56.0
720 50.0
721 41.5
722 29.5
723 36.5
724 57.5
725 62.0
726 54.5
727 57.0
728 62.5
729 58.5
730 52.0
731 54.5
732 57.0
733 60.0
734 62.5
735 63.0
736 65.0
737 63.0
738 53.0
739 45.0
740 58.0
741 65.0
742 59.0
743 57.0
744 57.0
745 58.5
746 48.0
747 43.5
748 45.0
749 42.5
750 42.5
751 43.0
752 44.0
753 47.5
754 47.5
755 39.5
756 28.0
757 33.0
758 39.0
759 32.0
760 29.5
761 22.5
762 30.0
763 32.5
764 22.5
765 24.0
766 24.0
767 19.5
768 33.0
769 39.5
770 36.0
771 38.0
772 37.0
773 38.5
774 37.5
775 39.5
776 43.5
777 39.0
778 29.0
779 36.0
780 45.5
781 36.5
782 28.0
783 35.5
784 41.5
785 48.0
786 53.0
787 54.0
788 57.5
789 53.0
790 50.5
791 43.0
792 40.5
793 48.5
794 51.0
795 42.5
796 26.0
797 17.0
798 29.5
799 42.0
