20 62.5
21 73.0
22 84.5
23 79.5
24 91.0
25 73.5
26 79.5
27 96.5
28 84.5
29 77.0
30 87.5
31 95.5
32 86.5
33 83.0
34 66.0
35 69.5
36 91.0
37 115.5
38 124.5
39 93.0
40 87.0
41 92.0
42 54.0
43 43.0
44 76.0
45 97.5
46 95.5
47 75.5
48 56.0
49 44.0
50 52.5
51 70.0
52 80.5
53 87.0
54 83.0
55 72.5
56 57.0
57 61.0
58 78.0
59 69.5
60 69.5
61 73.0
62 76.0
63 77.5
64 59.0
65 63.0
66 59.5
67 44.5
68 56.0
69 80.0
70 103.0
71 143.0
72 167.5
73 153.0
74 155.0
75 162.5
76 152.0
77 140.5
78 145.5
79 122.5
80 90.5
81 93.5
82 70.0
83 74.5
84 113.0
85 116.5
86 115.5
87 111.0
88 71.5
89 48.5
90 68.0
91 68.5
92 64.5
93 79.5
94 88.0
95 77.5
96 88.0
97 101.5
98 97.5
99 98.0
100 106.0
101 119.5
102 124.5
103 111.0
104 95.5
105 102.0
106 113.0
107 85.5
108 36.0
109 7.5
110 0.0
111 6.5
112 13.5
113 15.5
114 18.5
115 15.0
116 18.0
117 22.5
118 21.0
119 21.0
120 27.0
121 40.5
122 44.0
124 34.0
125 28.0
126 30.0
127 42.0
128 48.0
129 51.0
130 40.0
131 11.0
132 37.0
133 40.0
134 10.0
135 19.0
136 34.0
137 19.0
138 23.0
139 25.0
140 20.0
141 42.0
142 44.0
143 35.0
144 42.0
145 62.0
146 80.0
147 95.0
148 81.0
149 54.0
150 40.0
151 78.0
152 32.0
153 19.0
154 2.0
155 13.0
156 90.0
157 37.0
158 48.0
159 51.0
160 30.0
161 48.0
162 34.0
163 51.0
164 52.0
165 52.0
166 38.0
167 36.0
168 44.0
169 36.0
170 22.0
171 28.0
172 29.0
173 30.0
174 34.0
175 31.0
176 26.0
177 15.0
178 41.0
179 45.0
180 42.0
181 30.0
182 47.0
183 47.0
184 32.0
185 32.0
186 41.0
187 25.0
188 18.0
189 15.0
190 16.0
191 10.0
192 27.0
193 17.0
194 18.0
195 11.0
196 28.0
197 33.0
198 21.0
199 19.0
200 16.0
201 18.0
202 19.0
203 36.0
204 23.0
205 19.0
206 15.0
207 13.0
208 26.0
209 22.0
210 11.0
211 25.0
212 11.0
213 18.0
214 10.0
215 22.0
216 21.0
217 24.0
218 31.0
219 33.0
220 18.0
221 11.0
222 16.0
223 15.0
224 16.0
225 7.0
226 15.0
227 17.0
228 14.0
229 14.0
230 12.0
231 3.0
232 7.0
233 9.0
234 10.0
235 8.0
236 9.0
237 9.0
238 6.0
239 8.0
240 9.0
241 7.0
242 1.0
243 4.0
244 5.0
245 10.0
246 7.0
247 9.0
248 9.0
249 10.0
250 6.0
251 4.0
252 7.0
253 5.0
254 1.0
255 3.0
256 5.0
257 4.0
258 8.0
259 7.0
260 5.0
261 7.0
262 7.0
263 2.0
264 4.0
265 8.0
266 4.0
267 6.0
268 11.0
269 13.0
270 6.0
271 10.0
272 9.0
273 12.0
274 5.0
275 6.0
276 15.0
277 11.0
278 8.0
279 16.0
280 14.0
281 7.0
282 8.0
283 16.0
284 11.0
285 5.0
286 4.0
287 7.0
288 8.0
289 6.0
290 11.0
291 18.0
292 22.0
293 23.0
294 17.0
295 11.0
296 22.0
297 24.0
298 26.0
299 25.0
300 34.0
301 40.0
302 43.0
303 39.0
304 40.0
305 40.0
306 26.0
307 12.0
308 8.0
309 3.0
310 11.0
311 26.0
312 25.0
313 15.0
314 26.0
315 25.0
316 10.0
317 25.0
318 31.0
319 27.0
320 25.0
321 26.0
322 29.0
323 31.0
324 35.0
325 30.0
326 33.0
327 12.0
328 8.0
329 39.0
330 17.0
331 26.0
332 24.0
333 33.0
334 31.0
335 33.0
336 33.0
337 35.0
338 41.0
339 32.0
340 36.0
341 29.0
342 42.0
343 23.0
344 26.0
345 26.0
346 22.0
347 22.0
348 8.0
349 8.0
350 14.0
351 18.0
352 38.0
353 30.0
354 21.0
355 16.0
356 15.0
357 20.0
358 27.0
359 25.0
360 33.0
361 40.0
362 35.0
363 26.0
364 18.0
365 31.0
366 33.0
367 29.0
368 31.0
369 19.0
370 29.0
371 23.0
372 22.0
373 32.0
374 42.0
375 38.0
376 32.0
377 38.0
378 47.0
379 43.0
380 33.0
381 62.0
382 46.0
383 22.0
384 50.0
385 20.0
386 42.0
387 48.0
388 47.0
389 18.0
390 23.0
391 22.0
392 21.0
393 20.0
394 19.0
395 14.5
396 15.5
397 16.5
398 13.0
399 10.5
400 13.0
401 15.5
402 14.0
403 11.0
404 11.0
405 13.5
406 8.0
407 7.0
408 11.0
409 10.0
410 8.5
411 7.5
412 9.0
413 10.0
414 11.0
415 9.0
416 7.0
417 10.0
418 9.5
419 8.0
420 8.5
421 7.0
422 6.0
423 7.5
424 8.5
425 8.5
426 6.5
427 5.5
428 7.0
429 7.5
430 6.0
431 5.5
432 6.0
433 6.5
434 6.5
435 3.5
436 2.0
437 3.0
438 3.0
439 3.5
440 3.0
441 2.0
442 1.5
443 1.0
444 2.0
445 5.0
446 6.0
447 4.5
448 3.5
449 4.0
450 4.0
451 3.0
452 3.0
453 3.0
454 2.0
455 3.5
456 6.0
457 5.0
458 4.0
459 5.5
460 7.0
461 7.0
462 6.5
463 7.0
464 9.5
465 10.0
466 7.0
467 5.0
468 6.0
469 9.0
470 11.5
471 9.0
472 9.0
473 14.5
474 19.5
475 21.5
476 23.0
477 28.5
478 28.5
479 27.5
480 20.0
481 12.5
482 15.5
483 14.0
484 14.5
485 18.0
486 23.5
487 27.5
488 24.0
489 23.0
490 25.0
491 28.5
492 31.5
493 20.5
494 12.0
495 20.5
496 30.0
497 35.5
498 39.0
499 40.5
500 32.5
501 30.0
502 35.5
503 37.0
504 40.0
505 46.0
506 44.0
507 30.5
508 19.0
509 19.0
510 18.5
511 14.0
512 13.0
513 16.5
514 16.5
515 14.0
516 17.5
517 20.0
518 24.0
519 26.0
520 21.5
521 21.5
522 25.5
523 28.0
524 22.5
525 23.5
526 28.5
527 25.5
528 22.0
529 26.0
530 30.5
531 22.0
532 27.0
533 26.0
534 17.0
535 20.0
536 17.0
537 19.5
538 24.0
539 25.5
540 26.5
541 17.0
542 11.0
543 14.0
544 17.0
545 19.0
546 15.5
547 13.5
548 14.5
549 10.0
550 10.0
551 12.0
552 7.5
553 6.0
554 12.0
555 11.0
556 8.5
557 10.0
558 9.0
559 8.5
560 8.0
561 9.0
562 10.0
563 7.5
564 7.0
565 7.5
566 6.5
567 11.0
568 14.0
569 11.5
570 11.0
571 8.0
572 5.5
573 8.0
574 8.0
575 8.0
576 9.5
577 9.0
578 9.0
579 10.5
580 12.0
581 11.0
582 13.5
583 18.5
584 15.0
585 16.0
586 17.0
587 13.0
588 17.0
589 18.0
590 15.5
591 15.5
592 18.0
593 21.0
594 18.5
595 17.0
596 20.5
597 25.5
598 32.0
599 29.5
600 21.0
601 23.5
602 25.5
603 18.0
604 14.5
605 17.5
606 19.0
607 18.0
608 16.5
609 12.5
610 9.5
611 11.5
612 13.0
613 14.0
614 13.0
615 10.5
616 11.0
617 11.0
618 9.5
619 8.0
620 10.0
621 13.0
622 14.0
623 13.5
624 8.0
625 5.0
626 9.0
627 9.5
628 9.5
629 8.0
631 9.0
632 8.0
633 9.0
634 5.0
635 8.0
636 3.0
637 2.0
638 7.0
639 3.0
640 5.0
641 5.0
642 4.0
643 6.0
644 2.0
645 3.0
646 2.0
647 5.0
648 2.0
649 4.0
650 8.0
651 5.0
652 6.0
653 7.0
654 6.0
655 4.0
656 1.0
657 4.0
658 2.0
659 9.0
660 4.0
661 6.0
662 2.0
663 7.0
664 5.0
665 2.0
666 5.0
667 4.0
668 7.0
669 2.0
670 8.0
671 7.0
672 4.0
673 8.0
674 9.0
675 3.0
676 6.0
677 3.0
678 6.0
679 6.0
680 4.0
681 6.0
682 7.0
683 3.0
684 8.0
685 5.0
686 4.0
687 6.0
688 8.0
689 9.0
690 7.0
691 3.0
692 7.0
693 6.0
694 3.0
695 5.0
696 4.0
697 6.0
698 7.0
699 7.0
700 3.0
701 1.0
702 9.0
703 3.0
704 7.0
705 6.0
706 7.0
707 4.0
708 4.0
709 4.0
710 7.0
711 2.0
712 0.0
713 1.0
714 2.0
715 6.0
716 1.0
717 4.0
718 3.0
719 2.0
720 2.0
721 2.0
722 1.0
723 1.0
724 3.0
725 1.0
726 2.0
727 1.0
728 1.0
729 3.0
730 3.0
731 1.0
732 2.0
733 3.0
734 0.0
735 0.0
736 1.0
737 4.0
738 2.0
739 3.0
740 2.0
741 3.0
742 3.0
743 4.0
744 3.0
745 2.0
746 2.0
747 2.0
748 5.0
749 4.0
750 2.0
751 1.0
752 4.0
753 2.0
754 2.0
755 2.0
756 1.0
757 3.0
758 2.0
759 1.0
760 2.0
761 2.0
762 2.0
763 1.0
764 2.0
765 1.0
766 2.0
767 1.0
768 2.0
769 1.0
770 1.0
771 3.0
772 2.0
773 1.0
774 1.0
775 1.0
776 0.0
777 2.0
778 0.0
779 0.0
780 1.0
781 2.0
782 1.0
783 1.0
784 2.0
785 2.0
786 0.0
787 1.0
788 3.0
789 2.0
790 1.0
791 2.0
792 1.0
793 1.0
794 2.0
795 2.0
796 2.0
797 0.0
798 1.0
799 2.0
