0 34.0
1 38.0
2 48.0
3 40.0
4 31.0
5 30.0
6 42.0
7 50.0
8 57.0
9 63.0
10 66.0
11 60.5
12 59.5
13 60.5
14 61.0
15 56.5
16 51.5
17 58.0
18 51.0
19 55.0
20 61.5
21 56.0
22 64.0
23 66.5
24 60.5
25 57.0
26 64.0
27 68.0
28 66.5
29 62.5
30 64.0
31 73.0
32 69.5
33 75.5
34 80.5
35 62.0
36 84.5
37 102.5
38 69.0
39 53.5
40 64.0
41 66.0
42 56.5
43 41.0
44 59.5
45 69.5
46 43.0
47 59.5
48 79.5
49 68.5
50 52.5
51 38.0
52 30.0
53 34.5
54 45.0
55 50.5
56 51.0
57 49.0
58 45.5
59 44.0
60 39.5
61 40.5
62 41.5
63 23.5
64 49.0
65 86.5
66 76.0
67 65.0
68 62.5
69 67.0
70 72.0
71 65.0
72 61.5
73 58.0
74 57.0
75 54.5
76 38.0
77 46.0
78 60.0
79 54.0
80 46.5
81 49.0
82 45.0
83 39.5
84 45.5
85 40.5
86 25.5
87 24.0
88 45.0
89 72.5
90 86.0
91 95.0
92 103.5
93 102.0
94 104.5
95 106.5
96 108.0
97 107.0
98 104.5
99 104.0
100 105.0
101 98.5
102 44.5
103 6.0
104 6.5
105 2.5
106 2.0
107 1.5
108 30.5
109 85.5
110 116.5
111 105.0
112 88.5
113 80.0
114 74.5
115 82.0
116 88.5
117 93.5
118 82.5
119 63.0
120 62.0
121 56.5
122 51.5
123 72.5
124 84.5
125 72.5
126 72.0
127 97.5
128 107.0
129 84.5
130 81.0
131 81.5
132 65.5
133 52.5
134 45.0
135 43.5
136 47.0
137 40.0
138 24.5
139 31.5
140 42.5
141 41.0
142 43.5
143 40.5
144 46.0
145 61.0
146 66.5
147 50.0
148 43.0
149 56.5
150 64.0
151 65.0
152 45.5
153 50.5
154 59.5
155 56.0
156 67.5
157 60.0
158 56.0
159 59.5
160 59.0
161 57.5
162 57.0
163 56.5
164 39.5
165 39.0
166 44.5
167 45.5
168 57.5
169 70.5
170 71.0
171 65.5
172 67.5
173 62.0
174 42.5
175 18.0
176 37.5
177 62.5
178 56.5
179 56.5
180 59.0
181 56.0
182 53.0
183 49.5
184 40.0
185 49.5
186 62.5
187 48.5
188 42.5
189 49.5
190 53.5
191 56.0
192 56.5
193 60.0
194 63.0
195 59.5
196 52.0
197 55.0
198 57.5
199 55.5
200 45.5
201 48.5
202 59.5
203 41.5
204 42.5
205 50.5
206 27.5
207 17.0
208 25.5
209 41.5
210 57.0
211 55.0
212 50.5
213 46.0
214 44.0
215 39.0
216 43.0
217 48.0
218 43.0
219 51.5
220 53.5
221 40.0
222 42.5
223 36.5
224 18.5
225 33.5
226 41.0
227 37.0
228 47.5
229 60.5
230 71.5
231 74.5
232 62.0
233 51.5
234 50.5
235 50.0
236 49.5
237 45.5
238 38.5
239 35.0
240 32.0
241 45.0
242 66.0
243 56.5
244 32.5
245 52.5
246 79.5
247 59.5
248 54.0
249 54.5
250 27.5
251 13.0
252 25.0
253 35.0
254 28.5
255 18.0
256 21.0
257 27.5
258 23.0
259 30.0
260 40.0
261 29.5
262 19.5
263 18.5
264 18.5
265 20.0
266 20.5
267 16.0
268 21.5
269 31.0
270 23.5
271 18.0
272 25.0
273 25.0
274 12.5
275 20.5
276 32.5
277 25.5
278 22.0
279 16.5
280 13.0
281 17.0
282 13.5
283 13.0
284 16.5
285 12.5
286 15.0
287 15.0
288 13.5
289 16.0
290 17.5
291 17.5
292 17.0
293 21.0
294 25.5
295 29.5
296 23.0
297 17.5
298 20.0
299 22.5
300 22.5
301 18.0
302 18.5
303 20.5
304 17.0
305 14.0
306 12.5
307 14.5
308 18.5
309 23.5
310 29.5
311 29.0
312 24.0
313 23.5
314 27.5
315 31.5
316 26.0
317 15.0
318 11.5
319 17.0
320 22.0
321 18.5
322 21.0
323 25.0
324 22.0
325 19.5
326 20.0
327 23.5
328 27.0
329 26.0
330 23.5
331 21.0
332 26.0
333 24.0
334 8.5
335 5.5
336 5.5
337 7.5
338 10.5
339 9.0
340 8.0
341 7.0
342 7.0
343 7.5
344 15.5
345 23.0
346 24.0
347 22.0
348 26.0
349 30.5
350 27.5
351 20.0
352 20.5
353 24.0
354 27.5
355 31.5
356 28.5
357 26.5
358 25.5
359 24.5
360 21.5
361 25.5
362 28.5
363 19.0
364 15.0
365 23.5
366 28.0
367 22.5
368 23.0
369 22.5
370 23.0
371 29.5
372 22.5
373 14.5
374 20.0
375 24.5
376 17.0
377 18.5
378 24.0
379 21.5
380 26.0
381 35.5
382 34.5
383 25.0
384 26.5
385 30.5
386 36.5
387 43.0
388 38.0
389 34.5
390 28.5
391 12.5
392 15.5
393 39.0
394 43.0
395 31.0
396 26.5
397 29.0
398 33.5
399 35.5
400 27.0
401 24.5
402 30.0
403 29.0
404 21.5
405 19.0
406 22.5
407 24.0
408 20.0
409 13.0
410 16.5
411 19.0
412 10.0
413 5.5
414 9.5
415 6.0
416 3.0
417 7.5
418 10.0
419 5.5
420 5.5
421 9.5
422 8.5
423 11.5
424 12.5
425 6.5
426 8.0
427 12.5
428 8.5
429 8.0
430 11.0
431 9.5
432 10.0
433 11.0
434 8.5
435 8.5
436 7.0
437 3.5
438 9.0
439 11.0
440 4.0
441 3.0
442 6.5
443 8.5
444 9.5
445 9.0
446 6.5
447 2.5
448 3.5
449 7.0
450 8.5
451 10.5
452 10.5
453 10.0
454 10.0
455 11.0
456 9.5
457 4.0
458 2.5
459 5.5
460 8.0
461 7.0
462 5.5
463 5.0
464 4.5
465 4.5
466 5.5
467 7.5
468 9.0
469 10.5
470 11.0
471 10.5
472 10.0
473 11.0
474 9.5
475 10.5
476 11.0
477 11.0
478 14.5
479 13.5
480 11.5
481 13.0
482 15.0
483 16.5
484 22.0
485 21.5
486 22.0
487 29.5
488 29.5
489 28.5
490 30.0
491 30.0
492 21.5
493 25.5
494 34.0
495 25.0
496 34.0
497 45.5
498 34.5
499 17.5
500 24.0
501 28.0
502 18.0
503 14.0
504 9.5
505 14.5
506 17.5
507 29.0
508 47.0
509 42.0
510 23.5
511 21.0
512 26.5
513 26.5
514 30.0
515 33.0
516 32.0
517 23.5
518 25.5
519 20.0
520 21.5
521 22.5
522 11.0
523 12.5
524 10.0
525 12.0
526 20.0
527 26.0
528 22.5
529 13.0
530 9.5
531 12.5
532 11.5
533 13.0
534 13.5
535 9.5
536 8.5
537 8.5
538 8.5
539 11.0
540 13.5
541 11.0
542 6.5
543 6.5
544 9.0
545 9.0
546 8.0
547 10.5
548 15.5
549 17.0
550 13.5
551 13.0
552 20.0
553 25.5
554 25.0
555 26.0
556 22.5
557 11.0
558 21.0
559 33.5
560 27.0
561 34.0
562 31.5
563 24.0
564 27.5
565 26.0
566 21.5
567 24.0
568 30.0
569 24.0
570 17.0
571 20.0
572 22.0
573 25.0
574 21.5
575 14.0
576 15.5
577 14.0
578 20.5
579 28.0
580 25.0
581 18.5
582 26.5
583 32.5
584 34.5
585 32.0
586 18.5
587 16.0
588 12.5
589 7.5
590 10.0
591 12.5
592 11.5
593 10.5
594 9.0
595 7.5
596 11.0
597 19.5
598 27.0
599 26.0
600 20.5
601 23.0
602 21.5
603 9.5
604 13.0
605 26.5
606 27.0
607 25.5
608 27.5
609 22.0
610 19.0
611 20.0
612 15.0
613 16.0
614 17.5
615 17.5
616 22.0
617 17.5
618 14.0
619 12.5
620 12.5
621 15.5
622 15.5
623 16.0
624 14.5
625 15.5
626 17.5
627 14.5
628 15.5
629 15.0
630 11.5
631 14.0
632 14.5
633 9.5
634 8.5
635 10.0
636 7.0
637 3.0
638 5.0
639 9.5
640 9.5
641 9.5
642 7.5
643 6.0
644 8.5
645 7.5
646 7.5
647 10.0
648 9.5
649 9.5
650 5.5
651 4.5
652 8.5
653 7.0
654 5.0
655 7.0
656 8.0
657 8.0
658 7.5
659 7.5
660 7.5
661 4.5
662 4.5
663 7.0
664 6.5
665 5.0
666 3.5
667 2.5
668 4.5
669 7.0
670 7.0
671 5.5
672 3.0
673 4.0
674 5.5
675 3.5
676 2.5
677 3.5
678 5.0
679 6.0
680 4.5
681 5.0
682 7.0
683 7.5
684 8.5
685 8.5
686 4.5
687 1.5
688 5.0
689 7.0
690 6.0
691 7.5
692 9.0
693 7.5
694 6.5
695 6.0
696 5.5
697 7.0
698 4.5
699 5.0
700 8.5
701 4.0
702 0.5
703 1.0
704 1.0
705 1.5
706 4.0
707 3.5
708 1.5
709 3.0
710 2.5
711 1.5
712 1.5
713 1.0
714 1.5
715 1.5
716 1.0
717 1.5
718 2.0
719 3.0
720 4.5
721 5.0
722 5.5
723 5.5
724 3.5
725 3.5
726 5.5
727 5.0
728 3.5
729 4.0
730 4.0
731 3.5
732 4.0
733 2.5
734 3.0
735 4.5
736 2.5
737 3.5
738 5.0
739 4.0
740 4.0
741 4.0
742 3.5
743 3.0
744 3.0
745 4.0
746 4.5
747 3.5
748 3.0
749 3.5
750 4.5
751 5.0
752 4.0
753 2.5
754 3.0
755 2.5
756 3.0
757 3.5
758 1.5
760 3.0
761 3.0
762 3.0
763 3.0
764 2.0
765 2.0
766 2.0
767 1.0
768 2.0
769 1.0
770 2.0
771 2.0
772 1.0
773 1.0
774 3.0
775 2.0
776 2.0
777 1.0
778 0.0
779 2.0
780 2.0
781 2.0
782 2.0
783 2.0
784 2.0
