0 56.0
1 79.0
2 102.0
3 104.0
4 101.0
5 98.0
6 104.0
7 55.0
8 38.0
9 121.0
10 118.0
11 125.0
12 122.0
13 128.0
14 132.0
15 141.0
16 158.0
17 157.0
18 184.0
19 191.0
20 187.0
21 161.0
22 160.0
23 172.0
24 186.0
25 155.0
26 160.0
27 168.0
28 142.0
29 171.0
30 173.0
31 157.0
32 145.0
33 159.0
34 165.0
35 146.0
36 166.0
37 140.0
38 124.0
39 108.0
40 92.0
41 43.0
42 99.0
43 92.0
44 105.0
45 89.0
46 72.0
47 86.0
48 90.0
49 86.0
50 86.0
51 50.0
52 103.0
53 64.0
54 50.0
55 86.0
56 22.0
57 5.0
58 27.0
59 80.0
60 105.0
61 75.0
62 77.0
63 83.0
64 80.0
65 73.0
66 98.0
67 111.0
68 125.0
69 125.0
70 121.0
71 112.0
72 121.0
73 121.0
74 123.0
75 124.0
76 117.0
77 109.0
78 101.0
79 98.0
80 119.0
81 117.0
82 88.0
83 50.0
84 95.0
85 36.0
86 77.0
87 66.0
88 67.0
89 32.0
90 3.0
91 10.0
92 67.0
93 39.0
94 42.0
95 84.0
96 98.0
97 96.0
98 95.0
99 99.0
100 110.0
101 120.0
102 107.0
103 120.0
104 113.0
105 105.0
106 140.0
107 145.0
108 138.0
109 95.0
110 55.0
111 81.0
112 38.0
113 48.0
114 39.0
115 27.0
116 57.0
117 46.0
118 36.0
119 38.0
120 42.0
121 43.0
122 37.0
123 25.0
124 43.0
125 42.0
126 38.0
127 37.0
128 32.0
129 37.0
130 33.0
131 24.0
132 38.0
133 32.0
134 28.0
135 26.0
136 56.0
137 56.0
138 41.0
139 34.0
140 22.0
141 28.0
142 25.0
143 23.0
144 37.0
145 43.0
146 40.0
147 9.0
148 18.0
149 10.0
150 8.0
151 23.0
152 16.0
153 12.0
154 16.0
155 13.0
156 15.0
157 12.0
158 13.0
159 15.0
160 12.0
161 9.0
162 17.0
163 20.0
164 18.0
165 15.0
166 22.0
167 15.0
168 15.0
169 15.0
170 11.0
171 19.0
172 25.0
173 24.0
174 28.0
175 28.0
176 29.0
177 26.0
178 31.0
179 27.0
180 20.0
181 34.0
182 30.0
183 23.0
184 21.0
185 29.0
186 21.0
187 25.0
188 29.0
189 23.0
190 19.0
191 29.0
192 29.0
193 35.0
194 36.0
195 31.0
196 34.0
197 38.0
198 29.0
199 24.0
200 29.0
201 32.0
202 30.0
203 27.0
204 31.0
205 18.0
206 18.0
207 30.0
208 26.0
209 30.0
210 30.0
211 21.0
212 31.0
213 27.0
214 32.0
215 28.0
216 14.0
217 26.0
218 35.0
219 32.0
220 31.0
221 27.0
222 25.0
223 37.0
224 40.0
225 31.0
226 35.0
227 35.0
228 37.0
229 36.0
230 21.0
231 30.0
232 43.0
233 31.0
234 41.0
235 18.0
236 39.0
237 35.0
238 28.0
239 39.0
240 28.0
241 25.0
242 38.0
243 34.0
244 36.0
245 17.0
246 28.0
247 31.0
248 32.0
249 36.0
250 29.0
251 35.0
252 37.0
253 41.0
254 38.0
255 32.0
256 41.0
257 35.0
258 40.0
259 32.0
260 36.0
261 53.0
262 49.0
263 51.0
264 53.0
265 35.0
266 59.0
267 51.0
268 53.0
269 51.0
270 35.0
271 40.0
272 45.0
273 50.0
274 49.0
275 44.0
276 31.0
277 40.0
278 48.0
279 43.0
280 37.0
281 18.0
282 45.0
283 41.0
284 38.0
285 41.0
286 25.0
287 40.0
288 40.0
289 40.0
290 33.0
291 18.0
292 39.0
293 34.0
294 32.0
295 29.0
296 27.0
297 38.0
298 33.0
299 32.0
300 32.0
301 36.0
302 35.0
303 22.0
304 38.0
305 27.0
306 9.0
307 13.5
308 11.5
309 11.5
310 12.0
311 10.0
312 10.5
313 10.5
314 9.0
315 8.5
316 8.5
317 9.0
318 7.5
319 8.0
320 9.5
321 7.5
322 7.5
323 9.0
324 9.0
325 9.0
326 9.0
327 9.0
328 8.0
329 8.0
330 9.0
331 9.5
332 9.0
333 9.0
334 10.0
335 10.5
336 11.0
337 11.0
338 10.0
339 10.5
340 12.0
341 10.5
342 8.5
343 10.5
344 13.0
345 12.5
346 11.5
347 12.5
348 14.0
349 13.5
350 13.5
351 12.5
352 11.0
353 13.5
354 15.5
355 13.0
356 14.5
357 18.0
358 16.5
359 16.5
360 16.5
361 12.5
362 13.5
363 16.5
364 15.5
365 16.5
366 17.0
367 14.0
368 15.5
369 16.0
370 14.5
371 16.0
372 17.0
373 15.5
374 14.5
375 15.5
376 17.0
377 19.0
378 18.0
379 14.5
380 16.5
381 15.5
382 13.5
383 16.5
384 16.0
385 18.0
386 17.5
387 13.5
388 17.5
389 21.5
390 20.5
391 22.0
392 21.0
393 17.5
394 16.5
395 16.5
396 18.0
397 20.0
398 20.0
399 21.0
400 20.5
401 21.0
402 24.0
403 27.0
404 28.0
405 25.5
406 30.0
407 37.0
408 28.0
409 22.0
410 28.0
411 29.0
412 37.0
413 43.0
414 34.5
415 30.0
416 30.5
417 30.0
418 32.5
419 38.5
420 45.0
421 34.5
422 22.5
423 22.5
424 22.5
425 25.5
426 24.5
427 20.0
428 18.0
429 20.5
430 17.0
431 14.5
432 17.5
433 21.5
434 25.5
435 25.0
436 25.0
437 27.0
438 29.0
439 26.0
440 21.0
441 17.5
442 17.5
443 21.0
444 19.5
445 19.0
446 20.0
447 19.5
448 23.0
449 26.5
450 26.5
451 25.5
452 26.5
453 27.0
454 21.0
455 21.5
456 25.5
457 26.0
458 26.0
459 24.0
460 21.0
461 20.5
462 20.5
463 18.0
464 20.0
465 20.5
466 17.5
467 17.5
468 17.0
469 15.5
470 11.0
471 11.5
472 17.0
473 12.0
474 9.5
475 15.5
476 19.0
477 17.0
478 15.0
479 14.0
480 12.0
481 12.0
482 17.0
483 19.5
484 19.5
485 21.5
486 18.5
487 15.5
488 19.0
489 18.5
490 12.5
491 14.5
492 18.5
493 13.5
494 9.0
495 12.5
496 17.5
497 18.5
498 18.0
499 15.0
500 13.5
501 15.5
502 18.0
503 18.0
504 19.0
505 21.0
506 17.0
507 16.5
508 19.5
509 21.0
510 21.5
511 22.0
512 25.0
513 25.0
514 19.0
515 13.0
516 13.0
517 16.0
518 20.5
519 18.5
520 14.5
521 15.0
522 11.0
523 9.0
524 8.0
525 3.0
526 2.0
527 7.5
528 6.5
529 1.0
530 1.0
531 7.0
532 5.0
533 7.0
534 2.0
535 8.0
536 11.0
537 8.0
538 9.0
539 9.0
540 9.0
541 9.0
542 7.0
543 7.0
544 12.0
545 7.0
546 10.0
547 5.0
548 4.0
549 4.0
550 10.0
551 9.0
552 11.0
553 11.0
554 14.0
555 10.0
556 17.0
557 12.0
558 15.0
559 23.0
560 13.0
561 17.0
562 15.0
563 20.0
564 20.0
565 21.0
566 26.0
567 24.0
568 26.0
569 29.0
570 31.0
571 35.0
572 46.0
573 47.0
574 49.0
575 47.0
576 41.0
577 33.0
578 50.0
579 42.0
580 46.0
581 37.0
582 54.0
583 33.0
584 17.0
585 27.0
586 24.0
587 23.0
588 25.0
589 21.0
590 16.0
591 19.0
592 21.5
593 25.0
594 26.0
595 25.0
596 23.5
597 22.0
598 17.0
599 17.0
600 20.5
601 20.0
602 20.5
603 27.5
604 28.5
605 23.5
606 26.5
607 26.5
608 34.5
609 42.5
610 42.0
611 40.5
612 43.5
613 49.0
614 49.0
615 51.0
616 55.0
617 53.0
618 41.0
619 33.5
620 42.0
621 39.5
622 36.0
623 45.5
624 47.0
625 45.0
626 41.5
627 36.5
628 38.5
629 41.0
630 40.0
631 43.0
632 49.5
633 54.5
634 55.0
635 44.5
636 41.5
637 35.5
638 36.5
639 45.5
640 40.0
641 27.5
642 22.0
643 31.5
644 31.0
645 28.5
646 29.5
647 30.0
648 24.0
649 25.0
650 29.5
651 29.5
652 31.0
653 29.0
654 22.0
655 23.5
656 28.5
657 27.5
658 23.5
659 25.5
660 30.5
661 29.5
662 29.0
663 28.0
664 31.5
665 34.5
666 33.0
667 29.5
668 30.0
669 29.0
670 23.0
671 26.0
672 29.5
673 23.5
674 26.0
675 29.5
676 27.5
677 23.5
678 20.0
679 18.0
680 14.0
681 17.5
682 20.5
683 19.0
684 18.5
685 17.5
686 16.0
687 19.0
688 17.5
689 12.5
690 16.5
691 20.0
692 19.0
693 16.0
694 12.5
695 11.5
696 12.0
697 9.0
698 9.0
699 10.0
700 9.0
701 10.0
702 10.0
703 10.0
704 8.5
705 9.0
706 11.5
707 9.5
708 6.5
709 7.0
710 7.0
711 6.5
712 7.5
713 8.0
714 7.5
715 5.0
716 3.0
717 3.0
718 3.0
719 3.5
720 2.5
721 1.5
722 2.5
723 2.5
724 2.5
725 3.5
726 4.5
727 5.0
728 4.5
729 3.0
730 3.0
731 4.0
732 4.0
733 3.5
734 3.5
735 4.0
736 3.0
737 2.5
738 2.5
739 2.0
740 1.5
741 1.5
742 1.5
743 1.0
744 1.5
745 1.5
746 1.0
747 1.0
748 1.0
749 1.0
750 1.5
751 1.5
752 1.0
753 1.0
754 1.0
755 1.5
756 1.5
757 1.5
758 1.5
759 1.5
760 1.0
761 0.5
762 1.0
763 0.5
764 0.5
765 0.5
766 0.0
767 2.5
768 14.0
769 24.0
770 22.0
771 20.5
772 23.0
773 22.5
774 26.5
775 29.0
776 24.5
777 26.0
778 23.5
779 19.5
780 19.5
781 19.5
782 23.5
783 23.5
784 22.5
785 28.5
786 38.0
787 39.5
788 35.0
789 33.0
790 34.0
791 34.5
792 29.5
793 36.5
794 45.5
795 44.0
796 37.5
797 36.5
798 42.5
799 40.0
