0 35.5
1 40.0
2 36.0
3 20.5
4 26.5
5 36.0
6 32.0
7 33.0
8 34.0
9 37.0
10 42.5
11 43.5
12 32.0
13 34.5
14 45.5
15 36.5
16 41.0
17 48.0
18 47.5
19 51.0
20 38.5
21 35.5
22 41.0
23 35.5
24 31.0
25 32.5
26 35.5
27 38.5
28 39.0
29 38.0
30 38.5
31 32.5
32 33.0
33 35.5
34 35.5
35 45.0
36 51.0
37 49.5
38 35.5
39 37.0
40 46.0
41 41.0
42 52.0
43 48.0
44 32.0
45 48.0
46 34.0
47 25.0
48 35.0
49 67.0
50 45.0
51 32.0
52 80.0
53 74.0
54 64.0
55 41.0
56 41.0
57 33.0
58 36.0
59 39.0
60 36.0
61 42.0
62 39.0
63 43.0
64 40.0
65 27.0
66 27.0
67 33.0
68 29.0
69 42.0
70 58.0
71 67.0
72 62.0
73 55.0
74 56.0
75 55.0
76 27.0
77 17.0
78 41.0
79 32.0
80 44.0
81 35.0
82 15.0
83 28.0
84 21.0
85 24.0
86 34.0
87 38.0
88 40.0
89 36.0
90 33.0
91 26.0
92 24.0
93 12.0
94 27.0
95 19.0
96 33.0
97 39.0
98 84.0
99 62.0
100 82.0
101 81.0
102 61.0
103 61.0
104 83.0
105 113.0
106 108.0
107 101.0
108 116.0
109 85.0
110 46.0
111 21.0
112 9.0
113 18.0
114 10.0
115 26.0
116 10.0
117 62.0
118 140.0
119 133.0
120 118.0
121 79.0
122 70.0
123 71.0
124 52.0
125 69.0
126 97.0
127 97.0
128 108.0
129 113.0
130 103.0
131 102.0
132 81.0
133 80.0
134 107.0
135 92.0
136 93.0
137 104.0
138 92.0
139 74.0
140 74.0
141 76.0
142 48.0
143 34.0
144 30.0
145 50.0
146 29.0
147 31.0
148 38.0
149 34.0
150 39.0
151 43.0
152 65.0
153 60.0
154 58.0
155 53.0
156 57.0
157 51.0
158 51.0
159 38.0
160 28.0
161 83.0
162 70.0
163 51.0
164 38.0
165 10.0
166 42.0
167 31.0
168 38.0
169 38.0
170 39.0
171 40.0
172 25.0
173 74.0
174 43.0
175 29.0
176 36.0
177 39.0
178 30.0
179 26.0
180 19.0
181 19.0
182 26.0
183 20.0
184 35.0
185 53.0
186 58.0
187 56.0
188 58.0
189 59.0
190 57.0
191 58.5
192 59.5
193 59.0
194 59.0
195 61.5
196 57.5
197 50.0
198 52.5
199 57.5
200 58.0
201 61.0
202 63.0
203 63.5
204 66.0
205 66.5
206 65.0
207 59.0
208 52.5
209 60.5
210 64.0
211 59.0
212 50.0
213 45.0
214 44.5
215 39.5
216 38.5
217 40.5
218 48.0
219 50.0
220 60.5
221 62.5
222 49.0
223 46.5
224 46.5
225 49.5
226 53.5
227 42.5
228 41.0
229 51.0
230 67.0
231 85.0
232 95.5
233 101.5
234 97.0
235 98.5
236 87.5
237 58.0
238 47.5
239 60.0
240 64.0
241 58.5
242 54.0
243 59.5
244 59.0
245 56.5
246 72.0
247 87.5
248 88.0
249 83.0
250 90.5
251 96.0
252 87.0
253 65.0
254 62.0
255 70.5
256 62.5
257 51.0
258 51.0
259 55.5
260 49.5
261 34.0
262 28.5
263 35.0
264 32.0
265 34.0
266 37.5
267 27.0
268 25.0
269 28.0
270 26.0
271 26.5
272 24.0
273 25.5
274 23.5
275 21.5
276 22.5
277 21.0
278 21.0
279 20.5
280 22.5
281 23.5
282 17.0
283 22.0
284 28.5
285 22.0
286 19.5
287 20.0
288 18.0
289 16.0
290 19.5
291 21.5
292 14.5
293 15.0
294 18.0
295 12.0
296 14.5
297 18.0
298 17.0
299 13.0
300 10.0
301 10.0
302 10.5
303 19.5
304 30.5
305 31.0
306 25.5
307 25.0
308 26.0
309 28.5
310 33.0
311 34.0
312 33.0
313 32.0
314 35.0
315 32.0
316 38.5
317 47.0
318 43.0
319 39.5
320 29.5
321 29.5
322 38.5
323 36.5
324 27.5
325 29.0
326 36.0
327 36.5
328 33.0
329 33.5
330 37.5
331 42.0
332 37.0
333 27.0
334 30.5
335 34.5
336 39.0
337 41.0
338 28.0
339 21.0
340 33.0
341 64.5
342 92.0
343 95.0
344 86.5
345 85.0
346 93.0
347 103.0
348 106.5
349 96.5
350 93.0
351 98.5
352 100.0
353 110.5
354 118.5
355 113.0
356 113.5
357 104.5
358 127.5
359 144.5
360 125.0
361 124.5
362 121.5
363 134.5
364 139.5
365 123.0
366 119.0
367 114.5
368 107.0
369 104.5
370 96.5
371 92.0
372 88.5
373 90.0
374 90.0
375 65.5
376 69.5
377 81.0
378 72.0
379 68.0
380 61.0
381 62.0
382 62.0
383 47.0
384 52.5
385 56.5
386 51.5
387 75.5
388 74.5
389 60.5
390 53.5
391 61.0
392 70.0
393 60.0
394 63.0
395 74.5
396 86.0
397 84.0
398 83.0
399 76.5
400 69.5
401 75.0
402 86.0
403 89.0
404 84.0
405 90.0
406 96.0
407 90.0
408 81.5
409 72.5
410 72.0
411 88.5
412 94.0
413 86.0
414 80.5
415 77.5
416 74.5
417 77.5
418 68.0
419 52.5
420 60.5
421 68.5
422 66.5
423 51.0
424 36.5
425 42.5
426 45.5
427 49.0
428 49.0
429 43.5
430 42.0
431 43.5
432 45.0
433 42.0
434 44.0
435 41.0
436 32.5
437 39.0
438 40.5
439 34.5
440 38.5
441 42.0
442 43.0
443 38.0
444 30.0
445 32.5
446 33.0
447 30.5
448 31.0
449 29.0
450 25.0
451 28.0
452 32.0
453 29.0
454 25.5
455 18.0
456 10.0
457 6.5
458 11.0
459 14.0
460 13.5
461 14.0
462 13.0
463 12.5
464 11.0
465 11.0
466 12.5
467 13.5
468 12.5
469 13.5
470 15.0
471 11.0
472 10.0
473 28.0
474 43.0
475 42.5
476 44.5
477 47.5
478 47.5
479 47.5
480 49.5
481 46.5
482 37.5
483 34.0
484 45.0
485 57.5
486 68.0
487 76.5
488 80.5
489 85.0
490 79.0
491 85.5
492 89.5
493 80.5
494 87.0
495 90.5
496 80.5
497 82.5
498 87.0
499 74.0
500 69.0
501 71.5
502 77.5
503 88.0
504 94.5
505 92.5
506 91.0
507 96.5
508 103.5
509 102.0
510 97.0
511 85.5
512 95.0
513 108.0
514 92.5
515 83.0
516 86.5
517 95.0
518 111.0
519 121.5
520 123.0
521 118.0
522 111.0
523 114.5
524 125.0
525 126.5
526 119.0
527 116.0
528 108.5
529 102.0
530 103.0
531 95.0
532 92.5
533 104.5
534 109.0
535 103.0
536 105.0
537 104.5
538 88.0
539 83.5
540 85.5
541 84.0
542 83.0
543 72.0
544 58.5
545 66.0
546 71.0
547 67.5
548 65.5
549 65.0
550 67.0
551 67.5
552 63.5
553 58.5
554 56.5
555 52.5
556 53.0
557 41.0
558 35.5
559 41.5
560 27.5
561 50.0
562 84.5
563 78.0
564 74.0
565 83.0
566 86.5
567 84.0
568 81.0
569 79.5
570 79.5
571 79.5
572 90.0
573 96.5
574 96.5
575 89.5
576 74.5
577 59.0
578 61.5
579 70.0
580 69.0
581 77.5
582 74.5
583 80.5
584 92.5
585 81.5
586 74.5
587 76.5
588 72.0
589 64.0
590 71.5
591 75.0
592 72.0
593 76.0
594 61.5
595 53.5
596 59.5
597 45.0
598 47.5
599 59.0
600 52.0
601 48.5
602 36.0
603 25.0
604 35.0
605 41.0
606 31.0
607 26.5
608 25.5
609 25.5
610 31.5
611 32.0
612 29.5
613 29.5
614 22.5
615 14.0
616 19.0
617 29.5
618 34.5
619 34.0
620 26.5
621 17.5
622 17.5
623 14.5
624 10.5
625 14.5
626 16.0
627 16.5
628 19.5
629 19.0
630 18.5
631 18.0
632 14.0
633 14.5
634 14.5
635 13.0
636 13.5
637 12.0
638 13.0
639 14.0
640 11.5
641 11.5
642 12.0
643 11.0
644 12.5
645 13.5
646 12.5
647 11.0
648 8.0
649 9.0
650 10.5
651 7.0
652 6.0
653 8.5
654 9.5
655 8.5
656 8.0
657 7.0
658 7.0
659 6.5
660 7.5
661 9.0
662 8.5
663 8.5
664 8.5
665 8.5
666 7.5
667 6.0
668 5.5
669 7.0
670 7.0
671 5.5
672 6.5
673 8.0
674 7.5
675 7.0
676 5.5
677 7.5
678 10.0
679 10.5
680 11.5
681 8.5
682 8.0
683 9.5
684 9.0
685 6.5
686 6.0
687 8.0
688 7.5
689 7.5
690 8.0
691 8.0
692 7.5
693 6.0
694 4.5
695 4.5
696 6.5
697 7.5
698 6.5
699 7.0
700 7.0
701 6.0
702 8.0
703 9.0
704 6.0
705 7.0
706 9.0
707 8.0
708 8.5
709 8.5
710 7.0
711 6.5
712 7.5
713 7.5
714 7.0
715 8.0
716 8.0
717 7.5
718 8.0
719 8.5
720 6.5
721 5.0
722 6.0
723 6.0
724 6.0
725 5.5
726 4.5
727 4.5
728 5.0
729 6.0
730 6.0
731 6.0
732 6.5
733 4.5
734 5.0
735 6.0
736 4.5
737 4.5
738 5.0
739 5.0
740 5.5
741 5.5
742 3.5
743 4.0
744 4.5
745 2.0
746 1.5
747 2.5
748 2.5
749 2.0
750 2.0
751 2.0
752 2.0
753 2.5
754 2.5
755 2.5
756 3.0
757 2.0
758 3.0
759 4.0
760 2.5
761 2.5
762 2.5
763 2.5
764 3.0
765 2.5
766 3.0
767 3.0
768 2.5
769 3.0
770 2.0
771 2.0
772 2.5
773 2.0
774 2.0
775 2.0
776 2.0
777 2.0
778 2.0
779 2.5
780 2.5
781 1.5
782 1.5
783 1.5
784 1.5
785 1.5
786 0.5
787 0.5
788 1.5
789 1.5
790 1.5
791 2.0
792 1.5
793 1.0
794 2.0
795 3.0
796 2.5
797 16.5
